0.31600049138069153
0.24832214415073395
0.20758594572544098
0.19574645161628723
0.18762312829494476
0.16746662557125092
0.13791052997112274
0.15383540093898773
0.13440559804439545
0.14810751378536224
0.1496116667985916
0.12786144018173218
0.12894438207149506
0.11472110450267792
0.1540369689464569
0.15384387969970703
0.12488261610269547
0.13971564173698425
0.1338515430688858
0.14048877358436584
0.14020515978336334
0.14562185108661652
0.12416920810937881
0.14562398195266724
0.14383593201637268
0.16279681026935577
0.1542079597711563
0.13198553025722504
0.12120004743337631
0.15538081526756287
0.13805656135082245
0.13082699477672577
0.12221784889698029
0.13028307259082794
0.15621355175971985
0.14289210736751556
0.12428019940853119
0.15579023957252502
0.13694263994693756
0.12482254207134247
0.13548552989959717
0.1353181153535843
0.14376357197761536
0.12512607872486115
0.1355980783700943
0.12583842873573303
0.14372891187667847
0.13190247118473053
0.1341322362422943
0.13105976581573486
0.13399651646614075
0.13965924084186554
0.12563949823379517
0.14409945905208588
0.1235055923461914
0.14632396399974823
0.14473919570446014
0.1340232491493225
0.1294170618057251
0.12816771864891052
0.13876421749591827
0.14274825155735016
0.1351011097431183
0.1563706398010254
0.1252848505973816
0.1431722640991211
0.152566060423851
0.14150092005729675
0.14403507113456726
0.14445728063583374
0.1465875208377838
0.14166522026062012
0.14136099815368652
0.14623863995075226
0.14758241176605225
0.13091865181922913
0.12150048464536667
0.13344518840312958
0.1323113888502121
0.13668228685855865
0.12559932470321655
0.13026870787143707
0.13943146169185638
0.15078595280647278
0.12374940514564514
0.1319171041250229
0.14881157875061035
0.12898710370063782
0.13794131577014923
0.14520831406116486
0.12114959210157394
0.13346092402935028
0.13189946115016937
0.14862261712551117
0.1363651007413864
0.12516026198863983
0.15160611271858215
0.11984286457300186
0.12691856920719147
0.14078891277313232
0.12473171204328537
0.1300574094057083
0.13585466146469116
0.156322181224823
0.12326793372631073
0.1403629183769226
0.1291961371898651
0.15132270753383636
0.12677517533302307
0.1392941176891327
0.13727077841758728
0.12890030443668365
0.12829498946666718
0.1554911732673645
0.14880546927452087
0.14831969141960144
0.1367051750421524
0.1287820041179657
0.12259238958358765
0.13440187275409698
0.13985154032707214
0.1472690850496292
0.1455555260181427
0.131961390376091
0.15876547992229462
0.14892534911632538
0.12793715298175812
0.11788524687290192
0.13529141247272491
0.1435563564300537
0.13003088533878326
0.138700470328331
0.1378689557313919
0.12351246178150177
0.15611855685710907
0.1266254037618637
0.1362491101026535
0.12870047986507416
0.12260766327381134
0.16649368405342102
0.1463262140750885
0.15262016654014587
0.133599653840065
0.1487964540719986
0.1240825429558754
0.13490962982177734
0.14288845658302307
0.14528882503509521
0.13606257736682892
0.15321776270866394
