-0.0001020 
-0.0001645 
-0.0001035 
0.2065488 
0.1466573 
0.4774595 
0.9945736 
0.9964681 
0.9956028 
1.0000000 
0.9974233 
0.9946760 
0.9912673 
0.9897682 
0.9882156 
0.9881627 
0.9885379 
0.9919815 
0.9893338 
0.9890747 
0.9895979 
0.9787391 
0.9734313 
0.9637321 
0.9617205 
0.9580953 
0.9599578 
0.9658972 
0.9664856 
0.9713644 
0.9717845 
0.9701791 
0.9699662 
0.9700450 
0.9641710 
0.9621193 
0.9582170 
0.9586150 
0.9596523 
0.9621316 
0.9613086 
0.9631479 
0.9625785 
0.9697670 
0.9726296 
0.9759114 
0.9786377 
0.9817202 
0.9840966 
0.9789611 
0.9728677 
0.9635640 
0.9551841 
0.9499734 
0.9498681 
0.9529340 
0.9592870 
0.9621754 
0.9636704 
0.9609951 
0.9531326 
0.9437893 
0.9361734 
0.9420989 
0.9389702 
0.9409726 
0.9430545 
0.9391864 
0.9431591 
0.9432975 
0.9466764 
0.9455884 
0.9435007 
0.9426657 
0.9408243 
0.9325245 
0.9326634 
0.9294459 
0.9304340 
0.9268506 
0.9286798 
0.9354429 
0.9356915 
0.9325578 
0.9271569 
0.9209017 
0.9175700 
0.9124072 
0.9144023 
0.9163658 
0.9239612 
0.9240176 
0.9271563 
0.9270369 
0.9223335 
0.9248771 
0.9246997 
0.9249094 
0.9236886 
0.9230821 
0.9228226 
0.9227470 
0.9180037 
0.9242579 
0.9171092 
0.9141820 
0.9154752 
0.9202615 
0.9256673 
0.9227259 
0.9215802 
0.9153923 
0.9151640 
0.9150051 
0.9126678 
0.9187055 
0.9177946 
0.9163995 
0.9141179 
0.9069199 
0.9062396 
0.9030754 
0.9011539 
0.9021340 
0.9043568 
0.9022164 
0.9070548 
0.9088716 
0.9066396 
0.9092733 
0.9137117 
0.9205703 
0.9193117 
0.9153284 
0.9110432 
0.9043235 
0.8967603 
0.8927051 
0.8919321 
0.8992653 
0.9054360 
0.9079824 
0.9113286 
0.9123981 
0.9085374 
0.9052210 
0.9035702 
0.8963378 
0.8934687 
0.8928598 
0.8931815 
0.8870096 
0.8832965 
0.8861903 
0.8936223 
0.8940959 
0.8974995 
0.8948175 
0.8915086 
0.8902657 
0.8860521 
0.8858389 
0.8800013 
0.8783204 
0.8800068 
0.8837523 
0.8921176 
0.8952560 
0.8907364 
0.8875112 
0.8873922 
0.8879596 
0.8832659 
0.8815474 
0.8801135 
0.8789025 
0.8773544 
0.8765203 
0.8709364 
0.8709235 
0.8731576 
0.8781209 
0.8750285 
0.8784751 
0.8775939 
0.8788574 
0.8792125 
0.8729861 
0.8658580 
0.8659642 
0.8570022 
0.8555081 
0.8509263 
0.8492899 
0.8548719 
0.8644568 
0.8637769 
0.8614421 
0.8525329 
0.8489037 
0.8430254 
0.8418293 
0.8390182 
0.8395698 
0.8399777 
0.8439011 
0.8498373 
0.8570542 
0.8621068 
0.8599132 
0.8569716 
0.8532581 
0.8502414 
0.8436483 
0.8434249 
0.8462479 
0.8500528 
0.8522734 
0.8565297 
0.8569624 
0.8571284 
0.8558902 
0.8521717 
0.8490437 
0.8465589 
0.8488689 
0.8449671 
0.8518236 
0.8534826 
0.8566843 
0.8572002 
0.8531768 
0.8497587 
0.8531240 
0.8567449 
0.8527878 
0.8553555 
0.8494396 
0.8566699 
0.8671440 
0.8798844 
0.8784166 
0.8743926 
0.8638340 
0.8589941 
0.8634435 
0.8652275 
0.8731623 
0.8783102 
0.8775089 
0.8764254 
0.8668511 
0.8600807 
0.8518587 
0.8454855 
0.8432313 
0.8405648 
0.8454719 
0.8472576 
0.8423963 
0.8402954 
0.8333593 
0.8173728 
0.8045522 
0.7957926 
0.7901371 
0.7956777 
0.7994337 
0.8040680 
0.8049972 
0.8047869 
0.8058462 
0.8055806 
0.8032639 
0.8025917 
0.8035333 
0.8021398 
0.8103550 
0.8145234 
0.8141506 
0.8159755 
0.8097958 
0.8076773 
0.8049747 
0.8074640 
0.8144091 
0.8159304 
0.8215869 
0.8268555 
0.8239063 
0.8139024 
0.8030628 
0.7946303 
0.7887087 
0.7833193 
0.7802410 
0.7825695 
0.7869392 
0.7988282 
0.8005114 
0.8060270 
0.8089649 
0.8027748 
0.8066146 
0.8030580 
0.8037830 
0.8018600 
0.8008037 
0.8008181 
0.8049725 
0.8002724 
0.7911526 
0.7873394 
0.7827320 
0.7812227 
0.7812078 
0.7855373 
0.7892476 
0.7908447 
0.7952538 
0.7932547 
0.7852521 
0.7752762 
0.7708701 
0.7690555 
0.7710164 
0.7797485 
0.7854242 
0.7917518 
0.7951140 
0.7919914 
0.7841952 
0.7694760 
0.7594543 
0.7490567 
0.7441880 
0.7384529 
0.7286739 
0.7232170 
0.7295787 
0.7285016 
0.7316776 
0.7362403 
0.7373053 
0.7406812 
0.7404044 
0.7370177 
0.7392505 
0.7404077 
0.7420335 
0.7390908 
0.7422470 
0.7428310 
0.7442984 
0.7393867 
0.7446668 
0.7497842 
0.7541138 
0.7533552 
0.7599589 
0.7632612 
0.7691614 
0.7688727 
0.7655234 
0.7670192 
0.7644332 
0.7645429 
0.7649203 
0.7627447 
0.7546627 
0.7470310 
0.7366899 
0.7393677 
0.7408752 
0.7443729 
0.7466390 
0.7475930 
0.7484133 
0.7508170 
0.7474006 
0.7398856 
0.7332703 
0.7290072 
0.7259260 
0.7254949 
0.7256086 
0.7312924 
0.7349786 
0.7438620 
0.7511816 
0.7581558 
0.7599888 
0.7610723 
0.7627372 
0.7651901 
0.7649967 
0.7700282 
0.7670073 
0.7687441 
0.7671934 
0.7645698 
0.7661711 
0.7632756 
0.7590465 
0.7565898 
0.7543965 
0.7569838 
0.7575799 
0.7572997 
0.7495582 
0.7481107 
0.7463780 
0.7417196 
0.7341021 
0.7369314 
0.7446629 
0.7401503 
0.7422618 
0.7409413 
0.7385776 
0.7330795 
0.7311143 
0.7329649 
0.7360096 
0.7325862 
0.7373942 
0.7412428 
0.7505778 
0.7507867 
0.7507284 
0.7484940 
0.7417336 
0.7409437 
0.7349473 
0.7324949 
0.7243459 
0.7194170 
0.7140455 
0.7165057 
0.7217048 
0.7243199 
0.7300506 
0.7263247 
0.7255024 
0.7313219 
0.7285508 
0.7246249 
0.7167083 
0.7120912 
0.7080698 
0.7083537 
0.7048701 
0.7060619 
0.7130542 
0.7210044 
0.7260400 
0.7253041 
0.7261811 
0.7254580 
0.7208387 
0.7188215 
0.7087188 
0.7023115 
0.6986964 
0.6868693 
0.6845456 
0.6824713 
0.6912855 
0.6982908 
0.7098898 
0.7152994 
0.7175604 
0.7163458 
0.7123228 
0.7009573 
0.6957725 
0.6901445 
0.6839877 
0.6826107 
0.6803559 
0.6839567 
0.6896735 
0.6934634 
0.7097249 
0.7245593 
0.7369816 
0.7494889 
0.7599570 
0.7594554 
0.7541263 
0.7465510 
0.7337026 
0.7211623 
0.7107021 
0.6975866 
0.6865131 
0.6828916 
0.6754131 
0.6765118 
0.6780782 
0.6812378 
0.6990976 
0.7013395 
0.7068040 
0.7118772 
0.7127090 
0.7129789 
0.7067278 
0.6963636 
0.6890978 
0.6771145 
0.6723998 
0.6682827 
0.6692609 
0.6699012 
0.6754598 
0.6845856 
0.6917267 
0.6989539 
0.7074653 
0.7106839 
0.7106993 
0.7094169 
0.7059067 
0.6980331 
0.6823504 
0.6642584 
0.6483505 
0.6315512 
0.6246642 
0.6226036 
0.6259191 
0.6364873 
0.6491503 
0.6648295 
0.6775749 
0.6812205 
0.6885503 
0.6963397 
0.6884969 
0.6800411 
0.6802286 
0.6676692 
0.6586807 
0.6545199 
0.6544947 
0.6561262 
0.6661533 
0.6793844 
0.6941758 
0.7110347 
0.7189414 
0.7343040 
0.7300380 
0.7293156 
0.7122214 
0.6999891 
0.6856959 
0.6670948 
0.6497445 
0.6381191 
0.6317316 
0.6297326 
0.6360435 
0.6478791 
0.6629015 
0.6767996 
0.6838550 
0.6952931 
0.7052143 
0.7082324 
0.6995079 
0.6938035 
0.6809181 
0.6642442 
0.6466552 
0.6347032 
0.6303661 
0.6276844 
0.6235781 
0.6307301 
0.6437787 
0.6553346 
0.6678360 
0.6803903 
0.6835331 
0.6876889 
0.6810526 
0.6716780 
0.6626827 
0.6474082 
0.6278407 
0.6167947 
0.6118503 
0.6112764 
0.6093100 
0.6172726 
0.6274702 
0.6359925 
0.6437433 
0.6562820 
0.6650871 
0.6686422 
0.6692196 
0.6730700 
0.6715639 
0.6650209 
0.6588498 
0.6548611 
0.6496091 
0.6419687 
0.6406887 
0.6364088 
0.6363829 
0.6291971 
0.6236950 
0.6228465 
0.6290729 
0.6334340 
0.6422306 
0.6488303 
0.6525837 
0.6507024 
0.6544588 
0.6519002 
0.6470587 
0.6391710 
0.6370580 
0.6367421 
0.6376622 
0.6422567 
0.6429189 
0.6448583 
0.6446829 
0.6385330 
0.6406280 
0.6414530 
0.6344079 
0.6360544 
0.6447942 
0.6505324 
0.6532592 
0.6520020 
0.6436144 
0.6366288 
0.6287863 
0.6186702 
0.6106458 
0.6030778 
0.6078653 
0.6089326 
0.6009865 
0.6055819 
0.6079895 
0.6146579 
0.6187895 
0.6154625 
0.6063135 
0.5973884 
0.5864368 
0.5778265 
0.5703004 
0.5726211 
0.5838298 
0.5894335 
0.5871962 
0.5910521 
0.5957988 
0.5993204 
0.6060400 
0.6120734 
0.6170248 
0.6285537 
0.6321611 
0.6395648 
0.6400043 
0.6302097 
0.6200651 
0.6079687 
0.5909114 
0.5819702 
0.5779389 
0.5663356 
0.5711080 
0.5756149 
0.5874423 
0.5896587 
0.5872502 
0.5955087 
0.5988960 
0.5907562 
0.5830251 
0.5829312 
0.5808267 
0.5805524 
0.5737379 
0.5628959 
0.5484091 
0.5438657 
0.5336568 
0.5335253 
0.5336650 
0.5425104 
0.5555076 
0.5723305 
0.5884853 
0.6107783 
0.6275676 
0.6399917 
0.6534978 
0.6568550 
0.6512595 
0.6426356 
0.6284833 
0.6140578 
0.5940476 
0.5778629 
0.5684163 
0.5624087 
0.5563001 
0.5514535 
0.5493923 
0.5507117 
0.5556095 
0.5626665 
0.5683081 
0.5710058 
0.5760808 
0.5687160 
0.5628828 
0.5496524 
0.5348549 
0.5180731 
0.5080084 
0.4999082 
0.4970898 
0.5051461 
0.5093181 
0.5238139 
0.5439564 
0.5675056 
0.5900881 
0.6143360 
0.6349077 
0.6493509 
0.6503527 
0.6539965 
0.6442337 
0.6349817 
0.6194495 
0.6046787 
0.5932078 
0.5749514 
0.5573867 
0.5453817 
0.5375409 
0.5263879 
0.5169192 
0.5152681 
0.5176514 
0.5138536 
0.5167748 
0.5172697 
0.5203873 
0.5162208 
0.5119331 
0.5073188 
0.5131567 
0.5043007 
0.5028827 
0.5000512 
0.5007023 
0.5077353 
0.5192241 
0.5353409 
0.5491124 
0.5686912 
0.5847320 
0.6004426 
0.6096107 
0.6201961 
0.6227510 
0.6348624 
0.6281266 
0.6233083 
0.6197464 
0.6102522 
0.6004010 
0.5989125 
0.5913148 
0.5768905 
0.5681965 
0.5520964 
0.5389545 
0.5209664 
0.5045148 
0.4988556 
0.4910891 
0.4792462 
0.4728822 
0.4704575 
0.4690445 
0.4592496 
0.4518136 
0.4514872 
0.4472206 
0.4572170 
0.4574301 
0.4553874 
0.4596833 
0.4696685 
0.4815865 
0.4932272 
0.4983054 
0.5111802 
0.5229909 
0.5318341 
0.5424468 
0.5479967 
0.5574731 
0.5624300 
0.5655659 
0.5648037 
0.5698893 
0.5701119 
0.5623019 
0.5628324 
0.5546597 
0.5501683 
0.5463375 
0.5337728 
0.5277326 
0.5160771 
0.5077100 
0.4975012 
0.4903442 
0.4885420 
0.4845695 
0.4844069 
0.4817832 
0.4755449 
0.4759915 
0.4780277 
0.4784446 
0.4793977 
0.4872057 
0.4904339 
0.4985356 
0.5020358 
0.4996118 
0.5082710 
0.5061765 
0.4992449 
0.5038032 
0.5015099 
0.5055300 
0.5111016 
0.5125100 
0.5218769 
0.5214398 
0.5272015 
0.5305952 
0.5342916 
0.5408680 
0.5453460 
0.5462405 
0.5441233 
0.5425529 
0.5319074 
0.5226388 
0.5224649 
0.5179137 
0.5108397 
0.5057866 
0.5013828 
0.5016670 
0.4968186 
0.4970545 
0.4923729 
0.4975112 
0.4965811 
0.4938436 
0.4914701 
0.4896701 
0.4903622 
0.4885965 
0.4917719 
0.4888082 
0.4959352 
0.4906909 
0.4892577 
0.4841273 
0.4823420 
0.4804867 
0.4793844 
0.4729820 
0.4743472 
0.4604486 
0.4718093 
0.4747953 
0.4816981 
0.4834841 
0.4856561 
0.4864037 
0.4853410 
0.4870625 
0.4855835 
0.4850846 
0.4873685 
0.4908386 
0.4908705 
0.4907824 
0.4901430 
0.4935716 
0.4992548 
0.4928916 
0.4961880 
0.5016465 
0.5066842 
0.5091112 
0.5047535 
0.4939177 
0.4874337 
0.4832718 
0.4759259 
0.4754389 
0.4713174 
0.4734495 
0.4712779 
0.4660927 
0.4719257 
0.4688795 
0.4682442 
0.4824235 
0.4878886 
0.4896393 
0.4919851 
0.4938326 
0.4924960 
0.4938553 
0.4879119 
0.4806529 
0.4799241 
0.4733248 
0.4658139 
0.4588316 
0.4508895 
0.4470365 
0.4491281 
0.4519464 
0.4516175 
0.4470947 
0.4394923 
0.4416293 
0.4480854 
0.4578147 
0.4654153 
0.4634182 
0.4609019 
0.4639057 
0.4706642 
0.4742474 
0.4707740 
0.4629614 
0.4605371 
0.4640966 
0.4646351 
0.4554378 
0.4536910 
0.4517729 
0.4482835 
0.4505457 
0.4487877 
0.4542980 
0.4550899 
0.4604140 
0.4604902 
0.4576074 
0.4568401 
0.4609591 
0.4653840 
0.4699255 
0.4671633 
0.4619598 
0.4581859 
0.4592319 
0.4552857 
0.4538308 
0.4500445 
0.4461261 
0.4359904 
0.4224503 
0.4261545 
0.4197324 
0.4139684 
0.4159169 
0.4152430 
0.4200672 
0.4206592 
0.4237244 
0.4254339 
0.4237571 
0.4241283 
0.4248871 
0.4206964 
0.4174208 
0.4184752 
0.4151274 
0.4150538 
0.4153111 
0.4172665 
0.4196359 
0.4169385 
0.4126452 
0.4104515 
0.4113721 
0.4108241 
0.4114750 
0.4124234 
0.4133048 
0.4122209 
0.4165857 
0.4230280 
0.4195104 
0.4207631 
0.4261457 
0.4335175 
0.4344418 
0.4345185 
0.4400085 
0.4440101 
0.4430024 
0.4351431 
0.4277308 
0.4220755 
0.4103583 
0.4093259 
0.4073718 
0.4079144 
0.4057180 
0.4015225 
0.3974044 
0.3947430 
0.3973821 
0.3938215 
0.3903728 
0.3952269 
0.3949579 
0.4000215 
0.3979981 
0.4028594 
0.4043074 
0.4079805 
0.4079400 
0.4200604 
0.4208158 
0.4179179 
0.4169589 
0.4160554 
0.4116582 
0.4090013 
0.4029817 
0.3970800 
0.3972406 
0.3983339 
0.3969299 
0.3987059 
0.3967723 
0.3913041 
0.3871239 
0.3916034 
0.3961085 
0.3982310 
0.4015948 
0.3972904 
0.3966792 
0.3923885 
0.3824168 
0.3751623 
0.3743977 
0.3709634 
0.3786090 
0.3748804 
0.3794816 
0.3804741 
0.3824306 
0.3879488 
0.3912734 
0.3883767 
0.3912464 
0.3896894 
0.3925550 
0.3862772 
0.3813181 
0.3771496 
0.3744969 
0.3691495 
0.3629610 
0.3600447 
0.3616915 
0.3640177 
0.3659779 
0.3678635 
0.3634462 
0.3640236 
0.3587862 
0.3616562 
0.3660839 
0.3683492 
0.3682876 
0.3746854 
0.3709361 
0.3706870 
0.3672959 
0.3676391 
0.3706989 
0.3665128 
0.3666593 
0.3686981 
0.3700378 
0.3735556 
0.3703871 
0.3705417 
0.3663793 
0.3621172 
0.3545203 
0.3424648 
0.3391862 
0.3305490 
0.3280748 
0.3315759 
0.3393306 
0.3458674 
0.3512672 
0.3573745 
0.3610915 
0.3589805 
0.3526340 
0.3422741 
0.3382484 
0.3302873 
0.3286779 
0.3266091 
0.3247396 
0.3286887 
0.3328177 
0.3386519 
0.3394730 
0.3412400 
0.3399488 
0.3439183 
0.3432586 
0.3394580 
0.3371783 
0.3346075 
0.3307853 
0.3296198 
0.3324130 
0.3360162 
0.3445885 
0.3404112 
0.3342713 
0.3313303 
0.3271929 
0.3188574 
0.3090792 
0.2970690 
0.2966057 
0.2924812 
0.2973429 
0.2987867 
0.2974866 
0.2962815 
0.2956803 
0.3014555 
0.2999855 
0.3030134 
0.3038531 
0.3091861 
0.3099524 
0.3089458 
0.3055316 
0.3091327 
0.3109752 
0.3112954 
0.3056734 
0.3046127 
0.3071521 
0.3077909 
0.3064349 
0.3073884 
0.3067904 
0.3102645 
0.3158006 
0.3149803 
0.3132474 
0.3130306 
0.3120975 
0.3297650 
0.3364439 
0.3424940 
0.3401473 
0.3396899 
0.3326649 
0.3265931 
0.3224544 
0.3213659 
0.3217874 
0.3208393 
0.3191888 
0.3241599 
0.3290564 
0.3305744 
0.3258107 
0.3222725 
0.3166991 
0.3225499 
0.3214322 
0.3113044 
0.3106201 
0.3071129 
0.3090761 
0.3060858 
0.3102228 
0.3131427 
0.3167263 
0.3228893 
0.3269795 
0.3333439 
0.3348200 
0.3418214 
0.3448718 
0.3500313 
0.3546356 
0.3666192 
0.3694352 
0.3709122 
0.3680497 
0.3657824 
0.3664844 
0.3696412 
0.3711417 
0.3629704 
0.3610844 
0.3561609 
0.3532574 
0.3426384 
0.3433166 
0.3383599 
0.3376365 
0.3400345 
0.3354840 
0.3338178 
0.3282658 
0.3264201 
0.3304582 
0.3239366 
0.3274691 
0.3354620 
0.3355732 
0.3343586 
0.3318389 
0.3256087 
0.3187532 
0.3150013 
0.3069996 
0.3016235 
0.2964524 
0.2864010 
0.2828436 
0.2812911 
0.2813221 
0.2779913 
0.2777563 
0.2767378 
0.2792970 
0.2798669 
0.2849074 
0.2826805 
0.2743680 
0.2720345 
0.2738986 
0.2792171 
0.2704365 
0.2679930 
0.2618710 
0.2566869 
0.2594967 
0.2629233 
0.2710061 
0.2753962 
0.2846784 
0.2856299 
0.2880876 
0.2919665 
0.2950348 
0.2831523 
0.2818426 
0.2795697 
0.2810727 
0.2803181 
0.2774096 
0.2746640 
0.2716903 
0.2649670 
0.2694407 
0.2688001 
0.2628430 
0.2598037 
0.2552065 
0.2546874 
0.2591485 
0.2566944 
0.2574024 
0.2603792 
0.2627142 
0.2633254 
0.2679709 
0.2719763 
0.2721682 
0.2743782 
0.2776167 
0.2736358 
0.2654227 
0.2574364 
0.2649168 
0.2674393 
0.2712444 
0.2705568 
0.2782274 
0.2770898 
0.2766683 
0.2715299 
0.2667107 
0.2637698 
0.2615190 
0.2580345 
0.2615923 
0.2537809 
0.2477488 
0.2472804 
0.2487321 
0.2399781 
0.2435878 
0.2402332 
0.2430449 
0.2538890 
0.2563878 
0.2580679 
0.2596179 
0.2518770 
0.2548936 
0.2567995 
0.2602091 
0.2570513 
0.2631332 
0.2622839 
0.2669669 
0.2715658 
0.2729434 
0.2672979 
0.2653101 
0.2618525 
0.2657287 
0.2688949 
0.2655503 
0.2645726 
0.2577869 
0.2531545 
0.2512413 
0.2455361 
0.2471648 
0.2468907 
0.2463508 
0.2476380 
0.2416915 
0.2400980 
0.2373360 
0.2372179 
0.2327671 
0.2244758 
0.2236756 
0.2240169 
0.2202468 
0.2205351 
0.2200186 
0.2209673 
0.2219879 
0.2335947 
0.2361223 
0.2337021 
0.2295965 
0.2255839 
0.2200269 
0.2087645 
0.1964011 
0.1940586 
0.1907883 
0.1820099 
0.1767438 
0.1771801 
0.1765643 
0.1768598 
0.1822329 
0.1898886 
0.1941613 
0.1926407 
0.1925828 
0.1905045 
0.1847646 
0.1799131 
0.1848082 
0.1931608 
0.1926860 
0.1951048 
0.1950581 
0.1983472 
0.1992512 
0.1947957 
0.1884687 
0.1829098 
0.1825650 
0.1795312 
0.1771978 
0.1696091 
0.1731010 
0.1650569 
0.1640293 
0.1612332 
0.1630701 
0.1647981 
0.1632759 
0.1655348 
0.1643804 
0.1639159 
0.1604723 
0.1642659 
0.1810684 
0.1902974 
0.1987615 
0.2040733 
0.2069744 
0.2044304 
0.2059332 
0.2040557 
0.2061440 
0.2107501 
0.2116457 
0.2109771 
0.2116208 
0.2164606 
0.2173269 
0.2136760 
0.2048778 
0.1986154 
0.1982383 
0.1915941 
0.1812269 
0.1784296 
0.1594163 
0.1478391 
0.1361600 
0.1330250 
0.1347150 
0.1410350 
0.1361487 
0.1279522 
0.1261824 
0.1196019 
0.1165152 
0.1181322 
0.1286906 
0.1424321 
0.1494868 
0.1528758 
0.1481651 
0.1412315 
0.1387605 
0.1338660 
0.1380938 
0.1416568 
0.1403021 
0.1473390 
0.1435194 
0.1428589 
0.1444897 
0.1468031 
0.1568714 
0.1631129 
0.1694456 
0.1679568 
0.1667934 
0.1636699 
0.1622455 
0.1667480 
0.1751381 
0.1799448 
0.1832498 
0.1847018 
0.1865635 
0.1784605 
0.1805499 
0.1737361 
0.1748626 
0.1746736 
0.1751168 
0.1762722 
0.1752509 
0.1742524 
0.1734855 
0.1729276 
0.1797754 
0.1757164 
0.1684530 
0.1601274 
0.1519357 
0.1396950 
0.1328137 
0.1285497 
0.1203061 
0.1087194 
0.1153184 
0.1226668 
0.1290383 
0.1296493 
0.1299683 
0.1298506 
0.1342482 
0.1349472 
0.1375287 
0.1513519 
0.1588334 
0.1632131 
0.1607639 
0.1662530 
0.1662512 
0.1615615 
0.1606349 
0.1668666 
0.1663477 
0.1587771 
0.1577333 
0.1535227 
0.1540097 
0.1447463 
0.1417536 
0.1421090 
0.1425229 
0.1521369 
0.1552399 
0.1556531 
0.1337840 
0.1399915 
0.1396133 
0.1405924 
0.1439507 
0.1639448 
0.1687365 
0.1762647 
0.1851817 
0.1881136 
0.1987275 
0.1971960 
0.1934627 
0.1932506 
0.2148736 
0.2199203 
0.2237677 
0.2184154 
0.2118183 
0.2098884 
0.2032084 
0.1977373 
0.2027753 
0.2046218 
0.2088145 
0.2076697 
0.2043522 
0.2033183 
0.2036912 
0.2025478 
0.2005731 
0.1969331 
0.1873419 
0.1770197 
0.1756494 
0.1744079 
0.1693087 
0.1686977 
0.1688809 
0.1670553 
0.1732959 
0.1749567 
0.1779001 
0.1798835 
0.1779497 
0.1803089 
0.1788330 
0.1747636 
0.1731998 
0.1658485 
0.1656901 
0.1659047 
0.1690698 
0.1632723 
0.1455967 
0.1410821 
0.1381975 
0.1347944 
0.1409180 
0.1452458 
0.1442616 
0.1528013 
0.1517149 
0.1478428 
0.1423233 
0.1404048 
0.1394211 
0.1344762 
0.1425480 
0.1473837 
0.1498275 
0.1538512 
0.1554400 
0.1577691 
0.1580738 
0.1569381 
0.1576804 
0.1577607 
0.1564321 
0.1560282 
0.1633655 
0.1663550 
0.1638389 
0.1627433 
0.1507444 
0.1500455 
0.1463065 
0.1394305 
0.1390265 
0.1396529 
0.1460094 
0.1549956 
0.1593512 
0.1644838 
0.1696492 
0.1666102 
0.1626023 
0.1622690 
0.1552716 
0.1550967 
0.1600912 
0.1588875 
0.1513633 
0.1454554 
0.1471737 
0.1506271 
0.1582320 
0.1561162 
0.1585878 
0.1607492 
0.1592658 
0.1570364 
0.1588898 
0.1565906 
0.1472444 
0.1342775 
0.1312556 
0.1264335 
0.1330590 
0.1290839 
0.1232738 
0.1203720 
0.1093718 
0.0926679 
0.0883013 
0.0871720 
0.0866392 
0.0816280 
0.0820520 
0.0832344 
0.0878218 
0.0833649 
0.0897403 
0.0946360 
0.0956834 
0.0926185 
0.0888968 
0.0931288 
0.1016880 
0.1028971 
0.1066944 
0.1127023 
0.1231929 
0.1306409 
0.1249232 
0.1216422 
0.1234096 
0.1236835 
0.1220632 
0.1286630 
0.1247342 
0.1233424 
0.1246589 
0.1261120 
0.1286060 
0.1284288 
0.1259814 
0.1197935 
0.1148072 
0.1075728 
0.1005300 
0.0977981 
0.0987601 
0.0972312 
0.0923939 
0.0890818 
0.0873079 
0.0877004 
0.0838966 
0.0826308 
0.0868318 
0.0834276 
0.0815640 
0.0803719 
0.0797842 
0.0807495 
0.0755202 
0.0773602 
0.0791411 
0.0777132 
0.0813097 
0.0783296 
0.0756602 
0.0679878 
0.0539244 
0.0346481 
0.0390644 
0.0471050 
0.0491243 
0.0532581 
0.0490147 
0.0469624 
0.0455467 
0.0398671 
0.0372022 
0.0396463 
0.0400187 
0.0346054 
0.0326108 
0.0333433 
0.0380511 
0.0425016 
0.0434365 
0.0490300 
0.0555835 
0.0566585 
0.0602196 
0.0618790 
0.0579952 
0.0606275 
0.0613659 
0.0613084 
0.0616760 
0.0652931 
0.0697107 
0.0784323 
0.0809733 
0.0866974 
0.0868334 
0.0893147 
0.0883182 
0.0910375 
0.0863668 
0.0868314 
0.0858655 
0.0811967 
0.0821856 
0.0815628 
0.0745595 
0.0742526 
0.0716382 
0.0623441 
0.0607294 
0.0571702 
0.0576432 
0.0578678 
0.0548762 
0.0515520 
0.0438053 
0.0407828 
0.0360863 
0.0306721 
0.0342246 
0.0330880 
0.0308987 
0.0270613 
0.0258627 
0.0205651 
0.0151796 
0.0070500 
0.0045045 
0.0000000 
0.0029471 
0.0065987 
0.0070960 
0.0102833 
0.0141374 
0.0153881 
0.0237386 
0.0243474 
0.0290685 
0.0343186 
0.0360650 
0.0395054 
0.0447598 
0.0508428 
0.0511972 
0.0511763 
0.0498738 
0.0394645 
0.0294682 
0.0277267 
0.0280830 
0.0256330 
0.0218335 
0.0206206 
0.0179728 
0.0260682 
0.0313485 
0.0369227 
0.0461119 
0.0528480 
0.0519186 
0.0543351 
0.0590055 
0.0591517 
0.0548015 
0.0547653 
0.0526890 
0.0483563 
0.0448223 
0.0382272 
0.0367130 
0.0326579 
0.0285729 
0.0257065 
0.0227787 
0.0227183 
0.0249295 
0.0220257 
0.0220532 
0.0185700 
0.0202145 
0.0235873 
0.0378382 
