-0.0000898 
0.0000888 
0.0000414 
0.0013988 
0.1598845 
0.1179036 
0.9798791 
1.0000000 
0.9843214 
0.9516514 
0.9247258 
0.9421956 
0.9583514 
0.9711591 
0.9414055 
0.9275661 
0.9414610 
0.9570336 
0.9481800 
0.9180627 
0.9000940 
0.9162991 
0.9723373 
0.9878461 
0.9721963 
0.9491224 
0.9605696 
0.9595837 
0.9313073 
0.9022610 
0.9176423 
0.9289541 
0.9422973 
0.9365732 
0.9045227 
0.9069133 
0.8911041 
0.9342449 
0.9764000 
0.9875705 
0.9955794 
0.9762358 
0.9706002 
0.9570513 
0.9148071 
0.8989704 
0.8832084 
0.8954003 
0.9162455 
0.9349886 
0.9226552 
0.9156099 
0.8984703 
0.9061162 
0.9159559 
0.9067549 
0.8863721 
0.8693313 
0.8712688 
0.8923909 
0.8948939 
0.8695946 
0.8501074 
0.8343244 
0.8425858 
0.8509420 
0.8407418 
0.8384583 
0.8480338 
0.8764788 
0.8968645 
0.9024312 
0.8781277 
0.8663573 
0.8454878 
0.8132695 
0.7728190 
0.7240707 
0.7093529 
0.7011064 
0.7224871 
0.7706053 
0.8536976 
0.8838469 
0.8918272 
0.8819302 
0.8622846 
0.8250492 
0.8130565 
0.7953539 
0.7663148 
0.7493210 
0.7324600 
0.7717458 
0.8238659 
0.8904136 
0.8769514 
0.8886927 
0.9182091 
0.9223710 
0.9028157 
0.8719959 
0.8344367 
0.8173811 
0.8081255 
0.7991628 
0.8110250 
0.8180037 
0.8235452 
0.8351302 
0.8685423 
0.8754901 
0.8673297 
0.8198387 
0.7545996 
0.7192231 
0.7193389 
0.7261745 
0.7349347 
0.7344037 
0.7585079 
0.7704383 
0.8014360 
0.8325376 
0.8181397 
0.7827578 
0.7475812 
0.7195408 
0.7166921 
0.7291108 
0.7306817 
0.7346497 
0.7520661 
0.7751389 
0.8159536 
0.8438043 
0.8532327 
0.8353983 
0.7930896 
0.7673221 
0.7748887 
0.7879620 
0.8099269 
0.8072360 
0.8031194 
0.7947438 
0.8176192 
0.8376752 
0.8304746 
0.8194817 
0.7746604 
0.7516053 
0.7334216 
0.7533063 
0.7675877 
0.8036458 
0.8140828 
0.7830110 
0.7845562 
0.7891681 
0.7711070 
0.7621062 
0.7514134 
0.7426435 
0.7209143 
0.7040255 
0.7324140 
0.7406543 
0.7291692 
0.7342294 
0.7395822 
0.7443285 
0.7466567 
0.7417908 
0.7087436 
0.6950199 
0.6730909 
0.6737328 
0.7088561 
0.7386217 
0.7442851 
0.7431735 
0.7190892 
0.7010602 
0.7071655 
0.7159428 
0.7262467 
0.7212993 
0.7340957 
0.7320166 
0.7327038 
0.7507222 
0.7858270 
0.8138180 
0.8048815 
0.7932206 
0.7655153 
0.7386903 
0.7089103 
0.7058527 
0.7255007 
0.7410060 
0.7611686 
0.7647197 
0.7597890 
0.7543405 
0.7328072 
0.6941384 
0.6767463 
0.6819423 
0.6771086 
0.6773145 
0.6902332 
0.6951826 
0.6978343 
0.6938723 
0.6709049 
0.6577882 
0.6317554 
0.6200035 
0.6427335 
0.6446086 
0.6678212 
0.6841853 
0.7047142 
0.7352849 
0.7395820 
0.7191253 
0.6855558 
0.6630514 
0.6544090 
0.6624578 
0.6930055 
0.7395624 
0.7817272 
0.7695899 
0.7468100 
0.7241824 
0.6842906 
0.6518358 
0.6358536 
0.6513177 
0.7031770 
0.7560108 
0.7869154 
0.7964844 
0.7500079 
0.7211660 
0.6976543 
0.6858925 
0.7045807 
0.7414130 
0.7625560 
0.7862220 
0.7826819 
0.7593571 
0.7412288 
0.7351048 
0.7035460 
0.6901490 
0.6907242 
0.6991207 
0.7132304 
0.7607950 
0.7581590 
0.7368432 
0.7036835 
0.6790912 
0.6370032 
0.6215659 
0.6612602 
0.7034442 
0.7106602 
0.7091203 
0.7070709 
0.7091987 
0.6971583 
0.6837375 
0.6877339 
0.7011100 
0.6818735 
0.6565210 
0.6683933 
0.6870659 
0.6887144 
0.6719663 
0.6522380 
0.6377934 
0.6376563 
0.6445656 
0.6474389 
0.6773321 
0.6868328 
0.6709284 
0.6252621 
0.6064455 
0.6127979 
0.6364731 
0.6380183 
0.6463701 
0.6848287 
0.7110283 
0.7015148 
0.6634440 
0.6345757 
0.6268414 
0.6134627 
0.5953008 
0.6192532 
0.6703782 
0.6934679 
0.6930002 
0.6549261 
0.6357569 
0.6037864 
0.5773141 
0.5687552 
0.5684058 
0.6093926 
0.6334015 
0.6412037 
0.6361545 
0.6378357 
0.6374373 
0.6357299 
0.6331120 
0.6493110 
0.7010860 
0.7156346 
0.7018456 
0.6625698 
0.6374522 
0.6321712 
0.6403848 
0.6342666 
0.6555770 
0.6666812 
0.6687550 
0.6514980 
0.6203538 
0.6065448 
0.6167003 
0.6222454 
0.6332907 
0.6259165 
0.6385936 
0.6245182 
0.6002551 
0.5725558 
0.5525523 
0.5654771 
0.6073002 
0.6643162 
0.6811222 
0.6794243 
0.6885991 
0.6668934 
0.6427185 
0.5845038 
0.5724719 
0.5802107 
0.6130139 
0.6119642 
0.6098731 
0.6063152 
0.5689224 
0.5747999 
0.5953699 
0.6190201 
0.6161146 
0.6325872 
0.6267538 
0.6129539 
0.5869216 
0.5981990 
0.6168227 
0.6382058 
0.6724934 
0.6904179 
0.6590325 
0.6405269 
0.6154603 
0.5870770 
0.5865225 
0.5969779 
0.6064613 
0.6244572 
0.6103447 
0.5942327 
0.5672126 
0.5481942 
0.5397676 
0.5491552 
0.5610756 
0.5854485 
0.6100043 
0.6121296 
0.5959114 
0.5759906 
0.5694377 
0.5658009 
0.5919004 
0.6073137 
0.6063020 
0.5901947 
0.5733527 
0.5649367 
0.5915206 
0.6179374 
0.6297353 
0.6445359 
0.6486784 
0.6343934 
0.6009617 
0.5835171 
0.5900841 
0.5835090 
0.5896019 
0.5815741 
0.5523007 
0.5162949 
0.5113766 
0.5324083 
0.5445907 
0.5607917 
0.5957282 
0.6143962 
0.6100661 
0.5883959 
0.5705784 
0.5568562 
0.5415076 
0.5692946 
0.5758730 
0.5742361 
0.5431728 
0.5173804 
0.5190600 
0.5317923 
0.5791010 
0.6029261 
0.6028743 
0.5766929 
0.5214244 
0.5208642 
0.5258246 
0.5472115 
0.5795999 
0.5977945 
0.5951489 
0.5564971 
0.5199591 
0.4898527 
0.4970126 
0.5142878 
0.5198873 
0.5252971 
0.5247466 
0.5317763 
0.5461703 
0.5736173 
0.5749322 
0.5686533 
0.5756380 
0.5674237 
0.5469118 
0.5409292 
0.5703292 
0.5924786 
0.6148327 
0.6361090 
0.6284113 
0.6241482 
0.5734240 
0.5492221 
0.5392359 
0.5243675 
0.5264503 
0.5118020 
0.5257691 
0.5212795 
0.5211630 
0.5355396 
0.5514655 
0.5336308 
0.5129209 
0.4940436 
0.4770699 
0.4660086 
0.4918429 
0.5227749 
0.5477276 
0.5589939 
0.5856724 
0.5809699 
0.5439116 
0.5374288 
0.5241669 
0.5287391 
0.5078973 
0.5013767 
0.5133210 
0.5097634 
0.5347218 
0.5467271 
0.5555465 
0.5404780 
0.5235500 
0.4957845 
0.4718316 
0.4537817 
0.4508403 
0.4676511 
0.4855988 
0.5066467 
0.5157688 
0.5075841 
0.4958473 
0.4766067 
0.4557219 
0.4544220 
0.4609346 
0.4814205 
0.5122405 
0.5259526 
0.5388907 
0.5412349 
0.5314743 
0.5069574 
0.5204499 
0.5182030 
0.5391627 
0.5327427 
0.5168322 
0.5023032 
0.5185698 
0.5245649 
0.5154737 
0.5318135 
0.5232829 
0.5141672 
0.5238750 
0.5224621 
0.5148041 
0.5092713 
0.5138282 
0.5273791 
0.5359476 
0.5402385 
0.5295909 
0.4993825 
0.4555233 
0.4344099 
0.4515401 
0.4684923 
0.4708475 
0.4847548 
0.5024024 
0.5155476 
0.5446976 
0.5662107 
0.5615639 
0.5339445 
0.5265168 
0.5085472 
0.4984462 
0.5161906 
0.5059336 
0.5014269 
0.4960431 
0.4730813 
0.4511205 
0.4342356 
0.4442549 
0.4517440 
0.4605843 
0.4379921 
0.4318575 
0.4151696 
0.3865626 
0.4020684 
0.4360002 
0.4800980 
0.5103058 
0.5121886 
0.4811619 
0.4572719 
0.4409622 
0.4342476 
0.4501190 
0.4533840 
0.4283930 
0.4181803 
0.4238574 
0.4434441 
0.4573064 
0.4792200 
0.4746554 
0.4461272 
0.3970755 
0.3911422 
0.3968976 
0.3964833 
0.4112241 
0.4287604 
0.4512209 
0.4685671 
0.4765958 
0.4764718 
0.4766191 
0.4468397 
0.4301836 
0.4006846 
0.3994235 
0.3905898 
0.3918080 
0.4238829 
0.4402941 
0.4505866 
0.4585013 
0.4792207 
0.4906853 
0.4846173 
0.4766691 
0.4658221 
0.4620263 
0.4341904 
0.4376531 
0.4613858 
0.4757693 
0.4893400 
0.4889217 
0.4936631 
0.4704809 
0.4509229 
0.4396339 
0.4335929 
0.4116058 
0.3942378 
0.3975743 
0.3942425 
0.4118968 
0.4443810 
0.4501023 
0.4666385 
0.5023401 
0.4898988 
0.4779491 
0.4628349 
0.4512524 
0.4310211 
0.4304748 
0.4177554 
0.4002505 
0.4105175 
0.4305068 
0.4431637 
0.4422163 
0.4570809 
0.4524040 
0.4432568 
0.4359259 
0.4136186 
0.4194627 
0.4155951 
0.4390387 
0.4580678 
0.4516678 
0.4489921 
0.4444415 
0.4584072 
0.4639446 
0.4623326 
0.4607958 
0.4433626 
0.4086603 
0.4005359 
0.4002096 
0.4165682 
0.4355304 
0.4234874 
0.4037887 
0.3973299 
0.3945074 
0.3824355 
0.3768629 
0.3582793 
0.3398309 
0.3252435 
0.3349352 
0.3622900 
0.3679533 
0.3675185 
0.3498005 
0.3474099 
0.3517244 
0.3757585 
0.3847665 
0.3929008 
0.3739938 
0.3638264 
0.3570842 
0.3688847 
0.3775493 
0.3826092 
0.3958638 
0.4016939 
0.4070883 
0.4055633 
0.4111944 
0.3980115 
0.3616088 
0.3475488 
0.3295940 
0.3276191 
0.3130190 
0.3000629 
0.3005696 
0.3099501 
0.3161642 
0.3012271 
0.2978844 
0.3088579 
0.3439639 
0.3506522 
0.3224072 
0.2950908 
0.2840857 
0.2818943 
0.3081511 
0.3410534 
0.3531832 
0.3462361 
0.3161448 
0.3030454 
0.3037766 
0.3171437 
0.3202695 
0.3187139 
0.3173984 
0.2984662 
0.3104202 
0.3041098 
0.3154524 
0.3149757 
0.3199885 
0.3233930 
0.3200410 
0.3175144 
0.2966587 
0.3020507 
0.3112517 
0.2983997 
0.3135528 
0.3170771 
0.3241251 
0.3569677 
0.3791754 
0.3811629 
0.3844753 
0.3793583 
0.3838223 
0.3927649 
0.4041856 
0.3879477 
0.3673101 
0.3525558 
0.3475255 
0.3384169 
0.3498344 
0.3667653 
0.3817152 
0.3870733 
0.3868461 
0.3787903 
0.3717986 
0.3928114 
0.4077703 
0.4056680 
0.3750611 
0.3403808 
0.2962291 
0.2914702 
0.2956362 
0.3099625 
0.3164710 
0.3165305 
0.3335585 
0.3523577 
0.3695249 
0.3711961 
0.4088260 
0.4133760 
0.4055603 
0.3703655 
0.3519886 
0.3302565 
0.3239906 
0.2885172 
0.2615692 
0.2746100 
0.2577260 
0.2729395 
0.2922742 
0.3318311 
0.3695384 
0.3939395 
0.3863716 
0.3422293 
0.3234221 
0.3384734 
0.3375203 
0.3179409 
0.2845574 
0.2609253 
0.2296899 
0.2214413 
0.2001094 
0.1939490 
0.2047256 
0.2298659 
0.2452423 
0.2573180 
0.2755239 
0.2839790 
0.3098701 
0.3184708 
0.3049720 
0.2810015 
0.2822911 
0.2851314 
0.2992995 
0.2844002 
0.2793556 
0.2850720 
0.2817945 
0.2637763 
0.2396295 
0.2033512 
0.2341381 
0.2607716 
0.2708286 
0.2747398 
0.2755151 
0.2832988 
0.3089773 
0.3158919 
0.2962506 
0.3090570 
0.3057055 
0.3129445 
0.2954113 
0.2578777 
0.2488640 
0.2890877 
0.3035722 
0.2928297 
0.2783190 
0.2755994 
0.2773955 
0.2790020 
0.2424046 
0.2188791 
0.2443333 
0.2712979 
0.2759642 
0.2724137 
0.2852305 
0.2933881 
0.3037377 
0.3123505 
0.3213003 
0.3322776 
0.3351122 
0.3583934 
0.3485988 
0.3420712 
0.3319337 
0.3288932 
0.3214868 
0.2843583 
0.2499126 
0.2340927 
0.2087894 
0.1888130 
0.1678698 
0.1934812 
0.1972933 
0.2090260 
0.2068257 
0.2108567 
0.2169953 
0.2375490 
0.2426121 
0.2626610 
0.2777507 
0.2859445 
0.2807921 
0.2764937 
0.2617270 
0.2437217 
0.2154323 
0.1927449 
0.1790900 
0.1819937 
0.1724880 
0.1690930 
0.1504543 
0.1473429 
0.1616907 
0.1816880 
0.2088864 
0.2340679 
0.2609065 
0.2731082 
0.2640219 
0.2758446 
0.2792801 
0.2866447 
0.3018517 
0.3042949 
0.2940615 
0.2839218 
0.2775886 
0.2645212 
0.2380210 
0.2281293 
0.2434507 
0.2529988 
0.2414221 
0.2354134 
0.2408227 
0.2297410 
0.2366292 
0.2252734 
0.2315102 
0.2425430 
0.2527967 
0.2789483 
0.2917159 
0.2972613 
0.2810028 
0.2751392 
0.2477875 
0.2411031 
0.2404190 
0.2630414 
0.2636940 
0.2571596 
0.2399143 
0.2306142 
0.2155590 
0.2072182 
0.1869450 
0.1997047 
0.2144825 
0.2248904 
0.2190373 
0.2010480 
0.2078169 
0.1952295 
0.1840993 
0.1727515 
0.1726308 
0.1729601 
0.2150049 
0.2017118 
0.1853397 
0.1895372 
0.1893450 
0.1821414 
0.1960545 
0.1941027 
0.1920998 
0.1845881 
0.1868691 
0.1928881 
0.2083490 
0.1976604 
0.2046468 
0.2020352 
0.2096797 
0.2038228 
0.2072264 
0.1946436 
0.2017271 
0.1900101 
0.1888970 
0.1826911 
0.1901706 
0.1883241 
0.1969097 
0.2153184 
0.2105672 
0.2212366 
0.2409694 
0.2626194 
0.2813896 
0.3011191 
0.3013907 
0.3040945 
0.2756819 
0.2666670 
0.2695372 
0.2675398 
0.2636742 
0.2676811 
0.2773164 
0.2831636 
0.2780594 
0.2705395 
0.2558165 
0.2494923 
0.2303049 
0.2104185 
0.2074297 
0.2076970 
0.2108215 
0.2031954 
0.2199052 
0.2254188 
0.2550862 
0.2724105 
0.2791851 
0.2840335 
0.2920873 
0.3146020 
0.3091461 
0.3054795 
0.2889461 
0.2859407 
0.2583391 
0.2473937 
0.2394751 
0.2203935 
0.2084882 
0.2116188 
0.2207992 
0.2273872 
0.2095859 
0.1956054 
0.1606230 
0.1538502 
0.1442621 
0.1228187 
0.1171137 
0.1043594 
0.0924904 
0.0881167 
0.0746006 
0.0679426 
0.0786779 
0.0844898 
0.1105414 
0.1288656 
0.1490277 
0.1482037 
0.1602025 
0.1754654 
0.1777329 
0.1837104 
0.1727516 
0.1741106 
0.1823049 
0.1574573 
0.1596847 
0.1701215 
0.1828220 
0.1818650 
0.1798868 
0.1863187 
0.1845205 
0.2010568 
0.2212613 
0.2204462 
0.2176716 
0.2083358 
0.1886875 
0.1714292 
0.1453508 
0.1353112 
0.1230528 
0.1179595 
0.1205480 
0.1306559 
0.1427933 
0.1578573 
0.1640768 
0.1485800 
0.1353630 
0.1245027 
0.1176253 
0.1300858 
0.1432120 
0.1367975 
0.1281157 
0.1295059 
0.1250037 
0.1466480 
0.1409541 
0.1513551 
0.1421716 
0.1291978 
0.1318113 
0.1233406 
0.1286196 
0.1510182 
0.1460461 
0.1565592 
0.1764123 
0.1896138 
0.1664061 
0.1582827 
0.1694249 
0.1549679 
0.1576769 
0.1541787 
0.1485241 
0.1557010 
0.1625073 
0.1643877 
0.2046092 
0.2428744 
0.2448207 
0.2344025 
0.2130787 
0.1740897 
0.1356359 
0.1067669 
0.0971327 
0.0994958 
0.0999618 
0.0957840 
0.0994103 
0.0993459 
0.1065525 
0.1166057 
0.1101844 
0.1018449 
0.1073572 
0.1035711 
0.1011727 
0.0868531 
0.0797109 
0.0709359 
0.0604864 
0.0817990 
0.1161963 
0.1223792 
0.1026233 
0.0916494 
0.0809097 
0.0760184 
0.0594823 
0.0335183 
0.0398577 
0.0393893 
0.0400035 
0.0639230 
0.0829576 
0.0928628 
0.1086751 
0.1185434 
0.1023936 
0.1011652 
0.0905048 
0.0804204 
0.0760599 
0.0646287 
0.0669047 
0.0628691 
0.0626154 
0.0862743 
0.0882175 
0.1020031 
0.1043691 
0.1006683 
0.0837496 
0.0870176 
0.0940077 
0.0960158 
0.0867139 
0.0933562 
0.0944116 
0.0939463 
0.0889731 
0.0784488 
0.0566665 
0.0425446 
0.0371444 
0.0389641 
0.0459123 
0.0527567 
0.0560651 
0.0542067 
0.0368988 
0.0369592 
0.0427098 
0.0901553 
0.0938928 
0.1080954 
0.1246321 
0.1378789 
0.1385292 
0.1360011 
0.1154382 
0.0951814 
0.0654896 
0.0487963 
0.0373772 
0.0462240 
0.0558396 
0.0721694 
0.0799682 
0.0781079 
0.0785930 
0.0853958 
0.0741327 
0.0755807 
0.0662073 
0.0565292 
0.0445704 
0.0265574 
0.0324659 
0.0274657 
0.0067236 
0.0000000 
0.0052894 
0.0354833 
0.0411184 
0.0593871 
0.0613799 
0.0652507 
0.0592182 
0.0667066 
0.0585620 
0.0382104 
0.0287315 
0.0309943 
0.0440439 
0.0557345 
0.0501200 
0.0407140 
0.0506971 
0.0703140 
0.0864812 
0.0975783 
0.1093114 
0.1133388 
0.1169724 
0.1157498 
0.0910082 
0.0791791 
0.0553520 
0.0513595 
0.0602502 
0.0486709 
0.0470998 
0.0523527 
0.0612824 
0.0750066 
0.0850856 
0.0900640 
0.1115070 
0.1343859 
0.1266894 
0.1227906 
0.1267951 
0.1272977 
0.1182563 
0.0899288 
0.0665779 
0.0670577 
0.0549743 
0.0490643 
0.0506191 
0.0487889 
0.0557074 
0.0584150 
0.0517362 
0.0557376 
0.0631523 
0.0532436 
0.0498254 
0.0528980 
0.0467458 
0.0520967 
0.0682920 
0.0935138 
0.1058971 
0.1141168 
0.1335126 
0.1416748 
0.1461760 
0.1385332 
0.1202002 
0.0993763 
0.0935686 
0.0717334 
0.0592309 
0.0364730 
0.0276763 
0.0380415 
0.0422951 
0.0529399 
0.0643219 
0.0687363 
0.0688176 
0.0801753 
0.0968647 
0.1095602 
0.1008364 
0.0750334 
0.0597658 
0.0617013 
0.0432229 
