-0.0000462 
0.0001493 
0.0000484 
0.1552436 
-0.1066052 
0.5001626 
0.9875243 
0.9922639 
0.9970288 
1.0000000 
0.9946319 
0.9909811 
0.9824502 
0.9843693 
0.9918398 
0.9900372 
0.9879606 
0.9809576 
0.9834486 
0.9825582 
0.9801370 
0.9804253 
0.9891529 
0.9844584 
0.9795067 
0.9812097 
0.9840273 
0.9818320 
0.9788077 
0.9751976 
0.9800921 
0.9841173 
0.9818161 
0.9866858 
0.9842187 
0.9842842 
0.9860580 
0.9921655 
0.9936592 
0.9922662 
0.9948251 
0.9950724 
0.9964360 
0.9910403 
0.9956382 
0.9950875 
0.9993288 
0.9976300 
0.9950508 
0.9888751 
0.9830567 
0.9834205 
0.9777079 
0.9764454 
0.9813466 
0.9888730 
0.9846329 
0.9816289 
0.9751773 
0.9789406 
0.9762751 
0.9713864 
0.9710483 
0.9785587 
0.9813886 
0.9724037 
0.9705659 
0.9613786 
0.9597498 
0.9623728 
0.9621957 
0.9631111 
0.9590826 
0.9603614 
0.9612211 
0.9587446 
0.9553233 
0.9499180 
0.9520677 
0.9496255 
0.9501877 
0.9448155 
0.9388700 
0.9343637 
0.9328528 
0.9302747 
0.9345276 
0.9338074 
0.9292063 
0.9223539 
0.9312877 
0.9256168 
0.9292677 
0.9257438 
0.9261586 
0.9191062 
0.9196327 
0.9284846 
0.9259558 
0.9279107 
0.9253123 
0.9223750 
0.9231524 
0.9274402 
0.9317612 
0.9331703 
0.9288419 
0.9236398 
0.9209654 
0.9242988 
0.9262236 
0.9294011 
0.9250809 
0.9198739 
0.9118694 
0.9106047 
0.9045934 
0.9076252 
0.9109598 
0.9127934 
0.9093336 
0.9095214 
0.9107325 
0.9090713 
0.9088164 
0.9095215 
0.9097318 
0.9003426 
0.9006300 
0.9104916 
0.9182315 
0.9179377 
0.9149587 
0.9192608 
0.9156798 
0.9099273 
0.9169012 
0.9283969 
0.9291030 
0.9240370 
0.9133682 
0.9177425 
0.9095478 
0.9048818 
0.9115175 
0.9150928 
0.9151851 
0.9093068 
0.9096127 
0.9233686 
0.9277148 
0.9190786 
0.9180708 
0.9184923 
0.9164703 
0.9199523 
0.9204865 
0.9291740 
0.9334896 
0.9270046 
0.9180968 
0.9168683 
0.9174177 
0.9187355 
0.9165918 
0.9120607 
0.9185812 
0.9165315 
0.9061469 
0.8983123 
0.9000344 
0.9045710 
0.9007289 
0.9083105 
0.9112905 
0.9075756 
0.9053765 
0.9007749 
0.9059300 
0.9090008 
0.9019040 
0.8980257 
0.9049886 
0.9051196 
0.9007157 
0.8988101 
0.8975597 
0.9007869 
0.9047646 
0.9005117 
0.8945520 
0.8907998 
0.8882772 
0.8895696 
0.8943155 
0.8924325 
0.8880976 
0.8873596 
0.8896056 
0.8855874 
0.8904444 
0.8900896 
0.8945588 
0.8966107 
0.8952206 
0.8922691 
0.8899147 
0.8849628 
0.8781439 
0.8750813 
0.8625176 
0.8650940 
0.8755529 
0.8707766 
0.8725845 
0.8717087 
0.8738233 
0.8721217 
0.8702305 
0.8676678 
0.8689304 
0.8689836 
0.8701232 
0.8737413 
0.8708352 
0.8707856 
0.8671354 
0.8680293 
0.8722164 
0.8646991 
0.8618267 
0.8640527 
0.8650117 
0.8621013 
0.8656857 
0.8610834 
0.8687258 
0.8650646 
0.8640030 
0.8704430 
0.8674961 
0.8661070 
0.8695575 
0.8673748 
0.8585703 
0.8601731 
0.8629682 
0.8619174 
0.8627832 
0.8565206 
0.8513053 
0.8505790 
0.8555012 
0.8547169 
0.8528775 
0.8490241 
0.8424723 
0.8440729 
0.8521572 
0.8531910 
0.8503231 
0.8440957 
0.8444355 
0.8508726 
0.8479923 
0.8436788 
0.8409200 
0.8424789 
0.8383095 
0.8411859 
0.8379311 
0.8383711 
0.8361937 
0.8399328 
0.8412282 
0.8434792 
0.8393532 
0.8255367 
0.8273641 
0.8317565 
0.8329680 
0.8426363 
0.8425406 
0.8392380 
0.8328260 
0.8280301 
0.8320585 
0.8342255 
0.8352822 
0.8392435 
0.8368643 
0.8271939 
0.8191551 
0.8258971 
0.8391540 
0.8386146 
0.8439944 
0.8403775 
0.8361675 
0.8290488 
0.8229216 
0.8260627 
0.8255604 
0.8340469 
0.8360123 
0.8327772 
0.8326540 
0.8301992 
0.8261151 
0.8238469 
0.8243370 
0.8187994 
0.8141076 
0.8107293 
0.8138874 
0.8137233 
0.8076180 
0.8021651 
0.8016781 
0.8056786 
0.8031076 
0.7999594 
0.7949407 
0.7945251 
0.7858468 
0.7811992 
0.7865453 
0.7847556 
0.7868438 
0.7900685 
0.7962349 
0.8080162 
0.7999558 
0.7991448 
0.7937967 
0.7993502 
0.8054211 
0.8003168 
0.8043187 
0.8001510 
0.7987266 
0.8060149 
0.7983859 
0.7938442 
0.7965603 
0.8000495 
0.7945039 
0.7920183 
0.7955587 
0.7988944 
0.7966290 
0.7954068 
0.7926473 
0.7958605 
0.7946704 
0.7949469 
0.7950988 
0.7904483 
0.7915134 
0.7968229 
0.7907342 
0.7875515 
0.7885065 
0.7918738 
0.7992257 
0.7929253 
0.7840879 
0.7802497 
0.7743111 
0.7715709 
0.7707962 
0.7703177 
0.7731132 
0.7731334 
0.7738556 
0.7677848 
0.7570956 
0.7554612 
0.7590646 
0.7612717 
0.7623130 
0.7559412 
0.7506311 
0.7511917 
0.7538649 
0.7615048 
0.7611573 
0.7552143 
0.7518262 
0.7560256 
0.7563224 
0.7558340 
0.7683195 
0.7680911 
0.7640679 
0.7706247 
0.7686438 
0.7655998 
0.7578178 
0.7571628 
0.7603243 
0.7636770 
0.7664421 
0.7631152 
0.7553730 
0.7553249 
0.7648870 
0.7635136 
0.7626316 
0.7634333 
0.7695783 
0.7749925 
0.7746958 
0.7707548 
0.7634108 
0.7662963 
0.7656452 
0.7619602 
0.7489612 
0.7492028 
0.7550556 
0.7582763 
0.7607112 
0.7603566 
0.7544618 
0.7566427 
0.7643294 
0.7649098 
0.7574925 
0.7497448 
0.7439960 
0.7471348 
0.7444424 
0.7404025 
0.7368969 
0.7369587 
0.7332401 
0.7334925 
0.7345583 
0.7318739 
0.7280484 
0.7312270 
0.7364617 
0.7377367 
0.7359936 
0.7338045 
0.7330997 
0.7303767 
0.7230500 
0.7221318 
0.7186494 
0.7189103 
0.7172350 
0.7210172 
0.7125912 
0.7070178 
0.7152319 
0.7159779 
0.7211600 
0.7218937 
0.7194622 
0.7166281 
0.7198356 
0.7277429 
0.7205226 
0.7192735 
0.7168135 
0.7211514 
0.7194592 
0.7140073 
0.7147737 
0.7171057 
0.7194154 
0.7264139 
0.7231097 
0.7193079 
0.7158642 
0.7209155 
0.7255247 
0.7249596 
0.7338864 
0.7318967 
0.7285783 
0.7258983 
0.7225937 
0.7228029 
0.7238415 
0.7285920 
0.7259643 
0.7224205 
0.7217740 
0.7168006 
0.7171148 
0.7192431 
0.7205573 
0.7134375 
0.7077465 
0.7054199 
0.7117500 
0.7170714 
0.7197465 
0.7192023 
0.7146419 
0.7107282 
0.7132222 
0.7068536 
0.7117279 
0.7152624 
0.7103011 
0.7116085 
0.7078430 
0.7053151 
0.7058400 
0.7037776 
0.7051792 
0.6991184 
0.7007286 
0.6977784 
0.6985856 
0.6949418 
0.6977247 
0.6983963 
0.6923820 
0.6967938 
0.6986432 
0.6959397 
0.6971776 
0.6968119 
0.6936127 
0.6983765 
0.7028537 
0.6932119 
0.6912240 
0.6927842 
0.6903893 
0.6904638 
0.6897439 
0.6877668 
0.6930312 
0.6862815 
0.6827132 
0.6875921 
0.6909128 
0.6998777 
0.6860539 
0.6890674 
0.6882798 
0.6973367 
0.6920580 
0.6907963 
0.6929838 
0.6902733 
0.7002770 
0.6851111 
0.6852990 
0.6825174 
0.6855395 
0.6857275 
0.6818483 
0.6794682 
0.6800691 
0.6827184 
0.6703024 
0.6712032 
0.6731122 
0.6763099 
0.6716985 
0.6676519 
0.6683120 
0.6655383 
0.6710678 
0.6692880 
0.6669267 
0.6685815 
0.6669132 
0.6697115 
0.6584530 
0.6638646 
0.6695167 
0.6649271 
0.6652197 
0.6616836 
0.6632079 
0.6676277 
0.6716667 
0.6735197 
0.6663705 
0.6576665 
0.6593396 
0.6603388 
0.6561702 
0.6482484 
0.6420041 
0.6472828 
0.6533020 
0.6507555 
0.6499051 
0.6520615 
0.6530675 
0.6533474 
0.6550882 
0.6484210 
0.6515084 
0.6618812 
0.6650896 
0.6707114 
0.6686921 
0.6621167 
0.6692875 
0.6662741 
0.6595635 
0.6507922 
0.6408725 
0.6364985 
0.6372456 
0.6381201 
0.6320469 
0.6287890 
0.6228387 
0.6274518 
0.6266074 
0.6226698 
0.6180226 
0.6191537 
0.6199063 
0.6224628 
0.6228495 
0.6208246 
0.6257834 
0.6289373 
0.6323484 
0.6274764 
0.6280883 
0.6217504 
0.6169546 
0.6223383 
0.6222554 
0.6267610 
0.6290569 
0.6355126 
0.6342029 
0.6318827 
0.6294636 
0.6299817 
0.6297868 
0.6274143 
0.6283323 
0.6269164 
0.6282472 
0.6263884 
0.6234606 
0.6255618 
0.6263134 
0.6272377 
0.6251569 
0.6241734 
0.6212549 
0.6233461 
0.6266890 
0.6321102 
0.6336136 
0.6275717 
0.6227721 
0.6193614 
0.6243368 
0.6241705 
0.6171572 
0.6192275 
0.6157220 
0.6151149 
0.6147263 
0.6111666 
0.6156188 
0.6149399 
0.6095805 
0.6074087 
0.6027322 
0.6012897 
0.5994178 
0.5977378 
0.5957220 
0.5936105 
0.5897550 
0.5924654 
0.5915626 
0.5936514 
0.5920747 
0.5923435 
0.5874159 
0.5891689 
0.5856336 
0.5826066 
0.5841213 
0.5841541 
0.5840162 
0.5803082 
0.5769393 
0.5765427 
0.5833523 
0.5797507 
0.5853372 
0.5870151 
0.5860994 
0.5830896 
0.5838398 
0.5783787 
0.5773805 
0.5802831 
0.5799036 
0.5832140 
0.5884171 
0.5783564 
0.5800652 
0.5787502 
0.5802194 
0.5776849 
0.5772074 
0.5799362 
0.5832555 
0.5839808 
0.5764015 
0.5693134 
0.5695299 
0.5743055 
0.5739866 
0.5681459 
0.5666823 
0.5679382 
0.5635860 
0.5628639 
0.5640607 
0.5650708 
0.5690967 
0.5706759 
0.5700335 
0.5674834 
0.5636389 
0.5650137 
0.5647904 
0.5619875 
0.5574843 
0.5600735 
0.5616633 
0.5631683 
0.5574204 
0.5466904 
0.5454442 
0.5476392 
0.5479178 
0.5475626 
0.5437409 
0.5414287 
0.5341400 
0.5333347 
0.5338470 
0.5355780 
0.5359307 
0.5380589 
0.5438838 
0.5540842 
0.5588485 
0.5602622 
0.5615561 
0.5637945 
0.5611053 
0.5522479 
0.5499833 
0.5458587 
0.5451433 
0.5434406 
0.5530846 
0.5503053 
0.5486422 
0.5474184 
0.5482385 
0.5480612 
0.5519708 
0.5455410 
0.5524619 
0.5448748 
0.5430684 
0.5313958 
0.5365516 
0.5405205 
0.5410462 
0.5421465 
0.5450084 
0.5512079 
0.5540680 
0.5498527 
0.5426814 
0.5454641 
0.5427789 
0.5371951 
0.5377699 
0.5341376 
0.5326158 
0.5297289 
0.5269472 
0.5286725 
0.5316903 
0.5273699 
0.5207337 
0.5182562 
0.5244225 
0.5247312 
0.5286030 
0.5303620 
0.5266123 
0.5275703 
0.5275203 
0.5261727 
0.5337706 
0.5344047 
0.5361050 
0.5371277 
0.5364278 
0.5412992 
0.5427020 
0.5380901 
0.5322352 
0.5266135 
0.5246595 
0.5206039 
0.5151182 
0.5132880 
0.5133427 
0.5091384 
0.5078856 
0.5088753 
0.5030242 
0.5054076 
0.5063072 
0.5102250 
0.5062679 
0.5057955 
0.5035593 
0.5014526 
0.5037345 
0.5044342 
0.5102300 
0.5116194 
0.5125502 
0.5111011 
0.5085893 
0.5100793 
0.5054480 
0.5076980 
0.5049567 
0.5059122 
0.5042324 
0.5055362 
0.5032025 
0.4975851 
0.5019180 
0.4906875 
0.4854135 
0.4859610 
0.4892862 
0.4880940 
0.4822891 
0.4863153 
0.4845079 
0.4822457 
0.4822859 
0.4837304 
0.4862893 
0.4903054 
0.4863107 
0.4927703 
0.4973683 
0.4992020 
0.4965324 
0.4969769 
0.4945800 
0.4883613 
0.4870592 
0.4816911 
0.4844010 
0.4828161 
0.4778534 
0.4764197 
0.4732628 
0.4725249 
0.4765789 
0.4744042 
0.4757580 
0.4781571 
0.4811517 
0.4814484 
0.4830506 
0.4882765 
0.4870766 
0.4840387 
0.4817505 
0.4797390 
0.4817493 
0.4807544 
0.4903111 
0.4854666 
0.4841570 
0.4819371 
0.4804091 
0.4830542 
0.4837233 
0.4817927 
0.4785764 
0.4766065 
0.4722514 
0.4684650 
0.4661469 
0.4699992 
0.4643449 
0.4604284 
0.4614142 
0.4589440 
0.4656531 
0.4623416 
0.4608595 
0.4623666 
0.4632359 
0.4641440 
0.4648001 
0.4640787 
0.4661397 
0.4674417 
0.4631634 
0.4647081 
0.4625822 
0.4604680 
0.4617013 
0.4595972 
0.4552943 
0.4574888 
0.4522273 
0.4445460 
0.4427119 
0.4416865 
0.4386179 
0.4382830 
0.4344685 
0.4352033 
0.4371660 
0.4412580 
0.4410428 
0.4398711 
0.4421645 
0.4402657 
0.4423147 
0.4378092 
0.4406048 
0.4392713 
0.4423700 
0.4429329 
0.4410958 
0.4361483 
0.4338310 
0.4368715 
0.4383833 
0.4368571 
0.4341157 
0.4339866 
0.4270260 
0.4286317 
0.4270538 
0.4307537 
0.4313257 
0.4275452 
0.4297060 
0.4340441 
0.4320459 
0.4313754 
0.4275369 
0.4233051 
0.4258491 
0.4270739 
0.4270767 
0.4364555 
0.4337838 
0.4370019 
0.4396511 
0.4422593 
0.4399109 
0.4356705 
0.4291224 
0.4251224 
0.4199723 
0.4209579 
0.4196226 
0.4218811 
0.4276583 
0.4255147 
0.4249992 
0.4172903 
0.4127850 
0.4108626 
0.4099029 
0.4087080 
0.4075155 
0.4117964 
0.4144178 
0.4097521 
0.4100550 
0.4123469 
0.4155218 
0.4139624 
0.4106205 
0.4105029 
0.4138420 
0.4164469 
0.4175273 
0.4167880 
0.4141232 
0.4154088 
0.4132725 
0.4139326 
0.4121302 
0.4140720 
0.4107167 
0.4108323 
0.4036479 
0.4021053 
0.4042810 
0.4069128 
0.4135482 
0.4124476 
0.4074420 
0.4110958 
0.4130856 
0.4119057 
0.4128601 
0.4049332 
0.4033098 
0.3940421 
0.3930642 
0.3925291 
0.3956058 
0.3939433 
0.3939636 
0.3850481 
0.3830991 
0.3840369 
0.3832972 
0.3837424 
0.3812761 
0.3842743 
0.3844391 
0.3839641 
0.3813493 
0.3818134 
0.3826925 
0.3778304 
0.3728489 
0.3704484 
0.3753963 
0.3770616 
0.3852890 
0.3862079 
0.3842518 
0.3830420 
0.3823909 
0.3837662 
0.3893810 
0.3914523 
0.3953847 
0.3969586 
0.4002116 
0.4019976 
0.3992683 
0.3978710 
0.3958848 
0.3974129 
0.3952558 
0.4006164 
0.4004896 
0.3949757 
0.3945972 
0.3932824 
0.3933606 
0.3937175 
0.3949104 
0.3918446 
0.3828183 
0.3792682 
0.3795381 
0.3816033 
0.3801906 
0.3770918 
0.3733230 
0.3702960 
0.3745998 
0.3760181 
0.3762266 
0.3746383 
0.3679813 
0.3627800 
0.3602469 
0.3619339 
0.3610286 
0.3562144 
0.3527227 
0.3478453 
0.3494018 
0.3466083 
0.3459975 
0.3493279 
0.3516318 
0.3452124 
0.3463825 
0.3456324 
0.3519585 
0.3566434 
0.3518910 
0.3522708 
0.3522660 
0.3490902 
0.3468703 
0.3441152 
0.3443972 
0.3448186 
0.3425846 
0.3449591 
0.3430109 
0.3406030 
0.3412723 
0.3423500 
0.3460367 
0.3498845 
0.3497174 
0.3515443 
0.3473771 
0.3457166 
0.3487806 
0.3547216 
0.3551383 
0.3577683 
0.3505693 
0.3484483 
0.3499426 
0.3586626 
0.3652636 
0.3638205 
0.3549645 
0.3468998 
0.3435639 
0.3431852 
0.3507328 
0.3461635 
0.3425233 
0.3349457 
0.3335837 
0.3377073 
0.3386241 
0.3343768 
0.3285145 
0.3302058 
0.3314959 
0.3286132 
0.3223909 
0.3211850 
0.3160750 
0.3162310 
0.3184524 
0.3250013 
0.3251844 
0.3276040 
0.3268145 
0.3268214 
0.3188105 
0.3159783 
0.3181633 
0.3188674 
0.3236487 
0.3261285 
0.3232947 
0.3191299 
0.3155669 
0.3102061 
0.3106913 
0.3103036 
0.3130564 
0.3121311 
0.3086583 
0.3061452 
0.3084800 
0.3068024 
0.3086938 
0.3110935 
0.3114266 
0.3100647 
0.3079205 
0.3083709 
0.3086154 
0.3098389 
0.3113186 
0.3101687 
0.3092884 
0.3072502 
0.3160406 
0.3179625 
0.3255793 
0.3245894 
0.3255242 
0.3239709 
0.3214008 
0.3217977 
0.3208555 
0.3156352 
0.3150692 
0.3119959 
0.3147336 
0.3167485 
0.3167460 
0.3121938 
0.3120361 
0.3137005 
0.3104184 
0.3138448 
0.3117501 
0.3083643 
0.3043764 
0.3064703 
0.3050773 
0.3081157 
0.3050550 
0.3069610 
0.3050446 
0.3011944 
0.3039245 
0.3031497 
0.3069508 
0.3031413 
0.3002590 
0.2963790 
0.2990828 
0.2984579 
0.2957410 
0.2942634 
0.2928416 
0.2927436 
0.2930857 
0.2924825 
0.2891312 
0.2894204 
0.2944157 
0.2961422 
0.2978257 
0.2980500 
0.2978169 
0.2969663 
0.2955085 
0.2901264 
0.2889059 
0.2836723 
0.2864790 
0.2873854 
0.2808763 
0.2799934 
0.2776359 
0.2785483 
0.2786927 
0.2802369 
0.2768590 
0.2753089 
0.2828572 
0.2785158 
0.2795862 
0.2818269 
0.2872858 
0.2875251 
0.2874965 
0.2903059 
0.2881980 
0.2830761 
0.2840059 
0.2867872 
0.2929509 
0.2941410 
0.2899418 
0.2896619 
0.2878365 
0.2831872 
0.2767323 
0.2758782 
0.2749397 
0.2712640 
0.2681642 
0.2650917 
0.2623591 
0.2627382 
0.2670079 
0.2691045 
0.2670166 
0.2617894 
0.2594474 
0.2594176 
0.2582663 
0.2579827 
0.2562510 
0.2598507 
0.2604911 
0.2581886 
0.2631883 
0.2625946 
0.2641312 
0.2636044 
0.2647658 
0.2664129 
0.2673946 
0.2636283 
0.2581758 
0.2604633 
0.2578908 
0.2595621 
0.2601278 
0.2580575 
0.2562735 
0.2528274 
0.2565250 
0.2571407 
0.2544938 
0.2528448 
0.2520271 
0.2489947 
0.2499786 
0.2531384 
0.2551551 
0.2511326 
0.2518608 
0.2494298 
0.2430930 
0.2452553 
0.2443652 
0.2468542 
0.2491658 
0.2462500 
0.2458950 
0.2436627 
0.2413276 
0.2374906 
0.2392114 
0.2416502 
0.2394558 
0.2415609 
0.2395392 
0.2370554 
0.2368942 
0.2331047 
0.2366314 
0.2402752 
0.2372792 
0.2388096 
0.2387420 
0.2361053 
0.2343995 
0.2342170 
0.2200315 
0.2209639 
0.2198201 
0.2151473 
0.2147943 
0.2148614 
0.2129751 
0.2164845 
0.2195280 
0.2269225 
0.2312718 
0.2328783 
0.2298414 
0.2275739 
0.2220472 
0.2199778 
0.2192698 
0.2230575 
0.2257594 
0.2237333 
0.2239327 
0.2235888 
0.2243445 
0.2236920 
0.2227889 
0.2191800 
0.2168899 
0.2148606 
0.2140010 
0.2170049 
0.2148462 
0.2175448 
0.2182608 
0.2200054 
0.2246600 
0.2207234 
0.2253784 
0.2258485 
0.2202813 
0.2180512 
0.2166231 
0.2156820 
0.2155393 
0.2208695 
0.2257455 
0.2278073 
0.2260601 
0.2289508 
0.2301116 
0.2292328 
0.2231631 
0.2208265 
0.2179573 
0.2158952 
0.2081541 
0.2105497 
0.2109132 
0.2134252 
0.2080149 
0.2084609 
0.2066011 
0.2056814 
0.2080606 
0.2092095 
0.2082866 
0.2112872 
0.2068825 
0.2074551 
0.2127526 
0.2185491 
0.2217958 
0.2186358 
0.2221436 
0.2231709 
0.2215493 
0.2221367 
0.2210221 
0.2216160 
0.2202702 
0.2138976 
0.2091965 
0.2071218 
0.2046333 
0.2015669 
0.2004210 
0.1992172 
0.1999682 
0.2007542 
0.1980061 
0.2016665 
0.2044567 
0.1993447 
0.1993269 
0.1978895 
0.1920185 
0.1915446 
0.1913993 
0.1900609 
0.1919094 
0.1915381 
0.1859522 
0.1839477 
0.1862531 
0.1817632 
0.1816615 
0.1812813 
0.1788101 
0.1782653 
0.1773306 
0.1808192 
0.1821633 
0.1893978 
0.1908311 
0.1936954 
0.1955045 
0.1967313 
0.1986043 
0.1952237 
0.1929570 
0.1901780 
0.1898682 
0.1882813 
0.1889977 
0.1855010 
0.1878009 
0.1854989 
0.1822873 
0.1819704 
0.1811200 
0.1811854 
0.1771050 
0.1795494 
0.1804644 
0.1790890 
0.1754803 
0.1764541 
0.1789535 
0.1813714 
0.1817040 
0.1832418 
0.1790882 
0.1772826 
0.1739891 
0.1726984 
0.1689538 
0.1655083 
0.1632346 
0.1624318 
0.1619076 
0.1586808 
0.1580636 
0.1581429 
0.1626925 
0.1649614 
0.1671433 
0.1682572 
0.1624103 
0.1599855 
0.1612451 
0.1657252 
0.1710318 
0.1719206 
0.1727257 
0.1712332 
0.1666483 
0.1638390 
0.1637748 
0.1651095 
0.1689354 
0.1731332 
0.1719088 
0.1707315 
0.1672190 
0.1678842 
0.1637015 
0.1641610 
0.1634976 
0.1551442 
0.1578990 
0.1567162 
0.1602964 
0.1604755 
0.1598173 
0.1602669 
0.1563264 
0.1551083 
0.1504650 
0.1499276 
0.1471844 
0.1458668 
0.1445673 
0.1463400 
0.1396619 
0.1400425 
0.1421890 
0.1341876 
0.1336980 
0.1332804 
0.1354492 
0.1379439 
0.1390221 
0.1411305 
0.1485429 
0.1557525 
0.1558528 
0.1562581 
0.1545043 
0.1513104 
0.1535257 
0.1492929 
0.1482839 
0.1502044 
0.1494507 
0.1537926 
0.1528520 
0.1512659 
0.1492608 
0.1469846 
0.1455000 
0.1442070 
0.1475940 
0.1492690 
0.1509605 
0.1538774 
0.1574848 
0.1577873 
0.1536582 
0.1454934 
0.1396495 
0.1426031 
0.1430665 
0.1396460 
0.1376150 
0.1348196 
0.1297345 
0.1300426 
0.1223697 
0.1235707 
0.1259020 
0.1247081 
0.1241577 
0.1229082 
0.1228289 
0.1226133 
0.1245889 
0.1263239 
0.1276303 
0.1311001 
0.1335886 
0.1275442 
0.1238557 
0.1219172 
0.1227440 
0.1195556 
0.1201903 
0.1222439 
0.1256352 
0.1317089 
0.1349171 
0.1354111 
0.1340384 
0.1296743 
0.1209958 
0.1185817 
0.1215102 
0.1233294 
0.1249032 
0.1282838 
0.1274203 
0.1236640 
0.1222165 
0.1240151 
0.1242426 
0.1261605 
0.1252401 
0.1266525 
0.1347186 
0.1372142 
0.1346640 
0.1280341 
0.1228459 
0.1176599 
0.1141759 
0.1127400 
0.1102172 
0.1080698 
0.1084536 
0.1057153 
0.1097135 
0.1087984 
0.1089480 
0.1096769 
0.1106537 
0.1103233 
0.1032769 
0.1056559 
0.1049409 
0.1007528 
0.0963206 
0.0902285 
0.0854998 
0.0868586 
0.0865270 
0.0861035 
0.0927031 
0.0990959 
0.1022082 
0.1035581 
0.1006270 
0.1006639 
0.0973263 
0.0904168 
0.0902281 
0.0948996 
0.0946839 
0.0956601 
0.0944777 
0.0984385 
0.0945554 
0.0905330 
0.0895586 
0.0918494 
0.0913728 
0.0932042 
0.0951459 
0.0958492 
0.0943949 
0.0902621 
0.0888574 
0.0890739 
0.0888238 
0.0921318 
0.0959272 
0.1002878 
0.0991872 
0.0923262 
0.0973081 
0.1029180 
0.1073663 
0.1098394 
0.1039197 
0.1007271 
0.0980220 
0.0916908 
0.0885641 
0.0822101 
0.0788596 
0.0787386 
0.0730936 
0.0715233 
0.0672279 
0.0638234 
0.0601260 
0.0605482 
0.0620000 
0.0642153 
0.0677346 
0.0703110 
0.0719839 
0.0709184 
0.0703270 
0.0706926 
0.0747915 
0.0774771 
0.0780055 
0.0800459 
0.0776960 
0.0785387 
0.0770767 
0.0779731 
0.0795467 
0.0776473 
0.0744316 
0.0680867 
0.0635152 
0.0672843 
0.0699507 
0.0725901 
0.0729701 
0.0658310 
0.0570822 
0.0553635 
0.0534017 
0.0480939 
0.0478238 
0.0524338 
0.0576122 
0.0616341 
0.0656642 
0.0676309 
0.0673386 
0.0644512 
0.0601345 
0.0590106 
0.0557005 
0.0539120 
0.0544763 
0.0599302 
0.0660353 
0.0727573 
0.0739725 
0.0762852 
0.0740650 
0.0694003 
0.0602589 
0.0528617 
0.0522941 
0.0545734 
0.0576440 
0.0606330 
0.0611136 
0.0571713 
0.0526383 
0.0464614 
0.0427635 
0.0387846 
0.0582448 
0.0559428 
0.0539466 
0.0518561 
0.0504488 
0.0480766 
0.0510855 
0.0503347 
0.0509020 
0.0452795 
0.0335105 
0.0275366 
0.0234247 
0.0205052 
0.0188698 
0.0234756 
0.0304888 
0.0358444 
0.0344053 
0.0326189 
0.0273624 
0.0215957 
0.0153456 
0.0107131 
0.0088764 
0.0065643 
0.0069329 
0.0096882 
0.0134632 
0.0207804 
0.0275275 
0.0373295 
0.0422848 
0.0486148 
0.0548290 
0.0528065 
0.0487264 
0.0494678 
0.0495511 
0.0477327 
0.0492206 
0.0484565 
0.0422912 
0.0395036 
0.0360235 
0.0331233 
0.0329346 
0.0300588 
0.0282031 
0.0268955 
0.0291816 
0.0275173 
0.0290862 
0.0359193 
0.0380288 
0.0376234 
0.0398821 
0.0381089 
0.0394750 
0.0429016 
0.0430648 
0.0493400 
0.0521433 
0.0543508 
0.0602399 
0.0610197 
0.0578985 
0.0558986 
0.0583572 
0.0473404 
0.0489895 
0.0480594 
0.0476096 
0.0465026 
0.0453906 
0.0369176 
0.0317077 
0.0243301 
0.0180717 
0.0084962 
0.0050868 
0.0034329 
0.0000000 
0.0046764 
