0.0000867 
0.0000969 
-0.0000864 
-0.4560735 
-0.2432155 
-0.3363994 
0.0013170 
0.0009465 
0.0014164 
0.0026401 
0.0000000 
0.0017703 
0.0041949 
0.0024364 
0.0007459 
0.0015858 
0.0028456 
0.0030664 
0.0018791 
0.0028884 
0.0026823 
0.0012148 
0.0012657 
0.0019180 
0.0009933 
0.0024524 
0.0050885 
0.0039852 
0.0023358 
0.0003093 
0.0034357 
0.0028814 
0.0033401 
0.0058131 
0.0078611 
0.0110622 
0.0092732 
0.0084510 
0.0077499 
0.0056887 
0.0068510 
0.0080157 
0.0110023 
0.0115174 
0.0103099 
0.0098573 
0.0089191 
0.0090714 
0.0095405 
0.0110904 
0.0130700 
0.0140482 
0.0133169 
0.0133317 
0.0143853 
0.0166632 
0.0167654 
0.0178945 
0.0177261 
0.0199364 
0.0190347 
0.0202199 
0.0214604 
0.0242105 
0.0258840 
0.0264029 
0.0283694 
0.0279102 
0.0272145 
0.0254543 
0.0272134 
0.0249128 
0.0263945 
0.0294762 
0.0311624 
0.0295652 
0.0294309 
0.0296321 
0.0314119 
0.0301530 
0.0325843 
0.0342951 
0.0352848 
0.0352939 
0.0368429 
0.0351362 
0.0362998 
0.0366983 
0.0378232 
0.0384703 
0.0386575 
0.0420896 
0.0424504 
0.0410804 
0.0427532 
0.0423677 
0.0433601 
0.0458994 
0.0477244 
0.0477181 
0.0432262 
0.0438303 
0.0431824 
0.0460261 
0.0446553 
0.0431691 
0.0439546 
0.0447469 
0.0453133 
0.0462332 
0.0485512 
0.0458387 
0.0456308 
0.0438499 
0.0424655 
0.0431149 
0.0445245 
0.0446274 
0.0441982 
0.0446814 
0.0474950 
0.0485099 
0.0472996 
0.0469121 
0.0472904 
0.0477721 
0.0482310 
0.0512657 
0.0504681 
0.0502471 
0.0509848 
0.0522021 
0.0533850 
0.0517806 
0.0530571 
0.0523800 
0.0542755 
0.0542466 
0.0554223 
0.0571117 
0.0582296 
0.0556139 
0.0527606 
0.0544043 
0.0569402 
0.0552823 
0.0561530 
0.0551312 
0.0542039 
0.0550640 
0.0575014 
0.0589578 
0.0593053 
0.0601675 
0.0590806 
0.0580392 
0.0609848 
0.0615085 
0.0613374 
0.0592512 
0.0588430 
0.0597311 
0.0602471 
0.0591561 
0.0594325 
0.0606991 
0.0605927 
0.0605868 
0.0601558 
0.0610919 
0.0651827 
0.0648718 
0.0651070 
0.0653386 
0.0638393 
0.0634709 
0.0641846 
0.0666232 
0.0663619 
0.0674195 
0.0675353 
0.0678065 
0.0676942 
0.0694385 
0.0714541 
0.0717229 
0.0724162 
0.0709465 
0.0709625 
0.0722145 
0.0730581 
0.0752269 
0.0758534 
0.0772695 
0.0781104 
0.0787860 
0.0799943 
0.0806921 
0.0821686 
0.0817291 
0.0818077 
0.0840188 
0.0844562 
0.0828090 
0.0829114 
0.0814542 
0.0836087 
0.0838139 
0.0832116 
0.0844711 
0.0854751 
0.0846602 
0.0850217 
0.0852433 
0.0855199 
0.0866929 
0.0844011 
0.0857597 
0.0860194 
0.0891745 
0.0888674 
0.0894698 
0.0904990 
0.0908112 
0.0892202 
0.0918663 
0.0912074 
0.0944028 
0.0946951 
0.0959813 
0.0952602 
0.0952719 
0.0941760 
0.0948027 
0.0942174 
0.0937530 
0.0925712 
0.0929122 
0.0950710 
0.0970546 
0.0968429 
0.0996151 
0.0989859 
0.0987451 
0.0975114 
0.0964474 
0.0973616 
0.0971764 
0.0999160 
0.1019792 
0.1020548 
0.1021040 
0.1005962 
0.1003781 
0.1029225 
0.1030782 
0.1059554 
0.1070803 
0.1089756 
0.1107404 
0.1114792 
0.1116065 
0.1125941 
0.1106239 
0.1101284 
0.1118084 
0.1119314 
0.1136335 
0.1100149 
0.1097429 
0.1116475 
0.1104175 
0.1102828 
0.1116892 
0.1126138 
0.1111773 
0.1119288 
0.1136697 
0.1172489 
0.1173614 
0.1168944 
0.1144526 
0.1145869 
0.1162333 
0.1160330 
0.1164985 
0.1182986 
0.1184115 
0.1171124 
0.1168802 
0.1176823 
0.1181992 
0.1178388 
0.1154522 
0.1185010 
0.1176821 
0.1178887 
0.1175838 
0.1174963 
0.1179591 
0.1204354 
0.1224952 
0.1224484 
0.1205015 
0.1194628 
0.1191364 
0.1186382 
0.1176833 
0.1188052 
0.1193314 
0.1203306 
0.1206778 
0.1241122 
0.1256919 
0.1247207 
0.1259569 
0.1273729 
0.1275352 
0.1289745 
0.1290335 
0.1314219 
0.1299582 
0.1309776 
0.1312801 
0.1305455 
0.1321166 
0.1355290 
0.1368072 
0.1359093 
0.1371654 
0.1364438 
0.1371909 
0.1360125 
0.1372986 
0.1405584 
0.1424159 
0.1440579 
0.1419982 
0.1429452 
0.1420717 
0.1440161 
0.1438656 
0.1445898 
0.1468843 
0.1488426 
0.1502978 
0.1493353 
0.1475289 
0.1497392 
0.1518729 
0.1489012 
0.1452640 
0.1483188 
0.1484640 
0.1485355 
0.1498946 
0.1490056 
0.1508459 
0.1501305 
0.1508725 
0.1492072 
0.1484947 
0.1503095 
0.1516091 
0.1532067 
0.1517321 
0.1525584 
0.1535816 
0.1560515 
0.1582596 
0.1583495 
0.1582307 
0.1568862 
0.1579717 
0.1598992 
0.1597431 
0.1627609 
0.1640317 
0.1673213 
0.1677944 
0.1677243 
0.1662609 
0.1666172 
0.1674663 
0.1660038 
0.1647633 
0.1639195 
0.1642933 
0.1669577 
0.1684929 
0.1693231 
0.1682255 
0.1695088 
0.1697481 
0.1688330 
0.1699949 
0.1714306 
0.1702948 
0.1705349 
0.1728827 
0.1726018 
0.1720391 
0.1715070 
0.1745844 
0.1768653 
0.1790987 
0.1778342 
0.1790386 
0.1788085 
0.1799785 
0.1820047 
0.1866452 
0.1886102 
0.1889112 
0.1895358 
0.1874702 
0.1870809 
0.1880972 
0.1875185 
0.1893017 
0.1893239 
0.1932821 
0.1913409 
0.1935903 
0.1918449 
0.1958465 
0.1973085 
0.1966428 
0.1976187 
0.1964849 
0.1996348 
0.2004785 
0.2010533 
0.2039257 
0.2045559 
0.2057156 
0.2044189 
0.2020882 
0.2017599 
0.2028376 
0.2035937 
0.2035936 
0.2020183 
0.2026355 
0.2076998 
0.2054984 
0.2072129 
0.2102928 
0.2088723 
0.2059744 
0.2069640 
0.2063000 
0.2061789 
0.2087320 
0.2100075 
0.2105093 
0.2089409 
0.2124163 
0.2115715 
0.2133903 
0.2109775 
0.2103175 
0.2099058 
0.2110055 
0.2117750 
0.2153204 
0.2125477 
0.2109864 
0.2132279 
0.2136617 
0.2147249 
0.2158775 
0.2155191 
0.2158299 
0.2153179 
0.2136550 
0.2168402 
0.2188133 
0.2193593 
0.2215220 
0.2216302 
0.2226484 
0.2228927 
0.2223268 
0.2194660 
0.2213558 
0.2219267 
0.2265770 
0.2257662 
0.2281887 
0.2267199 
0.2273289 
0.2263136 
0.2284383 
0.2294647 
0.2303089 
0.2299350 
0.2314540 
0.2288365 
0.2286142 
0.2321807 
0.2319210 
0.2306447 
0.2309843 
0.2336297 
0.2333498 
0.2317743 
0.2315100 
0.2351527 
0.2364309 
0.2337708 
0.2365151 
0.2374042 
0.2372225 
0.2384043 
0.2403297 
0.2406903 
0.2417754 
0.2427149 
0.2424461 
0.2424280 
0.2441565 
0.2454180 
0.2452917 
0.2451743 
0.2471299 
0.2436626 
0.2440177 
0.2440440 
0.2463781 
0.2445760 
0.2468716 
0.2462894 
0.2461569 
0.2475905 
0.2480979 
0.2481000 
0.2475822 
0.2527069 
0.2519814 
0.2522397 
0.2515058 
0.2518449 
0.2513895 
0.2531300 
0.2513517 
0.2514580 
0.2558493 
0.2544219 
0.2527136 
0.2558144 
0.2560071 
0.2558278 
0.2568977 
0.2595107 
0.2577736 
0.2590003 
0.2602824 
0.2619642 
0.2634675 
0.2625795 
0.2642750 
0.2635334 
0.2659612 
0.2673163 
0.2694418 
0.2711132 
0.2721649 
0.2704631 
0.2717357 
0.2718952 
0.2716443 
0.2731532 
0.2740083 
0.2751780 
0.2761857 
0.2748144 
0.2783435 
0.2793696 
0.2770890 
0.2781736 
0.2780379 
0.2780967 
0.2821558 
0.2847786 
0.2831196 
0.2812200 
0.2820252 
0.2867827 
0.2907679 
0.2894382 
0.2898079 
0.2899010 
0.2891878 
0.2902266 
0.2914773 
0.2951936 
0.2950990 
0.2947443 
0.2970421 
0.2974760 
0.2964482 
0.2987050 
0.2960454 
0.2962560 
0.2969684 
0.2936935 
0.2974425 
0.3019004 
0.3009508 
0.2985030 
0.2996871 
0.2993671 
0.3007781 
0.2995361 
0.2993584 
0.2994820 
0.3039833 
0.3043828 
0.3036495 
0.3025609 
0.3012313 
0.2995578 
0.3019603 
0.3029535 
0.3037492 
0.3048732 
0.3028875 
0.3036476 
0.3033014 
0.3040091 
0.3057898 
0.3061092 
0.3056669 
0.3043758 
0.3051355 
0.3073820 
0.3085957 
0.3044364 
0.3045143 
0.3077606 
0.3054275 
0.3088130 
0.3093254 
0.3074030 
0.3085944 
0.3079743 
0.3082816 
0.3100980 
0.3094841 
0.3118359 
0.3133067 
0.3149983 
0.3160420 
0.3153451 
0.3167316 
0.3172508 
0.3153164 
0.3153939 
0.3154930 
0.3168000 
0.3171779 
0.3163584 
0.3159661 
0.3173528 
0.3180646 
0.3203872 
0.3237269 
0.3273373 
0.3248052 
0.3241811 
0.3246515 
0.3255001 
0.3256037 
0.3242791 
0.3255518 
0.3246697 
0.3254319 
0.3253409 
0.3263767 
0.3236448 
0.3244268 
0.3277328 
0.3269361 
0.3283379 
0.3315814 
0.3325217 
0.3312025 
0.3328300 
0.3343911 
0.3337042 
0.3337137 
0.3347301 
0.3349198 
0.3352011 
0.3362827 
0.3400224 
0.3392627 
0.3416573 
0.3417507 
0.3472427 
0.3419716 
0.3456028 
0.3446380 
0.3467585 
0.3464065 
0.3469874 
0.3455610 
0.3435158 
0.3451161 
0.3505370 
0.3490951 
0.3490902 
0.3498006 
0.3497416 
0.3482105 
0.3471897 
0.3476693 
0.3488515 
0.3473265 
0.3506076 
0.3539893 
0.3531069 
0.3542772 
0.3527533 
0.3508037 
0.3493273 
0.3537726 
0.3547363 
0.3563528 
0.3571770 
0.3571764 
0.3613180 
0.3600706 
0.3607766 
0.3585225 
0.3592149 
0.3608754 
0.3618720 
0.3639137 
0.3606820 
0.3605214 
0.3555519 
0.3566045 
0.3603973 
0.3615105 
0.3634287 
0.3670284 
0.3678982 
0.3649558 
0.3666498 
0.3688472 
0.3678211 
0.3708821 
0.3701686 
0.3697310 
0.3714957 
0.3734803 
0.3724032 
0.3770689 
0.3786891 
0.3790592 
0.3792186 
0.3779242 
0.3785122 
0.3796393 
0.3777767 
0.3786484 
0.3792906 
0.3789524 
0.3815954 
0.3806049 
0.3833262 
0.3834319 
0.3865943 
0.3877982 
0.3880964 
0.3865476 
0.3858271 
0.3822273 
0.3834568 
0.3817304 
0.3876579 
0.3866988 
0.3866189 
0.3845266 
0.3831143 
0.3843441 
0.3856115 
0.3918759 
0.3922203 
0.3932754 
0.3928343 
0.3959041 
0.3925999 
0.3927024 
0.3931615 
0.3926607 
0.3919363 
0.3925584 
0.3944877 
0.3940736 
0.3949799 
0.3943760 
0.3971456 
0.3991748 
0.3987935 
0.4006017 
0.4026554 
0.4039982 
0.4084545 
0.4074350 
0.4131116 
0.4127641 
0.4130290 
0.4131992 
0.4126066 
0.4113050 
0.4069780 
0.4005451 
0.3938664 
0.3910495 
0.3930751 
0.3954588 
0.3969322 
0.3972097 
0.3985398 
0.3975442 
0.3995314 
0.4002358 
0.4033064 
0.4072525 
0.4073826 
0.4096200 
0.4094795 
0.4104483 
0.4111560 
0.4095741 
0.4105261 
0.4134488 
0.4136985 
0.4166265 
0.4170004 
0.4181590 
0.4185447 
0.4198889 
0.4209024 
0.4237193 
0.4233591 
0.4219079 
0.4248437 
0.4237748 
0.4222271 
0.4232169 
0.4260728 
0.4287172 
0.4308242 
0.4325709 
0.4323627 
0.4352740 
0.4357276 
0.4388484 
0.4386273 
0.4411094 
0.4410489 
0.4438303 
0.4434513 
0.4433062 
0.4427308 
0.4410160 
0.4424282 
0.4444176 
0.4431299 
0.4416467 
0.4452988 
0.4456729 
0.4447173 
0.4420222 
0.4425213 
0.4448194 
0.4446315 
0.4438797 
0.4433204 
0.4426219 
0.4444727 
0.4435403 
0.4453939 
0.4424915 
0.4470303 
0.4443716 
0.4440720 
0.4448353 
0.4454332 
0.4475332 
0.4489143 
0.4484896 
0.4487409 
0.4493142 
0.4506310 
0.4502029 
0.4495354 
0.4516920 
0.4529809 
0.4555530 
0.4550696 
0.4561001 
0.4566123 
0.4585993 
0.4608960 
0.4631549 
0.4645016 
0.4635024 
0.4665535 
0.4689088 
0.4699103 
0.4690512 
0.4694862 
0.4707706 
0.4705538 
0.4714338 
0.4744813 
0.4716866 
0.4720430 
0.4689387 
0.4737702 
0.4747915 
0.4753008 
0.4768789 
0.4780640 
0.4780898 
0.4798233 
0.4764361 
0.4745980 
0.4760784 
0.4763829 
0.4752255 
0.4769594 
0.4775377 
0.4771356 
0.4788642 
0.4765682 
0.4777171 
0.4765954 
0.4770192 
0.4793945 
0.4803529 
0.4847739 
0.4839412 
0.4841514 
0.4862862 
0.4852655 
0.4863442 
0.4839603 
0.4843541 
0.4810801 
0.4829903 
0.4833109 
0.4831101 
0.4851324 
0.4834619 
0.4845531 
0.4868282 
0.4878419 
0.4906164 
0.4875215 
0.4901391 
0.4907413 
0.4898276 
0.4925329 
0.4935872 
0.4937947 
0.4991301 
0.4970017 
0.4984032 
0.5000911 
0.5019915 
0.5033307 
0.5033490 
0.4989708 
0.5022821 
0.5043081 
0.5117683 
0.5137817 
0.5147395 
0.5132190 
0.5177177 
0.5193379 
0.5249017 
0.5255730 
0.5259729 
0.5241390 
0.5219246 
0.5240683 
0.5204280 
0.5172837 
0.5195982 
0.5216729 
0.5236096 
0.5268885 
0.5290041 
0.5290633 
0.5263076 
0.5275998 
0.5304254 
0.5298090 
0.5300615 
0.5296651 
0.5301869 
0.5323824 
0.5337232 
0.5321945 
0.5343470 
0.5321236 
0.5305623 
0.5311852 
0.5318622 
0.5355006 
0.5356744 
0.5343502 
0.5361973 
0.5346976 
0.5329673 
0.5346240 
0.5350364 
0.5367480 
0.5369717 
0.5399492 
0.5395959 
0.5404845 
0.5373461 
0.5426396 
0.5435224 
0.5436684 
0.5427902 
0.5436340 
0.5435439 
0.5455471 
0.5440920 
0.5446334 
0.5440619 
0.5438425 
0.5459214 
0.5469276 
0.5480254 
0.5486787 
0.5503991 
0.5488718 
0.5503376 
0.5108951 
0.5121682 
0.5126553 
0.5165316 
0.5140319 
0.5171312 
0.5219895 
0.5269423 
0.5284266 
0.5331776 
0.5393185 
0.5383318 
0.5407698 
0.5442819 
0.5473861 
0.5494020 
0.5484255 
0.5484661 
0.5426884 
0.5462360 
0.5462464 
0.5486815 
0.5524578 
0.5532561 
0.5574740 
0.5591746 
0.5576469 
0.5572698 
0.5579369 
0.5557160 
0.5580592 
0.5592798 
0.5594202 
0.5577169 
0.5564553 
0.5574102 
0.5543677 
0.5560533 
0.5603343 
0.5624000 
0.5609823 
0.5623830 
0.5622276 
0.5627641 
0.5649571 
0.5686171 
0.5685553 
0.5711115 
0.5709565 
0.5707893 
0.5724515 
0.5736280 
0.5746842 
0.5781041 
0.5758784 
0.5785859 
0.5836326 
0.5828802 
0.5849420 
0.5838691 
0.5860004 
0.5873822 
0.5878752 
0.5894872 
0.5898399 
0.5897813 
0.5879662 
0.5890543 
0.5896444 
0.5883660 
0.5922329 
0.5934689 
0.5924382 
0.5931941 
0.5959611 
0.5941178 
0.5959620 
0.5986939 
0.5959899 
0.5976199 
0.5946403 
0.5986659 
0.6027991 
0.6021300 
0.6025792 
0.6029642 
0.6056869 
0.6070278 
0.6064536 
0.6076417 
0.6103925 
0.6099380 
0.6102945 
0.6107668 
0.6103087 
0.6123965 
0.6105382 
0.6093661 
0.6121117 
0.6116219 
0.6148321 
0.6145188 
0.6133240 
0.6153981 
0.6158868 
0.6173410 
0.6170904 
0.6171831 
0.6209003 
0.6232326 
0.6245311 
0.6219440 
0.6165606 
0.6171930 
0.6178527 
0.6184787 
0.6188377 
0.6164922 
0.6184551 
0.6196874 
0.6175581 
0.6198117 
0.6225909 
0.6246525 
0.6251541 
0.6315840 
0.6337882 
0.6312769 
0.6314207 
0.6303517 
0.6318165 
0.6325738 
0.6343867 
0.6368572 
0.6367720 
0.6381284 
0.6396658 
0.6400698 
0.6418015 
0.6417589 
0.6445876 
0.6405674 
0.6433284 
0.6457527 
0.6464646 
0.6454843 
0.6454411 
0.6444544 
0.6451827 
0.6440718 
0.6527380 
0.6565198 
0.6568504 
0.6584324 
0.6589954 
0.6543661 
0.6530593 
0.6517248 
0.6517426 
0.6511380 
0.6495713 
0.6458202 
0.6472534 
0.6468309 
0.6466500 
0.6441144 
0.6459752 
0.6459047 
0.6453878 
0.6448615 
0.6472276 
0.6485834 
0.6486322 
0.6486139 
0.6493676 
0.6503685 
0.6509086 
0.6541831 
0.6522092 
0.6512277 
0.6527601 
0.6539934 
0.6545990 
0.6544505 
0.6554409 
0.6576645 
0.6623052 
0.6597119 
0.6613197 
0.6656762 
0.6654999 
0.6639625 
0.6628059 
0.6646944 
0.6644562 
0.6622541 
0.6618716 
0.6658379 
0.6665187 
0.6665552 
0.6698135 
0.6640923 
0.6686005 
0.6669302 
0.6665979 
0.6645866 
0.6639965 
0.6670734 
0.6615185 
0.6624938 
0.6664713 
0.6664598 
0.6669909 
0.6665482 
0.6686631 
0.6640013 
0.6661869 
0.6673681 
0.6665227 
0.6661340 
0.6632835 
0.6665476 
0.6651667 
0.6663733 
0.6709274 
0.6719168 
0.6704718 
0.6727759 
0.6733643 
0.6785340 
0.6796362 
0.6846137 
0.6897304 
0.6906446 
0.6897643 
0.6935462 
0.6941247 
0.6942496 
0.6927820 
0.6967695 
0.6953055 
0.6968107 
0.6986073 
0.7002914 
0.7003630 
0.7059651 
0.7064521 
0.7080253 
0.7065066 
0.7082369 
0.7109803 
0.7108188 
0.7139484 
0.7165742 
0.7167855 
0.7168393 
0.7188200 
0.7165704 
0.7178083 
0.7158639 
0.7177467 
0.7175385 
0.7163115 
0.7201122 
0.7202832 
0.7192015 
0.7175608 
0.7256871 
0.7233114 
0.7225746 
0.7264349 
0.7254503 
0.7266687 
0.7245796 
0.7258722 
0.7233349 
0.7223755 
0.7225842 
0.7226097 
0.7276853 
0.7291742 
0.7287868 
0.7303325 
0.7311702 
0.7285014 
0.7312821 
0.7317113 
0.7303082 
0.7302301 
0.7309580 
0.7269645 
0.7286449 
0.7254706 
0.7313685 
0.7284417 
0.7321221 
0.7311313 
0.7325513 
0.7353985 
0.7361935 
0.7392731 
0.7410155 
0.7360853 
0.7363978 
0.7377104 
0.7385947 
0.7348180 
0.7361739 
0.7354855 
0.7361715 
0.7368460 
0.7400230 
0.7408331 
0.7459461 
0.7501607 
0.7497046 
0.7507802 
0.7484791 
0.7466763 
0.7477750 
0.7471579 
0.7503663 
0.7489750 
0.7496960 
0.7474743 
0.7469305 
0.7488785 
0.7498335 
0.7490513 
0.7545485 
0.7533342 
0.7546838 
0.7556087 
0.7564037 
0.7582255 
0.7576649 
0.7579819 
0.7611892 
0.7625927 
0.7629784 
0.7621260 
0.7630518 
0.7623818 
0.7603133 
0.7606077 
0.7620386 
0.7609406 
0.7596064 
0.7621461 
0.7627535 
0.7636881 
0.7652545 
0.7694235 
0.7611864 
0.7605301 
0.7666538 
0.7716624 
0.7770323 
0.7757357 
0.7798594 
0.7788035 
0.7741092 
0.7669251 
0.7687299 
0.7722047 
0.7698733 
0.7703987 
0.7709213 
0.7704612 
0.7677996 
0.7681857 
0.7712071 
0.7734983 
0.7749519 
0.7749963 
0.7785200 
0.7807673 
0.7811824 
0.7788542 
0.7776433 
0.7784717 
0.7793889 
0.7800356 
0.7791114 
0.7809862 
0.7834536 
0.7837312 
0.7816704 
0.7843942 
0.7864658 
0.7864901 
0.7855867 
0.7855707 
0.7911466 
0.7905126 
0.7917300 
0.7933304 
0.7932651 
0.7932209 
0.7933886 
0.7942693 
0.7980939 
0.7987576 
0.8008618 
0.8007666 
0.8006720 
0.7945714 
0.7970132 
0.7978219 
0.8002315 
0.8016554 
0.8045021 
0.8028952 
0.8004027 
0.7980134 
0.8011626 
0.8031541 
0.7979531 
0.8003633 
0.8057986 
0.8036951 
0.8004804 
0.8045045 
0.8044412 
0.8071691 
0.8078644 
0.8072579 
0.8044667 
0.8020157 
0.8046690 
0.8033544 
0.8090482 
0.8100774 
0.8086742 
0.8099767 
0.8095858 
0.8092598 
0.8113787 
0.8102713 
0.8132837 
0.8160860 
0.8184741 
0.8159751 
0.8204193 
0.8198847 
0.8212568 
0.8238987 
0.8277133 
0.8283081 
0.8289569 
0.8304296 
0.8291994 
0.8244718 
0.8246271 
0.8202912 
0.8268249 
0.8350663 
0.8333325 
0.8353665 
0.8333254 
0.8316445 
0.8311157 
0.8349657 
0.8388274 
0.8361749 
0.8419343 
0.8418235 
0.8418132 
0.8369609 
0.8386811 
0.8401803 
0.8368241 
0.8403394 
0.8419781 
0.8415583 
0.8419434 
0.8430654 
0.8445077 
0.8459749 
0.8474319 
0.8440387 
0.8453823 
0.8463461 
0.8492197 
0.8519437 
0.8540723 
0.8570286 
0.8551340 
0.8529509 
0.8523862 
0.8539602 
0.8549123 
0.8535310 
0.8553976 
0.8577561 
0.8608084 
0.8613208 
0.8638808 
0.8639500 
0.8674271 
0.8727599 
0.8739885 
0.8750226 
0.8641576 
0.8626057 
0.8648121 
0.8637418 
0.8647960 
0.8658557 
0.8691610 
0.8692295 
0.8701317 
0.8728257 
0.8727213 
0.8708867 
0.8738614 
0.8747854 
0.8722282 
0.8782930 
0.8784799 
0.8821898 
0.8791461 
0.8817479 
0.8818517 
0.8836297 
0.8830560 
0.8815424 
0.8830328 
0.8845511 
0.8811458 
0.8796859 
0.8770044 
0.8788565 
0.8825563 
0.8859638 
0.8815575 
0.8803277 
0.8792275 
0.8850749 
0.8880070 
0.8897379 
0.8861774 
0.8892290 
0.8921303 
0.8924212 
0.8914963 
0.8959273 
0.8967995 
0.8962259 
0.8937443 
0.8992759 
0.8962547 
0.8994958 
0.9060615 
0.9101956 
0.9110367 
0.9116579 
0.9066677 
0.9020483 
0.9052193 
0.9038658 
0.9002553 
0.9039347 
0.9080411 
0.9090353 
0.9116518 
0.9127065 
0.9141638 
0.9106816 
0.9076170 
0.9065925 
0.9086213 
0.9151550 
0.9130280 
0.9121886 
0.9179325 
0.9139567 
0.9134413 
0.9121782 
0.9119063 
0.9115120 
0.9159787 
0.9138932 
0.9144551 
0.9216977 
0.9195614 
0.9176696 
0.9165572 
0.9138711 
0.9168440 
0.9134364 
0.9128530 
0.9147958 
0.9159707 
0.9177971 
0.9183301 
0.9220696 
0.9223108 
0.9223296 
0.9253807 
0.9210325 
0.9197985 
0.9231629 
0.9247775 
0.9248517 
0.9238889 
0.9246079 
0.9226639 
0.9267583 
0.9308621 
0.9294030 
0.9306070 
0.9278823 
0.9282761 
0.9309466 
0.9319802 
0.9338381 
0.9329766 
0.9366086 
0.9331190 
0.9358883 
0.9384314 
0.9440393 
0.9462956 
0.9458817 
0.9492077 
0.9501413 
0.9490942 
0.9581891 
0.9601542 
0.9621518 
0.9624819 
0.9659062 
0.9665985 
0.9689649 
0.9705854 
0.9680236 
0.9689164 
0.9662554 
0.9674099 
0.9733110 
0.9754195 
0.9745409 
0.9758245 
0.9771952 
0.9778272 
0.9838245 
0.9853557 
0.9816694 
0.9811686 
0.9836924 
0.9834997 
0.9828968 
0.9814078 
0.9853207 
0.9836459 
0.9828997 
0.9794524 
0.9815315 
0.9854013 
0.9871642 
0.9869193 
0.9872405 
0.9861022 
0.9799905 
0.9818591 
0.9827003 
0.9873483 
0.9886666 
0.9879371 
0.9888625 
0.9931623 
0.9918696 
0.9912250 
0.9931385 
0.9965534 
0.9998549 
1.0000000 
