-0.0001679 
-0.0001902 
0.0000610 
0.1176899 
0.1362100 
-0.3162711 
0.9991223 
0.9901691 
0.9777139 
0.9912291 
0.9884789 
1.0000000 
0.9927758 
0.9859761 
0.9789030 
0.9907619 
0.9951186 
0.9913168 
0.9863686 
0.9959033 
0.9917945 
0.9906295 
0.9938999 
0.9791110 
0.9714959 
0.9868561 
0.9759307 
0.9791587 
0.9548792 
0.9593028 
0.9572472 
0.9675863 
0.9748370 
0.9708621 
0.9677226 
0.9632629 
0.9477348 
0.9587762 
0.9658119 
0.9725545 
0.9647217 
0.9597206 
0.9526688 
0.9657931 
0.9533977 
0.9505351 
0.9616982 
0.9403145 
0.9465223 
0.9440742 
0.9472937 
0.9506372 
0.9470048 
0.9563926 
0.9586310 
0.9620397 
0.9533237 
0.9497736 
0.9526552 
0.9520260 
0.9461547 
0.9425291 
0.9497072 
0.9550309 
0.9419115 
0.9368573 
0.9377904 
0.9472432 
0.9343501 
0.9386146 
0.9418427 
0.9215964 
0.9106474 
0.9216080 
0.9221617 
0.9155796 
0.9187662 
0.9213262 
0.9406265 
0.9393437 
0.9265153 
0.9275938 
0.9326576 
0.9200528 
0.9262045 
0.9145553 
0.9100610 
0.9198869 
0.9155279 
0.9275469 
0.9333872 
0.9239381 
0.9245756 
0.9257721 
0.9105962 
0.9173098 
0.9158370 
0.9179184 
0.9210494 
0.9275542 
0.9230424 
0.9192123 
0.9111007 
0.9186855 
0.9169686 
0.9295487 
0.9205591 
0.9076162 
0.9002902 
0.9120514 
0.9148469 
0.9039968 
0.9033993 
0.8981902 
0.9080835 
0.9158466 
0.8968721 
0.9002923 
0.8909118 
0.8877056 
0.8989104 
0.9008211 
0.8782433 
0.8739603 
0.8848952 
0.9090273 
0.8742000 
0.8803128 
0.8937332 
0.9057418 
0.9141391 
0.9064287 
0.8848224 
0.8845058 
0.8877717 
0.8778673 
0.8757566 
0.8703613 
0.8813519 
0.8877519 
0.8911325 
0.8764037 
0.8823439 
0.8758314 
0.8844538 
0.8906290 
0.8912971 
0.8835057 
0.8860123 
0.9022747 
0.8901706 
0.8772855 
0.8784104 
0.8895235 
0.8766678 
0.8873781 
0.8912300 
0.8898847 
0.8870442 
0.9031151 
0.8894469 
0.8757698 
0.8848584 
0.8756135 
0.8771892 
0.8612351 
0.8798848 
0.9002048 
0.8764781 
0.8774345 
0.8850076 
0.8774938 
0.8680369 
0.8798825 
0.8848193 
0.8799605 
0.8702918 
0.8739822 
0.8624453 
0.8578833 
0.8633227 
0.8460184 
0.8500058 
0.8525415 
0.8401793 
0.8404708 
0.8600719 
0.8588294 
0.8645268 
0.8638981 
0.8536130 
0.8511636 
0.8628269 
0.8636181 
0.8561999 
0.8553762 
0.8580582 
0.8405092 
0.8425715 
0.8385728 
0.8410343 
0.8371123 
0.8349645 
0.8394697 
0.8317794 
0.8439155 
0.8428532 
0.8352694 
0.8365534 
0.8263401 
0.8311410 
0.8248824 
0.8246030 
0.8185610 
0.8368191 
0.8288311 
0.8363248 
0.8331530 
0.8232393 
0.8291547 
0.8398665 
0.8289725 
0.8121446 
0.8212919 
0.8375151 
0.8380591 
0.8332650 
0.8186508 
0.8109615 
0.8072350 
0.8141677 
0.8125980 
0.8215742 
0.8277188 
0.8141927 
0.8136801 
0.8020437 
0.7972006 
0.8085883 
0.8180564 
0.8155043 
0.8147215 
0.8203089 
0.8016742 
0.7843341 
0.7909637 
0.8068934 
0.8045702 
0.7995060 
0.7876039 
0.8066829 
0.8053512 
0.7968986 
0.7931079 
0.8103536 
0.7876591 
0.7884796 
0.7971450 
0.7883825 
0.7915738 
0.8033483 
0.7970630 
0.7915751 
0.7944719 
0.7904233 
0.8041167 
0.7875898 
0.7750906 
0.7880794 
0.7955133 
0.7816699 
0.7938903 
0.7925332 
0.7891069 
0.7957342 
0.7923114 
0.7988250 
0.8011122 
0.7862373 
0.7781035 
0.7784246 
0.7789962 
0.7779233 
0.7824576 
0.7876226 
0.7799379 
0.7805949 
0.7794852 
0.7738322 
0.7709265 
0.7913003 
0.7906505 
0.7874844 
0.7715829 
0.7617299 
0.7771716 
0.7870772 
0.7725131 
0.7786618 
0.7705382 
0.7617027 
0.7845488 
0.7814064 
0.7770551 
0.7643307 
0.7695400 
0.7790404 
0.7755660 
0.7603580 
0.7549003 
0.7545346 
0.7629789 
0.7600975 
0.7732788 
0.7647570 
0.7702940 
0.7589664 
0.7506158 
0.7631002 
0.7666749 
0.7653431 
0.7659875 
0.7427648 
0.7374159 
0.7387330 
0.7519608 
0.7533461 
0.7600473 
0.7588227 
0.7643321 
0.7526467 
0.7472632 
0.7530573 
0.7578286 
0.7620816 
0.7541258 
0.7482779 
0.7403848 
0.7338124 
0.7353356 
0.7570850 
0.7580058 
0.7528763 
0.7310104 
0.7246647 
0.7402279 
0.7350009 
0.7346935 
0.7302059 
0.7276091 
0.7059860 
0.7144334 
0.7318937 
0.7210998 
0.7143523 
0.7040293 
0.7061548 
0.7200614 
0.7310315 
0.7133240 
0.7098714 
0.7170181 
0.7126419 
0.7070327 
0.7034549 
0.7074223 
0.7132180 
0.7109098 
0.7203597 
0.7191773 
0.7167205 
0.7165849 
0.7128791 
0.7137887 
0.7211008 
0.6973283 
0.6997032 
0.7098228 
0.6935379 
0.6848279 
0.6879529 
0.6861358 
0.6794187 
0.6985005 
0.7002790 
0.6976907 
0.6688933 
0.6825494 
0.6846276 
0.6788298 
0.6885183 
0.6904291 
0.6882989 
0.6779907 
0.6826530 
0.6753800 
0.6779713 
0.6797111 
0.6704038 
0.6829876 
0.6856973 
0.6775201 
0.6795928 
0.6710397 
0.6829169 
0.6822293 
0.6815620 
0.6709769 
0.6713741 
0.6612544 
0.6668914 
0.6721302 
0.6725202 
0.6685535 
0.6665164 
0.6671923 
0.6745573 
0.6717030 
0.6769118 
0.6686949 
0.6747199 
0.6828540 
0.6776428 
0.6781967 
0.6740805 
0.6704088 
0.6691590 
0.6902033 
0.6903374 
0.6669728 
0.6755647 
0.6737591 
0.6569073 
0.6710166 
0.6634923 
0.6414730 
0.6510722 
0.6457101 
0.6634723 
0.6784412 
0.6617229 
0.6578303 
0.6715426 
0.6590547 
0.6508670 
0.6536180 
0.6274384 
0.6423096 
0.6560670 
0.6411795 
0.6471573 
0.6554489 
0.6435293 
0.6519227 
0.6533145 
0.6482055 
0.6288824 
0.6168965 
0.6296741 
0.6468192 
0.6315152 
0.6145225 
0.6252824 
0.6429868 
0.6373310 
0.6389577 
0.6393658 
0.6257928 
0.6093406 
0.6235448 
0.6299176 
0.6118386 
0.6133737 
0.6166581 
0.6230599 
0.6207594 
0.6133526 
0.6123161 
0.6045602 
0.6067031 
0.5952903 
0.6124387 
0.6034104 
0.6010245 
0.5978184 
0.6087969 
0.6085356 
0.6155162 
0.6176674 
0.6192069 
0.6240218 
0.6255104 
0.6244577 
0.6260300 
0.6224862 
0.6185690 
0.6152875 
0.6016928 
0.5919277 
0.5919690 
0.6135464 
0.6192570 
0.6090742 
0.6002324 
0.6114464 
0.6159732 
0.6237711 
0.6057709 
0.5936824 
0.5966694 
0.5977701 
0.5913853 
0.5794475 
0.5838338 
0.5954850 
0.6153795 
0.6105032 
0.5926351 
0.5902483 
0.5954199 
0.6107983 
0.5984569 
0.5852220 
0.5827145 
0.5922060 
0.6071817 
0.5961382 
0.5784801 
0.5829918 
0.5911998 
0.5934711 
0.5863227 
0.5870212 
0.5800223 
0.5904694 
0.5829985 
0.5597706 
0.5537234 
0.5518625 
0.5550062 
0.5532518 
0.5592753 
0.5539430 
0.5479078 
0.5472029 
0.5600586 
0.5726741 
0.5784911 
0.5742407 
0.5550926 
0.5539811 
0.5627804 
0.5659856 
0.5546900 
0.5511051 
0.5513649 
0.5500562 
0.5535204 
0.5544862 
0.5572655 
0.5552559 
0.5507989 
0.5507649 
0.5452981 
0.5606297 
0.5559692 
0.5491204 
0.5512450 
0.5418897 
0.5402121 
0.5484046 
0.5324255 
0.5419999 
0.5385006 
0.5239027 
0.5357474 
0.5437855 
0.5434148 
0.5483161 
0.5343112 
0.5212312 
0.5432064 
0.5391251 
0.5213146 
0.5346603 
0.5432561 
0.5463772 
0.5293576 
0.5291147 
0.5277947 
0.5148722 
0.5165606 
0.5280777 
0.5238085 
0.5259112 
0.5307893 
0.5414257 
0.5329278 
0.5020388 
0.4861779 
0.5098015 
0.5175183 
0.4995379 
0.5005148 
0.5292259 
0.5243098 
0.5094565 
0.5052600 
0.5086719 
0.4940361 
0.4931157 
0.5059995 
0.5037200 
0.5011932 
0.5001490 
0.5025935 
0.5256751 
0.5173203 
0.4913312 
0.4980983 
0.5151411 
0.5070168 
0.4936499 
0.4870724 
0.5010473 
0.5145938 
0.5048953 
0.5023676 
0.4958015 
0.5003633 
0.5009700 
0.5001096 
0.4968349 
0.5142472 
0.5085889 
0.4983954 
0.4902564 
0.4887170 
0.5020087 
0.5040965 
0.4934198 
0.4940744 
0.5183449 
0.5260863 
0.5138756 
0.5077093 
0.4975594 
0.4845155 
0.4801833 
0.4759705 
0.4943374 
0.5006671 
0.4998216 
0.4886298 
0.4802673 
0.4903943 
0.4889683 
0.4919893 
0.4851776 
0.4804986 
0.4806508 
0.4861919 
0.4861423 
0.4948312 
0.4943813 
0.4942510 
0.4891409 
0.4753247 
0.4732500 
0.4696134 
0.4788552 
0.4811381 
0.4819863 
0.4889837 
0.4849783 
0.4820679 
0.4740185 
0.4644584 
0.4687158 
0.4557727 
0.4589927 
0.4564042 
0.4671614 
0.4765298 
0.4654507 
0.4676970 
0.4649885 
0.4542909 
0.4552308 
0.4587059 
0.4702135 
0.4673889 
0.4711048 
0.4596182 
0.4503520 
0.4528518 
0.4557452 
0.4512435 
0.4591552 
0.4530360 
0.4534042 
0.4387029 
0.4418910 
0.4380173 
0.4406494 
0.4313493 
0.4266083 
0.4367844 
0.4423390 
0.4483292 
0.4524929 
0.4397147 
0.4380781 
0.4383321 
0.4402202 
0.4545025 
0.4472043 
0.4443506 
0.4479771 
0.4460991 
0.4502595 
0.4544550 
0.4492815 
0.4454144 
0.4571959 
0.4382269 
0.4306025 
0.4370807 
0.4303370 
0.4353460 
0.4325846 
0.4347165 
0.4439459 
0.4381488 
0.4438138 
0.4437555 
0.4391470 
0.4367180 
0.4393997 
0.4464382 
0.4341549 
0.4313909 
0.4434441 
0.4334605 
0.4241566 
0.4278581 
0.4271853 
0.4242149 
0.4240199 
0.4194599 
0.4244588 
0.4149328 
0.4267961 
0.4209932 
0.4161326 
0.4110459 
0.4036588 
0.4125076 
0.4176228 
0.4161418 
0.4143726 
0.4150325 
0.4113664 
0.4104944 
0.4087747 
0.4110162 
0.4182777 
0.4229736 
0.4220388 
0.4099844 
0.4101438 
0.4171484 
0.4169902 
0.4183197 
0.4072679 
0.4077543 
0.4104612 
0.4024539 
0.4017836 
0.4062348 
0.3962917 
0.3878047 
0.3933836 
0.3971744 
0.3924234 
0.4004433 
0.3976761 
0.3971043 
0.3974015 
0.4029314 
0.3930380 
0.3905227 
0.3947821 
0.3994914 
0.3968239 
0.4069750 
0.4093297 
0.4064285 
0.3995489 
0.3917142 
0.3887829 
0.3809822 
0.3822117 
0.3876815 
0.3922608 
0.3682411 
0.3737158 
0.3873220 
0.3942362 
0.3797069 
0.3754588 
0.3748689 
0.3854118 
0.3731211 
0.3666936 
0.3824168 
0.3742098 
0.3737946 
0.3914172 
0.3935799 
0.3961317 
0.3836501 
0.3603112 
0.3621601 
0.3661750 
0.3633717 
0.3648046 
0.3495813 
0.3519854 
0.3778427 
0.3861802 
0.3841083 
0.3687040 
0.3573707 
0.3581269 
0.3679541 
0.3608615 
0.3500298 
0.3530465 
0.3680147 
0.3664972 
0.3599178 
0.3536495 
0.3569231 
0.3597011 
0.3814610 
0.3778946 
0.3590485 
0.3491047 
0.3496708 
0.3639233 
0.3566108 
0.3532733 
0.3411814 
0.3177146 
0.3139111 
0.3210436 
0.3435431 
0.3604844 
0.3554960 
0.3521774 
0.3508294 
0.3486225 
0.3438998 
0.3294828 
0.3427723 
0.3386653 
0.3341806 
0.3330005 
0.3364893 
0.3279319 
0.3264636 
0.3253732 
0.3344000 
0.3319751 
0.3191623 
0.3166393 
0.3208885 
0.3212566 
0.3240165 
0.3394062 
0.3376130 
0.3156640 
0.3129397 
0.3118462 
0.3312638 
0.3423462 
0.3350537 
0.3306684 
0.3130181 
0.3055122 
0.2998940 
0.3088969 
0.3052969 
0.3055399 
0.3019672 
0.3125831 
0.3164850 
0.3306992 
0.3394671 
0.3328406 
0.3169794 
0.2980097 
0.3057738 
0.3043685 
0.3056296 
0.3252403 
0.3190402 
0.3163091 
0.3029116 
0.3117516 
0.3217372 
0.3303373 
0.3333198 
0.3318012 
0.3111279 
0.2972641 
0.2984979 
0.3108620 
0.3101986 
0.3065907 
0.3007361 
0.2982883 
0.2994802 
0.3144187 
0.3358114 
0.3281875 
0.3224878 
0.3083611 
0.2936053 
0.3086170 
0.3112779 
0.2972174 
0.2896283 
0.2808900 
0.2822676 
0.2925078 
0.3084445 
0.3203468 
0.3108400 
0.2921974 
0.2812327 
0.2878754 
0.2923901 
0.2831359 
0.2749443 
0.2653286 
0.2807937 
0.2986208 
0.3159489 
0.3086048 
0.2837808 
0.2740203 
0.2680171 
0.2706378 
0.2700541 
0.2638822 
0.2633779 
0.2637329 
0.2745349 
0.2902659 
0.2914613 
0.2812504 
0.2771369 
0.2756161 
0.2757733 
0.2634249 
0.2536327 
0.2588218 
0.2737893 
0.2777595 
0.2713556 
0.2685897 
0.2603806 
0.2626644 
0.2680591 
0.2597812 
0.2653984 
0.2704922 
0.2900313 
0.2706840 
0.2727299 
0.2732436 
0.2561989 
0.2448259 
0.2559621 
0.2551513 
0.2524971 
0.2556713 
0.2633847 
0.2590401 
0.2671607 
0.2589849 
0.2561343 
0.2471060 
0.2472614 
0.2585870 
0.2600106 
0.2567612 
0.2528551 
0.2533796 
0.2473260 
0.2500652 
0.2543336 
0.2524405 
0.2441773 
0.2449100 
0.2523881 
0.2539092 
0.2362925 
0.2222057 
0.2229905 
0.2359960 
0.2436012 
0.2471274 
0.2467417 
0.2263530 
0.2295391 
0.2210866 
0.2321656 
0.2305367 
0.2350620 
0.2404213 
0.2340002 
0.2421495 
0.2409234 
0.2427341 
0.2220531 
0.2111415 
0.2089462 
0.2147117 
0.2245846 
0.2201501 
0.2245486 
0.2171135 
0.2176836 
0.2137456 
0.2185924 
0.2223184 
0.2274144 
0.2173861 
0.2063683 
0.2115175 
0.2155878 
0.2162564 
0.2055831 
0.2130103 
0.2168358 
0.2113605 
0.2113387 
0.2038705 
0.2140344 
0.2154401 
0.2179941 
0.2138291 
0.2142123 
0.2233188 
0.2275659 
0.2127640 
0.2091761 
0.2140156 
0.2171404 
0.2124849 
0.2078501 
0.2086635 
0.2064844 
0.2076790 
0.2082176 
0.2136018 
0.2119470 
0.2122054 
0.2070323 
0.2010178 
0.2091957 
0.2148146 
0.2068378 
0.2000774 
0.1926454 
0.1917105 
0.1860217 
0.1905843 
0.1871340 
0.1843620 
0.1829726 
0.1833545 
0.1788484 
0.1687914 
0.1694761 
0.1766421 
0.1730454 
0.1663497 
0.1632724 
0.1639412 
0.1690091 
0.1642110 
0.1653744 
0.1672589 
0.1576725 
0.1635335 
0.1696448 
0.1653055 
0.1624478 
0.1678756 
0.1698108 
0.1793014 
0.1706094 
0.1650536 
0.1651709 
0.1521450 
0.1492171 
0.1603766 
0.1653436 
0.1600005 
0.1692547 
0.1735455 
0.1722741 
0.1620407 
0.1608770 
0.1648385 
0.1663792 
0.1612582 
0.1660464 
0.1634392 
0.1659877 
0.1692638 
0.1705170 
0.1691584 
0.1591000 
0.1510581 
0.1526260 
0.1478372 
0.1475182 
0.1491578 
0.1590768 
0.1576558 
0.1552425 
0.1499780 
0.1522835 
0.1496499 
0.1527654 
0.1451981 
0.1383735 
0.1332138 
0.1355783 
0.1330136 
0.1295263 
0.1340094 
0.1384538 
0.1347008 
0.1321613 
0.1347515 
0.1439454 
0.1491260 
0.1476215 
0.1327655 
0.1286077 
0.1218739 
0.1245395 
0.1289122 
0.1242018 
0.1228028 
0.1365322 
0.1322805 
0.1263786 
0.1207886 
0.1209114 
0.1225354 
0.1160673 
0.1036029 
0.1002414 
0.1049074 
0.1106018 
0.1278920 
0.1182213 
0.1126436 
0.1144922 
0.1162579 
0.1174280 
0.1196899 
0.1113429 
0.1099483 
0.1148460 
0.1336613 
0.1199011 
0.1095244 
0.1021578 
0.1095052 
0.1204830 
0.1133863 
0.1078677 
0.1073822 
0.1087300 
0.1087827 
0.0951303 
0.0879817 
0.0839341 
0.1003324 
0.1107341 
0.1274678 
0.1293904 
0.1311033 
0.1317684 
0.1206094 
0.1234538 
0.1119055 
0.1051083 
0.1039441 
0.1124756 
0.1184232 
0.1161931 
0.1076779 
0.0947766 
0.1011207 
0.0995270 
0.0928882 
0.0880554 
0.0990666 
0.0926488 
0.0845338 
0.0891902 
0.1009076 
0.0951686 
0.0834874 
0.0873964 
0.0880746 
0.0919418 
0.0865984 
0.0801809 
0.0840022 
0.0916133 
0.0904598 
0.0819472 
0.0883266 
0.1039295 
0.0978658 
0.0828254 
0.0864102 
0.0816607 
0.0808676 
0.0751296 
0.0798011 
0.0841498 
0.0788403 
0.0700661 
0.0702574 
0.0713375 
0.0737190 
0.0735085 
0.0724976 
0.0689968 
0.0662349 
0.0662463 
0.0645204 
0.0686063 
0.0707915 
0.0712555 
0.0647633 
0.0586231 
0.0503359 
0.0455111 
0.0461220 
0.0518687 
0.0521195 
0.0488397 
0.0586470 
0.0625353 
0.0614919 
0.0622755 
0.0578968 
0.0582230 
0.0605733 
0.0496472 
0.0439403 
0.0574018 
0.0675429 
0.0608012 
0.0519554 
0.0583460 
0.0588575 
0.0495968 
0.0522176 
0.0619299 
0.0631686 
0.0570082 
0.0362752 
0.0389344 
0.0511173 
0.0632751 
0.0596659 
0.0556891 
0.0697423 
0.0795455 
0.0722935 
0.0595293 
0.0502804 
0.0635752 
0.0621932 
0.0650107 
0.0558955 
0.0413300 
0.0436149 
0.0522562 
0.0572110 
0.0721021 
0.0505768 
0.0397605 
0.0363163 
0.0334620 
0.0545137 
0.0538067 
0.0508228 
0.0356507 
0.0284455 
0.0304812 
0.0346278 
0.0402078 
0.0344876 
0.0366126 
0.0392897 
0.0343925 
0.0437369 
0.0347452 
0.0251570 
0.0272806 
0.0215231 
0.0210138 
0.0253993 
0.0181800 
0.0024977 
0.0000000 
0.0190806 
0.0373472 
0.0355242 
0.0201541 
0.0057154 
0.0021330 
