0.0001512 
0.0001520 
0.0000276 
-0.2906736 
-0.0131737 
-0.4150627 
1.0000000 
0.9967384 
0.9979024 
0.9967338 
0.9927657 
0.9922538 
0.9931171 
0.9913952 
0.9942154 
0.9916811 
0.9899215 
0.9887607 
0.9914305 
0.9861312 
0.9844682 
0.9782927 
0.9750972 
0.9700860 
0.9717950 
0.9739286 
0.9902042 
0.9906430 
0.9867178 
0.9875437 
0.9860890 
0.9859772 
0.9873660 
0.9848852 
0.9838393 
0.9838974 
0.9780366 
0.9785741 
0.9788949 
0.9760013 
0.9754037 
0.9757475 
0.9752297 
0.9725620 
0.9699790 
0.9707935 
0.9708452 
0.9681247 
0.9685412 
0.9676079 
0.9685170 
0.9682611 
0.9662075 
0.9672879 
0.9655397 
0.9629828 
0.9615753 
0.9597472 
0.9563155 
0.9578875 
0.9560619 
0.9533829 
0.9520088 
0.9525822 
0.9509484 
0.9514881 
0.9503262 
0.9464623 
0.9425142 
0.9438459 
0.9426407 
0.9391707 
0.9386961 
0.9405087 
0.9387576 
0.9386980 
0.9380355 
0.9394372 
0.9430462 
0.9406289 
0.9396644 
0.9398117 
0.9388272 
0.9385937 
0.9406049 
0.9391968 
0.9387040 
0.9383936 
0.9352785 
0.9331759 
0.9314979 
0.9281993 
0.9286067 
0.9266447 
0.9256038 
0.9274067 
0.9281712 
0.9227998 
0.9229521 
0.9225589 
0.9218415 
0.9217596 
0.9183548 
0.9199544 
0.9179188 
0.9177961 
0.9154112 
0.9136318 
0.9172368 
0.9163867 
0.9141945 
0.9163030 
0.9154906 
0.9127699 
0.9107911 
0.9107097 
0.9081067 
0.9048838 
0.9023655 
0.9001797 
0.9014880 
0.8992504 
0.9004998 
0.8997825 
0.8967792 
0.8964256 
0.8931745 
0.8933471 
0.8923814 
0.8930605 
0.8894052 
0.8919408 
0.8914483 
0.8913324 
0.8955123 
0.8966086 
0.8936544 
0.8949647 
0.8956526 
0.8979714 
0.9005444 
0.8975962 
0.8932363 
0.8907111 
0.8916882 
0.8906034 
0.8871776 
0.8828962 
0.8846317 
0.8838366 
0.8812154 
0.8776740 
0.8772581 
0.8781761 
0.8775768 
0.8780912 
0.8773392 
0.8776424 
0.8766529 
0.8782085 
0.8777561 
0.8764992 
0.8750351 
0.8779115 
0.8743260 
0.8731226 
0.8751812 
0.8752511 
0.8674878 
0.8706797 
0.8715382 
0.8688121 
0.8687170 
0.8708036 
0.8690401 
0.8687880 
0.8702318 
0.8695840 
0.8674961 
0.8677039 
0.8681816 
0.8641597 
0.8665708 
0.8640444 
0.8626762 
0.8614142 
0.8612718 
0.8612793 
0.8565167 
0.8544497 
0.8547301 
0.8538102 
0.8539131 
0.8553557 
0.8538053 
0.8558515 
0.8516626 
0.8521848 
0.8486765 
0.8483577 
0.8472462 
0.8490278 
0.8506276 
0.8506738 
0.8512434 
0.8480108 
0.8474759 
0.8484052 
0.8491412 
0.8466585 
0.8456722 
0.8397928 
0.8442569 
0.8431768 
0.8419720 
0.8406543 
0.8390518 
0.8374548 
0.8366933 
0.8358062 
0.8364280 
0.8386900 
0.8400592 
0.8392626 
0.8373862 
0.8362341 
0.8334540 
0.8332286 
0.8311059 
0.8340307 
0.8319459 
0.8297876 
0.8278578 
0.8260817 
0.8272114 
0.8210254 
0.8202353 
0.8226774 
0.8242640 
0.8212129 
0.8204400 
0.8216385 
0.8235887 
0.8199152 
0.8197798 
0.8215822 
0.8204618 
0.8176210 
0.8167822 
0.8183768 
0.8177917 
0.8151280 
0.8140392 
0.8134317 
0.8163293 
0.8125370 
0.8119818 
0.8092092 
0.8121507 
0.8087268 
0.8080963 
0.8071142 
0.8069321 
0.8077829 
0.8072009 
0.8071384 
0.8029930 
0.8034907 
0.8022410 
0.8035556 
0.8031348 
0.8014165 
0.7990716 
0.7993811 
0.7974702 
0.7977551 
0.7934867 
0.7950802 
0.7983111 
0.7970704 
0.7941569 
0.7926976 
0.7930564 
0.7920425 
0.7951274 
0.7965808 
0.7938251 
0.7937808 
0.7898226 
0.7893671 
0.7889862 
0.7883038 
0.7889659 
0.7856391 
0.7840040 
0.7816628 
0.7807194 
0.7771308 
0.7813266 
0.7791245 
0.7758422 
0.7771731 
0.7783434 
0.7744658 
0.7720776 
0.7724080 
0.7703657 
0.7707410 
0.7708603 
0.7698636 
0.7735099 
0.7723334 
0.7736584 
0.7735622 
0.7754511 
0.7752648 
0.7713813 
0.7706671 
0.7683100 
0.7706814 
0.7715167 
0.7704024 
0.7696368 
0.7665854 
0.7640421 
0.7643329 
0.7637394 
0.7603479 
0.7577717 
0.7557308 
0.7564932 
0.7598648 
0.7572809 
0.7593047 
0.7561961 
0.7584329 
0.7605675 
0.7570304 
0.7609313 
0.7594702 
0.7585808 
0.7553662 
0.7555785 
0.7551307 
0.7559610 
0.7555439 
0.7556489 
0.7509584 
0.7486887 
0.7479345 
0.7504988 
0.7550521 
0.7559421 
0.7525545 
0.7516282 
0.7512142 
0.7524547 
0.7506359 
0.7465579 
0.7469981 
0.7415921 
0.7418816 
0.7410253 
0.7416212 
0.7386868 
0.7376169 
0.7373157 
0.7370061 
0.7360185 
0.7324256 
0.7290362 
0.7306081 
0.7314214 
0.7293308 
0.7297755 
0.7281074 
0.7308447 
0.7324662 
0.7301203 
0.7306145 
0.7270482 
0.7261384 
0.7250335 
0.7269370 
0.7222720 
0.7210763 
0.7234389 
0.7220606 
0.7237247 
0.7211665 
0.7160016 
0.7209976 
0.7251325 
0.7253905 
0.7214566 
0.7214917 
0.7223633 
0.7173301 
0.7135104 
0.7141650 
0.7120521 
0.7124029 
0.7111964 
0.7097549 
0.7081314 
0.7080681 
0.7079472 
0.7096250 
0.7077789 
0.7067900 
0.7093904 
0.7095443 
0.7103325 
0.7125290 
0.7103166 
0.7097259 
0.7048675 
0.7028909 
0.7040880 
0.7005715 
0.7001579 
0.7009417 
0.7033132 
0.7007422 
0.7008667 
0.7019679 
0.7014625 
0.7005864 
0.7005678 
0.7007977 
0.6991459 
0.6980504 
0.6949328 
0.6919352 
0.6907148 
0.6942464 
0.6938640 
0.6942640 
0.6963597 
0.6976117 
0.6979268 
0.6974706 
0.6972329 
0.6984417 
0.6943207 
0.6921857 
0.6931986 
0.6913351 
0.6908948 
0.6904262 
0.6870373 
0.6887869 
0.6873246 
0.6848280 
0.6826827 
0.6845821 
0.6818152 
0.6821750 
0.6846517 
0.6834408 
0.6830032 
0.6831473 
0.6770787 
0.6789097 
0.6757936 
0.6751166 
0.6742733 
0.6755619 
0.6773147 
0.6775657 
0.6750612 
0.6728928 
0.6718516 
0.6696314 
0.6695853 
0.6703340 
0.6694735 
0.6702034 
0.6705945 
0.6696590 
0.6691172 
0.6713064 
0.6698772 
0.6664416 
0.6683180 
0.6634197 
0.6634243 
0.6678233 
0.6705526 
0.6675408 
0.6671045 
0.6662485 
0.6655482 
0.6634900 
0.6618764 
0.6604431 
0.6597582 
0.6629058 
0.6636346 
0.6617600 
0.6590304 
0.6583978 
0.6562826 
0.6528501 
0.6553994 
0.6559971 
0.6544945 
0.6543750 
0.6531310 
0.6532507 
0.6579114 
0.6576567 
0.6570798 
0.6539217 
0.6543070 
0.6530002 
0.6492043 
0.6523910 
0.6503997 
0.6472729 
0.6462828 
0.6445989 
0.6403447 
0.6437344 
0.6430780 
0.6437460 
0.6441279 
0.6421977 
0.6410845 
0.6417433 
0.6395633 
0.6392758 
0.6409886 
0.6392979 
0.6384865 
0.6370981 
0.6353910 
0.6383129 
0.6392053 
0.6387351 
0.6385729 
0.6415700 
0.6394465 
0.6369824 
0.6367282 
0.6381387 
0.6359097 
0.6367569 
0.6341894 
0.6334741 
0.6324028 
0.6299879 
0.6310705 
0.6316430 
0.6350270 
0.6324518 
0.6295369 
0.6269943 
0.6270087 
0.6269763 
0.6271392 
0.6252757 
0.6250153 
0.6229431 
0.6235760 
0.6240575 
0.6264199 
0.6226725 
0.6192688 
0.6254800 
0.6271991 
0.6240813 
0.6227656 
0.6210631 
0.6196579 
0.6174132 
0.6123014 
0.6163238 
0.6154629 
0.6114628 
0.6109012 
0.6100743 
0.6100272 
0.6099308 
0.6079968 
0.6057072 
0.6047357 
0.6047981 
0.6038156 
0.6042316 
0.6022809 
0.6010414 
0.6020030 
0.6014833 
0.6000685 
0.6010319 
0.5994649 
0.5998398 
0.5961376 
0.5973758 
0.5961953 
0.5963579 
0.5973123 
0.5953406 
0.5952949 
0.5979210 
0.5970936 
0.5934301 
0.5922500 
0.5905738 
0.5893065 
0.5919900 
0.5910401 
0.5908866 
0.5919003 
0.5948987 
0.5934360 
0.5901830 
0.5908368 
0.5904529 
0.5922669 
0.5901817 
0.5896403 
0.5903324 
0.5915757 
0.5902262 
0.5895877 
0.5870103 
0.5859595 
0.5866924 
0.5853091 
0.5838598 
0.5836206 
0.5833126 
0.5795769 
0.5763568 
0.5734197 
0.5756693 
0.5750652 
0.5755090 
0.5757099 
0.5769206 
0.5802074 
0.5768669 
0.5768998 
0.5771538 
0.5754190 
0.5758419 
0.5716380 
0.5730200 
0.5755163 
0.5699752 
0.5741319 
0.5692776 
0.5694053 
0.5653765 
0.5647119 
0.5656563 
0.5652386 
0.5647172 
0.5688683 
0.5669500 
0.5666238 
0.5652716 
0.5642862 
0.5628608 
0.5626122 
0.5647290 
0.5609482 
0.5614184 
0.5606812 
0.5610890 
0.5638226 
0.5658467 
0.5630138 
0.5630286 
0.5625707 
0.5617224 
0.5606158 
0.5584890 
0.5595512 
0.5560561 
0.5559917 
0.5555393 
0.5554209 
0.5580493 
0.5574384 
0.5519920 
0.5546964 
0.5536388 
0.5508189 
0.5497888 
0.5505196 
0.5493913 
0.5489459 
0.5494888 
0.5515820 
0.5492371 
0.5479198 
0.5455517 
0.5446722 
0.5435230 
0.5410091 
0.5385497 
0.5418713 
0.5405209 
0.5405775 
0.5404619 
0.5387930 
0.5396297 
0.5396511 
0.5378175 
0.5389470 
0.5358971 
0.5359857 
0.5416533 
0.5409382 
0.5404298 
0.5407888 
0.5385632 
0.5407489 
0.5396121 
0.5413684 
0.5390337 
0.5375490 
0.5337925 
0.5284339 
0.5276686 
0.5259772 
0.5258440 
0.5232484 
0.5242523 
0.5232590 
0.5239979 
0.5220635 
0.5215145 
0.5211053 
0.5233502 
0.5224110 
0.5222853 
0.5202584 
0.5214749 
0.5208510 
0.5221205 
0.5224239 
0.5163421 
0.5174940 
0.5187506 
0.5180977 
0.5149352 
0.5140801 
0.5131524 
0.5139850 
0.5142609 
0.5127008 
0.5110799 
0.5100391 
0.5089466 
0.5078199 
0.5087113 
0.5100001 
0.5093509 
0.5078658 
0.5060589 
0.5054428 
0.5079004 
0.5053506 
0.5039375 
0.5014788 
0.5004627 
0.5005345 
0.5011870 
0.4986065 
0.5035581 
0.4986851 
0.4987780 
0.4993811 
0.4992188 
0.4976439 
0.4971964 
0.4934602 
0.4912960 
0.4935726 
0.4919236 
0.4932707 
0.4895644 
0.4884323 
0.4889346 
0.4921362 
0.4930514 
0.4933334 
0.4971389 
0.4979074 
0.4963557 
0.4969514 
0.4964858 
0.4970946 
0.4935084 
0.4904201 
0.4905699 
0.4936913 
0.4898121 
0.4901360 
0.4886408 
0.4901086 
0.4879061 
0.4883796 
0.4872039 
0.4892672 
0.4889409 
0.4905323 
0.4907708 
0.4917386 
0.4893078 
0.4885115 
0.4897542 
0.4865005 
0.4856277 
0.4864930 
0.4856304 
0.4832736 
0.4787521 
0.4753807 
0.4764043 
0.4755464 
0.4782166 
0.4794478 
0.4799627 
0.4815952 
0.4820001 
0.4832398 
0.4857598 
0.4836869 
0.4828402 
0.4799568 
0.4810166 
0.4779344 
0.4774765 
0.4742205 
0.4737897 
0.4732386 
0.4716035 
0.4727141 
0.4741039 
0.4692110 
0.4736372 
0.4725167 
0.4730714 
0.4730972 
0.4672547 
0.4667513 
0.4678004 
0.4649441 
0.4634230 
0.4612249 
0.4600128 
0.4565075 
0.4608345 
0.4613840 
0.4577128 
0.4592545 
0.4567923 
0.4586796 
0.4573132 
0.4596360 
0.4628316 
0.4621306 
0.4611200 
0.4611689 
0.4632446 
0.4599837 
0.4591609 
0.4550281 
0.4547013 
0.4560692 
0.4537859 
0.4509335 
0.4489407 
0.4511779 
0.4532104 
0.4489612 
0.4496050 
0.4520063 
0.4473333 
0.4509603 
0.4502401 
0.4502337 
0.4458680 
0.4462791 
0.4425848 
0.4465512 
0.4437173 
0.4440360 
0.4432239 
0.4433818 
0.4473915 
0.4449646 
0.4427238 
0.4425506 
0.4406801 
0.4383081 
0.4390630 
0.4423147 
0.4395421 
0.4384856 
0.4385627 
0.4358239 
0.4374959 
0.4368992 
0.4366593 
0.4362616 
0.4345570 
0.4329840 
0.4370342 
0.4384009 
0.4350869 
0.4330084 
0.4317190 
0.4317508 
0.4311344 
0.4304686 
0.4290477 
0.4292382 
0.4298218 
0.4285357 
0.4279844 
0.4261422 
0.4285070 
0.4275520 
0.4273335 
0.4266894 
0.4266257 
0.4227259 
0.4258915 
0.4240560 
0.4250351 
0.4229485 
0.4239535 
0.4212493 
0.4213292 
0.4173825 
0.4167482 
0.4175616 
0.4202277 
0.4157054 
0.4175869 
0.4222897 
0.4208235 
0.4196908 
0.4171250 
0.4177110 
0.4195830 
0.4179888 
0.4146232 
0.4137803 
0.4136376 
0.4100393 
0.4100879 
0.4133119 
0.4121495 
0.4124728 
0.4133074 
0.4132934 
0.4109345 
0.4081169 
0.4116996 
0.4040784 
0.4048288 
0.4039480 
0.4000555 
0.3982766 
0.3990669 
0.4017997 
0.3991282 
0.3989629 
0.4049198 
0.4042342 
0.4040292 
0.4070484 
0.4066983 
0.4041570 
0.4054075 
0.4048668 
0.4033737 
0.4024293 
0.4027376 
0.4008263 
0.4017791 
0.4039507 
0.4024668 
0.3975507 
0.3989700 
0.4013486 
0.3948500 
0.3951563 
0.3916785 
0.3922185 
0.3915451 
0.3917223 
0.3914101 
0.3919305 
0.3940763 
0.3923912 
0.3927933 
0.3924056 
0.3919270 
0.3920345 
0.3939859 
0.3919086 
0.3903875 
0.3923006 
0.3923519 
0.3898208 
0.3917729 
0.3886756 
0.3904132 
0.3881057 
0.3894694 
0.3878185 
0.3896118 
0.3862775 
0.3860173 
0.3866336 
0.3866483 
0.3866294 
0.3875479 
0.3858279 
0.3840838 
0.3856095 
0.3832687 
0.3843258 
0.3849125 
0.3823996 
0.3840080 
0.3817165 
0.3814371 
0.3819218 
0.3829404 
0.3791755 
0.3779972 
0.3788798 
0.3755277 
0.3758187 
0.3751358 
0.3749314 
0.3763324 
0.3773326 
0.3753879 
0.3756794 
0.3759313 
0.3747771 
0.3743026 
0.3704685 
0.3702560 
0.3699993 
0.3706231 
0.3712792 
0.3719394 
0.3725821 
0.3685858 
0.3685975 
0.3667247 
0.3634269 
0.3657617 
0.3625810 
0.3636337 
0.3629463 
0.3617753 
0.3583087 
0.3621697 
0.3612125 
0.3626470 
0.3600678 
0.3607561 
0.3633958 
0.3614721 
0.3623573 
0.3601748 
0.3578311 
0.3587044 
0.3591744 
0.3588133 
0.3534188 
0.3546214 
0.3559345 
0.3539314 
0.3534723 
0.3557528 
0.3538836 
0.3535424 
0.3515949 
0.3502417 
0.3520415 
0.3527157 
0.3509108 
0.3522881 
0.3504417 
0.3485071 
0.3485582 
0.3483772 
0.3487794 
0.3482316 
0.3486239 
0.3485705 
0.3479987 
0.3490982 
0.3479416 
0.3472310 
0.3456307 
0.3442831 
0.3469066 
0.3453955 
0.3440045 
0.3444081 
0.3417832 
0.3402818 
0.3413190 
0.3411447 
0.3405569 
0.3396364 
0.3392737 
0.3405819 
0.3407202 
0.3400095 
0.3409096 
0.3381821 
0.3371345 
0.3360630 
0.3328773 
0.3339915 
0.3337903 
0.3340240 
0.3303945 
0.3314143 
0.3326804 
0.3336303 
0.3320848 
0.3310578 
0.3286535 
0.3295882 
0.3302497 
0.3308569 
0.3281074 
0.3277075 
0.3244182 
0.3260758 
0.3275342 
0.3251929 
0.3253349 
0.3243643 
0.3255706 
0.3216511 
0.3242285 
0.3242673 
0.3256726 
0.3229050 
0.3235878 
0.3233506 
0.3231889 
0.3228214 
0.3244347 
0.3231803 
0.3231460 
0.3222360 
0.3196600 
0.3178885 
0.3166851 
0.3173432 
0.3166299 
0.3175310 
0.3185643 
0.3167650 
0.3189790 
0.3153667 
0.3155976 
0.3159504 
0.3166771 
0.3146541 
0.3129093 
0.3129340 
0.3153844 
0.3132674 
0.3117004 
0.3119066 
0.3130679 
0.3083676 
0.3092432 
0.3117297 
0.3117497 
0.3086528 
0.3114509 
0.3113855 
0.3095119 
0.3087088 
0.3114343 
0.3078526 
0.3044347 
0.3072136 
0.3107922 
0.3134930 
0.3137327 
0.3102139 
0.3091764 
0.3115643 
0.3112750 
0.3067835 
0.3050183 
0.3051633 
0.3073302 
0.3046299 
0.3052712 
0.3043680 
0.3023743 
0.3034360 
0.3037182 
0.3034660 
0.3040298 
0.3054849 
0.3031701 
0.3022147 
0.3016043 
0.3011930 
0.2993915 
0.3016437 
0.3003012 
0.2997382 
0.2990642 
0.2973248 
0.2979467 
0.2966307 
0.2965716 
0.2966698 
0.2935261 
0.2939419 
0.2963330 
0.2952633 
0.2939206 
0.2949649 
0.2897746 
0.2901241 
0.2905862 
0.2883240 
0.2874514 
0.2874590 
0.2863320 
0.2884321 
0.2897711 
0.2882511 
0.2864669 
0.2835081 
0.2855265 
0.2850337 
0.2835166 
0.2804051 
0.2798172 
0.2808474 
0.2772326 
0.2766032 
0.2778628 
0.2778823 
0.2778070 
0.2778067 
0.2750524 
0.2749181 
0.2742150 
0.2722407 
0.2740763 
0.2753012 
0.2748617 
0.2725470 
0.2721378 
0.2736288 
0.2711696 
0.2683769 
0.2722230 
0.2715253 
0.2680868 
0.2668697 
0.2700031 
0.2697299 
0.2719193 
0.2718243 
0.2715000 
0.2706525 
0.2704547 
0.2687228 
0.2691815 
0.2659749 
0.2655666 
0.2663263 
0.2670346 
0.2688623 
0.2699554 
0.2715324 
0.2719948 
0.2683391 
0.2653679 
0.2664687 
0.2670881 
0.2629499 
0.2626946 
0.2625514 
0.2658049 
0.2653108 
0.2638754 
0.2619463 
0.2622035 
0.2644153 
0.2600940 
0.2603740 
0.2576235 
0.2597234 
0.2570173 
0.2551954 
0.2589238 
0.2554947 
0.2572407 
0.2530609 
0.2551259 
0.2560801 
0.2563270 
0.2579310 
0.2549268 
0.2546189 
0.2517484 
0.2533547 
0.2555438 
0.2531051 
0.2548205 
0.2529924 
0.2517692 
0.2517465 
0.2474492 
0.2467654 
0.2491427 
0.2475623 
0.2512132 
0.2483002 
0.2478050 
0.2493022 
0.2516745 
0.2548069 
0.2512357 
0.2481990 
0.2475095 
0.2477038 
0.2487768 
0.2497914 
0.2481627 
0.2470457 
0.2439089 
0.2440337 
0.2457432 
0.2434068 
0.2418205 
0.2426892 
0.2432309 
0.2466294 
0.2445380 
0.2426729 
0.2400060 
0.2389254 
0.2363386 
0.2360351 
0.2358477 
0.2381292 
0.2381695 
0.2376698 
0.2370087 
0.2404665 
0.2373114 
0.2363922 
0.2372077 
0.2357473 
0.2378058 
0.2359732 
0.2345062 
0.2334622 
0.2352920 
0.2336669 
0.2351704 
0.2377067 
0.2368131 
0.2347246 
0.2344701 
0.2346563 
0.2354634 
0.2352217 
0.2340904 
0.2314748 
0.2315154 
0.2314079 
0.2277154 
0.2288538 
0.2284386 
0.2271002 
0.2274879 
0.2293477 
0.2332146 
0.2311288 
0.2289577 
0.2296671 
0.2297128 
0.2345545 
0.2368889 
0.2366866 
0.2368395 
0.2392934 
0.2358183 
0.2293738 
0.2263679 
0.2268913 
0.2247154 
0.2216234 
0.2261382 
0.2285272 
0.2246388 
0.2203757 
0.2212490 
0.2224532 
0.2205661 
0.2195829 
0.2217750 
0.2235749 
0.2228810 
0.2210540 
0.2191222 
0.2180577 
0.2179721 
0.2197174 
0.2211506 
0.2191489 
0.2187956 
0.2176371 
0.2192121 
0.2169838 
0.2189964 
0.2217326 
0.2187806 
0.2163339 
0.2167510 
0.2176213 
0.2150520 
0.2146689 
0.2154138 
0.2148918 
0.2132092 
0.2135388 
0.2108831 
0.2132166 
0.2132059 
0.2155545 
0.2125966 
0.2089589 
0.2065816 
0.2064995 
0.2066489 
0.2079848 
0.2105319 
0.2117037 
0.2089913 
0.2056687 
0.2069469 
0.2056022 
0.2063665 
0.2074240 
0.2052194 
0.2022119 
0.1998453 
0.1997466 
0.2029995 
0.2035459 
0.2051503 
0.2022352 
0.2008924 
0.1972176 
0.1967060 
0.1974815 
0.1969238 
0.1951376 
0.1931884 
0.1914978 
0.1929038 
0.1942775 
0.1919522 
0.1927093 
0.1930583 
0.1931738 
0.1929691 
0.1922217 
0.1918081 
0.1909342 
0.1908521 
0.1937730 
0.1949230 
0.1955466 
0.1948303 
0.1945863 
0.1910624 
0.1905568 
0.1885523 
0.1906238 
0.1879724 
0.1873515 
0.1892631 
0.1880927 
0.1891175 
0.1900020 
0.1886416 
0.1866164 
0.1836735 
0.1879819 
0.1907635 
0.1890485 
0.1860584 
0.1848483 
0.1867116 
0.1905309 
0.1911379 
0.1855826 
0.1840670 
0.1861217 
0.1884813 
0.1924758 
0.1905262 
0.1858923 
0.1800672 
0.1814254 
0.1831770 
0.1830843 
0.1818968 
0.1798416 
0.1800157 
0.1809619 
0.1841281 
0.1819106 
0.1785279 
0.1783969 
0.1814369 
0.1821127 
0.1778273 
0.1762125 
0.1749471 
0.1761953 
0.1758206 
0.1759596 
0.1765081 
0.1779667 
0.1766949 
0.1748406 
0.1731170 
0.1669691 
0.1664200 
0.1667948 
0.1675078 
0.1676644 
0.1686683 
0.1677129 
0.1692786 
0.1694151 
0.1700826 
0.1687947 
0.1694666 
0.1678671 
0.1672750 
0.1668760 
0.1693381 
0.1677887 
0.1676416 
0.1645291 
0.1649168 
0.1659097 
0.1667953 
0.1634456 
0.1619874 
0.1603616 
0.1633375 
0.1618149 
0.1615403 
0.1613164 
0.1627355 
0.1634350 
0.1633775 
0.1597077 
0.1570771 
0.1599113 
0.1604836 
0.1616591 
0.1620466 
0.1603958 
0.1602415 
0.1616291 
0.1661253 
0.1632225 
0.1595424 
0.1596176 
0.1592409 
0.1615741 
0.1609769 
0.1599678 
0.1579167 
0.1572578 
0.1567873 
0.1591759 
0.1573924 
0.1537579 
0.1536713 
0.1516086 
0.1518766 
0.1523897 
0.1500374 
0.1520979 
0.1543504 
0.1544138 
0.1528783 
0.1499931 
0.1509816 
0.1522382 
0.1525073 
0.1488227 
0.1497896 
0.1517626 
0.1504564 
0.1501019 
0.1494830 
0.1464966 
0.1469636 
0.1462321 
0.1462692 
0.1478206 
0.1461636 
0.1459866 
0.1443676 
0.1420802 
0.1428912 
0.1396410 
0.1380790 
0.1386947 
0.1405270 
0.1415129 
0.1373771 
0.1388557 
0.1396398 
0.1381223 
0.1372339 
0.1373566 
0.1368102 
0.1359024 
0.1356707 
0.1334792 
0.1354599 
0.1363996 
0.1366209 
0.1363338 
0.1360208 
0.1363662 
0.1352865 
0.1366628 
0.1382765 
0.1369692 
0.1344877 
0.1336637 
0.1336399 
0.1314265 
0.1334084 
0.1313833 
0.1309828 
0.1302530 
0.1308900 
0.1323607 
0.1322756 
0.1323154 
0.1307257 
0.1304736 
0.1306138 
0.1296950 
0.1296136 
0.1276968 
0.1268679 
0.1274218 
0.1261255 
0.1274185 
0.1263075 
0.1263608 
0.1268121 
0.1267597 
0.1260329 
0.1241179 
0.1239267 
0.1232142 
0.1223735 
0.1230738 
0.1219921 
0.1214247 
0.1219544 
0.1213443 
0.1228133 
0.1235254 
0.1228706 
0.1199083 
0.1199123 
0.1182298 
0.1199312 
0.1186210 
0.1191953 
0.1181207 
0.1189959 
0.1209857 
0.1203769 
0.1193520 
0.1142381 
0.1152446 
0.1162058 
0.1187367 
0.1169501 
0.1134203 
0.1132244 
0.1107525 
0.1122460 
0.1130955 
0.1124563 
0.1114217 
0.1101832 
0.1108127 
0.1113185 
0.1113833 
0.1118515 
0.1131194 
0.1133572 
0.1130187 
0.1119792 
0.1132749 
0.1137959 
0.1144922 
0.1132182 
0.1058910 
0.0988247 
0.1007470 
0.1018763 
0.1008163 
0.1011515 
0.1030659 
0.1019249 
0.0993042 
0.0982517 
0.0976673 
0.0988728 
0.1013066 
0.1006970 
0.0984112 
0.1007124 
0.1023202 
0.0987926 
0.0988826 
0.0999429 
0.1002154 
0.0968155 
0.0964502 
0.0972859 
0.0967192 
0.0950303 
0.0952748 
0.0937760 
0.0952134 
0.0943785 
0.0932670 
0.0931855 
0.0945189 
0.0943021 
0.0909449 
0.0939163 
0.0921012 
0.0923914 
0.0920921 
0.0912707 
0.0908121 
0.0913284 
0.0922822 
0.0899593 
0.0900517 
0.0916307 
0.0913983 
0.0908593 
0.0889147 
0.0858709 
0.0858113 
0.0860780 
0.0901880 
0.0863234 
0.0826667 
0.0823358 
0.0858427 
0.0880518 
0.0887826 
0.0846480 
0.0831789 
0.0822499 
0.0856550 
0.0832174 
0.0830074 
0.0800938 
0.0797663 
0.0787293 
0.0825830 
0.0832680 
0.0819859 
0.0835040 
0.0821896 
0.0776654 
0.0778653 
0.0784704 
0.0765327 
0.0745804 
0.0741633 
0.0756763 
0.0765043 
0.0766540 
0.0761676 
0.0785941 
0.0796058 
0.0761982 
0.0749106 
0.0746434 
0.0765744 
0.0770128 
0.0770829 
0.0760664 
0.0754821 
0.0762289 
0.0761786 
0.0788123 
0.0779921 
0.0765414 
0.0733144 
0.0737139 
0.0750077 
0.0736145 
0.0726774 
0.0733182 
0.0736677 
0.0748756 
0.0726274 
0.0712033 
0.0717547 
0.0720687 
0.0733499 
0.0730279 
0.0710898 
0.0694674 
0.0700536 
0.0707495 
0.0708880 
0.0689240 
0.0681016 
0.0678059 
0.0709815 
0.0698186 
0.0723340 
0.0732664 
0.0707069 
0.0684876 
0.0699163 
0.0716661 
0.0726102 
0.0717889 
0.0706686 
0.0686986 
0.0671728 
0.0645976 
0.0640729 
0.0629589 
0.0618234 
0.0628748 
0.0650803 
0.0656120 
0.0639887 
0.0636416 
0.0640323 
0.0616415 
0.0621124 
0.0604932 
0.0623966 
0.0634713 
0.0631286 
0.0622510 
0.0597413 
0.0581366 
0.0595869 
0.0610436 
0.0600233 
0.0614904 
0.0621985 
0.0611371 
0.0606588 
0.0604438 
0.0619443 
0.0591712 
0.0562546 
0.0552294 
0.0575228 
0.0596083 
0.0612308 
0.0617711 
0.0618752 
0.0637118 
0.0613848 
0.0599189 
0.0580711 
0.0582577 
0.0594545 
0.0598424 
0.0593973 
0.0595240 
0.0577459 
0.0564487 
0.0522503 
0.0539563 
0.0530040 
0.0531249 
0.0549976 
0.0540006 
0.0550770 
0.0521623 
0.0501609 
0.0518572 
0.0513580 
0.0503885 
0.0484377 
0.0494943 
0.0505403 
0.0495617 
0.0501966 
0.0488416 
0.0493320 
0.0526522 
0.0540952 
0.0540176 
0.0527234 
0.0542350 
0.0528728 
0.0510408 
0.0517706 
0.0523869 
0.0536558 
0.0508367 
0.0501015 
0.0473027 
0.0458466 
0.0464922 
0.0488000 
0.0483905 
0.0481294 
0.0456850 
0.0435961 
0.0438629 
0.0447125 
0.0473232 
0.0474209 
0.0447749 
0.0452008 
0.0476098 
0.0465094 
0.0452137 
0.0444737 
0.0456725 
0.0449270 
0.0417715 
0.0399540 
0.0415995 
0.0424378 
0.0438598 
0.0407371 
0.0405316 
0.0408810 
0.0397312 
0.0408843 
0.0382606 
0.0374355 
0.0370566 
0.0368882 
0.0358695 
0.0353915 
0.0371389 
0.0375982 
0.0351457 
0.0347898 
0.0345389 
0.0385575 
0.0387009 
0.0365358 
0.0355208 
0.0343770 
0.0314979 
0.0322431 
0.0323288 
0.0327049 
0.0298506 
0.0293354 
0.0280921 
0.0286935 
0.0300802 
0.0301271 
0.0325971 
0.0302344 
0.0286630 
0.0297390 
0.0289616 
0.0263934 
0.0270698 
0.0253249 
0.0268957 
0.0260372 
0.0251912 
0.0260680 
0.0239662 
0.0237084 
0.0243984 
0.0221143 
0.0239306 
0.0240413 
0.0213894 
0.0209793 
0.0190908 
0.0205786 
0.0202407 
0.0223058 
0.0207742 
0.0209134 
0.0222418 
0.0208494 
0.0206422 
0.0203694 
0.0217213 
0.0198986 
0.0201682 
0.0188633 
0.0182048 
0.0181665 
0.0174401 
0.0184398 
0.0196687 
0.0175562 
0.0163778 
0.0155561 
0.0173951 
0.0176355 
0.0163953 
0.0178612 
0.0177330 
0.0196404 
0.0193270 
0.0181078 
0.0201760 
0.0196793 
0.0175372 
0.0178456 
0.0170520 
0.0168154 
0.0181256 
0.0174371 
0.0162532 
0.0143052 
0.0115236 
0.0110715 
0.0104232 
0.0094862 
0.0080621 
0.0070635 
0.0081392 
0.0107234 
0.0092467 
0.0092444 
0.0082236 
0.0078171 
0.0069328 
0.0059937 
0.0060945 
0.0072003 
0.0046764 
0.0067633 
0.0066868 
0.0057409 
0.0056467 
0.0032976 
0.0047814 
0.0067060 
0.0058406 
0.0062067 
0.0058144 
0.0052826 
0.0058736 
0.0064430 
0.0049934 
0.0052970 
0.0073144 
0.0061121 
0.0048601 
0.0041967 
0.0040173 
0.0020212 
0.0022279 
0.0018225 
0.0000000 
0.0009447 
0.0019518 
0.0029503 
