0.0000865 
0.0001779 
-0.0001855 
0.0967877 
-0.2532956 
-0.1754959 
0.8443140 
0.8764905 
0.8895407 
0.8839502 
0.8556737 
0.9054459 
0.9169914 
0.9348635 
0.9356201 
0.9534844 
0.9699396 
0.9776167 
0.9687188 
0.9723675 
0.9708351 
0.9260032 
0.9352314 
0.9565584 
0.9678262 
0.9886623 
0.9981725 
1.0000000 
0.9516998 
0.9285727 
0.9479869 
0.9376926 
0.9362584 
0.9393467 
0.9031135 
0.9198588 
0.9415553 
0.9293254 
0.9335513 
0.9353578 
0.9202706 
0.9407979 
0.9352132 
0.9407211 
0.8705744 
0.8642210 
0.8649588 
0.8558123 
0.8840416 
0.9030607 
0.9108105 
0.8627045 
0.8516980 
0.8500188 
0.8734183 
0.8744047 
0.8773450 
0.8996726 
0.9044035 
0.9055031 
0.8839404 
0.8974461 
0.8826252 
0.8927977 
0.8604857 
0.8341384 
0.8563575 
0.8527490 
0.8432698 
0.8368469 
0.7959383 
0.8019263 
0.7991684 
0.8196761 
0.8293450 
0.8118561 
0.7956264 
0.7854552 
0.7763328 
0.7939312 
0.8101582 
0.8256255 
0.8378589 
0.8133452 
0.7806290 
0.8260407 
0.8156388 
0.7873733 
0.7809939 
0.7705905 
0.7640684 
0.7881305 
0.7900185 
0.7838878 
0.7728864 
0.7842545 
0.8430326 
0.8750190 
0.8731750 
0.8813551 
0.8830552 
0.8466651 
0.8452962 
0.8730908 
0.8980713 
0.8808086 
0.9016321 
0.9093951 
0.9018167 
0.9072081 
0.8953478 
0.8441326 
0.8777935 
0.8539090 
0.8586032 
0.8565568 
0.8611892 
0.8501717 
0.8612967 
0.8537208 
0.8727429 
0.8587905 
0.8340932 
0.8621533 
0.8573573 
0.8052539 
0.8037197 
0.7999626 
0.7885702 
0.7857623 
0.7785790 
0.7830537 
0.7823027 
0.7432826 
0.7909866 
0.8269712 
0.8024161 
0.8091385 
0.7849846 
0.8462449 
0.8438073 
0.8141451 
0.8306944 
0.8402715 
0.8270884 
0.8259184 
0.8171749 
0.8354556 
0.7836175 
0.8009343 
0.8081178 
0.8308984 
0.8080165 
0.7844716 
0.7622623 
0.7783883 
0.7785561 
0.7892437 
0.7665931 
0.7584164 
0.7649985 
0.7371961 
0.7212978 
0.7374231 
0.7578652 
0.7608454 
0.7351247 
0.7350736 
0.7553396 
0.7376209 
0.7534481 
0.7537739 
0.7463388 
0.7542264 
0.7609714 
0.7902098 
0.7640900 
0.7592482 
0.7554989 
0.7437872 
0.7288610 
0.7261603 
0.7245347 
0.7424177 
0.7435360 
0.7140740 
0.7393167 
0.7613895 
0.7356340 
0.7615139 
0.7503212 
0.7648979 
0.7264946 
0.7603272 
0.7561149 
0.7426249 
0.7233655 
0.7062331 
0.7122242 
0.7364012 
0.7258553 
0.7195452 
0.7095570 
0.7195885 
0.6972456 
0.7070302 
0.7077087 
0.6995703 
0.7134885 
0.7320947 
0.6760704 
0.6686857 
0.6729039 
0.7056237 
0.7064425 
0.6923434 
0.6826047 
0.6698792 
0.6740501 
0.6636145 
0.7128000 
0.7078617 
0.7176365 
0.7066912 
0.7027105 
0.7142144 
0.6904419 
0.6712950 
0.6564679 
0.6517843 
0.6487143 
0.6619238 
0.6197953 
0.6051019 
0.6402105 
0.5367691 
0.2016215 
0.1934064 
0.2155726 
0.2468256 
0.2354196 
0.2223934 
0.2158869 
0.1980739 
0.2138245 
0.1951696 
0.2113355 
0.2190678 
0.1982642 
0.1568354 
0.1754334 
0.1720535 
0.1843767 
0.1961376 
0.2236944 
0.2328409 
0.2412996 
0.2015008 
0.2611325 
0.2730431 
0.2604097 
0.2648405 
0.2541044 
0.2307254 
0.2190391 
0.2304040 
0.1971007 
0.1726434 
0.1904181 
0.1558034 
0.1733783 
0.2076807 
0.2051256 
0.1977715 
0.1823229 
0.1412828 
0.1907981 
0.1478856 
0.1103894 
0.1768550 
0.1624767 
0.1479655 
0.1654982 
0.1757145 
0.1586257 
0.1650831 
0.1528447 
0.1102305 
0.0993799 
0.1239018 
0.1066572 
0.1070679 
0.1180154 
0.1204172 
0.1255092 
0.1516778 
0.1521369 
0.1358404 
0.1298795 
0.1279580 
0.1188988 
0.1457762 
0.1716005 
0.1508546 
0.1242167 
0.1443838 
0.1449214 
0.1606635 
0.1450345 
0.1206052 
0.1140203 
0.1192844 
0.1282875 
0.1341887 
0.1310644 
0.1202104 
0.1326350 
0.1089770 
0.1024742 
0.1667376 
0.1682459 
0.1712175 
0.1316676 
0.1305559 
0.1470041 
0.1249106 
0.1201079 
0.0815552 
0.0628485 
0.0566850 
0.0409947 
0.0276343 
0.0573316 
0.0606331 
0.0259885 
0.0139380 
0.0132362 
0.0267231 
0.0186335 
0.0000000 
0.0047873 
0.0225009 
0.0553987 
0.0260638 
0.0461134 
0.0665117 
0.0341384 
0.0615891 
0.0417161 
0.0590484 
0.0571432 
0.0425710 
0.0396594 
0.0456335 
0.0495418 
0.0451131 
0.0599783 
0.0550702 
0.0004984 
0.0315547 
0.0497153 
0.0812040 
0.0986385 
0.0803201 
0.0579582 
0.0656026 
0.0848717 
0.0986019 
0.1112275 
0.1257194 
0.1118508 
0.0688262 
0.1024854 
0.1063325 
0.1110907 
0.1291165 
0.1231224 
0.1092706 
0.0995513 
0.1080818 
0.1269099 
0.1244854 
0.1117101 
0.0937136 
0.1091825 
0.1061962 
0.1056046 
0.0888355 
0.1008981 
0.0866913 
0.0740213 
0.0890549 
0.1042573 
0.0984689 
0.0948362 
0.0634684 
0.0747760 
0.0688870 
0.0566630 
0.0311502 
0.0108633 
0.0026818 
0.0202601 
0.0672462 
0.1002237 
0.0812614 
0.0950748 
0.0799074 
0.0885967 
0.0875385 
0.0688175 
0.0634799 
0.0564488 
0.0488140 
0.0538356 
0.0438615 
0.0469023 
0.0592808 
0.1021557 
0.0942938 
0.0917623 
0.0826656 
0.0942544 
0.1093423 
0.1097806 
0.0918706 
0.1238040 
0.1454489 
0.1523156 
0.1561427 
0.1697534 
0.1274605 
0.1310011 
0.1150525 
0.1122452 
0.1203325 
0.1281271 
0.1408467 
0.1243969 
0.1239956 
0.1088923 
0.1120264 
0.1316586 
0.1087499 
0.1182139 
0.1209565 
0.1135074 
0.0975543 
0.1126091 
0.1223547 
0.0690257 
0.0706174 
0.0814713 
0.0811656 
0.1061433 
0.1305078 
0.1477160 
0.1612656 
0.1578095 
0.1171127 
0.1596600 
0.1550763 
0.1593485 
0.1902297 
0.1163392 
0.1315300 
0.1344879 
0.1769212 
0.1561804 
0.1732091 
0.2101113 
0.2154548 
0.1766214 
0.1705834 
0.1959088 
0.1835789 
0.1978253 
0.1724607 
0.2033456 
0.2266375 
0.2222280 
0.2118206 
0.1948882 
0.1750852 
0.1946480 
0.2098229 
0.2319830 
0.2180371 
0.1764035 
0.1941364 
0.1803319 
0.2008857 
0.1946377 
0.1990949 
0.1990305 
0.1986626 
0.1764129 
0.2088117 
0.2046407 
0.2155656 
0.2297617 
0.2382556 
0.2386091 
0.2455071 
0.2452302 
0.2568797 
0.2220674 
0.2236971 
0.2463833 
0.2484734 
0.2433303 
0.2209959 
0.2750600 
0.2834234 
0.2289382 
0.2010471 
0.1780757 
0.1973080 
0.1662898 
0.1596028 
0.1564365 
0.1749556 
0.1786727 
0.1695707 
0.1571474 
0.1390723 
0.1790935 
0.2040341 
0.1902247 
0.2158398 
0.1896823 
0.1874710 
0.1735590 
0.1478228 
0.1893752 
0.1615069 
0.1847195 
0.1803709 
0.2004812 
0.1760052 
0.1645180 
0.1570307 
0.1693652 
0.1790991 
0.1780019 
0.1705407 
0.1860298 
0.2028900 
0.2103105 
0.1872996 
0.2141984 
0.1759909 
0.1755090 
0.1978054 
0.1994368 
0.2289507 
0.2131651 
0.1914547 
0.1811975 
0.2138001 
0.2568782 
0.2569389 
0.2701041 
0.2690253 
0.2524593 
0.2860064 
0.2693056 
0.2655192 
0.2842874 
0.3028784 
0.2959050 
0.2708225 
0.2713266 
0.2865192 
0.2957035 
0.2906808 
0.2992374 
0.2721873 
0.2835807 
0.3036416 
0.3076047 
0.2865445 
0.2639718 
0.2952890 
0.2885627 
0.2636632 
0.2538086 
0.2573532 
0.3004400 
0.3005791 
0.2913660 
0.3152949 
0.2897320 
0.2495874 
0.2666354 
0.2528489 
0.2586630 
0.2552522 
0.2495097 
0.2624454 
0.2363331 
0.2576866 
0.2143551 
0.2418528 
0.2357752 
0.2838678 
0.2521323 
0.2558756 
0.2282610 
0.2347200 
0.2056940 
0.2315680 
0.2310354 
0.2410988 
0.2275913 
0.2749583 
0.2726028 
0.2921777 
0.2769906 
0.2792537 
0.2730688 
0.2560581 
0.2284995 
0.2546751 
0.2740945 
0.2905289 
0.3265223 
0.3272262 
0.3464612 
0.3400106 
0.3106162 
0.3247008 
0.3276051 
0.3304658 
0.3394192 
0.3415990 
0.3458806 
0.3387890 
0.3528766 
0.3563215 
0.3634970 
0.3623221 
0.3598758 
0.3418235 
0.3297816 
0.3215808 
0.3247366 
0.3147431 
0.2811596 
0.2695085 
0.2467264 
0.2707392 
0.2675548 
0.2665494 
0.2903481 
0.3038271 
0.3119814 
0.2873916 
0.3224711 
0.3156466 
0.3103531 
0.2797052 
0.3135314 
0.3324521 
0.3214690 
0.3150331 
0.3413388 
0.3504805 
0.3169254 
0.3330150 
0.3690211 
0.3533587 
0.3245010 
0.2943010 
0.3197954 
0.3170667 
0.3001359 
0.3105471 
0.3049790 
0.3036830 
0.2919062 
0.2961701 
0.3266731 
0.3366160 
0.3141424 
0.3192049 
0.3666824 
0.3722620 
0.3708679 
0.3594584 
0.3691045 
0.3698195 
0.3896898 
0.3429844 
0.3545442 
0.3498830 
0.3453855 
0.3565921 
0.3723119 
0.3422027 
0.3531098 
0.3331457 
0.3299130 
0.3060573 
0.3264517 
0.3346895 
0.3604883 
0.3804826 
0.3509841 
0.3665980 
0.4034637 
0.4088903 
0.4394645 
0.4164042 
0.4358143 
0.4014550 
0.4093081 
0.4373630 
0.4525232 
0.4038112 
0.4101723 
0.3781022 
0.3783970 
0.3786752 
0.3744163 
0.3075517 
0.2860236 
0.3117597 
0.3080546 
0.3235728 
0.3041530 
0.3323017 
0.3627107 
0.3856062 
0.3738384 
0.4127142 
0.4043667 
0.4087469 
0.4310484 
0.4700347 
0.4334481 
0.4068183 
0.4053507 
0.4193600 
0.4397127 
0.3958712 
0.4031815 
0.4149627 
0.4264719 
0.4392133 
0.4539252 
0.4670133 
0.4042044 
0.4325341 
0.4283615 
0.4274524 
0.4450539 
0.3764864 
0.3869831 
0.3860197 
0.3943328 
0.3889273 
0.4330911 
0.4237399 
0.4193573 
0.4197779 
0.4220027 
0.4571547 
0.4181255 
0.4001333 
0.3627711 
0.3595874 
0.3721343 
0.3967145 
0.3855721 
0.3757395 
0.4314380 
0.3990445 
0.4229318 
0.4229847 
0.4125413 
0.3877359 
0.4210007 
0.3724006 
0.4200286 
0.3857459 
0.3792784 
0.3921156 
0.4334593 
0.4336828 
0.4162831 
0.4317802 
0.4401793 
0.4583088 
0.4446433 
0.4862188 
0.4874036 
0.4638593 
0.4265906 
0.4607294 
0.4473285 
0.4412971 
0.4404818 
0.4823473 
0.4769805 
0.4966544 
0.5203433 
0.5085362 
0.4947565 
0.5203540 
0.5219608 
0.4997507 
0.5123478 
0.4802568 
0.5063730 
0.5143115 
0.5254709 
0.5392343 
0.5144591 
0.5137032 
0.4984416 
0.4784480 
0.4852105 
0.5143645 
0.4995482 
0.4858695 
0.5209394 
0.5057752 
0.4951159 
0.5280849 
0.5284754 
0.5472540 
0.5163764 
0.5276705 
0.5089385 
0.5159817 
0.5374313 
0.5658450 
0.5456451 
0.5746603 
0.5706312 
0.5794866 
0.5344545 
0.5654781 
0.5667113 
0.5943170 
0.5809500 
0.5922131 
0.5596908 
0.5360890 
0.5715086 
0.5340357 
0.5105494 
0.5290122 
0.5434799 
0.5796124 
0.5767321 
0.5677309 
0.5822423 
0.5898410 
0.6253024 
0.5934327 
0.5453113 
0.5600749 
0.6175839 
0.6507396 
0.6468595 
0.6193919 
0.6329088 
0.6051063 
0.5641679 
0.5267826 
0.6019442 
0.5792447 
0.5848224 
0.5947304 
0.6085131 
0.5675345 
0.5691393 
0.6102324 
0.6158004 
0.5886059 
0.6085664 
0.6318270 
0.6240931 
0.6350974 
0.6084761 
0.6089004 
0.6128947 
0.5897886 
0.5234452 
0.5318771 
0.5189015 
0.5032987 
0.5040496 
0.5505881 
0.5232050 
0.5248127 
0.5375481 
0.5558078 
0.5771103 
0.5713785 
0.5722729 
0.5732752 
0.5712713 
0.5879322 
0.5746383 
0.5775254 
0.5609516 
0.5489971 
0.5396871 
0.5075268 
0.5063684 
0.5130034 
0.5032315 
0.4947468 
0.5109878 
0.5150431 
0.5232085 
0.5539858 
0.5557502 
0.5521464 
0.5145766 
0.5360673 
0.5367141 
0.5742340 
0.5270329 
0.5613461 
0.5832765 
0.5955648 
0.5686291 
0.5588861 
0.5283137 
0.5182023 
0.5535398 
0.5024741 
0.5306595 
0.5148906 
0.5104789 
0.5422572 
0.5355364 
0.5223595 
0.5333898 
0.5300182 
0.5847558 
0.6199056 
0.6311606 
0.6544328 
0.6939700 
0.6970596 
0.7036241 
0.7147261 
0.7124122 
0.7398884 
0.7474219 
0.6954820 
0.6966576 
0.6971863 
0.6926248 
0.7227015 
0.7101469 
0.7066473 
0.7335429 
0.7086168 
0.6925316 
0.7046708 
0.6765543 
0.6904413 
0.6521458 
0.6341317 
0.6144554 
0.6010542 
0.5739315 
0.5968487 
0.6255837 
0.5999999 
0.5807397 
0.5099225 
0.5625197 
0.5769745 
0.5891870 
0.6024201 
0.6170000 
0.6046864 
0.5895090 
0.5838145 
0.6363184 
0.6433972 
0.6152418 
0.6618368 
0.6340168 
0.6072124 
0.6266348 
0.5695687 
0.5947532 
0.6040699 
0.6280303 
0.6363989 
0.6203444 
0.6495902 
0.6468065 
0.6775399 
0.6598828 
0.6698839 
0.6676180 
0.7070625 
0.6830336 
0.6894051 
0.6998438 
0.7051716 
0.6900038 
0.6456260 
0.6610323 
0.6883771 
0.6921373 
0.6899132 
0.6840341 
0.6541483 
0.6598568 
0.6699070 
0.6387979 
0.6340716 
0.6350594 
0.6602885 
0.6395755 
0.6072901 
0.6293219 
0.6301464 
0.6553877 
0.6240712 
0.6524350 
0.6387895 
0.6569281 
0.6188844 
0.5966295 
0.6144071 
0.6047461 
0.6325902 
0.6486863 
0.6345172 
0.6297369 
0.6189672 
0.6394746 
0.6529337 
0.6518303 
0.6479964 
0.6811739 
0.7062280 
0.6869132 
0.7099469 
0.6952497 
0.6885144 
0.7209166 
0.7140134 
0.7062957 
0.7418966 
0.7310090 
0.7190139 
0.7395324 
0.7384164 
0.7171105 
0.7179708 
0.7254450 
0.7144161 
0.7140690 
0.7318303 
0.7414903 
0.7338274 
0.7513508 
0.7284065 
0.7290967 
0.7011890 
0.6961534 
0.7070067 
0.7536704 
0.7523406 
0.7481842 
0.7103610 
0.7010211 
0.7323310 
0.7017067 
0.7059496 
0.7071320 
0.6620341 
0.6387457 
0.6148171 
0.6463979 
0.6678518 
0.6735031 
0.6884773 
0.6939346 
0.6747072 
0.6584912 
0.7062435 
0.6392306 
0.6227038 
0.6346542 
0.6211350 
0.6250003 
0.6272722 
0.6375774 
0.6551396 
0.7159227 
0.6991932 
0.7167325 
0.7204253 
0.7482432 
0.7130011 
0.6865294 
0.7203051 
0.7105935 
0.6843195 
0.7094214 
0.6830875 
0.6883099 
0.7130685 
0.6967156 
0.6905895 
0.7043665 
0.6690324 
0.6827339 
0.7297499 
0.7255230 
0.7482447 
0.7675341 
0.7628914 
0.7370970 
0.7282768 
0.7255768 
0.7221301 
0.7032599 
0.6598566 
0.6646252 
0.6522580 
0.6285072 
0.6499814 
0.6217259 
0.6472660 
0.6513789 
0.6746514 
0.6900492 
0.6808186 
0.6478906 
0.6655699 
0.6614752 
0.6437064 
0.6796560 
0.7056336 
0.6898283 
0.7013062 
0.6777979 
0.6694362 
0.6649557 
0.6452956 
0.6477695 
0.6721807 
0.6466209 
0.6416334 
0.6250134 
0.6595784 
0.6276488 
0.6451548 
0.6533999 
0.6752441 
0.6485029 
0.6498268 
0.6551087 
0.6104855 
0.5829837 
0.5826108 
0.6198397 
0.6130406 
0.6616714 
0.6597888 
0.6516478 
0.6394519 
0.6553211 
0.6581277 
0.6690828 
0.6671638 
0.6762483 
0.6788581 
0.6801445 
0.6416367 
0.6582902 
0.6296380 
0.6251773 
0.5982587 
0.5999640 
0.6050877 
0.6002508 
0.5923777 
0.5779037 
0.5623597 
0.5479509 
0.5374358 
0.5559658 
0.5774921 
0.7129990 
0.7204472 
0.7307757 
0.7338707 
0.7533893 
0.7084432 
0.6998020 
0.7038237 
0.6760982 
0.6692478 
0.6925496 
0.6984870 
0.6807688 
0.6581773 
0.6809400 
0.6649201 
0.6463947 
0.6509695 
0.6794042 
0.6838595 
0.6382220 
0.6419208 
0.6699248 
0.6640121 
0.6839277 
0.6864580 
0.7139789 
0.7319625 
0.7502394 
0.7358246 
0.7843308 
0.7807242 
0.7847482 
0.7980806 
0.8018366 
0.7710862 
0.7612981 
0.7557061 
0.7649073 
0.7601384 
0.7663471 
0.7405263 
0.7519691 
0.7603517 
0.7394724 
0.7158025 
0.7075269 
0.6744406 
0.6813359 
0.7044983 
0.6788857 
0.6593768 
0.6695765 
0.6918961 
0.7021988 
0.6523545 
0.6368412 
0.6238125 
0.6236496 
0.6324843 
0.6498224 
0.6976165 
0.6953409 
0.7220311 
0.6961888 
0.7003679 
0.6581022 
0.6813776 
0.6795789 
0.6955989 
0.7162038 
0.7149729 
0.7258185 
0.7449974 
0.7418216 
0.7231021 
0.7403622 
0.7437766 
0.7380743 
0.7343618 
0.7193963 
0.6724324 
0.7348614 
0.7856072 
0.8057458 
0.7692963 
0.7808420 
0.7722464 
0.7700255 
0.7501610 
0.7618098 
0.7751855 
0.7964645 
0.8024340 
0.7752673 
0.8110733 
0.7997253 
0.7527135 
0.7313418 
0.7310887 
0.7185369 
0.6884592 
0.7013579 
0.7174468 
0.7190042 
0.7189363 
0.7285793 
0.7232771 
0.7105874 
0.6924737 
0.6878717 
0.6723762 
0.6855549 
0.7038043 
0.6894687 
0.7084626 
0.7448287 
0.7301312 
0.6982612 
0.7265989 
0.7383470 
0.7511904 
0.7424800 
0.7653396 
0.7483549 
0.7555560 
0.7133543 
0.7770801 
0.7806794 
0.7851998 
0.7635237 
0.8234153 
0.7954974 
0.7943176 
0.7686831 
0.7709274 
0.7454944 
0.7833746 
0.7681808 
0.7436164 
0.7658939 
0.7689367 
0.7996878 
0.7949211 
0.7885541 
0.7793888 
0.7987176 
0.7794787 
0.7668681 
0.7521791 
0.7725924 
0.7359970 
0.7158255 
0.7178236 
0.7501807 
0.7180630 
0.7328207 
0.7369695 
0.7327066 
0.7162897 
0.6912681 
0.6871034 
0.7375436 
0.7283190 
0.7108723 
0.7181986 
0.7567150 
0.7142778 
0.7065301 
0.6925948 
0.6830992 
0.6595714 
0.6349793 
0.6799469 
0.6494879 
0.6565440 
0.6374065 
0.6494153 
0.6317845 
0.6137896 
0.6286306 
0.6219616 
0.6454336 
0.6376658 
0.6487399 
0.6310102 
0.6282576 
0.6474631 
0.6293542 
0.6913451 
0.6905765 
0.6653355 
0.6664232 
0.6552463 
0.6615409 
0.6601731 
0.6443157 
0.6333894 
0.6542472 
0.6719264 
0.6455087 
0.6617212 
0.6600897 
0.6726760 
0.6774880 
0.7260856 
0.7894645 
0.8401788 
0.8402684 
0.8525483 
0.8279210 
0.7775276 
0.7633129 
0.7810190 
0.7511547 
0.7786423 
0.8114127 
0.7864860 
0.7785669 
0.7461299 
0.7651595 
0.7387662 
0.7105949 
0.7213262 
0.7413841 
0.7262908 
0.7126172 
0.7176093 
0.7542527 
0.7027219 
0.6985453 
0.6938808 
0.7182891 
0.7051608 
0.7157130 
0.6870231 
0.7029440 
0.7036521 
0.7104208 
0.7255221 
0.7014331 
0.7036919 
0.7255109 
0.7200705 
0.6937211 
0.6866701 
0.6706450 
0.6947783 
0.7047337 
0.7392350 
0.7453808 
0.7793541 
0.7569538 
0.7496104 
0.7640399 
0.7808907 
0.7996514 
0.8021209 
0.7745758 
0.7452228 
0.7683451 
0.7596517 
0.7811042 
0.7905450 
0.7984197 
0.8097220 
0.7922748 
0.7889335 
0.7656662 
0.8022873 
0.7481097 
0.7186326 
0.7365419 
0.7176165 
0.7527365 
0.7863448 
0.7758414 
0.7586048 
0.7468410 
0.7582835 
0.7744937 
0.7706934 
0.7843267 
0.7519638 
0.7722765 
0.7740506 
0.7983116 
0.8349977 
0.8142411 
0.7926974 
0.8030744 
0.7994750 
0.8023389 
0.7813229 
0.7651888 
0.7581954 
0.7713420 
0.8167816 
0.7900821 
0.7983294 
0.7842319 
0.7891943 
0.7471338 
0.7375431 
0.7339421 
0.7814482 
0.8120417 
0.7763764 
0.7798412 
0.7657310 
0.8079582 
0.7742388 
0.8019498 
0.8393507 
0.7826833 
0.7667043 
0.7436463 
0.8460933 
0.8388720 
0.8134139 
0.7839409 
0.7740060 
0.7940124 
0.7703617 
0.7879168 
0.8111386 
0.8047658 
0.7927932 
