-0.0000385 
0.0000772 
-0.0000818 
0.1133243 
0.1105968 
0.2907471 
0.8894560 
0.9695059 
0.9727310 
0.9255627 
0.8683206 
0.8274205 
0.8473078 
0.9274507 
0.9769795 
1.0000000 
0.9739214 
0.8819209 
0.7424172 
0.6571774 
0.7028298 
0.7562911 
0.8664741 
0.9185403 
0.9268905 
0.8801303 
0.8343612 
0.8378564 
0.8366836 
0.8881126 
0.9142123 
0.9475729 
0.9263930 
0.8355384 
0.7775833 
0.7430069 
0.8192343 
0.9306162 
0.9979758 
0.9873758 
0.9308172 
0.9378305 
0.8777462 
0.8484372 
0.8218921 
0.8244772 
0.8116826 
0.7908273 
0.7456526 
0.7613976 
0.8392439 
0.9085103 
0.9436917 
0.9151351 
0.8923885 
0.8587110 
0.8077775 
0.7471482 
0.7310864 
0.7644127 
0.8027169 
0.8256656 
0.8612180 
0.8673009 
0.9027128 
0.9036813 
0.8717794 
0.8009433 
0.7352753 
0.7373076 
0.7412149 
0.6848947 
0.7217596 
0.7922261 
0.8493110 
0.8223721 
0.7968478 
0.8248226 
0.8159809 
0.7449818 
0.7079135 
0.6931119 
0.6321748 
0.6107096 
0.5739441 
0.5816328 
0.6642200 
0.6938044 
0.6709267 
0.6373142 
0.6360908 
0.6230457 
0.5653201 
0.5206192 
0.5120413 
0.5542740 
0.5940353 
0.6194915 
0.6363752 
0.6296800 
0.7014637 
0.7073856 
0.6758685 
0.6593382 
0.6289877 
0.5859463 
0.5216918 
0.5651007 
0.6104713 
0.6641115 
0.6994510 
0.7258943 
0.7238505 
0.7093365 
0.6396898 
0.5552660 
0.4946768 
0.5082475 
0.5082856 
0.5368390 
0.6032572 
0.6843175 
0.6870006 
0.6834078 
0.6443043 
0.5752600 
0.5324413 
0.5258808 
0.5388773 
0.5846209 
0.6595487 
0.7132332 
0.7081827 
0.6937845 
0.6792331 
0.6562481 
0.6334129 
0.5999527 
0.5755112 
0.5945893 
0.6496479 
0.6454762 
0.6959081 
0.7437635 
0.8150683 
0.8014334 
0.7149524 
0.6049085 
0.6000270 
0.6146504 
0.6299061 
0.6603249 
0.7555726 
0.8625257 
0.9287168 
0.9168961 
0.8287418 
0.7397128 
0.6561974 
0.5855320 
0.5731332 
0.6009843 
0.6829404 
0.7907546 
0.8281086 
0.8527202 
0.7544864 
0.7147937 
0.6203574 
0.5405661 
0.5400548 
0.5852157 
0.6264636 
0.7331378 
0.7874251 
0.8127507 
0.8162755 
0.7042329 
0.6161868 
0.5350773 
0.5234334 
0.5222734 
0.5781613 
0.6505936 
0.7129088 
0.7313082 
0.6969242 
0.6356267 
0.5928928 
0.5359537 
0.4694058 
0.4281346 
0.4703511 
0.5580714 
0.6299993 
0.6622665 
0.6436701 
0.6093707 
0.5286140 
0.4859798 
0.4900670 
0.5149981 
0.5958067 
0.6611653 
0.6707999 
0.6247157 
0.5572406 
0.5073525 
0.4834354 
0.4609153 
0.4492497 
0.4939896 
0.5660904 
0.6478943 
0.6659240 
0.6981996 
0.6448075 
0.5889162 
0.5307907 
0.4896091 
0.5615252 
0.5804276 
0.6376352 
0.6867152 
0.6414010 
0.6244732 
0.6039945 
0.6294371 
0.5764182 
0.5518943 
0.5936939 
0.6298395 
0.6583204 
0.6344128 
0.6298524 
0.5633141 
0.5174714 
0.5117919 
0.5481245 
0.5599643 
0.5637540 
0.5842182 
0.6189927 
0.5701089 
0.5118099 
0.4740289 
0.4739544 
0.4959490 
0.5292156 
0.5810166 
0.6265876 
0.6613031 
0.6281643 
0.5804110 
0.4971696 
0.4218300 
0.4329496 
0.4691157 
0.5450886 
0.6439501 
0.7119453 
0.6645737 
0.5832138 
0.5404404 
0.4870702 
0.4926003 
0.5356346 
0.6098104 
0.6617782 
0.6910635 
0.6762674 
0.6196114 
0.5211390 
0.4555733 
0.4584361 
0.5415977 
0.6377955 
0.7329158 
0.7620202 
0.6902843 
0.5893931 
0.4951840 
0.4655343 
0.4772144 
0.5711093 
0.7135936 
0.8037686 
0.8259054 
0.7371195 
0.6100331 
0.4876172 
0.4050361 
0.3934858 
0.4413356 
0.6037467 
0.7530426 
0.7995465 
0.7326314 
0.6333849 
0.5129971 
0.4462113 
0.4661272 
0.5438831 
0.6503660 
0.7149746 
0.6696657 
0.6223629 
0.5206978 
0.4514804 
0.4185504 
0.4350969 
0.4841899 
0.5292101 
0.5249155 
0.5195567 
0.4703166 
0.4688842 
0.4734114 
0.4737129 
0.4955498 
0.5348774 
0.5658498 
0.5653544 
0.5266828 
0.5145428 
0.5148262 
0.4722083 
0.4550802 
0.4627917 
0.5080210 
0.5413132 
0.5441016 
0.5258572 
0.5401956 
0.5521233 
0.5683486 
0.5896005 
0.5947588 
0.6012302 
0.6011004 
0.6266244 
0.6050153 
0.5770864 
0.5906866 
0.5589914 
0.5949029 
0.5751729 
0.5493944 
0.5276948 
0.5033090 
0.5028232 
0.5207338 
0.5627015 
0.5973373 
0.6117481 
0.5736091 
0.6042118 
0.6340764 
0.5889538 
0.5551360 
0.4593393 
0.4593594 
0.4605594 
0.4664592 
0.5111753 
0.5147903 
0.5277682 
0.5472950 
0.5239224 
0.5061639 
0.4523099 
0.4635203 
0.4818101 
0.5255046 
0.5435042 
0.5348721 
0.4990135 
0.4159233 
0.4044941 
0.3856605 
0.4222870 
0.5073067 
0.5110016 
0.5218445 
0.4465332 
0.3856372 
0.3407720 
0.3523985 
0.4395404 
0.4869961 
0.5479610 
0.5140960 
0.4908807 
0.4319502 
0.3639477 
0.3875498 
0.4497020 
0.5361473 
0.6029765 
0.6023906 
0.5267118 
0.4908194 
0.4635147 
0.5144141 
0.5819079 
0.5798276 
0.6342675 
0.5991243 
0.5125874 
0.4260355 
0.4065126 
0.4586291 
0.5472477 
0.6339755 
0.6324194 
0.6058359 
0.5027389 
0.4290621 
0.3886247 
0.4535690 
0.5180579 
0.6202784 
0.6947057 
0.6566437 
0.5779937 
0.5105233 
0.5306452 
0.5672757 
0.6218268 
0.6535901 
0.6694173 
0.6028779 
0.5159235 
0.4561030 
0.4681483 
0.5427531 
0.6065769 
0.6737255 
0.6008960 
0.5462604 
0.4767588 
0.4568788 
0.4824902 
0.5351385 
0.6168163 
0.5793242 
0.5153981 
0.4519200 
0.4278843 
0.4087178 
0.4669571 
0.5046142 
0.5513078 
0.5857852 
0.5398512 
0.4679322 
0.4261015 
0.4426949 
0.4833771 
0.5095275 
0.4879749 
0.4144645 
0.3850730 
0.4136296 
0.4247340 
0.4721704 
0.4857883 
0.5155502 
0.5079331 
0.5050388 
0.4655629 
0.5208342 
0.5421870 
0.5601393 
0.5591276 
0.5068043 
0.4736875 
0.4438849 
0.4233243 
0.4399323 
0.4668550 
0.4702306 
0.4182093 
0.3472206 
0.3126870 
0.3435146 
0.3982789 
0.4898590 
0.5349363 
0.5389928 
0.5011914 
0.4695432 
0.4106557 
0.4560100 
0.4932960 
0.5141518 
0.5056310 
0.4836352 
0.4866308 
0.4934394 
0.4484839 
0.4770578 
0.4543323 
0.4501259 
0.4362851 
0.3935727 
0.3725194 
0.3872647 
0.4139570 
0.4449375 
0.4508677 
0.4465949 
0.4564330 
0.4369416 
0.4357438 
0.4666834 
0.5155780 
0.5135990 
0.5133698 
0.4983085 
0.4851351 
0.4580989 
0.4549353 
0.4271610 
0.4923202 
0.5238526 
0.4953039 
0.4530676 
0.4151990 
0.3846522 
0.3799468 
0.3752580 
0.3774395 
0.3896407 
0.3914572 
0.4261158 
0.4670347 
0.5109491 
0.5422843 
0.5582214 
0.5105170 
0.5183356 
0.5251399 
0.5305620 
0.5153499 
0.5455174 
0.5778168 
0.5810401 
0.5371970 
0.5209841 
0.5024480 
0.4897827 
0.4980683 
0.4823502 
0.4934357 
0.4846168 
0.4771818 
0.4694514 
0.4510062 
0.4322239 
0.4179298 
0.4300909 
0.4250722 
0.4363762 
0.4412724 
0.4445361 
0.4585164 
0.4543627 
0.4461748 
0.4661801 
0.4282952 
0.3538011 
0.3591147 
0.4026745 
0.4241095 
0.4447305 
0.4112706 
0.4301544 
0.3934863 
0.4090407 
0.4092188 
0.4019865 
0.4113769 
0.4273646 
0.4309110 
0.4437887 
0.4448570 
0.3708101 
0.3514023 
0.3840720 
0.3973948 
0.3831463 
0.3591204 
0.2785537 
0.2365177 
0.2730842 
0.2846602 
0.2919922 
0.2935033 
0.2162929 
0.1942995 
0.2316331 
0.2532044 
0.3101112 
0.3696806 
0.3654066 
0.3221414 
0.3420343 
0.3608375 
0.3951732 
0.3965104 
0.3685101 
0.3231115 
0.3425675 
0.3425316 
0.3482262 
0.3984739 
0.3829687 
0.3288426 
0.2995977 
0.3066658 
0.3073936 
0.3187355 
0.3333720 
0.3474320 
0.3868093 
0.3755596 
0.3509565 
0.3551582 
0.3417036 
0.3506869 
0.3611053 
0.3763316 
0.4158927 
0.4199714 
0.4069256 
0.4122891 
0.3964009 
0.4128983 
0.4225920 
0.3913338 
0.3871259 
0.3753481 
0.3525846 
0.3636391 
0.3827385 
0.3997984 
0.4066053 
0.4155404 
0.4222156 
0.4149328 
0.4264199 
0.4252451 
0.3665635 
0.3766666 
0.3975068 
0.4236017 
0.4103607 
0.3571287 
0.3118865 
0.2812654 
0.2474086 
0.2306890 
0.2628814 
0.3070275 
0.3304525 
0.3137509 
0.3111164 
0.3119091 
0.2913162 
0.3204108 
0.3541826 
0.3494633 
0.3364882 
0.3338668 
0.3216451 
0.2739680 
0.2175104 
0.1616625 
0.1672361 
0.1970027 
0.2330898 
0.2588096 
0.2440394 
0.2527105 
0.2560601 
0.2470158 
0.2820328 
0.3119535 
0.3231258 
0.2997216 
0.3064408 
0.3082999 
0.3001226 
0.2883479 
0.2744546 
0.2464402 
0.2382822 
0.2473438 
0.2451832 
0.2621065 
0.2280561 
0.2368000 
0.2582159 
0.3037835 
0.3323261 
0.3700664 
0.3922832 
0.3413062 
0.3188861 
0.3383108 
0.3501927 
0.3643172 
0.3290238 
0.3137850 
0.2627753 
0.2491653 
0.2606456 
0.3239282 
0.3943519 
0.3896066 
0.3552927 
0.3276676 
0.3094461 
0.2843286 
0.2361197 
0.2650001 
0.3005920 
0.3223202 
0.3640904 
0.3448439 
0.2999166 
0.2669687 
0.2435560 
0.2096519 
0.2143280 
0.2459991 
0.2941448 
0.3009384 
0.2978844 
0.2839676 
0.2897078 
0.2907325 
0.2905742 
0.2780756 
0.3084360 
0.3290022 
0.3052066 
0.3127799 
0.3153623 
0.3335040 
0.3251462 
0.2851434 
0.2547332 
0.2074030 
0.2362127 
0.2534172 
0.2469704 
0.2618591 
0.2890045 
0.2946312 
0.2950006 
0.3044148 
0.3400869 
0.3663802 
0.3364351 
0.3200575 
0.3290455 
0.3184647 
0.3128367 
0.3397807 
0.3484665 
0.3165838 
0.3289097 
0.3285369 
0.3104499 
0.3390623 
0.4012578 
0.4329598 
0.3919123 
0.3655456 
0.3262995 
0.3334764 
0.2772695 
0.2886006 
0.3089317 
0.2697427 
0.2200318 
0.2101601 
0.2427606 
0.2554843 
0.2942038 
0.3289275 
0.3505348 
0.3552333 
0.3347771 
0.2801135 
0.2397139 
0.2115876 
0.1936808 
0.2343969 
0.2602063 
0.2749018 
0.2760068 
0.2761979 
0.2277365 
0.2024151 
0.2114812 
0.2200081 
0.2706110 
0.3223298 
0.3188977 
0.2976517 
0.2518678 
0.1935563 
0.1440415 
0.1338358 
0.1632320 
0.2078840 
0.2424402 
0.2861113 
0.2968128 
0.2704228 
0.2740696 
0.2609623 
0.2641287 
0.2552840 
0.2301331 
0.2707692 
0.2622653 
0.2257950 
0.2338958 
0.2487498 
0.2662631 
0.2415950 
0.2270730 
0.1989374 
0.1548020 
0.1503623 
0.1945747 
0.2256566 
0.2628152 
0.2237387 
0.2057399 
0.1454642 
0.0962994 
0.0908333 
0.0909183 
0.1445340 
0.1585834 
0.1843217 
0.1796566 
0.1481347 
0.1153832 
0.0866777 
0.1162827 
0.1541668 
0.1715581 
0.2214953 
0.2432748 
0.2041227 
0.1907827 
0.1465330 
0.1553811 
0.1940486 
0.2595616 
0.2591416 
0.2394784 
0.1923100 
0.1318969 
0.1265273 
0.1527290 
0.1853035 
0.2294475 
0.2780426 
0.3022556 
0.2949919 
0.2578057 
0.2512792 
0.2405304 
0.2519089 
0.2162853 
0.1606181 
0.1414562 
0.1390455 
0.1544049 
0.2032328 
0.2137124 
0.2422697 
0.1860840 
0.1404964 
0.1143101 
0.0982207 
0.1404520 
0.1906555 
0.2468197 
0.2685918 
0.2137009 
0.1656762 
0.1303044 
0.1184856 
0.1093312 
0.1266773 
0.1528353 
0.1727527 
0.1691454 
0.1470415 
0.1218078 
0.1183631 
0.1348182 
0.1601144 
0.1812496 
0.1425331 
0.0851766 
0.0489021 
0.0253601 
0.0408347 
0.0772160 
0.1036687 
0.1447343 
0.1686375 
0.1632251 
0.1519932 
0.1349326 
0.1237058 
0.1255400 
0.1384722 
0.1569373 
0.1395129 
0.1046273 
0.1104631 
0.1288282 
0.1143081 
0.1188180 
0.1150458 
0.0809299 
0.0600715 
0.0742252 
0.0673211 
0.0893370 
0.0991124 
0.0846776 
0.0514273 
0.0381454 
0.0390006 
0.0586872 
0.0921048 
0.1108394 
0.1075079 
0.1010424 
0.1045834 
0.0403778 
0.0000000 
0.0237974 
0.0255395 
0.0275776 
0.0713767 
0.0787577 
0.0764217 
0.0965937 
0.0773068 
0.0825781 
0.0661590 
0.0524519 
0.1018076 
0.1753414 
0.1378450 
0.1432019 
0.1430344 
0.1426031 
0.1428058 
0.1651486 
0.1899469 
0.2349906 
0.2781319 
0.3044101 
0.2874884 
0.2890252 
0.2677250 
0.2538147 
0.2418846 
0.2656208 
0.2653017 
0.2973213 
0.2365729 
0.2347143 
0.2124742 
0.2045882 
0.2065049 
0.1988157 
0.2125934 
0.1536495 
0.1517365 
0.0721954 
0.0657176 
0.1033413 
0.1299275 
0.1298196 
0.1140942 
0.1145216 
0.1264800 
0.1317049 
0.1379630 
0.1730128 
0.1914510 
0.1787488 
0.1596369 
0.1686743 
0.1630417 
0.1765805 
0.2061480 
0.2227770 
0.2765548 
0.2719635 
0.2240485 
0.1862911 
0.1644070 
0.1617734 
0.2094805 
0.2930488 
0.3018669 
0.3078088 
0.2607505 
0.1742035 
0.1522221 
0.1452668 
0.1492517 
0.2013138 
0.2500142 
0.2880535 
0.3003069 
0.2838239 
0.2587004 
0.2441916 
0.2730414 
0.3024288 
0.3063831 
0.2918453 
0.2821672 
0.2746607 
0.2638802 
0.2814688 
0.2714087 
0.2499458 
0.2280404 
0.1839181 
0.2004832 
0.2249587 
0.2209479 
0.2462340 
0.2458985 
0.2461199 
0.2291699 
0.2012668 
0.2068691 
0.2254693 
0.2553295 
0.3113655 
0.3234180 
0.2909199 
0.2573104 
0.1682504 
0.1531765 
0.1891779 
0.2466213 
0.2914311 
0.3312504 
0.3549158 
0.3391802 
0.2837254 
0.2487775 
0.2264682 
0.2461730 
0.2487765 
0.2031072 
0.1982910 
0.1792252 
0.1537269 
0.1528139 
0.1646540 
0.2126196 
0.2510561 
0.2495442 
0.2608050 
0.2644891 
0.2648608 
0.2587530 
0.2740325 
0.3011740 
0.3169464 
0.3261736 
0.3150656 
0.3172184 
0.3386900 
0.3439390 
0.3343610 
0.3059131 
0.2325166 
0.2182246 
0.2009198 
0.2234068 
0.2123361 
0.2024939 
0.2231407 
0.2225635 
0.2415816 
0.2291267 
0.1803573 
0.1669145 
0.1644430 
0.1719138 
0.1871082 
0.1803011 
0.2085439 
0.1818181 
0.1630490 
0.1382107 
0.1117179 
0.1333265 
0.2019503 
0.2831648 
0.3463382 
0.3645045 
0.3450228 
0.3030475 
0.2765549 
0.2752910 
0.2999599 
0.3500763 
0.4080499 
0.4171859 
0.4044850 
0.3527633 
0.3160429 
0.3198765 
0.3440432 
0.3820462 
0.4113451 
0.4690347 
0.4667393 
0.4343706 
0.4328401 
0.4279179 
0.4296024 
0.3995599 
0.3973965 
0.4155773 
0.4289231 
0.4199815 
0.3819656 
0.3745924 
0.3762288 
0.4237163 
0.4047981 
0.3815978 
0.3548941 
0.3447143 
0.3606975 
0.3689134 
0.4226176 
0.4953846 
0.5066396 
0.4769753 
0.4590362 
0.4347723 
0.4047926 
0.4367281 
0.4658086 
0.4586803 
0.4122991 
0.3486693 
0.2864434 
0.2886911 
0.2985365 
0.3619216 
0.4643777 
0.5212754 
0.5017917 
0.4653047 
0.4068638 
0.3614805 
0.3535377 
0.3829771 
0.4063133 
0.4455885 
0.4467851 
0.4106739 
0.3620375 
0.3090582 
0.2998265 
0.3280210 
0.4059470 
0.4535617 
0.4893885 
0.4693894 
0.4576269 
0.4025544 
0.3560002 
0.4374589 
0.4721640 
0.4988924 
0.4839206 
0.4303284 
0.3718293 
0.3350302 
0.2927512 
0.3137495 
0.3589965 
0.4068895 
0.3992312 
0.3773532 
0.3631654 
0.3493880 
0.3405233 
0.3601117 
0.3728309 
0.3807476 
0.3533692 
0.3532113 
0.3572501 
0.3679599 
0.4120831 
0.5051960 
0.5633351 
0.5714812 
0.5027675 
0.4451604 
0.4160882 
0.4079776 
0.4254018 
0.4674868 
0.5328402 
0.5863339 
0.5797085 
0.5628659 
0.5000130 
0.4339937 
0.4133769 
0.4515467 
0.5058002 
0.5525398 
0.5599840 
0.5026358 
0.4302356 
0.3550107 
0.2961899 
0.2990627 
0.3730740 
0.4576885 
0.5121404 
0.5584294 
0.5187592 
0.4878874 
0.3940698 
0.3909606 
0.4425463 
0.4793862 
0.5302007 
0.5480741 
0.5142827 
0.4447254 
0.3786400 
0.3648403 
0.3855207 
0.4843219 
0.5445350 
0.5821647 
0.5898150 
0.5822416 
0.5542720 
0.5093120 
0.5000102 
0.5200743 
0.5429411 
0.5389844 
0.5130220 
0.4537672 
0.4418055 
0.3828682 
0.3637861 
0.4007632 
0.4685252 
0.5195214 
0.5347464 
0.5278984 
0.4818958 
0.4051096 
0.3966311 
0.4133479 
0.4741585 
0.5196103 
0.5445299 
0.5007763 
0.4513826 
0.4267658 
0.4360582 
