-0.0000226 
-0.0000760 
-0.0000891 
-0.1174167 
-0.0875538 
-0.1856153 
0.9957910 
0.9976082 
0.9948119 
0.9938409 
0.9919986 
0.9949974 
0.9927465 
0.9987648 
0.9956233 
0.9935038 
0.9972990 
0.9925073 
0.9899099 
0.9947379 
1.0000000 
0.9934016 
0.9887949 
0.9932505 
0.9984187 
0.9987534 
0.9960586 
0.9945998 
0.9922835 
0.9906409 
0.9915418 
0.9936946 
0.9938714 
0.9942510 
0.9913267 
0.9952483 
0.9912713 
0.9906368 
0.9900687 
0.9888330 
0.9900384 
0.9906617 
0.9918220 
0.9966077 
0.9935602 
0.9910983 
0.9901670 
0.9974527 
0.9927827 
0.9906408 
0.9931399 
0.9922310 
0.9934127 
0.9946920 
0.9911334 
0.9882459 
0.9880624 
0.9850465 
0.9858143 
0.9877910 
0.9845229 
0.9857121 
0.9850151 
0.9872246 
0.9843351 
0.9832152 
0.9828656 
0.9817991 
0.9785056 
0.9795179 
0.9775798 
0.9776537 
0.9756094 
0.9781542 
0.9796261 
0.9721941 
0.9711511 
0.9713555 
0.9735597 
0.9696970 
0.9688433 
0.9771290 
0.9769442 
0.9747535 
0.9712742 
0.9728199 
0.9768774 
0.9687328 
0.9693103 
0.9692934 
0.9698018 
0.9665619 
0.9679369 
0.9649542 
0.9661376 
0.9678265 
0.9686823 
0.9671763 
0.9657685 
0.9651159 
0.9627470 
0.9629332 
0.9613154 
0.9647409 
0.9589359 
0.9626918 
0.9564410 
0.9590241 
0.9609946 
0.9598450 
0.9593321 
0.9574502 
0.9580087 
0.9577672 
0.9584585 
0.9551779 
0.9562853 
0.9591618 
0.9545135 
0.9530293 
0.9504701 
0.9511552 
0.9513956 
0.9491358 
0.9536253 
0.9536775 
0.9527878 
0.9507523 
0.9487201 
0.9503785 
0.9462720 
0.9474267 
0.9489727 
0.9491583 
0.9478034 
0.9492275 
0.9477030 
0.9423952 
0.9456937 
0.9483693 
0.9459695 
0.9442576 
0.9439218 
0.9438450 
0.9444375 
0.9450566 
0.9409078 
0.9479012 
0.9471336 
0.9470890 
0.9461362 
0.9428485 
0.9438627 
0.9439994 
0.9418800 
0.9409197 
0.9421740 
0.9411899 
0.9414330 
0.9421673 
0.9404855 
0.9386539 
0.9388707 
0.9401758 
0.9396097 
0.9433227 
0.9408464 
0.9349180 
0.9352187 
0.9360449 
0.9364353 
0.9370189 
0.9391492 
0.9421830 
0.9352798 
0.9338164 
0.9324834 
0.9362344 
0.9341639 
0.9299088 
0.9340242 
0.9312798 
0.9272765 
0.9267713 
0.9297142 
0.9307644 
0.9274329 
0.9258362 
0.9285473 
0.9288523 
0.9245889 
0.9193884 
0.9230634 
0.9183591 
0.9202922 
0.9192293 
0.9201151 
0.9199265 
0.9171763 
0.9202027 
0.9182428 
0.9158351 
0.9202740 
0.9201823 
0.9183199 
0.9122537 
0.9162269 
0.9152685 
0.9152483 
0.9118381 
0.9095949 
0.9093417 
0.9083279 
0.9097497 
0.9087834 
0.9132581 
0.9101747 
0.9131036 
0.9134780 
0.9121882 
0.9092155 
0.9086865 
0.9099691 
0.9114388 
0.9095248 
0.9109128 
0.9078974 
0.9125166 
0.9064561 
0.9087606 
0.9069648 
0.9073962 
0.9024907 
0.9071516 
0.9044826 
0.9054938 
0.9041718 
0.8990147 
0.9030032 
0.9018577 
0.9045885 
0.9032482 
0.8997409 
0.8976580 
0.8988119 
0.8953275 
0.9014684 
0.8995793 
0.9021768 
0.8991168 
0.9017578 
0.8963106 
0.8900098 
0.8892632 
0.8858191 
0.8880018 
0.8898540 
0.8874601 
0.8845627 
0.8789175 
0.8799047 
0.8801396 
0.8827441 
0.8825139 
0.8795247 
0.8805650 
0.8772942 
0.8740641 
0.8743630 
0.8736324 
0.8746427 
0.8706811 
0.8737291 
0.8761124 
0.8757531 
0.8728400 
0.8730331 
0.8750013 
0.8730846 
0.8725126 
0.8736616 
0.8716698 
0.8711586 
0.8655251 
0.8631282 
0.8618812 
0.8626460 
0.8609712 
0.8612157 
0.8587296 
0.8612409 
0.8617768 
0.8590998 
0.8593564 
0.8604234 
0.8560263 
0.8562415 
0.8537125 
0.8577760 
0.8550868 
0.8520722 
0.8557767 
0.8556686 
0.8546883 
0.8530513 
0.8543372 
0.8512311 
0.8542948 
0.8566783 
0.8535540 
0.8516970 
0.8472803 
0.8502790 
0.8442709 
0.8504083 
0.8505127 
0.8558808 
0.8494014 
0.8505258 
0.8473400 
0.8456283 
0.8447155 
0.8399137 
0.8407083 
0.8389807 
0.8379224 
0.8369226 
0.8349695 
0.8401941 
0.8345698 
0.8388467 
0.8349449 
0.8339368 
0.8316307 
0.8360770 
0.8402763 
0.8423255 
0.8358458 
0.8369103 
0.8348414 
0.8428693 
0.8390468 
0.8332261 
0.8357074 
0.8374362 
0.8353853 
0.8329872 
0.8349647 
0.8383683 
0.8387276 
0.8299777 
0.8316585 
0.8327442 
0.8351136 
0.8303017 
0.8293082 
0.8298716 
0.8306621 
0.8308381 
0.8318893 
0.8283978 
0.8299743 
0.8298483 
0.8231582 
0.8248706 
0.8226455 
0.8274338 
0.8349224 
0.8366257 
0.8368626 
0.8390845 
0.8393771 
0.8384844 
0.8412376 
0.8360881 
0.8383617 
0.8383539 
0.8344189 
0.8408592 
0.8410467 
0.8373287 
0.8347681 
0.8434651 
0.8392033 
0.8363830 
0.8364411 
0.8336592 
0.8299342 
0.8277829 
0.8206986 
0.8182011 
0.8133251 
0.8106650 
0.8085956 
0.8180542 
0.8068542 
0.8062588 
0.8021778 
0.8105513 
0.8182824 
0.8134149 
0.8095939 
0.8060923 
0.8027751 
0.8030571 
0.8070781 
0.8077606 
0.8023602 
0.8108175 
0.8091197 
0.8076498 
0.8078568 
0.8055507 
0.8052028 
0.8030106 
0.7998810 
0.7968992 
0.7922733 
0.7921748 
0.7896172 
0.7944044 
0.7937120 
0.7918279 
0.7898481 
0.7830588 
0.7912828 
0.7947918 
0.7910920 
0.7900855 
0.7908903 
0.7878952 
0.7892335 
0.7876336 
0.7906138 
0.7959972 
0.7954253 
0.7968307 
0.7950978 
0.7931391 
0.7941460 
0.7929702 
0.7881538 
0.7915361 
0.7836528 
0.7869072 
0.7806835 
0.7834047 
0.7791442 
0.7788795 
0.7736789 
0.7774568 
0.7701593 
0.7737333 
0.7726563 
0.7730186 
0.7750704 
0.7693642 
0.7681516 
0.7706711 
0.7690020 
0.7704522 
0.7639155 
0.7632773 
0.7667368 
0.7651316 
0.7625589 
0.7644163 
0.7648806 
0.7628617 
0.7643867 
0.7678307 
0.7689164 
0.7667583 
0.7616571 
0.7638418 
0.7634386 
0.7611240 
0.7628416 
0.7621709 
0.7669507 
0.7717869 
0.7686588 
0.7701567 
0.7671077 
0.7632169 
0.7648639 
0.7624280 
0.7640079 
0.7658300 
0.7676246 
0.7647615 
0.7620784 
0.7612798 
0.7630605 
0.7668182 
0.7676729 
0.7633769 
0.7676916 
0.7663258 
0.7674130 
0.7719220 
0.7707110 
0.7769454 
0.7702010 
0.7666590 
0.7679626 
0.7666636 
0.7608755 
0.7648541 
0.7604487 
0.7523294 
0.7540007 
0.7535108 
0.7541286 
0.7539610 
0.7509196 
0.7507627 
0.7498311 
0.7468855 
0.7470665 
0.7448614 
0.7463412 
0.7446954 
0.7412934 
0.7443464 
0.7426900 
0.7415676 
0.7394290 
0.7436570 
0.7386783 
0.7399653 
0.7371762 
0.7389632 
0.7371220 
0.7361489 
0.7455487 
0.7502246 
0.7503123 
0.7514605 
0.7552607 
0.7504807 
0.7561073 
0.7485826 
0.7507273 
0.7528538 
0.7566380 
0.7500775 
0.7517353 
0.7494973 
0.7478821 
0.7416708 
0.7387427 
0.7342301 
0.7371376 
0.7402358 
0.7366537 
0.7366651 
0.7365371 
0.7381021 
0.7400838 
0.7388027 
0.7350911 
0.7363047 
0.7369740 
0.7312572 
0.7314667 
0.7335805 
0.7271667 
0.7260217 
0.7247602 
0.7189101 
0.7273282 
0.7207838 
0.7210509 
0.7224374 
0.7196352 
0.7170837 
0.7192750 
0.7215828 
0.7176945 
0.7209386 
0.7245100 
0.7296036 
0.7283232 
0.7245636 
0.7162917 
0.7190440 
0.7204712 
0.7195562 
0.7235374 
0.7171265 
0.7163556 
0.7184526 
0.7156507 
0.7133856 
0.7131920 
0.7094083 
0.7148253 
0.7128177 
0.7090408 
0.7078477 
0.7044733 
0.7047941 
0.6996475 
0.7045767 
0.7034813 
0.6983778 
0.6984033 
0.7018533 
0.7081862 
0.7106932 
0.6987163 
0.7045089 
0.7031779 
0.7076442 
0.7039284 
0.6993929 
0.7044670 
0.7060621 
0.7021700 
0.7059299 
0.7039251 
0.7047684 
0.7065214 
0.7043891 
0.7113676 
0.7083780 
0.7056738 
0.7063833 
0.7087106 
0.7066234 
0.7114833 
0.7131276 
0.7124822 
0.7107920 
0.7053383 
0.7025166 
0.6947654 
0.6934642 
0.6872698 
0.6894678 
0.6923004 
0.6932335 
0.6851934 
0.6871425 
0.6911310 
0.6765053 
0.6789151 
0.6798300 
0.6750572 
0.6741183 
0.6710444 
0.6697114 
0.6702475 
0.6723919 
0.6696154 
0.6702774 
0.6696415 
0.6714623 
0.6713295 
0.6716545 
0.6671842 
0.6698459 
0.6702133 
0.6737549 
0.6749750 
0.6738034 
0.6785747 
0.6820330 
0.6735309 
0.6755035 
0.6718500 
0.6709943 
0.6724829 
0.6736128 
0.6749936 
0.6785857 
0.6793376 
0.6788106 
0.6799850 
0.6727689 
0.6708868 
0.6686097 
0.6711480 
0.6674866 
0.6685340 
0.6661657 
0.6653735 
0.6652017 
0.6646113 
0.6661503 
0.6665477 
0.6645626 
0.6677809 
0.6703173 
0.6757807 
0.6771224 
0.6711748 
0.6747492 
0.6673928 
0.6641816 
0.6605939 
0.6615288 
0.6563250 
0.6628299 
0.6609981 
0.6580265 
0.6587857 
0.6603107 
0.6547485 
0.6561499 
0.6524113 
0.6543508 
0.6546969 
0.6490893 
0.6523576 
0.6567057 
0.6613795 
0.6614573 
0.6606529 
0.6553020 
0.6622943 
0.6610698 
0.6610067 
0.6534066 
0.6509142 
0.6482498 
0.6519036 
0.6521022 
0.6526580 
0.6527724 
0.6511570 
0.6551476 
0.6526159 
0.6539171 
0.6526168 
0.6511086 
0.6568393 
0.6522390 
0.6568327 
0.6580379 
0.6573467 
0.6561087 
0.6606009 
0.6609130 
0.6554451 
0.6526398 
0.6530506 
0.6532668 
0.6497901 
0.6471793 
0.6507484 
0.6472513 
0.6496099 
0.6514746 
0.6490613 
0.6424693 
0.6416899 
0.6439720 
0.6431324 
0.6418316 
0.6452663 
0.6402907 
0.6469920 
0.6463864 
0.6419986 
0.6411108 
0.6397975 
0.6383720 
0.6362051 
0.6370790 
0.6326068 
0.6332155 
0.6408013 
0.6450385 
0.6463187 
0.6501991 
0.6442747 
0.6449801 
0.6413587 
0.6321084 
0.6271612 
0.6306852 
0.6277948 
0.6294954 
0.6293277 
0.6302293 
0.6241702 
0.6313737 
0.6309824 
0.6273647 
0.6229188 
0.6260709 
0.6226870 
0.6176095 
0.6222843 
0.6174926 
0.6195193 
0.6232058 
0.6173030 
0.6191253 
0.6166387 
0.6156112 
0.6150133 
0.6222771 
0.6169693 
0.6133753 
0.6205054 
0.6106606 
0.6177511 
0.6152040 
0.6214777 
0.6281482 
0.6252427 
0.6273116 
0.6281984 
0.6275136 
0.6261685 
0.6242417 
0.6185315 
0.6211702 
0.6141842 
0.6203305 
0.6218766 
0.6092439 
0.6061977 
0.6064415 
0.6035728 
0.6144957 
0.6127188 
0.6107961 
0.6100684 
0.6097751 
0.6130280 
0.6075555 
0.6056551 
0.6090949 
0.6003981 
0.6054130 
0.6069120 
0.6003470 
0.6069630 
0.6110170 
0.6101113 
0.5997660 
0.6012220 
0.6025535 
0.6065768 
0.6004821 
0.5915712 
0.5955298 
0.5992604 
0.6070309 
0.5971809 
0.5972011 
0.6012167 
0.6007899 
0.6049808 
0.6024894 
0.5931807 
0.6014045 
0.5983074 
0.6022750 
0.6000117 
0.6001223 
0.5993635 
0.5950304 
0.5890402 
0.5964083 
0.5954841 
0.5981113 
0.5912245 
0.5956670 
0.5895479 
0.5938499 
0.5913890 
0.5833816 
0.5863810 
0.5871621 
0.5907271 
0.5899978 
0.5848893 
0.5874497 
0.5877323 
0.5917218 
0.5862372 
0.5825623 
0.5840522 
0.5806909 
0.5791445 
0.5811520 
0.5797182 
0.5876455 
0.5830546 
0.5820775 
0.5823430 
0.5807862 
0.5848473 
0.5850370 
0.5797525 
0.5785190 
0.5862824 
0.5836517 
0.5785502 
0.5741236 
0.5786441 
0.5754069 
0.5756594 
0.5734813 
0.5723408 
0.5709562 
0.5692135 
0.5689661 
0.5674768 
0.5679673 
0.5645134 
0.5683335 
0.5641069 
0.5658857 
0.5629258 
0.5686935 
0.5688573 
0.5650212 
0.5655292 
0.5672030 
0.5710767 
0.5618217 
0.5639042 
0.5669376 
0.5622246 
0.5668839 
0.5636168 
0.5596617 
0.5567639 
0.5597622 
0.5590711 
0.5591328 
0.5586873 
0.5552598 
0.5561947 
0.5580261 
0.5532978 
0.5512635 
0.5527895 
0.5569179 
0.5566497 
0.5602150 
0.5559441 
0.5553427 
0.5574670 
0.5602733 
0.5600171 
0.5543034 
0.5551350 
0.5481742 
0.5537971 
0.5497103 
0.5479210 
0.5457252 
0.5474674 
0.5537959 
0.5491781 
0.5532409 
0.5480240 
0.5518847 
0.5485199 
0.5577336 
0.5544038 
0.5532332 
0.5504643 
0.5426056 
0.5480926 
0.5457332 
0.5468418 
0.5470430 
0.5466498 
0.5492075 
0.5449926 
0.5450323 
0.5520643 
0.5509582 
0.5566994 
0.5616720 
0.5464796 
0.5491651 
0.5503791 
0.5514473 
0.5539812 
0.5537545 
0.5531770 
0.5538285 
0.5499011 
0.5486595 
0.5431401 
0.5464194 
0.5357674 
0.5384412 
0.5363009 
0.5442703 
0.5425513 
0.5449315 
0.5390599 
0.5393771 
0.5453634 
0.5428441 
0.5384089 
0.5371426 
0.5386871 
0.5394675 
0.5341613 
0.5316833 
0.5349212 
0.5309554 
0.5316213 
0.5340102 
0.5368335 
0.5373838 
0.5308540 
0.5300248 
0.5335123 
0.5315390 
0.5297090 
0.5274687 
0.5327468 
0.5322862 
0.5290156 
0.5283327 
0.5265739 
0.5243358 
0.5237729 
0.5249677 
0.5267288 
0.5231328 
0.5226419 
0.5256144 
0.5221148 
0.5225859 
0.5226867 
0.5207990 
0.5139133 
0.5172369 
0.5108401 
0.5060786 
0.5100654 
0.5092722 
0.5082626 
0.5050684 
0.5035207 
0.5070367 
0.4996072 
0.5019239 
0.5051357 
0.5057977 
0.5028654 
0.5019336 
0.5131458 
0.5129927 
0.5061833 
0.5108872 
0.5087204 
0.5067235 
0.5055511 
0.5026704 
0.5043189 
0.4969373 
0.5007645 
0.5014053 
0.5037712 
0.5030320 
0.5028135 
0.5108149 
0.5112273 
0.5054381 
0.5078582 
0.5104784 
0.5070352 
0.5040110 
0.5021158 
0.5020835 
0.5013606 
0.5056682 
0.5092934 
0.5035481 
0.5080359 
0.5007089 
0.4980790 
0.5053992 
0.5055005 
0.4959821 
0.4939385 
0.4876227 
0.4894253 
0.4943828 
0.4961761 
0.5005033 
0.4930433 
0.4935575 
0.4901461 
0.4897879 
0.4854103 
0.4853101 
0.4844854 
0.4880269 
0.4941477 
0.4882830 
0.4974461 
0.4991904 
0.4947332 
0.4910544 
0.4868965 
0.4887629 
0.4881128 
0.4911670 
0.4900438 
0.4912107 
0.4905822 
0.4853735 
0.4859582 
0.4832480 
0.4786166 
0.4804637 
0.4802620 
0.4798987 
0.4852188 
0.4790772 
0.4836511 
0.4748935 
0.4727400 
0.4684748 
0.4709935 
0.4773365 
0.4781300 
0.4761329 
0.4795966 
0.4752606 
0.4742963 
0.4679326 
0.4726497 
0.4698266 
0.4677963 
0.4754326 
0.4786020 
0.4679240 
0.4651847 
0.4590929 
0.4657787 
0.4757862 
0.4743245 
0.4766938 
0.4670535 
0.4748166 
0.4727155 
0.4735728 
0.4684535 
0.4646330 
0.4648703 
0.4652430 
0.4605101 
0.4601235 
0.4620414 
0.4574398 
0.4633181 
0.4645229 
0.4637468 
0.4597740 
0.4541926 
0.4576062 
0.4610899 
0.4528332 
0.4549141 
0.4562140 
0.4507716 
0.4556387 
0.4544057 
0.4584273 
0.4586461 
0.4555329 
0.4553366 
0.4547629 
0.4521936 
0.4508122 
0.4532500 
0.4525193 
0.4526110 
0.4488749 
0.4408810 
0.4379878 
0.4468447 
0.4507696 
0.4431465 
0.4419315 
0.4452889 
0.4462728 
0.4392993 
0.4329903 
0.4373699 
0.4351471 
0.4347801 
0.4433806 
0.4470530 
0.4490488 
0.4481566 
0.4551721 
0.4509496 
0.4500478 
0.4458055 
0.4411091 
0.4459367 
0.4420422 
0.4389298 
0.4400749 
0.4415580 
0.4451585 
0.4367009 
0.4331640 
0.4365696 
0.4392573 
0.4298792 
0.4293106 
0.4403342 
0.4412931 
0.4394521 
0.4358365 
0.4322371 
0.4354759 
0.4378438 
0.4326762 
0.4323424 
0.4418440 
0.4363166 
0.4353501 
0.4360357 
0.4268179 
0.4339132 
0.4373308 
0.4353699 
0.4300474 
0.4298811 
0.4185852 
0.4236119 
0.4236995 
0.4268438 
0.4350101 
0.4333734 
0.4345919 
0.4333851 
0.4273102 
0.4310760 
0.4316623 
0.4292219 
0.4328470 
0.4333389 
0.4397098 
0.4299307 
0.4262356 
0.4287688 
0.4232832 
0.4259045 
0.4255881 
0.4228676 
0.4218905 
0.4225638 
0.4237137 
0.4191883 
0.4119336 
0.4196429 
0.4172611 
0.4200898 
0.4235009 
0.4164737 
0.4201281 
0.4195812 
0.4178427 
0.4160548 
0.4156555 
0.4205882 
0.4156582 
0.4151019 
0.4155726 
0.4194753 
0.4094828 
0.4088011 
0.4092224 
0.4158703 
0.4138092 
0.4147382 
0.4093425 
0.4083030 
0.4071090 
0.4092379 
0.4133309 
0.4113152 
0.4131281 
0.4096016 
0.4103101 
0.4115699 
0.4059064 
0.4053481 
0.4092953 
0.4071242 
0.4028224 
0.3992196 
0.3998238 
0.4031898 
0.4026364 
0.4012558 
0.4055066 
0.4025586 
0.4018611 
0.3940320 
0.3998703 
0.3981568 
0.3943659 
0.3979335 
0.4021609 
0.3988582 
0.3904748 
0.3979321 
0.3955649 
0.3954295 
0.3998492 
0.3943267 
0.3910570 
0.3907698 
0.3920197 
0.3864619 
0.3915966 
0.3927789 
0.3950627 
0.3960113 
0.3929043 
0.3915497 
0.3868116 
0.3922195 
0.3931739 
0.3860701 
0.3873594 
0.3918731 
0.3843033 
0.3835105 
0.3842270 
0.3828851 
0.3802937 
0.3833669 
0.3789924 
0.3827171 
0.3841522 
0.3817636 
0.3840237 
0.3813113 
0.3773514 
0.3806182 
0.3798719 
0.3777943 
0.3773637 
0.3733230 
0.3679848 
0.3722684 
0.3734238 
0.3737617 
0.3761527 
0.3780223 
0.3747408 
0.3786869 
0.3735514 
0.3749624 
0.3751124 
0.3757556 
0.3753833 
0.3782312 
0.3723796 
0.3771788 
0.3737367 
0.3697382 
0.3733399 
0.3737013 
0.3734249 
0.3699347 
0.3742409 
0.3706300 
0.3712849 
0.3698042 
0.3734548 
0.3716014 
0.3749488 
0.3710403 
0.3655623 
0.3690893 
0.3718497 
0.3715509 
0.3642753 
0.3607089 
0.3623117 
0.3629120 
0.3611878 
0.3588454 
0.3589448 
0.3609299 
0.3628636 
0.3585949 
0.3643048 
0.3646971 
0.3602411 
0.3640025 
0.3701116 
0.3778386 
0.3711072 
0.3691254 
0.3700851 
0.3716587 
0.3653936 
0.3639619 
0.3601495 
0.3640772 
0.3655494 
0.3603096 
0.3536457 
0.3507031 
0.3495007 
0.3486805 
0.3517025 
0.3520701 
0.3534349 
0.3515122 
0.3479476 
0.3531839 
0.3539527 
0.3565657 
0.3588205 
0.3576286 
0.3603531 
0.3603930 
0.3606285 
0.3532612 
0.3571905 
0.3528118 
0.3524296 
0.3554212 
0.3544143 
0.3523641 
0.3532489 
0.3581277 
0.3482012 
0.3555756 
0.3543546 
0.3509052 
0.3511895 
0.3495231 
0.3442911 
0.3458543 
0.3445720 
0.3427883 
0.3453395 
0.3390870 
0.3486554 
0.3518791 
0.3447741 
0.3457812 
0.3463221 
0.3483175 
0.3442813 
0.3391040 
0.3417362 
0.3411077 
0.3393381 
0.3362153 
0.3338220 
0.3407429 
0.3401058 
0.3380764 
0.3418678 
0.3458616 
0.3467382 
0.3483409 
0.3474756 
0.3440178 
0.3442783 
0.3416055 
0.3404946 
0.3372613 
0.3436851 
0.3423403 
0.3450696 
0.3405935 
0.3449991 
0.3460734 
0.3444367 
0.3443081 
0.3440238 
0.3433140 
0.3356372 
0.3328324 
0.3398256 
0.3415033 
0.3404424 
0.3404538 
0.3355106 
0.3343412 
0.3389047 
0.3407007 
0.3309677 
0.3294572 
0.3322000 
0.3327974 
0.3278354 
0.3251937 
0.3226180 
0.3287709 
0.3249203 
0.3223156 
0.3212093 
0.3249619 
0.3236921 
0.3184596 
0.3199063 
0.3198750 
0.3201376 
0.3208441 
0.3178379 
0.3192552 
0.3215610 
0.3146015 
0.3104561 
0.3092860 
0.3172314 
0.3200779 
0.3141176 
0.3115630 
0.3102169 
0.3088650 
0.3082395 
0.3123676 
0.3125874 
0.3101153 
0.3143431 
0.3142027 
0.3202955 
0.3154347 
0.3098562 
0.3079028 
0.3162156 
0.3150871 
0.3107859 
0.3107679 
0.3060517 
0.3114000 
0.3136017 
0.3149034 
0.3170729 
0.3164542 
0.3157476 
0.3100204 
0.3085593 
0.3077572 
0.3028489 
0.3003622 
0.2987356 
0.3014141 
0.3060269 
0.3080012 
0.3064330 
0.3060698 
0.3082948 
0.3050155 
0.3053022 
0.3035738 
0.3052109 
0.3072542 
0.3027510 
0.3057690 
0.3076541 
0.3049521 
0.3062506 
0.3023035 
0.3032724 
0.3050094 
0.3023383 
0.2970547 
0.2962818 
0.2977010 
0.3048756 
0.3088046 
0.3041582 
0.2999627 
0.2994873 
0.3033117 
0.3030866 
0.3000321 
0.3014000 
0.2982708 
0.2986248 
0.3016469 
0.2997812 
0.3024657 
0.3052586 
0.2962055 
0.2971518 
0.2959076 
0.2948316 
0.2924407 
0.2927686 
0.2906486 
0.2985641 
0.2967205 
0.2960958 
0.2871767 
0.2871145 
0.2851580 
0.2865082 
0.2856383 
0.2857525 
0.2869998 
0.2889691 
0.2869426 
0.2842452 
0.2842136 
0.2866438 
0.2871191 
0.2842251 
0.2831248 
0.2841901 
0.2806724 
0.2805357 
0.2829445 
0.2836321 
0.2847712 
0.2833559 
0.2778585 
0.2790770 
0.2771196 
0.2752905 
0.2814848 
0.2826471 
0.2782197 
0.2755755 
0.2737477 
0.2752160 
0.2755829 
0.2779664 
0.2734058 
0.2733306 
0.2751106 
0.2715027 
0.2709015 
0.2696614 
0.2721630 
0.2717935 
0.2704880 
0.2681611 
0.2685033 
0.2698975 
0.2721121 
0.2679197 
0.2677293 
0.2664276 
0.2615876 
0.2618359 
0.2630512 
0.2623216 
0.2632501 
0.2587196 
0.2590601 
0.2632991 
0.2666348 
0.2615523 
0.2594951 
0.2616105 
0.2628818 
0.2644536 
0.2637786 
0.2673468 
0.2683770 
0.2676213 
0.2658618 
0.2651655 
0.2602757 
0.2652045 
0.2647388 
0.2650287 
0.2584955 
0.2576905 
0.2554725 
0.2601418 
0.2553964 
0.2616555 
0.2632502 
0.2590854 
0.2528197 
0.2592223 
0.2594639 
0.2590500 
0.2570491 
0.2625387 
0.2634643 
0.2659223 
0.2616331 
0.2646479 
0.2629438 
0.2642538 
0.2650409 
0.2644664 
0.2617562 
0.2635036 
0.2638740 
0.2648636 
0.2610858 
0.2576338 
0.2615315 
0.2594990 
0.2583571 
0.2607394 
0.2565952 
0.2534391 
0.2489934 
0.2483421 
0.2526626 
0.2510518 
0.2501699 
0.2488861 
0.2511766 
0.2486173 
0.2523044 
0.2563174 
0.2594989 
0.2584501 
0.2493786 
0.2523767 
0.2518923 
0.2463459 
0.2471573 
0.2497294 
0.2592771 
0.2587438 
0.2563606 
0.2534636 
0.2471596 
0.2313854 
0.2295235 
0.2351673 
0.2335000 
0.2283009 
0.2312535 
0.2281948 
0.2240784 
0.2314029 
0.2331425 
0.2312636 
0.2265662 
0.2229991 
0.2277252 
0.2352334 
0.2397860 
0.2439286 
0.2387548 
0.2372352 
0.2391875 
0.2377228 
0.2369391 
0.2298736 
0.2250080 
0.2232612 
0.2227687 
0.2249217 
0.2295117 
0.2240812 
0.2196279 
0.2190056 
0.2252678 
0.2286015 
0.2282662 
0.2279461 
0.2291055 
0.2282917 
0.2246221 
0.2274710 
0.2262807 
0.2248578 
0.2237862 
0.2229488 
0.2245511 
0.2375848 
0.2444311 
0.2400150 
0.2418091 
0.2444923 
0.2395014 
0.2448199 
0.2427971 
0.2354637 
0.2160497 
0.2084331 
0.2120065 
0.2097349 
0.2168790 
0.2165474 
0.2151385 
0.2146320 
0.2098331 
0.2153427 
0.2163902 
0.2164537 
0.2152073 
0.2135837 
0.2206566 
0.2169115 
0.2117044 
0.2177356 
0.2175818 
0.2142545 
0.2132322 
0.2120033 
0.2123402 
0.2127377 
0.2123477 
0.2090423 
0.2104856 
0.2073130 
0.2070345 
0.2125386 
0.2107856 
0.2141552 
0.2092268 
0.2126360 
0.2095084 
0.2059355 
0.2087347 
0.2103123 
0.2074265 
0.2129608 
0.2083981 
0.2051341 
0.2050081 
0.2078959 
0.2058574 
0.2019339 
0.2037739 
0.2043947 
0.2079894 
0.2043219 
0.2032145 
0.2063080 
0.2082112 
0.2043968 
0.2036696 
0.1995120 
0.1987556 
0.2040286 
0.2087194 
0.2081253 
0.2065406 
0.2032201 
0.2030357 
0.2013388 
0.2011076 
0.2016073 
0.2037254 
0.1977489 
0.1993710 
0.2012831 
0.2014228 
0.2062232 
0.2073861 
0.2087728 
0.2011515 
0.1994175 
0.1965210 
0.1957692 
0.1967076 
0.2015628 
0.2046473 
0.2058972 
0.2047105 
0.2050141 
0.2052512 
0.2006636 
0.2016825 
0.2022182 
0.2023105 
0.2016574 
0.2027690 
0.2028382 
0.2064489 
0.2067848 
0.2053017 
0.2040744 
0.2016965 
0.2039513 
0.2052640 
0.1991575 
0.1970321 
0.1965696 
0.1959182 
0.1996379 
0.1984653 
0.1947589 
0.1912898 
0.1877483 
0.1881208 
0.1853422 
0.1882760 
0.1901574 
0.1886143 
0.1887409 
0.1876865 
0.1922663 
0.1938550 
0.1908632 
0.1948648 
0.1948115 
0.1926085 
0.1923249 
0.1925287 
0.1922619 
0.1920541 
0.1938016 
0.1873474 
0.1852578 
0.1862415 
0.1836468 
0.1849843 
0.1829003 
0.1824355 
0.1793082 
0.1841684 
0.1870997 
0.1847689 
0.1808419 
0.1777087 
0.1800730 
0.1798457 
0.1794511 
0.1839293 
0.1804207 
0.1752847 
0.1769941 
0.1788580 
0.1829710 
0.1867224 
0.1827060 
0.1754666 
0.1710969 
0.1743784 
0.1762473 
0.1758284 
0.1786138 
0.1817430 
0.1811905 
0.1791551 
0.1783898 
0.1748725 
0.1710286 
0.1720121 
0.1661714 
0.1685115 
0.1698668 
0.1698606 
0.1714913 
0.1709833 
0.1688773 
0.1659841 
0.1615737 
0.1594606 
0.1609800 
0.1625929 
0.1646615 
0.1643078 
0.1632160 
0.1637430 
0.1655837 
0.1594765 
0.1543885 
0.1576088 
0.1653087 
0.1616239 
0.1592986 
0.1597413 
0.1601278 
0.1590342 
0.1565032 
0.1515401 
0.1494785 
0.1523476 
0.1597706 
0.1612834 
0.1563861 
0.1603861 
0.1640451 
0.1669897 
0.1655774 
0.1636902 
0.1601994 
0.1600592 
0.1572761 
0.1551731 
0.1535257 
0.1543122 
0.1586980 
0.1586271 
0.1656266 
0.1524072 
0.1486458 
0.1513639 
0.1570992 
0.1537489 
0.1490887 
0.1498331 
0.1494139 
0.1490353 
0.1545572 
0.1491592 
0.1460104 
0.1433572 
0.1452164 
0.1459102 
0.1472943 
0.1456340 
0.1489994 
0.1464293 
0.1438275 
0.1447260 
0.1414918 
0.1422078 
0.1447266 
0.1462771 
0.1470645 
0.1473281 
0.1459407 
0.1468942 
0.1458735 
0.1454281 
0.1453822 
0.1486010 
0.1527834 
0.1507797 
0.1506200 
0.1514999 
0.1506587 
0.1514560 
0.1461916 
0.1466511 
0.1462163 
0.1458081 
0.1414258 
0.1476934 
0.1496186 
0.1503230 
0.1445915 
0.1427872 
0.1478797 
0.1469672 
0.1418181 
0.1364679 
0.1407574 
0.1365214 
0.1421425 
0.1386264 
0.1400852 
0.1396112 
0.1440981 
0.1429758 
0.1408330 
0.1367871 
0.1359478 
0.1339287 
0.1362870 
0.1408870 
0.1380742 
0.1364586 
0.1350227 
0.1396319 
0.1411556 
0.1381094 
0.1381202 
0.1382149 
0.1327214 
0.1278010 
0.1316896 
0.1278490 
0.1287823 
0.1352577 
0.1341016 
0.1306902 
0.1341572 
0.1338951 
0.1375610 
0.1345509 
0.1358592 
0.1383494 
0.1371402 
0.1349633 
0.1394870 
0.1390480 
0.1359568 
0.1339409 
0.1296838 
0.1316624 
0.1329889 
0.1311919 
0.1315330 
0.1285690 
0.1306917 
0.1291178 
0.1232995 
0.1202861 
0.1202034 
0.1168207 
0.1142596 
0.1144195 
0.1143754 
0.1176639 
0.1154260 
0.1143408 
0.1176852 
0.1127315 
0.1110302 
0.1111234 
0.1104225 
0.1107830 
0.1137430 
0.1133526 
0.1138630 
0.1094741 
0.1115934 
0.1153819 
0.1117778 
0.1134955 
0.1157670 
0.1133241 
0.1071982 
0.1035922 
0.1063285 
0.1098585 
0.1124761 
0.1072500 
0.1018355 
0.1014910 
0.1005899 
0.1036459 
0.1042504 
0.1114569 
0.1114305 
0.1155589 
0.1202643 
0.1181162 
0.1149044 
0.1102523 
0.1070675 
0.1054344 
0.1056011 
0.1063370 
0.1058340 
0.1076145 
0.1063431 
0.1080954 
0.1084648 
0.1072566 
0.1074647 
0.1061432 
0.1074590 
0.1010869 
0.1003396 
0.1028655 
0.1037326 
0.0995744 
0.0994129 
0.1009878 
0.1006513 
0.1004792 
0.0995177 
0.1013303 
0.1054986 
0.1029853 
0.0971723 
0.0992458 
0.0974149 
0.0943576 
0.0954318 
0.0953196 
0.0927879 
0.0946374 
0.0970696 
0.0992731 
0.0948693 
0.0948885 
0.0942693 
0.0952261 
0.0942825 
0.0922885 
0.0946351 
0.0948346 
0.0965635 
0.0978035 
0.0979765 
0.0950029 
0.0955644 
0.0939908 
0.0953690 
0.0931839 
0.0962724 
0.0990185 
0.0974564 
0.1012750 
0.0946045 
0.0970012 
0.0973856 
0.0969403 
0.0962915 
0.0968734 
0.0975503 
0.0907790 
0.0891255 
0.0903772 
0.0925261 
0.0902497 
0.0883030 
0.0798883 
0.0805575 
0.0812547 
0.0826291 
0.0856865 
0.0859919 
0.0844223 
0.0883907 
0.0860061 
0.0872985 
0.0903111 
0.0882553 
0.0795842 
0.0784320 
0.0756159 
0.0784486 
0.0780499 
0.0816321 
0.0823699 
0.0820031 
0.0755544 
0.0814387 
0.0809449 
0.0797247 
0.0809719 
0.0804780 
0.0787439 
0.0745250 
0.0745185 
0.0759005 
0.0717843 
0.0740311 
0.0773582 
0.0774035 
0.0800675 
0.0819504 
0.0797085 
0.0824271 
0.0764209 
0.0748437 
0.0761331 
0.0755307 
0.0775749 
0.0762757 
0.0767207 
0.0772565 
0.0755748 
0.0752043 
0.0752007 
0.0755079 
0.0733252 
0.0748500 
0.0771526 
0.0773249 
0.0735177 
0.0744465 
0.0705239 
0.0693109 
0.0722096 
0.0722021 
0.0735861 
0.0739513 
0.0698151 
0.0708059 
0.0702933 
0.0704832 
0.0738015 
0.0694492 
0.0664555 
0.0658017 
0.0631100 
0.0693345 
0.0677343 
0.0657649 
0.0708118 
0.0686319 
0.0653616 
0.0662242 
0.0620349 
0.0649953 
0.0671917 
0.0668578 
0.0661652 
0.0662372 
0.0653650 
0.0689477 
0.0665033 
0.0646225 
0.0658723 
0.0624729 
0.0633783 
0.0655501 
0.0592804 
0.0609166 
0.0636324 
0.0640770 
0.0605032 
0.0597598 
0.0588994 
0.0630284 
0.0613671 
0.0591951 
0.0595423 
0.0648161 
0.0667294 
0.0656010 
0.0642105 
0.0606457 
0.0596735 
0.0579415 
0.0588577 
0.0549255 
0.0538985 
0.0590997 
0.0604897 
0.0556452 
0.0562964 
0.0532946 
0.0521452 
0.0548470 
0.0570810 
0.0514236 
0.0504798 
0.0522999 
0.0551276 
0.0528066 
0.0520385 
0.0504457 
0.0519597 
0.0525450 
0.0543942 
0.0528130 
0.0472981 
0.0449231 
0.0469051 
0.0533714 
0.0497119 
0.0464347 
0.0460016 
0.0536768 
0.0519798 
0.0504291 
0.0440625 
0.0462853 
0.0480466 
0.0438352 
0.0419020 
0.0407301 
0.0442691 
0.0426431 
0.0402613 
0.0397395 
0.0348246 
0.0371545 
0.0382904 
0.0375522 
0.0388757 
0.0399144 
0.0407929 
0.0368693 
0.0391742 
0.0430526 
0.0445323 
0.0455600 
0.0430550 
0.0375418 
0.0311762 
0.0320075 
0.0342246 
0.0349307 
0.0323487 
0.0325288 
0.0331377 
0.0328892 
0.0330490 
0.0304769 
0.0304015 
0.0273868 
0.0283360 
0.0309111 
0.0294481 
0.0279028 
0.0245809 
0.0275221 
0.0264056 
0.0247672 
0.0248419 
0.0280519 
0.0268447 
0.0306517 
0.0275421 
0.0238287 
0.0240241 
0.0242837 
0.0268329 
0.0317055 
0.0299960 
0.0314729 
0.0332098 
0.0323452 
0.0288581 
0.0297239 
0.0258068 
0.0306721 
0.0285341 
0.0273972 
0.0235087 
0.0270581 
0.0292870 
0.0252563 
0.0229169 
0.0215339 
0.0192031 
0.0167052 
0.0204079 
0.0204896 
0.0217212 
0.0219319 
0.0225419 
0.0191156 
0.0222730 
0.0227460 
0.0229690 
0.0216354 
0.0263825 
0.0235584 
0.0215054 
0.0221896 
0.0236374 
0.0209119 
0.0175513 
0.0152294 
0.0133672 
0.0176977 
0.0202271 
0.0188960 
0.0184261 
0.0186100 
0.0141719 
0.0135280 
0.0173473 
0.0188313 
0.0181734 
0.0158285 
0.0112492 
0.0116092 
0.0122539 
0.0154773 
0.0169118 
0.0143609 
0.0120494 
0.0063611 
0.0068861 
0.0071758 
0.0066558 
0.0079054 
0.0114411 
0.0126312 
0.0128497 
0.0061006 
0.0043996 
0.0049431 
0.0071871 
0.0064233 
0.0034264 
0.0036364 
0.0019494 
0.0052219 
0.0033935 
0.0011313 
0.0002778 
0.0010850 
0.0046365 
0.0019916 
0.0075614 
0.0079699 
0.0077676 
0.0034459 
0.0000000 
0.0052388 
0.0028739 
0.0002298 
0.0009857 
0.0016444 
0.0030897 
0.0049058 
0.0038654 
0.0033826 
0.0031731 
0.0032391 
0.0006205 
