-0.0000991 
-0.0001768 
0.0001762 
-0.4328266 
0.0166592 
-0.2601156 
0.9985112 
0.9958182 
0.9987795 
1.0000000 
0.9964558 
0.9985643 
0.9996641 
0.9989980 
0.9956723 
0.9959533 
0.9966773 
0.9951949 
0.9932340 
0.9902836 
0.9943810 
0.9940924 
0.9939995 
0.9958809 
0.9959156 
0.9985112 
0.9965125 
0.9960255 
0.9942237 
0.9920628 
0.9938927 
0.9891012 
0.9892459 
0.9865315 
0.9874851 
0.9890265 
0.9895541 
0.9881430 
0.9881146 
0.9904007 
0.9926460 
0.9908087 
0.9868422 
0.9864738 
0.9850615 
0.9878412 
0.9896533 
0.9874258 
0.9874527 
0.9867498 
0.9868442 
0.9862517 
0.9856090 
0.9853930 
0.9851299 
0.9869156 
0.9815465 
0.9779729 
0.9729975 
0.9694863 
0.9672319 
0.9652177 
0.9638140 
0.9667404 
0.9676281 
0.9706865 
0.9638140 
0.9614422 
0.9590780 
0.9564611 
0.9568573 
0.9547891 
0.9541245 
0.9519695 
0.9512259 
0.9529782 
0.9485816 
0.9516143 
0.9517602 
0.9453201 
0.9456022 
0.9447584 
0.9446152 
0.9461565 
0.9443895 
0.9420990 
0.9396342 
0.9352367 
0.9368978 
0.9350866 
0.9351947 
0.9335150 
0.9329970 
0.9311952 
0.9329413 
0.9300405 
0.9311839 
0.9333941 
0.9316459 
0.9333990 
0.9330724 
0.9325055 
0.9311547 
0.9329517 
0.9328831 
0.9299322 
0.9300894 
0.9323330 
0.9324712 
0.9301870 
0.9318802 
0.9319510 
0.9319333 
0.9317329 
0.9300987 
0.9313813 
0.9302746 
0.9265708 
0.9266861 
0.9257613 
0.9289724 
0.9300509 
0.9269716 
0.9223342 
0.9190617 
0.9195045 
0.9225687 
0.9220761 
0.9189566 
0.9187132 
0.9196278 
0.9202349 
0.9192838 
0.9133456 
0.9141113 
0.9150591 
0.9146280 
0.9152817 
0.9170749 
0.9174289 
0.9176598 
0.9145295 
0.9171266 
0.9136292 
0.9146083 
0.9121687 
0.9145281 
0.9146866 
0.9128161 
0.9139757 
0.9114596 
0.9111279 
0.9076113 
0.9067979 
0.9077891 
0.9052917 
0.9038638 
0.9014447 
0.9020513 
0.9096621 
0.9067818 
0.9033929 
0.9034007 
0.9042169 
0.8987543 
0.9025398 
0.8980373 
0.8987458 
0.8945211 
0.8931699 
0.8943634 
0.8927073 
0.8921486 
0.8928919 
0.8951934 
0.8929994 
0.8895693 
0.8882611 
0.8833540 
0.8856240 
0.8853338 
0.8836261 
0.8843085 
0.8888289 
0.8868982 
0.8849362 
0.8868130 
0.8854896 
0.8836557 
0.8797071 
0.8790038 
0.8811003 
0.8800906 
0.8804469 
0.8805239 
0.8802302 
0.8803572 
0.8794504 
0.8787635 
0.8787617 
0.8793169 
0.8775864 
0.8753465 
0.8744688 
0.8758381 
0.8750985 
0.8742091 
0.8757903 
0.8768684 
0.8772609 
0.8762315 
0.8757025 
0.8722482 
0.8705691 
0.8726376 
0.8746037 
0.8724407 
0.8720276 
0.8715566 
0.8692420 
0.8716333 
0.8723633 
0.8712561 
0.8718662 
0.8753090 
0.8764762 
0.8747789 
0.8738087 
0.8714040 
0.8708178 
0.8701941 
0.8716715 
0.8699837 
0.8690898 
0.8720375 
0.8667373 
0.8655222 
0.8640049 
0.8665097 
0.8635721 
0.8635899 
0.8657724 
0.8640354 
0.8610143 
0.8635688 
0.8638747 
0.8625816 
0.8585858 
0.8614058 
0.8595243 
0.8615669 
0.8635262 
0.8593659 
0.8585168 
0.8579901 
0.8531620 
0.8507297 
0.8525891 
0.8529737 
0.8532588 
0.8517558 
0.8526314 
0.8494483 
0.8478214 
0.8489827 
0.8445039 
0.8452868 
0.8440725 
0.8417482 
0.8419148 
0.8416545 
0.8409838 
0.8403650 
0.8390449 
0.8398495 
0.8416676 
0.8383054 
0.8400833 
0.8399948 
0.8406406 
0.8400266 
0.8392330 
0.8424040 
0.8433116 
0.8439196 
0.8449655 
0.8467485 
0.8469014 
0.8461036 
0.8428062 
0.8430421 
0.8424351 
0.8445181 
0.8458259 
0.8448419 
0.8448697 
0.8450806 
0.8441646 
0.8411757 
0.8419076 
0.8438946 
0.8435588 
0.8413095 
0.8405236 
0.8394188 
0.8389622 
0.8399585 
0.8363024 
0.8378179 
0.8363733 
0.8356878 
0.8335357 
0.8325508 
0.8347841 
0.8389745 
0.8397430 
0.8382046 
0.8363358 
0.8303347 
0.8287490 
0.8265975 
0.8262094 
0.8237380 
0.8209221 
0.8232510 
0.8237476 
0.8242938 
0.8243482 
0.8246544 
0.8262078 
0.8215305 
0.8186041 
0.8171951 
0.8147065 
0.8140139 
0.8151411 
0.8153880 
0.8119824 
0.8109970 
0.8104590 
0.8118031 
0.8102531 
0.8106542 
0.8088517 
0.8076692 
0.8090276 
0.8086122 
0.8076889 
0.8036828 
0.8042132 
0.8074250 
0.8095136 
0.8076894 
0.8068293 
0.8055312 
0.8049762 
0.8044944 
0.8040528 
0.8016317 
0.7984482 
0.7978334 
0.7999953 
0.7999509 
0.7979150 
0.7997523 
0.7970243 
0.7969543 
0.7943825 
0.7942639 
0.7951334 
0.7935119 
0.7916014 
0.7910811 
0.7937354 
0.7943623 
0.7961884 
0.7932491 
0.7925532 
0.7930730 
0.7934097 
0.7936492 
0.7904678 
0.7924570 
0.7897563 
0.7880878 
0.7852529 
0.7860166 
0.7827786 
0.7830134 
0.7873874 
0.7861191 
0.7843319 
0.7866866 
0.7836359 
0.7828603 
0.7848288 
0.7838563 
0.7845889 
0.7848916 
0.7805688 
0.7807841 
0.7821323 
0.7792015 
0.7830020 
0.7776788 
0.7755785 
0.7734237 
0.7719175 
0.7731820 
0.7729120 
0.7697819 
0.7718848 
0.7700736 
0.7663583 
0.7668501 
0.7656054 
0.7651508 
0.7659484 
0.7657274 
0.7642175 
0.7619160 
0.7624062 
0.7620524 
0.7623929 
0.7621351 
0.7596713 
0.7589962 
0.7572891 
0.7565552 
0.7556593 
0.7566962 
0.7540634 
0.7550557 
0.7532034 
0.7504775 
0.7496159 
0.7484098 
0.7487309 
0.7513876 
0.7526068 
0.7514200 
0.7541625 
0.7525826 
0.7510056 
0.7524558 
0.7479856 
0.7492191 
0.7508574 
0.7489216 
0.7514371 
0.7469699 
0.7484663 
0.7454932 
0.7445477 
0.7442833 
0.7452835 
0.7460336 
0.7440100 
0.7458689 
0.7438606 
0.7452055 
0.7440956 
0.7447876 
0.7468054 
0.7417330 
0.7400970 
0.7426531 
0.7434362 
0.7400713 
0.7399244 
0.7433583 
0.7452913 
0.7445195 
0.7391109 
0.7386502 
0.7405270 
0.7405177 
0.7389761 
0.7390598 
0.7394973 
0.7413735 
0.7444612 
0.7448635 
0.7419419 
0.7418402 
0.7367944 
0.7365462 
0.7401004 
0.7401863 
0.7365705 
0.7370846 
0.7342990 
0.7346532 
0.7340073 
0.7323762 
0.7322415 
0.7313850 
0.7310328 
0.7306238 
0.7335219 
0.7331716 
0.7346304 
0.7313941 
0.7295302 
0.7319262 
0.7333928 
0.7349433 
0.7366705 
0.7375314 
0.7325940 
0.7307151 
0.7291231 
0.7278773 
0.7255117 
0.7252342 
0.7258809 
0.7239774 
0.7230084 
0.7205477 
0.7204554 
0.7173724 
0.7184640 
0.7188070 
0.7170319 
0.7179849 
0.7184496 
0.7175449 
0.7156304 
0.7185764 
0.7185733 
0.7183092 
0.7168173 
0.7173795 
0.7184225 
0.7200218 
0.7207096 
0.7198776 
0.7200584 
0.7200530 
0.7218222 
0.7222453 
0.7184501 
0.7165878 
0.7166068 
0.7210407 
0.7202294 
0.7187950 
0.7187612 
0.7177442 
0.7174645 
0.7181912 
0.7177692 
0.7154812 
0.7150774 
0.7153877 
0.7135095 
0.7124636 
0.7124261 
0.7099390 
0.7093324 
0.7077619 
0.7058685 
0.7027621 
0.7012976 
0.7015919 
0.7013127 
0.7016317 
0.7031895 
0.7026306 
0.7045081 
0.7037702 
0.7015093 
0.7046834 
0.7065062 
0.7048573 
0.7045253 
0.7041389 
0.7037369 
0.7039534 
0.6994795 
0.6993644 
0.6975827 
0.6979300 
0.6981588 
0.6976623 
0.6952824 
0.6904567 
0.6909576 
0.6924727 
0.6939755 
0.6886229 
0.6849552 
0.6850272 
0.6872731 
0.6833560 
0.6861327 
0.6877217 
0.6900748 
0.6923691 
0.6885099 
0.6876396 
0.6883469 
0.6870837 
0.6853782 
0.6857701 
0.6866934 
0.6868918 
0.6862436 
0.6889675 
0.6867350 
0.6832861 
0.6854973 
0.6836510 
0.6830622 
0.6821742 
0.6818089 
0.6801662 
0.6828698 
0.6810852 
0.6835230 
0.6811914 
0.6828074 
0.6790166 
0.6794097 
0.6756840 
0.6738448 
0.6693185 
0.6639546 
0.6651778 
0.6663869 
0.6670585 
0.6664758 
0.6668351 
0.6685987 
0.6686031 
0.6659264 
0.6684181 
0.6655259 
0.6650202 
0.6678531 
0.6686905 
0.6671802 
0.6673708 
0.6673630 
0.6649532 
0.6655190 
0.6662422 
0.6686397 
0.6690777 
0.6674512 
0.6651007 
0.6617731 
0.6637016 
0.6618514 
0.6615443 
0.6629894 
0.6636460 
0.6645119 
0.6643027 
0.6636109 
0.6659275 
0.6629128 
0.6621331 
0.6633174 
0.6662416 
0.6649621 
0.6667410 
0.6661989 
0.6684121 
0.6711570 
0.6713385 
0.6758207 
0.6737239 
0.6752557 
0.6737674 
0.6706319 
0.6690542 
0.6655947 
0.6615329 
0.6612813 
0.6578156 
0.6592433 
0.6603794 
0.6595920 
0.6592641 
0.6592869 
0.6602802 
0.6588712 
0.6601325 
0.6594452 
0.6620003 
0.6614965 
0.6619195 
0.6588672 
0.6580751 
0.6556356 
0.6545925 
0.6515979 
0.6532693 
0.6511026 
0.6549042 
0.6522401 
0.6542002 
0.6552623 
0.6548015 
0.6525952 
0.6439943 
0.6313415 
0.6290770 
0.6271844 
0.6289817 
0.6265307 
0.6295452 
0.6288689 
0.6309820 
0.6319988 
0.6341537 
0.6328000 
0.6318261 
0.6325130 
0.6318582 
0.6297755 
0.6299583 
0.6284057 
0.6299622 
0.6261812 
0.6202773 
0.6206651 
0.6192682 
0.6245286 
0.6232775 
0.6232959 
0.6257743 
0.6282117 
0.6282137 
0.6259488 
0.6291752 
0.6258834 
0.6247594 
0.6221103 
0.6249883 
0.6236298 
0.6225329 
0.6226123 
0.6231284 
0.6242350 
0.6254659 
0.6264802 
0.6259021 
0.6248768 
0.6217894 
0.6217131 
0.6185939 
0.6190059 
0.6172816 
0.6163690 
0.6154364 
0.6142985 
0.6125303 
0.6134417 
0.6138068 
0.6091806 
0.6077801 
0.6067070 
0.6068641 
0.6051202 
0.6020645 
0.6047704 
0.6027363 
0.6027501 
0.6042303 
0.6048889 
0.6055882 
0.6081304 
0.6086462 
0.6075209 
0.6106060 
0.6092570 
0.6111008 
0.6089710 
0.6073677 
0.6006247 
0.6050674 
0.6006012 
0.6031164 
0.6022280 
0.5970752 
0.5975662 
0.6018218 
0.6056019 
0.6034689 
0.6071289 
0.6071518 
0.6084140 
0.6066490 
0.6075024 
0.6076620 
0.6051805 
0.6050318 
0.6051538 
0.6073200 
0.6040324 
0.6043925 
0.6045747 
0.6072061 
0.6039834 
0.6078790 
0.6101478 
0.6091255 
0.6072475 
0.6086688 
0.6056506 
0.6073770 
0.6056285 
0.6045811 
0.6050673 
0.6064748 
0.6031982 
0.6021593 
0.6007057 
0.5951470 
0.5969007 
0.5965228 
0.6001612 
0.5961306 
0.5938548 
0.5979050 
0.5960460 
0.5938307 
0.5917212 
0.5871496 
0.5882683 
0.5846760 
0.5825094 
0.5829666 
0.5819235 
0.5817964 
0.5778705 
0.5735392 
0.5732537 
0.5723318 
0.5764580 
0.5760790 
0.5763683 
0.5751026 
0.5765969 
0.5760555 
0.5748283 
0.5738553 
0.5695782 
0.5695222 
0.5700245 
0.5694202 
0.5710899 
0.5686147 
0.5696813 
0.5694026 
0.5693500 
0.5699805 
0.5701799 
0.5697541 
0.5703804 
0.5688122 
0.5681369 
0.5685952 
0.5687497 
0.5659102 
0.5656826 
0.5679456 
0.5683743 
0.5695799 
0.5732202 
0.5723688 
0.5726927 
0.5747276 
0.5745071 
0.5729705 
0.5730997 
0.5755420 
0.5760501 
0.5769862 
0.5750522 
0.5738175 
0.5713333 
0.5745048 
0.5718411 
0.5729549 
0.5710631 
0.5735304 
0.5702420 
0.5711868 
0.5722088 
0.5708085 
0.5711596 
0.5687686 
0.5694035 
0.5695676 
0.5646320 
0.5648004 
0.5640583 
0.5650300 
0.5650065 
0.5664449 
0.5691095 
0.5659206 
0.5679277 
0.5657176 
0.5651688 
0.5643779 
0.5613598 
0.5603092 
0.5591814 
0.5579006 
0.5590971 
0.5605916 
0.5552468 
0.5549226 
0.5544438 
0.5558564 
0.5557969 
0.5560705 
0.5529547 
0.5525247 
0.5563855 
0.5561100 
0.5577541 
0.5557254 
0.5573478 
0.5548177 
0.5548418 
0.5542709 
0.5508960 
0.5479497 
0.5458860 
0.5460377 
0.5450331 
0.5441362 
0.5426120 
0.5433030 
0.5445411 
0.5448811 
0.5468752 
0.5474187 
0.5458087 
0.5479003 
0.5495984 
0.5527866 
0.5550282 
0.5565829 
0.5523378 
0.5529720 
0.5531640 
0.5490902 
0.5464049 
0.5439003 
0.5440144 
0.5443512 
0.5439511 
0.5446246 
0.5454537 
0.5442770 
0.5463023 
0.5451737 
0.5440081 
0.5399445 
0.5415817 
0.5412034 
0.5386328 
0.5389985 
0.5375931 
0.5376646 
0.5400780 
0.5369452 
0.5394074 
0.5383458 
0.5363824 
0.5338886 
0.5330519 
0.5298940 
0.5326350 
0.5295366 
0.5329714 
0.5315737 
0.5315648 
0.5266420 
0.5278241 
0.5275221 
0.5297443 
0.5290322 
0.5259311 
0.5240871 
0.5199530 
0.5226821 
0.5167627 
0.5169760 
0.5163134 
0.5168321 
0.5186369 
0.5211736 
0.5195711 
0.5206730 
0.5201537 
0.5201751 
0.5187876 
0.5159137 
0.5137211 
0.5145443 
0.5153001 
0.5186176 
0.5165149 
0.5146301 
0.5108423 
0.5103402 
0.5088138 
0.5072866 
0.5068536 
0.5095378 
0.5081791 
0.5059280 
0.5068545 
0.5059584 
0.5045278 
0.5035196 
0.5023851 
0.5021107 
0.5003022 
0.5015838 
0.4991030 
0.4968324 
0.4945136 
0.4974319 
0.4975582 
0.5003228 
0.4995371 
0.5004437 
0.4995582 
0.4980596 
0.4992712 
0.4995792 
0.4977073 
0.4990529 
0.4991747 
0.4998298 
0.5003075 
0.5017056 
0.5027948 
0.5014077 
0.5044282 
0.5053723 
0.5054920 
0.5082274 
0.5074310 
0.5067151 
0.5083134 
0.5100388 
0.5144936 
0.5171862 
0.5186418 
0.5199896 
0.5193452 
0.5167659 
0.5168438 
0.5091570 
0.5114719 
0.5103645 
0.5096993 
0.5098442 
0.5070173 
0.5036342 
0.4995166 
0.5002124 
0.5016686 
0.5013618 
0.5019729 
0.5057086 
0.5063434 
0.5041259 
0.5045994 
0.5043074 
0.5027693 
0.5019352 
0.4991761 
0.4968113 
0.4981677 
0.4991217 
0.4977062 
0.4994374 
0.4981429 
0.4941484 
0.4913309 
0.4908088 
0.4885752 
0.4863965 
0.4837110 
0.4841668 
0.4835701 
0.4810724 
0.4765288 
0.4748981 
0.4758396 
0.4745357 
0.4740044 
0.4737083 
0.4703204 
0.4687350 
0.4680618 
0.4685614 
0.4672596 
0.4672250 
0.4666639 
0.4680321 
0.4662770 
0.4661285 
0.4660595 
0.4646734 
0.4656390 
0.4668454 
0.4657979 
0.4678175 
0.4659178 
0.4676449 
0.4711368 
0.4711584 
0.4704334 
0.4748103 
0.4754292 
0.4711545 
0.4707996 
0.4679091 
0.4725548 
0.4722193 
0.4720537 
0.4734077 
0.4713028 
0.4722791 
0.4726001 
0.4693669 
0.4685642 
0.4678437 
0.4710735 
0.4709335 
0.4687293 
0.4668125 
0.4652820 
0.4591380 
0.4587673 
0.4612229 
0.4636762 
0.4654278 
0.4640245 
0.4666040 
0.4664344 
0.4693403 
0.4680215 
0.4651056 
0.4654053 
0.4639886 
0.4650665 
0.4645163 
0.4674146 
0.4639792 
0.4627195 
0.4583579 
0.4591798 
0.4568038 
0.4547560 
0.4520021 
0.4513269 
0.4506047 
0.4510210 
0.4506072 
0.4516252 
0.4526749 
0.4510763 
0.4500747 
0.4485999 
0.4523314 
0.4496180 
0.4521567 
0.4492812 
0.4508645 
0.4484757 
0.4476131 
0.4444612 
0.4448457 
0.4433602 
0.4436601 
0.4441942 
0.4439483 
0.4456123 
0.4410647 
0.4418484 
0.4441894 
0.4429523 
0.4421838 
0.4443569 
0.4427087 
0.4453161 
0.4574422 
0.4637224 
0.4669884 
0.4661747 
0.4669100 
0.4667801 
0.4639471 
0.4616746 
0.4617776 
0.4606386 
0.4626525 
0.4592917 
0.4591365 
0.4587115 
0.4553495 
0.4546227 
0.4522523 
0.4524313 
0.4499953 
0.4464782 
0.4461288 
0.4449990 
0.4437126 
0.4378304 
0.4339130 
0.4353663 
0.4313464 
0.4294037 
0.4281273 
0.4280679 
0.4270717 
0.4239818 
0.4189639 
0.4159257 
0.4140620 
0.4110893 
0.4096559 
0.4060919 
0.4024633 
0.4008595 
0.4021880 
0.4019504 
0.4053893 
0.4067856 
0.4042741 
0.4077194 
0.4068086 
0.4077691 
0.4101172 
0.4128772 
0.4110229 
0.4081110 
0.4095329 
0.4088981 
0.4124192 
0.4098555 
0.4120162 
0.4116700 
0.4070475 
0.4096071 
0.4109545 
0.4096690 
0.4086494 
0.4064951 
0.4041049 
0.4016833 
0.4011110 
0.3946814 
0.3937152 
0.3956305 
0.3930815 
0.3923302 
0.3929810 
0.3927159 
0.3906765 
0.3865211 
0.3883543 
0.3893863 
0.3884978 
0.3910988 
0.3950627 
0.3935924 
0.3944858 
0.3939661 
0.3931256 
0.3929170 
0.3958168 
0.3933336 
0.3921140 
0.3916385 
0.3921789 
0.3946302 
0.3975275 
0.4029145 
0.4029969 
0.4033662 
0.4005525 
0.4001136 
0.3954368 
0.3935484 
0.3882203 
0.3799430 
0.3760457 
0.3715021 
0.3679991 
0.3637839 
0.3616631 
0.3637408 
0.3649774 
0.3645004 
0.3685228 
0.3700994 
0.3699056 
0.3729148 
0.3730174 
0.3741376 
0.3769185 
0.3771860 
0.3753917 
0.3727667 
0.3746739 
0.3748914 
0.3740065 
0.3770742 
0.3762064 
0.3723781 
0.3716182 
0.3720786 
0.3750682 
0.3770711 
0.3766650 
0.3779424 
0.3780119 
0.3773320 
0.3758306 
0.3769468 
0.3794886 
0.3768353 
0.3786644 
0.3800993 
0.3778678 
0.3771978 
0.3759139 
0.3797897 
0.3777362 
0.3807136 
0.3789306 
0.3815336 
0.3827605 
0.3839017 
0.3882241 
0.3896752 
0.3874199 
0.3919619 
0.3922279 
0.3938193 
0.3902730 
0.3925026 
0.3927415 
0.3963383 
0.3976960 
0.4025894 
0.4007828 
0.4029516 
0.4039038 
0.4047785 
0.4084035 
0.4074616 
0.4043666 
0.4032374 
0.3979112 
0.3921407 
0.3834328 
0.3889022 
0.3890389 
0.3878218 
0.3854848 
0.3818447 
0.3782700 
0.3750306 
0.3748924 
0.3714460 
0.3705421 
0.3733272 
0.3676318 
0.3653198 
0.3648426 
0.3624697 
0.3605383 
0.3601709 
0.3587549 
0.3559451 
0.3784723 
0.3733047 
0.3730113 
0.3740209 
0.3767706 
0.3733650 
0.3741258 
0.3710571 
0.3737328 
0.3708882 
0.3734755 
0.3785003 
0.3798049 
0.3847398 
0.3887486 
0.3960027 
0.3958851 
0.3953609 
0.3959396 
0.3906141 
0.3858024 
0.3827453 
0.3824334 
0.3791103 
0.3800986 
0.3781150 
0.3792269 
0.3795271 
0.3810077 
0.3821341 
0.3842170 
0.3873800 
0.3877666 
0.3878748 
0.3853178 
0.3859917 
0.3835922 
0.3828744 
0.3816481 
0.3808068 
0.3812503 
0.3804543 
0.3821079 
0.3816478 
0.3822631 
0.3855589 
0.3895726 
0.3828476 
0.3798995 
0.3750550 
0.3775504 
0.3781224 
0.3776041 
0.3773549 
0.3765687 
0.3763267 
0.3784711 
0.3808528 
0.3814987 
0.3849013 
0.3866497 
0.3878752 
0.3855553 
0.3879061 
0.3850641 
0.3863201 
0.3817484 
0.3769440 
0.3723183 
0.3703436 
0.3677222 
0.3613766 
0.3550545 
0.3510480 
0.3520568 
0.3476555 
0.3459012 
0.3490590 
0.3481071 
0.3484754 
0.3482948 
0.3481954 
0.3496963 
0.3506875 
0.3479097 
0.3432010 
0.3435255 
0.3395542 
0.3399472 
0.3409170 
0.3441130 
0.3427287 
0.3447837 
0.3428509 
0.3427956 
0.3456682 
0.3443515 
0.3490882 
0.3464755 
0.3467788 
0.3478269 
0.3483562 
0.3470331 
0.3457955 
0.3464814 
0.3491067 
0.3480121 
0.3482176 
0.3476060 
0.3448324 
0.3403974 
0.3384431 
0.3350390 
0.3406479 
0.3411396 
0.3393443 
0.3406801 
0.3387433 
0.3308603 
0.3311787 
0.3307608 
0.3340818 
0.3299772 
0.3304710 
0.3282036 
0.3288559 
0.3303947 
0.3318548 
0.3322627 
0.3280854 
0.3438941 
0.3493958 
0.3477313 
0.3497090 
0.3482548 
0.3491843 
0.3486705 
0.3485173 
0.3443277 
0.3440616 
0.3466235 
0.3466936 
0.3457503 
0.3448203 
0.3453034 
0.3464394 
0.3488315 
0.3511119 
0.3507883 
0.3500094 
0.3485035 
0.3491410 
0.3502952 
0.3451882 
0.3437292 
0.3456841 
0.3481192 
0.3497381 
0.3483502 
0.3472555 
0.3485738 
0.3389988 
0.3413676 
0.3420462 
0.3419995 
0.3404215 
0.3387261 
0.3366868 
0.3399717 
0.3433795 
0.3406489 
0.3405122 
0.3363593 
0.3342952 
0.3300122 
0.3252528 
0.3284567 
0.3283814 
0.3251194 
0.3247374 
0.3207751 
0.3179788 
0.3165357 
0.3177936 
0.3163493 
0.3127717 
0.3027716 
0.2971758 
0.2960279 
0.2937621 
0.2920374 
0.2904205 
0.2887219 
0.2861324 
0.2834466 
0.2867008 
0.2900619 
0.2888331 
0.2884503 
0.2896338 
0.2950154 
0.2946389 
0.2923515 
0.2950027 
0.2970641 
0.2961199 
0.2944972 
0.2933791 
0.2976566 
0.2992332 
0.3053805 
0.3115606 
0.3169758 
0.3171870 
0.3149116 
0.3081043 
0.3057636 
0.3059935 
0.3102019 
0.3140762 
0.3142877 
0.3149190 
0.3174664 
0.3167888 
0.3141165 
0.3104691 
0.3140079 
0.3129183 
0.3117149 
0.3115888 
0.3133361 
0.3150100 
0.3130514 
0.3176033 
0.3124982 
0.3089920 
0.3031640 
0.3000068 
0.3001821 
0.3032268 
0.3039221 
0.3060615 
0.3088153 
0.3051973 
0.3020220 
0.2972742 
0.2958544 
0.2950966 
0.2957506 
0.3143107 
0.3153546 
0.3199195 
0.3200034 
0.3170994 
0.3154202 
0.3137669 
0.3106353 
0.3095934 
0.3113934 
0.3113012 
0.3084964 
0.3086065 
0.3048722 
0.3006403 
0.3004452 
0.2956823 
0.2947618 
0.2973799 
0.2989137 
0.2998362 
0.2971201 
0.2978966 
0.2968360 
0.2981580 
0.2997834 
0.2980775 
0.2995599 
0.2958154 
0.2966688 
0.2946025 
0.2958992 
0.2960779 
0.2929746 
0.2924730 
0.2892891 
0.2888062 
0.2944612 
0.2997307 
0.3024569 
0.3032731 
0.3075065 
0.3102041 
0.3116626 
0.3144322 
0.3152742 
0.3154858 
0.3151253 
0.3128277 
0.3127672 
0.3083034 
0.3069782 
0.3048163 
0.3087910 
0.3080388 
0.3112331 
0.3097277 
0.3091491 
0.3106031 
0.3129683 
0.3122874 
0.3147684 
0.3097468 
0.3090686 
0.3061169 
0.3014976 
0.3008915 
0.2962408 
0.2925963 
0.2895447 
0.2866440 
0.2820514 
0.2789222 
0.2757089 
0.2712755 
0.2718048 
0.2689634 
0.2669369 
0.2625808 
0.2595742 
0.2604805 
0.2591806 
0.2571911 
0.2551507 
0.2554913 
0.2560769 
0.2556911 
0.2561321 
0.2533015 
0.2570170 
0.2611722 
0.2683831 
0.2723638 
0.2728052 
0.2719130 
0.2706355 
0.2637740 
0.2531991 
0.2556527 
0.2579884 
0.2613068 
0.2575821 
0.2523180 
0.2495326 
0.2483628 
0.2461118 
0.2454711 
0.2439714 
0.2446158 
0.2442481 
0.2418655 
0.2405505 
0.2428194 
0.2442130 
0.2454461 
0.2496949 
0.2532632 
0.2545002 
0.2591320 
0.2615200 
0.2661614 
0.2686569 
0.2706809 
0.2720965 
0.2748149 
0.2737981 
0.2704461 
0.2662774 
0.2625343 
0.2594798 
0.2569527 
0.2574021 
0.2558981 
0.2533259 
0.2542859 
0.2536271 
0.2523156 
0.2537675 
0.2545971 
0.2515069 
0.2515821 
0.2534881 
0.2524923 
0.2483450 
0.2486988 
0.2496050 
0.2477506 
0.2475284 
0.2453243 
0.2394223 
0.2333132 
0.2386496 
0.2404910 
0.2387027 
0.2396792 
0.2402169 
0.2395018 
0.2364843 
0.2361591 
0.2330124 
0.2327939 
0.2318434 
0.2314455 
0.2290256 
0.2311267 
0.2303104 
0.2259536 
0.2296747 
0.2321785 
0.2289414 
0.2288561 
0.2289712 
0.2270129 
0.2300081 
0.2298422 
0.2275098 
0.2277592 
0.2274652 
0.2260037 
0.2225666 
0.2220523 
0.2188893 
0.2182934 
0.2181019 
0.2189197 
0.2186290 
0.2204162 
0.2168575 
0.2134849 
0.2126794 
0.2120378 
0.2110952 
0.2091930 
0.2072995 
0.2089717 
0.2089350 
0.2078643 
0.2126736 
0.2144574 
0.2162204 
0.2197353 
0.2245757 
0.2271408 
0.2309556 
0.2332016 
0.2358599 
0.2360161 
0.2352090 
0.2339135 
0.2344402 
0.2337343 
0.2337447 
0.2316494 
0.2273732 
0.2278025 
0.2292709 
0.2371762 
0.2356638 
0.2357386 
0.2359859 
0.2342139 
0.2337056 
0.2396419 
0.2418593 
0.2380293 
0.2390747 
0.2365142 
0.2349885 
0.2356464 
0.2365970 
0.2372813 
0.2386998 
0.2374640 
0.2376518 
0.2399269 
0.2405498 
0.2412808 
0.2424065 
0.2406202 
0.2404627 
0.2406819 
0.2379205 
0.2380046 
0.2369712 
0.2380218 
0.2373431 
0.2399215 
0.2422424 
0.2442084 
0.2425801 
0.2423245 
0.2438741 
0.2449111 
0.2442540 
0.2434981 
0.2373853 
0.2233967 
0.2197480 
0.2158199 
0.2154294 
0.2150884 
0.2131911 
0.2163616 
0.2117803 
0.2130066 
0.2153701 
0.2121133 
0.2114415 
0.2107071 
0.2098376 
0.2095528 
0.2103988 
0.2110032 
0.2099099 
0.2096924 
0.2079714 
0.2035961 
0.2014467 
0.2018053 
0.2021822 
0.2049894 
0.2055372 
0.2082334 
0.2052300 
0.2034822 
0.2032491 
0.2013011 
0.2008574 
0.2027091 
0.2024787 
0.2040295 
0.2029146 
0.2049195 
0.2050555 
0.2085056 
0.2127287 
0.2100678 
0.2112404 
0.2110734 
0.2140640 
0.2141690 
0.2186554 
0.2229079 
0.2252564 
0.2261386 
0.2259360 
0.2259955 
0.2254566 
0.2248353 
0.2240994 
0.2201240 
0.2172278 
0.2176470 
0.2173910 
0.2177324 
0.2134444 
0.2074219 
0.2071089 
0.2069184 
0.2058203 
0.2041005 
0.2054126 
0.1981942 
0.1951012 
0.1944181 
0.1945426 
0.1918103 
0.1865467 
0.1859043 
0.1856712 
0.1884111 
0.1867011 
0.1889201 
0.1908028 
0.1885424 
0.1894377 
0.1925567 
0.1921438 
0.1906561 
0.1887746 
0.1876228 
0.1842555 
0.1797757 
0.1784838 
0.1749537 
0.1723685 
0.1722057 
0.1711351 
0.1677471 
0.1662242 
0.1637947 
0.1577885 
0.1525710 
0.1494487 
0.1474214 
0.1463430 
0.1454415 
0.1442380 
0.1419790 
0.1418136 
0.1406350 
0.1414504 
0.1411755 
0.1440994 
0.1431081 
0.1487540 
0.1505102 
0.1553772 
0.1529050 
0.1572666 
0.1592069 
0.1640123 
0.1660505 
0.1658993 
0.1666533 
0.1701069 
0.1716757 
0.1731346 
0.1735872 
0.1755820 
0.1766742 
0.1754296 
0.1725800 
0.1713863 
0.1713338 
0.1712119 
0.1694135 
0.1682850 
0.1704530 
0.1722551 
0.1700620 
0.1684945 
0.1729470 
0.1734836 
0.1749093 
0.1772198 
0.1789557 
0.1785678 
0.1749743 
0.1755210 
0.1775798 
0.1779544 
0.1762829 
0.1790736 
0.1762961 
0.1753711 
0.1756154 
0.1768088 
0.1753417 
0.1800669 
0.1807528 
0.1810294 
0.1798749 
0.1791207 
0.1800377 
0.1803116 
0.1777170 
0.1752870 
0.1745173 
0.1754990 
0.1718894 
0.1705951 
0.1684260 
0.1617065 
0.1564829 
0.1576453 
0.1523102 
0.1497696 
0.1449346 
0.1415098 
0.1449107 
0.1408193 
0.1389248 
0.1397744 
0.1414509 
0.1390093 
0.1356781 
0.1347818 
0.1323484 
0.1291178 
0.1260742 
0.1233496 
0.1234421 
0.1210754 
0.1175677 
0.1196892 
0.1196190 
0.1207953 
0.1235545 
0.1246841 
0.1216537 
0.1228156 
0.1202927 
0.1222230 
0.1219453 
0.1228421 
0.1222033 
0.1231266 
0.1246590 
0.1233183 
0.1199724 
0.1205272 
0.1172536 
0.1148993 
0.1145203 
0.1149403 
0.1149884 
0.1139196 
0.1156523 
0.1168701 
0.1229621 
0.1211378 
0.1210270 
0.1195393 
0.1158399 
0.1122127 
0.1108194 
0.1131175 
0.1136574 
0.1118846 
0.1107178 
0.1112857 
0.1105655 
0.1106013 
0.1114938 
0.1091492 
0.1071706 
0.1095748 
0.1100194 
0.1111789 
0.1160987 
0.1187362 
0.1193164 
0.1216277 
0.1199371 
0.1261885 
0.1304422 
0.1344671 
0.1376444 
0.1403223 
0.1432080 
0.1395137 
0.1424501 
0.1463771 
0.1477012 
0.1503645 
0.1519545 
0.1519279 
0.1514657 
0.1472147 
0.1449657 
0.1451793 
0.1461536 
0.1452016 
0.1439982 
0.1439249 
0.1473135 
0.1452054 
0.1442522 
0.1418687 
0.1413417 
0.1419912 
0.1410921 
0.1403936 
0.1404319 
0.1417680 
0.1447681 
0.1465023 
0.1503154 
0.1486765 
0.1474976 
0.1493252 
0.1435471 
0.1405149 
0.1419225 
0.1405766 
0.1423082 
0.1416516 
0.1422837 
0.1448020 
0.1483066 
0.1489976 
0.1499907 
0.1468772 
0.1437861 
0.1414020 
0.1412978 
0.1377875 
0.1383776 
0.1408219 
0.1427353 
0.1413980 
0.1410320 
0.1378935 
0.1373644 
0.1369217 
0.1336316 
0.1347297 
0.1381444 
0.1402461 
0.1400668 
0.1384978 
0.1362415 
0.1363967 
0.1352256 
0.1355604 
0.1353396 
0.1336003 
0.1330530 
0.1323712 
0.1261962 
0.1241212 
0.1239328 
0.1175205 
0.1145107 
0.1165802 
0.1127448 
0.1129745 
0.1120275 
0.1114272 
0.1080124 
0.1052380 
0.1069084 
0.1068101 
0.1004434 
0.1013128 
0.1010351 
0.1006177 
0.0988146 
0.1011281 
0.0985846 
0.0983122 
0.1017826 
0.1015064 
0.0960412 
0.0904865 
0.0883482 
0.0898391 
0.0879185 
0.0907539 
0.0902475 
0.0886357 
0.0874785 
0.0886662 
0.0876924 
0.0894862 
0.0854353 
0.0841336 
0.0849955 
0.0857060 
0.0888569 
0.0900459 
0.0869380 
0.0846260 
0.0848459 
0.0784891 
0.0732134 
0.0765004 
0.0776167 
0.0808453 
0.0769455 
0.0757016 
0.0772078 
0.0727648 
0.0727906 
0.0672979 
0.0632578 
0.0625849 
0.0635731 
0.0652641 
0.0650513 
0.0671031 
0.0699233 
0.0700207 
0.0706161 
0.0704308 
0.0709754 
0.0684951 
0.0685975 
0.0695135 
0.0676302 
0.0655116 
0.0644938 
0.0616532 
0.0618192 
0.0643043 
0.0695270 
0.0738259 
0.0743241 
0.0754227 
0.0758875 
0.0723596 
0.0707840 
0.0695153 
0.0687296 
0.0709223 
0.0729749 
0.0734077 
0.0749156 
0.0734241 
0.0765624 
0.0740433 
0.0756781 
0.0787096 
0.0812974 
0.0819156 
0.0794053 
0.0804774 
0.0758758 
0.0746586 
0.0709594 
0.0706480 
0.0717908 
0.0703950 
0.0715746 
0.0716814 
0.0713542 
0.0734459 
0.0740620 
0.0782089 
0.0802497 
0.0694843 
0.0710172 
0.0726796 
0.0693805 
0.0672270 
0.0649938 
0.0658757 
0.0615606 
0.0646710 
0.0646131 
0.0633764 
0.0652048 
0.0639163 
0.0653173 
0.0633828 
0.0661814 
0.0646398 
0.0645228 
0.0651723 
0.0621394 
0.0609578 
0.0632161 
0.0638501 
0.0637253 
0.0624260 
0.0602143 
0.0598813 
0.0605787 
0.0568219 
0.0563732 
0.0558299 
0.0545850 
0.0542418 
0.0527147 
0.0529100 
0.0495220 
0.0505248 
0.0517391 
0.0525926 
0.0495129 
0.0506039 
0.0507381 
0.0495076 
0.0543661 
0.0551181 
0.0581131 
0.0605327 
0.0586320 
0.0584756 
0.0574697 
0.0584971 
0.0583265 
0.0579328 
0.0610261 
0.0615290 
0.0598770 
0.0580633 
0.0526954 
0.0501322 
0.0432087 
0.0358680 
0.0258591 
0.0245587 
0.0226119 
0.0210346 
0.0203472 
0.0205304 
0.0202211 
0.0177386 
0.0155420 
0.0130920 
0.0118655 
0.0111050 
0.0121225 
0.0155186 
0.0171510 
0.0175528 
0.0202817 
0.0213739 
0.0221673 
0.0250275 
0.0281451 
0.0335338 
0.0348353 
0.0352750 
0.0361978 
0.0327309 
0.0346267 
0.0382101 
0.0446165 
0.0493102 
0.0521681 
0.0525579 
0.0517011 
0.0531299 
0.0540836 
0.0556274 
0.0571376 
0.0590018 
0.0591479 
0.0619651 
0.0612446 
0.0633150 
0.0635356 
0.0665973 
0.0673783 
0.0691081 
0.0697234 
0.0678178 
0.0681395 
0.0679020 
0.0697988 
0.0676961 
0.0702602 
0.0698811 
0.0652891 
0.0627538 
0.0608038 
0.0579412 
0.0591250 
0.0577398 
0.0574858 
0.0540335 
0.0506439 
0.0512867 
0.0483710 
0.0464545 
0.0441309 
0.0428820 
0.0438847 
0.0435251 
0.0430543 
0.0426068 
0.0439027 
0.0429347 
0.0409668 
0.0389595 
0.0381985 
0.0378846 
0.0353316 
0.0314584 
0.0298767 
0.0289601 
0.0265410 
0.0252407 
0.0245831 
0.0225758 
0.0201083 
0.0195669 
0.0166488 
0.0156657 
0.0172032 
0.0164252 
0.0155900 
0.0165938 
0.0156606 
0.0141694 
0.0140152 
0.0126794 
0.0095082 
0.0124222 
0.0099653 
0.0101490 
0.0109997 
0.0104359 
0.0091236 
0.0093631 
0.0097746 
0.0099328 
0.0072561 
0.0069521 
0.0046966 
0.0025670 
0.0008976 
0.0052984 
0.0043166 
0.0048405 
0.0023721 
0.0041453 
0.0000000 
0.0028470 
0.0050241 
0.0035330 
0.0058795 
0.0123647 
0.0128998 
