-0.0000737 
0.0000361 
0.0001903 
-0.0889119 
-0.1228388 
0.3839085 
0.9939423 
0.9954295 
0.9915427 
0.9936923 
0.9912003 
0.9881257 
0.9851770 
0.9855740 
0.9831605 
0.9865747 
0.9961859 
0.9861753 
0.9810289 
0.9855978 
0.9854339 
0.9793324 
0.9753249 
0.9845216 
0.9898537 
0.9857661 
0.9883782 
0.9827577 
0.9889490 
0.9973762 
0.9932608 
0.9898053 
0.9845866 
0.9871795 
0.9917934 
1.0000000 
0.9940976 
0.9891188 
0.9919863 
0.9925511 
0.9913589 
0.9780549 
0.9763292 
0.9839196 
0.9809456 
0.9767814 
0.9704509 
0.9734704 
0.9728846 
0.9695706 
0.9729193 
0.9690395 
0.9687194 
0.9627630 
0.9521143 
0.9366810 
0.9388025 
0.9567720 
0.9645582 
0.9694596 
0.9642534 
0.9621289 
0.9619952 
0.9708520 
0.9722530 
0.9664278 
0.9605808 
0.9657980 
0.9698735 
0.9706828 
0.9669735 
0.9663878 
0.9694458 
0.9694616 
0.9636824 
0.9621208 
0.9603374 
0.9595033 
0.9473296 
0.9442191 
0.9479700 
0.9579523 
0.9634969 
0.9576241 
0.9579332 
0.9538558 
0.9610831 
0.9515456 
0.9509316 
0.9542242 
0.9534118 
0.9500206 
0.9448482 
0.9384890 
0.9339415 
0.9369537 
0.9305533 
0.9352231 
0.9452066 
0.9412826 
0.9352638 
0.9321908 
0.9242742 
0.9284215 
0.9275178 
0.9280198 
0.9276506 
0.9292560 
0.9253177 
0.9180642 
0.9038220 
0.9055286 
0.9175522 
0.9165628 
0.9047984 
0.9056280 
0.9011726 
0.8980672 
0.9102967 
0.8973900 
0.8954330 
0.8943272 
0.8891902 
0.8932012 
0.8885673 
0.8891081 
0.8957025 
0.9009552 
0.8914079 
0.8965653 
0.8937490 
0.8975815 
0.9034394 
0.9019812 
0.9044499 
0.9115478 
0.9073851 
0.8874950 
0.8790714 
0.8802933 
0.8762524 
0.8755343 
0.8750612 
0.8771020 
0.8912350 
0.8850108 
0.8977536 
0.8882138 
0.8913479 
0.8935957 
0.8984476 
0.8844635 
0.8688724 
0.8613520 
0.8752017 
0.8795008 
0.8824142 
0.8832907 
0.8809529 
0.8713899 
0.8722268 
0.8764932 
0.8757960 
0.8699667 
0.8660043 
0.8662320 
0.8662902 
0.8750153 
0.8722362 
0.8648100 
0.8584175 
0.8593013 
0.8670873 
0.8688987 
0.8711632 
0.8729911 
0.8732804 
0.8748620 
0.8721204 
0.8714672 
0.8706381 
0.8603875 
0.8622224 
0.8619027 
0.8508391 
0.8519376 
0.8569194 
0.8594014 
0.8645113 
0.8565506 
0.8605647 
0.8571544 
0.8511572 
0.8478808 
0.8446220 
0.8452666 
0.8457009 
0.8418718 
0.8455141 
0.8351810 
0.8264937 
0.8329179 
0.8343899 
0.8408445 
0.8296480 
0.8346579 
0.8306521 
0.8377633 
0.8401310 
0.8453316 
0.8276528 
0.8234352 
0.8316960 
0.8390005 
0.8374746 
0.8298519 
0.8304009 
0.8310541 
0.8324651 
0.8391609 
0.8429068 
0.8449599 
0.8343576 
0.8391146 
0.8249622 
0.8358134 
0.8461590 
0.8326108 
0.8261673 
0.8265497 
0.8241849 
0.8208151 
0.8295469 
0.8290746 
0.8168820 
0.8194921 
0.8196095 
0.8191307 
0.8279517 
0.8374852 
0.8345878 
0.8176863 
0.8180943 
0.8061396 
0.8084884 
0.8151732 
0.8150289 
0.8072790 
0.8018784 
0.8040629 
0.8051486 
0.8063220 
0.7981218 
0.7874354 
0.7805695 
0.7806539 
0.7861236 
0.7749058 
0.7813187 
0.7762882 
0.7761211 
0.7895882 
0.7774902 
0.7713895 
0.7707204 
0.7716011 
0.7798207 
0.7732931 
0.7762764 
0.7770344 
0.7789983 
0.7830909 
0.7727419 
0.7740973 
0.7803004 
0.7790541 
0.7805734 
0.7786522 
0.7727899 
0.7750984 
0.7821987 
0.7866124 
0.7793399 
0.7798013 
0.7780194 
0.7808594 
0.7843156 
0.7808332 
0.7851728 
0.7849643 
0.7851598 
0.7885351 
0.7799688 
0.7783029 
0.7895403 
0.7962524 
0.7936463 
0.7899536 
0.7756472 
0.7679466 
0.7707612 
0.7704571 
0.7690210 
0.7691232 
0.7688802 
0.7782046 
0.7833390 
0.7750524 
0.7758707 
0.7772707 
0.7757780 
0.7774259 
0.7744751 
0.7802113 
0.7869143 
0.7782763 
0.7815679 
0.7796070 
0.7840305 
0.7857106 
0.7888280 
0.7863964 
0.7839118 
0.7798496 
0.7823361 
0.7810449 
0.7757519 
0.7829718 
0.7824038 
0.7824930 
0.7715962 
0.7679046 
0.7537019 
0.7600435 
0.7595569 
0.7563134 
0.7609140 
0.7605772 
0.7590400 
0.7520122 
0.7552444 
0.7500242 
0.7568970 
0.7577998 
0.7619295 
0.7600373 
0.7496828 
0.7384154 
0.7401165 
0.7387842 
0.7482052 
0.7524899 
0.7511622 
0.7529496 
0.7513182 
0.7505687 
0.7463966 
0.7429008 
0.7395356 
0.7378947 
0.7390673 
0.7261617 
0.7220980 
0.7192779 
0.7227121 
0.7219385 
0.7301878 
0.7258135 
0.7285650 
0.7316534 
0.7219578 
0.7135139 
0.7220731 
0.7253216 
0.7298722 
0.7188831 
0.7165755 
0.7147338 
0.7165907 
0.7129791 
0.7125785 
0.7123911 
0.7099872 
0.7145890 
0.7217148 
0.7164907 
0.7199357 
0.7215166 
0.7269078 
0.7255001 
0.7330790 
0.7294393 
0.7287613 
0.7169892 
0.7216975 
0.7270561 
0.7384270 
0.7367472 
0.7291906 
0.7317448 
0.7278452 
0.7237641 
0.7225297 
0.7200237 
0.7181819 
0.7226140 
0.7257417 
0.7264533 
0.7183082 
0.7117039 
0.7125949 
0.7161848 
0.7109271 
0.7059545 
0.7066363 
0.7104870 
0.7035589 
0.6981689 
0.6965403 
0.7056545 
0.7068509 
0.7095949 
0.7126471 
0.7150501 
0.7108751 
0.7047881 
0.6995948 
0.6948922 
0.6944263 
0.6979954 
0.6921380 
0.6893310 
0.6906560 
0.6846154 
0.6741803 
0.6746962 
0.6789322 
0.6795854 
0.6903958 
0.6902030 
0.6875694 
0.6882506 
0.6941238 
0.6859944 
0.6907268 
0.6909225 
0.6853848 
0.6761690 
0.6775618 
0.6822081 
0.6813543 
0.6850617 
0.6828925 
0.6744164 
0.6811093 
0.6844132 
0.6807975 
0.6840081 
0.6768774 
0.6705500 
0.6737230 
0.6780785 
0.6784859 
0.6831488 
0.6720147 
0.6696873 
0.6764350 
0.6849265 
0.6809153 
0.6772906 
0.6771164 
0.6791068 
0.6814910 
0.6743819 
0.6684124 
0.6624473 
0.6559500 
0.6516187 
0.6537711 
0.6559035 
0.6530618 
0.6432698 
0.6383705 
0.6363328 
0.6357143 
0.6432788 
0.6493329 
0.6536759 
0.6492502 
0.6514359 
0.6526021 
0.6584621 
0.6614080 
0.6614357 
0.6554050 
0.6484898 
0.6509885 
0.6553021 
0.6545428 
0.6483415 
0.6452411 
0.6515492 
0.6454114 
0.6395125 
0.6420529 
0.6389385 
0.6399451 
0.6468037 
0.6486560 
0.6443568 
0.6376372 
0.6333524 
0.6340088 
0.6393309 
0.6459826 
0.6434314 
0.6451301 
0.6465566 
0.6412339 
0.6383594 
0.6386561 
0.6319287 
0.6298018 
0.6341471 
0.6373182 
0.6345302 
0.6431589 
0.6363956 
0.6346239 
0.6320017 
0.6319189 
0.6323730 
0.6280473 
0.6285708 
0.6392107 
0.6375537 
0.6359027 
0.6422687 
0.6474797 
0.6437564 
0.6338361 
0.6241343 
0.6326685 
0.6409978 
0.6375190 
0.6356757 
0.6321040 
0.6265298 
0.6280341 
0.6391881 
0.6306008 
0.6192295 
0.6136196 
0.6137200 
0.6303753 
0.6297826 
0.6311737 
0.6402238 
0.6507533 
0.6318264 
0.6092747 
0.6082534 
0.6044253 
0.6111323 
0.6109020 
0.6170296 
0.6005917 
0.6046365 
0.5972613 
0.5873848 
0.5938388 
0.5852555 
0.5968046 
0.6056938 
0.6218818 
0.6145962 
0.5973072 
0.5851101 
0.5806368 
0.5812958 
0.5937855 
0.5954740 
0.5793433 
0.5849646 
0.5955210 
0.5942399 
0.5900486 
0.5932535 
0.5856044 
0.5891016 
0.5891318 
0.5868204 
0.5686753 
0.5846650 
0.5971268 
0.6039927 
0.5982792 
0.5974597 
0.5858298 
0.5743862 
0.5837344 
0.5791415 
0.5844514 
0.5811269 
0.5738909 
0.5764752 
0.5833834 
0.5898332 
0.5768051 
0.5721890 
0.5805755 
0.5925011 
0.5847754 
0.5789466 
0.5734377 
0.5775451 
0.5861485 
0.5943020 
0.5796959 
0.5590281 
0.5472959 
0.5554407 
0.5621960 
0.5746808 
0.5696480 
0.5698098 
0.5548449 
0.5593005 
0.5547211 
0.5597454 
0.5583377 
0.5550781 
0.5562633 
0.5557404 
0.5611609 
0.5650681 
0.5650536 
0.5618382 
0.5558422 
0.5529602 
0.5579014 
0.5595014 
0.5637605 
0.5539889 
0.5489473 
0.5510068 
0.5541582 
0.5521204 
0.5447536 
0.5387198 
0.5413123 
0.5449430 
0.5545229 
0.5608847 
0.5576442 
0.5510546 
0.5401580 
0.5333435 
0.5387558 
0.5419208 
0.5431539 
0.5424964 
0.5398507 
0.5379163 
0.5341609 
0.5291729 
0.5325401 
0.5364589 
0.5452435 
0.5430963 
0.5378454 
0.5315902 
0.5194438 
0.5139599 
0.5194343 
0.5225339 
0.5174366 
0.5189326 
0.5189588 
0.5189265 
0.5176770 
0.5231869 
0.5191383 
0.5161425 
0.5125144 
0.5092627 
0.5042092 
0.5018579 
0.5028497 
0.5073083 
0.5109852 
0.5108839 
0.5119765 
0.5087248 
0.5034330 
0.5052109 
0.5056280 
0.5043042 
0.5142634 
0.5150261 
0.5120502 
0.4982168 
0.4899305 
0.4877423 
0.4901218 
0.4962503 
0.4987851 
0.4987797 
0.4964966 
0.4902968 
0.4866632 
0.4837335 
0.4903674 
0.4918777 
0.4907135 
0.4880112 
0.4886242 
0.4919751 
0.4975203 
0.4956559 
0.4942338 
0.4917181 
0.4958333 
0.4981732 
0.4918102 
0.4784710 
0.4679845 
0.4847892 
0.4816083 
0.4808340 
0.4806753 
0.4740347 
0.4732482 
0.4723135 
0.4793642 
0.4879620 
0.4954479 
0.4893430 
0.4806376 
0.4768845 
0.4691867 
0.4716018 
0.4786240 
0.4828573 
0.4730102 
0.4728818 
0.4773214 
0.4746694 
0.4710893 
0.4786906 
0.4828310 
0.4819673 
0.4723084 
0.4695073 
0.4692200 
0.4622713 
0.4673428 
0.4691736 
0.4762113 
0.4826673 
0.4819506 
0.4848754 
0.4744863 
0.4755794 
0.4762386 
0.4706210 
0.4683449 
0.4628659 
0.4603197 
0.4580646 
0.4677330 
0.4703827 
0.4666735 
0.4644652 
0.4661697 
0.4595247 
0.4678004 
0.4619810 
0.4643540 
0.4667684 
0.4592750 
0.4468200 
0.4492588 
0.4409351 
0.4421707 
0.4478396 
0.4454472 
0.4399270 
0.4423524 
0.4415659 
0.4400780 
0.4384731 
0.4384334 
0.4444916 
0.4393508 
0.4419834 
0.4468180 
0.4406196 
0.4344412 
0.4333849 
0.4442649 
0.4373503 
0.4292530 
0.4307509 
0.4338705 
0.4322178 
0.4389746 
0.4408597 
0.4387251 
0.4443486 
0.4439083 
0.4374415 
0.4387862 
0.4361091 
0.4375079 
0.4416269 
0.4449118 
0.4501448 
0.4469101 
0.4490894 
0.4501182 
0.4441233 
0.4480633 
0.4407137 
0.4349939 
0.4314522 
0.4353357 
0.4412237 
0.4407347 
0.4435481 
0.4424705 
0.4396052 
0.4340537 
0.4380901 
0.4395216 
0.4375678 
0.4352662 
0.4366947 
0.4403086 
0.4412892 
0.4362328 
0.4343993 
0.4298119 
0.4276240 
0.4342744 
0.4419614 
0.4393636 
0.4384791 
0.4285187 
0.4176100 
0.4199691 
0.4199234 
0.4221818 
0.4221585 
0.4223138 
0.4244507 
0.4279673 
0.4242784 
0.4248988 
0.4206727 
0.4239897 
0.4297035 
0.4321292 
0.4319413 
0.4392485 
0.4391121 
0.4337584 
0.4302958 
0.4308021 
0.4305865 
0.4264302 
0.4297857 
0.4216907 
0.4257891 
0.4334254 
0.4298613 
0.4276184 
0.4237139 
0.4268058 
0.4267140 
0.4198481 
0.4242509 
0.4186897 
0.4202368 
0.4186687 
0.4085834 
0.4108488 
0.4081783 
0.4166429 
0.4138769 
0.4065187 
0.4097403 
0.4125702 
0.4146556 
0.4074555 
0.4006905 
0.3959197 
0.4001316 
0.4038081 
0.4096305 
0.3975321 
0.3952460 
0.4009748 
0.4013940 
0.4025195 
0.4030631 
0.4041805 
0.4057005 
0.4029022 
0.3980981 
0.3960746 
0.3944237 
0.3944658 
0.3958832 
0.4001061 
0.3978754 
0.3966579 
0.3889580 
0.3829935 
0.3819655 
0.3809250 
0.3800169 
0.3847927 
0.3891546 
0.3929873 
0.3937382 
0.3891197 
0.3891632 
0.3855849 
0.3851322 
0.3884277 
0.3867901 
0.3867083 
0.3827756 
0.3760979 
0.3674833 
0.3681259 
0.3704305 
0.3699954 
0.3675515 
0.3579689 
0.3555649 
0.3591225 
0.3611299 
0.3659078 
0.3725001 
0.3743094 
0.3680810 
0.3609433 
0.3709302 
0.3779357 
0.3749782 
0.3754848 
0.3752665 
0.3775533 
0.3726945 
0.3690560 
0.3702315 
0.3770016 
0.3779197 
0.3750065 
0.3695464 
0.3661418 
0.3660672 
0.3712715 
0.3726767 
0.3680192 
0.3644654 
0.3491037 
0.3478939 
0.3542662 
0.3593132 
0.3553225 
0.3572609 
0.3508250 
0.3498759 
0.3575828 
0.3647232 
0.3655695 
0.3646279 
0.3552816 
0.3552987 
0.3543423 
0.3488805 
0.3497717 
0.3605164 
0.3591142 
0.3558404 
0.3542345 
0.3509344 
0.3469463 
0.3449731 
0.3563939 
0.3538153 
0.3583190 
0.3556972 
0.3490158 
0.3455948 
0.3506122 
0.3597564 
0.3601202 
0.3516164 
0.3525732 
0.3535140 
0.3573678 
0.3493223 
0.3459664 
0.3558020 
0.3623130 
0.3560680 
0.3506949 
0.3621573 
0.3603223 
0.3549087 
0.3646244 
0.3705036 
0.3739221 
0.3743111 
0.3675702 
0.3661885 
0.3683697 
0.3620516 
0.3611701 
0.3606276 
0.3618184 
0.3623992 
0.3657096 
0.3623793 
0.3661960 
0.3688791 
0.3654363 
0.3591989 
0.3566510 
0.3425602 
0.3423578 
0.3550752 
0.3607590 
0.3574877 
0.3594043 
0.3531968 
0.3407342 
0.3361160 
0.3456276 
0.3479178 
0.3545051 
0.3606384 
0.3543448 
0.3543702 
0.3482394 
0.3513131 
0.3462916 
0.3447091 
0.3535877 
0.3599312 
0.3595721 
0.3578987 
0.3578903 
0.3593823 
0.3633039 
0.3582442 
0.3564563 
0.3503254 
0.3502351 
0.3436814 
0.3435151 
0.3500754 
0.3514986 
0.3495581 
0.3482184 
0.3447216 
0.3493170 
0.3481374 
0.3566995 
0.3556731 
0.3508509 
0.3474328 
0.3410838 
0.3342879 
0.3349007 
0.3429368 
0.3417357 
0.3480726 
0.3437276 
0.3385008 
0.3274993 
0.3213052 
0.3220047 
0.3248549 
0.3288947 
0.3307601 
0.3281350 
0.3198252 
0.3216649 
0.3267355 
0.3246448 
0.3240528 
0.3298249 
0.3388576 
0.3463416 
0.3516475 
0.3422086 
0.3301733 
0.3262272 
0.3320861 
0.3399921 
0.3434935 
0.3426238 
0.3369917 
0.3430303 
0.3443943 
0.3444369 
0.3449171 
0.3476373 
0.3520676 
0.3424385 
0.3414156 
0.3341001 
0.3307153 
0.3298285 
0.3285603 
0.3305324 
0.3332985 
0.3364736 
0.3380281 
0.3385992 
0.3388244 
0.3333194 
0.3300303 
0.3239587 
0.3244240 
0.3298077 
0.3369043 
0.3377863 
0.3339073 
0.3164333 
0.3149770 
0.3092233 
0.3136768 
0.3174343 
0.3190156 
0.3105962 
0.3107474 
0.3089370 
0.3138787 
0.3071327 
0.3106343 
0.3083364 
0.3143077 
0.3209936 
0.3179325 
0.3119702 
0.3033226 
0.3019370 
0.3020205 
0.2961520 
0.2969100 
0.3000055 
0.2985801 
0.2963077 
0.3012656 
0.2987533 
0.2985019 
0.2984255 
0.2983436 
0.2929588 
0.2826541 
0.2812403 
0.2849122 
0.2832736 
0.2762807 
0.2676938 
0.2656882 
0.2716786 
0.2729131 
0.2820457 
0.2837661 
0.2684560 
0.2638437 
0.2695730 
0.2699394 
0.2768449 
0.2744450 
0.2750495 
0.2718397 
0.2762414 
0.2758534 
0.2748890 
0.2726636 
0.2702927 
0.2703661 
0.2725598 
0.2760668 
0.2767280 
0.2763201 
0.2745281 
0.2671090 
0.2665007 
0.2672449 
0.2774194 
0.2844885 
0.2901370 
0.2943509 
0.2932907 
0.2797850 
0.2755403 
0.2713875 
0.2692836 
0.2728888 
0.2659451 
0.2641206 
0.2645349 
0.2601426 
0.2546844 
0.2440764 
0.2406862 
0.2372358 
0.2405102 
0.2427306 
0.2420286 
0.2460267 
0.2358913 
0.2369141 
0.2345119 
0.2340023 
0.2362703 
0.2372103 
0.2355728 
0.2356894 
0.2390347 
0.2388497 
0.2391354 
0.2416419 
0.2383197 
0.2423489 
0.2511769 
0.2414753 
0.2452587 
0.2410538 
0.2473609 
0.2528247 
0.2549889 
0.2484451 
0.2457678 
0.2445508 
0.2437263 
0.2413518 
0.2409782 
0.2411333 
0.2409120 
0.2388338 
0.2463039 
0.2424008 
0.2357856 
0.2294424 
0.2302986 
0.2258338 
0.2161688 
0.2164089 
0.2200387 
0.2219083 
0.2205240 
0.2172489 
0.2094749 
0.2071233 
0.2029041 
0.2024942 
0.2052044 
0.2120988 
0.2144802 
0.2168986 
0.2189987 
0.2201337 
0.2156702 
0.2166842 
0.2131452 
0.2051354 
0.2029030 
0.2100090 
0.2141322 
0.2149089 
0.2154148 
0.2177450 
0.2196543 
0.2169253 
0.2134401 
0.2080864 
0.1999720 
0.1997305 
0.2029913 
0.2082221 
0.2171270 
0.2218372 
0.2338762 
0.2418521 
0.2370653 
0.2308651 
0.2192024 
0.2094144 
0.1980969 
0.1939723 
0.1939225 
0.1915623 
0.1910327 
0.1888849 
0.1923868 
0.1909842 
0.1900615 
0.1871256 
0.1873755 
0.1785601 
0.1725978 
0.1704054 
0.1729891 
0.1727988 
0.1783769 
0.1756341 
0.1787755 
0.1734915 
0.1756363 
0.1769395 
0.1751206 
0.1707478 
0.1722986 
0.1681801 
0.1663100 
0.1666548 
0.1697849 
0.1703812 
0.1672510 
0.1647240 
0.1658218 
0.1638065 
0.1616080 
0.1600275 
0.1579231 
0.1642936 
0.1599495 
0.1687602 
0.1674700 
0.1651407 
0.1558983 
0.1526622 
0.1517080 
0.1499913 
0.1514535 
0.1492571 
0.1507819 
0.1559077 
0.1536337 
0.1596654 
0.1514249 
0.1542978 
0.1516627 
0.1499614 
0.1473412 
0.1483575 
0.1578029 
0.1627746 
0.1688168 
0.1615376 
0.1615909 
0.1624853 
0.1618198 
0.1587406 
0.1566852 
0.1528626 
0.1522709 
0.1481911 
0.1439421 
0.1417115 
0.1390153 
0.1450764 
0.1496574 
0.1458158 
0.1431715 
0.1358208 
0.1277110 
0.1229013 
0.1213118 
0.1195146 
0.1201196 
0.1173333 
0.1118187 
0.1122409 
0.1225263 
0.1179358 
0.1130555 
0.1101257 
0.1096981 
0.1144568 
0.1100682 
0.1035683 
0.1046629 
0.1086866 
0.1105522 
0.1099842 
0.1125493 
0.1145427 
0.1231278 
0.1256426 
0.1244973 
0.1260649 
0.1327649 
0.1395098 
0.1453321 
0.1483401 
0.1485084 
0.1534729 
0.1561541 
0.1546988 
0.1435133 
0.1361780 
0.1287810 
0.1244358 
0.1195909 
0.1157971 
0.1066482 
0.1038916 
0.1006627 
0.1009896 
0.1045902 
0.1056679 
0.1144727 
0.1203039 
0.1236332 
0.1228153 
0.1106507 
0.1042912 
0.0956071 
0.0937040 
0.0908669 
0.0830460 
0.0823544 
0.0840690 
0.0920130 
0.0872562 
0.0927209 
0.0953792 
0.0947819 
0.0920899 
0.0975749 
0.0970762 
0.1014272 
0.1006120 
0.1055115 
0.1035642 
0.1055862 
0.1043461 
0.1032201 
0.1070217 
0.1064627 
0.1038442 
0.0993100 
0.0972800 
0.0978135 
0.0976712 
0.0933421 
0.0966883 
0.1057965 
0.1154397 
0.1193704 
0.1178099 
0.1074040 
0.1063832 
0.1131323 
0.1121228 
0.1085088 
0.1076095 
0.0974776 
0.0834309 
0.0780968 
0.0746711 
0.0762576 
0.0702331 
0.0727908 
0.0674006 
0.0483664 
0.0433662 
0.0593082 
0.0747190 
0.0790593 
0.0733949 
0.0834042 
0.0862230 
0.0873468 
0.1051843 
0.1036569 
0.0934516 
0.0767882 
0.0848296 
0.0934137 
0.0851278 
0.0790341 
0.0779065 
0.0746945 
0.0705832 
0.0634494 
0.0625354 
0.0639513 
0.0644942 
0.0711825 
0.0875914 
0.0793081 
0.0819892 
0.0921360 
0.1103027 
0.1146371 
0.1214111 
0.1137413 
0.0938973 
0.0862500 
0.0927530 
0.1065530 
0.0955333 
0.0759833 
0.0828828 
0.0829329 
0.0733065 
0.0699115 
0.0599614 
0.0536213 
0.0506026 
0.0539573 
0.0729725 
0.0893641 
0.0869471 
0.0736003 
0.0811198 
0.0856605 
0.0879710 
0.0767606 
0.0785818 
0.0818679 
0.0817178 
0.0870657 
0.0966095 
0.0910722 
0.0799498 
0.0615605 
0.0622332 
0.0708757 
0.0669048 
0.0585084 
0.0704869 
0.0773865 
0.0836866 
0.0877875 
0.0877021 
0.0977045 
0.0907783 
0.0785284 
0.0626832 
0.0649171 
0.0756492 
0.0874176 
0.0818858 
0.0713369 
0.0678555 
0.0729225 
0.0782247 
0.0816257 
0.0793361 
0.0690852 
0.0661780 
0.0725855 
0.0735807 
0.0676277 
0.0675281 
0.0621246 
0.0573887 
0.0530038 
0.0471392 
0.0397354 
0.0447275 
0.0533904 
0.0618807 
0.0628768 
0.0568536 
0.0632580 
0.0556081 
0.0521488 
0.0541947 
0.0519711 
0.0539876 
0.0608335 
0.0614376 
0.0574711 
0.0502211 
0.0538181 
0.0507611 
0.0494748 
0.0508667 
0.0462284 
0.0500227 
0.0522715 
0.0445733 
0.0505412 
0.0509279 
0.0527504 
0.0527168 
0.0460327 
0.0422677 
0.0461876 
0.0537657 
0.0534877 
0.0420381 
0.0452254 
0.0476384 
0.0464884 
0.0427589 
0.0401002 
0.0428623 
0.0455877 
0.0366978 
0.0333898 
0.0320886 
0.0376846 
0.0372507 
0.0342135 
0.0342158 
0.0427910 
0.0523066 
0.0380017 
0.0415660 
0.0337541 
0.0323431 
0.0295306 
0.0292881 
0.0279389 
0.0310409 
0.0313696 
0.0363264 
0.0426602 
0.0453174 
0.0361911 
0.0278425 
0.0228706 
0.0307553 
0.0340738 
0.0388027 
0.0377964 
0.0326892 
0.0249939 
0.0166111 
0.0125613 
0.0085513 
0.0166802 
0.0188722 
0.0247008 
0.0244351 
0.0284649 
0.0293244 
0.0324636 
0.0270767 
0.0213418 
0.0189225 
0.0196059 
0.0287720 
0.0307645 
0.0263872 
0.0279738 
0.0245265 
0.0263192 
0.0205157 
0.0135225 
0.0060585 
0.0054413 
0.0060227 
0.0085730 
0.0144727 
0.0231697 
0.0226019 
0.0190989 
0.0254993 
0.0202503 
0.0168780 
0.0173223 
0.0195754 
0.0170841 
0.0116004 
0.0074641 
0.0078499 
0.0050696 
0.0125823 
0.0195625 
0.0220546 
0.0187956 
0.0122284 
0.0092293 
0.0037012 
0.0000000 
0.0034667 
0.0097750 
0.0108883 
0.0151637 
0.0087561 
0.0096149 
0.0096254 
0.0162912 
0.0167857 
0.0195814 
0.0143860 
0.0158462 
0.0116172 
0.0073772 
0.0038683 
0.0082732 
0.0109681 
0.0114637 
0.0133867 
0.0150521 
0.0099604 
0.0072955 
0.0097936 
0.0081137 
0.0093536 
