-0.0000317 
-0.0001213 
-0.0000152 
0.2231216 
-0.0083889 
0.1491519 
0.9613804 
0.9624244 
0.9657642 
0.9698051 
0.9573287 
0.9487955 
0.9447984 
0.9615921 
0.9666231 
0.9775732 
0.9901919 
0.9846191 
0.9593758 
0.9639569 
0.9586949 
0.9638876 
0.9774802 
0.9849682 
0.9688751 
0.9680057 
0.9863214 
0.9912110 
0.9881166 
0.9787574 
0.9731840 
0.9683665 
0.9616576 
0.9671730 
0.9874476 
1.0000000 
0.9932278 
0.9984078 
0.9751394 
0.9762776 
0.9819258 
0.9585189 
0.9609705 
0.9552698 
0.9498027 
0.9536483 
0.9426088 
0.9385747 
0.9394952 
0.9366365 
0.9287369 
0.9249049 
0.9127706 
0.9252173 
0.9114046 
0.8889401 
0.8772524 
0.8820007 
0.8846705 
0.8936139 
0.8963881 
0.9040334 
0.9137754 
0.9178417 
0.9162958 
0.9176390 
0.9174727 
0.9153286 
0.9084210 
0.8957595 
0.8824748 
0.8937436 
0.9083020 
0.9054278 
0.9189736 
0.9249288 
0.9339404 
0.9195055 
0.9136381 
0.9110650 
0.9077018 
0.8967049 
0.8967689 
0.9010180 
0.8877412 
0.8852578 
0.8946729 
0.8987059 
0.9007890 
0.8865090 
0.9077132 
0.9084456 
0.9020053 
0.8845480 
0.8915985 
0.9113213 
0.9217615 
0.9218558 
0.9229170 
0.9171545 
0.9109789 
0.9099459 
0.9311757 
0.9338541 
0.9348439 
0.9528031 
0.9347538 
0.9271715 
0.9235600 
0.9324706 
0.9495572 
0.9575667 
0.9548193 
0.9370360 
0.9310612 
0.9397048 
0.9266273 
0.9291145 
0.9257295 
0.9316725 
0.9516554 
0.9559221 
0.9642921 
0.9579145 
0.9566905 
0.9620502 
0.9639456 
0.9513126 
0.9489784 
0.9482604 
0.9455132 
0.9427902 
0.9381052 
0.9256993 
0.9242791 
0.9144977 
0.9297545 
0.9316598 
0.9456854 
0.9512981 
0.9494586 
0.9394633 
0.9354806 
0.9242072 
0.9122309 
0.9116048 
0.9060644 
0.9044614 
0.8974025 
0.9018028 
0.9019301 
0.8981682 
0.8872365 
0.8722165 
0.8666286 
0.8637309 
0.8658001 
0.8670326 
0.8635782 
0.8562647 
0.8662602 
0.8790958 
0.8894182 
0.8822053 
0.8900265 
0.8931483 
0.8916342 
0.8997549 
0.9191493 
0.9189043 
0.9322997 
0.9337243 
0.9426926 
0.9459672 
0.9457859 
0.9501602 
0.9442758 
0.9644617 
0.9616419 
0.9402430 
0.9443117 
0.9369006 
0.9329841 
0.9288755 
0.9325964 
0.9296222 
0.9228433 
0.9131531 
0.9067500 
0.9163890 
0.9285210 
0.9453609 
0.9585808 
0.9661757 
0.9592933 
0.9474996 
0.9413602 
0.9479925 
0.9477417 
0.9576639 
0.9636906 
0.9697482 
0.9686348 
0.9723734 
0.9487909 
0.9480682 
0.9581227 
0.9383479 
0.9337880 
0.9302680 
0.9385583 
0.9393139 
0.9344787 
0.9262223 
0.9199822 
0.9346695 
0.9196227 
0.9107276 
0.8984570 
0.8929776 
0.9049231 
0.8968103 
0.9031446 
0.9002874 
0.8940127 
0.9038283 
0.9112449 
0.9095781 
0.9013001 
0.9033338 
0.9012739 
0.9047560 
0.9020598 
0.9100477 
0.9258957 
0.9263105 
0.9364375 
0.9379050 
0.9567052 
0.9509356 
0.9529817 
0.9556722 
0.9510008 
0.9423313 
0.9378882 
0.9209650 
0.9276326 
0.9469838 
0.9398714 
0.9341655 
0.9223358 
0.9188970 
0.9247420 
0.9206205 
0.9289739 
0.9255196 
0.9147465 
0.8949593 
0.8702625 
0.8722957 
0.8609896 
0.8567182 
0.8591116 
0.8641794 
0.8554872 
0.8623757 
0.8484230 
0.8523467 
0.8591220 
0.8788204 
0.8885046 
0.9026788 
0.9054189 
0.9005186 
0.8948190 
0.8944201 
0.8847921 
0.8946020 
0.8889185 
0.8767564 
0.8630370 
0.8628376 
0.8688469 
0.8851285 
0.8860491 
0.8645395 
0.8772313 
0.9050450 
0.9018826 
0.8972476 
0.8945963 
0.9016665 
0.9005462 
0.8983661 
0.8839026 
0.8832621 
0.8959404 
0.8875335 
0.8763574 
0.8600232 
0.8574461 
0.8674495 
0.8586653 
0.8435194 
0.8467390 
0.8445926 
0.8417421 
0.8459583 
0.8620171 
0.8702568 
0.8567966 
0.8571936 
0.8705469 
0.8699097 
0.8773639 
0.8814638 
0.8946860 
0.8967210 
0.8915613 
0.8874215 
0.8669293 
0.8539472 
0.8465571 
0.8413335 
0.8348781 
0.8397100 
0.8403953 
0.8696585 
0.8826273 
0.8774551 
0.8592311 
0.8581698 
0.8612402 
0.8582946 
0.8446816 
0.8446679 
0.8468904 
0.8438929 
0.8660299 
0.8651609 
0.8668871 
0.8875260 
0.9066544 
0.9010727 
0.8764211 
0.8636622 
0.8563932 
0.8528213 
0.8391393 
0.8353260 
0.8552359 
0.8516588 
0.8488639 
0.8552321 
0.8428433 
0.8189085 
0.8201050 
0.8338280 
0.8340595 
0.8599198 
0.8635875 
0.8613574 
0.8712838 
0.8663228 
0.8544718 
0.8451491 
0.8380888 
0.8288064 
0.8214937 
0.8104562 
0.8014094 
0.7958133 
0.7954597 
0.7937185 
0.8071641 
0.8153988 
0.8195188 
0.8249977 
0.8386903 
0.8385152 
0.8487888 
0.8510171 
0.8611607 
0.8623638 
0.8670314 
0.8803866 
0.8662966 
0.8540316 
0.8591671 
0.8502977 
0.8412529 
0.8505807 
0.8445679 
0.8445099 
0.8324031 
0.8317690 
0.8309550 
0.8213027 
0.8152821 
0.8154817 
0.8143905 
0.8079809 
0.8003388 
0.8053064 
0.8219807 
0.8255971 
0.8243786 
0.8099551 
0.8191382 
0.8353028 
0.8436765 
0.8452374 
0.8594580 
0.8585677 
0.8499840 
0.8525596 
0.8535156 
0.8543541 
0.8586488 
0.8769963 
0.8754287 
0.8631837 
0.8545803 
0.8706621 
0.8564672 
0.8474332 
0.8557299 
0.8497713 
0.8418894 
0.8278036 
0.8319282 
0.8650269 
0.8949429 
0.8880419 
0.8727766 
0.8567227 
0.8547650 
0.8497954 
0.8454566 
0.8474234 
0.8505170 
0.8631104 
0.8637475 
0.8581987 
0.8575588 
0.8579769 
0.8506314 
0.8495997 
0.8360536 
0.8469719 
0.8687326 
0.8680397 
0.8775971 
0.8911903 
0.8875970 
0.8755763 
0.8614044 
0.8668101 
0.8824095 
0.8873575 
0.8762633 
0.8878675 
0.8834153 
0.8871211 
0.8864252 
0.8703626 
0.8603126 
0.8666109 
0.8676384 
0.8764900 
0.8730449 
0.8766114 
0.8612961 
0.8551028 
0.8340748 
0.7993959 
0.7929284 
0.8045764 
0.8277065 
0.8197536 
0.8146175 
0.8046161 
0.8067010 
0.7934392 
0.7777804 
0.7719461 
0.7840431 
0.8147348 
0.7978773 
0.7969595 
0.7999136 
0.8026023 
0.7887763 
0.7721726 
0.7716445 
0.7842858 
0.8210573 
0.8421316 
0.8469299 
0.8507045 
0.8335403 
0.8275058 
0.8155349 
0.7912998 
0.7893116 
0.7985357 
0.8152904 
0.8187070 
0.8203949 
0.8172914 
0.8106163 
0.8084621 
0.8078477 
0.8221568 
0.8349774 
0.8377177 
0.8371710 
0.8184503 
0.7917014 
0.7858555 
0.7755158 
0.7725992 
0.7455215 
0.7414080 
0.7508153 
0.7561983 
0.7813792 
0.7986886 
0.8056504 
0.8095478 
0.8289618 
0.8416156 
0.8202667 
0.7974831 
0.7944001 
0.7960905 
0.8017385 
0.7729760 
0.7458760 
0.7328239 
0.7351017 
0.7591130 
0.7979759 
0.8340919 
0.8366757 
0.8214638 
0.8077178 
0.8038792 
0.8052735 
0.8072661 
0.7988851 
0.7874612 
0.7874768 
0.7920344 
0.8196407 
0.8355897 
0.8407205 
0.8661804 
0.8899623 
0.8899576 
0.8672055 
0.8321823 
0.7928080 
0.7652774 
0.7703345 
0.7873358 
0.7991094 
0.8113695 
0.8348234 
0.8364630 
0.8248694 
0.8172369 
0.8315791 
0.8280287 
0.8389498 
0.8456977 
0.8688757 
0.8886837 
0.8867910 
0.8611682 
0.8519767 
0.8364454 
0.8184437 
0.8094976 
0.7811094 
0.7680404 
0.7828665 
0.7798197 
0.7756691 
0.7921292 
0.7835491 
0.7750187 
0.7487663 
0.7525870 
0.7435566 
0.7594071 
0.7713032 
0.7660648 
0.7775296 
0.8124452 
0.7970049 
0.7872207 
0.7893310 
0.7775071 
0.7808630 
0.8006246 
0.8205171 
0.7916896 
0.8068475 
0.7941380 
0.7571072 
0.7458001 
0.7532303 
0.7660258 
0.8008062 
0.8006244 
0.7531796 
0.7188852 
0.7387087 
0.7720282 
0.7890544 
0.8453762 
0.8379077 
0.7900369 
0.8256917 
0.8524117 
0.8142489 
0.8050632 
0.7948371 
0.7671308 
0.7961979 
0.8332635 
0.8018247 
0.7916924 
0.7930562 
0.7904834 
0.7811576 
0.7856362 
0.8449631 
0.8531163 
0.8487149 
0.8098376 
0.8151148 
0.7614587 
0.7656728 
0.7920833 
0.7622888 
0.7662278 
0.8173572 
0.8416126 
0.8256646 
0.8385272 
0.8282756 
0.7946829 
0.7927459 
0.7455313 
0.7532405 
0.7314102 
0.7574533 
0.7560311 
0.7658681 
0.7672900 
0.7891946 
0.8499509 
0.8356094 
0.7799857 
0.7834169 
0.7768188 
0.7530145 
0.8282543 
0.8074343 
0.7975316 
0.8381882 
0.8784973 
0.8422379 
0.8373504 
0.8226012 
0.7755939 
0.7987582 
0.8209837 
0.7724031 
0.8138268 
0.8951411 
0.8513450 
0.7802504 
0.7456404 
0.7757905 
0.7523047 
0.8465383 
0.8101345 
0.7769182 
0.7796683 
0.8199957 
0.8425258 
0.7678453 
0.7570887 
0.7371924 
0.7310712 
0.7924300 
0.7947615 
0.7483824 
0.7849453 
0.8701257 
0.8464195 
0.7478224 
0.6650667 
0.6405697 
0.6144338 
0.6959120 
0.7161636 
0.7088059 
0.7034778 
0.7394597 
0.8403204 
0.8171562 
0.7528068 
0.7268723 
0.7319804 
0.7495408 
0.7532663 
0.7176909 
0.7027748 
0.7177716 
0.7678524 
0.8163355 
0.7928908 
0.7048630 
0.7246709 
0.7596486 
0.7307907 
0.7273222 
0.7689533 
0.8585090 
0.8169890 
0.7858849 
0.8408738 
0.8153034 
0.7380596 
0.7758060 
0.8167579 
0.8005922 
0.7476646 
0.7562104 
0.8012631 
0.8017789 
0.9098059 
0.8614238 
0.8178756 
0.7261911 
0.7078021 
0.8048859 
0.8040562 
0.7091648 
0.7039478 
0.7608949 
0.8256175 
0.8378620 
0.7524122 
0.7043616 
0.7028710 
0.7426414 
0.7595374 
0.7886593 
0.8149577 
0.7660201 
0.7957961 
0.8097429 
0.8516753 
0.8394582 
0.7831370 
0.7049534 
0.6681968 
0.6726048 
0.6925668 
0.7867784 
0.8619120 
0.7966861 
0.7958814 
0.8047193 
0.7953067 
0.7999087 
0.7603690 
0.7161925 
0.6721939 
0.6843477 
0.7161714 
0.7450029 
0.7974821 
0.8003030 
0.7894512 
0.7416524 
0.7266099 
0.7703572 
0.7799016 
0.8096167 
0.8341293 
0.8064606 
0.7947017 
0.7756390 
0.7620688 
0.7803532 
0.8012144 
0.7868156 
0.7957822 
0.8167692 
0.8264934 
0.8305021 
0.8283462 
0.8053062 
0.7816472 
0.7897869 
0.7727548 
0.7355795 
0.7816158 
0.8225742 
0.7984435 
0.7315081 
0.7254210 
0.8115458 
0.8244405 
0.8530805 
0.8124602 
0.7525097 
0.7932252 
0.7939391 
0.7403044 
0.7263469 
0.7226098 
0.6936416 
0.7219317 
0.7735069 
0.7865420 
0.7336224 
0.7034613 
0.6684627 
0.6420263 
0.6573454 
0.7047998 
0.7738880 
0.7866118 
0.7233410 
0.7343930 
0.7465708 
0.7468836 
0.7285504 
0.7296369 
0.7682332 
0.7903272 
0.7277518 
0.6724607 
0.6536596 
0.6257323 
0.6203935 
0.6836495 
0.7339669 
0.7547604 
0.7545922 
0.7040313 
0.7062160 
0.7792206 
0.8388101 
0.8227098 
0.7967910 
0.7802354 
0.7476152 
0.6709688 
0.6312286 
0.6488898 
0.7578074 
0.8023849 
0.7972243 
0.7656843 
0.7345518 
0.7293306 
0.7638035 
0.7830411 
0.7981948 
0.8019244 
0.8183361 
0.8058243 
0.7537010 
0.7293912 
0.7340276 
0.7266366 
0.7127011 
0.7181653 
0.7350297 
0.7474032 
0.8428799 
0.8538648 
0.8026113 
0.7683118 
0.7399817 
0.7324897 
0.7074324 
0.6927123 
0.7061288 
0.7411663 
0.7500825 
0.7118121 
0.6646245 
0.6810067 
0.7061519 
0.7044336 
0.7155053 
0.7398967 
0.7451843 
0.7495918 
0.7598849 
0.8016319 
0.7768159 
0.7130687 
0.6689714 
0.6359351 
0.6422789 
0.6334554 
0.6693323 
0.6661090 
0.6928897 
0.7309481 
0.7307876 
0.7281470 
0.7210522 
0.7324953 
0.7329052 
0.7696401 
0.7626668 
0.6861622 
0.6495638 
0.6671522 
0.6643675 
0.6636691 
0.6896823 
0.6807129 
0.6118576 
0.5923159 
0.6015226 
0.6280392 
0.7081251 
0.7661663 
0.7662456 
0.7331415 
0.7145395 
0.6853061 
0.6861063 
0.7096350 
0.7388827 
0.6950621 
0.6430250 
0.5891580 
0.5725705 
0.6127806 
0.6741487 
0.7374160 
0.7306954 
0.6698216 
0.6503211 
0.6631813 
0.6842818 
0.7408946 
0.7543707 
0.6686431 
0.6319326 
0.6626172 
0.6584120 
0.6685647 
0.6941248 
0.6752734 
0.6138092 
0.5806104 
0.5677310 
0.5714755 
0.6014591 
0.6628460 
0.6836763 
0.7066427 
0.7443390 
0.7519684 
0.7534289 
0.7550769 
0.6876379 
0.6432887 
0.6095857 
0.5787684 
0.5678426 
0.6286811 
0.6562965 
0.6309508 
0.6008718 
0.5768828 
0.5803996 
0.6334012 
0.6827581 
0.6897505 
0.7174628 
0.7044016 
0.6837490 
0.6578076 
0.6416418 
0.6231234 
0.6259285 
0.6342002 
0.6325025 
0.6254160 
0.6484448 
0.6700780 
0.6557975 
0.6700420 
0.6872909 
0.6889491 
0.6802637 
0.6240014 
0.5892006 
0.6067276 
0.6587893 
0.7174368 
0.7316189 
0.6856726 
0.6808120 
0.6931393 
0.7084148 
0.7217810 
0.7178686 
0.7435801 
0.7407122 
0.7210322 
0.7381328 
0.7035499 
0.6622150 
0.6709737 
0.6776095 
0.6704480 
0.6820058 
0.6949188 
0.7540937 
0.7616517 
0.7241760 
0.6821260 
0.7199472 
0.7646226 
0.7436805 
0.7045016 
0.6645863 
0.6661252 
0.6901255 
0.6706835 
0.6427027 
0.6062330 
0.6171717 
0.6305151 
0.6000458 
0.5643257 
0.5422729 
0.5763380 
0.6034476 
0.5986170 
0.6032387 
0.6032448 
0.6266098 
0.6083403 
0.6080374 
0.6222592 
0.6349874 
0.6685852 
0.6401392 
0.6145197 
0.5957034 
0.6006588 
0.6140834 
0.6230600 
0.6268298 
0.6119810 
0.6008386 
0.5847108 
0.5784460 
0.5814194 
0.5833298 
0.5782659 
0.5795548 
0.5839739 
0.5827506 
0.5655858 
0.5512601 
0.5567757 
0.5737235 
0.5717517 
0.5711371 
0.5897659 
0.6075239 
0.5935818 
0.5846801 
0.6178764 
0.6636593 
0.6886410 
0.7173577 
0.7568960 
0.7720215 
0.7586662 
0.7504865 
0.7513832 
0.7570756 
0.7305070 
0.7173201 
0.7303721 
0.7635300 
0.7732817 
0.7747268 
0.7661631 
0.7632237 
0.7693533 
0.7583874 
0.7282645 
0.7223141 
0.7404019 
0.7322446 
0.7115510 
0.7124983 
0.7504270 
0.7567236 
0.7154240 
0.6922375 
0.7044445 
0.6921811 
0.6458181 
0.6345055 
0.6202516 
0.6181251 
0.6291976 
0.6325647 
0.6304322 
0.6238727 
0.6237196 
0.5961335 
0.5804464 
0.6189511 
0.6560503 
0.6503451 
0.6395663 
0.6381888 
0.6343460 
0.6294240 
0.6156196 
0.5985604 
0.5841837 
0.5657701 
0.5559248 
0.5550443 
0.5431693 
0.5380702 
0.5307953 
0.5339009 
0.5292475 
0.5405308 
0.5482806 
0.5444896 
0.5460740 
0.5381730 
0.5374028 
0.5348661 
0.5319320 
0.5283508 
0.5266069 
0.5368256 
0.5424114 
0.5545334 
0.5538608 
0.5510619 
0.5489764 
0.5384516 
0.5368757 
0.5468952 
0.5584249 
0.5721053 
0.5832983 
0.5889438 
0.6107138 
0.6456999 
0.6712867 
0.7036534 
0.7205143 
0.7457716 
0.7522962 
0.7462874 
0.7088564 
0.6806991 
0.6661170 
0.6673339 
0.6756486 
0.6862550 
0.7044930 
0.7025592 
0.6856392 
0.6765857 
0.6861597 
0.7026829 
0.7279680 
0.7476348 
0.7556283 
0.7884430 
0.7940426 
0.7757503 
0.7572851 
0.7248302 
0.7037771 
0.6746941 
0.6582091 
0.6429264 
0.6169802 
0.6055759 
0.5839109 
0.5901017 
0.6137310 
0.6344923 
0.6256485 
0.6063239 
0.5981457 
0.5978296 
0.5976832 
0.5963513 
0.5836511 
0.5735536 
0.5616661 
0.5463201 
0.5354911 
0.5264851 
0.5287008 
0.5230643 
0.5249066 
0.5267464 
0.5099390 
0.4953975 
0.4912877 
0.4975965 
0.4987198 
0.5070172 
0.5153072 
0.5151864 
0.5263137 
0.5187620 
0.5081300 
0.5019400 
0.4996776 
0.5075971 
0.5317771 
0.5504860 
0.5611865 
0.5742829 
0.5917026 
0.6017410 
0.5942057 
0.6009991 
0.5983540 
0.5961628 
0.5884409 
0.5943513 
0.5986823 
0.5906930 
0.6114336 
0.6270204 
0.6537930 
0.6760603 
0.6915229 
0.6958406 
0.6963125 
0.6821283 
0.6551735 
0.6352893 
0.6264827 
0.6171906 
0.6073570 
0.6000830 
0.5965807 
0.5942763 
0.5950006 
0.5931771 
0.5911258 
0.5978077 
0.6163514 
0.6367248 
0.6396042 
0.6355153 
0.6100750 
0.5943451 
0.5823064 
0.6040715 
0.6074736 
0.6137464 
0.6073481 
0.6124461 
0.6141943 
0.6156957 
0.6211220 
0.6125865 
0.5973012 
0.5807365 
0.5690514 
0.5619935 
0.5583455 
0.5570466 
0.5544893 
0.5547511 
0.5488685 
0.5469044 
0.5449741 
0.5451768 
0.5447459 
0.5363033 
0.5178199 
0.5160430 
0.5157922 
0.5147634 
0.5180236 
0.5080579 
0.5046629 
0.5102600 
0.5083130 
0.5027321 
0.5079419 
0.5155355 
0.5447715 
0.5679869 
0.5761873 
0.5746843 
0.5670410 
0.5464366 
0.5442361 
0.5460249 
0.5381692 
0.5355110 
0.5353872 
0.5367474 
0.5288282 
0.5208182 
0.5290163 
0.5524423 
0.5860000 
0.6020682 
0.6006878 
0.5814127 
0.5772841 
0.5775233 
0.5630081 
0.5331907 
0.5119724 
0.5026167 
0.5023144 
0.4998719 
0.4959983 
0.5126198 
0.5357818 
0.5463862 
0.5585452 
0.5538245 
0.5425197 
0.5438465 
0.5626214 
0.5578977 
0.5561715 
0.5530142 
0.5469184 
0.5332176 
0.5333174 
0.5383464 
0.5406110 
0.5536127 
0.5556645 
0.5675353 
0.5676544 
0.5635736 
0.5619403 
0.5642212 
0.5748407 
0.5890235 
0.6006395 
0.6027567 
0.5949626 
0.5967823 
0.6002591 
0.6038207 
0.5960657 
0.6049946 
0.6104510 
0.6000262 
0.5922028 
0.5901603 
0.5962751 
0.5906164 
0.5901513 
0.5898536 
0.5814802 
0.5717530 
0.5553151 
0.5552163 
0.5564814 
0.5587100 
0.5598104 
0.5528964 
0.5485692 
0.5291915 
0.5151573 
0.5161802 
0.5232977 
0.5198011 
0.5219400 
0.5272312 
0.5413342 
0.5663613 
0.5873138 
0.5860277 
0.5655445 
0.5512208 
0.5405328 
0.5415681 
0.5493578 
0.5444230 
0.5387221 
0.5336986 
0.5212190 
0.5163900 
0.5297966 
0.5297785 
0.5298810 
0.5264273 
0.5310319 
0.5220347 
0.5192137 
0.5072475 
0.4968508 
0.5006095 
0.5029829 
0.5048888 
0.5085135 
0.5096441 
0.4982203 
0.4933986 
0.4997235 
0.5083967 
0.5108029 
0.5011064 
0.4988207 
0.5106085 
0.5170243 
0.5093348 
0.5125062 
0.5109046 
0.5092547 
0.5205679 
0.5231136 
0.5225717 
0.5219130 
0.5270721 
0.5322316 
0.5281370 
0.5278999 
0.5389368 
0.5394352 
0.5319419 
0.5210826 
0.5229081 
0.5284878 
0.5324638 
0.5276273 
0.5336928 
0.5381929 
0.5423410 
0.5408304 
0.5442378 
0.5515469 
0.5405498 
0.5228278 
0.5143130 
0.5114534 
0.5223204 
0.5216032 
0.5200900 
0.5084601 
0.5070064 
0.5077511 
0.5204613 
0.5318458 
0.5375522 
0.5263710 
0.5385927 
0.5361526 
0.5305914 
0.5194244 
0.5124889 
0.5302652 
0.5455925 
0.5517672 
0.5554989 
0.5555365 
0.5633353 
0.5606219 
0.5645226 
0.5678590 
0.5650539 
0.5582048 
0.5560750 
0.5521275 
0.5480083 
0.5583042 
0.5463258 
0.5444621 
0.5527782 
0.5410626 
0.5485685 
0.5531701 
0.5326868 
0.5168725 
0.5208121 
0.5318102 
0.5214413 
0.5140412 
0.5085300 
0.5097003 
0.5013693 
0.4905226 
0.4804825 
0.4769860 
0.4694406 
0.4751761 
0.4666955 
0.4600808 
0.4568685 
0.4610423 
0.4531874 
0.4494811 
0.4366662 
0.4245243 
0.4252590 
0.4283544 
0.4322427 
0.4198179 
0.4280387 
0.4257569 
0.4256054 
0.4273215 
0.4262764 
0.4138378 
0.4135644 
0.4136915 
0.4151718 
0.4255837 
0.4229342 
0.4351290 
0.4449703 
0.4595050 
0.4662644 
0.4670994 
0.4624264 
0.4297869 
0.4377960 
0.4437360 
0.4475656 
0.4533871 
0.4697879 
0.4716450 
0.4822072 
0.4819182 
0.4848144 
0.4874094 
0.4923464 
0.4891934 
0.5066771 
0.5120752 
0.5138039 
0.5212400 
0.5163281 
0.5219591 
0.5377571 
0.5439307 
0.5439140 
0.5471160 
0.5383057 
0.5369065 
0.5418094 
0.5428766 
0.5437467 
0.5514314 
0.5527523 
0.5459149 
0.5480507 
0.5328531 
0.5306333 
0.5274372 
0.5305211 
0.5283803 
0.5185170 
0.5084430 
0.4994602 
0.4946129 
0.4926291 
0.4848485 
0.4779871 
0.4623414 
0.4579186 
0.4514589 
0.4504477 
0.4356967 
0.4148478 
0.4067015 
0.4084475 
0.4147605 
0.4151590 
0.3953061 
0.3837802 
0.3718876 
0.3603947 
0.3593814 
0.3560571 
0.3592538 
0.3663328 
0.3654859 
0.3627528 
0.3631292 
0.3636090 
0.3542259 
0.3527797 
0.3545483 
0.3754433 
0.3937120 
0.3995087 
0.4102624 
0.4046366 
0.4051386 
0.4043636 
0.4068363 
0.4290782 
0.4601431 
0.4757267 
0.4878198 
0.4923281 
0.4930175 
0.4926371 
0.4898750 
0.4936348 
0.5017048 
0.5121524 
0.5270667 
0.5493831 
0.5631805 
0.5577623 
0.5520093 
0.5552677 
0.5597191 
0.5569718 
0.5688127 
0.5830995 
0.5932562 
0.6009754 
0.6173584 
0.6185158 
0.6111704 
0.6047818 
0.5916991 
0.5848619 
0.5926034 
0.5966112 
0.5665726 
0.5495325 
0.5543364 
0.5401835 
0.5301990 
0.5236376 
0.5228563 
0.5181623 
0.4994032 
0.4975198 
0.5050845 
0.4995998 
0.4830643 
0.4639499 
0.4435552 
0.4372874 
0.4337345 
0.4306408 
0.4155948 
0.4000032 
0.3949193 
0.3864414 
0.3868275 
0.3863895 
0.3696728 
0.3561665 
0.3435832 
0.3249342 
0.3147475 
0.3140462 
0.3087791 
0.2972517 
0.2966631 
0.3016930 
0.3094866 
0.3145226 
0.3068275 
0.3113538 
0.3109602 
0.3039912 
0.3116765 
0.3251225 
0.3216995 
0.3207535 
0.3150539 
0.3165270 
0.3293590 
0.3592539 
0.3716896 
0.3759953 
0.3851246 
0.4029209 
0.4069510 
0.4094719 
0.4113078 
0.4217344 
0.4328926 
0.4361033 
0.4494395 
0.4581416 
0.4667848 
0.4778682 
0.4936799 
0.5020064 
0.5138370 
0.5350881 
0.5305468 
0.5400345 
0.5473240 
0.5600866 
0.5630237 
0.5651120 
0.5756224 
0.5698611 
0.5632063 
0.5536928 
0.5316581 
0.5023274 
0.5107881 
0.5194017 
0.5202574 
0.5348664 
0.5365602 
0.5272534 
0.5177023 
0.5115457 
0.5107408 
0.4995268 
0.4989489 
0.5020017 
0.4924923 
0.4742185 
0.4613530 
0.4586911 
0.4568807 
0.4460119 
0.4461639 
0.4476533 
0.4678165 
0.4744465 
0.4725537 
0.4804910 
0.4821984 
0.4682384 
0.4655244 
0.4579582 
0.4583183 
0.4615694 
0.4514020 
0.4339054 
0.4306974 
0.4217465 
0.4102547 
0.3878800 
0.3829385 
0.3901217 
0.3939974 
0.3956310 
0.3850566 
0.3815657 
0.3892057 
0.3963655 
0.4053319 
0.4023544 
0.4059040 
0.4108878 
0.4061225 
0.3949095 
0.3995430 
0.3987171 
0.3854382 
0.3839626 
0.3778603 
0.3636401 
0.3646878 
0.3609863 
0.3555323 
0.3486300 
0.3454035 
0.3384967 
0.3377156 
0.3287420 
0.3267126 
0.3357257 
0.3523051 
0.3641748 
0.3646146 
0.3706640 
0.3745726 
0.3680860 
0.3659508 
0.3573147 
0.3415987 
0.3354679 
0.3378777 
0.3285458 
0.3219395 
0.3296952 
0.3433808 
0.3541323 
0.3694132 
0.3713772 
0.3730319 
0.3880364 
0.3998008 
0.4066139 
0.4114597 
0.4087882 
0.4034132 
0.4101494 
0.4203397 
0.4146334 
0.4125923 
0.4142974 
0.4210138 
0.4137263 
0.4142155 
0.4249119 
0.4271349 
0.4382743 
0.4619471 
0.4709990 
0.4791683 
0.4826033 
0.4873475 
0.4825964 
0.4763520 
0.4695651 
0.4613772 
0.4592677 
0.4582449 
0.4526678 
0.4462200 
0.4431786 
0.4511051 
0.4669066 
0.4885768 
0.4879080 
0.4816486 
0.4836981 
0.4739731 
0.4617429 
0.4679561 
0.4720037 
0.4727617 
0.4715227 
0.4652327 
0.4661115 
0.4715771 
0.4755231 
0.4718917 
0.4586721 
0.4500453 
0.4390530 
0.4313668 
0.4404719 
0.4427677 
0.4303860 
0.4176804 
0.4202628 
0.4316160 
0.4416646 
0.4357543 
0.4290358 
0.4255086 
0.4178110 
0.4242084 
0.4223227 
0.4033599 
0.3959594 
0.3916055 
0.3877575 
0.3886492 
0.3771013 
0.3650461 
0.3552541 
0.3528031 
0.3454549 
0.3399836 
0.3428880 
0.3428297 
0.3407040 
0.3454645 
0.3490126 
0.3635676 
0.3662686 
0.3588637 
0.3440429 
0.3420564 
0.3503238 
0.3483771 
0.3483919 
0.3551875 
0.3521781 
0.3563001 
0.3533568 
0.3372375 
0.3327867 
0.3324537 
0.3313179 
0.3285701 
0.3313067 
0.3359661 
0.3278017 
0.3214193 
0.3272548 
0.3313838 
0.3330335 
0.3210783 
0.3078043 
0.3218088 
0.3268742 
0.3339472 
0.3354665 
0.3323779 
0.3358708 
0.3319540 
0.3298471 
0.3296489 
0.3270999 
0.3217292 
0.3143527 
0.3128101 
0.3166448 
0.3214316 
0.3139312 
0.3021315 
0.2838802 
0.2828744 
0.2840292 
0.2849062 
0.2821337 
0.2875592 
0.3038734 
0.3131912 
0.3102360 
0.2996841 
0.3091489 
0.3233786 
0.3278158 
0.3248071 
0.3258819 
0.3329623 
0.3368346 
0.3382656 
0.3396635 
0.3260329 
0.3241099 
0.3302198 
0.3180166 
0.3282911 
0.3407628 
0.3470312 
0.3560779 
0.3474509 
0.3458365 
0.3624257 
0.3642216 
0.3592166 
0.3675028 
0.3833142 
0.3868140 
0.3871092 
0.3981395 
0.3983763 
0.3949692 
0.4002817 
0.3936631 
0.4024381 
0.4059133 
0.4122620 
0.4062704 
0.3973407 
0.3867290 
0.3919917 
0.3907197 
0.3965907 
0.3916723 
0.4023244 
0.3930947 
0.3875703 
0.3770642 
0.3848644 
0.3987798 
0.4044801 
0.4188840 
0.4172799 
0.4187305 
0.4177715 
0.4113763 
0.3907929 
0.3831108 
0.3823131 
0.3758075 
0.3728362 
0.3816732 
0.4015347 
0.4068479 
0.4122797 
0.4076531 
0.4042371 
0.4061509 
0.4036973 
0.3866970 
0.3709512 
0.3726077 
0.3800252 
0.3717788 
0.3646061 
0.3545210 
0.3538387 
0.3538215 
0.3688860 
0.3726278 
0.3549157 
0.3552536 
0.3513954 
0.3648826 
0.3796781 
0.3890949 
0.3894690 
0.3806750 
0.3765004 
0.3746895 
0.3696047 
0.3633749 
0.3618778 
0.3529422 
0.3420248 
0.3456924 
0.3517073 
0.3511096 
0.3416708 
0.3371678 
0.3305921 
0.3356841 
0.3363110 
0.3457234 
0.3632563 
0.3645248 
0.3647407 
0.3624975 
0.3551234 
0.3438536 
0.3461260 
0.3430985 
0.3434804 
0.3435804 
0.3508847 
0.3645814 
0.3631870 
0.3533336 
0.3473341 
0.3493683 
0.3471239 
0.3494702 
0.3433313 
0.3353075 
0.3215041 
0.3276000 
0.3388381 
0.3474222 
0.3527288 
0.3370151 
0.3175547 
0.3165466 
0.3079433 
0.3093063 
0.3025487 
0.2968112 
0.2957889 
0.2958214 
0.3059224 
0.3094691 
0.3054475 
0.2950239 
0.2746579 
0.2725837 
0.2632135 
0.2613795 
0.2480010 
0.2521459 
0.2392938 
0.2286910 
0.2276695 
0.2304470 
0.2387022 
0.2458025 
0.2421544 
0.2438583 
0.2440802 
0.2418176 
0.2326346 
0.2247083 
0.2223601 
0.2215636 
0.2292785 
0.2336424 
0.2381423 
0.2376598 
0.2421678 
0.2484948 
0.2448090 
0.2385738 
0.2322756 
0.2385812 
0.2358539 
0.2399471 
0.2402133 
0.2362540 
0.2446839 
0.2582270 
0.2739858 
0.2764869 
0.2620289 
0.2544070 
0.2394942 
0.2405610 
0.2503231 
0.2600987 
0.2637703 
0.2560788 
0.2620740 
0.2637250 
0.2688138 
0.2799172 
0.2849728 
0.2808678 
0.2745163 
0.2685467 
0.2605711 
0.2728554 
0.2677574 
0.2711023 
0.2759616 
0.2751475 
0.2781628 
0.2789418 
0.2863452 
0.2857683 
0.2993854 
0.2919091 
0.2814871 
0.2791966 
0.2694933 
0.2791857 
0.2866830 
0.2951450 
0.3097800 
0.2998096 
0.3019108 
0.3081419 
0.3148407 
0.3098910 
0.3019041 
0.2865751 
0.2820510 
0.2710333 
0.2757556 
0.2811634 
0.2899737 
0.2942504 
0.2920125 
0.2786260 
0.2708894 
0.2685257 
0.2690852 
0.2677272 
0.2700109 
0.2756657 
0.2776213 
0.2577228 
0.2450157 
0.2477823 
0.2529830 
0.2551354 
0.2491499 
0.2559878 
0.2581900 
0.2464897 
0.2441827 
0.2550893 
0.2752842 
0.2789071 
0.2777627 
0.2650953 
0.2467804 
0.2352934 
0.2351777 
0.2555631 
0.2639263 
0.2673459 
0.2762953 
0.2821099 
0.2856862 
0.2789980 
0.2642786 
0.2549213 
0.2607752 
0.2718917 
0.2681764 
0.2658906 
0.2703027 
0.2697625 
0.2556493 
0.2622170 
0.2685437 
0.2808691 
0.2731684 
0.2675141 
0.2730152 
0.2861847 
0.2987058 
0.2991689 
0.3000163 
0.2845731 
0.2773644 
0.2688092 
0.2698285 
0.2720884 
0.2765394 
0.2812393 
0.2790432 
0.2989343 
0.3010083 
0.3026294 
0.2864707 
0.2813468 
0.2819861 
0.2913827 
0.2913206 
0.2924250 
0.2884692 
0.2778718 
0.2684624 
0.2511353 
0.2465968 
0.2582898 
0.2531653 
0.2669360 
0.2611865 
0.2607631 
0.2534151 
0.2506978 
0.2471783 
0.2404019 
0.2275624 
0.2300508 
0.2367632 
0.2458269 
0.2475880 
0.2529833 
0.2543911 
0.2573488 
0.2514369 
0.2555214 
0.2515711 
0.2365425 
0.2351182 
0.2384298 
0.2297771 
0.2349293 
0.2519481 
0.2527498 
0.2449218 
0.2256687 
0.2228995 
0.2317484 
0.2276901 
0.2293285 
0.2358772 
0.2459317 
0.2487186 
0.2391126 
0.2286985 
0.2355069 
0.2346656 
0.2394305 
0.2371669 
0.2244229 
0.2233996 
0.2230572 
0.2215327 
0.2311618 
0.2363175 
0.2457733 
0.2355724 
0.2388573 
0.2297681 
0.2285667 
0.2195117 
0.2174927 
0.2285691 
0.2304790 
0.2296390 
0.2370868 
0.2387136 
0.2460531 
0.2441470 
0.2345085 
0.2381840 
0.2408024 
0.2455027 
0.2483688 
0.2457186 
0.2433098 
0.2399747 
0.2523824 
0.2419523 
0.2412118 
0.2363172 
0.2279445 
0.2373729 
0.2347201 
0.2370088 
0.2285489 
0.2386745 
0.2406308 
0.2400757 
0.2439468 
0.2430447 
0.2282418 
0.2175362 
0.2126903 
0.2212135 
0.2327980 
0.2230945 
0.2176408 
0.2205771 
0.2118911 
0.2140412 
0.2171295 
0.2284356 
0.2287957 
0.2287906 
0.2194960 
0.2163574 
0.2284224 
0.2269067 
0.2254410 
0.2182329 
0.2177704 
0.2245934 
0.2138792 
0.2217580 
0.2227510 
0.2293729 
0.2285697 
0.2228670 
0.2268039 
0.2196646 
0.2247819 
0.2162233 
0.2111810 
0.2229627 
0.2283717 
0.2309141 
0.2312969 
0.2335626 
0.2330148 
0.2265728 
0.2196468 
0.2084080 
0.2102903 
0.2170661 
0.2223852 
0.2182343 
0.2142921 
0.2169991 
0.2223407 
0.2302954 
0.2331007 
0.2387265 
0.2502141 
0.2461056 
0.2447809 
0.2306343 
0.2194713 
0.2177602 
0.2152464 
0.2108164 
0.2026698 
0.1981653 
0.2027024 
0.2078213 
0.2173231 
0.2226462 
0.2220726 
0.2317634 
0.2240544 
0.2205833 
0.2183913 
0.2171648 
0.2096281 
0.2036070 
0.1996358 
0.2032528 
0.2037896 
0.2041618 
0.2009913 
0.1968160 
0.1946055 
0.2017945 
0.2076744 
0.2136605 
0.2225295 
0.2203444 
0.2153734 
0.2073824 
0.1999745 
0.2030927 
0.2123753 
0.2086173 
0.1914319 
0.1902777 
0.1927164 
0.1988396 
0.2125110 
0.2103642 
0.2011404 
0.2091531 
0.2082582 
0.2099409 
0.1983663 
0.2023026 
0.2050261 
0.1942887 
0.1917676 
0.1856139 
0.1785584 
0.1829537 
0.1813631 
0.1785932 
0.1757649 
0.1850201 
0.1903395 
0.1844896 
0.1847739 
0.1764638 
0.1842754 
0.1836229 
0.1812773 
0.1971454 
0.2002219 
0.2099730 
0.2134462 
0.2105554 
0.2071737 
0.2043159 
0.1990573 
0.1979968 
0.1976293 
0.1990250 
0.2010631 
0.2081877 
0.2036274 
0.1987960 
0.1999702 
0.1996389 
0.2040718 
0.2056496 
0.2155119 
0.2128832 
0.2230811 
0.2240106 
0.2206418 
0.2155892 
0.2048845 
0.2042439 
0.1996175 
0.1927330 
0.1960429 
0.1882046 
0.1769438 
0.1761969 
0.1981824 
0.2068331 
0.2096324 
0.1972178 
0.1792925 
0.1689788 
0.1718829 
0.1699267 
0.1581110 
0.1621990 
0.1706728 
0.1826422 
0.1747038 
0.1765962 
0.1779648 
0.1800323 
0.1763204 
0.1864262 
0.1893655 
0.1837426 
0.1698122 
0.1662277 
0.1655837 
0.1558381 
0.1639758 
0.1672311 
0.1778906 
0.1732613 
0.1741560 
0.1639363 
0.1650850 
0.1622347 
0.1671951 
0.1684010 
0.1635630 
0.1716430 
0.1700220 
0.1655242 
0.1697534 
0.1619151 
0.1657638 
0.1584375 
0.1547398 
0.1523281 
0.1538779 
0.1656471 
0.1689784 
0.1713338 
0.1791282 
0.1796943 
0.1806025 
0.1838618 
0.1870812 
0.1869508 
0.1818794 
0.1724719 
0.1752939 
0.1761278 
0.1751447 
0.1580219 
0.1639754 
0.1618414 
0.1559136 
0.1690307 
0.1678118 
0.1649341 
0.1663517 
0.1733531 
0.1776581 
0.1731352 
0.1580058 
0.1626072 
0.1617509 
0.1459266 
0.1463205 
0.1485972 
0.1561300 
0.1638514 
0.1549929 
0.1705236 
0.1731178 
0.1742582 
0.1810712 
0.1801862 
0.1739460 
0.1712728 
0.1676930 
0.1679188 
0.1646671 
0.1555516 
0.1654594 
0.1614844 
0.1724461 
0.1653888 
0.1526482 
0.1495859 
0.1472334 
0.1572216 
0.1552625 
0.1526517 
0.1432354 
0.1415812 
0.1390038 
0.1408834 
0.1527680 
0.1554769 
0.1648592 
0.1551706 
0.1594429 
0.1598658 
0.1638045 
0.1616095 
0.1592168 
0.1677395 
0.1670026 
0.1742605 
0.1657931 
0.1520633 
0.1352067 
0.1391937 
0.1436721 
0.1445260 
0.1388552 
0.1497341 
0.1517324 
0.1514078 
0.1429671 
0.1292915 
0.1194882 
0.1197787 
0.1322994 
0.1398592 
0.1381717 
0.1349400 
0.1306021 
0.1376540 
0.1317438 
0.1386918 
0.1391571 
0.1413356 
0.1429155 
0.1315448 
0.1271373 
0.1165429 
0.1171518 
0.1134514 
0.1226035 
0.1310570 
0.1338299 
0.1398987 
0.1523133 
0.1507017 
0.1485609 
0.1319160 
0.1303429 
0.1269954 
0.1217930 
0.1320730 
0.1236508 
0.1275220 
0.1306416 
0.1285804 
0.1405732 
0.1415994 
0.1387897 
0.1359358 
0.1264501 
0.1258135 
0.1197354 
0.1137539 
0.1156802 
0.1150318 
0.1133003 
0.1192299 
0.1122182 
0.1247513 
0.1214203 
0.1172764 
0.1176736 
0.1286519 
0.1341450 
0.1279514 
0.1264216 
0.1293984 
0.1473111 
0.1471435 
0.1278892 
0.1224108 
0.1117351 
0.1073543 
0.1021997 
0.1016390 
0.1119313 
0.1145396 
0.1150928 
0.1181086 
0.1185185 
0.1275850 
0.1138570 
0.1032907 
0.1071462 
0.1066100 
0.1050855 
0.1148935 
0.1112769 
0.1129895 
0.1193318 
0.1079681 
0.1138887 
0.1176601 
0.1044523 
0.1102184 
0.1202696 
0.1230397 
0.1275935 
0.1201938 
0.1149214 
0.1210141 
0.1156154 
0.0982610 
0.1016213 
0.0976868 
0.1014773 
0.1104408 
0.0908596 
0.0874927 
0.0839803 
0.0818116 
0.0831233 
0.0920973 
0.0877393 
0.0888610 
0.0936467 
0.0927762 
0.0874155 
0.0815729 
0.0869299 
0.0940849 
0.0783044 
0.0607820 
0.0638624 
0.0666627 
0.0757465 
0.0755095 
0.0838005 
0.0859006 
0.0865131 
0.0801922 
0.0731540 
0.0768886 
0.0729004 
0.0849244 
0.0941691 
0.1049289 
0.1050845 
0.1122064 
0.1051491 
0.1093293 
0.1011266 
0.0939864 
0.0827978 
0.0888548 
0.0913231 
0.0862242 
0.0756201 
0.0788627 
0.0730565 
0.0733218 
0.0745627 
0.0756066 
0.0812304 
0.0778251 
0.0813371 
0.0877603 
0.0819019 
0.0769847 
0.0793137 
0.0812261 
0.0829988 
0.0856128 
0.0905191 
0.0932365 
0.0942437 
0.0966194 
0.0933691 
0.0809962 
0.0749295 
0.0685109 
0.0707415 
0.0628247 
0.0637115 
0.0640302 
0.0585646 
0.0613551 
0.0612292 
0.0618420 
0.0766165 
0.0712232 
0.0685100 
0.0724951 
0.0716329 
0.0708696 
0.0702901 
0.0627088 
0.0584521 
0.0608637 
0.0703777 
0.0792088 
0.0964136 
0.1158367 
0.1137734 
0.1003291 
0.0914046 
0.0856650 
0.0802194 
0.0822565 
0.0814467 
0.0765648 
0.0812492 
0.0752661 
0.0714396 
0.0773281 
0.0782747 
0.0779682 
0.0797533 
0.0802975 
0.0793131 
0.0771330 
0.0761920 
0.0662747 
0.0623396 
0.0693035 
0.0744671 
0.0787795 
0.0725522 
0.0701007 
0.0683189 
0.0624796 
0.0675020 
0.0609453 
0.0669781 
0.0604183 
0.0589641 
0.0584160 
0.0719594 
0.0877704 
0.0838936 
0.0776183 
0.0781863 
0.0690123 
0.0644758 
0.0641427 
0.0659822 
0.0723137 
0.0798971 
0.0835884 
0.0646624 
0.0562178 
0.0548518 
0.0557132 
0.0486533 
0.0512184 
0.0541013 
0.0550694 
0.0585900 
0.0653761 
0.0641564 
0.0692947 
0.0740000 
0.0688673 
0.0658015 
0.0616708 
0.0576477 
0.0472364 
0.0433260 
0.0469039 
0.0603036 
0.0646177 
0.0681432 
0.0649907 
0.0676721 
0.0676857 
0.0636779 
0.0437113 
0.0327736 
0.0170879 
0.0234717 
0.0256904 
0.0363595 
0.0422682 
0.0654352 
0.0641738 
0.0519329 
0.0468762 
0.0507203 
0.0488208 
0.0365451 
0.0400968 
0.0337980 
0.0446341 
0.0488640 
0.0535464 
0.0580779 
0.0525911 
0.0411890 
0.0429029 
0.0313551 
0.0313438 
0.0327981 
0.0341931 
0.0366509 
0.0386117 
0.0350369 
0.0260711 
0.0269716 
0.0358948 
0.0409962 
0.0332629 
0.0350505 
0.0382790 
0.0367086 
0.0444096 
0.0430399 
0.0514726 
0.0517812 
0.0502394 
0.0511895 
0.0485162 
0.0445511 
0.0356533 
0.0284824 
0.0226452 
0.0220776 
0.0204125 
0.0248009 
0.0193489 
0.0280936 
0.0285766 
0.0167993 
0.0256680 
0.0258039 
0.0226360 
0.0273832 
0.0293831 
0.0234368 
0.0178798 
0.0257242 
0.0387182 
0.0346145 
0.0342863 
0.0312759 
0.0247334 
0.0190446 
0.0196193 
0.0132926 
0.0040686 
0.0000000 
0.0093670 
0.0089650 
0.0117168 
0.0145299 
0.0145995 
