0.0000532 
-0.0001147 
-0.0000135 
-0.1178945 
-0.1007653 
0.2416770 
0.9745360 
0.9845756 
1.0000000 
0.9795352 
0.9653282 
0.9748118 
0.9755174 
0.9735383 
0.9707779 
0.9582788 
0.9728081 
0.9805321 
0.9619462 
0.9625189 
0.9838726 
0.9611574 
0.9765756 
0.9685614 
0.9711220 
0.9562355 
0.9175612 
0.9136890 
0.9175042 
0.9206577 
0.9448099 
0.9492613 
0.9545280 
0.9493290 
0.9446151 
0.9301277 
0.9280960 
0.9160765 
0.9106010 
0.9100060 
0.9097395 
0.9154809 
0.9058134 
0.9068332 
0.9011423 
0.9032077 
0.9029762 
0.8944835 
0.8976905 
0.8833248 
0.8952068 
0.8912391 
0.8909536 
0.9019803 
0.8990154 
0.9054264 
0.8871006 
0.8704681 
0.8822389 
0.8987507 
0.8778644 
0.8871650 
0.8733730 
0.8860636 
0.8910824 
0.8801897 
0.8530046 
0.8575291 
0.8405551 
0.8427314 
0.8626900 
0.8629355 
0.8730946 
0.8815349 
0.8647656 
0.8731466 
0.8696447 
0.8525249 
0.8475162 
0.8369802 
0.8436720 
0.8692587 
0.8909338 
0.8847050 
0.8660461 
0.8594780 
0.8534393 
0.8291801 
0.8288678 
0.8265740 
0.8273735 
0.8428368 
0.8436600 
0.8435382 
0.8248055 
0.7923295 
0.7988757 
0.8103114 
0.8023373 
0.8267420 
0.8094672 
0.8089510 
0.8067563 
0.8271394 
0.8160698 
0.7916571 
0.7831631 
0.8046226 
0.8145345 
0.8065951 
0.7912997 
0.7877405 
0.7830089 
0.7725407 
0.7844832 
0.7843170 
0.7719796 
0.7703675 
0.7774149 
0.7729542 
0.7892401 
0.7717587 
0.7710721 
0.7865465 
0.7971209 
0.7936832 
0.7896872 
0.7760794 
0.7742416 
0.7623343 
0.7568381 
0.7546975 
0.7529875 
0.7461386 
0.7537425 
0.7535470 
0.7645355 
0.7614948 
0.7418453 
0.7530957 
0.7683602 
0.7565151 
0.7545412 
0.7440873 
0.7665603 
0.7538543 
0.7687522 
0.7655298 
0.7441096 
0.7468342 
0.7318078 
0.7495128 
0.7407988 
0.7399802 
0.7370745 
0.7310584 
0.7547353 
0.7527876 
0.7471338 
0.7321216 
0.7217236 
0.7360000 
0.7466230 
0.7381997 
0.7324596 
0.7256713 
0.7174699 
0.7245778 
0.7474142 
0.7640433 
0.7565825 
0.7243098 
0.7092608 
0.7055502 
0.7231481 
0.7193413 
0.7351950 
0.7325726 
0.7193113 
0.7325529 
0.7335132 
0.7208523 
0.7132745 
0.6914471 
0.6738623 
0.6771762 
0.6843930 
0.6956602 
0.6978090 
0.7144612 
0.7011475 
0.7023194 
0.6953024 
0.6880009 
0.6929142 
0.6932833 
0.6852136 
0.6994649 
0.7054900 
0.7020083 
0.6914175 
0.6728259 
0.6845576 
0.7232413 
0.6880116 
0.6865085 
0.6815963 
0.6786831 
0.6707608 
0.6765515 
0.6889039 
0.6966873 
0.7002213 
0.7126523 
0.7133769 
0.7179534 
0.7076588 
0.7078483 
0.7170717 
0.7265125 
0.7440895 
0.7450356 
0.7482366 
0.7416184 
0.7467100 
0.7603523 
0.7460748 
0.7487456 
0.7483143 
0.7425091 
0.7424279 
0.7398126 
0.7243761 
0.7175824 
0.7037372 
0.6879686 
0.6868672 
0.6881770 
0.7010568 
0.7051955 
0.6986393 
0.6724679 
0.6917308 
0.6863425 
0.6851012 
0.6831085 
0.6715655 
0.6733934 
0.6808068 
0.6907479 
0.7095295 
0.6999042 
0.7299953 
0.7144251 
0.7037359 
0.6853066 
0.6775941 
0.6744194 
0.6658454 
0.6683200 
0.6567716 
0.6538661 
0.6572232 
0.6483311 
0.6457784 
0.6544642 
0.6529532 
0.6709798 
0.6662150 
0.6628647 
0.6623708 
0.6742459 
0.6645411 
0.6642877 
0.6426670 
0.6375862 
0.6178938 
0.6461751 
0.6485124 
0.6477787 
0.6347309 
0.6246204 
0.6364467 
0.6402830 
0.6339821 
0.6339972 
0.6215307 
0.6273492 
0.6298920 
0.6353017 
0.6520205 
0.6507097 
0.6412721 
0.6397222 
0.6071547 
0.5935276 
0.5990889 
0.5942049 
0.6121676 
0.6197484 
0.6156830 
0.6185761 
0.6106127 
0.6046983 
0.6038324 
0.6054263 
0.5940109 
0.5864089 
0.5915479 
0.5934370 
0.6022177 
0.6018297 
0.6008151 
0.5831292 
0.5996083 
0.5950442 
0.6117770 
0.5946276 
0.5953839 
0.5967652 
0.5993585 
0.6106944 
0.6050084 
0.5991736 
0.5821050 
0.5834104 
0.5923721 
0.5830158 
0.5761089 
0.5844928 
0.5736226 
0.6004389 
0.5884203 
0.5893509 
0.5814330 
0.5888633 
0.5849068 
0.5620397 
0.5522627 
0.5506632 
0.5549469 
0.5484511 
0.5536720 
0.5686471 
0.5721850 
0.5614696 
0.5466630 
0.5497662 
0.5376015 
0.5634704 
0.5520932 
0.5503551 
0.5427077 
0.5385471 
0.5266103 
0.5315212 
0.5329296 
0.5384939 
0.5418484 
0.5339584 
0.5233865 
0.5353079 
0.5318201 
0.5270904 
0.5174090 
0.5147227 
0.5229687 
0.5260036 
0.5353465 
0.5263502 
0.5127215 
0.5049491 
0.4958978 
0.5037603 
0.5005988 
0.4977752 
0.5060396 
0.4929444 
0.4956979 
0.4970108 
0.4929414 
0.4706155 
0.4728338 
0.4779594 
0.4794941 
0.4860440 
0.4931145 
0.4950018 
0.4928565 
0.5043536 
0.4951443 
0.4945962 
0.5085653 
0.5016593 
0.4795468 
0.4776826 
0.4662028 
0.4606740 
0.4473969 
0.4396972 
0.4454923 
0.4408274 
0.4560542 
0.4670313 
0.4713224 
0.4735233 
0.5033126 
0.5086273 
0.5324095 
0.5377169 
0.5517316 
0.5540737 
0.5542198 
0.5618157 
0.5585485 
0.5663121 
0.5446056 
0.5280550 
0.5187206 
0.5387705 
0.5299605 
0.5522455 
0.5597092 
0.5449857 
0.5302788 
0.5251310 
0.5160357 
0.5251996 
0.5286455 
0.5341006 
0.5492669 
0.5470518 
0.5371746 
0.5300742 
0.4996150 
0.5027255 
0.5150856 
0.5158651 
0.5164741 
0.5144236 
0.5164743 
0.5385350 
0.5498837 
0.5381675 
0.5423653 
0.5211463 
0.5240191 
0.5073824 
0.4991325 
0.4986532 
0.4887319 
0.4946013 
0.4947992 
0.4985563 
0.4907790 
0.4935036 
0.4992265 
0.5055026 
0.5171819 
0.5231446 
0.5317117 
0.5017871 
0.5109715 
0.5298770 
0.4994544 
0.5090827 
0.4933575 
0.4933031 
0.4878603 
0.4918160 
0.4732271 
0.4596335 
0.4574634 
0.4497618 
0.4487013 
0.4335755 
0.4389860 
0.4480434 
0.4526905 
0.4633757 
0.4648076 
0.4618094 
0.4484686 
0.4335326 
0.4322174 
0.4349297 
0.4306849 
0.4431423 
0.4473593 
0.4437158 
0.4407915 
0.4336864 
0.4233440 
0.4403898 
0.4602101 
0.4462711 
0.4359968 
0.4266450 
0.4154353 
0.4484701 
0.4652215 
0.4841040 
0.4818203 
0.4763444 
0.4860061 
0.4963246 
0.4942839 
0.4937261 
0.4879819 
0.4746790 
0.4832810 
0.4839603 
0.4790054 
0.4651233 
0.4607587 
0.4452439 
0.4505139 
0.4614010 
0.4735505 
0.4641351 
0.4685723 
0.4859426 
0.4972806 
0.5151754 
0.5145171 
0.5285103 
0.5346275 
0.5402444 
0.5163996 
0.5215200 
0.5213397 
0.5344273 
0.5214772 
0.5247358 
0.5103818 
0.5056806 
0.5139053 
0.5153948 
0.5336058 
0.5368861 
0.5289410 
0.5259576 
0.5224530 
0.5336883 
0.5193127 
0.5151549 
0.5180000 
0.5192018 
0.5075446 
0.5121998 
0.5200808 
0.5062268 
0.4951145 
0.4933225 
0.5031407 
0.5003151 
0.4988121 
0.5060101 
0.5124611 
0.5235371 
0.5209590 
0.5150661 
0.5248692 
0.5228324 
0.5058825 
0.4920334 
0.4712451 
0.4581493 
0.4502777 
0.4520059 
0.4474003 
0.4235422 
0.4352370 
0.4461020 
0.4594020 
0.4646367 
0.4519968 
0.4767615 
0.4522909 
0.4530638 
0.4388461 
0.4513658 
0.4523822 
0.4649162 
0.4862885 
0.4639965 
0.4602836 
0.4566717 
0.4725652 
0.5000558 
0.4957498 
0.4764252 
0.4410859 
0.4371852 
0.4187092 
0.4254485 
0.4296387 
0.4288363 
0.4395048 
0.4494173 
0.4327909 
0.4291282 
0.4439655 
0.4373012 
0.4631017 
0.4542677 
0.4444797 
0.4438293 
0.4343597 
0.4399921 
0.4324571 
0.4349014 
0.4045065 
0.4188141 
0.4249778 
0.4411547 
0.4389006 
0.4331686 
0.4441734 
0.4469275 
0.4504519 
0.4617648 
0.4548033 
0.4650406 
0.4477418 
0.4425932 
0.4506556 
0.4431903 
0.4479725 
0.4460817 
0.4488062 
0.4496649 
0.4464178 
0.4275634 
0.4153695 
0.4199851 
0.4088233 
0.4056062 
0.4094498 
0.3938922 
0.3911032 
0.3767874 
0.3888225 
0.3833577 
0.3922450 
0.4154450 
0.4174720 
0.4167998 
0.4206723 
0.4085328 
0.4134061 
0.4063985 
0.4145921 
0.4052729 
0.4160932 
0.4239738 
0.4058895 
0.4007906 
0.4091004 
0.3965105 
0.3991270 
0.3939300 
0.4013963 
0.4093518 
0.4252279 
0.4273783 
0.4406984 
0.4515103 
0.4484595 
0.4438161 
0.4456281 
0.4158812 
0.4309895 
0.4189170 
0.4288862 
0.4368715 
0.4322329 
0.4264280 
0.4407721 
0.4427423 
0.4376772 
0.4467420 
0.4374008 
0.4358784 
0.4321299 
0.4285424 
0.4272977 
0.4250572 
0.4169006 
0.4248459 
0.4276690 
0.4220675 
0.4551177 
0.4238759 
0.3974923 
0.4029589 
0.4119121 
0.3996385 
0.4037381 
0.3933862 
0.4098184 
0.3807285 
0.3744072 
0.3643516 
0.3617786 
0.3534148 
0.3538174 
0.3703020 
0.3593145 
0.3555277 
0.3584144 
0.3434005 
0.3413159 
0.3206718 
0.3338552 
0.3438757 
0.3509033 
0.3457950 
0.3536940 
0.3412970 
0.3363176 
0.3335517 
0.3420836 
0.3384989 
0.3508748 
0.3603683 
0.3466697 
0.3631623 
0.3547247 
0.3763098 
0.3613643 
0.3522517 
0.3585070 
0.3758141 
0.3836502 
0.3923340 
0.4030885 
0.4053376 
0.3884384 
0.3955633 
0.3916115 
0.3863325 
0.3819928 
0.3871539 
0.3904573 
0.3827700 
0.3736911 
0.3786395 
0.3968218 
0.3981753 
0.3945426 
0.4095244 
0.3777224 
0.3792950 
0.3674320 
0.3789823 
0.3952710 
0.3878023 
0.4151950 
0.4281290 
0.4300301 
0.4323363 
0.4095427 
0.3831173 
0.3657425 
0.3657375 
0.3372907 
0.3239567 
0.3170377 
0.2954439 
0.3024213 
0.3156805 
0.3394709 
0.3542280 
0.3466524 
0.3350166 
0.3217211 
0.2995447 
0.3110759 
0.3116069 
0.3035419 
0.2752702 
0.3109270 
0.2974797 
0.2986528 
0.3069520 
0.2949035 
0.2867877 
0.2931534 
0.3181557 
0.3396166 
0.3671556 
0.3808280 
0.3793989 
0.3454001 
0.3394693 
0.3479407 
0.3557757 
0.3509532 
0.3598066 
0.3884233 
0.3969655 
0.4105011 
0.4225120 
0.4317906 
0.4039618 
0.4130518 
0.4236409 
0.4228808 
0.4473245 
0.4543933 
0.4253207 
0.4550972 
0.4345177 
0.4443323 
0.4451301 
0.4583375 
0.4623419 
0.4875457 
0.5080449 
0.5105016 
0.4859834 
0.4673911 
0.4682794 
0.4594773 
0.4295058 
0.4251592 
0.4103628 
0.3921756 
0.3928685 
0.3869783 
0.4006330 
0.3917218 
0.3796481 
0.3646506 
0.3546840 
0.3325160 
0.3262290 
0.3057567 
0.2947989 
0.2952975 
0.3093843 
0.3180039 
0.3458475 
0.3526854 
0.3738080 
0.3923187 
0.4023496 
0.4089414 
0.3983904 
0.4186513 
0.4121662 
0.3991453 
0.3984817 
0.4088109 
0.4225064 
0.4199701 
0.4133868 
0.4086264 
0.3928046 
0.3762057 
0.3785011 
0.3689421 
0.3675726 
0.3728413 
0.3962715 
0.3805934 
0.3839044 
0.3928944 
0.3890942 
0.4156565 
0.4176754 
0.4144438 
0.4415383 
0.4580242 
0.4650258 
0.4628664 
0.4352730 
0.4106446 
0.4134178 
0.4097862 
0.4014903 
0.3691975 
0.3456386 
0.3389506 
0.3412269 
0.3502230 
0.3271664 
0.3279419 
0.3007775 
0.2795992 
0.2805473 
0.3008735 
0.3079693 
0.3179517 
0.3287058 
0.3305898 
0.3535900 
0.3803315 
0.4138325 
0.4149325 
0.4134495 
0.4192212 
0.4303675 
0.4210998 
0.4165746 
0.4129801 
0.4008227 
0.4100633 
0.4050583 
0.3992432 
0.3860323 
0.3765546 
0.3992846 
0.3733484 
0.3610000 
0.3590761 
0.3661345 
0.3769666 
0.3815774 
0.3723984 
0.3858206 
0.3963861 
0.4232297 
0.4658069 
0.4793188 
0.4823940 
0.4954777 
0.4969099 
0.4666955 
0.4398808 
0.3867744 
0.3562883 
0.3623690 
0.3706503 
0.3721276 
0.3747585 
0.3651531 
0.3331447 
0.3067141 
0.2807895 
0.2931968 
0.3231745 
0.3375193 
0.3693651 
0.4142460 
0.4483280 
0.4729525 
0.4720173 
0.4949901 
0.4982691 
0.5185200 
0.5603029 
0.5874845 
0.5694419 
0.5612349 
0.5112287 
0.4879653 
0.4466573 
0.4305252 
0.4189797 
0.4398089 
0.4395271 
0.4361483 
0.4277117 
0.4197014 
0.4355361 
0.4433725 
0.4622661 
0.4891023 
0.4820541 
0.4894265 
0.4700566 
0.4489829 
0.4296021 
0.4381353 
0.4749861 
0.5355769 
0.5690642 
0.5933293 
0.5704857 
0.5183889 
0.4503352 
0.4241070 
0.4014103 
0.4075459 
0.4173112 
0.4159532 
0.3961327 
0.3961765 
0.4047607 
0.4240456 
0.4695984 
0.4796939 
0.4941946 
0.4899588 
0.4876044 
0.4754789 
0.4508178 
0.4507134 
0.4542794 
0.4461654 
0.4587245 
0.4683362 
0.4663984 
0.4378107 
0.4177340 
0.3844284 
0.3826443 
0.3554945 
0.3485700 
0.3410092 
0.3069156 
0.2802861 
0.2751865 
0.3015255 
0.3721036 
0.4191193 
0.4412032 
0.4482216 
0.4379004 
0.4228582 
0.4039744 
0.3808010 
0.3673668 
0.3789810 
0.4077177 
0.4255587 
0.4419047 
0.4186941 
0.4115839 
0.3921333 
0.3894993 
0.3679292 
0.3636964 
0.3733946 
0.3799683 
0.3780589 
0.4040279 
0.4655605 
0.5268784 
0.5412795 
0.5158912 
0.4242839 
0.3470765 
0.2979409 
0.2736980 
0.2902012 
0.2979017 
0.2983985 
0.2939533 
0.3032658 
0.2926443 
0.2705890 
0.2826753 
0.3165523 
0.3283707 
0.3147211 
0.3044189 
0.3239749 
0.3607738 
0.4171326 
0.4735822 
0.5365118 
0.5433301 
0.5015527 
0.4270991 
0.3600194 
0.2852319 
0.2388623 
0.2089370 
0.1781605 
0.1754993 
0.1763606 
0.1798104 
0.2046466 
0.2362456 
0.2815797 
0.3399496 
0.3804192 
0.3938118 
0.3920285 
0.3879866 
0.4381446 
0.4974218 
0.5406581 
0.5803222 
0.5510765 
0.4858560 
0.4171396 
0.3494314 
0.2951281 
0.2669350 
0.2615632 
0.2612725 
0.2732438 
0.2809165 
0.2747872 
0.2825656 
0.2976098 
0.3258388 
0.3405598 
0.3540550 
0.3701510 
0.3717384 
0.3990726 
0.4240970 
0.4121676 
0.3948785 
0.3917391 
0.3599699 
0.3186110 
0.2792119 
0.2199210 
0.1685290 
0.1679494 
0.1796543 
0.2131084 
0.2337890 
0.2262946 
0.2241678 
0.2221750 
0.2123530 
0.2120251 
0.2070317 
0.2317742 
0.2787835 
0.3350414 
0.3756092 
0.3981534 
0.3512802 
0.3151464 
0.2723960 
0.2658100 
0.2611054 
0.2699909 
0.2695590 
0.2952567 
0.3140828 
0.3191645 
0.2559026 
0.1666549 
0.0840504 
0.0425996 
0.0440720 
0.1028017 
0.1700493 
0.1907986 
0.1630382 
0.1189339 
0.1071239 
0.1061084 
0.1224479 
0.1186380 
0.1021725 
0.1217672 
0.1454180 
0.1383326 
0.1025486 
0.0571046 
0.0076588 
0.0000000 
0.0098266 
0.0229490 
0.0349396 
0.0305088 
0.0128631 
0.0101599 
0.0248262 
0.0600385 
0.0848905 
0.1217195 
0.1338883 
0.1313623 
0.1284505 
0.1792213 
0.2074945 
0.1749111 
0.1677189 
0.1465224 
0.1789716 
0.1770160 
0.1868099 
0.1694659 
0.1518523 
0.1157022 
0.0838143 
0.0605358 
0.0828494 
0.0838371 
0.0553589 
0.0480800 
0.0470958 
0.1000111 
0.1600614 
0.2031319 
0.1940221 
0.1533743 
0.1876130 
0.1994371 
0.1976344 
0.1946359 
0.2202440 
0.2210349 
0.1984512 
0.1728464 
0.1714195 
0.1178506 
0.1049125 
0.0961435 
0.1098915 
0.1426737 
0.1362200 
0.1579837 
0.1947410 
0.2260681 
0.2329935 
0.2427976 
0.2521343 
0.2644361 
0.2320426 
0.2360480 
0.2225510 
0.2567824 
0.2605925 
0.2436170 
0.2614145 
0.2647083 
0.2882749 
0.2668609 
0.2496212 
0.2402865 
0.2660716 
0.3032251 
0.3577992 
0.3498222 
0.3666148 
0.3364106 
0.3244952 
0.3224667 
0.3459504 
0.3817009 
0.3469427 
0.3318067 
0.3231463 
0.3401431 
0.3475737 
0.3506493 
0.3238506 
0.3195715 
0.3213560 
0.3473277 
0.3592636 
0.3573825 
0.3933680 
0.4372003 
0.4347462 
0.4586100 
0.4943227 
0.5208992 
0.5324008 
0.5124646 
0.4749751 
0.4478601 
0.4512347 
0.4372423 
0.4246250 
0.4231953 
0.4224300 
0.4158187 
0.4123444 
0.4157709 
0.4033068 
0.4127100 
0.4353239 
0.4210794 
0.4000631 
0.3964881 
0.4143188 
0.4427771 
0.4712626 
0.4577371 
0.4265234 
0.4201635 
0.4209339 
0.4228116 
0.4192502 
0.4101162 
0.4043621 
0.4081029 
0.4519160 
0.4272439 
0.4287976 
0.4271488 
0.4323328 
0.4355800 
0.4315361 
0.4439678 
0.4628457 
0.4715679 
0.4661812 
0.4350571 
0.4169392 
0.4106458 
0.4145363 
0.4153446 
0.4288194 
0.4285470 
0.4487187 
0.4652775 
0.4730120 
0.4794098 
0.4611993 
0.4608710 
0.4713486 
0.4631608 
0.4620833 
0.4564418 
0.4846717 
0.4954671 
0.4871486 
0.4734918 
0.4229098 
0.3849375 
0.3612946 
0.3580305 
0.3649328 
0.3863484 
0.3660248 
0.3779512 
0.3772481 
0.3843480 
0.3862376 
0.3941960 
0.4194974 
0.4260901 
0.4681666 
0.4895976 
0.4865990 
0.4904323 
0.4877526 
0.4592977 
0.4227279 
0.4041673 
0.3718123 
0.3847005 
0.4088958 
0.4263229 
0.4452804 
0.4555373 
0.4524656 
0.4798150 
0.4866054 
0.4932976 
0.4907894 
0.5181130 
0.5459232 
0.5737568 
0.5846431 
0.5808411 
0.5557081 
0.5331253 
0.4999336 
0.4597575 
0.4334396 
0.4092729 
0.4147222 
0.4089496 
0.4051028 
0.4171812 
0.4333032 
0.4461416 
0.4545863 
0.4637089 
0.4825021 
0.5036324 
0.5345916 
0.5691481 
0.5824615 
0.5759852 
0.5653154 
0.5650918 
0.5630425 
0.5583184 
0.5165505 
0.4706970 
0.4288879 
0.4020709 
0.3998154 
0.4018145 
0.3946947 
0.3879597 
0.3906715 
0.3987919 
0.4255484 
0.4721188 
0.5278466 
0.5596416 
0.5878238 
0.6062963 
0.6126522 
0.6190748 
0.6202471 
0.6342917 
0.6517873 
0.6522887 
0.6149019 
0.5759523 
0.5456152 
0.5095398 
0.4729198 
0.4592865 
0.4644484 
0.4398927 
0.4261982 
0.4437079 
0.4788120 
0.4970110 
0.5237517 
0.5243527 
0.5310452 
0.5326264 
0.5335469 
0.5362062 
0.5251887 
0.5395659 
0.5100564 
0.5133213 
0.4858302 
0.4622580 
0.4311735 
0.4201852 
0.4093058 
0.4229790 
0.4199461 
0.4204329 
0.4369993 
0.4386783 
0.4408529 
0.4526229 
0.4751068 
0.4920020 
0.4800816 
0.4865745 
0.4930525 
0.4890795 
0.4960877 
0.4989643 
0.5049565 
0.5134404 
0.5157205 
0.5076226 
0.5036926 
0.4779871 
0.4756401 
0.4915761 
0.4994812 
0.5058619 
0.5168046 
0.5266320 
0.5422375 
0.5250880 
0.5172645 
0.5181237 
0.5363948 
0.5403644 
0.5533922 
0.5653423 
0.5452097 
0.5160148 
0.5081385 
0.4971298 
0.5017655 
0.5001397 
0.4987924 
0.4765428 
0.4656931 
0.4514734 
0.4477984 
0.4552615 
0.4667106 
0.4664859 
0.4916175 
0.5045132 
0.5092607 
0.5005643 
0.4867566 
0.4887363 
0.4852689 
0.4842830 
0.4881214 
0.4943021 
0.5022751 
0.5048874 
0.5100020 
0.5272076 
0.5368333 
0.5305884 
0.5307845 
0.5278509 
0.5103065 
0.5123205 
0.5258941 
0.5284337 
0.5411346 
0.5259290 
0.5299170 
0.5301055 
0.4950185 
0.4904773 
0.4844443 
0.4882890 
0.4846972 
0.4839841 
0.4760489 
0.4846485 
0.5001579 
0.5052710 
0.5163674 
0.5139154 
0.5022887 
0.5345044 
0.5406860 
0.5509279 
0.5353172 
0.5366250 
0.5170019 
0.5218676 
0.4976109 
0.4897007 
0.4981449 
0.5126126 
0.5168250 
0.5066907 
0.5257571 
0.5221808 
0.5142050 
0.4979945 
0.4872614 
0.4846255 
0.4948117 
0.5067101 
0.5194982 
0.5360559 
0.5272583 
0.5287353 
0.5336510 
0.5394993 
0.5259884 
0.5395120 
0.5473142 
0.5092479 
0.5126907 
0.5003157 
0.4934903 
0.4947336 
0.4933111 
0.4814053 
0.4927022 
0.4992191 
0.5099157 
0.5049489 
0.5001460 
0.4900209 
0.4930591 
0.4930502 
0.4929649 
0.5187470 
0.5153024 
0.5114432 
0.5087863 
0.5084438 
0.4997455 
0.5046241 
0.5101188 
0.5038313 
0.4936256 
0.4928314 
0.5031411 
0.5076789 
0.5276215 
0.5171374 
0.4999355 
0.4639511 
0.4437973 
0.4488177 
