-0.0000876 
0.0001140 
0.0000340 
0.1288056 
-0.1852983 
-0.0026417 
0.9890504 
0.9929149 
0.9923572 
0.9931899 
0.9905412 
0.9939314 
0.9971705 
0.9935128 
0.9870834 
0.9877841 
0.9934055 
0.9894936 
0.9892194 
0.9953397 
0.9941796 
0.9964258 
0.9920952 
0.9946528 
0.9950566 
1.0000000 
0.9993742 
0.9881660 
0.9841153 
0.9814390 
0.9868403 
0.9876398 
0.9852202 
0.9864730 
0.9839446 
0.9855922 
0.9848328 
0.9896662 
0.9873403 
0.9866287 
0.9852558 
0.9841106 
0.9875509 
0.9875659 
0.9881431 
0.9884691 
0.9888359 
0.9850301 
0.9817996 
0.9763731 
0.9717499 
0.9731845 
0.9746595 
0.9755924 
0.9767797 
0.9791324 
0.9784276 
0.9790231 
0.9763004 
0.9774649 
0.9782764 
0.9780249 
0.9774890 
0.9798660 
0.9831487 
0.9817913 
0.9831152 
0.9819659 
0.9796823 
0.9821780 
0.9785926 
0.9788833 
0.9798355 
0.9793525 
0.9794928 
0.9808100 
0.9793922 
0.9761450 
0.9797134 
0.9739024 
0.9733792 
0.9702947 
0.9681270 
0.9667053 
0.9636298 
0.9616534 
0.9646423 
0.9684316 
0.9684670 
0.9762081 
0.9738616 
0.9740272 
0.9732530 
0.9733042 
0.9722507 
0.9779386 
0.9768828 
0.9758560 
0.9762129 
0.9782291 
0.9781787 
0.9737117 
0.9716454 
0.9710592 
0.9710062 
0.9774101 
0.9742905 
0.9738412 
0.9699975 
0.9711954 
0.9690051 
0.9729775 
0.9760304 
0.9716885 
0.9748755 
0.9694883 
0.9681430 
0.9704979 
0.9715863 
0.9705580 
0.9738771 
0.9764495 
0.9705893 
0.9726996 
0.9679578 
0.9681292 
0.9700570 
0.9734944 
0.9775884 
0.9771782 
0.9751006 
0.9759321 
0.9751436 
0.9712499 
0.9706842 
0.9767652 
0.9763395 
0.9737547 
0.9714556 
0.9719136 
0.9752322 
0.9681820 
0.9662508 
0.9623430 
0.9652909 
0.9669823 
0.9688631 
0.9677260 
0.9699642 
0.9685434 
0.9725353 
0.9756515 
0.9690919 
0.9731079 
0.9698048 
0.9701346 
0.9740524 
0.9735604 
0.9698445 
0.9681525 
0.9683999 
0.9716340 
0.9730017 
0.9717317 
0.9711547 
0.9734164 
0.9754628 
0.9776717 
0.9777397 
0.9768029 
0.9809494 
0.9794858 
0.9795414 
0.9759617 
0.9786981 
0.9747224 
0.9718075 
0.9729033 
0.9742026 
0.9723802 
0.9724629 
0.9743137 
0.9741237 
0.9750454 
0.9757251 
0.9763972 
0.9760050 
0.9781203 
0.9818375 
0.9825925 
0.9825214 
0.9799623 
0.9818675 
0.9817305 
0.9823878 
0.9853235 
0.9856280 
0.9849057 
0.9867075 
0.9895446 
0.9919748 
0.9920332 
0.9889053 
0.9885054 
0.9864544 
0.9856355 
0.9846606 
0.9861759 
0.9863973 
0.9830319 
0.9809721 
0.9810930 
0.9814275 
0.9779146 
0.9792261 
0.9816201 
0.9818879 
0.9819798 
0.9843749 
0.9781341 
0.9814616 
0.9832197 
0.9833588 
0.9795135 
0.9809823 
0.9818829 
0.9802826 
0.9818267 
0.9808245 
0.9814755 
0.9811203 
0.9821447 
0.9792607 
0.9782433 
0.9848183 
0.9782383 
0.9731540 
0.9719197 
0.9714532 
0.9749065 
0.9786499 
0.9826219 
0.9801422 
0.9786946 
0.9788264 
0.9780291 
0.9792933 
0.9782059 
0.9790685 
0.9781228 
0.9789851 
0.9773584 
0.9756211 
0.9767117 
0.9771260 
0.9729387 
0.9710629 
0.9698760 
0.9699302 
0.9710594 
0.9699743 
0.9731967 
0.9728319 
0.9719995 
0.9762759 
0.9698493 
0.9719125 
0.9701022 
0.9697675 
0.9730368 
0.9738540 
0.9712941 
0.9706142 
0.9696739 
0.9663016 
0.9656801 
0.9634184 
0.9671283 
0.9652024 
0.9608611 
0.9626327 
0.9661056 
0.9655384 
0.9621930 
0.9670032 
0.9660088 
0.9679608 
0.9707971 
0.9720543 
0.9710272 
0.9725767 
0.9739014 
0.9760401 
0.9744298 
0.9747332 
0.9765647 
0.9746163 
0.9749223 
0.9759426 
0.9752360 
0.9762966 
0.9767805 
0.9748726 
0.9761441 
0.9747904 
0.9748618 
0.9713291 
0.9733959 
0.9768837 
0.9785930 
0.9748444 
0.9765877 
0.9751076 
0.9743149 
0.9765892 
0.9774413 
0.9810535 
0.9723697 
0.9724581 
0.9712519 
0.9737615 
0.9737776 
0.9822065 
0.9774390 
0.9748354 
0.9764945 
0.9714470 
0.9739648 
0.9700430 
0.9722459 
0.9697072 
0.9704548 
0.9688569 
0.9715527 
0.9697619 
0.9724048 
0.9754804 
0.9676521 
0.9641653 
0.9673461 
0.9697705 
0.9648522 
0.9654957 
0.9677508 
0.9679309 
0.9679187 
0.9645853 
0.9649736 
0.9649192 
0.9609879 
0.9661327 
0.9685525 
0.9746293 
0.9739706 
0.9723410 
0.9756831 
0.9720629 
0.9713341 
0.9696852 
0.9726143 
0.9750432 
0.9744414 
0.9730281 
0.9741166 
0.9788160 
0.9784196 
0.9791791 
0.9824830 
0.9804810 
0.9794975 
0.9777307 
0.9761630 
0.9775200 
0.9784517 
0.9796047 
0.9716443 
0.9588429 
0.9646111 
0.9713771 
0.9684771 
0.9675871 
0.9635782 
0.9647039 
0.9674580 
0.9613178 
0.9541962 
0.9516708 
0.9504610 
0.9514516 
0.9486774 
0.9546606 
0.9603200 
0.9602480 
0.9575318 
0.9554615 
0.9547448 
0.9553562 
0.9522207 
0.9501141 
0.9506587 
0.9474152 
0.9471310 
0.9429732 
0.9401369 
0.9414757 
0.9407517 
0.9415812 
0.9435549 
0.9426082 
0.9429341 
0.9417391 
0.9393216 
0.9370908 
0.9328475 
0.9347073 
0.9346744 
0.9386837 
0.9334513 
0.9313924 
0.9312444 
0.9302129 
0.9308520 
0.9304897 
0.9344602 
0.9358555 
0.9342155 
0.9321425 
0.9326809 
0.9334216 
0.9343336 
0.9294477 
0.9280619 
0.9241968 
0.9226016 
0.9256382 
0.9234630 
0.9247313 
0.9243699 
0.9256723 
0.9227907 
0.9235184 
0.9241416 
0.9249628 
0.9199378 
0.9235718 
0.9261652 
0.9229451 
0.9270795 
0.9256196 
0.9227877 
0.9179809 
0.9169569 
0.9143665 
0.9187310 
0.9216342 
0.9216314 
0.9238343 
0.9265995 
0.9252613 
0.9285472 
0.9296413 
0.9262695 
0.9243024 
0.9261977 
0.9250626 
0.9229413 
0.9231022 
0.9248614 
0.9233016 
0.9289254 
0.9265899 
0.9280534 
0.9254442 
0.9235531 
0.9195741 
0.9187924 
0.9190160 
0.9173167 
0.9206888 
0.9233677 
0.9216100 
0.9190266 
0.9152372 
0.9152462 
0.9156884 
0.9139879 
0.9161612 
0.9181463 
0.9189488 
0.9259885 
0.9245677 
0.9232206 
0.9203269 
0.9207132 
0.9184760 
0.9126723 
0.9139577 
0.9146304 
0.9151230 
0.9135219 
0.9131989 
0.9191515 
0.9194298 
0.9116995 
0.9135973 
0.9155062 
0.9151797 
0.9126286 
0.9148634 
0.9158336 
0.9130660 
0.9136005 
0.9106938 
0.9144914 
0.9185400 
0.9208838 
0.9203723 
0.9194589 
0.9180839 
0.9198600 
0.9214148 
0.9155369 
0.9175457 
0.9185734 
0.9214296 
0.9165417 
0.9169542 
0.9147014 
0.9176864 
0.9225602 
0.9197372 
0.9197749 
0.9189195 
0.9163716 
0.9163355 
0.9201679 
0.9127224 
0.9135212 
0.9160200 
0.9171548 
0.9109480 
0.9136695 
0.9181882 
0.9175725 
0.9136304 
0.9154814 
0.9152972 
0.9123473 
0.9114141 
0.9108354 
0.9126954 
0.9130057 
0.9092906 
0.9048592 
0.9072385 
0.9067737 
0.9097263 
0.9132148 
0.9165828 
0.9173183 
0.9220835 
0.9201268 
0.9156855 
0.9136381 
0.9131909 
0.9108715 
0.9153877 
0.9146188 
0.9163199 
0.9238261 
0.9146559 
0.9127890 
0.9138312 
0.9193417 
0.9140231 
0.9166622 
0.9089357 
0.9075309 
0.9107589 
0.9084371 
0.9052383 
0.9065976 
0.9047835 
0.8993730 
0.8998310 
0.8954488 
0.8962128 
0.9055298 
0.9080453 
0.9104441 
0.9075024 
0.9072180 
0.9020381 
0.9010320 
0.8984617 
0.8961721 
0.9006391 
0.8985245 
0.8962152 
0.8942445 
0.8957489 
0.8958299 
0.8966789 
0.8944616 
0.8988993 
0.9004481 
0.8995403 
0.8974075 
0.8952859 
0.8920683 
0.8916767 
0.9007893 
0.8974556 
0.8984722 
0.8995485 
0.9006907 
0.9005725 
0.8965274 
0.8937240 
0.8906350 
0.8931261 
0.8919747 
0.8932099 
0.8944349 
0.8950177 
0.8945911 
0.8997560 
0.9003797 
0.8947393 
0.8930039 
0.8930184 
0.8947057 
0.8962468 
0.8974075 
0.8986460 
0.8969971 
0.8936283 
0.8880146 
0.8887498 
0.8909016 
0.8900235 
0.8938883 
0.8993699 
0.8972413 
0.8983342 
0.8966073 
0.8959842 
0.8947884 
0.8904642 
0.8894085 
0.8928206 
0.8977421 
0.8950453 
0.8915173 
0.8945311 
0.8948191 
0.8960797 
0.8964998 
0.8954803 
0.8962903 
0.8927589 
0.8923763 
0.8909014 
0.8946119 
0.8930636 
0.8910055 
0.8927046 
0.8950125 
0.8983663 
0.8941433 
0.8977551 
0.8990441 
0.8986973 
0.8942636 
0.8911043 
0.8904648 
0.8906649 
0.8925899 
0.8888771 
0.8884101 
0.8859484 
0.8874399 
0.8929550 
0.8899826 
0.8890274 
0.8889143 
0.8928956 
0.8920390 
0.8928895 
0.8907520 
0.8871601 
0.8884832 
0.8881012 
0.8841170 
0.8853343 
0.8848792 
0.8868343 
0.8825088 
0.8880986 
0.8869455 
0.8840665 
0.8788535 
0.8761041 
0.8733960 
0.8737684 
0.8771029 
0.8806544 
0.8826532 
0.8804107 
0.8746992 
0.8785417 
0.8767665 
0.8748653 
0.8759771 
0.8782824 
0.8741690 
0.8721673 
0.8782962 
0.8818203 
0.8841477 
0.8837974 
0.8814236 
0.8768316 
0.8841005 
0.8824766 
0.8757501 
0.8721559 
0.8746333 
0.8712255 
0.8752489 
0.8708959 
0.8689066 
0.8684024 
0.8672274 
0.8667145 
0.8659875 
0.8676947 
0.8660255 
0.8685130 
0.8674525 
0.8619212 
0.8618699 
0.8605726 
0.8643954 
0.8636351 
0.8644975 
0.8668677 
0.8654552 
0.8666462 
0.8655225 
0.8673989 
0.8647552 
0.8613274 
0.8610196 
0.8594987 
0.8578882 
0.8569093 
0.8614127 
0.8596598 
0.8579765 
0.8572451 
0.8594045 
0.8568535 
0.8591089 
0.8599241 
0.8665349 
0.8624737 
0.8646822 
0.8643140 
0.8620767 
0.8617959 
0.8661949 
0.8672283 
0.8705105 
0.8713861 
0.8696788 
0.8727484 
0.8707206 
0.8721580 
0.8659266 
0.8625742 
0.8590916 
0.8599148 
0.8557422 
0.8547522 
0.8530482 
0.8547351 
0.8571196 
0.8606809 
0.8646195 
0.8598806 
0.8603576 
0.8614060 
0.8632582 
0.8612098 
0.8600532 
0.8609650 
0.8595429 
0.8549701 
0.8559423 
0.8585376 
0.8552040 
0.8544023 
0.8571912 
0.8626313 
0.8642761 
0.8615775 
0.8567368 
0.8569164 
0.8575494 
0.8566610 
0.8548405 
0.8545868 
0.8553428 
0.8558403 
0.8544758 
0.8570383 
0.8562301 
0.8557971 
0.8600843 
0.8636147 
0.8600628 
0.8605004 
0.8590948 
0.8545241 
0.8547062 
0.8530498 
0.8516233 
0.8549409 
0.8560983 
0.8533355 
0.8575539 
0.8552238 
0.8551689 
0.8546058 
0.8519833 
0.8490077 
0.8522792 
0.8527338 
0.8556667 
0.8574874 
0.8575901 
0.8568868 
0.8567711 
0.8519100 
0.8540112 
0.8538001 
0.8491594 
0.8462724 
0.8453557 
0.8474502 
0.8469936 
0.8455038 
0.8441677 
0.8424081 
0.8427353 
0.8404295 
0.8372314 
0.8456915 
0.8464961 
0.8460393 
0.8480071 
0.8498898 
0.8506274 
0.8515466 
0.8531204 
0.8506432 
0.8495712 
0.8460098 
0.8499725 
0.8427873 
0.8427420 
0.8374866 
0.8394448 
0.8409708 
0.8428187 
0.8432723 
0.8419353 
0.8448661 
0.8516873 
0.8521686 
0.8480057 
0.8434284 
0.8431595 
0.8458788 
0.8434518 
0.8471324 
0.8434993 
0.8474885 
0.8437368 
0.8441271 
0.8438581 
0.8460654 
0.8458714 
0.8451461 
0.8464955 
0.8439859 
0.8459126 
0.8472252 
0.8468709 
0.8449767 
0.8489077 
0.8453474 
0.8458942 
0.8435231 
0.8433003 
0.8442466 
0.8433266 
0.8477093 
0.8461892 
0.8471561 
0.8480534 
0.8426440 
0.8376429 
0.8386179 
0.8358079 
0.8392186 
0.8385939 
0.8402326 
0.8402945 
0.8378755 
0.8361690 
0.8349639 
0.8342289 
0.8366007 
0.8386003 
0.8347436 
0.8338765 
0.8350006 
0.8326072 
0.8287429 
0.8239537 
0.8231371 
0.8238705 
0.8258053 
0.8224704 
0.8210660 
0.8220960 
0.8239352 
0.8253735 
0.8255000 
0.8324021 
0.8270510 
0.8226903 
0.8280905 
0.8318025 
0.8300252 
0.8326044 
0.8333134 
0.8342705 
0.8357171 
0.8335195 
0.8291372 
0.8280946 
0.8214987 
0.8194445 
0.8219769 
0.8226907 
0.8267399 
0.8219226 
0.8290434 
0.8320840 
0.8285872 
0.8274790 
0.8240515 
0.8273520 
0.8261089 
0.8255445 
0.8287623 
0.8260444 
0.8238436 
0.8260026 
0.8208160 
0.8242675 
0.8225326 
0.8206180 
0.8202365 
0.8217081 
0.8211772 
0.8200747 
0.8200641 
0.8222149 
0.8227272 
0.8231109 
0.8205136 
0.8215054 
0.8221083 
0.8248564 
0.8265762 
0.8229096 
0.8199376 
0.8176972 
0.8185548 
0.8089252 
0.8073795 
0.8064219 
0.8069311 
0.8117684 
0.8138187 
0.8115236 
0.8129010 
0.8103278 
0.8085025 
0.8079790 
0.8083021 
0.8042666 
0.8054331 
0.8064457 
0.8080342 
0.8095206 
0.8098201 
0.8099949 
0.8114711 
0.8101706 
0.8093879 
0.8124250 
0.8131341 
0.8133090 
0.8111952 
0.8110939 
0.8092783 
0.8114340 
0.8111584 
0.8121800 
0.8112514 
0.8072676 
0.8108275 
0.8107307 
0.8103184 
0.8078480 
0.8096262 
0.8090712 
0.8089818 
0.8084622 
0.8048263 
0.8034543 
0.8034535 
0.8013400 
0.8052362 
0.8027196 
0.8018978 
0.8011199 
0.8000334 
0.7977139 
0.7948518 
0.7974892 
0.8036189 
0.8065017 
0.8012395 
0.8011980 
0.7999061 
0.7992001 
0.8029724 
0.8009219 
0.7999627 
0.8005995 
0.7974914 
0.7988261 
0.8007458 
0.7999160 
0.7989893 
0.7979206 
0.7971170 
0.7961727 
0.7957508 
0.8006838 
0.7999341 
0.7986294 
0.7981617 
0.7982665 
0.8001559 
0.8016476 
0.8022974 
0.8031190 
0.8057313 
0.8074179 
0.8061844 
0.8081291 
0.8062857 
0.8070065 
0.8083755 
0.8099791 
0.8034179 
0.7965616 
0.7913917 
0.7882629 
0.7908499 
0.7949515 
0.7924349 
0.7945079 
0.7949624 
0.7936817 
0.7914250 
0.7923097 
0.7942016 
0.7959600 
0.7980864 
0.7915398 
0.7900195 
0.7906797 
0.7936464 
0.7896917 
0.7931976 
0.7910737 
0.7904278 
0.7906180 
0.7922886 
0.7915294 
0.7900377 
0.7906259 
0.7966043 
0.7932700 
0.7926347 
0.7923010 
0.7841786 
0.7823778 
0.7861576 
0.7882830 
0.7850187 
0.7822072 
0.7790082 
0.7808458 
0.7837566 
0.7903910 
0.7898795 
0.7932161 
0.7893510 
0.7888510 
0.7799684 
0.7830894 
0.7837224 
0.7848905 
0.7765013 
0.7799224 
0.7781042 
0.7831359 
0.7796277 
0.7792176 
0.7759144 
0.7812889 
0.7773842 
0.7783345 
0.7787766 
0.7788224 
0.7729666 
0.7714894 
0.7756300 
0.7790641 
0.7813179 
0.7826395 
0.7788685 
0.7808582 
0.7806755 
0.7794671 
0.7748739 
0.7737207 
0.7709792 
0.7770636 
0.7744070 
0.7770087 
0.7715902 
0.7700052 
0.7707203 
0.7728367 
0.7704159 
0.7672100 
0.7655150 
0.7677397 
0.7658074 
0.7651124 
0.7674520 
0.7680447 
0.7701095 
0.7654756 
0.7621576 
0.7621386 
0.7618473 
0.7580906 
0.7606738 
0.7594174 
0.7637979 
0.7637457 
0.7669221 
0.7623043 
0.7647381 
0.7626896 
0.7609262 
0.7611915 
0.7585837 
0.7565890 
0.7564490 
0.7567337 
0.7571762 
0.7581575 
0.7558903 
0.7572893 
0.7569228 
0.7555948 
0.7697128 
0.7760640 
0.7772107 
0.7778984 
0.7768297 
0.7697087 
0.7678220 
0.7655683 
0.7610386 
0.7600514 
0.7600008 
0.7609805 
0.7599211 
0.7586630 
0.7560087 
0.7514166 
0.7549186 
0.7555603 
0.7584280 
0.7555764 
0.7571239 
0.7535713 
0.7531623 
0.7566087 
0.7554017 
0.7586960 
0.7562802 
0.7568737 
0.7544118 
0.7543774 
0.7588969 
0.7564210 
0.7562775 
0.7578096 
0.7599381 
0.7603739 
0.7635234 
0.7582173 
0.7581281 
0.7583634 
0.7588536 
0.7568167 
0.7545456 
0.7559025 
0.7530691 
0.7539799 
0.7552929 
0.7559903 
0.7531763 
0.7583113 
0.7550229 
0.7495465 
0.7481472 
0.7497774 
0.7451692 
0.7413013 
0.7419921 
0.7439297 
0.7418639 
0.7458166 
0.7439695 
0.7439216 
0.7463075 
0.7465983 
0.7446157 
0.7441749 
0.7440585 
0.7370975 
0.7362153 
0.7390108 
0.7393656 
0.7450289 
0.7417580 
0.7460482 
0.7433630 
0.7418518 
0.7390144 
0.7389512 
0.7330216 
0.7339967 
0.7349292 
0.7370883 
0.7416469 
0.7401095 
0.7361712 
0.7326059 
0.7352220 
0.7318631 
0.7250523 
0.7246849 
0.7254982 
0.7247453 
0.7278929 
0.7298830 
0.7323470 
0.7396201 
0.7343536 
0.7330299 
0.7308636 
0.7275499 
0.7250187 
0.7206487 
0.7205252 
0.7256507 
0.7319231 
0.7323751 
0.7345148 
0.7314291 
0.7314133 
0.7284759 
0.7253563 
0.7242857 
0.7235699 
0.7286589 
0.7287251 
0.7267130 
0.7281322 
0.7238933 
0.7231111 
0.7198274 
0.7250454 
0.7235310 
0.7225594 
0.7180935 
0.7190420 
0.7193802 
0.7192525 
0.7124563 
0.7119311 
0.7130223 
0.7149372 
0.7153943 
0.7148326 
0.7165171 
0.7101493 
0.7091602 
0.7120784 
0.7099534 
0.7088812 
0.7120244 
0.7077568 
0.7108284 
0.7108149 
0.7151615 
0.7111019 
0.7100654 
0.7090111 
0.7092146 
0.7130878 
0.7173630 
0.7144272 
0.7107705 
0.7084870 
0.7064584 
0.7042633 
0.7084427 
0.7041029 
0.7036544 
0.7010367 
0.6982891 
0.7035820 
0.7001100 
0.7018514 
0.7001177 
0.6996202 
0.6941877 
0.6982093 
0.6981838 
0.6948774 
0.6959041 
0.6951072 
0.6928649 
0.6918453 
0.6946902 
0.6930727 
0.6954428 
0.6912769 
0.6919491 
0.6920950 
0.6896498 
0.6964573 
0.6928351 
0.6999015 
0.7011621 
0.7012902 
0.7032671 
0.7020689 
0.7000301 
0.6919737 
0.6941025 
0.6978011 
0.6926811 
0.6932514 
0.6916634 
0.6912498 
0.6891370 
0.6906424 
0.6926346 
0.6940482 
0.6921253 
0.6918317 
0.6968948 
0.6948224 
0.7015529 
0.6972741 
0.7071046 
0.7086917 
0.7129742 
0.7159314 
0.7158711 
0.7104044 
0.7053469 
0.6981369 
0.6971955 
0.7001172 
0.6938278 
0.6912824 
0.6918070 
0.6991227 
0.6935747 
0.6877836 
0.6872190 
0.6906589 
0.6990036 
0.7000010 
0.6972614 
0.6925711 
0.6904017 
0.6927148 
0.6869643 
0.6894065 
0.6858429 
0.6876836 
0.6833605 
0.6855906 
0.6824813 
0.6799444 
0.6870180 
0.6877512 
0.6802501 
0.6824107 
0.6747111 
0.6787873 
0.6765847 
0.6760006 
0.6847875 
0.6813183 
0.6762731 
0.6862725 
0.6828771 
0.6857441 
0.6843415 
0.6754461 
0.6688771 
0.6710523 
0.6768170 
0.6787122 
0.6800194 
0.6755781 
0.6715643 
0.6795108 
0.6797116 
0.6774610 
0.6748667 
0.6747980 
0.6715721 
0.6745021 
0.6743450 
0.6720757 
0.6727164 
0.6648176 
0.6677935 
0.6669289 
0.6634252 
0.6631275 
0.6623448 
0.6653660 
0.6580962 
0.6540460 
0.6529491 
0.6530278 
0.6513257 
0.6595509 
0.6566985 
0.6495558 
0.6483972 
0.6507333 
0.6497587 
0.6520688 
0.6506752 
0.6525733 
0.6525991 
0.6508718 
0.6548644 
0.6518634 
0.6487153 
0.6497793 
0.6500424 
0.6502986 
0.6491580 
0.6491030 
0.6500735 
0.6489718 
0.6459649 
0.6472637 
0.6422798 
0.6458873 
0.6452943 
0.6431090 
0.6430682 
0.6390035 
0.6377932 
0.6442134 
0.6513907 
0.6414408 
0.6407152 
0.6322551 
0.6402595 
0.6381029 
0.6373226 
0.6338151 
0.6324844 
0.6319234 
0.6329240 
0.6288442 
0.6273905 
0.6355810 
0.6306858 
0.6304814 
0.6350016 
0.6315861 
0.6269781 
0.6274926 
0.6345622 
0.6297090 
0.6305618 
0.6234532 
0.6240546 
0.6229939 
0.6248751 
0.6257661 
0.6231275 
0.6166531 
0.6223799 
0.6178354 
0.6214813 
0.6193429 
0.6195167 
0.6218769 
0.6245055 
0.6266049 
0.6249385 
0.6197017 
0.6132204 
0.6013792 
0.6147321 
0.6039161 
0.6116385 
0.6068864 
0.6091982 
0.6099547 
0.6179606 
0.6181600 
0.6163095 
0.6210456 
0.6150655 
0.6182348 
0.6109818 
0.6123692 
0.6087311 
0.6015052 
0.5996965 
0.6094737 
0.6076331 
0.6080027 
0.6081323 
0.6075069 
0.6017449 
0.6103183 
0.6018716 
0.5964417 
0.5998118 
0.5946146 
0.5993688 
0.5970950 
0.5869918 
0.5931198 
0.5941510 
0.5868972 
0.5885104 
0.5846586 
0.5892470 
0.5814149 
0.5832570 
0.5848298 
0.5832397 
0.5845004 
0.5845755 
0.5856057 
0.5827934 
0.5824520 
0.5878104 
0.5845120 
0.5858335 
0.5922390 
0.5913661 
0.5954143 
0.5792866 
0.5738269 
0.5758494 
0.5740355 
0.5860942 
0.5775544 
0.5815471 
0.5883793 
0.5872246 
0.5793287 
0.5781402 
0.5859829 
0.5809337 
0.5743465 
0.5770723 
0.5808154 
0.5777787 
0.5779030 
0.5812285 
0.5801783 
0.5787351 
0.5741896 
0.5749107 
0.5771879 
0.5737088 
0.5744747 
0.5736441 
0.5747635 
0.5768348 
0.5726282 
0.5677058 
0.5633541 
0.5625377 
0.5645201 
0.5676391 
0.5638034 
0.5610766 
0.5633661 
0.5692245 
0.5632347 
0.5639951 
0.5591953 
0.5530243 
0.5526797 
0.5536887 
0.5551385 
0.5537893 
0.5539308 
0.5523571 
0.5486977 
0.5434285 
0.5444599 
0.5526742 
0.5510777 
0.5528558 
0.5454375 
0.5471799 
0.5414813 
0.5409180 
0.5433655 
0.5469657 
0.5463016 
0.5423477 
0.5360359 
0.5445461 
0.5459999 
0.5443494 
0.5421277 
0.5365891 
0.5436273 
0.5330904 
0.5369857 
0.5443167 
0.5369675 
0.5475812 
0.5356980 
0.5311385 
0.5372704 
0.5400158 
0.5395767 
0.5396483 
0.5302123 
0.5371017 
0.5381448 
0.5353716 
0.5310122 
0.5346493 
0.5361517 
0.5346777 
0.5387988 
0.5320168 
0.5423046 
0.5416355 
0.5310896 
0.5240160 
0.5303129 
0.5256334 
0.5302971 
0.5307121 
0.5384774 
0.5328625 
0.5286783 
0.5382699 
0.5403467 
0.5363281 
0.5302390 
0.5304451 
0.5296622 
0.5331325 
0.5209056 
0.5244819 
0.5198700 
0.5245752 
0.5241686 
0.5250621 
0.5185176 
0.5190786 
0.5151700 
0.5234943 
0.5233957 
0.5201894 
0.5219887 
0.5233349 
0.5241850 
0.5236695 
0.5290977 
0.5331544 
0.5309904 
0.5386099 
0.5325817 
0.5268528 
0.5181162 
0.5116957 
0.5009527 
0.5031678 
0.5133819 
0.5093633 
0.5121001 
0.5026703 
0.5059703 
0.5073684 
0.5001282 
0.5088734 
0.5201832 
0.5005698 
0.4957547 
0.5033849 
0.5091776 
0.5065034 
0.5137962 
0.5078950 
0.5123688 
0.5072869 
0.5034576 
0.5113714 
0.5117417 
0.5071421 
0.5113321 
0.5101116 
0.5129087 
0.5113635 
0.5084378 
0.5086953 
0.5125664 
0.5045113 
0.4985000 
0.5048883 
0.4990141 
0.4917518 
0.5013090 
0.4998955 
0.5004663 
0.4931417 
0.5017919 
0.4921094 
0.4858136 
0.4928954 
0.4924871 
0.4873728 
0.4834006 
0.4807093 
0.4862644 
0.4864124 
0.4878977 
0.4832549 
0.4834978 
0.4828610 
0.4846483 
0.4859864 
0.4767661 
0.4833281 
0.4808565 
0.4743682 
0.4752286 
0.4853064 
0.4744974 
0.4740705 
0.4642562 
0.4769958 
0.4740344 
0.4734767 
0.4790767 
0.4785962 
0.4694856 
0.4644877 
0.4798735 
0.4774734 
0.4709820 
0.4624645 
0.4645775 
0.4647395 
0.4734861 
0.4752495 
0.4687946 
0.4675896 
0.4590662 
0.4631474 
0.4700188 
0.4678964 
0.4691741 
0.4727203 
0.4685361 
0.4585287 
0.4611051 
0.4606614 
0.4641988 
0.4651155 
0.4623784 
0.4683784 
0.4635452 
0.4631526 
0.4651335 
0.4629550 
0.4664767 
0.4616919 
0.4676899 
0.4630899 
0.4607190 
0.4631710 
0.4623409 
0.4614237 
0.4631578 
0.4623262 
0.4628192 
0.4589047 
0.4541175 
0.4466691 
0.4405468 
0.4514596 
0.4455073 
0.4450836 
0.4521000 
0.4576252 
0.4528394 
0.4563242 
0.4468918 
0.4525086 
0.4436110 
0.4512522 
0.4448061 
0.4499676 
0.4446154 
0.4489090 
0.4471696 
0.4501007 
0.4416555 
0.4481814 
0.4475579 
0.4506114 
0.4466090 
0.4501561 
0.4457819 
0.4484875 
0.4439300 
0.4474744 
0.4511350 
0.4355862 
0.4411881 
0.4452581 
0.4362123 
0.4489509 
0.4323913 
0.4347385 
0.4453080 
0.4306205 
0.4467397 
0.4292757 
0.4312116 
0.4289524 
0.4322294 
0.4385278 
0.4342330 
0.4291242 
0.4337855 
0.4322913 
0.4267844 
0.4271726 
0.4269301 
0.4279640 
0.4292197 
0.4234846 
0.4212451 
0.4177659 
0.4196785 
0.4210935 
0.4296336 
0.4263249 
0.4175073 
0.4268464 
0.4308522 
0.4175421 
0.4215611 
0.4237861 
0.4278397 
0.4176058 
0.4229413 
0.4260975 
0.4147827 
0.4166383 
0.4110379 
0.4138751 
0.4028860 
0.4014294 
0.4101621 
0.4115372 
0.4085229 
0.4157394 
0.4140129 
0.4179435 
0.4152078 
0.4151317 
0.4138271 
0.4107535 
0.4166107 
0.4137582 
0.4097332 
0.4156678 
0.4203651 
0.4124298 
0.4135035 
0.4094680 
0.4139539 
0.4050895 
0.4059416 
0.4024271 
0.3941965 
0.4000788 
0.3993529 
0.4093562 
0.4038251 
0.4058616 
0.4070740 
0.4126645 
0.4056342 
0.4077216 
0.4172549 
0.4036951 
0.4040392 
0.4015995 
0.4088403 
0.4121047 
0.4009670 
0.3963374 
0.3926997 
0.3916292 
0.4008268 
0.3972087 
0.3986263 
0.3839229 
0.3944368 
0.3958102 
0.3936193 
0.3908842 
0.4093484 
0.3888658 
0.3954927 
0.3888827 
0.3882633 
0.3792140 
0.3854471 
0.3873541 
0.3945459 
0.3844714 
0.3854456 
0.3838600 
0.3776474 
0.3755640 
0.3714911 
0.3789573 
0.3903569 
0.3756938 
0.3699351 
0.3683413 
0.3600818 
0.3693677 
0.3681304 
0.3729332 
0.3685753 
0.3694631 
0.3736378 
0.3663928 
0.3741701 
0.3690521 
0.3648453 
0.3649395 
0.3746156 
0.3604965 
0.3635971 
0.3650639 
0.3724240 
0.3568882 
0.3636820 
0.3573620 
0.3616821 
0.3627700 
0.3743137 
0.3655459 
0.3662960 
0.3689018 
0.3712241 
0.3706295 
0.3580202 
0.3554752 
0.3804218 
0.3623613 
0.3637530 
0.3650708 
0.3715344 
0.3591434 
0.3661027 
0.3745734 
0.3536171 
0.3573740 
0.3650696 
0.3586267 
0.3722947 
0.3614849 
0.3629196 
0.3575709 
0.3574761 
0.3570377 
0.3526122 
0.3493500 
0.3586685 
0.3516318 
0.3545961 
0.3400578 
0.3500705 
0.3450494 
0.3479742 
0.3472305 
0.3412575 
0.3471629 
0.3432461 
0.3485695 
0.3425638 
0.3483548 
0.3421657 
0.3418355 
0.3465278 
0.3471030 
0.3478969 
0.3484334 
0.3478751 
0.3434420 
0.3415666 
0.3427080 
0.3361932 
0.3316172 
0.3389538 
0.3341254 
0.3347431 
0.3331814 
0.3329349 
0.3304013 
0.3313191 
0.3350949 
0.3320739 
0.3361011 
0.3415885 
0.3323555 
0.3292933 
0.3337844 
0.3366731 
0.3288587 
0.3304253 
0.3227297 
0.3305778 
0.3299557 
0.3312951 
0.3241447 
0.3286099 
0.3258745 
0.3285010 
0.3295400 
0.3230902 
0.3176723 
0.3220434 
0.3173836 
0.3198636 
0.3288828 
0.3196194 
0.3269101 
0.3216741 
0.3296237 
0.3302454 
0.3299436 
0.3285551 
0.3159014 
0.3245261 
0.3246305 
0.3169446 
0.3307857 
0.3180526 
0.3246187 
0.3264956 
0.3243503 
0.3281617 
0.3225800 
0.3167117 
0.3161330 
0.3238505 
0.3199217 
0.3219163 
0.3275753 
0.3152584 
0.3176122 
0.3135664 
0.3254165 
0.3144430 
0.3181461 
0.3103184 
0.3184997 
0.3245513 
0.3123161 
0.3247800 
0.3111436 
0.3100459 
0.3192957 
0.3031418 
0.3200242 
0.3132509 
0.3126733 
0.3153641 
0.3157676 
0.3114131 
0.3185766 
0.3159286 
0.3153428 
0.3109912 
0.3146224 
0.3177709 
0.3033478 
0.3177417 
0.3174692 
0.3079315 
0.3074300 
0.3063485 
0.2967332 
0.3023846 
0.2984169 
0.2996197 
0.3097315 
0.3033787 
0.3007665 
0.3059882 
0.3003006 
0.2962103 
0.3008089 
0.2977257 
0.2961601 
0.2900521 
0.2990769 
0.2905296 
0.2960390 
0.2915706 
0.2887175 
0.2886464 
0.2940512 
0.2850989 
0.2883820 
0.2863511 
0.2942808 
0.2882343 
0.2930786 
0.2998070 
0.3007069 
0.2931828 
0.2943063 
0.2943624 
0.3013116 
0.2988038 
0.2944175 
0.2954102 
0.2920695 
0.2991911 
0.2929336 
0.2910715 
0.3003692 
0.2980343 
0.2988682 
0.3016793 
0.2964915 
0.2937471 
0.2864941 
0.2847118 
0.2850630 
0.2837013 
0.2824125 
0.2824704 
0.2857769 
0.2841929 
0.2773119 
0.2832085 
0.2878425 
0.2775219 
0.2805214 
0.2832180 
0.2786636 
0.2804919 
0.2848655 
0.2834923 
0.2772881 
0.2810240 
0.2723571 
0.2764457 
0.2817965 
0.2783836 
0.2729239 
0.2651376 
0.2641253 
0.2624202 
0.2715727 
0.2781746 
0.2733085 
0.2752900 
0.2744813 
0.2772058 
0.2788561 
0.2659212 
0.2703493 
0.2721053 
0.2768484 
0.2760511 
0.2764586 
0.2792094 
0.2741698 
0.2699314 
0.2735853 
0.2635908 
0.2628757 
0.2668951 
0.2727804 
0.2732110 
0.2760074 
0.2701464 
0.2734131 
0.2734835 
0.2723442 
0.2729236 
0.2672558 
0.2682571 
0.2679738 
0.2689071 
0.2691153 
0.2764181 
0.2731124 
0.2676914 
0.2708834 
0.2710279 
0.2698078 
0.2692157 
0.2634474 
0.2593310 
0.2641862 
0.2586586 
0.2602154 
0.2618493 
0.2569754 
0.2556208 
0.2606340 
0.2544266 
0.2555392 
0.2572337 
0.2680623 
0.2551264 
0.2541368 
0.2575424 
0.2431507 
0.2482123 
0.2505912 
0.2469701 
0.2518200 
0.2526948 
0.2477591 
0.2459586 
0.2446785 
0.2519897 
0.2569076 
0.2518943 
0.2498582 
0.2509938 
0.2499526 
0.2475281 
0.2468733 
0.2407123 
0.2404787 
0.2360478 
0.2343144 
0.2420682 
0.2453640 
0.2429541 
0.2417404 
0.2474793 
0.2445963 
0.2440799 
0.2467150 
0.2492886 
0.2434174 
0.2364063 
0.2311349 
0.2370678 
0.2272882 
0.2281965 
0.2275864 
0.2226912 
0.2304976 
0.2267511 
0.2250382 
0.2285102 
0.2275518 
0.2227956 
0.2261414 
0.2298296 
0.2287104 
0.2206922 
0.2226761 
0.2247055 
0.2312724 
0.2239354 
0.2294181 
0.2386014 
0.2413224 
0.2352850 
0.2261661 
0.2304827 
0.2235302 
0.2163956 
0.2153355 
0.2141123 
0.2152079 
0.2230743 
0.2243925 
0.2296193 
0.2255878 
0.2208956 
0.2254695 
0.2177531 
0.2141352 
0.2092456 
0.2202828 
0.2258965 
0.2127099 
0.2086302 
0.2077703 
0.2254499 
0.2208348 
0.2097275 
0.2171586 
0.2147810 
0.2075433 
0.2074261 
0.2301313 
0.2386927 
0.2296391 
0.2144947 
0.2076641 
0.1970420 
0.1855730 
0.2075913 
0.2084952 
0.1985641 
0.1952621 
0.1973885 
0.2023084 
0.1983333 
0.2042377 
0.2032066 
0.2087036 
0.1984329 
0.2013943 
0.2266388 
0.2035604 
0.1936531 
0.2056666 
0.2253471 
0.2086417 
0.1980188 
0.1929716 
0.1988410 
0.1859316 
0.1938199 
0.1890657 
0.1901787 
0.2020722 
0.2102811 
0.1886887 
0.1810229 
0.1671944 
0.1808590 
0.1983455 
0.1862571 
0.1829116 
0.1769305 
0.2039967 
0.1933368 
0.1851623 
0.1890613 
0.1999235 
0.2063487 
0.1778766 
0.1718614 
0.1733795 
0.1969115 
0.1982531 
0.1888234 
0.1789487 
0.1846138 
0.1953926 
0.1856424 
0.1826098 
0.1736975 
0.1685217 
0.1721229 
0.1910011 
0.1969259 
0.1956947 
0.1688438 
0.1740841 
0.1731147 
0.1712821 
0.1992419 
0.1588503 
0.1585975 
0.1638526 
0.1595318 
0.1699309 
0.1981995 
0.1818744 
0.1710930 
0.1698966 
0.1682624 
0.1760873 
0.2015313 
0.1930639 
0.1736463 
0.1689661 
0.1739606 
0.1811243 
0.1899083 
0.1734578 
0.1851624 
0.1917833 
0.1698731 
0.1690172 
0.1756390 
0.1747981 
0.1746568 
0.1843075 
0.1893474 
0.1810130 
0.1733212 
0.1715717 
0.1689637 
0.1687511 
0.1715485 
0.1755034 
0.1822744 
0.1879614 
0.1935806 
0.1865736 
0.1656467 
0.1622560 
0.1634131 
0.1704746 
0.1721708 
0.1679732 
0.1636474 
0.1624468 
0.1767577 
0.1926030 
0.1776161 
0.1588389 
0.1598357 
0.1602280 
0.1608094 
0.1613106 
0.1542119 
0.1514198 
0.1596937 
0.1673554 
0.1692269 
0.1746887 
0.1712857 
0.1668699 
0.1595337 
0.1500600 
0.1545059 
0.1585956 
0.1599457 
0.1593656 
0.1693438 
0.1616615 
0.1626821 
0.1605106 
0.1582109 
0.1528306 
0.1538648 
0.1524183 
0.1451949 
0.1477881 
0.1488401 
0.1515625 
0.1526948 
0.1460402 
0.1507849 
0.1490035 
0.1397330 
0.1353322 
0.1394952 
0.1439963 
0.1475581 
0.1461465 
0.1487804 
0.1553863 
0.1491707 
0.1477327 
0.1505012 
0.1485990 
0.1460079 
0.1486427 
0.1433263 
0.1474835 
0.1485345 
0.1423596 
0.1425271 
0.1451610 
0.1403905 
0.1407770 
0.1438726 
0.1412529 
0.1389038 
0.1374608 
0.1430483 
0.1423354 
0.1456269 
0.1394842 
0.1448999 
0.1411541 
0.1383828 
0.1408571 
0.1411284 
0.1375978 
0.1341923 
0.1384472 
0.1312963 
0.1272709 
0.1203282 
0.1288313 
0.1347241 
0.1333581 
0.1412911 
0.1376089 
0.1383856 
0.1328229 
0.1304626 
0.1348865 
0.1282527 
0.1304832 
0.1305962 
0.1318904 
0.1299973 
0.1264005 
0.1243767 
0.1227837 
0.1252258 
0.1265314 
0.1208155 
0.1217363 
0.1229951 
0.1300316 
0.1250416 
0.1256041 
0.1179386 
0.1208287 
0.1197856 
0.1171827 
0.1165009 
0.1167259 
0.1215945 
0.1096254 
0.1080778 
0.1075933 
0.1076650 
0.1128275 
0.1175915 
0.1146102 
0.1160370 
0.1201153 
0.1213569 
0.1213985 
0.1215701 
0.1188519 
0.1201708 
0.1200041 
0.1137877 
0.1154147 
0.1111021 
0.1094648 
0.1106826 
0.1166409 
0.1131380 
0.1122838 
0.1180708 
0.1175592 
0.1086446 
0.1062770 
0.1057309 
0.1082674 
0.1086247 
0.1026084 
0.0986001 
0.1001243 
0.1012219 
0.1029088 
0.1065137 
0.1042602 
0.1081741 
0.1006559 
0.1155451 
0.1137538 
0.1078057 
0.1014714 
0.0972513 
0.0979227 
0.0932913 
0.0989741 
0.1027779 
0.0991565 
0.0951707 
0.0989984 
0.1068212 
0.0988410 
0.1057222 
0.0941931 
0.1014354 
0.0984952 
0.0952338 
0.0952722 
0.0986738 
0.0954712 
0.0940628 
0.0928303 
0.0965686 
0.1013445 
0.0958021 
0.0919444 
0.0953002 
0.0991507 
0.1017561 
0.0973020 
0.0923608 
0.1011781 
0.0940623 
0.0930700 
0.0829035 
0.0838162 
0.0869901 
0.0888412 
0.0875792 
0.0859138 
0.0891711 
0.0884571 
0.0828437 
0.0848523 
0.0852838 
0.0871193 
0.0894672 
0.0869950 
0.0829264 
0.0810878 
0.0799337 
0.0839891 
0.0869010 
0.0817485 
0.0836234 
0.0812923 
0.0790742 
0.0850393 
0.0727224 
0.0782980 
0.0747745 
0.0789356 
0.0730289 
0.0836063 
0.0848596 
0.0905908 
0.0821217 
0.0769235 
0.0838203 
0.0780455 
0.0812653 
0.0720492 
0.0797399 
0.0693889 
0.0710574 
0.0620205 
0.0709205 
0.0777018 
0.0756914 
0.0720970 
0.0777026 
0.0752880 
0.0715285 
0.0707941 
0.0828744 
0.0658446 
0.0641778 
0.0610518 
0.0576966 
0.0730196 
0.0700668 
0.0733433 
0.0697056 
0.0692817 
0.0652546 
0.0658079 
0.0626855 
0.0654527 
0.0665156 
0.0621450 
0.0551057 
0.0690872 
0.0699588 
0.0681980 
0.0688741 
0.0701692 
0.0737622 
0.0636499 
0.0607467 
0.0667009 
0.0627166 
0.0605874 
0.0661888 
0.0664769 
0.0682713 
0.0626894 
0.0693354 
0.0703790 
0.0627794 
0.0560990 
0.0493901 
0.0618856 
0.0554062 
0.0578180 
0.0598314 
0.0635407 
0.0594296 
0.0555016 
0.0482478 
0.0603661 
0.0570378 
0.0469835 
0.0470614 
0.0551171 
0.0460545 
0.0557944 
0.0517450 
0.0484720 
0.0536892 
0.0529701 
0.0512622 
0.0481066 
0.0382185 
0.0386767 
0.0469142 
0.0501139 
0.0446704 
0.0412420 
0.0490551 
0.0459387 
0.0502132 
0.0482396 
0.0393360 
0.0428465 
0.0381739 
0.0354488 
0.0400927 
0.0514034 
0.0553752 
0.0547126 
0.0630882 
0.0497425 
0.0567128 
0.0494888 
0.0468833 
0.0443562 
0.0419814 
0.0500846 
0.0336527 
0.0537212 
0.0360902 
0.0434970 
0.0563655 
0.0440596 
0.0465451 
0.0308001 
0.0430563 
0.0350956 
0.0359154 
0.0327617 
0.0328437 
0.0429036 
0.0452128 
0.0425049 
0.0356043 
0.0419500 
0.0351879 
0.0352386 
0.0338029 
0.0325549 
0.0308944 
0.0283517 
0.0302743 
0.0314826 
0.0340502 
0.0319428 
0.0342708 
0.0312052 
0.0257838 
0.0335234 
0.0367082 
0.0288110 
0.0316406 
0.0312889 
0.0246004 
0.0242817 
0.0290672 
0.0199818 
0.0237121 
0.0285422 
0.0227806 
0.0301327 
0.0343029 
0.0317426 
0.0320945 
0.0360287 
0.0274248 
0.0252447 
0.0254695 
0.0196829 
0.0214762 
0.0135936 
0.0184937 
0.0098994 
0.0159010 
0.0264907 
0.0124776 
0.0169610 
0.0215092 
0.0212740 
0.0144340 
0.0185382 
0.0138556 
0.0093147 
0.0133737 
0.0184040 
0.0034825 
0.0013148 
0.0197828 
0.0207383 
0.0024377 
0.0104898 
0.0144562 
0.0170440 
0.0108719 
0.0212247 
0.0205858 
0.0230043 
0.0204886 
0.0160457 
0.0171017 
0.0086101 
0.0026786 
0.0024532 
0.0003390 
0.0039519 
0.0130704 
0.0073615 
0.0035420 
0.0012532 
0.0029338 
0.0076789 
0.0088995 
0.0052593 
0.0000000 
0.0032899 
0.0108586 
0.0058093 
0.0024189 
0.0020109 
