0.0000972 
0.0000751 
-0.0001632 
0.0579933 
0.1008281 
-0.2374890 
0.9877982 
0.9955779 
1.0000000 
0.9835823 
0.9866739 
0.9836591 
0.9933798 
0.9801559 
0.9893867 
0.9665680 
0.9753359 
0.9801341 
0.9700359 
0.9657937 
0.9585824 
0.9679695 
0.9685964 
0.9579269 
0.9686068 
0.9656873 
0.9645394 
0.9777312 
0.9704986 
0.9569768 
0.9696538 
0.9637439 
0.9579281 
0.9771663 
0.9697083 
0.9708037 
0.9713626 
0.9644003 
0.9684940 
0.9670159 
0.9681530 
0.9545209 
0.9549327 
0.9478700 
0.9386628 
0.9447125 
0.9685839 
0.9688018 
0.9722744 
0.9597868 
0.9526394 
0.9386830 
0.9316706 
0.9379650 
0.9337925 
0.9387584 
0.9519812 
0.9364262 
0.9439357 
0.9596470 
0.9537235 
0.9479253 
0.9402713 
0.9423988 
0.9378188 
0.9313506 
0.9162747 
0.9254307 
0.9222265 
0.9285267 
0.9364829 
0.9470226 
0.9457928 
0.9441759 
0.9276974 
0.9340993 
0.9235730 
0.9217314 
0.9259335 
0.9207834 
0.9137325 
0.9216726 
0.9200256 
0.9294238 
0.9193141 
0.9088347 
0.9206312 
0.9240410 
0.9263309 
0.9168827 
0.9273971 
0.9187646 
0.9165141 
0.9083995 
0.9046927 
0.9059860 
0.9046024 
0.9108067 
0.9112959 
0.9149436 
0.9095160 
0.9095330 
0.9037142 
0.9116500 
0.9081826 
0.9003932 
0.8954315 
0.8995114 
0.8936524 
0.9018238 
0.8975788 
0.8871614 
0.8907689 
0.8983085 
0.8915731 
0.8875913 
0.8839094 
0.8886535 
0.8837681 
0.8783256 
0.8704627 
0.8870155 
0.8654168 
0.8684969 
0.8814757 
0.8841669 
0.8712946 
0.8826222 
0.8709559 
0.8763281 
0.8820616 
0.8845104 
0.8785588 
0.8772833 
0.8605105 
0.8654902 
0.8676648 
0.8670822 
0.8628048 
0.8749016 
0.8817205 
0.8686845 
0.8716749 
0.8795787 
0.8679026 
0.8797847 
0.8776896 
0.8713331 
0.8693053 
0.8644561 
0.8644121 
0.8666632 
0.8698427 
0.8688227 
0.8701246 
0.8639757 
0.8596340 
0.8673259 
0.8532335 
0.8567715 
0.8654668 
0.8639223 
0.8669753 
0.8582512 
0.8611183 
0.8789085 
0.8709603 
0.8662787 
0.8621984 
0.8605127 
0.8637476 
0.8651463 
0.8623999 
0.8694174 
0.8649825 
0.8562705 
0.8514931 
0.8541658 
0.8586169 
0.8648829 
0.8619041 
0.8692311 
0.8700080 
0.8657461 
0.8596764 
0.8577132 
0.8591000 
0.8589582 
0.8640831 
0.8650908 
0.8677353 
0.8588910 
0.8469823 
0.8600308 
0.8532104 
0.8487971 
0.8534560 
0.8649362 
0.8575672 
0.8560187 
0.8490480 
0.8464677 
0.8446179 
0.8570194 
0.8566925 
0.8431203 
0.8415794 
0.8402292 
0.8361581 
0.8492571 
0.8433463 
0.8435991 
0.8491518 
0.8494644 
0.8535477 
0.8504787 
0.8561693 
0.8397045 
0.8494508 
0.8372830 
0.8438587 
0.8490386 
0.8454569 
0.8461829 
0.8481782 
0.8384452 
0.8544156 
0.8366119 
0.8309636 
0.8448482 
0.8399788 
0.8497046 
0.8536790 
0.8567324 
0.8532526 
0.8453955 
0.8443055 
0.8441135 
0.8520553 
0.8407163 
0.8425046 
0.8385004 
0.8405878 
0.8331008 
0.8310197 
0.8240721 
0.8302416 
0.8327619 
0.8416955 
0.8511830 
0.8467001 
0.8272081 
0.8318597 
0.8302764 
0.8367733 
0.8341045 
0.8232470 
0.8258684 
0.8252094 
0.8349212 
0.8278170 
0.8241296 
0.8300607 
0.8079012 
0.8147584 
0.8160719 
0.8154110 
0.8031628 
0.8141434 
0.8075170 
0.8155459 
0.8201284 
0.8273935 
0.8276704 
0.8135540 
0.8288144 
0.8340741 
0.8295972 
0.8274269 
0.8206708 
0.8122015 
0.8198928 
0.8217240 
0.8128494 
0.8149612 
0.8126860 
0.8026014 
0.8102127 
0.8212628 
0.8340133 
0.8325863 
0.8319744 
0.8197750 
0.8237036 
0.8150886 
0.8152664 
0.8196094 
0.8018911 
0.8002344 
0.8049176 
0.8077392 
0.8002691 
0.8115171 
0.8104165 
0.8091555 
0.8149818 
0.8088073 
0.8189032 
0.8066586 
0.8101748 
0.8191426 
0.8050981 
0.8035232 
0.8051605 
0.8146114 
0.8086810 
0.8053749 
0.7987815 
0.7938582 
0.8053001 
0.8113234 
0.8030690 
0.8049090 
0.7929737 
0.7940651 
0.7990528 
0.7988611 
0.7916824 
0.8034530 
0.8030323 
0.8016877 
0.7974098 
0.7885132 
0.7981213 
0.7979218 
0.7862038 
0.7842950 
0.7800163 
0.7803239 
0.7792437 
0.7845230 
0.7797209 
0.7898630 
0.7882855 
0.7805414 
0.7830701 
0.7788947 
0.7732477 
0.7776505 
0.7850304 
0.7867388 
0.7920055 
0.7913184 
0.7891453 
0.7906330 
0.7859825 
0.7799119 
0.7804277 
0.7754779 
0.7759424 
0.7683329 
0.7819005 
0.7795653 
0.7857529 
0.7799425 
0.7755154 
0.7767941 
0.7841084 
0.7811837 
0.7860102 
0.7771130 
0.7665729 
0.7776891 
0.7743854 
0.7858446 
0.7672251 
0.7825564 
0.7690240 
0.7783608 
0.7772135 
0.7800583 
0.7657358 
0.7607004 
0.7619555 
0.7568832 
0.7683992 
0.7461210 
0.7713513 
0.7599034 
0.7619669 
0.7481303 
0.7598755 
0.7708702 
0.7524846 
0.7606714 
0.7431078 
0.7640216 
0.7576931 
0.7533133 
0.7660408 
0.7566948 
0.7586877 
0.7525960 
0.7561114 
0.7433929 
0.7535688 
0.7588221 
0.7325193 
0.7557171 
0.7549515 
0.7563640 
0.7395158 
0.7304821 
0.7499510 
0.7382081 
0.7373131 
0.7636344 
0.7358542 
0.7399111 
0.7330158 
0.7100255 
0.7326625 
0.7388490 
0.7419446 
0.7475081 
0.7351369 
0.7318615 
0.7381222 
0.7202678 
0.7562038 
0.7471615 
0.7202039 
0.7302588 
0.7272267 
0.7085038 
0.7253280 
0.7326310 
0.7296024 
0.7413514 
0.7169148 
0.7205957 
0.7339693 
0.7227814 
0.7328072 
0.7399581 
0.7172634 
0.7317214 
0.7393017 
0.7138399 
0.7215950 
0.7400247 
0.7283034 
0.7330908 
0.7259602 
0.7327821 
0.7477694 
0.7347537 
0.7103894 
0.7330104 
0.7388677 
0.7285338 
0.7318409 
0.7350106 
0.7153337 
0.7238664 
0.7277423 
0.7076230 
0.7157437 
0.7260402 
0.7166560 
0.7111191 
0.7221662 
0.7109210 
0.7070217 
0.7205418 
0.7100854 
0.7009833 
0.7097003 
0.7152049 
0.7139410 
0.7037320 
0.7056268 
0.7024614 
0.6996376 
0.6952285 
0.7132944 
0.7148372 
0.7120095 
0.6971429 
0.7189159 
0.7158783 
0.6948110 
0.7062659 
0.7112569 
0.7079220 
0.7092030 
0.7198804 
0.7166490 
0.7080016 
0.7259909 
0.7232553 
0.7052244 
0.7117613 
0.7240197 
0.7175831 
0.6861643 
0.6981551 
0.7065648 
0.7019981 
0.6861841 
0.6874679 
0.6992451 
0.6961287 
0.6910335 
0.6967141 
0.6917064 
0.6791730 
0.6885952 
0.6959326 
0.6859403 
0.6729494 
0.6742802 
0.6884968 
0.6883921 
0.6799164 
0.6730205 
0.6822473 
0.6832413 
0.6742252 
0.6721079 
0.6783407 
0.6770199 
0.6879780 
0.6755065 
0.6732867 
0.6797240 
0.6780805 
0.6724152 
0.6817192 
0.6901410 
0.6878510 
0.6905348 
0.6806794 
0.6896829 
0.6826408 
0.6770223 
0.6836632 
0.6897369 
0.6848915 
0.6745846 
0.6745964 
0.6826488 
0.6933867 
0.6843323 
0.6722558 
0.6685636 
0.6765867 
0.6859312 
0.6774730 
0.6740471 
0.6788471 
0.6742666 
0.6633173 
0.6576410 
0.6830457 
0.6793716 
0.6769452 
0.6751623 
0.6616738 
0.6665822 
0.6741929 
0.6737162 
0.6680647 
0.6793887 
0.6825304 
0.6714594 
0.6628862 
0.6565839 
0.6646045 
0.6606025 
0.6625839 
0.6534087 
0.6558806 
0.6561822 
0.6609936 
0.6553357 
0.6497296 
0.6504331 
0.6524326 
0.6490523 
0.6475614 
0.6357018 
0.6278711 
0.6287579 
0.6388591 
0.6395968 
0.6341361 
0.6324467 
0.6372804 
0.6443641 
0.6435127 
0.6393129 
0.6326258 
0.6354147 
0.6447987 
0.6459432 
0.6422580 
0.6380544 
0.6479500 
0.6406511 
0.6388927 
0.6418028 
0.6465340 
0.6465338 
0.6450579 
0.6419423 
0.6529602 
0.6595707 
0.6551050 
0.6477202 
0.6455153 
0.6476094 
0.6387692 
0.6393240 
0.6426625 
0.6457625 
0.6476156 
0.6414348 
0.6324307 
0.6361240 
0.6422706 
0.6415822 
0.6358491 
0.6282506 
0.6330347 
0.6354918 
0.6282947 
0.6287142 
0.6259919 
0.6270380 
0.6272218 
0.6390382 
0.6461593 
0.6438325 
0.6406825 
0.6353836 
0.6419648 
0.6316051 
0.6337253 
0.6372297 
0.6404972 
0.6383426 
0.6314673 
0.6281243 
0.6275985 
0.6353965 
0.6238940 
0.6252010 
0.6292495 
0.6220409 
0.6218203 
0.6235987 
0.6200868 
0.6222891 
0.6239138 
0.6140793 
0.6171433 
0.6231189 
0.6219799 
0.6110441 
0.6240603 
0.6270597 
0.6289498 
0.6204441 
0.6237113 
0.6182620 
0.6052771 
0.6057078 
0.6104129 
0.6105419 
0.6117094 
0.6106132 
0.6086145 
0.6033381 
0.6042999 
0.6189473 
0.6093139 
0.6031440 
0.6124920 
0.6184197 
0.6029598 
0.6001262 
0.6134559 
0.6091809 
0.5951982 
0.6017941 
0.6158875 
0.6004501 
0.5983592 
0.6077604 
0.6127075 
0.5969658 
0.6065362 
0.6092486 
0.6172059 
0.6086209 
0.6127612 
0.6098625 
0.6095623 
0.6037973 
0.5951864 
0.6009100 
0.6222409 
0.5886619 
0.5944320 
0.6090402 
0.5943882 
0.5894606 
0.5949384 
0.5999568 
0.5834409 
0.5907026 
0.5903485 
0.5841288 
0.5852999 
0.5842326 
0.5738185 
0.5646119 
0.5718121 
0.5781493 
0.5708473 
0.5794637 
0.5846419 
0.5798388 
0.5844335 
0.5787414 
0.5752362 
0.5849911 
0.5909439 
0.5810919 
0.5716281 
0.5800819 
0.5811920 
0.5746011 
0.5816803 
0.5861327 
0.5869361 
0.5774649 
0.5825128 
0.5799664 
0.5861518 
0.5873614 
0.5771276 
0.5821276 
0.5758405 
0.5629924 
0.5650968 
0.5743493 
0.5756529 
0.5641466 
0.5694219 
0.5656252 
0.5639652 
0.5780270 
0.5790389 
0.5691832 
0.5677954 
0.5791674 
0.5738124 
0.5780982 
0.5721733 
0.5759288 
0.5720596 
0.5711217 
0.5740888 
0.5705062 
0.5692897 
0.5616014 
0.5691042 
0.5692332 
0.5668402 
0.5626493 
0.5589357 
0.5541024 
0.5522311 
0.5573291 
0.5566115 
0.5518289 
0.5546595 
0.5666160 
0.5662340 
0.5666697 
0.5586254 
0.5695455 
0.5671847 
0.5655654 
0.5569857 
0.5638243 
0.5588501 
0.5584867 
0.5560816 
0.5608019 
0.5538421 
0.5488610 
0.5487227 
0.5481597 
0.5507750 
0.5529673 
0.5532029 
0.5504780 
0.5529841 
0.5555443 
0.5595650 
0.5526831 
0.5563052 
0.5669119 
0.5631742 
0.5665957 
0.5693604 
0.5596019 
0.5598393 
0.5639538 
0.5590567 
0.5611252 
0.5637819 
0.5512008 
0.5558325 
0.5548198 
0.5481956 
0.5483202 
0.5427175 
0.5518249 
0.5465047 
0.5506935 
0.5445914 
0.5450749 
0.5347241 
0.5352585 
0.5383699 
0.5509132 
0.5453000 
0.5530464 
0.5567182 
0.5518933 
0.5387169 
0.5408752 
0.5391292 
0.5521766 
0.5455600 
0.5410534 
0.5405635 
0.5312640 
0.5273674 
0.5208058 
0.5250151 
0.5306680 
0.5246432 
0.5150408 
0.5186090 
0.5198300 
0.5247353 
0.5184056 
0.5182748 
0.5147577 
0.5149421 
0.5173817 
0.5198921 
0.5148974 
0.5168795 
0.5180274 
0.5213292 
0.5334123 
0.5271885 
0.5287829 
0.5187146 
0.5220886 
0.5275098 
0.5258135 
0.5383828 
0.5383660 
0.5382762 
0.5283717 
0.5361797 
0.5278584 
0.5318614 
0.5285267 
0.5324752 
0.5311554 
0.5391676 
0.5426218 
0.5408541 
0.5420698 
0.5353645 
0.5349574 
0.5303099 
0.5263729 
0.5383821 
0.5436856 
0.5355266 
0.5368673 
0.5429988 
0.5464102 
0.5326499 
0.5274847 
0.5433945 
0.5504410 
0.5394818 
0.5391723 
0.5339830 
0.5234391 
0.5177122 
0.5332760 
0.5234608 
0.5092288 
0.5203434 
0.5242337 
0.5232264 
0.5301907 
0.5329138 
0.5325698 
0.5247202 
0.5390103 
0.5432025 
0.5354745 
0.5279976 
0.5207086 
0.5181937 
0.5148524 
0.5163731 
0.5079316 
0.4916023 
0.4841749 
0.4871032 
0.4926237 
0.4917016 
0.5003588 
0.4790812 
0.4680812 
0.4709494 
0.4883594 
0.4960098 
0.4999515 
0.4953904 
0.4838260 
0.4765539 
0.4834149 
0.4995975 
0.5001089 
0.4890107 
0.4826252 
0.4621193 
0.4788246 
0.4915276 
0.5042765 
0.5066603 
0.5098576 
0.5036554 
0.5013432 
0.5117928 
0.5250774 
0.5135778 
0.5073251 
0.5008214 
0.4934447 
0.4910117 
0.4957683 
0.4876667 
0.4943111 
0.4955464 
0.4831753 
0.4762728 
0.4939325 
0.4849042 
0.4894687 
0.4824306 
0.5000510 
0.4984563 
0.4989883 
0.4853910 
0.4871407 
0.4928784 
0.4993534 
0.4900140 
0.4951629 
0.5020540 
0.5013308 
0.4975598 
0.5039169 
0.5003467 
0.5025815 
0.4944579 
0.4872230 
0.4869557 
0.4780658 
0.4717496 
0.4665019 
0.4775338 
0.4748788 
0.4656341 
0.4664055 
0.4703613 
0.4760724 
0.4741367 
0.4813467 
0.4877480 
0.4822880 
0.4762403 
0.4759152 
0.4760298 
0.4758664 
0.4761374 
0.4784279 
0.4770263 
0.4738121 
0.4741551 
0.4698982 
0.4798614 
0.4766318 
0.4713933 
0.4692990 
0.4678377 
0.4643948 
0.4655351 
0.4596708 
0.4551396 
0.4554814 
0.4591151 
0.4567524 
0.4542675 
0.4649516 
0.4657102 
0.4736778 
0.4705200 
0.4739615 
0.4812069 
0.4765428 
0.4754579 
0.4709246 
0.4612896 
0.4649782 
0.4673039 
0.4613330 
0.4620707 
0.4625856 
0.4580527 
0.4566247 
0.4510966 
0.4514146 
0.4554812 
0.4608499 
0.4616004 
0.4483835 
0.4390072 
0.4328426 
0.4411056 
0.4563175 
0.4609941 
0.4574082 
0.4629975 
0.4531038 
0.4549493 
0.4532267 
0.4558821 
0.4578919 
0.4618601 
0.4561089 
0.4510659 
0.4513062 
0.4508921 
0.4512053 
0.4527368 
0.4622853 
0.4633428 
0.4692708 
0.4688587 
0.4723781 
0.4683039 
0.4599729 
0.4482467 
0.4333843 
0.4381342 
0.4355524 
0.4335902 
0.4357553 
0.4377132 
0.4353369 
0.4341006 
0.4408336 
0.4513355 
0.4529818 
0.4580014 
0.4557150 
0.4602153 
0.4661607 
0.4631242 
0.4548483 
0.4483965 
0.4520248 
0.4540587 
0.4412994 
0.4353023 
0.4403768 
0.4261678 
0.4125459 
0.4156760 
0.4307602 
0.4403629 
0.4474069 
0.4458893 
0.4540035 
0.4406493 
0.4309546 
0.4321244 
0.4250281 
0.4114856 
0.4129857 
0.4268796 
0.4372685 
0.4298545 
0.4227151 
0.4222041 
0.4358278 
0.4453374 
0.4319275 
0.4318532 
0.4347596 
0.4242076 
0.4021303 
0.4041611 
0.4134894 
0.4115754 
0.4074204 
0.4043092 
0.4089616 
0.4064459 
0.4138347 
0.4180043 
0.4286146 
0.4262042 
0.4346216 
0.4409447 
0.4433098 
0.4229404 
0.4285603 
0.4315524 
0.4354401 
0.4381558 
0.4362812 
0.4186519 
0.4029778 
0.4087704 
0.4173066 
0.4198395 
0.4155322 
0.3999846 
0.4109251 
0.4286526 
0.4186293 
0.4135447 
0.4133105 
0.4186355 
0.4339034 
0.4299322 
0.4217011 
0.4168667 
0.4150140 
0.4113258 
0.4030772 
0.3971401 
0.3947598 
0.3928959 
0.3887708 
0.3957159 
0.4013543 
0.4014513 
0.4015263 
0.3999326 
0.3980805 
0.4049962 
0.4158970 
0.4241729 
0.4183291 
0.4131213 
0.4110969 
0.4222616 
0.4123718 
0.4096385 
0.4097873 
0.4034647 
0.4038567 
0.4119945 
0.4153283 
0.4079957 
0.3958694 
0.3975582 
0.3961746 
0.4053721 
0.4083139 
0.4157968 
0.4089088 
0.4070314 
0.4097317 
0.4093149 
0.4115691 
0.4163183 
0.4090495 
0.4116038 
0.4092076 
0.4063676 
0.4037358 
0.4095014 
0.4118792 
0.4093263 
0.4026067 
0.3987121 
0.3974262 
0.3991021 
0.4041100 
0.4121133 
0.4063048 
0.4033776 
0.3934355 
0.3806551 
0.3767593 
0.3778675 
0.3885687 
0.3886806 
0.3867569 
0.3847277 
0.3853794 
0.3861946 
0.3901128 
0.3939042 
0.3930347 
0.3933877 
0.3898775 
0.3971459 
0.3967422 
0.4043575 
0.4012294 
0.3948094 
0.3898647 
0.3995535 
0.3998559 
0.3988704 
0.3947359 
0.3988592 
0.3917901 
0.3750600 
0.3646547 
0.3691447 
0.3780656 
0.3901856 
0.3904587 
0.3866018 
0.3872048 
0.3825416 
0.3828519 
0.3866594 
0.3940020 
0.3975488 
0.3982849 
0.3955394 
0.3875256 
0.3838994 
0.3794380 
0.3901788 
0.3950132 
0.3801996 
0.3669168 
0.3689235 
0.3566093 
0.3518637 
0.3556105 
0.3669044 
0.3753764 
0.3746484 
0.3713855 
0.3725797 
0.3627254 
0.3578754 
0.3589808 
0.3658735 
0.3718470 
0.3756753 
0.3683747 
0.3630878 
0.3568715 
0.3536342 
0.3623840 
0.3691732 
0.3799944 
0.3807467 
0.3845773 
0.3730079 
0.3638134 
0.3600379 
0.3596316 
0.3643847 
0.3638400 
0.3676104 
0.3712625 
0.3706409 
0.3757227 
0.3676397 
0.3646366 
0.3691154 
0.3744396 
0.3735836 
0.3680606 
0.3682956 
0.3722751 
0.3676193 
0.3599381 
0.3620838 
0.3589056 
0.3596203 
0.3610403 
0.3630920 
0.3678954 
0.3646119 
0.3567163 
0.3501005 
0.3424466 
0.3436339 
0.3463709 
0.3463720 
0.3597468 
0.3643871 
0.3570968 
0.3531920 
0.3536831 
0.3549178 
0.3526256 
0.3591603 
0.3621191 
0.3580341 
0.3586442 
0.3531767 
0.3517567 
0.3507166 
0.3590238 
0.3489278 
0.3520085 
0.3563712 
0.3571320 
0.3584945 
0.3547669 
0.3543565 
0.3493584 
0.3506897 
0.3491572 
0.3486554 
0.3475863 
0.3468069 
0.3524335 
0.3378940 
0.3413119 
0.3368848 
0.3329506 
0.3357795 
0.3368465 
0.3446526 
0.3442290 
0.3500139 
0.3425497 
0.3342873 
0.3357151 
0.3394507 
0.3455352 
0.3379903 
0.3403490 
0.3356529 
0.3335544 
0.3366780 
0.3300353 
0.3302880 
0.3279587 
0.3263038 
0.3174947 
0.3190905 
0.3204193 
0.3180048 
0.3167676 
0.3165573 
0.3355517 
0.3345840 
0.3359542 
0.3325691 
0.3331468 
0.3349309 
0.3342443 
0.3274746 
0.3249126 
0.3213846 
0.3109714 
0.3076372 
0.3119691 
0.3181534 
0.3170129 
0.3179706 
0.3314136 
0.3352222 
0.3369714 
0.3400060 
0.3452941 
0.3455027 
0.3432638 
0.3388352 
0.3317720 
0.3297129 
0.3265919 
0.3184341 
0.3186517 
0.3293583 
0.3285190 
0.3197962 
0.3201254 
0.3291968 
0.3220984 
0.3198607 
0.3222391 
0.3336671 
0.3327466 
0.3268451 
0.3203091 
0.3140842 
0.3250434 
0.3285633 
0.3225710 
0.3041945 
0.3014676 
0.3143640 
0.3145300 
0.3198274 
0.3124988 
0.3121207 
0.3120820 
0.3016679 
0.3101843 
0.3141834 
0.3097862 
0.3047657 
0.3027708 
0.3071093 
0.3017267 
0.2989836 
0.2993020 
0.2994791 
0.2945695 
0.2895221 
0.3004564 
0.3100994 
0.3117470 
0.3044691 
0.3055791 
0.3086662 
0.3096572 
0.3048199 
0.3098086 
0.3025716 
0.2994618 
0.2971702 
0.3030540 
0.3095900 
0.3003487 
0.3004317 
0.3053689 
0.3067276 
0.2970221 
0.3026370 
0.3024181 
0.3039758 
0.2978128 
0.2937819 
0.2946173 
0.2984150 
0.2960191 
0.2925680 
0.2898679 
0.2867985 
0.2859919 
0.2930720 
0.2951141 
0.2902469 
0.2899708 
0.2933209 
0.2986854 
0.3025710 
0.3035435 
0.2967291 
0.2935915 
0.2964957 
0.2936338 
0.2924793 
0.3067894 
0.3057177 
0.3013814 
0.2952806 
0.2952225 
0.2898287 
0.2860138 
0.2885380 
0.2888448 
0.2891294 
0.2881057 
0.2870824 
0.2806390 
0.2805041 
0.2864713 
0.2884746 
0.2900790 
0.2810232 
0.2777554 
0.2787597 
0.2823219 
0.2798413 
0.2784496 
0.2785859 
0.2781828 
0.2803324 
0.2886011 
0.2861115 
0.2816673 
0.2827195 
0.2776302 
0.2757767 
0.2724962 
0.2717214 
0.2705460 
0.2690244 
0.2649686 
0.2704514 
0.2669593 
0.2673349 
0.2631091 
0.2664449 
0.2667228 
0.2686941 
0.2659757 
0.2605406 
0.2542153 
0.2603130 
0.2626375 
0.2653432 
0.2753222 
0.2735158 
0.2759205 
0.2764408 
0.2800296 
0.2763130 
0.2689202 
0.2759238 
0.2718558 
0.2712894 
0.2672106 
0.2554864 
0.2583475 
0.2566414 
0.2584365 
0.2578747 
0.2610345 
0.2627189 
0.2629459 
0.2675889 
0.2618160 
0.2642517 
0.2685785 
0.2714083 
0.2666544 
0.2531856 
0.2540675 
0.2554262 
0.2600983 
0.2620433 
0.2683938 
0.2640982 
0.2543926 
0.2631142 
0.2655116 
0.2700735 
0.2702426 
0.2706653 
0.2708331 
0.2612682 
0.2626538 
0.2570939 
0.2545872 
0.2537183 
0.2585191 
0.2580831 
0.2664833 
0.2678853 
0.2618171 
0.2588733 
0.2582936 
0.2654130 
0.2747083 
0.2659598 
0.2592572 
0.2545637 
0.2614984 
0.2622861 
0.2630729 
0.2667789 
0.2598210 
0.2515250 
0.2442375 
0.2458614 
0.2522182 
0.2484453 
0.2513410 
0.2590172 
0.2579032 
0.2538277 
0.2567657 
0.2644200 
0.2549197 
0.2425796 
0.2481528 
0.2613487 
0.2576810 
0.2436485 
0.2513340 
0.2596425 
0.2483160 
0.2334878 
0.2410828 
0.2553223 
0.2456253 
0.2428887 
0.2512149 
0.2598421 
0.2540550 
0.2443799 
0.2568253 
0.2533900 
0.2386029 
0.2399179 
0.2564851 
0.2678120 
0.2586066 
0.2464783 
0.2529466 
0.2511322 
0.2422455 
0.2345768 
0.2400963 
0.2449582 
0.2459784 
0.2355244 
0.2393237 
0.2360467 
0.2302344 
0.2260521 
0.2272687 
0.2436879 
0.2519120 
0.2465483 
0.2445019 
0.2461539 
0.2383758 
0.2283209 
0.2202580 
0.2270111 
0.2366154 
0.2279720 
0.2270037 
0.2315891 
0.2508471 
0.2540400 
0.2472158 
0.2450528 
0.2441098 
0.2486176 
0.2425225 
0.2318647 
0.2307075 
0.2365927 
0.2322025 
0.2257543 
0.2183390 
0.2335171 
0.2382739 
0.2320346 
0.2256784 
0.2257234 
0.2391669 
0.2451942 
0.2398986 
0.2256519 
0.2203784 
0.2300057 
0.2304185 
0.2172669 
0.2147859 
0.2231432 
0.2306972 
0.2342446 
0.2271218 
0.2236977 
0.2322643 
0.2416168 
0.2316709 
0.2187578 
0.2162171 
0.2239996 
0.2314874 
0.2280694 
0.2171172 
0.2148641 
0.2255440 
0.2220228 
0.2163599 
0.2097093 
0.2151862 
0.2302511 
0.2349105 
0.2322529 
0.2261311 
0.2217321 
0.2234820 
0.2254532 
0.2223602 
0.2172246 
0.2208635 
0.2269883 
0.2379122 
0.2383281 
0.2396853 
0.2433711 
0.2458434 
0.2464641 
0.2435549 
0.2383408 
0.2272736 
0.2193700 
0.2221193 
0.2106323 
0.1993080 
0.2087483 
0.2082083 
0.2056952 
0.2071844 
0.2054609 
0.2135260 
0.2177131 
0.2173103 
0.2072699 
0.2042204 
0.2032007 
0.2085299 
0.2106502 
0.2128775 
0.2101400 
0.2100329 
0.2112418 
0.2131688 
0.2143448 
0.2140384 
0.2058452 
0.2034950 
0.2034458 
0.2092624 
0.2101279 
0.2126638 
0.2162847 
0.2144651 
0.2009269 
0.1999636 
0.2081395 
0.2144998 
0.2143520 
0.2098134 
0.2054240 
0.2071570 
0.2047398 
0.2030119 
0.2007330 
0.1999636 
0.2027020 
0.1940713 
0.1849151 
0.1971692 
0.2112130 
0.2166626 
0.2192020 
0.2144375 
0.2149814 
0.2142364 
0.2248726 
0.2322699 
0.2182322 
0.2048428 
0.1916240 
0.1920135 
0.1906753 
0.1865856 
0.1856403 
0.1974945 
0.2027755 
0.2137690 
0.2218853 
0.2189056 
0.2007421 
0.1868744 
0.1834256 
0.1810818 
0.1718949 
0.1774345 
0.1887274 
0.1961396 
0.2068141 
0.2177208 
0.2175813 
0.2027389 
0.1855824 
0.1799940 
0.1813156 
0.1919781 
0.1930556 
0.1842012 
0.1789970 
0.1777797 
0.1847308 
0.2043830 
0.2113420 
0.2071881 
0.1909665 
0.1811165 
0.1816740 
0.1831167 
0.1820380 
0.1861539 
0.1994731 
0.2037472 
0.2021168 
0.1939407 
0.1820531 
0.1724518 
0.1695078 
0.1845170 
0.1940878 
0.1943283 
0.1851096 
0.1884220 
0.1882769 
0.1859627 
0.1810423 
0.1804767 
0.1776757 
0.1732916 
0.1734708 
0.1695861 
0.1642631 
0.1763583 
0.1823510 
0.1962436 
0.1965987 
0.1903340 
0.1799230 
0.1833719 
0.1851692 
0.1784708 
0.1706330 
0.1650346 
0.1699305 
0.1749679 
0.1810875 
0.1885427 
0.1874358 
0.1870317 
0.1814376 
0.1800738 
0.1722652 
0.1678762 
0.1783669 
0.1791189 
0.1756995 
0.1639721 
0.1637593 
0.1683171 
0.1696754 
0.1766006 
0.1744636 
0.1704902 
0.1674490 
0.1717747 
0.1686226 
0.1646232 
0.1584459 
0.1530676 
0.1513843 
0.1626440 
0.1715939 
0.1688079 
0.1660777 
0.1652354 
0.1607435 
0.1605912 
0.1654924 
0.1696440 
0.1655922 
0.1633234 
0.1632558 
0.1537982 
0.1557994 
0.1741867 
0.1783081 
0.1772003 
0.1769467 
0.1698221 
0.1630701 
0.1637034 
0.1659675 
0.1555208 
0.1480839 
0.1462247 
0.1518300 
0.1531893 
0.1562552 
0.1679248 
0.1644304 
0.1657098 
0.1631221 
0.1609029 
0.1625066 
0.1606196 
0.1610124 
0.1593320 
0.1506691 
0.1554233 
0.1569659 
0.1543404 
0.1630179 
0.1652838 
0.1688473 
0.1710319 
0.1664981 
0.1583869 
0.1525387 
0.1553365 
0.1535538 
0.1555203 
0.1553320 
0.1552061 
0.1567838 
0.1527573 
0.1475342 
0.1486177 
0.1449367 
0.1420661 
0.1441042 
0.1530160 
0.1526793 
0.1556503 
0.1637623 
0.1620252 
0.1547094 
0.1494430 
0.1513233 
0.1446626 
0.1486981 
0.1524851 
0.1547294 
0.1564550 
0.1498482 
0.1430299 
0.1415929 
0.1363398 
0.1376570 
0.1394578 
0.1448634 
0.1449583 
0.1431909 
0.1404431 
0.1429612 
0.1426871 
0.1452086 
0.1454170 
0.1422185 
0.1437483 
0.1456299 
0.1452006 
0.1449700 
0.1467166 
0.1427469 
0.1440708 
0.1437886 
0.1433605 
0.1363005 
0.1362515 
0.1365324 
0.1369470 
0.1357272 
0.1351657 
0.1373280 
0.1413524 
0.1429223 
0.1423090 
0.1455736 
0.1372687 
0.1365842 
0.1284390 
0.1296245 
0.1354494 
0.1330515 
0.1309345 
0.1358188 
0.1352757 
0.1368804 
0.1307149 
0.1205507 
0.1259084 
0.1188235 
0.1169867 
0.1173092 
0.1242131 
0.1275845 
0.1238994 
0.1268698 
0.1248005 
0.1237062 
0.1296487 
0.1277987 
0.1267882 
0.1221040 
0.1243224 
0.1244912 
0.1238002 
0.1305065 
0.1361885 
0.1202799 
0.1224457 
0.1277721 
0.1238541 
0.1210161 
0.1222142 
0.1208026 
0.1217227 
0.1272765 
0.1224781 
0.1202537 
0.1166075 
0.1226102 
0.1290787 
0.1243359 
0.1242802 
0.1295195 
0.1317910 
0.1265974 
0.1186411 
0.1188855 
0.1226399 
0.1294749 
0.1245180 
0.1211870 
0.1194786 
0.1185549 
0.1207128 
0.1192147 
0.1239107 
0.1209835 
0.1210637 
0.1188197 
0.1148334 
0.1114260 
0.1105799 
0.1112525 
0.1154953 
0.1149846 
0.1153076 
0.1130524 
0.1117668 
0.1135523 
0.1127489 
0.1159309 
0.1186471 
0.1169125 
0.1174101 
0.1198022 
0.1130850 
0.1092536 
0.1076472 
0.1209137 
0.1193583 
0.1148680 
0.1115220 
0.1131037 
0.1181304 
0.1124291 
0.1024442 
0.0972803 
0.1027254 
0.1093960 
0.1045520 
0.0990531 
0.0990918 
0.1090434 
0.1139687 
0.1055794 
0.0890695 
0.0835365 
0.0901072 
0.0995547 
0.0898391 
0.0832003 
0.0811424 
0.0943910 
0.1050295 
0.1046119 
0.1034035 
0.0987973 
0.0980443 
0.1036781 
0.1062997 
0.0945779 
0.0876750 
0.0931826 
0.1057606 
0.1174808 
0.1059944 
0.0943556 
0.0955026 
0.1057599 
0.1112607 
0.0973222 
0.0812741 
0.0751971 
0.0817659 
0.0955765 
0.0920493 
0.0777254 
0.0687019 
0.0724064 
0.0867133 
0.0943723 
0.0858033 
0.0745721 
0.0747379 
0.0771810 
0.0931333 
0.0921527 
0.0811544 
0.0788201 
0.0879599 
0.1007934 
0.1037681 
0.0905122 
0.0743058 
0.0738642 
0.0855585 
0.0998755 
0.1045629 
0.0868005 
0.0749633 
0.0762837 
0.0887644 
0.0934173 
0.0890369 
0.0801029 
0.0756449 
0.0771478 
0.0892607 
0.0942340 
0.0860923 
0.0730115 
0.0777690 
0.0815356 
0.0949234 
0.0993609 
0.0952407 
0.0793469 
0.0797261 
0.0793176 
0.0871336 
0.0925283 
0.0880290 
0.0747976 
0.0673039 
0.0713867 
0.0770788 
0.0863276 
0.0904880 
0.0816451 
0.0731338 
0.0607165 
0.0628084 
0.0791967 
0.0917843 
0.0913393 
0.0805085 
0.0720935 
0.0736441 
0.0823364 
0.0858609 
0.0834851 
0.0710458 
0.0659068 
0.0673601 
0.0766044 
0.0921171 
0.0898837 
0.0775520 
0.0636780 
0.0598531 
0.0650486 
0.0806429 
0.0932024 
0.0864937 
0.0750073 
0.0678224 
0.0729806 
0.0834993 
0.0853255 
0.0894138 
0.0824655 
0.0741202 
0.0621683 
0.0657663 
0.0748535 
0.0849261 
0.0888253 
0.0734485 
0.0689361 
0.0740327 
0.0772420 
0.0765056 
0.0817418 
0.0822274 
0.0812278 
0.0754170 
0.0743771 
0.0800143 
0.0774634 
0.0800286 
0.0765677 
0.0784446 
0.0823510 
0.0827744 
0.0787746 
0.0719943 
0.0721138 
0.0725867 
0.0660870 
0.0635665 
0.0721687 
0.0748863 
0.0730680 
0.0723404 
0.0738057 
0.0716700 
0.0752978 
0.0805414 
0.0816500 
0.0771976 
0.0709517 
0.0628839 
0.0653149 
0.0605212 
0.0643302 
0.0718391 
0.0723948 
0.0731443 
0.0711399 
0.0643364 
0.0656601 
0.0652982 
0.0694646 
0.0723026 
0.0719284 
0.0694168 
0.0705070 
0.0751535 
0.0722516 
0.0730345 
0.0712116 
0.0693340 
0.0613126 
0.0546754 
0.0564811 
0.0596698 
0.0663279 
0.0703494 
0.0694742 
0.0587439 
0.0576597 
0.0574654 
0.0694047 
0.0693415 
0.0648678 
0.0576741 
0.0520315 
0.0392524 
0.0382832 
0.0409567 
0.0510366 
0.0592344 
0.0581727 
0.0529516 
0.0526086 
0.0417035 
0.0354487 
0.0412861 
0.0478112 
0.0570560 
0.0633650 
0.0646354 
0.0631714 
0.0530419 
0.0419743 
0.0383365 
0.0386100 
0.0429313 
0.0498182 
0.0552420 
0.0593102 
0.0594386 
0.0537362 
0.0436841 
0.0390515 
0.0455239 
0.0499371 
0.0507443 
0.0514393 
0.0509719 
0.0541904 
0.0534176 
0.0436515 
0.0301872 
0.0236237 
0.0272551 
0.0313887 
0.0391344 
0.0488049 
0.0621587 
0.0589551 
0.0483001 
0.0305933 
0.0237519 
0.0282421 
0.0354494 
0.0367241 
0.0411370 
0.0496876 
0.0554215 
0.0550275 
0.0507234 
0.0331252 
0.0188471 
0.0247190 
0.0258230 
0.0370118 
0.0489210 
0.0524179 
0.0567919 
0.0634916 
0.0540534 
0.0427311 
0.0303463 
0.0280372 
0.0267897 
0.0256999 
0.0348508 
0.0404847 
0.0531471 
0.0539794 
0.0500149 
0.0479063 
0.0312454 
0.0233758 
0.0216281 
0.0232008 
0.0321276 
0.0356229 
0.0383515 
0.0514702 
0.0622509 
0.0669479 
0.0594756 
0.0431222 
0.0271594 
0.0249224 
0.0228146 
0.0182413 
0.0143370 
0.0187234 
0.0247630 
0.0288645 
0.0350473 
0.0333057 
0.0332199 
0.0311423 
0.0254334 
0.0231261 
0.0219356 
0.0211458 
0.0240746 
0.0258284 
0.0301269 
0.0330316 
0.0317794 
0.0353674 
0.0336597 
0.0273046 
0.0223649 
0.0176472 
0.0078216 
0.0032903 
0.0080940 
0.0212832 
0.0330152 
0.0350373 
0.0371124 
0.0378332 
0.0303378 
0.0198999 
0.0182012 
0.0218597 
0.0285653 
0.0319362 
0.0306534 
0.0281992 
0.0266703 
0.0252010 
0.0205244 
0.0135537 
0.0108498 
0.0107920 
0.0197116 
0.0255429 
0.0279072 
0.0219738 
0.0091864 
0.0020703 
0.0033108 
0.0107914 
0.0197672 
0.0243466 
0.0330871 
0.0255257 
0.0184634 
0.0099899 
0.0105351 
0.0018476 
0.0000000 
0.0120478 
0.0195226 
0.0225219 
0.0257868 
0.0278367 
0.0222257 
0.0201793 
0.0202095 
0.0157232 
0.0085643 
