-0.0000505 
-0.0000151 
0.0000654 
0.4135417 
-0.0759557 
0.2994811 
0.1670030 
0.1507609 
0.0910907 
0.1331477 
0.1432721 
0.0738639 
0.0688873 
0.1293376 
0.0713274 
0.0550194 
0.1001726 
0.1909003 
0.0886799 
0.1086501 
0.1356041 
0.0124346 
0.0197987 
0.0000000 
0.0939655 
0.0823645 
0.0867200 
0.1310194 
0.2021447 
0.0788368 
0.1082818 
0.1240106 
0.0756932 
0.1541494 
0.0936844 
0.1339728 
0.0894241 
0.1437748 
0.1500329 
0.1249919 
0.1344028 
0.1473133 
0.1655576 
0.1561588 
0.1622141 
0.1198519 
0.1010820 
0.1218836 
0.0979234 
0.1413545 
0.1543205 
0.1774522 
0.1666513 
0.1598521 
0.1465242 
0.0916196 
0.1685415 
0.1254786 
0.1239183 
0.1706368 
0.0977154 
0.1365068 
0.1388533 
0.1593250 
0.1806513 
0.0757625 
0.1174264 
0.0947667 
0.0645914 
0.1174494 
0.0663713 
0.1165026 
0.1486569 
0.1515201 
0.1383820 
0.1543361 
0.1245881 
0.1420750 
0.1312169 
0.1786500 
0.1499443 
0.1623333 
0.2214730 
0.2139622 
0.1582183 
0.1813892 
0.1432957 
0.1126396 
0.1564177 
0.1771363 
0.1663833 
0.1235346 
0.1639579 
0.1221345 
0.0788917 
0.0630289 
0.0772481 
0.1013657 
0.0549675 
0.1199222 
0.1574409 
0.1918300 
0.2016214 
0.1675769 
0.2034445 
0.2020295 
0.1715295 
0.1817778 
0.2066813 
0.1853870 
0.1735118 
0.1682493 
0.1891530 
0.1541265 
0.1167568 
0.1176866 
0.1177874 
0.1697299 
0.1576317 
0.1698219 
0.1568113 
0.1020336 
0.1363048 
0.1576348 
0.1874069 
0.2062479 
0.1962971 
0.1759319 
0.1206605 
0.1481174 
0.1482832 
0.1673900 
0.1697031 
0.1386224 
0.1771104 
0.2123792 
0.2670802 
0.2581991 
0.2620435 
0.2853547 
0.2658320 
0.2685438 
0.2188901 
0.2556167 
0.2510052 
0.2369440 
0.2686985 
0.2918939 
0.3096424 
0.3028863 
0.2561710 
0.2508975 
0.2185042 
0.2436607 
0.2481062 
0.2414244 
0.2943735 
0.2403864 
0.2801222 
0.2789857 
0.3152467 
0.2597740 
0.2805595 
0.2503150 
0.2594378 
0.2194477 
0.2498726 
0.2655079 
0.2760786 
0.2315427 
0.2321946 
0.2027735 
0.2106325 
0.2493121 
0.3077271 
0.2755928 
0.2689137 
0.3518866 
0.3232736 
0.3356018 
0.3401932 
0.3626874 
0.3044322 
0.2931164 
0.2990197 
0.2881014 
0.2816664 
0.2756029 
0.2676764 
0.2976731 
0.3026016 
0.3112809 
0.2878856 
0.2542015 
0.2864683 
0.2798308 
0.2880120 
0.3106212 
0.2946419 
0.3685109 
0.3195715 
0.2820089 
0.3194928 
0.2821463 
0.2408087 
0.2308641 
0.2349138 
0.2408099 
0.2499667 
0.1973437 
0.2257524 
0.2291773 
0.2183929 
0.2576335 
0.2942391 
0.2239513 
0.2459651 
0.3063594 
0.2289519 
0.2780711 
0.3285853 
0.3316233 
0.2620656 
0.3199906 
0.3197228 
0.3440732 
0.3658308 
0.4269566 
0.3803869 
0.3594365 
0.3789480 
0.3801150 
0.3949701 
0.4148508 
0.4287936 
0.3890220 
0.3857355 
0.3332725 
0.3418814 
0.3646278 
0.3055373 
0.3192212 
0.3153554 
0.3303149 
0.3066133 
0.3100879 
0.3254923 
0.3490609 
0.2943608 
0.4245238 
0.3561707 
0.3869510 
0.3770754 
0.4205420 
0.3865175 
0.3853296 
0.3579097 
0.4014024 
0.3679933 
0.3467447 
0.3762228 
0.3325384 
0.3311587 
0.3080596 
0.3358468 
0.3812813 
0.3754401 
0.3830268 
0.4097400 
0.3546233 
0.4057056 
0.3826446 
0.3535306 
0.4127866 
0.3791915 
0.3980840 
0.4440423 
0.3912103 
0.3875849 
0.4334270 
0.4148040 
0.4045247 
0.3882347 
0.4140334 
0.3902608 
0.3873985 
0.3820957 
0.3757197 
0.3462036 
0.3616024 
0.3935607 
0.4343255 
0.4067473 
0.4136090 
0.3859714 
0.3848020 
0.4344034 
0.4731144 
0.3576360 
0.4260763 
0.3809332 
0.4120351 
0.4401587 
0.4940135 
0.5036268 
0.4450325 
0.4025787 
0.4514880 
0.4406828 
0.4469356 
0.4729285 
0.4925969 
0.4889688 
0.4468104 
0.4650076 
0.5175572 
0.5147999 
0.4871955 
0.4626939 
0.4477031 
0.4448492 
0.4698875 
0.4496653 
0.4320873 
0.4466967 
0.4258846 
0.4127011 
0.4104142 
0.3896241 
0.3835926 
0.3694407 
0.3807729 
0.3997609 
0.4097159 
0.3574697 
0.3895040 
0.3885072 
0.3828642 
0.3761063 
0.4020760 
0.4326471 
0.4525184 
0.4516703 
0.4742054 
0.4371064 
0.4845012 
0.4297089 
0.4164217 
0.4640805 
0.4610762 
0.4921474 
0.4522772 
0.4908230 
0.4586169 
0.4500572 
0.4294399 
0.4588671 
0.4667151 
0.4805530 
0.4668793 
0.4386169 
0.4403330 
0.4692735 
0.4707404 
0.4964919 
0.4109832 
0.4237524 
0.4348885 
0.4457855 
0.4532272 
0.3908431 
0.4114870 
0.4041554 
0.4115736 
0.3899873 
0.4367495 
0.4066300 
0.4090172 
0.4808870 
0.4059084 
0.4337552 
0.4440889 
0.4129596 
0.4219659 
0.4028480 
0.4256867 
0.4110762 
0.4221823 
0.4095981 
0.4592797 
0.3900196 
0.3800373 
0.3958684 
0.4003892 
0.3686214 
0.3747845 
0.4102662 
0.3971296 
0.3780933 
0.3771517 
0.4252306 
0.3508748 
0.3526251 
0.3835814 
0.4088891 
0.4501144 
0.4291206 
0.4329555 
0.3910814 
0.3948584 
0.4019470 
0.4504349 
0.3848984 
0.4135020 
0.4012937 
0.4404784 
0.4337893 
0.4174598 
0.4197363 
0.3563946 
0.3660879 
0.3748716 
0.4273075 
0.3483705 
0.4211181 
0.3887988 
0.3839359 
0.3455421 
0.4022951 
0.4047555 
0.4019092 
0.3632244 
0.3991635 
0.3838873 
0.3395169 
0.3885554 
0.3536849 
0.4317235 
0.4534612 
0.4483797 
0.4336685 
0.4616663 
0.4452433 
0.4425123 
0.4090009 
0.4220394 
0.3940847 
0.4099813 
0.4399870 
0.5148720 
0.3877836 
0.3985794 
0.3623942 
0.4399177 
0.4966778 
0.4738547 
0.4650066 
0.3668157 
0.5139446 
0.4098797 
0.5289803 
0.4380712 
0.5000410 
0.4906623 
0.4300746 
0.5066526 
0.4466957 
0.5026193 
0.4952244 
0.4553589 
0.4904383 
0.5073867 
0.5363470 
0.4890945 
0.4954771 
0.4698766 
0.4787953 
0.4749713 
0.4382635 
0.4678053 
0.4814808 
0.4926741 
0.4698438 
0.4613883 
0.4886325 
0.5049900 
0.5077704 
0.5627584 
0.5184296 
0.5112780 
0.5212149 
0.5608919 
0.5796623 
0.5952708 
0.6369060 
0.5323510 
0.5456735 
0.5324032 
0.5348300 
0.5317439 
0.5267313 
0.5113713 
0.5161929 
0.5016086 
0.5674152 
0.4842852 
0.5359176 
0.5222851 
0.4553296 
0.5486452 
0.4591001 
0.4244630 
0.5605668 
0.4823579 
0.4409603 
0.5027263 
0.5247843 
0.5351826 
0.5302338 
0.5268324 
0.5569382 
0.5431124 
0.5547835 
0.5704511 
0.4938361 
0.5231406 
0.6275883 
0.5608945 
0.5090020 
0.5760236 
0.5929131 
0.4849496 
0.5090856 
0.5698097 
0.5759647 
0.5428429 
0.5475407 
0.5659403 
0.5317415 
0.5352488 
0.5386368 
0.5523738 
0.5321562 
0.4917758 
0.5249546 
0.5910108 
0.5593498 
0.5417487 
0.5061195 
0.5563092 
0.5395138 
0.5733219 
0.5515260 
0.5891015 
0.5833541 
0.6299897 
0.6368078 
0.6510185 
0.6233837 
0.6737487 
0.6769055 
0.6713787 
0.6765467 
0.6778049 
0.6814177 
0.6496035 
0.6648509 
0.6649161 
0.5771289 
0.6171436 
0.6325684 
0.5793623 
0.5919439 
0.5249983 
0.5813598 
0.6252756 
0.6342775 
0.6389013 
0.6351253 
0.6242087 
0.6172373 
0.5987220 
0.6636335 
0.6681251 
0.6739373 
0.6717602 
0.6122437 
0.6345366 
0.6686642 
0.6794458 
0.6448922 
0.5792438 
0.5694723 
0.5962421 
0.6491133 
0.6333053 
0.6211660 
0.5841333 
0.5775563 
0.6295870 
0.6222898 
0.6027209 
0.6053699 
0.5997098 
0.6246011 
0.6429274 
0.6324476 
0.6744411 
0.6311224 
0.6489166 
0.5983130 
0.6253220 
0.5551998 
0.5893233 
0.5652173 
0.6097255 
0.5425943 
0.5354431 
0.5013291 
0.5525491 
0.5467818 
0.5552979 
0.5330274 
0.5429368 
0.5792300 
0.6261040 
0.5816397 
0.6227784 
0.6494542 
0.6609085 
0.6606491 
0.6472769 
0.6759435 
0.6902736 
0.6410032 
0.6290188 
0.6468271 
0.6915113 
0.6696650 
0.6292604 
0.6362035 
0.6608555 
0.6631340 
0.5963003 
0.5942226 
0.6518779 
0.6251829 
0.6263871 
0.6403437 
0.6027790 
0.6260811 
0.6255291 
0.7092681 
0.6274745 
0.6403369 
0.6263507 
0.6388582 
0.6063155 
0.6308590 
0.6245246 
0.6112408 
0.5863289 
0.5793830 
0.6567913 
0.6799152 
0.6750776 
0.7161004 
0.6783063 
0.6706649 
0.6946872 
0.6596260 
0.7204684 
0.7141557 
0.7210953 
0.7077146 
0.7435675 
0.7355440 
0.7355226 
0.7120827 
0.7132163 
0.6662559 
0.6807309 
0.6929690 
0.6894261 
0.6502218 
0.6266412 
0.6715975 
0.6278828 
0.6366977 
0.6347082 
0.6456788 
0.6772934 
0.6810114 
0.6603431 
0.6406460 
0.6821587 
0.6379182 
0.6819520 
0.6525834 
0.6489247 
0.6181916 
0.6303241 
0.6444386 
0.6668134 
0.6132839 
0.6064961 
0.6067315 
0.5872081 
0.5705734 
0.5622737 
0.5573259 
0.5375475 
0.5590937 
0.5891959 
0.6128989 
0.6500178 
0.6155099 
0.6435304 
0.7020436 
0.6911502 
0.6919127 
0.7037541 
0.6539372 
0.7535053 
0.7134992 
0.7206243 
0.6510149 
0.6961156 
0.7052097 
0.6861734 
0.7464274 
0.7165139 
0.6737650 
0.7238835 
0.7001511 
0.7529783 
0.7618283 
0.6907699 
0.7367801 
0.7512260 
0.7448642 
0.7041111 
0.7301523 
0.7290645 
0.7271389 
0.7426862 
0.6979917 
0.6823334 
0.7576221 
0.6925117 
0.7185087 
0.7320004 
0.6854630 
0.7046045 
0.6591213 
0.7304661 
0.6268191 
0.6495845 
0.7633207 
0.6490892 
0.7052405 
0.6921541 
0.7005073 
0.6977041 
0.6399253 
0.7626942 
0.6805023 
0.7395259 
0.7121175 
0.7418821 
0.8186862 
0.7185269 
0.8414449 
0.7066660 
0.8111211 
0.6320085 
0.7764143 
0.6842639 
0.7678247 
0.6930198 
0.6639584 
0.6568709 
0.7516783 
0.6859481 
0.6623679 
0.6581751 
0.7677625 
0.6957558 
0.7019649 
0.6617413 
0.7916472 
0.7697045 
0.7336413 
0.6326872 
0.7212255 
0.7343333 
0.8062760 
0.6849384 
0.6952720 
0.6918380 
0.7726891 
0.7009777 
0.6966561 
0.6470187 
0.7523190 
0.7379289 
0.7962599 
0.8023838 
0.7642065 
0.7746425 
0.6949997 
0.7798795 
0.7881155 
0.8006934 
0.7629969 
0.7294616 
0.7286499 
0.7320466 
0.7184085 
0.7017027 
0.7941630 
0.6864233 
0.7685206 
0.7418821 
0.7563044 
0.8135450 
0.6773232 
0.7911288 
0.7765457 
0.8312666 
0.8335089 
0.8186728 
0.8387497 
0.8186331 
0.8098348 
0.8142646 
0.7659004 
0.8225533 
0.7515951 
0.8074323 
0.8092686 
0.7500493 
0.8060159 
0.8771372 
0.8011059 
0.8482258 
0.9706031 
0.8786303 
0.8765990 
0.8799680 
0.8262497 
0.8599537 
0.8554664 
0.8267677 
0.8474584 
0.7925327 
0.8379633 
0.8004855 
0.8519008 
0.9226116 
0.8755093 
0.9081458 
0.9026886 
0.8632743 
0.8877076 
0.8617797 
0.8803605 
0.8431292 
0.8550351 
0.8360420 
0.8472961 
0.8361095 
0.7883094 
0.7769825 
0.7770315 
0.7876213 
0.8041635 
0.8257745 
0.8248436 
0.8357643 
0.7890665 
0.8191301 
0.7719543 
0.8033621 
0.8031842 
0.7733925 
0.7530160 
0.7888892 
0.7799475 
0.7663490 
0.7078536 
0.7757768 
0.7646113 
0.7529246 
0.7200087 
0.7443632 
0.7331704 
0.7544217 
0.7544010 
0.7519810 
0.7415683 
0.7587588 
0.7126044 
0.7692341 
0.7583199 
0.7592935 
0.7613371 
0.7307705 
0.7848468 
0.7368806 
0.7846454 
0.8038952 
0.7890200 
0.8538817 
0.8080904 
0.8159491 
0.8386564 
0.8403459 
0.8471223 
0.8895849 
0.9084553 
0.8412595 
0.8891196 
0.9210123 
0.8971710 
0.9188089 
0.9022227 
0.9444147 
0.8989054 
0.9217193 
0.9239119 
0.8856323 
0.8789946 
0.9191908 
0.8885790 
0.8747219 
0.8845448 
0.8553643 
0.8807732 
0.8740504 
0.8891812 
0.8883568 
0.8748923 
0.9103507 
0.8913100 
0.8537727 
0.8872217 
0.9262170 
0.9173396 
0.9061005 
0.9338730 
0.8966347 
0.9368225 
0.9148562 
0.9167074 
0.8702009 
0.8551058 
0.8829985 
0.8737792 
0.8802695 
0.8550294 
0.9143497 
0.9137175 
0.8964169 
0.9156299 
0.9602581 
0.9362823 
0.9309870 
0.9035015 
0.8876580 
0.8963282 
0.9314012 
0.9277778 
0.9274657 
0.9243392 
0.9436192 
0.9447678 
0.9136522 
0.8961607 
0.9406067 
0.8877301 
0.8932587 
0.8921406 
0.8797237 
0.8700598 
0.9016390 
0.9281453 
0.9248517 
0.9565582 
0.9669557 
0.9392182 
0.8642134 
0.9197781 
0.9157787 
0.9041242 
0.9029732 
0.9084362 
0.9074288 
0.9248023 
0.9113616 
0.9465056 
0.9318235 
0.9558245 
0.9744061 
0.9894752 
0.9772286 
0.9752041 
0.9433892 
0.9776225 
0.9332933 
0.9481305 
0.9539765 
0.9548330 
0.9568516 
0.9104090 
0.9948725 
0.9567977 
0.9723555 
0.9280929 
0.9370998 
0.9259702 
0.9191744 
0.9405189 
0.9183367 
0.8946277 
0.9240861 
0.9419844 
0.9439000 
0.9151423 
0.9307298 
0.9159351 
0.9101734 
0.8951124 
0.8856117 
0.9186450 
0.9075037 
1.0000000 
0.8947230 
0.9109674 
0.8643338 
0.8858885 
0.9056824 
0.8894416 
0.8812245 
0.9287261 
0.9006652 
0.8899107 
0.9529380 
0.8472155 
0.8353435 
0.8461148 
0.8989285 
0.9393211 
0.8920528 
0.8455993 
0.9492237 
0.9367532 
0.9260874 
0.9178446 
0.9300906 
0.9343160 
0.9457758 
0.8904240 
0.8064688 
0.8371738 
0.8109579 
0.8275353 
0.8376211 
0.8531006 
0.7621187 
0.7982650 
0.7917700 
0.7866435 
0.7683764 
0.7610671 
0.7782391 
0.8128230 
0.8319062 
0.7501118 
0.8235197 
0.7804962 
0.7733983 
0.7574161 
0.7844199 
0.7982551 
0.8155857 
0.8019371 
0.8300432 
0.8606650 
0.7753627 
0.8667961 
0.7848173 
0.8164397 
0.7871546 
0.7440144 
0.7725242 
0.7380260 
0.7321796 
0.6831829 
0.7091870 
0.7308333 
0.7940738 
0.7593898 
0.7669007 
0.7834239 
0.7935863 
0.8032267 
0.8351896 
0.7831500 
0.8076783 
0.8091035 
0.8010378 
0.8012751 
0.7975321 
0.7306889 
0.7435534 
0.7141729 
0.6734342 
0.7425656 
0.6808548 
0.6806565 
0.7480842 
0.7316969 
0.7357703 
0.7096217 
0.7135694 
0.7462636 
0.8027839 
0.7233263 
0.7621883 
0.7957238 
0.8150281 
0.7925357 
0.7643932 
0.8115237 
0.8220136 
0.7977851 
0.7823545 
0.8592131 
0.7932222 
0.8263492 
0.7831516 
0.7451236 
0.7280856 
0.7288873 
0.7122926 
0.7281847 
0.7400094 
0.6950112 
0.7040609 
0.6797880 
0.7098470 
0.7095217 
0.6708832 
0.6474602 
0.6530040 
0.6937434 
0.6851242 
0.6602771 
0.7531137 
0.6979174 
0.7088154 
0.7144038 
0.7253182 
0.7389127 
0.7101240 
0.7315981 
0.7542659 
0.7473289 
0.7250403 
0.7201268 
0.7185334 
0.6918083 
0.7450690 
0.7247805 
0.7582282 
0.7494737 
0.7173818 
0.7609430 
0.7055297 
0.6835404 
0.7792590 
0.7611371 
0.7762082 
0.8191752 
0.7786621 
0.7948884 
0.8053505 
0.8289137 
0.7819923 
0.8382751 
0.8483811 
0.8557474 
0.8531617 
0.8315621 
0.8598698 
0.8392159 
0.8341583 
0.9329869 
0.9501833 
0.9628440 
0.9479073 
0.9692435 
0.9810157 
0.9445890 
0.9247740 
0.9443445 
0.9300805 
0.9274403 
0.9003042 
0.9560155 
0.9613503 
0.8969459 
0.9068150 
0.8852062 
0.8980846 
0.8576170 
0.8837086 
0.8357542 
0.8548052 
0.8085210 
0.7757283 
0.7705165 
0.8166980 
0.8149672 
0.8493778 
0.7755014 
0.8235483 
0.8016967 
0.8106727 
0.8602114 
0.8582643 
0.8257607 
0.8765630 
0.8388817 
0.8957109 
0.8211871 
0.8415110 
0.8009395 
0.8518602 
0.7832385 
0.8320817 
0.7934606 
0.7808340 
0.8755129 
0.7888868 
