-0.0000637 
-0.0000353 
-0.0001575 
-0.3099902 
-0.0112736 
0.1400295 
0.9803389 
0.9659259 
0.9493149 
0.9457536 
0.9496146 
0.9649699 
0.9781729 
0.9878870 
0.9703076 
0.9554043 
0.9458259 
0.9532806 
0.9666254 
0.9824902 
0.9986583 
0.9975320 
0.9806937 
0.9672033 
0.9463134 
0.9497206 
0.9664499 
0.9927204 
1.0000000 
0.9883183 
0.9574724 
0.9117453 
0.8978418 
0.8908094 
0.9018082 
0.9206069 
0.9138904 
0.9119746 
0.8913829 
0.8801422 
0.8816807 
0.8928421 
0.9261416 
0.9487599 
0.9484100 
0.9406421 
0.9220294 
0.8981748 
0.8977855 
0.8869713 
0.9093912 
0.9355286 
0.9694380 
0.9739688 
0.9563543 
0.9347626 
0.9094602 
0.8974935 
0.8925479 
0.8881824 
0.8917340 
0.8977642 
0.8835310 
0.8690763 
0.8546315 
0.8497458 
0.8663207 
0.8670587 
0.8731252 
0.8836337 
0.8770182 
0.8625874 
0.8456294 
0.8445851 
0.8643277 
0.8878966 
0.8972221 
0.8830014 
0.8694215 
0.8107403 
0.7744010 
0.7492786 
0.7553232 
0.7654096 
0.7627194 
0.7711858 
0.7651240 
0.7407616 
0.7279466 
0.7204637 
0.7246425 
0.7465476 
0.7593083 
0.7697353 
0.7771088 
0.7834486 
0.7772058 
0.7840257 
0.7922645 
0.7898359 
0.7976115 
0.7967561 
0.7965171 
0.8065858 
0.8121649 
0.8213959 
0.8185866 
0.8145304 
0.8012241 
0.7924221 
0.8019308 
0.8023851 
0.8184271 
0.8273563 
0.8190062 
0.8153614 
0.8062541 
0.8035791 
0.7921692 
0.7888109 
0.7941493 
0.7926968 
0.7810493 
0.7681175 
0.7507154 
0.7568487 
0.7719500 
0.7879468 
0.8043571 
0.8084180 
0.8115007 
0.8116740 
0.7860508 
0.7697709 
0.7550068 
0.7471231 
0.7512241 
0.7733469 
0.7998896 
0.8050494 
0.8148770 
0.7982985 
0.7822435 
0.7645012 
0.7610932 
0.7604582 
0.7719532 
0.7832277 
0.7873291 
0.7907557 
0.7876768 
0.7706690 
0.7509817 
0.7328699 
0.7289608 
0.7354947 
0.7579301 
0.7863816 
0.7902128 
0.7812352 
0.7582774 
0.7437973 
0.7453281 
0.7584494 
0.7855014 
0.8155408 
0.8433966 
0.8616536 
0.8543209 
0.8380916 
0.8212755 
0.8183428 
0.8247489 
0.8413213 
0.8613976 
0.8791645 
0.8754786 
0.8585075 
0.8314052 
0.8076373 
0.7936835 
0.7905526 
0.8048342 
0.8239703 
0.8458196 
0.8423418 
0.8278921 
0.8131961 
0.7903250 
0.7776460 
0.7696701 
0.7712931 
0.7823041 
0.7919759 
0.7937548 
0.7870871 
0.7694389 
0.7475669 
0.7282726 
0.7258328 
0.7316086 
0.7179578 
0.7307438 
0.7386852 
0.7456288 
0.7489137 
0.7509209 
0.7368103 
0.7026201 
0.6823971 
0.6865425 
0.6890698 
0.6976165 
0.7100895 
0.7184883 
0.7268117 
0.7277705 
0.7227482 
0.7136605 
0.7068480 
0.7055067 
0.7006616 
0.7043991 
0.7199847 
0.7392344 
0.7594916 
0.7651286 
0.7729622 
0.7730852 
0.7775516 
0.7827142 
0.7973672 
0.7982626 
0.8073738 
0.8150442 
0.7888683 
0.7693977 
0.7540771 
0.7693605 
0.7808970 
0.7904028 
0.7990350 
0.7946601 
0.7762334 
0.7566475 
0.7412569 
0.7392007 
0.7513058 
0.7674742 
0.7801544 
0.7865806 
0.7804361 
0.7689754 
0.7573592 
0.7422178 
0.7297508 
0.7260696 
0.7310767 
0.7212927 
0.7121102 
0.7068651 
0.7140771 
0.7143352 
0.7218412 
0.7363694 
0.7383751 
0.7294777 
0.7140960 
0.7017774 
0.6925512 
0.6820915 
0.6799940 
0.6860981 
0.6907857 
0.6935086 
0.6887611 
0.6810053 
0.6752894 
0.6671113 
0.6736943 
0.6729570 
0.6837642 
0.7002899 
0.7072500 
0.6995575 
0.7190584 
0.7112930 
0.7069917 
0.7043770 
0.7013494 
0.7067555 
0.7179396 
0.7306491 
0.7356799 
0.7337211 
0.7349504 
0.7283818 
0.7217194 
0.7177909 
0.7278463 
0.7390185 
0.7557558 
0.7442328 
0.7389027 
0.7235420 
0.7171354 
0.7086271 
0.6965706 
0.6933166 
0.7025281 
0.7053252 
0.7106433 
0.7128178 
0.7110613 
0.7076443 
0.7045591 
0.6935129 
0.6882313 
0.6840011 
0.6770361 
0.6738577 
0.6669268 
0.6704243 
0.6703746 
0.6560993 
0.6588324 
0.6576665 
0.6629672 
0.6582765 
0.6482781 
0.6329595 
0.6320224 
0.6188281 
0.6184379 
0.6228742 
0.6432103 
0.6697470 
0.6844823 
0.7000083 
0.7014034 
0.7062237 
0.6916463 
0.6774743 
0.6696906 
0.6663668 
0.6633730 
0.6668729 
0.6757727 
0.6842025 
0.6798128 
0.6717217 
0.6605921 
0.6625075 
0.6470680 
0.6390400 
0.6393358 
0.6409553 
0.6526679 
0.6448938 
0.6423018 
0.6373286 
0.6374296 
0.6272971 
0.6202079 
0.6284436 
0.6354802 
0.6428942 
0.6496089 
0.6673907 
0.6785144 
0.6827710 
0.6772051 
0.6715463 
0.6627431 
0.6564742 
0.6456548 
0.6391525 
0.6411318 
0.6552245 
0.6585032 
0.6534580 
0.6568304 
0.6539032 
0.6468317 
0.6372898 
0.6234878 
0.6168842 
0.6213864 
0.6181978 
0.6276050 
0.6421884 
0.6525377 
0.6583497 
0.6510642 
0.6430809 
0.6421699 
0.6359225 
0.6270443 
0.6259586 
0.6236562 
0.6282671 
0.6286227 
0.6441244 
0.6650427 
0.6747910 
0.6859686 
0.6857451 
0.6782062 
0.6757705 
0.6632009 
0.6565080 
0.6530297 
0.6404413 
0.6299120 
0.6330094 
0.6380821 
0.6342299 
0.6374636 
0.6435744 
0.6502278 
0.6527718 
0.6518677 
0.6448651 
0.6279813 
0.6058143 
0.6059947 
0.6036242 
0.6087256 
0.6164599 
0.6213876 
0.6181086 
0.6176284 
0.6197575 
0.6161059 
0.6085716 
0.6071004 
0.6149789 
0.6215537 
0.6393705 
0.6444689 
0.6588666 
0.6670952 
0.6694571 
0.6670367 
0.6877853 
0.6844891 
0.6949217 
0.7072626 
0.7031787 
0.7024251 
0.6930435 
0.6858281 
0.6754285 
0.6674480 
0.6575831 
0.6386900 
0.6345772 
0.6461358 
0.6433877 
0.6448171 
0.6533058 
0.6508261 
0.6496785 
0.6454840 
0.6207084 
0.6183611 
0.6104189 
0.6101269 
0.6058116 
0.6086954 
0.6018267 
0.6010773 
0.5985333 
0.5883368 
0.5871395 
0.5929341 
0.5956616 
0.5991000 
0.5979319 
0.6095228 
0.6016641 
0.5963721 
0.5774039 
0.5675553 
0.5651059 
0.5612123 
0.5662215 
0.5915366 
0.5997892 
0.6087734 
0.6163699 
0.6271740 
0.6363803 
0.6430011 
0.6378663 
0.6268280 
0.6183147 
0.6151277 
0.6156639 
0.6175477 
0.6099991 
0.6209931 
0.6197482 
0.6190621 
0.6203067 
0.6213130 
0.6148432 
0.6054669 
0.5988581 
0.5965831 
0.5907309 
0.5773264 
0.5740091 
0.5710673 
0.5707638 
0.5772406 
0.5893021 
0.5917493 
0.6077622 
0.6067334 
0.6114533 
0.6086494 
0.6071784 
0.6012864 
0.5942199 
0.5910764 
0.5886120 
0.5902174 
0.5838660 
0.5782033 
0.5747733 
0.5645438 
0.5509089 
0.5457547 
0.5429729 
0.5441403 
0.5535514 
0.5593195 
0.5690928 
0.5750166 
0.5829142 
0.5967342 
0.6026341 
0.6026032 
0.5997745 
0.6007262 
0.6051091 
0.6116644 
0.6113614 
0.6131733 
0.6185846 
0.6142852 
0.6241371 
0.6247109 
0.6258416 
0.6128336 
0.6007894 
0.5973473 
0.5956855 
0.5850945 
0.5790553 
0.5697214 
0.5611274 
0.5580853 
0.5672367 
0.5714597 
0.5816227 
0.5890736 
0.5945597 
0.6081354 
0.6121564 
0.6104738 
0.6152923 
0.6084844 
0.6037298 
0.5962654 
0.5851039 
0.5924992 
0.5863676 
0.5748716 
0.5716629 
0.5661397 
0.5606457 
0.5600320 
0.5522823 
0.5397159 
0.5383354 
0.5392148 
0.5351674 
0.5384510 
0.5335640 
0.5311117 
0.5269575 
0.5304997 
0.5304530 
0.5302761 
0.5364593 
0.5418598 
0.5401654 
0.5390699 
0.5543921 
0.5674817 
0.5785233 
0.5910032 
0.5949438 
0.5975928 
0.5923728 
0.5867449 
0.5839192 
0.5781040 
0.5647318 
0.5594884 
0.5477487 
0.5478234 
0.5434709 
0.5465540 
0.5473355 
0.5497605 
0.5457567 
0.5511747 
0.5523804 
0.5533068 
0.5445821 
0.5540251 
0.5485297 
0.5576014 
0.5601595 
0.5532911 
0.5495440 
0.5471683 
0.5449975 
0.5394264 
0.5402447 
0.5403501 
0.5351492 
0.5311279 
0.5354280 
0.5281795 
0.5243058 
0.5179744 
0.5180997 
0.5109782 
0.5221616 
0.5086080 
0.5100520 
0.5103404 
0.5110216 
0.5172902 
0.5156399 
0.5182501 
0.5173211 
0.5304174 
0.5465719 
0.5407128 
0.5457449 
0.5498989 
0.5494213 
0.5426938 
0.5410559 
0.5291768 
0.5299156 
0.5241823 
0.5230527 
0.5186762 
0.5099802 
0.5035514 
0.5044894 
0.5015617 
0.5353834 
0.5304422 
0.5240483 
0.5283055 
0.5335553 
0.5435997 
0.5509981 
0.5549698 
0.5501365 
0.5496614 
0.5424475 
0.5342721 
0.5322545 
0.5411417 
0.5501539 
0.5468365 
0.5495565 
0.5446705 
0.5417063 
0.5319449 
0.5243630 
0.5153649 
0.5058489 
0.4996640 
0.5025099 
0.4850178 
0.4874159 
0.4916322 
0.4879180 
0.4843046 
0.4881940 
0.4837624 
0.4930638 
0.4780775 
0.4754099 
0.4765137 
0.4857891 
0.4895482 
0.4908539 
0.4906991 
0.4824096 
0.4862982 
0.4852284 
0.4745048 
0.4802228 
0.4738089 
0.4875529 
0.4862806 
0.4872456 
0.4879592 
0.4807137 
0.4791137 
0.4783726 
0.4708243 
0.4690898 
0.4714392 
0.4762372 
0.4683637 
0.4667087 
0.4730706 
0.4726152 
0.4791671 
0.4859629 
0.4851898 
0.4923287 
0.4929219 
0.4851730 
0.4818048 
0.4835144 
0.4745860 
0.4608409 
0.4586900 
0.4550762 
0.4540027 
0.4402204 
0.4400342 
0.4399005 
0.4402824 
0.4468439 
0.4589039 
0.4565660 
0.4602552 
0.4585200 
0.4540401 
0.4468393 
0.4358236 
0.4451395 
0.4491653 
0.4487631 
0.4283305 
0.4257454 
0.4309705 
0.4302040 
0.4351459 
0.4329514 
0.4535536 
0.4501561 
0.4555446 
0.4419838 
0.4482014 
0.4365286 
0.4351252 
0.4401193 
0.4348826 
0.4326120 
0.4404593 
0.4484939 
0.4376922 
0.4471922 
0.4453290 
0.4484720 
0.4591537 
0.4472196 
0.4258509 
0.4337009 
0.4266746 
0.4262442 
0.4244684 
0.4281027 
0.4217431 
0.4413906 
0.4498216 
0.4474097 
0.4544707 
0.4503480 
0.4542022 
0.4394582 
0.4382124 
0.4426249 
0.4319965 
0.4169142 
0.4164259 
0.4252116 
0.4126582 
0.4204383 
0.4196143 
0.4278890 
0.4147080 
0.4308286 
0.4446989 
0.4402527 
0.4356826 
0.4292387 
0.4183185 
0.4274606 
0.4196793 
0.4248469 
0.4203319 
0.4294762 
0.4269590 
0.4265428 
0.4280737 
0.4144955 
0.4016916 
0.4105732 
0.4151937 
0.4039173 
0.3950335 
0.4077164 
0.4002811 
0.4012468 
0.4226709 
0.4179159 
0.4325964 
0.4216460 
0.4222204 
0.4215756 
0.4218476 
0.4215586 
0.4194762 
0.4129495 
0.4169613 
0.4037910 
0.4130321 
0.4094174 
0.4051069 
0.3941341 
0.3976179 
0.3965846 
0.3975610 
0.3858473 
0.3706374 
0.3783997 
0.3803043 
0.3732834 
0.3725465 
0.3722110 
0.3833619 
0.3931604 
0.4000151 
0.4088255 
0.4031579 
0.3969933 
0.4066811 
0.4100529 
0.4113482 
0.4234882 
0.4321243 
0.4281260 
0.4270942 
0.4140331 
0.4140784 
0.4150794 
0.4212875 
0.4239252 
0.4213754 
0.4306183 
0.4101475 
0.4076943 
0.4048683 
0.4040048 
0.4025085 
0.3998363 
0.3959097 
0.3894631 
0.4035028 
0.4134821 
0.4084130 
0.4192832 
0.4088365 
0.4200475 
0.4065195 
0.3939396 
0.3833458 
0.3806232 
0.3824980 
0.3833395 
0.3791510 
0.3703763 
0.3693044 
0.3756347 
0.3735098 
0.3695104 
0.3644157 
0.3877780 
0.4032855 
0.4143235 
0.4177200 
0.4166819 
0.4166002 
0.4269828 
0.4123470 
0.3954280 
0.3985046 
0.3907457 
0.3890090 
0.3960896 
0.3752802 
0.3753787 
0.3837172 
0.3806478 
0.3975508 
0.3910340 
0.3694125 
0.3718083 
0.3760230 
0.3801467 
0.3908851 
0.3932734 
0.4113788 
0.4198405 
0.4013794 
0.3959724 
0.3833753 
0.3764368 
0.3847267 
0.3734383 
0.3652462 
0.3581141 
0.3613329 
0.3668787 
0.3759042 
0.3753562 
0.3677576 
0.3667488 
0.3604109 
0.3719644 
0.3952541 
0.4020962 
0.4097376 
0.4053479 
0.3986092 
0.4012931 
0.3950248 
0.3875424 
0.3979390 
0.3982065 
0.3885462 
0.3814837 
0.3709190 
0.3530806 
0.3659969 
0.3729730 
0.3806027 
0.3798180 
0.3717630 
0.3705440 
0.3796983 
0.3693185 
0.3706711 
0.3747648 
0.3652771 
0.3555811 
0.3725373 
0.3633124 
0.3876174 
0.3886380 
0.3897854 
0.3862718 
0.3868333 
0.3898886 
0.3898498 
0.3761210 
0.3704157 
0.3581609 
0.3599270 
0.3491896 
0.3566924 
0.3488685 
0.3503831 
0.3426004 
0.3407487 
0.3456066 
0.3341475 
0.3406855 
0.3227005 
0.3239935 
0.3264355 
0.3403125 
0.3531441 
0.3527071 
0.3539278 
0.3523715 
0.3423039 
0.3381286 
0.3426235 
0.3436651 
0.3299653 
0.3262878 
0.3221315 
0.3301627 
0.3290600 
0.3303461 
0.3272047 
0.3253345 
0.3218589 
0.3195686 
0.3204829 
0.3301655 
0.3196041 
0.3237842 
0.3261446 
0.3243181 
0.3185778 
0.3046315 
0.3116848 
0.3174287 
0.3123585 
0.3162500 
0.3187125 
0.3269332 
0.3291835 
0.3290799 
0.3267496 
0.3272100 
0.3244976 
0.3197178 
0.3160573 
0.3266077 
0.3198132 
0.3198335 
0.3124947 
0.3239848 
0.3085180 
0.3089657 
0.3095310 
0.3014363 
0.2978901 
0.2973385 
0.2912650 
0.2885691 
0.2848959 
0.2830057 
0.2874289 
0.2930282 
0.2989974 
0.3018519 
0.3166884 
0.3224240 
0.3247652 
0.3249025 
0.3211624 
0.3296447 
0.3271437 
0.3281445 
0.3325062 
0.3259188 
0.3181938 
0.3066613 
0.2988356 
0.2914384 
0.2930443 
0.2939029 
0.2902001 
0.2944736 
0.2936878 
0.2920960 
0.2995911 
0.3139371 
0.3142626 
0.3208271 
0.3265357 
0.3322207 
0.3351699 
0.3197994 
0.3067133 
0.2958901 
0.2923985 
0.2942164 
0.3028928 
0.2980951 
0.2972424 
0.2931161 
0.2978613 
0.2934718 
0.2871181 
0.2880551 
0.2919170 
0.2911113 
0.2788473 
0.2827526 
0.2854657 
0.2967666 
0.3118880 
0.3121558 
0.3176947 
0.3246745 
0.3188093 
0.3291746 
0.3260750 
0.3260925 
0.3272413 
0.3249464 
0.3018413 
0.2951288 
0.2937809 
0.2859454 
0.2781903 
0.2699635 
0.2678116 
0.2629915 
0.2625569 
0.2598317 
0.2738250 
0.2778165 
0.2796694 
0.2734242 
0.2737669 
0.2675593 
0.2699502 
0.2675056 
0.2704093 
0.2676007 
0.2598138 
0.2461465 
0.2464349 
0.2476880 
0.2607141 
0.2565928 
0.2603605 
0.2620823 
0.2734679 
0.2811978 
0.2791475 
0.2709459 
0.2638912 
0.2466238 
0.2307954 
0.2327940 
0.2347553 
0.2368516 
0.2296966 
0.2313007 
0.2239510 
0.2302161 
0.2287387 
0.2140254 
0.2119695 
0.2153314 
0.2183351 
0.2236052 
0.2306142 
0.2281546 
0.2351911 
0.2385037 
0.2536376 
0.2598931 
0.2660370 
0.2694078 
0.2703417 
0.2602883 
0.2600992 
0.2604823 
0.2637973 
0.2756241 
0.2675844 
0.2676401 
0.2651009 
0.2597921 
0.2563540 
0.2604085 
0.2544405 
0.2577578 
0.2398797 
0.2325519 
0.2220713 
0.2158933 
0.2043867 
0.1955804 
0.1925976 
0.1862673 
0.1832592 
0.1761161 
0.1675698 
0.1629138 
0.1666633 
0.1663425 
0.1736263 
0.1831077 
0.1921326 
0.2404012 
0.2587291 
0.2571634 
0.2489508 
0.2494076 
0.2520217 
0.2505393 
0.2420782 
0.2421362 
0.2439875 
0.2497600 
0.2404797 
0.2339810 
0.2295270 
0.2222524 
0.2125629 
0.2018916 
0.1979877 
0.1972695 
0.2019683 
0.2022049 
0.2002051 
0.1973658 
0.2054745 
0.2105008 
0.2179727 
0.2166771 
0.2148201 
0.2134439 
0.2080207 
0.2154642 
0.2071319 
0.2046164 
0.1966522 
0.1957546 
0.2001170 
0.2163693 
0.2134284 
0.2173940 
0.2143209 
0.2177377 
0.2176891 
0.2053164 
0.1962494 
0.1858170 
0.1856994 
0.1787418 
0.1786431 
0.1781599 
0.1817863 
0.1784056 
0.1655997 
0.1722131 
0.1699507 
0.1710358 
0.1567988 
0.1586628 
0.1567050 
0.1466524 
0.1466652 
0.1521658 
0.1564603 
0.1499605 
0.1478426 
0.1518259 
0.1466664 
0.1488601 
0.1432610 
0.1437223 
0.1501664 
0.1516465 
0.1486068 
0.1474899 
0.1524599 
0.1503582 
0.1505382 
0.1530246 
0.1588892 
0.1637073 
0.1729808 
0.1760392 
0.1687181 
0.1800828 
0.1804065 
0.1838213 
0.1801856 
0.1788906 
0.1744587 
0.1698830 
0.1701110 
0.1687357 
0.1688168 
0.1666207 
0.1844933 
0.1849443 
0.1797740 
0.1772882 
0.1709548 
0.1561724 
0.1557879 
0.1479429 
0.1423659 
0.1382554 
0.1352869 
0.1486054 
0.1608145 
0.1654739 
0.1737404 
0.1738423 
0.1590861 
0.1530922 
0.1455334 
0.1418103 
0.1482782 
0.1445104 
0.1354104 
0.1457599 
0.1382562 
0.1321229 
0.1342182 
0.1425842 
0.1410435 
0.1480391 
0.1440974 
0.1462375 
0.1409142 
0.1306318 
0.1276581 
0.1335217 
0.1396003 
0.1356083 
0.1325847 
0.1329865 
0.1449318 
0.1411305 
0.1386688 
0.1448292 
0.1455090 
0.1483596 
0.1572617 
0.1487834 
0.1450853 
0.1528100 
0.1493914 
0.1401001 
0.1428722 
0.1254626 
0.1344142 
0.1423659 
0.1402353 
0.1388973 
0.1350129 
0.1213371 
0.1307117 
0.1284913 
0.1229252 
0.1123601 
0.1152328 
0.1126753 
0.1183236 
0.1149976 
0.1166546 
0.1262556 
0.1331825 
0.1298669 
0.1306676 
0.1247104 
0.1214406 
0.1179767 
0.1225480 
0.1148034 
0.1188768 
0.1170136 
0.1119158 
0.1137794 
0.1143893 
0.1182837 
0.1097214 
0.1095925 
0.1092703 
0.1192853 
0.1088406 
0.1167722 
0.1283553 
0.1318681 
0.1333363 
0.1370787 
0.1360956 
0.1231878 
0.1282336 
0.1258132 
0.1141989 
0.1147930 
0.1166296 
0.1201922 
0.1168161 
0.1145020 
0.1118975 
0.1141863 
0.1183458 
0.1195792 
0.1201685 
0.1230184 
0.1260399 
0.1254072 
0.1338900 
0.1556195 
0.1740454 
0.1788284 
0.1692118 
0.1649202 
0.1452183 
0.1249558 
0.1201329 
0.1142901 
0.1104130 
0.1073828 
0.1147195 
0.1074483 
0.1051711 
0.1145317 
0.1147842 
0.1068990 
0.1024001 
0.0885659 
0.0869583 
0.0884539 
0.0993567 
0.1010615 
0.1075529 
0.1073287 
0.1039576 
0.1077347 
0.1051578 
0.1052048 
0.1064455 
0.1108934 
0.1050680 
0.1072414 
0.1039110 
0.0998128 
0.1002126 
0.1040723 
0.1029275 
0.1011800 
0.1032229 
0.1114538 
0.1174452 
0.1169193 
0.1188640 
0.1221269 
0.1327247 
0.1306832 
0.1090157 
0.0974073 
0.0931185 
0.0898761 
0.0918633 
0.0853459 
0.0902277 
0.0980909 
0.0943548 
0.0882618 
0.0814890 
0.0829135 
0.0827105 
0.0818177 
0.0744245 
0.0714320 
0.0784304 
0.0754942 
0.0663434 
0.0692111 
0.0624193 
0.0662630 
0.0650752 
0.0619000 
0.0441586 
0.0368268 
0.0341761 
0.0430089 
0.0467310 
0.0542322 
0.0559470 
0.0718282 
0.0708631 
0.0731766 
0.0727998 
0.0624658 
0.0634240 
0.0510322 
0.0491863 
0.0492095 
0.0551323 
0.0551139 
0.0555903 
0.0494240 
0.0618452 
0.0600223 
0.0579444 
0.0654043 
0.0755254 
0.0569791 
0.0598172 
0.0612244 
0.0671336 
0.0665960 
0.0601444 
0.0636205 
0.0649485 
0.0577086 
0.0532031 
0.0484687 
0.0586807 
0.0498146 
0.0420214 
0.0278297 
0.0208742 
0.0196029 
0.0181436 
0.0225004 
0.0157621 
0.0052304 
0.0194989 
0.0251005 
0.0370986 
0.0352768 
0.0373959 
0.0226180 
0.0265855 
0.0237014 
0.0241047 
0.0275668 
0.0316761 
0.0305919 
0.0165565 
0.0216036 
0.0176906 
0.0233313 
0.0282817 
0.0303263 
0.0259924 
0.0137303 
0.0130777 
0.0165415 
0.0291202 
0.0340019 
0.0467647 
0.0580512 
0.0608628 
0.0621485 
0.0639112 
0.0605283 
0.0290337 
0.0255246 
0.0195299 
0.0134679 
0.0092582 
0.0095501 
0.0038817 
0.0020860 
0.0160992 
0.0150195 
0.0162527 
0.0109266 
0.0000000 
0.0015933 
0.0088971 
0.0235091 
0.0331071 
0.0278969 
0.0172203 
0.0241512 
0.0315762 
0.0356429 
0.0421433 
0.0312752 
0.0260638 
0.0286248 
0.0310526 
0.0347765 
0.0389834 
0.0433485 
0.0423452 
0.0399005 
0.0321872 
0.0215585 
0.0107462 
