-0.0000649 
0.0001836 
0.0000246 
0.3474349 
0.1230926 
-0.0555984 
0.9773391 
0.9715756 
0.9600874 
0.9817672 
0.9746089 
0.9693604 
0.9764466 
0.9764020 
0.9652172 
0.9790485 
0.9812474 
0.9842859 
0.9779723 
0.9853983 
0.9760928 
0.9725525 
0.9831396 
0.9891207 
0.9770565 
0.9823843 
0.9887856 
0.9801535 
0.9816875 
0.9755399 
0.9788890 
0.9818955 
0.9712221 
0.9810629 
0.9928682 
0.9831099 
0.9783497 
0.9789910 
0.9833891 
0.9786050 
0.9892510 
0.9947675 
0.9848652 
0.9812180 
0.9773021 
0.9910732 
1.0000000 
0.9749550 
0.9770959 
0.9669729 
0.9862533 
0.9776870 
0.9709673 
0.9718800 
0.9433659 
0.9807412 
0.9800724 
0.9443225 
0.9770135 
0.9735140 
0.9658446 
0.9650099 
0.9586866 
0.9530223 
0.9603675 
0.9655612 
0.9477621 
0.9454486 
0.9686121 
0.9688961 
0.9323977 
0.9583698 
0.9657651 
0.9527884 
0.9545995 
0.9210608 
0.9341317 
0.9373167 
0.9459807 
0.9421194 
0.9278733 
0.9354798 
0.9437531 
0.9405988 
0.9539679 
0.9170382 
0.9272153 
0.9258965 
0.9246008 
0.9398703 
0.9298085 
0.9242185 
0.9465691 
0.9657265 
0.9193108 
0.9231700 
0.9160032 
0.9538571 
0.9173962 
0.9239882 
0.9198132 
0.9096265 
0.9123747 
0.9336585 
0.9322011 
0.9329682 
0.9087564 
0.9090170 
0.9004562 
0.9063994 
0.8848643 
0.8817443 
0.9013733 
0.9008013 
0.9038907 
0.8681483 
0.9013081 
0.8771302 
0.8847910 
0.8776222 
0.8839907 
0.8710981 
0.8682574 
0.8758629 
0.8859640 
0.8962096 
0.8902480 
0.8837612 
0.8917042 
0.8846341 
0.8918959 
0.8731742 
0.8862943 
0.8976650 
0.8929020 
0.8997770 
0.9033650 
0.8948777 
0.8815147 
0.8980188 
0.8987997 
0.8825402 
0.8967956 
0.8877450 
0.8823873 
0.8915437 
0.9002787 
0.8975488 
0.9042615 
0.9062897 
0.9061773 
0.9002731 
0.8971339 
0.8814859 
0.8763099 
0.8895298 
0.8923489 
0.8842151 
0.8806502 
0.8866644 
0.8886736 
0.8788733 
0.8784067 
0.8597611 
0.8701116 
0.8873954 
0.8726822 
0.8602254 
0.8667426 
0.8718064 
0.8599059 
0.8689317 
0.8745918 
0.8836442 
0.8685233 
0.8864660 
0.8594627 
0.8664863 
0.8669161 
0.8709729 
0.8555547 
0.8492644 
0.8569396 
0.8618473 
0.8673259 
0.8621208 
0.8678415 
0.8486462 
0.8555899 
0.8695728 
0.8687294 
0.8656254 
0.8662258 
0.8570380 
0.8515725 
0.8476312 
0.8407504 
0.8695733 
0.8744069 
0.8777219 
0.8446784 
0.8596765 
0.8471924 
0.8667836 
0.8836298 
0.8691215 
0.8549395 
0.8461439 
0.8522927 
0.8662931 
0.8584598 
0.8490331 
0.8566456 
0.8415788 
0.8424630 
0.8640581 
0.8651676 
0.8653744 
0.8660605 
0.8725547 
0.8605153 
0.8720506 
0.8854541 
0.8598853 
0.8442582 
0.8713366 
0.8625507 
0.8652936 
0.8618247 
0.8598530 
0.8602470 
0.8679073 
0.8451652 
0.8591696 
0.8645629 
0.8579851 
0.8453244 
0.8473205 
0.8400735 
0.8583914 
0.8470362 
0.8517917 
0.8463369 
0.8446343 
0.8400239 
0.8425157 
0.8339788 
0.8273261 
0.8408817 
0.8383852 
0.8347886 
0.8318421 
0.8381339 
0.8141247 
0.8182530 
0.8269464 
0.8092100 
0.8243468 
0.8394733 
0.8166960 
0.8337000 
0.8234702 
0.8184407 
0.8271902 
0.8464582 
0.8191507 
0.8345618 
0.8289188 
0.8216148 
0.8238474 
0.8355573 
0.8212056 
0.8172890 
0.8300336 
0.8154058 
0.8116580 
0.8415975 
0.8290470 
0.8116811 
0.8457820 
0.8437060 
0.8180824 
0.8195396 
0.8292415 
0.8384796 
0.8195654 
0.8298289 
0.8327802 
0.8108008 
0.8003831 
0.8240805 
0.7966506 
0.7821710 
0.8144421 
0.8210069 
0.8173847 
0.7943579 
0.7947491 
0.7983980 
0.7881750 
0.7834176 
0.7954765 
0.8001799 
0.8140444 
0.8006574 
0.8051329 
0.7994545 
0.7776640 
0.7897955 
0.7891396 
0.8105103 
0.7961268 
0.7725686 
0.7837667 
0.8093302 
0.8089660 
0.7956764 
0.7886603 
0.8068221 
0.8154912 
0.8039423 
0.7842434 
0.7731977 
0.7962814 
0.8022479 
0.8203447 
0.8040488 
0.7923999 
0.7922383 
0.7796054 
0.7676149 
0.7823961 
0.7829530 
0.7869876 
0.7751141 
0.7986449 
0.7841484 
0.7759378 
0.7883722 
0.7982028 
0.7591620 
0.7725202 
0.7579217 
0.7908487 
0.8191174 
0.8002246 
0.7735225 
0.7610379 
0.7792612 
0.7604881 
0.7741728 
0.7887276 
0.7828074 
0.7703466 
0.7879018 
0.7984055 
0.7767045 
0.7824086 
0.7835726 
0.7785323 
0.7903377 
0.7966055 
0.7862888 
0.7707473 
0.7764496 
0.7974710 
0.8025699 
0.7905228 
0.7863305 
0.7944337 
0.7731084 
0.7682569 
0.7844715 
0.7830681 
0.7625430 
0.7827933 
0.7944805 
0.7789332 
0.7855469 
0.7840657 
0.7847733 
0.7761553 
0.7676197 
0.7698323 
0.7685053 
0.7673360 
0.7446383 
0.7662412 
0.7617786 
0.7518810 
0.7640964 
0.7610203 
0.7723204 
0.7805296 
0.7542304 
0.7794984 
0.7824726 
0.7651143 
0.7743411 
0.7594227 
0.7557929 
0.7661224 
0.7649398 
0.7635224 
0.7432318 
0.7568279 
0.7653928 
0.7819171 
0.7444202 
0.7502931 
0.7676187 
0.7706047 
0.7734187 
0.7598931 
0.7442594 
0.7405558 
0.7542397 
0.7713183 
0.7558657 
0.7403901 
0.7544401 
0.7774761 
0.7724826 
0.7516026 
0.7638862 
0.7669508 
0.7693230 
0.7533778 
0.7632941 
0.7521901 
0.7478303 
0.7351610 
0.7493154 
0.7491206 
0.7539350 
0.7311710 
0.7344755 
0.7588349 
0.7637303 
0.7501664 
0.7566442 
0.7426601 
0.7516597 
0.7367817 
0.7664493 
0.7472865 
0.7559350 
0.7491355 
0.7581567 
0.7442661 
0.7490935 
0.7337252 
0.7335563 
0.7381723 
0.7349813 
0.7445329 
0.7463832 
0.7349897 
0.7429518 
0.7420737 
0.7324160 
0.7362430 
0.7397374 
0.7263927 
0.7295501 
0.7300114 
0.7263588 
0.7339971 
0.7358586 
0.7216164 
0.7283981 
0.7239336 
0.7155295 
0.7352190 
0.7212244 
0.7163154 
0.7224564 
0.7158726 
0.7354274 
0.7296543 
0.7299727 
0.7225083 
0.7207568 
0.7261775 
0.7299820 
0.7249195 
0.7265060 
0.7515160 
0.7378644 
0.7244913 
0.7161952 
0.7261515 
0.7253660 
0.7216460 
0.7266294 
0.7148701 
0.7356389 
0.7207062 
0.7250183 
0.7170675 
0.7286463 
0.7151736 
0.7145807 
0.7078659 
0.7163467 
0.7192225 
0.7247139 
0.7041053 
0.7152026 
0.7093928 
0.7103720 
0.7232651 
0.7171974 
0.7136814 
0.6903407 
0.6921895 
0.7117260 
0.7044024 
0.7171062 
0.7073069 
0.7024549 
0.6923592 
0.6999486 
0.7081808 
0.7008952 
0.7078300 
0.6827430 
0.6866329 
0.6998154 
0.6904230 
0.7112539 
0.7013333 
0.7080465 
0.7043963 
0.7140106 
0.7098339 
0.6922268 
0.6931292 
0.6805443 
0.6869952 
0.6995272 
0.6714839 
0.6829577 
0.6919987 
0.7263709 
0.7133738 
0.6797312 
0.6967556 
0.7253161 
0.7172163 
0.7138222 
0.7032690 
0.6994857 
0.7046301 
0.7038688 
0.6920627 
0.6646820 
0.6601765 
0.6885997 
0.7022257 
0.7033140 
0.6752934 
0.6645753 
0.6765749 
0.6991357 
0.6959414 
0.6796351 
0.6881143 
0.6755570 
0.6762621 
0.7035180 
0.7010889 
0.6970302 
0.6830934 
0.6894369 
0.6925189 
0.6756379 
0.6835630 
0.6775500 
0.6880835 
0.6718128 
0.6813246 
0.6933176 
0.6870674 
0.6789113 
0.6632131 
0.6779125 
0.6644652 
0.6683581 
0.6806756 
0.6780466 
0.6584631 
0.6769722 
0.6856801 
0.6788985 
0.6666074 
0.6761536 
0.6744783 
0.6718073 
0.6559395 
0.6646700 
0.6760630 
0.6772840 
0.6697503 
0.6517376 
0.6619954 
0.6683332 
0.6629090 
0.6746404 
0.6786076 
0.6607927 
0.6594695 
0.6620934 
0.6689388 
0.6530149 
0.6616905 
0.6657467 
0.6568213 
0.6668057 
0.6628222 
0.6697434 
0.6523011 
0.6489883 
0.6546113 
0.6592248 
0.6546669 
0.6537620 
0.6472472 
0.6509992 
0.6532414 
0.6518902 
0.6748879 
0.6461859 
0.6223924 
0.6297143 
0.6460663 
0.6751271 
0.6331976 
0.6622928 
0.6734897 
0.6605419 
0.6609625 
0.6302724 
0.6278680 
0.6386973 
0.6518563 
0.6318979 
0.6241326 
0.6517574 
0.6243851 
0.6456856 
0.6210946 
0.6156326 
0.6510941 
0.6357017 
0.6481221 
0.6393895 
0.6545632 
0.6394734 
0.6673083 
0.6438810 
0.6886584 
0.6743907 
0.6763025 
0.6545273 
0.6483669 
0.6459848 
0.6581509 
0.6478685 
0.6560806 
0.6625846 
0.6665355 
0.6485720 
0.6687727 
0.6601181 
0.6894097 
0.6583925 
0.6705448 
0.6399583 
0.6379577 
0.6273094 
0.6675910 
0.6393154 
0.6082005 
0.6115573 
0.6474488 
0.6732819 
0.6385381 
0.6629462 
0.6406752 
0.6353139 
0.6248751 
0.6362079 
0.6336135 
0.6271338 
0.6114410 
0.6309144 
0.6194723 
0.6145764 
0.5943079 
0.6048501 
0.6287283 
0.6184699 
0.5740379 
0.5968683 
0.6087125 
0.6340813 
0.6211179 
0.5939733 
0.6030916 
0.6030769 
0.6150515 
0.5914990 
0.5933608 
0.6340355 
0.6134863 
0.5875195 
0.5698294 
0.6003670 
0.6591203 
0.6190105 
0.6374806 
0.6334096 
0.6209230 
0.6212525 
0.6100847 
0.6301786 
0.6696890 
0.6389257 
0.6132726 
0.6220256 
0.6110720 
0.6070584 
0.6102528 
0.5898298 
0.5984836 
0.6024153 
0.6121456 
0.6160064 
0.6010199 
0.5938925 
0.5870816 
0.5693894 
0.5544687 
0.6108124 
0.6142127 
0.6093933 
0.6093729 
0.6230004 
0.6070585 
0.6073641 
0.5952095 
0.5917680 
0.6028420 
0.6161536 
0.6205969 
0.6380025 
0.6054242 
0.5934263 
0.5843454 
0.5940091 
0.5781390 
0.5857778 
0.6013534 
0.6081912 
0.5874628 
0.5901761 
0.6108036 
0.6133866 
0.6042617 
0.6126466 
0.6019055 
0.5857107 
0.5831709 
0.5884848 
0.5876419 
0.5854127 
0.6164812 
0.6308254 
0.6047919 
0.5940550 
0.5812510 
0.5680787 
0.5820635 
0.5938706 
0.5767009 
0.5429766 
0.5716166 
0.5850990 
0.5973091 
0.5731478 
0.5606974 
0.5595275 
0.5838282 
0.5935834 
0.5770595 
0.5392606 
0.5607568 
0.5642733 
0.5574081 
0.5617096 
0.5514218 
0.5634021 
0.5730778 
0.5712535 
0.5694333 
0.5727198 
0.5764760 
0.5694221 
0.5628963 
0.5718143 
0.5569903 
0.5639012 
0.5718166 
0.5703219 
0.5531301 
0.5483434 
0.5601579 
0.5579653 
0.5738439 
0.5490672 
0.5344079 
0.5369330 
0.5558992 
0.5712240 
0.5628817 
0.5642909 
0.5569797 
0.5678691 
0.5725415 
0.5609605 
0.5375743 
0.5460284 
0.5651424 
0.5782853 
0.5602918 
0.5598224 
0.5519757 
0.5677012 
0.5903743 
0.5872156 
0.5773590 
0.5725054 
0.5799441 
0.5876364 
0.5985106 
0.5848579 
0.5545216 
0.5664864 
0.5723061 
0.5859147 
0.5832169 
0.5724510 
0.5655323 
0.5601160 
0.5769704 
0.5987157 
0.5938740 
0.5893464 
0.5758700 
0.5796842 
0.5667363 
0.5699877 
0.5686847 
0.5656629 
0.5615495 
0.5632834 
0.5787345 
0.5581471 
0.5631785 
0.5660612 
0.5761469 
0.5604472 
0.5662834 
0.5563589 
0.5558035 
0.5493513 
0.5694996 
0.5511274 
0.5595517 
0.5580613 
0.5649654 
0.5388591 
0.5531406 
0.5433823 
0.5668817 
0.5419402 
0.5595001 
0.5584530 
0.5635576 
0.5438737 
0.5588009 
0.5615852 
0.5586498 
0.5533083 
0.5663847 
0.5600813 
0.5555724 
0.5407852 
0.5589434 
0.5629605 
0.5641852 
0.5458564 
0.5691139 
0.5569181 
0.5718532 
0.5532912 
0.5468699 
0.5476694 
0.5672619 
0.5615419 
0.5418306 
0.5472066 
0.5599860 
0.5631223 
0.5389655 
0.5351540 
0.5338355 
0.5477502 
0.5351217 
0.5423775 
0.5592527 
0.5427115 
0.5349176 
0.5286146 
0.5536066 
0.5544897 
0.5437439 
0.5317873 
0.5477643 
0.5554715 
0.5445351 
0.5240578 
0.5218502 
0.5418143 
0.5485608 
0.5007174 
0.5204013 
0.5428347 
0.5392559 
0.5285680 
0.5121945 
0.5440535 
0.5321413 
0.5351063 
0.5432248 
0.5177709 
0.5524602 
0.5499300 
0.5423190 
0.5405173 
0.5247454 
0.5130406 
0.5354903 
0.5439090 
0.5413486 
0.5295153 
0.5356872 
0.5411568 
0.5345070 
0.5342054 
0.5355638 
0.5442906 
0.5407719 
0.5171901 
0.5125516 
0.5278061 
0.5265049 
0.5039751 
0.5137927 
0.5343924 
0.5318588 
0.5060390 
0.5125987 
0.5181393 
0.5185135 
0.4993914 
0.5141166 
0.5148032 
0.4961361 
0.5035369 
0.5113006 
0.5150555 
0.5171224 
0.5157033 
0.5170576 
0.5293374 
0.5134349 
0.5062546 
0.5306140 
0.5106450 
0.4938735 
0.4974198 
0.5086349 
0.4999188 
0.5066631 
0.5085846 
0.4947612 
0.4893174 
0.5118505 
0.5094832 
0.4974031 
0.4972451 
0.5075724 
0.5104541 
0.5014737 
0.5040828 
0.5164987 
0.5181632 
0.4936998 
0.5020154 
0.5167571 
0.5018328 
0.4861024 
0.4876966 
0.5069124 
0.5163675 
0.4912395 
0.4817156 
0.5028089 
0.5037319 
0.5089451 
0.4914314 
0.4807599 
0.5109724 
0.5103430 
0.4823701 
0.4892271 
0.5005234 
0.5197675 
0.4915406 
0.4698064 
0.4823231 
0.4885890 
0.4863013 
0.4902576 
0.4873587 
0.4795186 
0.4959836 
0.4964140 
0.4929157 
0.4898602 
0.5020626 
0.5059546 
0.4982789 
0.4856266 
0.4640975 
0.4686930 
0.4777384 
0.4753294 
0.4608532 
0.4446389 
0.4506648 
0.4503608 
0.4569212 
0.4558806 
0.4474356 
0.4621969 
0.4705122 
0.4882876 
0.4841342 
0.4595041 
0.4474544 
0.4415213 
0.4554405 
0.4614180 
0.4707452 
0.4695388 
0.4484098 
0.4411391 
0.4560465 
0.4622468 
0.4732860 
0.4639217 
0.4580470 
0.4355479 
0.4509413 
0.4431919 
0.4437383 
0.4506835 
0.4545475 
0.4646501 
0.4427231 
0.4470634 
0.4492419 
0.4622073 
0.4493867 
0.4539798 
0.4357273 
0.4346061 
0.4448348 
0.4431073 
0.4492789 
0.4499923 
0.4464799 
0.4393875 
0.4371827 
0.4356652 
0.4358665 
0.4328967 
0.4292673 
0.4491884 
0.4550689 
0.4438090 
0.4367223 
0.4220842 
0.4387113 
0.4495944 
0.4414164 
0.4424084 
0.4499570 
0.4494418 
0.4434575 
0.4367566 
0.4391540 
0.4417811 
0.4407831 
0.4395119 
0.4313758 
0.4323873 
0.4449533 
0.4485210 
0.4664749 
0.4720006 
0.4690841 
0.4621879 
0.4584205 
0.4552181 
0.4581648 
0.4664247 
0.4648033 
0.4573071 
0.4595377 
0.4736329 
0.4712587 
0.4683399 
0.4722616 
0.4680242 
0.4677198 
0.4702200 
0.4565034 
0.4519030 
0.4608452 
0.4513598 
0.4202856 
0.4259828 
0.4421189 
0.4616155 
0.4522812 
0.4338642 
0.4383691 
0.4446265 
0.4517783 
0.4507195 
0.4222292 
0.4271386 
0.4361466 
0.4412274 
0.4442913 
0.4341886 
0.4331496 
0.4397796 
0.4343103 
0.4311429 
0.4355192 
0.4401977 
0.4328302 
0.4170877 
0.4112218 
0.4330449 
0.4494669 
0.4258055 
0.4051673 
0.4123070 
0.4215205 
0.4369983 
0.4287559 
0.4126740 
0.4115892 
0.4106296 
0.4166556 
0.4206080 
0.4165110 
0.4017331 
0.3989487 
0.4179019 
0.4265103 
0.4167435 
0.4147274 
0.4033222 
0.4086930 
0.3982572 
0.4036872 
0.4230331 
0.4211825 
0.4040093 
0.3888989 
0.4156979 
0.4492926 
0.4463013 
0.4452643 
0.4397779 
0.4294973 
0.4233766 
0.4269172 
0.4325052 
0.4135517 
0.3965444 
0.3950285 
0.4123686 
0.4263495 
0.4242569 
0.4185485 
0.4103251 
0.4013568 
0.4021902 
0.4123874 
0.4157889 
0.4262296 
0.4160656 
0.4007991 
0.3853304 
0.3975632 
0.4126132 
0.3973291 
0.3775221 
0.4127637 
0.4364893 
0.4304078 
0.4189342 
0.4127165 
0.4009427 
0.3934262 
0.3892193 
0.4051415 
0.4193424 
0.4099535 
0.3930230 
0.4086593 
0.4125514 
0.4075915 
0.3711953 
0.3782419 
0.4154858 
0.4395586 
0.3964746 
0.3701027 
0.4012255 
0.4135803 
0.4029144 
0.3995729 
0.3998038 
0.4283355 
0.4289826 
0.3884692 
0.3846890 
0.4048963 
0.4187495 
0.4248111 
0.4102510 
0.4241138 
0.4284089 
0.4285973 
0.4175789 
0.4115226 
0.4189531 
0.4174101 
0.3999576 
0.4033225 
0.4048263 
0.3916040 
0.3846903 
0.3828785 
0.3979976 
0.3942119 
0.3975727 
0.3953893 
0.3888568 
0.3982272 
0.3916371 
0.3852880 
0.3979699 
0.3988454 
0.3849060 
0.3777851 
0.3849862 
0.4084195 
0.4114734 
0.4097119 
0.3958578 
0.4138976 
0.4208988 
0.4100997 
0.4055411 
0.4033156 
0.4094739 
0.4063979 
0.4023836 
0.3969878 
0.3993491 
0.3950950 
0.3907870 
0.3859099 
0.3824535 
0.3946122 
0.3958715 
0.3876724 
0.3874176 
0.3846006 
0.3695454 
0.3909680 
0.4020847 
0.3941995 
0.4031742 
0.4033800 
0.3963963 
0.4024946 
0.3925641 
0.3861571 
0.3832655 
0.3747457 
0.3849393 
0.3837613 
0.3761729 
0.3699151 
0.3662049 
0.3695119 
0.3820106 
0.3786299 
0.3863348 
0.3672241 
0.3679760 
0.3729973 
0.3787624 
0.3810841 
0.3660264 
0.3718442 
0.3684440 
0.3754741 
0.3852879 
0.3911007 
0.3931785 
0.3886857 
0.4009750 
0.4019393 
0.3963604 
0.3902757 
0.4050817 
0.3908750 
0.3795404 
0.3650247 
0.3439023 
0.3519813 
0.3458807 
0.3469112 
0.3459421 
0.3459278 
0.3444318 
0.3513461 
0.3544601 
0.3689876 
0.3539287 
0.3512685 
0.3564925 
0.3747023 
0.3730027 
0.3700101 
0.3591385 
0.3707078 
0.3859526 
0.3969100 
0.3822428 
0.3820663 
0.3693606 
0.3769202 
0.3755671 
0.3712368 
0.3675706 
0.3778005 
0.3755302 
0.3549544 
0.3517049 
0.3560860 
0.3609006 
0.3560927 
0.3693061 
0.3571698 
0.3476405 
0.3613665 
0.3763663 
0.3699836 
0.3536355 
0.3403030 
0.3529670 
0.3657769 
0.3668206 
0.3679985 
0.3514660 
0.3497714 
0.3522463 
0.3603641 
0.3727490 
0.3709310 
0.3752680 
0.3743500 
0.3670865 
0.3659733 
0.3652117 
0.3756131 
0.3826106 
0.3544114 
0.3608106 
0.3553493 
0.3564090 
0.3522135 
0.3681334 
0.3578929 
0.3532651 
0.3511164 
0.3460105 
0.3380663 
0.3388213 
0.3339805 
0.3398028 
0.3451229 
0.3398126 
0.3368860 
0.3455949 
0.3562612 
0.3555976 
0.3559751 
0.3520080 
0.3593025 
0.3475816 
0.3449276 
0.3308407 
0.3331432 
0.3311561 
0.3357187 
0.3392007 
0.3380848 
0.3254175 
0.3235863 
0.3294576 
0.3330978 
0.3410421 
0.3308281 
0.3241545 
0.3104465 
0.3320295 
0.3199893 
0.3264566 
0.3222894 
0.3273046 
0.3338115 
0.3255213 
0.3150336 
0.3348748 
0.3321334 
0.3419811 
0.3440226 
0.3466327 
0.3480150 
0.3507172 
0.3332334 
0.3366676 
0.3416858 
0.3531918 
0.3303343 
0.3364514 
0.3274608 
0.3271193 
0.3250444 
0.3212322 
0.3176295 
0.3048284 
0.3155222 
0.3084597 
0.3265403 
0.3331177 
0.3226430 
0.3199648 
0.3376052 
0.3335257 
0.3420814 
0.3357429 
0.3210971 
0.3240952 
0.3208930 
0.3246542 
0.3186569 
0.3229190 
0.3200045 
0.3243184 
0.3161255 
0.3362442 
0.3440248 
0.3403497 
0.3385805 
0.3134734 
0.3283955 
0.3363760 
0.3226129 
0.3304359 
0.3438052 
0.3438064 
0.3320698 
0.3201137 
0.3177244 
0.3182069 
0.3131447 
0.3134706 
0.3144237 
0.3289452 
0.3365554 
0.3418019 
0.3409788 
0.3299814 
0.3219263 
0.3347619 
0.3346949 
0.3231938 
0.3237691 
0.3119033 
0.3156467 
0.3162699 
0.3152382 
0.3108712 
0.2990624 
0.3062897 
0.3168090 
0.3042031 
0.2900819 
0.2943959 
0.3141325 
0.3253862 
0.3273253 
0.3183434 
0.3040394 
0.3080723 
0.3158782 
0.3117118 
0.3223520 
0.3160994 
0.3080835 
0.3071920 
0.3166534 
0.3238030 
0.3248972 
0.3217240 
0.3195516 
0.3171280 
0.3175184 
0.3071334 
0.2934378 
0.2925917 
0.3085875 
0.3082411 
0.3088543 
0.3096251 
0.3011818 
0.3098250 
0.3115553 
0.3104093 
0.3035797 
0.3106258 
0.3133504 
0.3036673 
0.2885042 
0.2884515 
0.2899776 
0.2701264 
0.2825736 
0.3008845 
0.2991892 
0.3048960 
0.2976755 
0.2963194 
0.3021470 
0.3193373 
0.3223203 
0.3079857 
0.3080094 
0.3031827 
0.2987666 
0.2828581 
0.2742227 
0.2860623 
0.2894334 
0.2840621 
0.2820800 
0.2917547 
0.2902857 
0.2916659 
0.3029506 
0.2903196 
0.2852833 
0.2969809 
0.3060181 
0.2964764 
0.2621065 
0.2635376 
0.2889787 
0.3151182 
0.3049937 
0.2886841 
0.2974273 
0.2986297 
0.3041194 
0.2864837 
0.2913261 
0.3049226 
0.3141437 
0.3056650 
0.2889162 
0.2717712 
0.2744825 
0.2896283 
0.2839099 
0.2808724 
0.2906782 
0.2795854 
0.2623200 
0.2646977 
0.2837715 
0.2792980 
0.2817745 
0.2852569 
0.2780618 
0.2819261 
0.3011600 
0.3095225 
0.2928198 
0.2880922 
0.2858430 
0.2631722 
0.2643325 
0.2665073 
0.2698635 
0.2667835 
0.2732527 
0.2876294 
0.3044360 
0.3059906 
0.2966774 
0.2842088 
0.2762558 
0.2735849 
0.2785855 
0.2748055 
0.2731735 
0.2752523 
0.2705450 
0.2727751 
0.2737327 
0.2884445 
0.2856471 
0.2769785 
0.2846175 
0.2708544 
0.2663978 
0.2657051 
0.2790377 
0.2619389 
0.2672562 
0.2848530 
0.2705831 
0.2672616 
0.2690935 
0.2630717 
0.2534237 
0.2598502 
0.2621977 
0.2643558 
0.2668817 
0.2703252 
0.2665794 
0.2743061 
0.2773533 
0.2646090 
0.2509153 
0.2588377 
0.2473339 
0.2502629 
0.2577040 
0.2714669 
0.2723807 
0.2568552 
0.2550287 
0.2629690 
0.2551976 
0.2594722 
0.2521412 
0.2553288 
0.2771452 
0.2984915 
0.2964826 
0.2628556 
0.2755510 
0.2752370 
0.2599829 
0.2598903 
0.2750922 
0.2660479 
0.2615317 
0.2915375 
0.2807049 
0.2621669 
0.2682200 
0.2761625 
0.2718240 
0.2426332 
0.2538992 
0.2751456 
0.2795612 
0.2687198 
0.2723000 
0.2560083 
0.2601553 
0.2667147 
0.2711197 
0.2630827 
0.2590482 
0.2686859 
0.2761589 
0.2633127 
0.2495803 
0.2613477 
0.2691767 
0.2530070 
0.2622760 
0.2858504 
0.2904621 
0.2712491 
0.2735224 
0.2671480 
0.2452431 
0.2330028 
0.2445324 
0.2585957 
0.2566770 
0.2486878 
0.2582028 
0.2455777 
0.2484142 
0.2429835 
0.2484941 
0.2513330 
0.2582523 
0.2536921 
0.2636926 
0.2573157 
0.2400695 
0.2361780 
0.2491398 
0.2508490 
0.2409193 
0.2490401 
0.2608034 
0.2592544 
0.2328706 
0.2233306 
0.2245427 
0.2386397 
0.2338787 
0.2435885 
0.2403624 
0.2482768 
0.2498385 
0.2537069 
0.2453933 
0.2304232 
0.2471775 
0.2525143 
0.2481362 
0.2383561 
0.2405169 
0.2455738 
0.2448318 
0.2366631 
0.2269852 
0.2392512 
0.2336045 
0.2298197 
0.2314264 
0.2286688 
0.2368603 
0.2432531 
0.2370555 
0.2318229 
0.2366665 
0.2458278 
0.2490415 
0.2515435 
0.2472485 
0.2433947 
0.2377486 
0.2381113 
0.2369921 
0.2283186 
0.2248122 
0.2335018 
0.2333217 
0.2487574 
0.2291924 
0.2229887 
0.2316898 
0.2382411 
0.2455507 
0.2555793 
0.2518041 
0.2436156 
0.2447749 
0.2463866 
0.2530448 
0.2505318 
0.2398390 
0.2429528 
0.2365221 
0.2232257 
0.2145664 
0.2258711 
0.2380466 
0.2208633 
0.2096550 
0.2222212 
0.2147200 
0.2185025 
0.2357271 
0.2517378 
0.2423557 
0.2351520 
0.2503958 
0.2575495 
0.2522584 
0.2629735 
0.2556734 
0.2321829 
0.2324703 
0.2335604 
0.2332877 
0.2307571 
0.2161214 
0.2084297 
0.2201363 
0.2272593 
0.2159456 
0.2088108 
0.2041044 
0.2124514 
0.2302514 
0.2397178 
0.2280373 
0.2180071 
0.2190640 
0.2202851 
0.2271880 
0.2395821 
0.2368537 
0.2269778 
0.2198334 
0.2197517 
0.2120192 
0.2201952 
0.2294896 
0.2314042 
0.2348152 
0.2403737 
0.2264744 
0.2192838 
0.2217111 
0.2268795 
0.2290957 
0.2348253 
0.2294390 
0.2185225 
0.1987906 
0.1995025 
0.2229392 
0.2230226 
0.2236628 
0.2266274 
0.2086008 
0.1969104 
0.1951773 
0.1956882 
0.2052240 
0.2097465 
0.2080023 
0.2152444 
0.2264654 
0.2197428 
0.2154707 
0.2042760 
0.1992951 
0.2127865 
0.1961650 
0.1822109 
0.1863855 
0.1829198 
0.1918901 
0.2106425 
0.2177685 
0.2261432 
0.2337651 
0.2336912 
0.2352460 
0.2221713 
0.2185093 
0.2086543 
0.2057235 
0.2018339 
0.2076429 
0.2013383 
0.2123178 
0.2076725 
0.1985378 
0.1936360 
0.2016741 
0.2196148 
0.2239715 
0.2261059 
0.2132025 
0.2154993 
0.2119153 
0.2023351 
0.1881592 
0.1707091 
0.1708081 
0.1832772 
0.1854853 
0.1939527 
0.1870742 
0.1876014 
0.1947189 
0.2032000 
0.2212024 
0.2284495 
0.2292670 
0.2355427 
0.2292006 
0.2194009 
0.2006525 
0.1945056 
0.1874909 
0.1748188 
0.1742241 
0.1720758 
0.1776410 
0.1806624 
0.1811542 
0.1843628 
0.1937844 
0.2139509 
0.2100025 
0.2030586 
0.2024454 
0.2014579 
0.1954479 
0.1958522 
0.2071513 
0.2066848 
0.1974549 
0.1956239 
0.1947317 
0.1931774 
0.1878039 
0.1910703 
0.2048170 
0.2074451 
0.2043668 
0.2055591 
0.2138423 
0.2197454 
0.2096529 
0.2071824 
0.1985340 
0.1902283 
0.1838447 
0.1798765 
0.1797173 
0.1750773 
0.1795801 
0.1807300 
0.1844669 
0.1792542 
0.1885455 
0.1992021 
0.2078020 
0.2043636 
0.2031471 
0.1895915 
0.1811442 
0.1759147 
0.1869420 
0.1902270 
0.1865686 
0.1823251 
0.1766928 
0.1754125 
0.1752765 
0.1625522 
0.1666002 
0.1704905 
0.1621247 
0.1718659 
0.1777125 
0.1756029 
0.1704039 
0.1679319 
0.1640480 
0.1678767 
0.1699313 
0.1729012 
0.1780722 
0.1821221 
0.1774083 
0.1703200 
0.1764503 
0.1740168 
0.1689749 
0.1681626 
0.1759269 
0.1817239 
0.1811381 
0.1803854 
0.1798248 
0.1673739 
0.1726448 
0.1734938 
0.1764955 
0.1836802 
0.1871415 
0.1837938 
0.1884961 
0.1860993 
0.1890578 
0.1906777 
0.1949247 
0.1977310 
0.2038318 
0.2066128 
0.1900084 
0.1760398 
0.1646901 
0.1617069 
0.1663626 
0.1613507 
0.1642392 
0.1724982 
0.1709979 
0.1732250 
0.1851703 
0.1932787 
0.1918788 
0.1835788 
0.1815711 
0.1697720 
0.1656636 
0.1533740 
0.1390647 
0.1365383 
0.1253672 
0.1275916 
0.1344760 
0.1463435 
0.1666979 
0.1796776 
0.1762232 
0.1784208 
0.1831896 
0.1896866 
0.1929526 
0.1863898 
0.1736108 
0.1723126 
0.1710735 
0.1625131 
0.1520999 
0.1379107 
0.1448479 
0.1540685 
0.1537669 
0.1658284 
0.1739884 
0.1715733 
0.1691312 
0.1608435 
0.1448078 
0.1371761 
0.1306756 
0.1182604 
0.1099403 
0.1077135 
0.1113382 
0.1175000 
0.1232990 
0.1188111 
0.1321883 
0.1390528 
0.1413345 
0.1614412 
0.1776428 
0.1720662 
0.1757008 
0.1776520 
0.1801734 
0.1795816 
0.1688861 
0.1575312 
0.1490267 
0.1502686 
0.1514711 
0.1509420 
0.1620022 
0.1675471 
0.1599717 
0.1629509 
0.1594962 
0.1606537 
0.1661768 
0.1621309 
0.1526795 
0.1448237 
0.1489915 
0.1426087 
0.1395184 
0.1413866 
0.1342228 
0.1379192 
0.1374329 
0.1381243 
0.1512548 
0.1513081 
0.1456724 
0.1452785 
0.1350590 
0.1307622 
0.1441067 
0.1465244 
0.1355127 
0.1352166 
0.1350020 
0.1320211 
0.1296946 
0.1291892 
0.1313848 
0.1352164 
0.1417752 
0.1454479 
0.1490037 
0.1436462 
0.1353966 
0.1355303 
0.1309619 
0.1344712 
0.1307560 
0.1277045 
0.1204926 
0.1299132 
0.1366199 
0.1348310 
0.1384767 
0.1348770 
0.1424982 
0.1405793 
0.1385562 
0.1441123 
0.1350965 
0.1387808 
0.1461310 
0.1550074 
0.1504781 
0.1498619 
0.1573452 
0.1613232 
0.1580378 
0.1556296 
0.1517283 
0.1571411 
0.1478159 
0.1369007 
0.1300565 
0.1254821 
0.1336538 
0.1307567 
0.1339455 
0.1445853 
0.1552272 
0.1571360 
0.1455200 
0.1326687 
0.1275340 
0.1260031 
0.1339807 
0.1298845 
0.1399031 
0.1336854 
0.1307436 
0.1265641 
0.1193722 
0.1232182 
0.1204451 
0.1094730 
0.1146593 
0.1280253 
0.1270059 
0.1344294 
0.1302247 
0.1244055 
0.1354911 
0.1330165 
0.1265824 
0.1301906 
0.1420443 
0.1381745 
0.1390094 
0.1386594 
0.1450047 
0.1475369 
0.1436702 
0.1581191 
0.1594119 
0.1562587 
0.1478510 
0.1432817 
0.1388505 
0.1336209 
0.1295349 
0.1347119 
0.1393321 
0.1390797 
0.1523726 
0.1477663 
0.1211864 
0.1211969 
0.1293381 
0.1316210 
0.1342179 
0.1352746 
0.1435091 
0.1373672 
0.1208976 
0.1085779 
0.1147636 
0.1126671 
0.1117543 
0.1228224 
0.1362838 
0.1371618 
0.1210411 
0.1117586 
0.1110485 
0.1214525 
0.1127051 
0.1077667 
0.1133571 
0.1213393 
0.1223663 
0.1187610 
0.1128883 
0.1187662 
0.1145876 
0.1252506 
0.1253591 
0.1144684 
0.1009497 
0.1083084 
0.0969981 
0.1009895 
0.1132811 
0.1056541 
0.1093799 
0.1230096 
0.1274145 
0.1228475 
0.1154201 
0.1155842 
0.1091401 
0.1072540 
0.1139851 
0.1236597 
0.1263686 
0.1190858 
0.1083647 
0.1052865 
0.1048783 
0.1024897 
0.1098952 
0.1057171 
0.0976666 
0.0971434 
0.0986292 
0.0902389 
0.1067680 
0.1207465 
0.1243668 
0.1151388 
0.1046045 
0.1031770 
0.1003645 
0.1016540 
0.0998333 
0.1019737 
0.1063991 
0.1052012 
0.1083642 
0.1092543 
0.1112306 
0.1005179 
0.0993029 
0.1055140 
0.1123214 
0.1184186 
0.1166912 
0.1071657 
0.1101895 
0.1125823 
0.1094603 
0.1173502 
0.1192697 
0.1109560 
0.1094447 
0.1139842 
0.1174626 
0.1154136 
0.1150312 
0.1056401 
0.0953293 
0.0908667 
0.1022687 
0.1081705 
0.1155918 
0.1242551 
0.1133875 
0.1012790 
0.0949223 
0.0963936 
0.1015762 
0.1074991 
0.1079766 
0.0919162 
0.0893394 
0.0953185 
0.1035766 
0.1037211 
0.1074195 
0.1077840 
0.1090119 
0.0992911 
0.0940804 
0.0973729 
0.0900147 
0.0881571 
0.0917277 
0.0988007 
0.1096535 
0.1109451 
0.0997822 
0.0953756 
0.1003553 
0.1073458 
0.1012041 
0.0931245 
0.0916981 
0.0831821 
0.0696713 
0.0731181 
0.0900967 
0.0932145 
0.0926066 
0.0975645 
0.1050955 
0.1138922 
0.1081169 
0.0970016 
0.1011966 
0.1110221 
0.1015889 
0.0979133 
0.0955402 
0.0924269 
0.0890867 
0.0853354 
0.0867963 
0.0819363 
0.0789889 
0.0827813 
0.0853059 
0.0886288 
0.0950286 
0.0902445 
0.0828058 
0.0747168 
0.0794920 
0.0886506 
0.0913938 
0.0895186 
0.0863860 
0.0928248 
0.0955884 
0.0899577 
0.0845334 
0.0872122 
0.0921449 
0.0876566 
0.0606161 
0.0631432 
0.0708738 
0.0876259 
0.0978028 
0.0943212 
0.0898447 
0.0848866 
0.0871071 
0.0923313 
0.0941194 
0.0928098 
0.0932239 
0.0793150 
0.0714745 
0.0666652 
0.0721859 
0.0788256 
0.0825081 
0.0779800 
0.0756521 
0.0788772 
0.0860276 
0.0895746 
0.0831028 
0.0794551 
0.0676071 
0.0641576 
0.0683985 
0.0664383 
0.0694538 
0.0779522 
0.0835175 
0.0895593 
0.0895585 
0.0844318 
0.0783259 
0.0809196 
0.0847980 
0.0764523 
0.0683523 
0.0660973 
0.0601610 
0.0686784 
0.0724125 
0.0663403 
0.0594028 
0.0638367 
0.0585954 
0.0623155 
0.0799330 
0.0810434 
0.0861789 
0.0838164 
0.0809506 
0.0889351 
0.0925925 
0.0869532 
0.0755004 
0.0738786 
0.0761629 
0.0724301 
0.0681406 
0.0662037 
0.0680512 
0.0822713 
0.0868337 
0.0896932 
0.0909836 
0.0901667 
0.0904002 
0.0815257 
0.0612714 
0.0565775 
0.0618838 
0.0691827 
0.0745708 
0.0808890 
0.0841561 
0.0834735 
0.0901023 
0.0943268 
0.0741272 
0.0625606 
0.0589677 
0.0625947 
0.0675330 
0.0560173 
0.0635024 
0.0628383 
0.0589338 
0.0628712 
0.0598513 
0.0512327 
0.0570335 
0.0750246 
0.0827498 
0.0789987 
0.0792394 
0.0773522 
0.0635115 
0.0548067 
0.0640142 
0.0696013 
0.0705461 
0.0669542 
0.0638314 
0.0675553 
0.0584207 
0.0552957 
0.0671416 
0.0608278 
0.0591877 
0.0681331 
0.0750519 
0.0805637 
0.0725920 
0.0709993 
0.0662071 
0.0695238 
0.0653265 
0.0646669 
0.0645936 
0.0620225 
0.0609718 
0.0595234 
0.0556466 
0.0586314 
0.0703089 
0.0655549 
0.0629686 
0.0659486 
0.0682572 
0.0721964 
0.0583291 
0.0610629 
0.0692939 
0.0734710 
0.0686066 
0.0641046 
0.0597006 
0.0611571 
0.0658489 
0.0649068 
0.0645207 
0.0621435 
0.0620441 
0.0595718 
0.0535246 
0.0592351 
0.0643871 
0.0662998 
0.0644622 
0.0630185 
0.0621762 
0.0556496 
0.0457316 
0.0459854 
0.0433678 
0.0455835 
0.0406655 
0.0398374 
0.0449701 
0.0479030 
0.0518782 
0.0460108 
0.0434811 
0.0497894 
0.0529261 
0.0522229 
0.0521845 
0.0341661 
0.0322235 
0.0433021 
0.0473578 
0.0432324 
0.0497678 
0.0524866 
0.0499722 
0.0492986 
0.0635417 
0.0598803 
0.0463365 
0.0472450 
0.0495246 
0.0463010 
0.0360189 
0.0370823 
0.0346317 
0.0425564 
0.0444636 
0.0421142 
0.0429371 
0.0427882 
0.0409932 
0.0382538 
0.0305492 
0.0337047 
0.0293644 
0.0282805 
0.0329253 
0.0338602 
0.0312866 
0.0399151 
0.0476165 
0.0405920 
0.0325211 
0.0303461 
0.0319112 
0.0333974 
0.0321164 
0.0330498 
0.0201501 
0.0214643 
0.0431125 
0.0471215 
0.0473431 
0.0500942 
0.0450125 
0.0320474 
0.0303046 
0.0341657 
0.0410739 
0.0393039 
0.0310654 
0.0410229 
0.0405735 
0.0247777 
0.0244183 
0.0220073 
0.0372248 
0.0395358 
0.0507069 
0.0490159 
0.0386958 
0.0281146 
0.0305733 
0.0258970 
0.0328261 
0.0296675 
0.0322304 
0.0321300 
0.0352697 
0.0410032 
0.0390894 
0.0353645 
0.0309477 
0.0278470 
0.0324300 
0.0282700 
0.0257628 
0.0257841 
0.0228394 
0.0182549 
0.0229184 
0.0264953 
0.0312162 
0.0313772 
0.0145365 
0.0184438 
0.0306023 
0.0327301 
0.0343139 
0.0369191 
0.0395074 
0.0361020 
0.0292280 
0.0295772 
0.0252005 
0.0256896 
0.0322154 
0.0352514 
0.0469397 
0.0479758 
0.0336779 
0.0238840 
0.0188201 
0.0150209 
0.0228152 
0.0188153 
0.0208867 
0.0196047 
0.0296768 
0.0286323 
0.0134677 
0.0048563 
0.0118446 
0.0261992 
0.0284825 
0.0272782 
0.0230407 
0.0278189 
0.0266917 
0.0288073 
0.0439208 
0.0368960 
0.0328607 
0.0270640 
0.0248124 
0.0252645 
0.0262741 
0.0301421 
0.0183653 
0.0207642 
0.0202677 
0.0189515 
0.0097115 
0.0000000 
0.0096822 
0.0039744 
0.0075741 
0.0085243 
0.0069238 
0.0128572 
0.0102336 
0.0223395 
0.0222147 
0.0286831 
0.0309228 
0.0208641 
0.0215471 
0.0043431 
0.0126389 
0.0172980 
0.0310697 
0.0422484 
0.0282713 
0.0199551 
0.0117636 
0.0077646 
