0.0001777 
0.0000172 
-0.0000483 
-0.0420630 
0.0287718 
0.0971043 
0.9708828 
0.9768162 
0.9884129 
0.9862264 
0.9820118 
0.9857376 
0.9828417 
0.9904419 
0.9886737 
0.9899350 
0.9966171 
0.9978487 
0.9814663 
0.9723175 
0.9784650 
0.9780160 
0.9895712 
0.9972336 
0.9906387 
0.9879960 
0.9921979 
0.9977960 
1.0000000 
0.9995140 
0.9986457 
0.9976049 
0.9861955 
0.9852973 
0.9871877 
0.9879265 
0.9785834 
0.9724378 
0.9750933 
0.9777665 
0.9694960 
0.9613855 
0.9598450 
0.9682455 
0.9649469 
0.9648886 
0.9638597 
0.9665485 
0.9684775 
0.9600520 
0.9576790 
0.9571085 
0.9658046 
0.9733099 
0.9801945 
0.9817356 
0.9726208 
0.9652279 
0.9535357 
0.9513477 
0.9545123 
0.9611690 
0.9667831 
0.9699637 
0.9679312 
0.9555538 
0.9461790 
0.9444656 
0.9476426 
0.9581827 
0.9727493 
0.9739683 
0.9652755 
0.9607099 
0.9578207 
0.9533655 
0.9464465 
0.9473285 
0.9591713 
0.9577904 
0.9648562 
0.9635934 
0.9679057 
0.9675926 
0.9636184 
0.9536019 
0.9440467 
0.9417259 
0.9382581 
0.9280952 
0.9273591 
0.9286079 
0.9202909 
0.9197352 
0.9287123 
0.9411550 
0.9458789 
0.9482739 
0.9482396 
0.9451935 
0.9452536 
0.9521809 
0.9589684 
0.9703400 
0.9781657 
0.9751421 
0.9672705 
0.9645984 
0.9674863 
0.9766606 
0.9745122 
0.9691757 
0.9599990 
0.9486521 
0.9402705 
0.9372246 
0.9454855 
0.9507643 
0.9484297 
0.9401136 
0.9331134 
0.9393193 
0.9453090 
0.9511983 
0.9522859 
0.9592922 
0.9499685 
0.9417199 
0.9384226 
0.9430282 
0.9451531 
0.9432711 
0.9347182 
0.9238025 
0.9303921 
0.9343370 
0.9439464 
0.9501519 
0.9662674 
0.9704219 
0.9616325 
0.9472722 
0.9379368 
0.9373244 
0.9427571 
0.9419789 
0.9430029 
0.9457729 
0.9481872 
0.9376695 
0.9399636 
0.9539286 
0.9564622 
0.9526606 
0.9452302 
0.9401944 
0.9227838 
0.9164465 
0.9115661 
0.9081144 
0.9079939 
0.9225906 
0.9234811 
0.9267828 
0.9306827 
0.9245058 
0.9255554 
0.9265804 
0.9293029 
0.9346337 
0.9374051 
0.9365302 
0.9397716 
0.9319929 
0.9241659 
0.9212594 
0.9245684 
0.9339430 
0.9307730 
0.9287167 
0.9255728 
0.9260555 
0.9235676 
0.9306547 
0.9376093 
0.9421100 
0.9403188 
0.9395898 
0.9319496 
0.9225071 
0.9227563 
0.9285766 
0.9366976 
0.9348902 
0.9299036 
0.9169001 
0.9180996 
0.9166744 
0.9169204 
0.9205386 
0.9223746 
0.9194315 
0.9089511 
0.9030437 
0.9105872 
0.9120209 
0.9181374 
0.9220768 
0.9257902 
0.9186243 
0.9080853 
0.9092470 
0.9116966 
0.9244876 
0.9249785 
0.9272782 
0.9192151 
0.9125238 
0.9046097 
0.9162023 
0.9248950 
0.9230768 
0.9116911 
0.9147194 
0.9110636 
0.9075874 
0.9030875 
0.9068381 
0.9040488 
0.9034606 
0.9033858 
0.9114203 
0.9073391 
0.8954058 
0.8969253 
0.8952483 
0.8997935 
0.9062585 
0.9149688 
0.9118707 
0.9005215 
0.8926610 
0.8896014 
0.8943644 
0.9031244 
0.9054940 
0.9023437 
0.8920703 
0.8871606 
0.8930448 
0.8914889 
0.8951711 
0.8968271 
0.8900166 
0.8899800 
0.8849777 
0.8791824 
0.8873764 
0.8918569 
0.8904316 
0.8886684 
0.8880995 
0.8859049 
0.8909699 
0.8882648 
0.8819066 
0.8855187 
0.8784655 
0.8838029 
0.8832050 
0.8817736 
0.8801837 
0.8804009 
0.8874509 
0.8910181 
0.8843575 
0.8788164 
0.8856634 
0.8847945 
0.8824351 
0.8794471 
0.8726937 
0.8728312 
0.8766381 
0.8753220 
0.8815478 
0.8865449 
0.8848018 
0.8792709 
0.8794745 
0.8797133 
0.8855652 
0.8903568 
0.8914275 
0.8878154 
0.8788181 
0.8814637 
0.8776649 
0.8812462 
0.8803090 
0.8808152 
0.8748298 
0.8776736 
0.8811962 
0.8771448 
0.8783272 
0.8767422 
0.8689512 
0.8672096 
0.8734719 
0.8752892 
0.8750038 
0.8700004 
0.8676995 
0.8706380 
0.8732748 
0.8798594 
0.8773714 
0.8803973 
0.8847877 
0.8802085 
0.8805094 
0.8699753 
0.8664523 
0.8696598 
0.8727020 
0.8783578 
0.8793470 
0.8760344 
0.8703436 
0.8666374 
0.8645240 
0.8669976 
0.8782751 
0.8784572 
0.8767315 
0.8737336 
0.8651992 
0.8650637 
0.8682986 
0.8621426 
0.8685800 
0.8729747 
0.8828652 
0.8803318 
0.8747605 
0.8615485 
0.8610681 
0.8630637 
0.8663876 
0.8618573 
0.8639731 
0.8665936 
0.8686847 
0.8694274 
0.8644327 
0.8644537 
0.8626132 
0.8634876 
0.8665927 
0.8686211 
0.8648554 
0.8624330 
0.8583308 
0.8624929 
0.8654784 
0.8631159 
0.8607197 
0.8658482 
0.8688868 
0.8698872 
0.8617023 
0.8514736 
0.8512689 
0.8567041 
0.8521944 
0.8558943 
0.8608588 
0.8618454 
0.8624524 
0.8641783 
0.8621453 
0.8556062 
0.8571133 
0.8551590 
0.8625604 
0.8674577 
0.8664306 
0.8603559 
0.8520035 
0.8413332 
0.8372935 
0.8422345 
0.8397844 
0.8441485 
0.8513683 
0.8548003 
0.8582230 
0.8560367 
0.8528464 
0.8544863 
0.8522060 
0.8459193 
0.8517625 
0.8517687 
0.8519778 
0.8517520 
0.8569489 
0.8611357 
0.8529660 
0.8443871 
0.8455422 
0.8497391 
0.8449910 
0.8526931 
0.8603053 
0.8560797 
0.8529843 
0.8510021 
0.8498715 
0.8417301 
0.8420090 
0.8465599 
0.8432951 
0.8406480 
0.8469316 
0.8521357 
0.8468066 
0.8468148 
0.8403664 
0.8356081 
0.8375209 
0.8450885 
0.8456911 
0.8395411 
0.8365320 
0.8323075 
0.8344688 
0.8374750 
0.8360192 
0.8311709 
0.8238557 
0.8416802 
0.8442889 
0.8410165 
0.8280586 
0.8290823 
0.8246676 
0.8291847 
0.8303127 
0.8239035 
0.8230656 
0.8272486 
0.8337347 
0.8404679 
0.8455855 
0.8420423 
0.8287372 
0.8307434 
0.8371943 
0.8363756 
0.8283491 
0.8322131 
0.8354113 
0.8368599 
0.8342376 
0.8402075 
0.8445787 
0.8460684 
0.8495513 
0.8535086 
0.8530696 
0.8451090 
0.8279156 
0.8322181 
0.8406627 
0.8503422 
0.8455449 
0.8470412 
0.8622445 
0.8681665 
0.8539871 
0.8453525 
0.8406844 
0.8352212 
0.8281007 
0.8245890 
0.8382760 
0.8534925 
0.8593789 
0.8589748 
0.8672933 
0.8628691 
0.8602241 
0.8510366 
0.8432456 
0.8355168 
0.8293353 
0.8316727 
0.8371353 
0.8417049 
0.8550923 
0.8656288 
0.8622446 
0.8558909 
0.8593984 
0.8608900 
0.8577098 
0.8452112 
0.8399416 
0.8384177 
0.8497719 
0.8648261 
0.8691213 
0.8692412 
0.8645981 
0.8602596 
0.8555320 
0.8612830 
0.8547044 
0.8445214 
0.8436340 
0.8530417 
0.8545118 
0.8577543 
0.8609072 
0.8565542 
0.8488097 
0.8446935 
0.8483212 
0.8507351 
0.8490678 
0.8475863 
0.8343343 
0.8297503 
0.8310762 
0.8459555 
0.8490349 
0.8499252 
0.8504841 
0.8467299 
0.8458055 
0.8497029 
0.8518521 
0.8441873 
0.8403477 
0.8430732 
0.8499026 
0.8477867 
0.8459516 
0.8456922 
0.8420388 
0.8426058 
0.8423476 
0.8473058 
0.8442865 
0.8441208 
0.8412539 
0.8334374 
0.8314533 
0.8358575 
0.8445947 
0.8458090 
0.8449504 
0.8502823 
0.8474862 
0.8487059 
0.8512572 
0.8544092 
0.8541255 
0.8433464 
0.8444478 
0.8415683 
0.8366838 
0.8332801 
0.8342120 
0.8386940 
0.8493791 
0.8495540 
0.8427560 
0.8342387 
0.8256242 
0.8257352 
0.8267133 
0.8280185 
0.8357386 
0.8409358 
0.8448859 
0.8365645 
0.7990547 
0.7686868 
0.6820526 
0.6236216 
0.5764688 
0.5549983 
0.5507324 
0.5435568 
0.5420639 
0.5423616 
0.5413185 
0.5413353 
0.5433179 
0.5463365 
0.5418370 
0.5370127 
0.5428084 
0.5520108 
0.5563113 
0.5509714 
0.5489550 
0.5433243 
0.5373156 
0.5318475 
0.5373565 
0.5340375 
0.5370282 
0.5390472 
0.5405084 
0.5391272 
0.5381744 
0.5358553 
0.5394696 
0.5376575 
0.5146500 
0.5114808 
0.5046656 
0.5041536 
0.5106306 
0.5139949 
0.5221379 
0.5270131 
0.5253740 
0.5264899 
0.5304178 
0.5311552 
0.5212822 
0.5200232 
0.5108361 
0.5108019 
0.5060523 
0.5000052 
0.4960121 
0.4962566 
0.4861136 
0.4842968 
0.4882383 
0.4863486 
0.4891019 
0.4866250 
0.4868301 
0.4927927 
0.5057576 
0.5130651 
0.5161153 
0.5208076 
0.5246759 
0.5183651 
0.5091988 
0.4980103 
0.4912024 
0.4822441 
0.4764812 
0.4646152 
0.4586821 
0.4510826 
0.4491226 
0.4554279 
0.4558598 
0.4618575 
0.4681224 
0.4818834 
0.4860812 
0.4925107 
0.4983440 
0.4997399 
0.5003618 
0.5006357 
0.5014250 
0.4961030 
0.4945664 
0.4938807 
0.4932897 
0.4862252 
0.4818127 
0.4698271 
0.4535466 
0.4391747 
0.4290057 
0.4241035 
0.4265263 
0.4330015 
0.4322278 
0.4360614 
0.4384923 
0.4466985 
0.4486035 
0.4534516 
0.4490697 
0.4589172 
0.4601440 
0.4586362 
0.4582073 
0.4551802 
0.4535734 
0.4540378 
0.4564865 
0.4520626 
0.4480617 
0.4410271 
0.4317315 
0.4221103 
0.4113195 
0.4065566 
0.3956833 
0.3952605 
0.3884556 
0.3904179 
0.4005862 
0.4076260 
0.4144152 
0.4194022 
0.4255135 
0.4350264 
0.4344329 
0.4365518 
0.4336338 
0.4266530 
0.4246761 
0.4254471 
0.4258158 
0.4292545 
0.4306749 
0.4298199 
0.4260913 
0.4195866 
0.4120913 
0.4046609 
0.4006289 
0.3867014 
0.3755754 
0.3698712 
0.3702725 
0.3677890 
0.3732258 
0.3817302 
0.3937492 
0.3956257 
0.3937475 
0.3947624 
0.3935704 
0.3931098 
0.3951837 
0.3916986 
0.3893333 
0.3880081 
0.3892273 
0.3906526 
0.3933829 
0.4033203 
0.4006653 
0.3997373 
0.3907254 
0.3800693 
0.3769831 
0.3757223 
0.3770914 
0.3668938 
0.3610966 
0.3561739 
0.3546354 
0.3618320 
0.3617390 
0.3630655 
0.3551498 
0.3650374 
0.3624077 
0.3750027 
0.3776310 
0.3751828 
0.3730869 
0.3674874 
0.3632196 
0.3703893 
0.3709134 
0.3692561 
0.3651725 
0.3643940 
0.3663298 
0.3599874 
0.3567027 
0.3480081 
0.3531872 
0.3547411 
0.3559996 
0.3544412 
0.3577178 
0.3558099 
0.3577873 
0.3547355 
0.3487751 
0.3419511 
0.3303530 
0.3326830 
0.3355531 
0.3402983 
0.3369385 
0.3415851 
0.3435837 
0.3451649 
0.3465649 
0.3468598 
0.3407023 
0.3396788 
0.3502699 
0.3517314 
0.3494286 
0.3501507 
0.3456614 
0.3456199 
0.3496525 
0.3501753 
0.3431997 
0.3472820 
0.3496870 
0.3414182 
0.3425297 
0.3391571 
0.3330937 
0.3241629 
0.3213489 
0.3193801 
0.3309005 
0.3313787 
0.3353958 
0.3296153 
0.3246320 
0.3197875 
0.3212030 
0.3265925 
0.3272486 
0.3236835 
0.3184827 
0.3185762 
0.3214763 
0.3157843 
0.3158450 
0.3193796 
0.3176723 
0.3099982 
0.3044476 
0.3104743 
0.3110829 
0.3130653 
0.3108148 
0.3101042 
0.3147413 
0.3169983 
0.3106202 
0.3105423 
0.3129213 
0.3133592 
0.3096089 
0.3043337 
0.3023319 
0.3002472 
0.2914591 
0.2836064 
0.2828294 
0.2866524 
0.2898105 
0.2964454 
0.2966895 
0.2998422 
0.2966414 
0.2985791 
0.3009242 
0.3021927 
0.2932526 
0.2909829 
0.2844427 
0.2839924 
0.2813770 
0.2787161 
0.2807373 
0.2811756 
0.2784507 
0.2769139 
0.2741088 
0.2824304 
0.2813231 
0.2822940 
0.2850758 
0.2872268 
0.2899382 
0.2952537 
0.3000733 
0.2991479 
0.2972086 
0.2936387 
0.2870811 
0.2830335 
0.2888525 
0.2851126 
0.2847965 
0.2844030 
0.2847897 
0.2794879 
0.2720916 
0.2696778 
0.2669742 
0.2615996 
0.2605610 
0.2662667 
0.2743245 
0.2833769 
0.2793201 
0.2779516 
0.2743032 
0.2754821 
0.2853370 
0.2842089 
0.2763043 
0.2841291 
0.2881469 
0.2888524 
0.2921089 
0.2862464 
0.2892643 
0.2872391 
0.2802963 
0.2804315 
0.2826232 
0.2838497 
0.2905193 
0.2926348 
0.2886859 
0.2850636 
0.2776668 
0.2717125 
0.2667537 
0.2614266 
0.2654240 
0.2736957 
0.2725994 
0.2720153 
0.2710694 
0.2767969 
0.2756819 
0.2682039 
0.2670699 
0.2711717 
0.2711414 
0.2669145 
0.2652276 
0.2620369 
0.2619534 
0.2602986 
0.2626012 
0.2621472 
0.2621483 
0.2651845 
0.2717930 
0.2746491 
0.2657115 
0.2612442 
0.2572625 
0.2544793 
0.2560558 
0.2588659 
0.2570100 
0.2579871 
0.2611683 
0.2577046 
0.2614287 
0.2597750 
0.2578583 
0.2592576 
0.2636475 
0.2686906 
0.2648561 
0.2593014 
0.2582175 
0.2553050 
0.2580829 
0.2526905 
0.2473660 
0.2421324 
0.2482029 
0.2530683 
0.2608528 
0.2554327 
0.2463746 
0.2467477 
0.2412236 
0.2465482 
0.2434088 
0.2350968 
0.2264722 
0.2221248 
0.2302597 
0.2382479 
0.2477617 
0.2526606 
0.2536280 
0.2489377 
0.2498804 
0.2438393 
0.2343939 
0.2235749 
0.2112055 
0.2069239 
0.2134808 
0.2263146 
0.2290209 
0.2260732 
0.2277526 
0.2341121 
0.2363527 
0.2297241 
0.2269941 
0.2221156 
0.2162118 
0.2195952 
0.2242771 
0.2242940 
0.2254482 
0.2319751 
0.2315136 
0.2282814 
0.2215783 
0.2196422 
0.2188913 
0.2174569 
0.2179620 
0.2171483 
0.2180295 
0.2282968 
0.2301339 
0.2331914 
0.2324787 
0.2290920 
0.2234070 
0.2126795 
0.2071655 
0.2030313 
0.2010755 
0.2068406 
0.2064253 
0.2103627 
0.2149778 
0.2133950 
0.2133703 
0.2090225 
0.2063318 
0.2113207 
0.2185148 
0.2209704 
0.2264379 
0.2295287 
0.2280550 
0.2274784 
0.2211581 
0.2159953 
0.2092714 
0.2097357 
0.2103560 
0.2107450 
0.2156747 
0.2139596 
0.2108273 
0.2130649 
0.2062227 
0.2051495 
0.2097923 
0.2114709 
0.2133623 
0.2187490 
0.2190770 
0.2141701 
0.2148860 
0.2118838 
0.2055787 
0.2010704 
0.2096236 
0.2039943 
0.2035181 
0.2086108 
0.2039110 
0.1989931 
0.2040295 
0.2029018 
0.1972822 
0.1994122 
0.1970701 
0.1941556 
0.1986627 
0.2027999 
0.1988436 
0.2032265 
0.2025397 
0.1988011 
0.1940223 
0.1932102 
0.1844222 
0.1875585 
0.1922435 
0.1912963 
0.1904171 
0.1918741 
0.1900805 
0.1922163 
0.1887965 
0.1824400 
0.1764331 
0.1749285 
0.1734183 
0.1744171 
0.1778158 
0.1819839 
0.1844959 
0.1859787 
0.1901800 
0.1861536 
0.1837170 
0.1780474 
0.1764825 
0.1767015 
0.1784108 
0.1794788 
0.1861274 
0.1872531 
0.1856912 
0.1908560 
0.2003850 
0.1995548 
0.1933870 
0.1843503 
0.1750870 
0.1733068 
0.1829380 
0.1875944 
0.1897989 
0.1857450 
0.1832855 
0.1766759 
0.1741147 
0.1748102 
0.1760299 
0.1744398 
0.1699215 
0.1695072 
0.1633988 
0.1683635 
0.1723551 
0.1669213 
0.1672999 
0.1626301 
0.1619615 
0.1655975 
0.1686447 
0.1677123 
0.1601891 
0.1526843 
0.1494364 
0.1455264 
0.1466231 
0.1527272 
0.1523867 
0.1511974 
0.1503195 
0.1556079 
0.1598160 
0.1557960 
0.1497329 
0.1420431 
0.1355067 
0.1450987 
0.1521266 
0.1517735 
0.1542195 
0.1618037 
0.1612037 
0.1630806 
0.1578281 
0.1536765 
0.1457174 
0.1434255 
0.1448881 
0.1436260 
0.1438412 
0.1502338 
0.1509226 
0.1510022 
0.1506485 
0.1542605 
0.1541123 
0.1537468 
0.1504976 
0.1646938 
0.1682469 
0.1678102 
0.1602491 
0.1551450 
0.1528694 
0.1501309 
0.1462831 
0.1426866 
0.1401616 
0.1405182 
0.1418313 
0.1436436 
0.1444476 
0.1421090 
0.1396458 
0.1398917 
0.1373015 
0.1360231 
0.1371950 
0.1378104 
0.1392857 
0.1402266 
0.1403560 
0.1361031 
0.1341893 
0.1376643 
0.1410352 
0.1383840 
0.1379161 
0.1440595 
0.1430794 
0.1436062 
0.1443492 
0.1396670 
0.1369629 
0.1405681 
0.1373244 
0.1362762 
0.1366502 
0.1406406 
0.1392408 
0.1434362 
0.1441828 
0.1380715 
0.1405708 
0.1438928 
0.1438948 
0.1482641 
0.1504675 
0.1516519 
0.1467798 
0.1407738 
0.1344500 
0.1329973 
0.1239264 
0.1203824 
0.1241868 
0.1197926 
0.1189503 
0.1163952 
0.1166870 
0.1135800 
0.1188865 
0.1248134 
0.1284501 
0.1340193 
0.1281431 
0.1283396 
0.1299849 
0.1310553 
0.1275270 
0.1292141 
0.1220132 
0.1212911 
0.1237710 
0.1249405 
0.1255811 
0.1239909 
0.1271976 
0.1215137 
0.1161617 
0.1191079 
0.1188788 
0.1194225 
0.1185455 
0.1171118 
0.1131752 
0.1110815 
0.1082999 
0.1054601 
0.1064788 
0.1085131 
0.1133349 
0.1149268 
0.1162340 
0.1192926 
0.1194060 
0.1141228 
0.1129940 
0.1107401 
0.1087127 
0.1136378 
0.1181183 
0.1164867 
0.1107033 
0.1068009 
0.1114620 
0.1142514 
0.1178623 
0.1079117 
0.1047346 
0.1029173 
0.1030414 
0.1020720 
0.1081320 
0.1189936 
0.1194584 
0.1119917 
0.1088108 
0.1083571 
0.1098880 
0.1138671 
0.1099018 
0.1090068 
0.1046286 
0.1013069 
0.1010171 
0.1048914 
0.1074398 
0.1021627 
0.0995394 
0.1040178 
0.1132841 
0.1144452 
0.1109357 
0.1118456 
0.1113049 
0.1138450 
0.1173535 
0.1079117 
0.0976628 
0.0905733 
0.0912572 
0.0896873 
0.0902164 
0.0896074 
0.0903833 
0.0920952 
0.0896062 
0.0912614 
0.0978861 
0.0953781 
0.0949692 
0.0964118 
0.1013348 
0.1020111 
0.1073409 
0.1036266 
0.1071085 
0.1069986 
0.1071448 
0.1041892 
0.1048399 
0.1011329 
0.0970678 
0.0938056 
0.0943779 
0.0967590 
0.1018679 
0.0965618 
0.0906547 
0.0882502 
0.0912457 
0.0911115 
0.0899701 
0.0936863 
0.0976782 
0.0977726 
0.0953433 
0.0950784 
0.0928293 
0.0972741 
0.0970522 
0.0904213 
0.0913509 
0.0926315 
0.0945135 
0.0905731 
0.0934550 
0.0937891 
0.0932607 
0.0898901 
0.0910198 
0.0918154 
0.0889487 
0.0833229 
0.0828031 
0.0885634 
0.0951102 
0.1002582 
0.0941404 
0.0931797 
0.0983507 
0.1001724 
0.1036572 
0.1115508 
0.1164179 
0.1179720 
0.1147070 
0.1141779 
0.1057905 
0.1021905 
0.1022399 
0.1034210 
0.0985694 
0.0962396 
0.0957149 
0.0998299 
0.0980073 
0.0930565 
0.0913426 
0.0908057 
0.0944531 
0.0953016 
0.0934863 
0.0891211 
0.0933797 
0.0928951 
0.0907809 
0.0844229 
0.0819341 
0.0853294 
0.0883605 
0.0905527 
0.0909711 
0.0918328 
0.0867400 
0.0869302 
0.0822478 
0.0769488 
0.0760356 
0.0801160 
0.0877255 
0.0905654 
0.0954762 
0.0926323 
0.0846771 
0.0832467 
0.0774746 
0.0782843 
0.0832418 
0.0838340 
0.0817218 
0.0774455 
0.0755256 
0.0774101 
0.0839163 
0.0804813 
0.0797285 
0.0813908 
0.0846453 
0.0886569 
0.0890139 
0.0887986 
0.0873300 
0.0881609 
0.0843615 
0.0813154 
0.0859667 
0.0939744 
0.0934257 
0.0972831 
0.0985144 
0.0932085 
0.0856386 
0.0780224 
0.0673322 
0.0708206 
0.0698332 
0.0808065 
0.0796233 
0.0892503 
0.0996954 
0.1058617 
0.1024651 
0.1004742 
0.0937189 
0.0851736 
0.0833089 
0.0815290 
0.0863164 
0.0930596 
0.0967080 
0.1013447 
0.1021953 
0.1043983 
0.1109568 
0.1093432 
0.1041951 
0.0999893 
0.0994513 
0.0885117 
0.0874285 
0.0863056 
0.0942779 
0.1020808 
0.1073150 
0.1137908 
0.1116272 
0.1139432 
0.1148287 
0.1122738 
0.1110247 
0.1006851 
0.0949593 
0.0901451 
0.0976772 
0.1048460 
0.1055935 
0.1086627 
0.1105394 
0.1093752 
0.1153993 
0.1124889 
0.1117570 
0.1030134 
0.0996836 
0.0958313 
0.0942492 
0.0885956 
0.0876669 
0.0918340 
0.1012548 
0.1040704 
0.0993602 
0.1013327 
0.1026894 
0.0964951 
0.0875514 
0.0804296 
0.0733954 
0.0667003 
0.0640993 
0.0631618 
0.0681258 
0.0730022 
0.0778890 
0.0834491 
0.0879753 
0.0859766 
0.0810622 
0.0739300 
0.0639366 
0.0631788 
0.0610035 
0.0577747 
0.0543293 
0.0495266 
0.0401239 
0.0373826 
0.0411114 
0.0383023 
0.0411537 
0.0423405 
0.0441253 
0.0431105 
0.0353598 
0.0378044 
0.0385637 
0.0366938 
0.0347271 
0.0363184 
0.0357942 
0.0388803 
0.0451454 
0.0448673 
0.0522409 
0.0596301 
0.0632478 
0.0654991 
0.0642468 
0.0623022 
0.0612569 
0.0684072 
0.0678419 
0.0653713 
0.0691717 
0.0785050 
0.0791970 
0.0814073 
0.0857083 
0.0921870 
0.0927496 
0.0831495 
0.0830039 
0.0932034 
0.0967011 
0.1019928 
0.1072575 
0.1093910 
0.1083991 
0.1015813 
0.0963488 
0.1009016 
0.0980218 
0.0915829 
0.0760926 
0.0760941 
0.0758832 
0.0757146 
0.0809357 
0.0842091 
0.0820918 
0.0801077 
0.0827348 
0.0857128 
0.0849755 
0.0898352 
0.0889182 
0.0887104 
0.0907101 
0.0936677 
0.0960886 
0.0952057 
0.0997599 
0.0966501 
0.0990127 
0.0955577 
0.0932495 
0.0848230 
0.0828774 
0.0821845 
0.0801958 
0.0784345 
0.0793552 
0.0796503 
0.0825443 
0.0851861 
0.0851095 
0.0838219 
0.0883848 
0.0893596 
0.0877010 
0.0833218 
0.0815961 
0.0803023 
0.0803759 
0.0822188 
0.0836298 
0.0804256 
0.0786171 
0.0786675 
0.0812208 
0.0834770 
0.0819338 
0.0819164 
0.0748491 
0.0725596 
0.0713649 
0.0745183 
0.0665913 
0.0638125 
0.0638679 
0.0643422 
0.0678662 
0.0699611 
0.0652682 
0.0622712 
0.0560330 
0.0564464 
0.0543970 
0.0585143 
0.0608594 
0.0571221 
0.0554951 
0.0590042 
0.0651521 
0.0683139 
0.0616947 
0.0603869 
0.0627156 
0.0570751 
0.0546833 
0.0599083 
0.0571798 
0.0548515 
0.0614393 
0.0607075 
0.0549324 
0.0485945 
0.0455262 
0.0428341 
0.0391547 
0.0387436 
0.0409761 
0.0430952 
0.0399907 
0.0405663 
0.0385759 
0.0336356 
0.0350430 
0.0454772 
0.0432579 
0.0441870 
0.0513761 
0.0533501 
0.0537372 
0.0532352 
0.0619577 
0.0612121 
0.0618468 
0.0568861 
0.0556133 
0.0518943 
0.0531817 
0.0580704 
0.0599957 
0.0567558 
0.0573042 
0.0583070 
0.0537969 
0.0509377 
0.0600675 
0.0597581 
0.0610119 
0.0630283 
0.0657209 
0.0678378 
0.0667363 
0.0701299 
0.0779649 
0.0817963 
0.0898973 
0.0888343 
0.0910186 
0.0916838 
0.0831840 
0.0713892 
0.0762686 
0.0764888 
0.0723884 
0.0717598 
0.0752491 
0.0760984 
0.0707944 
0.0654325 
0.0636562 
0.0623175 
0.0571299 
0.0526322 
0.0524299 
0.0612161 
0.0659306 
0.0662648 
0.0686104 
0.0728021 
0.0712668 
0.0691919 
0.0720947 
0.0736110 
0.0743789 
0.0764187 
0.0786716 
0.0800248 
0.0827513 
0.0829378 
0.0865948 
0.0879579 
0.0893276 
0.0943109 
0.0935158 
0.0981879 
0.0966075 
0.0929335 
0.0884771 
0.0808320 
0.0753246 
0.0685455 
0.0644863 
0.0644056 
0.0578444 
0.0636272 
0.0575565 
0.0562052 
0.0552600 
0.0561302 
0.0614060 
0.0637065 
0.0651919 
0.0661973 
0.0590028 
0.0588065 
0.0585769 
0.0560143 
0.0626668 
0.0614703 
0.0619044 
0.0569430 
0.0586618 
0.0535974 
0.0514143 
0.0458507 
0.0431265 
0.0443261 
0.0481197 
0.0508974 
0.0521247 
0.0614628 
0.0654634 
0.0573668 
0.0596082 
0.0591989 
0.0610543 
0.0555706 
0.0513971 
0.0485432 
0.0559507 
0.0575063 
0.0543515 
0.0487615 
0.0443633 
0.0407606 
0.0394814 
0.0459896 
0.0470147 
0.0422012 
0.0442486 
0.0434395 
0.0459193 
0.0517608 
0.0492811 
0.0510588 
0.0537747 
0.0606521 
0.0604862 
0.0559550 
0.0509549 
0.0492386 
0.0471764 
0.0526723 
0.0559208 
0.0632799 
0.0627712 
0.0591470 
0.0629459 
0.0579167 
0.0576742 
0.0536462 
0.0531762 
0.0557278 
0.0561937 
0.0578921 
0.0559945 
0.0503458 
0.0501753 
0.0486927 
0.0517628 
0.0496109 
0.0479945 
0.0507796 
0.0535927 
0.0561356 
0.0604285 
0.0600077 
0.0589715 
0.0582057 
0.0588701 
0.0545473 
0.0499938 
0.0499065 
0.0482451 
0.0464016 
0.0460351 
0.0458289 
0.0409302 
0.0380465 
0.0298846 
0.0313364 
0.0288641 
0.0283337 
0.0314126 
0.0359479 
0.0375905 
0.0348174 
0.0325439 
0.0273584 
0.0265525 
0.0319309 
0.0307229 
0.0377727 
0.0412663 
0.0501242 
0.0531803 
0.0502884 
0.0512842 
0.0489784 
0.0472914 
0.0410493 
0.0426192 
0.0452370 
0.0422033 
0.0372302 
0.0418017 
0.0480928 
0.0511997 
0.0493555 
0.0459854 
0.0388188 
0.0388347 
0.0360176 
0.0419539 
0.0481302 
0.0487749 
0.0411991 
0.0318681 
0.0239079 
0.0230799 
0.0296521 
0.0402348 
0.0449652 
0.0430669 
0.0410341 
0.0431218 
0.0399069 
0.0392869 
0.0436791 
0.0427093 
0.0401714 
0.0322025 
0.0319740 
0.0337095 
0.0317081 
0.0340492 
0.0282628 
0.0249587 
0.0302213 
0.0350139 
0.0388519 
0.0399818 
0.0386951 
0.0326279 
0.0233118 
0.0264949 
0.0273244 
0.0308954 
0.0262502 
0.0298492 
0.0265804 
0.0238027 
0.0306758 
0.0316461 
0.0424635 
0.0439802 
0.0446781 
0.0433496 
0.0380941 
0.0311849 
0.0295763 
0.0325534 
0.0309372 
0.0282673 
0.0296350 
0.0209720 
0.0177534 
0.0196521 
0.0287401 
0.0344343 
0.0359768 
0.0385164 
0.0352821 
0.0295176 
0.0259185 
0.0250616 
0.0285849 
0.0283234 
0.0301902 
0.0302509 
0.0249484 
0.0247889 
0.0288844 
0.0388444 
0.0448045 
0.0491154 
0.0484923 
0.0455748 
0.0446012 
0.0497835 
0.0467503 
0.0462312 
0.0460712 
0.0383219 
0.0279271 
0.0160105 
0.0077245 
0.0123883 
0.0202731 
0.0220818 
0.0252994 
0.0232947 
0.0195523 
0.0146504 
0.0080512 
0.0059514 
0.0143471 
0.0167704 
0.0218115 
0.0202455 
0.0212607 
0.0210571 
0.0193659 
0.0177866 
0.0180612 
0.0138085 
0.0085834 
0.0044496 
0.0006767 
0.0017308 
0.0086044 
0.0155236 
0.0229018 
0.0270577 
0.0248845 
0.0218379 
0.0208527 
0.0218545 
0.0248096 
0.0237597 
0.0207594 
0.0165511 
0.0210447 
0.0188506 
0.0157202 
0.0149601 
0.0161966 
0.0111365 
0.0140622 
0.0137104 
0.0218611 
0.0250024 
0.0232852 
0.0186649 
0.0163471 
0.0152280 
0.0166140 
0.0195479 
0.0195019 
0.0232194 
0.0218202 
0.0168206 
0.0165070 
0.0245417 
0.0316094 
0.0326325 
0.0278129 
0.0213518 
0.0142201 
0.0090490 
0.0084075 
0.0107577 
0.0125080 
0.0146138 
0.0110115 
0.0105749 
0.0081251 
0.0083449 
0.0121736 
0.0217140 
0.0252528 
0.0245133 
0.0236050 
0.0205014 
0.0164858 
0.0151487 
0.0123940 
0.0079252 
0.0097449 
0.0062775 
0.0043230 
0.0058570 
0.0038942 
0.0094544 
0.0145341 
0.0191368 
0.0190550 
0.0149937 
0.0169357 
0.0110091 
0.0070989 
0.0077385 
0.0089072 
0.0108064 
0.0162663 
0.0186165 
0.0201101 
0.0183941 
0.0173682 
0.0152666 
0.0205807 
0.0212150 
0.0248062 
0.0242663 
0.0253727 
0.0217211 
0.0156351 
0.0128096 
0.0094011 
0.0064245 
0.0000000 
0.0010033 
0.0097724 
0.0219735 
0.0239064 
0.0212236 
0.0184272 
0.0151445 
0.0146461 
0.0205739 
0.0229832 
0.0204826 
0.0168164 
0.0109647 
0.0051293 
0.0000202 
0.0014104 
0.0111983 
0.0143429 
0.0094874 
0.0078342 
0.0139121 
0.0134813 
0.0161811 
0.0167763 
0.0202802 
0.0144082 
0.0121117 
0.0139319 
0.0134912 
0.0114733 
0.0138169 
0.0125558 
0.0126807 
0.0065676 
0.0087396 
0.0037721 
0.0055068 
0.0042415 
0.0095642 
