-0.0000853 
-0.0001271 
0.0000463 
0.0072408 
0.1101300 
0.2824979 
0.9343023 
0.9524866 
0.9720881 
0.9670095 
0.9303717 
0.8855185 
0.8267391 
0.8068054 
0.7993233 
0.8193340 
0.8604348 
0.8948499 
0.9098749 
0.8914428 
0.8757366 
0.8094504 
0.7617680 
0.7633232 
0.7765589 
0.7737485 
0.7919048 
0.8267404 
0.8445054 
0.8171068 
0.7867799 
0.7583736 
0.7305726 
0.7267983 
0.7182269 
0.7015109 
0.6872245 
0.7062799 
0.7086963 
0.7557000 
0.7954201 
0.8101038 
0.7655763 
0.7352093 
0.7001382 
0.6560144 
0.6441264 
0.6758703 
0.7170071 
0.7601353 
0.8053586 
0.8427639 
0.8178745 
0.7945295 
0.7476351 
0.6946137 
0.6543767 
0.6777743 
0.7264276 
0.7642102 
0.7676826 
0.7587399 
0.7369225 
0.7005295 
0.6722537 
0.6562936 
0.6391047 
0.6238731 
0.6461061 
0.6542345 
0.6699456 
0.7098659 
0.7128472 
0.7002981 
0.7072306 
0.6887200 
0.6934788 
0.7086991 
0.7065572 
0.6838248 
0.6721294 
0.6798994 
0.6706619 
0.6564498 
0.6377420 
0.6149888 
0.6228535 
0.6313332 
0.6569733 
0.6426069 
0.6315208 
0.6172465 
0.5968169 
0.5719830 
0.5621889 
0.6117688 
0.6582296 
0.6626473 
0.6870416 
0.6765955 
0.6734290 
0.6472977 
0.6338709 
0.6279134 
0.5851880 
0.5650969 
0.5668960 
0.5684475 
0.5697294 
0.5951868 
0.6202100 
0.6428910 
0.6279990 
0.6170655 
0.5984390 
0.5881002 
0.5723636 
0.5955660 
0.6247434 
0.6273224 
0.6621976 
0.6733554 
0.6551359 
0.6345444 
0.6206611 
0.5975776 
0.6035767 
0.5981866 
0.6020458 
0.5923950 
0.5856781 
0.5810565 
0.5343740 
0.5019657 
0.5018371 
0.5562614 
0.6111135 
0.6425730 
0.6691799 
0.6875170 
0.6704908 
0.6169143 
0.5399766 
0.4964740 
0.4895669 
0.4776180 
0.5433792 
0.5993851 
0.6546813 
0.6803598 
0.6448401 
0.5761186 
0.5009150 
0.4364427 
0.4383981 
0.4728980 
0.5332250 
0.6030703 
0.6422322 
0.6491710 
0.6345927 
0.5773640 
0.5262555 
0.5101159 
0.5243666 
0.5603842 
0.5922064 
0.6407883 
0.6529328 
0.6202420 
0.5780330 
0.5186860 
0.4807105 
0.5116519 
0.5755137 
0.6393335 
0.6848080 
0.6961737 
0.6674255 
0.5668449 
0.5127591 
0.4876823 
0.4812568 
0.5021285 
0.5263534 
0.5444688 
0.5785235 
0.5973307 
0.5901501 
0.5594198 
0.5304704 
0.5190787 
0.5025260 
0.5081338 
0.5563612 
0.5838975 
0.6104274 
0.6166963 
0.5905724 
0.5480347 
0.5204742 
0.5369580 
0.5661142 
0.5971963 
0.6183461 
0.5887941 
0.5691426 
0.5404495 
0.4935140 
0.5009809 
0.5202043 
0.5473475 
0.5697256 
0.5821213 
0.5446270 
0.5280706 
0.4970673 
0.4673404 
0.4768350 
0.4812541 
0.4879149 
0.4824425 
0.4698076 
0.4612469 
0.4714102 
0.5082496 
0.5538980 
0.5743878 
0.5723451 
0.5985701 
0.6098133 
0.5788397 
0.5869601 
0.5657768 
0.5696927 
0.4942165 
0.4306362 
0.4131359 
0.4436635 
0.4568280 
0.4808656 
0.5014813 
0.5216222 
0.5091943 
0.5132737 
0.4905896 
0.5150076 
0.5077704 
0.5353692 
0.5433964 
0.5256955 
0.5003581 
0.4895797 
0.4847497 
0.4663286 
0.4471990 
0.4628630 
0.5058284 
0.5310862 
0.5601092 
0.5823671 
0.6017740 
0.5985668 
0.5888337 
0.5692736 
0.5471181 
0.5561066 
0.5933238 
0.6289264 
0.6561912 
0.6594007 
0.6531168 
0.6152602 
0.5915326 
0.5522808 
0.5445432 
0.5433901 
0.5487435 
0.5613788 
0.5666573 
0.5345231 
0.4982027 
0.4962775 
0.5075789 
0.4935929 
0.5093943 
0.5025301 
0.4891747 
0.4924639 
0.4795387 
0.4861412 
0.5124264 
0.5420182 
0.5642848 
0.5904546 
0.5762780 
0.5491254 
0.5067147 
0.4667778 
0.4535839 
0.4701976 
0.5246904 
0.5623502 
0.5825202 
0.5770953 
0.5460695 
0.4880768 
0.4326307 
0.4173196 
0.4439905 
0.5091463 
0.5728227 
0.6067159 
0.6301469 
0.5793685 
0.5037357 
0.4459660 
0.4458804 
0.4603173 
0.4898554 
0.5148159 
0.5296168 
0.5103074 
0.4275762 
0.3773770 
0.3860951 
0.4228065 
0.4610035 
0.4981712 
0.5221052 
0.5573057 
0.5322801 
0.4485588 
0.3917032 
0.4047789 
0.4551106 
0.5103208 
0.4971807 
0.4893002 
0.4574552 
0.4352229 
0.4072758 
0.4142297 
0.4514031 
0.4981102 
0.5160796 
0.4736636 
0.4064118 
0.3373814 
0.2989153 
0.3038531 
0.3488152 
0.4125129 
0.4590260 
0.4250792 
0.3843468 
0.3642069 
0.3490901 
0.3609540 
0.3975155 
0.4733354 
0.5414348 
0.6012096 
0.5610719 
0.5045118 
0.4510715 
0.4696296 
0.5121384 
0.5409014 
0.5495325 
0.5556226 
0.5425490 
0.5025412 
0.4653944 
0.4502951 
0.4644703 
0.4757044 
0.4509883 
0.4476511 
0.4276906 
0.3850143 
0.3519713 
0.3612097 
0.3875837 
0.4191743 
0.4572532 
0.4598503 
0.4494575 
0.4276122 
0.4256341 
0.4262388 
0.4549312 
0.5048475 
0.5391163 
0.5317043 
0.4955056 
0.4379172 
0.4078092 
0.4366632 
0.4504184 
0.4487239 
0.4237381 
0.4273847 
0.4116695 
0.3644339 
0.3380459 
0.3401237 
0.3690341 
0.3932571 
0.3916111 
0.3631807 
0.3572649 
0.3571397 
0.3659046 
0.3896857 
0.4337470 
0.4769146 
0.4692751 
0.4432033 
0.3869420 
0.3650760 
0.3749967 
0.3828866 
0.3678718 
0.3552364 
0.3917238 
0.4151283 
0.4084951 
0.3609347 
0.3804951 
0.4031439 
0.4403908 
0.4464530 
0.3974923 
0.3602483 
0.3591332 
0.3719203 
0.3474266 
0.3787144 
0.3990723 
0.4219845 
0.3990299 
0.3457377 
0.3114323 
0.3256946 
0.3468565 
0.3522564 
0.3590289 
0.3887404 
0.4063733 
0.3795110 
0.3325148 
0.3329107 
0.3774654 
0.4106354 
0.4163168 
0.4317741 
0.4391730 
0.4363749 
0.4290793 
0.3974071 
0.3621082 
0.3264446 
0.3469726 
0.3507419 
0.3290224 
0.3107704 
0.2980964 
0.3306379 
0.3383289 
0.3531502 
0.3598429 
0.3756334 
0.3939715 
0.4019079 
0.3863476 
0.3667044 
0.3937756 
0.4244171 
0.4568283 
0.4531890 
0.4322237 
0.4377727 
0.4364014 
0.4233579 
0.3886843 
0.3504030 
0.3893140 
0.3810517 
0.3490227 
0.3132651 
0.2942757 
0.3212213 
0.3327576 
0.3302327 
0.3029282 
0.2997362 
0.3370904 
0.3465525 
0.3466845 
0.3398842 
0.3687324 
0.3877012 
0.4034905 
0.3838641 
0.3147017 
0.3046081 
0.3179107 
0.3290091 
0.3372317 
0.3125638 
0.2994252 
0.3008731 
0.3138126 
0.2989564 
0.2663054 
0.2548614 
0.2675289 
0.2836124 
0.2561294 
0.2328740 
0.2557867 
0.2853514 
0.3453503 
0.3808174 
0.4118412 
0.4155266 
0.4489951 
0.4806310 
0.4512016 
0.3982186 
0.3711436 
0.3834853 
0.3973479 
0.4149829 
0.4106431 
0.3825651 
0.3817187 
0.4116061 
0.4105356 
0.3868025 
0.3832259 
0.4037712 
0.4367305 
0.4358906 
0.4160906 
0.4034276 
0.4250468 
0.4162952 
0.3948447 
0.3891622 
0.3402665 
0.3273894 
0.3329750 
0.3559512 
0.3480866 
0.3641170 
0.3950187 
0.4219880 
0.4335364 
0.4326791 
0.4177459 
0.4155640 
0.3877061 
0.3591980 
0.3490157 
0.3525160 
0.3226327 
0.3002490 
0.3155007 
0.3407952 
0.3235323 
0.3295341 
0.3360957 
0.3211163 
0.2988161 
0.3002877 
0.3656909 
0.4074841 
0.4181070 
0.4127481 
0.4062650 
0.4084740 
0.3755595 
0.3184325 
0.2747399 
0.2616312 
0.2688169 
0.2805033 
0.3039545 
0.2968358 
0.2560497 
0.2652727 
0.2975711 
0.3193351 
0.3054780 
0.2732859 
0.2651510 
0.2754160 
0.2479433 
0.2333366 
0.1913311 
0.1737339 
0.1847653 
0.2233457 
0.2873230 
0.2973020 
0.2775656 
0.2785045 
0.3197225 
0.3453311 
0.3429497 
0.2728202 
0.2783692 
0.2807339 
0.3086146 
0.3201305 
0.2946504 
0.2554529 
0.2795304 
0.3029407 
0.3319774 
0.3364363 
0.3104650 
0.2918577 
0.3132840 
0.3345453 
0.3284162 
0.2892106 
0.2439375 
0.2394452 
0.2303508 
0.2195781 
0.2001127 
0.1919570 
0.1701427 
0.1848758 
0.2047478 
0.2565878 
0.2777509 
0.2905577 
0.3155662 
0.3259401 
0.3420226 
0.3579585 
0.3473455 
0.3266206 
0.3160935 
0.2729865 
0.2563623 
0.2465298 
0.2599432 
0.2735414 
0.2628356 
0.2893290 
0.3214586 
0.3332974 
0.3033407 
0.2556166 
0.2403235 
0.2608198 
0.2603321 
0.2358306 
0.2225123 
0.1855704 
0.1934410 
0.2279608 
0.2427179 
0.2394979 
0.2016335 
0.1620871 
0.1618446 
0.1803129 
0.1845882 
0.1677000 
0.1299393 
0.1024946 
0.1208669 
0.1488763 
0.1853707 
0.1847153 
0.1667001 
0.1706197 
0.1667799 
0.1716821 
0.1878351 
0.1834897 
0.1309230 
0.1145194 
0.1088002 
0.1106354 
0.1254532 
0.1417800 
0.1223502 
0.1346619 
0.1510497 
0.1587264 
0.1964011 
0.2276018 
0.1982811 
0.2312734 
0.2054253 
0.2191451 
0.2353140 
0.2226234 
0.1988430 
0.1736573 
0.1506896 
0.1208642 
0.1196878 
0.1349211 
0.1184705 
0.1118321 
0.1039978 
0.1541107 
0.1597533 
0.1728769 
0.1668059 
0.1538552 
0.1492034 
0.1789121 
0.2149640 
0.2214453 
0.2268868 
0.2158811 
0.1774972 
0.1599984 
0.1609163 
0.1601606 
0.1582671 
0.1446026 
0.1309132 
0.1355414 
0.1349359 
0.1482918 
0.1681869 
0.1993074 
0.2103820 
0.2103992 
0.1961143 
0.1809340 
0.1974204 
0.1958794 
0.2116993 
0.2144517 
0.2098630 
0.2184074 
0.2416210 
0.2389181 
0.2346153 
0.2243336 
0.2421131 
0.2074989 
0.1931957 
0.1997626 
0.1927344 
0.1995048 
0.1938876 
0.1870353 
0.1857105 
0.1926947 
0.1577795 
0.1648890 
0.1900203 
0.1614289 
0.1661690 
0.1426252 
0.1288457 
0.1257620 
0.1441640 
0.1753588 
0.1931741 
0.2143644 
0.2336538 
0.2583692 
0.2871023 
0.3155630 
0.3411143 
0.3354604 
0.3336321 
0.2951655 
0.2476668 
0.2537622 
0.2273734 
0.1905941 
0.1702169 
0.1291789 
0.0778258 
0.0875385 
0.0882605 
0.0605822 
0.0664628 
0.0812762 
0.1060896 
0.1137715 
0.1173882 
0.1086343 
0.1131412 
0.0457365 
0.0562958 
0.0751167 
0.0578238 
0.0694169 
0.0782783 
0.0904487 
0.0899912 
0.0935641 
0.0980653 
0.0954801 
0.0972780 
0.1167140 
0.1014895 
0.1338843 
0.1309750 
0.1407890 
0.1432075 
0.1361328 
0.1222458 
0.1064760 
0.1083340 
0.1026617 
0.1178009 
0.1413820 
0.1489214 
0.1256887 
0.1101209 
0.1245788 
0.1517403 
0.1541342 
0.1562155 
0.1741694 
0.1896657 
0.1883926 
0.2003066 
0.2347625 
0.2461598 
0.2547882 
0.2468030 
0.2578879 
0.2629116 
0.2479937 
0.2583288 
0.2405333 
0.2062560 
0.1591159 
0.0859933 
0.0741438 
0.0558528 
0.0345931 
0.0070294 
0.0186440 
0.0062661 
0.0000000 
0.0162760 
0.0528120 
0.0831961 
0.0862506 
0.0782007 
0.0973125 
0.0989426 
0.1201143 
0.1749007 
0.2113923 
0.2209241 
0.2083852 
0.2059056 
0.1641112 
0.1761782 
0.1652050 
0.1977274 
0.1954616 
0.1991529 
0.1598791 
0.1533905 
0.1706144 
0.1689736 
0.1882185 
0.1670986 
0.1293702 
0.1059058 
0.0846673 
0.1037180 
0.1302918 
0.1550938 
0.1754754 
0.1999547 
0.2094436 
0.1983647 
0.2117622 
0.1991289 
0.1837565 
0.1616260 
0.1308450 
0.1233352 
0.1172679 
0.1313171 
0.1617440 
0.1887394 
0.1942730 
0.1917819 
0.1911574 
0.1827010 
0.2011988 
0.2606409 
0.2941104 
0.3196924 
0.3310165 
0.3174632 
0.3217665 
0.2964110 
0.2957703 
0.3059664 
0.2977117 
0.2910874 
0.2742072 
0.2210376 
0.2191152 
0.2083330 
0.2091931 
0.2202144 
0.1982997 
0.1739747 
0.1623783 
0.1699140 
0.1713770 
0.1900293 
0.2147142 
0.2532240 
0.2592854 
0.2357209 
0.2448200 
0.2396905 
0.2090384 
0.2100248 
0.2044171 
0.2053373 
0.2191265 
0.2185801 
0.2312693 
0.2627966 
0.2845786 
0.2907111 
0.2817365 
0.2627138 
0.2545898 
0.2415224 
0.2699746 
0.2991069 
0.3067798 
0.2884017 
0.2641171 
0.1990146 
0.1468687 
0.1428776 
0.1612807 
0.1901317 
0.2159828 
0.2251210 
0.2285797 
0.2405813 
0.2337760 
0.2609940 
0.2975140 
0.3029645 
0.3372597 
0.3664919 
0.3771159 
0.3762526 
0.3768117 
0.3575211 
0.3828546 
0.4180360 
0.4084048 
0.4224353 
0.3974272 
0.3429466 
0.3285589 
0.3180599 
0.2979483 
0.3156507 
0.3098578 
0.3130722 
0.2813059 
0.2665333 
0.2435439 
0.2516616 
0.2267477 
0.2296543 
0.2493522 
0.2961502 
0.3095724 
0.3163738 
0.2862362 
0.2410563 
0.2397951 
0.2352026 
0.2695478 
0.2787138 
0.2800583 
0.2902498 
0.2887727 
0.2846078 
0.2846460 
0.2717883 
0.2658458 
0.2561157 
0.2390074 
0.2399533 
0.2718403 
0.2522233 
0.2317863 
0.2029269 
0.1736446 
0.1598363 
0.1471233 
0.1483793 
0.1749590 
0.2000196 
0.2177131 
0.2467611 
0.2193890 
0.2029222 
0.2076801 
0.1819056 
0.1663183 
0.1557042 
0.1912032 
0.2050003 
0.2069724 
0.2041727 
0.2221425 
0.2284787 
0.2173230 
0.2136369 
0.2244943 
0.2406139 
0.2598371 
0.2621584 
0.2555256 
0.2173087 
0.2096677 
0.1832030 
0.1977390 
0.2294394 
0.2629922 
0.2594977 
0.2495725 
0.2400333 
0.2387344 
0.2278733 
0.2193001 
0.2340469 
0.2349975 
0.2477096 
0.2841720 
0.3036343 
0.3090145 
0.3186047 
0.3024182 
0.2715314 
0.2470145 
0.2192038 
0.2346769 
0.2619151 
0.2648779 
0.2789994 
0.2897491 
0.2922030 
0.2874137 
0.2833031 
0.2953559 
0.2917373 
0.2970312 
0.2855507 
0.2571704 
0.2442348 
0.2392679 
0.2043320 
0.1853177 
0.1844828 
0.2093917 
0.2318996 
0.2313549 
0.2530105 
0.2844296 
0.3161003 
0.3157438 
0.3312866 
0.2891420 
0.2642173 
0.2630224 
0.2367568 
0.1976745 
0.1985359 
0.2074050 
0.2290791 
0.2389966 
0.2323773 
0.2233421 
0.1911729 
0.1826630 
0.1615904 
0.1578573 
0.1665298 
0.1895265 
0.2161866 
0.2489571 
0.2554520 
0.2617651 
0.2494812 
0.2420749 
0.2029051 
0.2009986 
0.1911475 
0.1856420 
0.1952070 
0.2058496 
0.2269188 
0.2488755 
0.2654328 
0.2743304 
0.2819738 
0.2879454 
0.2962269 
0.2815388 
0.2904312 
0.2758045 
0.2744998 
0.2732949 
0.3011915 
0.3062810 
0.3235398 
0.3212453 
0.3277893 
0.3229779 
0.3124229 
0.2947739 
0.2945121 
0.2903325 
0.3051513 
0.3059026 
0.3034147 
0.3045958 
0.2996370 
0.2810942 
0.2586433 
0.2434549 
0.2265516 
0.1979060 
0.1930432 
0.1892166 
0.1809269 
0.1901511 
0.1998450 
0.1574491 
0.1589183 
0.1424875 
0.1395752 
0.1506376 
0.1769548 
0.1934679 
0.1966805 
0.1998624 
0.1934712 
0.2009391 
0.2042048 
0.1981509 
0.2132137 
0.1978644 
0.1788622 
0.1836638 
0.2265879 
0.2536958 
0.2537499 
0.2415319 
0.2373022 
0.2727342 
0.2782812 
0.2673562 
0.2606617 
0.2478383 
0.2278756 
0.2447669 
0.2700808 
0.2783759 
0.2658068 
0.2655151 
0.2739786 
0.2784415 
0.2586884 
0.2440608 
0.2408656 
0.2218567 
0.2125064 
0.2129520 
0.2109867 
0.2039180 
0.1849133 
0.2430450 
0.2436236 
0.2515788 
0.2482918 
0.2246631 
0.2058553 
0.1601123 
0.1345425 
0.1351299 
0.1655926 
0.1715016 
0.1674815 
0.1843987 
0.1920801 
0.2030606 
0.2047683 
0.2096104 
0.2099523 
0.2256115 
0.2270036 
0.2695725 
0.2986607 
0.3180459 
0.3248268 
0.3127102 
0.3697421 
0.3619729 
0.3945110 
0.3794829 
0.3395309 
0.3353294 
0.2906095 
0.2874515 
0.2915527 
0.2987543 
0.2814632 
0.2583201 
0.2347375 
0.2140659 
0.2294337 
0.2186182 
0.2037294 
0.1957821 
0.2141079 
0.2026439 
0.2246765 
0.2409038 
0.2425724 
0.2333492 
0.2308113 
0.2556591 
0.2509058 
0.2782787 
0.2752963 
0.2758422 
0.2422225 
0.2413165 
0.2378214 
0.2179431 
0.2314445 
0.2294477 
0.2410213 
0.2613499 
0.2928953 
0.3226129 
0.3192516 
0.3226946 
0.2886171 
0.2578818 
0.2509901 
0.2516340 
0.2318477 
0.2277088 
0.2048469 
0.1935382 
0.1744447 
0.1705445 
0.1493664 
0.1296196 
0.1399620 
0.1318044 
0.1309960 
0.1590962 
0.1875241 
0.2237350 
0.2357707 
0.2449179 
0.2396561 
0.2117789 
0.2097271 
0.2064485 
0.2049892 
0.2121249 
0.2510551 
0.2364316 
0.2687284 
0.2869901 
0.3025343 
0.2913748 
0.2704505 
0.2511783 
0.2580397 
0.2309250 
0.2246049 
0.2257256 
0.2341719 
0.1975363 
0.1947552 
0.1879673 
0.2137160 
0.2254940 
0.2357057 
0.2405244 
0.2915497 
0.2742255 
0.2730168 
0.2761969 
0.2463049 
0.1968420 
0.1725120 
0.1616082 
0.1633023 
0.1805714 
0.2146392 
0.2174095 
0.2135414 
0.1995212 
0.2176191 
0.2201001 
0.2352230 
0.2139901 
0.1970256 
0.2118517 
0.1815815 
0.1432898 
0.0944439 
0.0990665 
0.1162696 
0.1241889 
0.1507982 
0.1354407 
0.1479216 
0.1600378 
0.1759478 
0.1694445 
0.1654792 
0.1471324 
0.1667169 
0.1731943 
0.1762630 
0.1782584 
0.1965538 
0.1826358 
0.1767824 
0.1672180 
0.1776422 
0.1630917 
0.2171899 
0.2360427 
0.2362614 
0.2459288 
0.2480905 
0.2040283 
0.1893806 
0.1604176 
0.1808221 
0.2032960 
0.2253718 
0.2155735 
0.2309352 
0.2498446 
0.2161076 
0.1859198 
0.1959467 
0.1736210 
0.1610231 
0.1825521 
0.1758679 
0.1747364 
0.1863663 
0.1727611 
0.1543651 
0.1502090 
0.1682865 
0.1544557 
0.1536009 
0.1585535 
0.1570528 
0.1548708 
0.1593821 
0.1346029 
0.1184905 
0.1271057 
0.1394623 
0.1439542 
0.0868146 
0.0743941 
0.0788599 
0.0694360 
0.0957552 
0.1244010 
0.1808640 
0.2095034 
0.2154649 
0.2120679 
0.2159276 
0.2194983 
0.2526837 
0.2487041 
0.2621111 
0.2640832 
0.2514022 
0.2476245 
0.2316041 
0.2475074 
0.2419742 
0.2365994 
0.2263503 
0.2133381 
0.2079623 
0.2237468 
0.2255288 
0.2314772 
0.2213297 
0.2200759 
0.2017520 
0.1731764 
0.1567613 
0.1445393 
0.1573537 
0.1755028 
0.1845398 
0.2000075 
0.2068200 
0.1971728 
0.2068349 
0.2059836 
0.1790308 
0.1614749 
0.1805752 
0.1506880 
0.1394816 
0.1424902 
0.1330080 
0.1228265 
0.1142979 
0.1237312 
0.1505614 
0.1802677 
0.1890759 
0.1919281 
0.1958057 
0.2129123 
0.2245506 
0.2480662 
0.2480423 
0.2870931 
0.3317050 
0.3532030 
0.3414487 
0.3315910 
0.2973727 
0.2483228 
0.2368601 
0.2279096 
0.2322467 
0.2291736 
0.2220537 
0.2354715 
0.2503762 
0.2373863 
0.2029241 
0.2010293 
0.2145521 
0.2160325 
0.2141516 
0.2246660 
0.2036227 
0.2317433 
0.2357793 
0.2712044 
0.2776360 
0.2809120 
0.2563149 
0.2590244 
0.2363763 
0.2076817 
0.2138550 
0.1939372 
0.2119705 
0.2396731 
0.2412639 
0.2528428 
0.2558243 
0.2461030 
0.2122942 
0.1985030 
0.2102450 
0.2348661 
0.2610634 
0.2682429 
0.2567695 
0.2037638 
0.1989485 
0.2000485 
0.2214243 
0.2168767 
0.2077859 
0.2063579 
0.1840587 
0.1852709 
0.2089589 
0.2475970 
0.2927588 
0.3040848 
0.3222516 
0.2780237 
0.2635488 
0.2360902 
0.2290927 
0.2507675 
0.2211614 
0.2065937 
0.2321413 
0.2291525 
0.2683642 
0.2709051 
0.2682392 
0.2568706 
0.2661603 
0.2686639 
0.2600781 
0.2282301 
0.2242118 
0.1918051 
0.1603821 
0.1786452 
0.2209910 
0.2461463 
0.2702005 
0.2802923 
0.2516735 
0.2412961 
0.2330342 
0.2262157 
0.2499136 
0.2601745 
0.2721033 
0.2792758 
0.2653205 
0.2756447 
0.2858172 
0.2811567 
0.2115791 
0.2249135 
0.2215965 
0.2038115 
0.2041370 
0.1853636 
0.1700691 
0.1706697 
0.2017649 
0.1989498 
0.1878999 
0.1598420 
0.1384878 
0.1361212 
0.1320865 
0.1773008 
0.1947508 
0.1512714 
0.1325383 
0.1317032 
0.1518865 
0.1789191 
0.2161483 
0.2397466 
0.2798127 
0.2840412 
0.2463661 
0.2433744 
0.2506902 
0.2469453 
0.2431174 
0.2375688 
0.2030431 
0.1868405 
0.2085423 
0.2532130 
0.2572169 
0.2779125 
0.2554819 
0.2493471 
0.2252382 
0.1830450 
0.1817108 
0.1620434 
0.1648142 
0.1726676 
0.1774350 
0.2030199 
0.2167184 
0.2173772 
0.2408955 
0.2486790 
0.2783713 
0.3009743 
0.2339190 
0.2064369 
0.1778625 
0.1761388 
0.2034158 
0.2133456 
0.1970101 
0.1910536 
0.2082275 
0.2077258 
0.2016603 
0.2393508 
0.2480788 
0.2076856 
0.1691642 
0.1416690 
0.1001298 
0.1015796 
0.1023426 
0.1255198 
0.1353150 
0.1609079 
0.1463767 
0.1746368 
0.2021099 
0.1908042 
0.1820196 
0.1914766 
0.1655889 
0.1512374 
0.1041823 
0.1115187 
0.1316287 
0.1758875 
0.2360513 
0.2564625 
0.2817478 
0.2769568 
0.2729092 
0.2846632 
0.2847468 
0.2872399 
0.2745605 
0.2670093 
0.2633514 
0.2738272 
0.3036778 
0.3049809 
0.3052345 
0.2671743 
0.2449686 
0.2274278 
0.2349940 
0.2466785 
0.2177803 
0.2221379 
0.2146313 
0.1906748 
0.2577792 
0.2600928 
0.2817623 
0.2977276 
0.2934317 
0.3310845 
0.3769327 
0.3995592 
0.4136007 
0.4008618 
0.3750515 
0.3279843 
0.3170347 
0.3168682 
0.3102268 
0.3215867 
0.3147351 
0.3177141 
0.3139856 
0.3037000 
0.2996047 
0.2862380 
0.2922298 
0.2755846 
0.2527680 
0.2293243 
0.2216642 
0.2205546 
0.2012463 
0.2011119 
0.1803533 
0.1985145 
0.1980678 
0.1817582 
0.2026952 
0.2245111 
0.2303467 
0.2637648 
0.2484536 
0.2484458 
0.2526843 
0.2660056 
0.2836646 
0.3051873 
0.3192161 
0.3159396 
0.3310018 
0.3164698 
0.3100789 
0.3138920 
0.3355514 
0.3302085 
0.3317782 
0.3365823 
0.3163393 
0.3216852 
0.3203025 
0.3008088 
0.3081991 
0.3067752 
0.3123582 
0.3313173 
0.3437221 
0.3575142 
0.3595232 
0.3735392 
0.3953493 
0.3998749 
0.4126659 
0.4202223 
0.4268726 
0.4048890 
0.3498721 
0.2463471 
0.2591582 
0.2695152 
0.2678443 
0.2749882 
0.2494624 
0.2461971 
0.2417487 
0.2645822 
0.2818883 
0.2940143 
0.3013295 
0.2908024 
0.2753433 
0.2857715 
0.3095495 
0.3483045 
0.3335430 
0.3480919 
0.3249647 
0.2866795 
0.2974540 
0.2827452 
0.2869450 
0.2917166 
0.2803818 
0.2534564 
0.2438318 
0.2480436 
0.2593750 
0.2815509 
0.2994491 
0.3154035 
0.3209304 
0.3371132 
0.3685015 
0.3814065 
0.3657072 
0.3337442 
0.2934634 
0.2806184 
0.2972279 
0.2867594 
0.2798258 
0.3378811 
0.3398924 
0.3314385 
0.3557138 
0.3500356 
0.3553974 
0.3600328 
0.3614501 
0.3338345 
0.2918602 
0.2767687 
0.2709935 
0.2819423 
0.2963495 
0.2836768 
0.2792529 
0.3010749 
0.3231609 
0.3477016 
0.3299364 
0.3197998 
0.3197099 
0.3342674 
0.3995136 
0.4061732 
0.3928297 
0.4170409 
0.4067086 
0.3798975 
0.3693740 
0.3734410 
0.3686039 
0.3699493 
0.3588649 
0.3618591 
0.3658429 
0.3720636 
0.3577142 
0.3225528 
0.2954036 
0.3015630 
0.3083071 
0.3222857 
0.3595540 
0.3762600 
0.3884948 
0.3812761 
0.3986114 
0.3921887 
0.4145896 
0.4118771 
0.4237009 
0.4043172 
0.4246483 
0.4356981 
0.4057418 
0.4059273 
0.4086198 
0.3959459 
0.4173895 
0.4470487 
0.4342738 
0.4245663 
0.4270972 
0.4370343 
0.4187671 
0.4202264 
0.4094925 
0.3948909 
0.3978421 
0.3764815 
0.3465167 
0.3135555 
0.3127494 
0.3381261 
0.3925207 
0.4152993 
0.4100018 
0.4304363 
0.4642713 
0.4699135 
0.4698986 
0.4710729 
0.4565923 
0.4676640 
0.4501178 
0.4396641 
0.4242857 
0.4110259 
0.4289337 
0.4245165 
0.4297534 
0.4380914 
0.4391887 
0.4419524 
0.4206014 
0.4059721 
0.3920547 
0.3828961 
0.3856213 
0.3873193 
0.3658856 
0.3328598 
0.3226731 
0.3063850 
0.3112750 
0.3155255 
0.3312898 
0.3605953 
0.3733210 
0.4111587 
0.4404434 
0.4342793 
0.4355259 
0.4391599 
0.4346962 
0.4074629 
0.4199281 
0.4012854 
0.3797745 
0.3702876 
0.4072584 
0.4209798 
0.4591679 
0.4806906 
0.4527363 
0.4432386 
0.4620230 
0.4511848 
0.4547401 
0.4645316 
0.4346063 
0.4065007 
0.3952000 
0.3916364 
0.3772040 
0.4049399 
0.4251162 
0.4553807 
0.4595315 
0.4686663 
0.5081261 
0.5005456 
0.5013527 
0.5196509 
0.5257766 
0.5296659 
0.5137901 
0.5077242 
0.4736272 
0.4134076 
0.3988019 
0.3845399 
0.4052292 
0.4377490 
0.4334318 
0.4322740 
0.4264972 
0.4406644 
0.4222683 
0.4360714 
0.4778405 
0.4977243 
0.5317174 
0.4977162 
0.4745854 
0.4711204 
0.4586277 
0.4453663 
0.4534967 
0.4518894 
0.4707664 
0.4987569 
0.5102284 
0.5160237 
0.5250877 
0.5532554 
0.5749888 
0.5882657 
0.5805457 
0.5904051 
0.5797747 
0.5916862 
0.5730128 
0.5726205 
0.5448306 
0.4909246 
0.4497425 
0.4389901 
0.4583089 
0.4708020 
0.4862955 
0.5048737 
0.4992584 
0.5044205 
0.5050685 
0.4852358 
0.4829623 
0.4971786 
0.4955225 
0.4808748 
0.4624907 
0.4772346 
0.4801413 
0.4836928 
0.4867748 
0.4876545 
0.5136342 
0.5123437 
0.5244563 
0.5012598 
0.4720599 
0.4536009 
0.4664427 
0.4728691 
0.4705237 
0.4643702 
0.4563668 
0.4498697 
0.4671786 
0.4926105 
0.4830262 
0.5018320 
0.5161790 
0.5287798 
0.5378167 
0.5465547 
0.5308784 
0.5180757 
0.5127162 
0.4967878 
0.4920767 
0.4823765 
0.5028938 
0.5015071 
0.4946819 
0.5013317 
0.5136981 
0.4874441 
0.4827051 
0.4749697 
0.5171271 
0.5420366 
0.5391360 
0.5456258 
0.5176505 
0.4961695 
0.4967600 
0.4935933 
0.5020686 
0.5007390 
0.4993894 
0.5053205 
0.4933447 
0.4905259 
0.4865899 
0.5166861 
0.5227557 
0.5408858 
0.5556616 
0.5766342 
0.5841761 
0.6089125 
0.6078455 
0.6150645 
0.6110273 
0.6107411 
0.6032054 
0.5974345 
0.5976031 
0.5828814 
0.5553505 
0.5513669 
0.5469255 
0.5266576 
0.5221517 
0.5032316 
0.4825367 
0.4728122 
0.4820792 
0.5062248 
0.5295898 
0.5475380 
0.5548916 
0.5891640 
0.6239732 
0.6461370 
0.6479040 
0.6229548 
0.6297634 
0.6259714 
0.6090966 
0.5984059 
0.5631355 
0.5288200 
0.5001996 
0.4809417 
0.4771567 
0.4839669 
0.5049758 
0.5174255 
0.5424698 
0.5401886 
0.5565152 
0.6004040 
0.6337737 
0.6490944 
0.6423326 
0.6187959 
0.6028919 
0.5724333 
0.5717976 
0.5516395 
0.5249675 
0.5116829 
0.5032937 
0.5211127 
0.5128187 
0.5219365 
0.5000557 
0.4864958 
0.4512309 
0.4370128 
0.4455695 
0.4396958 
0.4476083 
0.4716902 
0.4660296 
0.4945614 
0.5207490 
0.5364282 
0.5943510 
0.6060758 
0.6115309 
0.5919270 
0.5713603 
0.5759685 
0.5891866 
0.5915003 
0.5905436 
0.5859638 
0.5715816 
0.5643302 
0.5553135 
0.5348360 
0.5052639 
0.5187853 
0.5533806 
0.5436975 
0.5603705 
0.5745814 
0.5872849 
0.5789402 
0.5606778 
0.5677197 
0.5694005 
0.5900750 
0.6323469 
0.6482216 
0.6309416 
0.5674122 
0.5751544 
0.5641756 
0.5741949 
0.5935249 
0.6047999 
0.6064475 
0.6064822 
0.5821343 
0.5772058 
0.5754611 
0.5603670 
0.5320534 
0.5272555 
0.5216065 
0.5437278 
0.5370512 
0.5508822 
0.5530704 
0.5943714 
0.5913851 
0.5587334 
0.5687814 
0.5761820 
0.6043090 
0.6078204 
0.5990419 
0.6150054 
0.6286779 
0.6513266 
0.6422458 
0.6404406 
0.6035947 
0.5911796 
0.5703953 
0.5960682 
0.5937598 
0.6120353 
0.6065168 
0.6028732 
0.5934648 
0.6136105 
0.5995364 
0.6010059 
0.6028491 
0.6156153 
0.6033534 
0.6061933 
0.6157433 
0.5961840 
0.5708051 
0.5881718 
0.5607154 
0.5625181 
0.5534079 
0.5505440 
0.5544078 
0.5613457 
0.5449514 
0.5622665 
0.5708052 
0.5580653 
0.5409521 
0.5472009 
0.5803792 
0.5986892 
0.5999018 
0.6051363 
0.6223670 
0.5874640 
0.5660777 
0.5772356 
0.6260856 
0.6533054 
0.6782440 
0.6643591 
0.6715910 
0.6875437 
0.6765466 
0.6455269 
0.6300911 
0.6349061 
0.6419661 
0.6362853 
0.6336252 
0.6518795 
0.6574017 
0.6437931 
0.6553585 
0.6404235 
0.6262264 
0.6268788 
0.6055809 
0.6015196 
0.5836241 
0.5914435 
0.6148218 
0.6289912 
0.6579594 
0.6795550 
0.6853924 
0.7024945 
0.7036107 
0.7138563 
0.7266924 
0.7098801 
0.7282946 
0.7438547 
0.7566414 
0.7565489 
0.7354070 
0.7199554 
0.7092303 
0.6913537 
0.6597568 
0.6462555 
0.6657834 
0.6480325 
0.6506953 
0.6335102 
0.6228751 
0.6250551 
0.6228318 
0.6436928 
0.6490875 
0.6476199 
0.6587789 
0.6593437 
0.6568770 
0.6604210 
0.6598317 
0.6733884 
0.6614469 
0.6523985 
0.6558445 
0.6671398 
0.6726050 
0.6877627 
0.7031822 
0.7049174 
0.6649627 
0.6915946 
0.6844187 
0.6886491 
0.6711792 
0.6495815 
0.6699400 
0.6563029 
0.6776217 
0.6821658 
0.6749584 
0.6620810 
0.6294026 
0.6166811 
0.6316650 
0.6381747 
0.6386904 
0.6369027 
0.6323641 
0.6564739 
0.6914082 
0.7022366 
0.7051966 
0.7090654 
0.7121758 
0.7271709 
0.7423200 
0.6942174 
0.6793844 
0.6876936 
0.6789539 
0.6719904 
0.6545778 
0.6547343 
0.6462029 
0.6204843 
0.6283276 
0.6293552 
0.6390985 
0.6123235 
0.6022070 
0.6072468 
0.6676129 
0.6635821 
0.6681171 
0.6588896 
0.6854093 
0.6780252 
0.7124793 
0.7327430 
0.7256112 
0.7242812 
0.7278676 
0.7314316 
0.7154742 
0.7230370 
0.7338795 
0.7298094 
0.7387834 
0.7054731 
0.7115547 
0.7242060 
0.7036838 
0.6859737 
0.6882430 
0.6771113 
0.6307117 
0.6190376 
0.5890504 
0.5785013 
0.5844658 
0.6106292 
0.6394329 
0.6564119 
0.6724879 
0.7003892 
0.7216661 
0.7312921 
0.7349786 
0.7257480 
0.7054363 
0.7413268 
0.7292112 
0.7360897 
0.7265005 
0.7142955 
0.7192750 
0.6900776 
0.7108447 
0.6888920 
0.6891566 
0.6953318 
0.7089831 
0.7422698 
0.7338970 
0.7045164 
0.7042825 
0.7185523 
0.7624224 
0.7304231 
0.6929149 
0.6431854 
0.6583531 
0.6568594 
0.6606390 
0.6733069 
0.6810634 
0.6743462 
0.6807439 
0.6891976 
0.7009933 
0.6965988 
0.6958387 
0.6640596 
0.6701738 
0.6541844 
0.6252389 
0.6177588 
0.5948204 
0.5882990 
0.5817322 
0.6017562 
0.5883409 
0.5921425 
0.5926105 
0.5888286 
0.5832958 
0.5727146 
0.5899418 
0.5935111 
0.6135770 
0.6389125 
0.6495132 
0.6653259 
0.6746692 
0.6932334 
0.6931413 
0.7016304 
0.7141501 
0.7320085 
0.7214378 
0.7118021 
0.7209155 
0.7134992 
0.7146586 
0.7099561 
0.7008599 
0.6910966 
0.6665556 
0.6484434 
0.6349905 
0.6278647 
0.6061491 
0.6138107 
0.6207326 
0.6245464 
0.6561433 
0.6678350 
0.6473156 
0.6727101 
0.6614858 
0.6743536 
0.6853958 
0.7112295 
0.7353566 
0.7540065 
0.7675243 
0.7555517 
0.7494426 
0.7383417 
0.7159088 
0.7094672 
0.7323608 
0.7510601 
0.7438106 
0.7433613 
0.7457703 
0.7605823 
0.7701171 
0.7536574 
0.7494533 
0.7524941 
0.7434124 
0.7535426 
0.7398540 
0.7429491 
0.7457256 
0.7459178 
0.7298523 
0.7394449 
0.7637296 
0.7798456 
0.7866676 
0.7829256 
0.7770286 
0.7583178 
0.7474600 
0.7327188 
0.7290150 
0.7114735 
0.7071641 
0.6883927 
0.6984046 
0.6999174 
0.7137729 
0.7182664 
0.7147481 
0.7178481 
0.7051494 
0.6871376 
0.6855305 
0.6697735 
0.6625746 
0.6701547 
0.7206416 
0.7496821 
0.7627060 
0.7594243 
0.7981494 
0.8094236 
0.8469578 
0.8503581 
0.8316486 
0.8344882 
0.8249018 
0.7894773 
0.7377793 
0.7276057 
0.7321136 
0.7362401 
0.7105797 
0.6782488 
0.6925850 
0.7308011 
0.7355817 
0.7486274 
0.7578919 
0.7356925 
0.7131189 
0.7100228 
0.7285329 
0.7353570 
0.7427653 
0.7476108 
0.7501971 
0.7650418 
0.7606889 
0.7754816 
0.7612915 
0.7695231 
0.7422427 
0.7197682 
0.6748224 
0.6755117 
0.6872278 
0.6779989 
0.6837604 
0.6968228 
0.7015777 
0.7209699 
0.7009566 
0.6989006 
0.7423138 
0.7534917 
0.7517166 
0.7502877 
0.7266457 
0.7214745 
0.7410043 
0.7651963 
0.7890899 
0.7936495 
0.7844826 
0.7794526 
0.7815677 
0.7683005 
0.7110070 
0.7086616 
0.6666325 
0.6364084 
0.6252182 
0.6201692 
0.6561310 
0.6723439 
0.6428091 
0.7157228 
0.7415388 
0.7874082 
0.7823333 
0.7551419 
0.7380765 
0.7196699 
0.7100911 
0.7235122 
0.7333159 
0.7238798 
0.7516383 
0.7523578 
0.7649144 
0.7634526 
0.7645273 
0.8081591 
0.8204638 
0.8398479 
0.8602338 
0.8254524 
0.8323596 
0.8310038 
0.7793844 
0.7516274 
0.7449822 
0.7257297 
0.7229713 
0.7218811 
0.7435820 
0.7211966 
0.7320605 
0.7492184 
0.7286847 
0.7207125 
0.7397523 
0.7427076 
0.7235837 
0.7465707 
0.7436225 
0.7748362 
0.8125057 
0.8503389 
0.8617992 
0.8617231 
0.8532684 
0.8647024 
0.8423241 
0.8352029 
0.8584640 
0.8434874 
0.8250246 
0.8187116 
0.8292647 
0.8122561 
0.7886729 
0.7640231 
0.7406527 
0.7256483 
0.7525865 
0.7681070 
0.7970834 
0.7888482 
0.8138475 
0.8408314 
0.8566069 
0.8657400 
0.8808924 
0.8914398 
0.8860082 
0.8824336 
0.8976960 
0.9034681 
0.9035008 
0.8740777 
0.8799239 
0.8406073 
0.8210734 
0.7954425 
0.8106440 
0.7847958 
0.7693323 
0.7441860 
0.7112448 
0.7145554 
0.7146032 
0.7139353 
0.7108532 
0.7143400 
0.7314833 
0.7352023 
0.7516607 
0.7750817 
0.7953828 
0.7815260 
0.7858770 
0.7822797 
0.7628358 
0.7423351 
0.7285892 
0.7235249 
0.7356150 
0.7661600 
0.7869920 
0.8431086 
0.8741376 
0.8763804 
0.8801477 
0.8782394 
0.8577798 
0.8231886 
0.8035252 
0.7768920 
0.7993922 
0.7715761 
0.6921472 
0.6765224 
0.6828104 
0.6899323 
0.7304984 
0.7552226 
0.7679253 
0.7643702 
0.7486720 
0.7488296 
0.7268171 
0.7250293 
0.7348398 
0.7212894 
0.7295035 
0.7309346 
0.7290091 
0.7739541 
0.7784879 
0.7868674 
0.8016243 
0.8273852 
0.8415010 
0.8415352 
0.7947165 
0.7924179 
0.7958970 
0.8009728 
0.7848435 
0.7567326 
0.7725504 
0.7696213 
0.7441805 
0.6957082 
0.6888185 
0.6890655 
0.7058243 
0.7334178 
0.7714454 
0.7902498 
0.7755803 
0.7637361 
0.7450873 
0.7416555 
0.7394615 
0.7178985 
0.7221309 
0.7433807 
0.7579172 
0.7980204 
0.8351283 
0.8356661 
0.8253395 
0.8274614 
0.8615397 
0.9101623 
0.9442313 
0.9084309 
0.9223879 
0.9034984 
0.8742420 
0.8357426 
0.8247417 
0.8194225 
0.8050396 
0.8341824 
0.8290545 
0.8539614 
0.8670756 
0.8735748 
0.8674168 
0.8759344 
0.8721566 
0.8314632 
0.7868932 
0.7675163 
0.7524864 
0.7372095 
0.7335755 
0.7645355 
0.7970578 
0.8221632 
0.8614394 
0.8881338 
0.9094046 
0.9113276 
0.9153865 
0.8999918 
0.8892088 
0.9033017 
0.8807572 
0.8589251 
0.8613479 
0.8586103 
0.8593783 
0.8638162 
0.8411407 
0.8333927 
0.8227691 
0.8132391 
0.7808558 
0.7516940 
0.7701499 
0.7774394 
0.7945863 
0.8129420 
0.8249213 
0.8008667 
0.8117168 
0.7979428 
0.7793414 
0.7737621 
0.7631787 
0.7528101 
0.7594008 
0.7724309 
0.7983607 
0.8231060 
0.8243700 
0.8408497 
0.8544505 
0.8619048 
0.8994922 
0.9682355 
0.9666027 
0.9529314 
0.9468250 
0.9501551 
0.9191131 
0.9027344 
0.8895523 
0.8845273 
0.8654825 
0.8729168 
0.8792644 
0.8800612 
0.8629995 
0.8791111 
0.8995832 
0.9059247 
0.8886703 
0.8844095 
0.8703519 
0.8451086 
0.8384421 
0.8125285 
0.7999967 
0.7736645 
0.7516787 
0.7577227 
0.7378526 
0.7387764 
0.7561621 
0.7346070 
0.7405466 
0.7330619 
0.7477586 
0.7608186 
0.8179494 
0.8298333 
0.8273263 
0.8463164 
0.8755530 
0.8438568 
0.8504945 
0.8650456 
0.8386689 
0.8491173 
0.8569126 
0.8557391 
0.7974981 
0.8190873 
0.8264694 
0.8295781 
0.8214882 
0.8328035 
0.8267471 
0.8273930 
0.8194426 
0.8136181 
0.7896048 
0.7676787 
0.7442089 
0.7555319 
0.7579247 
0.7526462 
0.7884637 
0.7995168 
0.8273873 
0.8499029 
0.8778942 
0.8971407 
0.9112662 
0.9098837 
0.8805816 
0.8830845 
0.8769355 
0.8759579 
0.8734936 
0.8449413 
0.8121482 
0.8151649 
0.7952373 
0.7559274 
0.7891907 
0.7987997 
0.7656922 
0.7802766 
0.8196989 
0.8391765 
0.8394464 
0.8787869 
0.8889916 
0.9154769 
0.9455413 
0.9771821 
0.9847545 
0.9691886 
0.9478936 
0.9225935 
0.8797580 
0.8713531 
0.8740129 
0.8804949 
0.8741014 
0.8759001 
0.9000462 
0.8674512 
0.8600331 
0.8403316 
0.8392155 
0.8360375 
0.7812527 
0.7609550 
0.7725312 
0.7614587 
0.7751012 
0.7991782 
0.8191800 
0.8173132 
0.8261075 
0.8175747 
0.8056607 
0.8285987 
0.8400977 
0.8275573 
0.8176412 
0.8061966 
0.8005843 
0.8015567 
0.8204050 
0.8257811 
0.8118547 
0.8291669 
0.8367059 
0.8404490 
0.8509584 
0.8633961 
0.9002484 
0.8934725 
0.9042207 
0.9458517 
0.9182773 
0.9040681 
0.9085591 
0.9143083 
0.9072422 
0.9216297 
0.9135613 
0.8906784 
0.8474649 
0.8524655 
0.8427652 
0.8219967 
0.8416224 
0.8554452 
0.8501449 
0.8240574 
0.8510348 
0.8781531 
0.8813593 
0.8108456 
0.7910422 
0.7763698 
0.7685139 
0.7567589 
0.7731221 
0.7923122 
0.7751550 
0.7811388 
0.8013177 
0.8493324 
0.8931754 
0.9181874 
0.9274376 
0.9358679 
0.9409046 
0.9641788 
0.9841066 
1.0000000 
0.9984115 
0.9769547 
0.9791770 
0.9611480 
0.9487020 
0.9340111 
0.9196150 
0.8796743 
0.8637493 
0.8456385 
0.8178780 
0.8282886 
0.8451486 
0.7901281 
0.8074195 
0.8386423 
