-0.0000968 
0.0000448 
0.0001476 
-0.4739506 
0.1933529 
-0.2953347 
1.0000000 
0.9997470 
0.9987966 
0.9984204 
0.9974507 
0.9972265 
0.9946822 
0.9955092 
0.9878818 
0.9873556 
0.9918307 
0.9915987 
0.9889328 
0.9872227 
0.9853097 
0.9822024 
0.9842392 
0.9870295 
0.9854811 
0.9849270 
0.9827253 
0.9834233 
0.9762158 
0.9774135 
0.9766762 
0.9773848 
0.9789236 
0.9757112 
0.9743796 
0.9756787 
0.9724314 
0.9698392 
0.9703252 
0.9717287 
0.9740071 
0.9729322 
0.9753528 
0.9753169 
0.9683050 
0.9684600 
0.9683423 
0.9711363 
0.9704496 
0.9653909 
0.9657149 
0.9637118 
0.9664573 
0.9658230 
0.9673787 
0.9648220 
0.9617698 
0.9587153 
0.9565270 
0.9568066 
0.9532067 
0.9526139 
0.9503897 
0.9557573 
0.9588141 
0.9586569 
0.9557102 
0.9542167 
0.9537593 
0.9500113 
0.9487031 
0.9489978 
0.9468606 
0.9486116 
0.9482006 
0.9490756 
0.9452247 
0.9442236 
0.9448662 
0.9388581 
0.9368780 
0.9410391 
0.9455614 
0.9442204 
0.9421914 
0.9410202 
0.9381281 
0.9341513 
0.9340957 
0.9322537 
0.9341610 
0.9324445 
0.9311129 
0.9286045 
0.9297305 
0.9253967 
0.9221143 
0.9216128 
0.9243759 
0.9259651 
0.9271135 
0.9273760 
0.9297887 
0.9323905 
0.9302155 
0.9317333 
0.9288485 
0.9289380 
0.9303666 
0.9330646 
0.9346486 
0.9341076 
0.9301558 
0.9284014 
0.9250851 
0.9227685 
0.9206602 
0.9198336 
0.9233936 
0.9253030 
0.9284199 
0.9265594 
0.9249054 
0.9259922 
0.9225161 
0.9218505 
0.9221066 
0.9221152 
0.9230883 
0.9251348 
0.9285252 
0.9281227 
0.9289924 
0.9272967 
0.9241025 
0.9198898 
0.9202320 
0.9176422 
0.9176416 
0.9182297 
0.9176331 
0.9190626 
0.9197552 
0.9196628 
0.9170877 
0.9163082 
0.9161302 
0.9168372 
0.9188500 
0.9176493 
0.9163522 
0.9176365 
0.9162448 
0.9145115 
0.9102558 
0.9110317 
0.9122439 
0.9169815 
0.9163818 
0.9177139 
0.9187707 
0.9144626 
0.9144292 
0.9122871 
0.9112591 
0.9099920 
0.9126391 
0.9123627 
0.9149468 
0.9145412 
0.9114489 
0.9116499 
0.9087277 
0.9119793 
0.9124296 
0.9141103 
0.9142207 
0.9159951 
0.9111349 
0.9107228 
0.9124953 
0.9101388 
0.9110213 
0.9139922 
0.9132860 
0.9104329 
0.9116734 
0.9112512 
0.9079440 
0.9077603 
0.9069638 
0.9022562 
0.9043662 
0.9017477 
0.9018689 
0.9030808 
0.9017663 
0.9001012 
0.8973547 
0.8998677 
0.9019595 
0.9016162 
0.8957856 
0.8953432 
0.8941928 
0.8952358 
0.8905143 
0.8909711 
0.8910104 
0.8889243 
0.8878405 
0.8893535 
0.8883787 
0.8900393 
0.8868537 
0.8886375 
0.8867377 
0.8882592 
0.8911813 
0.8864273 
0.8899926 
0.8915730 
0.8871366 
0.8863044 
0.8847246 
0.8894754 
0.8894746 
0.8874557 
0.8877304 
0.8800709 
0.8803435 
0.8839932 
0.8848002 
0.8840609 
0.8828590 
0.8784733 
0.8781021 
0.8775611 
0.8784199 
0.8760869 
0.8767299 
0.8764729 
0.8757058 
0.8743668 
0.8768267 
0.8759800 
0.8775015 
0.8757984 
0.8762096 
0.8767430 
0.8768606 
0.8788062 
0.8787538 
0.8779859 
0.8760136 
0.8708961 
0.8656359 
0.8671291 
0.8697741 
0.8698962 
0.8683631 
0.8651184 
0.8633659 
0.8603718 
0.8616573 
0.8600478 
0.8560165 
0.8559933 
0.8566709 
0.8598377 
0.8597316 
0.8622854 
0.8623757 
0.8597552 
0.8563304 
0.8587644 
0.8606064 
0.8580091 
0.8549487 
0.8558789 
0.8542512 
0.8538356 
0.8550823 
0.8535092 
0.8565695 
0.8531823 
0.8520868 
0.8519178 
0.8483157 
0.8470209 
0.8479569 
0.8453466 
0.8449106 
0.8457577 
0.8466567 
0.8433211 
0.8442583 
0.8400672 
0.8410603 
0.8407982 
0.8413579 
0.8427678 
0.8418398 
0.8406744 
0.8412016 
0.8403392 
0.8390634 
0.8396506 
0.8387843 
0.8406849 
0.8388212 
0.8368506 
0.8367432 
0.8369223 
0.8354099 
0.8370496 
0.8346599 
0.8330913 
0.8359459 
0.8345166 
0.8331993 
0.8289408 
0.8256226 
0.8222680 
0.8182000 
0.8216247 
0.8206611 
0.8222842 
0.8228696 
0.8229880 
0.8219108 
0.8250880 
0.8243621 
0.8254403 
0.8265389 
0.8279274 
0.8287258 
0.8242278 
0.8225304 
0.8229786 
0.8255271 
0.8212192 
0.8217086 
0.8233474 
0.8238388 
0.8245695 
0.8218985 
0.8222966 
0.8220753 
0.8218017 
0.8200544 
0.8207407 
0.8211222 
0.8188151 
0.8174108 
0.8174750 
0.8146671 
0.8150308 
0.8138453 
0.8141097 
0.8112586 
0.8162293 
0.8167387 
0.8152383 
0.8190139 
0.8158165 
0.8163251 
0.8151387 
0.8133495 
0.8100085 
0.8066984 
0.8026853 
0.8056689 
0.8060414 
0.8117398 
0.8120690 
0.8142631 
0.8157529 
0.8147322 
0.8140563 
0.8132006 
0.8094022 
0.8109912 
0.8097507 
0.8060564 
0.8035279 
0.8029354 
0.8037560 
0.8027322 
0.8003811 
0.7986633 
0.7990590 
0.7992428 
0.7979114 
0.7970711 
0.7980882 
0.7976888 
0.7962755 
0.7939246 
0.7912469 
0.7907204 
0.7918157 
0.7958263 
0.7993558 
0.8042157 
0.8029710 
0.8018379 
0.7991667 
0.7968310 
0.7938030 
0.7900806 
0.7873395 
0.7862119 
0.7857181 
0.7881237 
0.7938826 
0.7949440 
0.7940624 
0.7938723 
0.7931610 
0.7893496 
0.7897052 
0.7906241 
0.7901586 
0.7882418 
0.7882355 
0.7893810 
0.7947317 
0.7935108 
0.7942523 
0.7916596 
0.7929795 
0.7919694 
0.7865855 
0.7840011 
0.7824680 
0.7823001 
0.7823286 
0.7846190 
0.7863973 
0.7884399 
0.7880350 
0.7856731 
0.7806675 
0.7831422 
0.7779130 
0.7780847 
0.7768114 
0.7763233 
0.7771221 
0.7750790 
0.7769480 
0.7740863 
0.7769468 
0.7773030 
0.7779627 
0.7784004 
0.7800407 
0.7817744 
0.7807571 
0.7806109 
0.7808857 
0.7779467 
0.7783481 
0.7769426 
0.7760063 
0.7766487 
0.7792254 
0.7771797 
0.7807150 
0.7791930 
0.7773685 
0.7746748 
0.7714837 
0.7683179 
0.7664978 
0.7642867 
0.7674518 
0.7678917 
0.7720823 
0.7727833 
0.7721610 
0.7714367 
0.7649442 
0.7664106 
0.7638301 
0.7610692 
0.7665972 
0.7690718 
0.7707765 
0.7704772 
0.7697556 
0.7729852 
0.7744669 
0.7748878 
0.7736348 
0.7735881 
0.7725731 
0.7706280 
0.7681366 
0.7668339 
0.7708430 
0.7692872 
0.7680301 
0.7664484 
0.7620564 
0.7609212 
0.7612712 
0.7603656 
0.7574598 
0.7551919 
0.7541306 
0.7523411 
0.7509730 
0.7524487 
0.7497490 
0.7515426 
0.7495426 
0.7496921 
0.7499106 
0.7517101 
0.7473576 
0.7473599 
0.7457978 
0.7454316 
0.7467781 
0.7463006 
0.7452340 
0.7428782 
0.7455457 
0.7452678 
0.7453658 
0.7437707 
0.7454182 
0.7469221 
0.7472069 
0.7416342 
0.7419996 
0.7404513 
0.7377724 
0.7349939 
0.7364930 
0.7378855 
0.7364473 
0.7389937 
0.7381006 
0.7368922 
0.7371942 
0.7373865 
0.7384986 
0.7401105 
0.7373668 
0.7350232 
0.7391454 
0.7414341 
0.7410285 
0.7406887 
0.7423736 
0.7439995 
0.7437050 
0.7470735 
0.7458013 
0.7437343 
0.7404523 
0.7403618 
0.7406434 
0.7378496 
0.7360882 
0.7355978 
0.7387483 
0.7377800 
0.7350957 
0.7364560 
0.7365291 
0.7337477 
0.7330190 
0.7316430 
0.7341352 
0.7378839 
0.7343627 
0.7353122 
0.7326692 
0.7309056 
0.7311327 
0.7293520 
0.7285974 
0.7276706 
0.7268002 
0.7296312 
0.7295328 
0.7295247 
0.7274585 
0.7244619 
0.7234102 
0.7203264 
0.7186721 
0.7185052 
0.7194382 
0.7196242 
0.7176552 
0.7157766 
0.7138289 
0.7104441 
0.7134154 
0.7126848 
0.7174249 
0.7187047 
0.7191244 
0.7166988 
0.7198027 
0.7171625 
0.7155310 
0.7156978 
0.7138077 
0.7151361 
0.7096788 
0.7116970 
0.7133025 
0.7112422 
0.7100933 
0.7104930 
0.7115414 
0.7124975 
0.7142402 
0.7116540 
0.7138732 
0.7127134 
0.7128810 
0.7124286 
0.7115653 
0.7115511 
0.7112242 
0.7091251 
0.7090460 
0.7090060 
0.7071976 
0.7086772 
0.7048184 
0.7050200 
0.7043789 
0.7031103 
0.7017382 
0.7034515 
0.6994512 
0.6991309 
0.6999017 
0.6968521 
0.6955584 
0.6932240 
0.6922383 
0.6926381 
0.6963845 
0.6960651 
0.6925804 
0.6932625 
0.6970538 
0.7003205 
0.6961367 
0.6900448 
0.6895027 
0.6911019 
0.6922131 
0.6874932 
0.6893362 
0.6868155 
0.6877100 
0.6895966 
0.6947283 
0.6951672 
0.6943466 
0.6942090 
0.6938659 
0.6901580 
0.6893183 
0.6920825 
0.6894427 
0.6884734 
0.6884128 
0.6858180 
0.6869979 
0.6810239 
0.6816839 
0.6809833 
0.6817231 
0.6788934 
0.6823773 
0.6810739 
0.6776311 
0.6769570 
0.6780936 
0.6799131 
0.6785877 
0.6786013 
0.6744064 
0.6755797 
0.6748586 
0.6760960 
0.6747204 
0.6791470 
0.6768991 
0.6787426 
0.6789286 
0.6797762 
0.6777592 
0.6765256 
0.6728362 
0.6714210 
0.6701268 
0.6690980 
0.6685652 
0.6703178 
0.6697921 
0.6732355 
0.6713903 
0.6712963 
0.6694233 
0.6683445 
0.6716757 
0.6763380 
0.6766273 
0.6745374 
0.6729446 
0.6736655 
0.6766095 
0.6752976 
0.6721405 
0.6659066 
0.6677685 
0.6627719 
0.6641101 
0.6628738 
0.6630012 
0.6667914 
0.6674497 
0.6667695 
0.6694112 
0.6706899 
0.6696447 
0.6694388 
0.6696877 
0.6704452 
0.6698249 
0.6689652 
0.6694482 
0.6716094 
0.6742855 
0.6756113 
0.6724944 
0.6767021 
0.6775238 
0.6780007 
0.6758663 
0.6704344 
0.6713129 
0.6670741 
0.6679226 
0.6677327 
0.6650674 
0.6680586 
0.6679391 
0.6670310 
0.6658354 
0.6633577 
0.6644503 
0.6644385 
0.6663453 
0.6612882 
0.6625635 
0.6626761 
0.6605422 
0.6620135 
0.6612617 
0.6601370 
0.6571944 
0.6599806 
0.6585259 
0.6615286 
0.6551584 
0.6570625 
0.6547526 
0.6529578 
0.6466735 
0.6510707 
0.6464596 
0.6479198 
0.6489866 
0.6468261 
0.6433983 
0.6496012 
0.6537994 
0.6502780 
0.6544347 
0.6525300 
0.6530526 
0.6494668 
0.6497045 
0.6502617 
0.6502065 
0.6455913 
0.6464511 
0.6495769 
0.6408378 
0.6414718 
0.6389755 
0.6446679 
0.6384433 
0.6450474 
0.6474915 
0.6467967 
0.6475887 
0.6497190 
0.6480274 
0.6485682 
0.6490082 
0.6469042 
0.6450047 
0.6456673 
0.6459364 
0.6486515 
0.6455383 
0.6447651 
0.6422524 
0.6394938 
0.6430448 
0.6383132 
0.6420303 
0.6448471 
0.6426523 
0.6396539 
0.6436980 
0.6396386 
0.6411505 
0.6402381 
0.6416402 
0.6427134 
0.6411516 
0.6401558 
0.6374753 
0.6363523 
0.6367022 
0.6299460 
0.6290245 
0.6306701 
0.6296227 
0.6303706 
0.6288393 
0.6298604 
0.6294846 
0.6256139 
0.6241731 
0.6209993 
0.6149844 
0.6153525 
0.6145696 
0.6129607 
0.6152649 
0.6138094 
0.6192035 
0.6210692 
0.6189857 
0.6176462 
0.6166366 
0.6240420 
0.6252619 
0.6251636 
0.6253764 
0.6213967 
0.6187705 
0.6148000 
0.6147022 
0.6153453 
0.6182247 
0.6174863 
0.6142859 
0.6168840 
0.6189593 
0.6210739 
0.6172754 
0.6166775 
0.6182160 
0.6168807 
0.6143775 
0.6092935 
0.6095596 
0.6110216 
0.6091974 
0.6078484 
0.6064894 
0.6095742 
0.6071087 
0.6063187 
0.6072457 
0.6077961 
0.6068294 
0.6052261 
0.6078260 
0.6079326 
0.6070468 
0.6083821 
0.6092313 
0.6093957 
0.6062732 
0.6049364 
0.6052816 
0.6037394 
0.6028607 
0.6015866 
0.6022145 
0.6049047 
0.6025771 
0.5991933 
0.6019863 
0.6017005 
0.6027307 
0.6056094 
0.5990144 
0.6028286 
0.6030460 
0.5991044 
0.5964218 
0.5917351 
0.5877072 
0.5863759 
0.5875119 
0.5915217 
0.5945958 
0.5919074 
0.5958769 
0.6001179 
0.5948812 
0.5935608 
0.5907695 
0.5889076 
0.5878296 
0.5881133 
0.5881197 
0.5854977 
0.5837100 
0.5814787 
0.5838203 
0.5881788 
0.5896040 
0.5886479 
0.5887316 
0.5902951 
0.5946263 
0.5944618 
0.5977388 
0.5970843 
0.5988266 
0.6004693 
0.5997037 
0.5955661 
0.5927288 
0.5899878 
0.5855089 
0.5814507 
0.5769578 
0.5764931 
0.5755102 
0.5765503 
0.5892329 
0.5912045 
0.5899455 
0.5914785 
0.5959215 
0.5914961 
0.5853168 
0.5847077 
0.5813836 
0.5819862 
0.5842953 
0.5842802 
0.5866506 
0.5840845 
0.5804808 
0.5806621 
0.5809559 
0.5802490 
0.5838309 
0.5839111 
0.5818448 
0.5800520 
0.5774915 
0.5755658 
0.5774875 
0.5841525 
0.5868074 
0.5850317 
0.5830749 
0.5807716 
0.5846515 
0.5775201 
0.5728307 
0.5715310 
0.5730690 
0.5728025 
0.5771882 
0.5749096 
0.5762624 
0.5760237 
0.5731646 
0.5739461 
0.5783028 
0.5805368 
0.5771012 
0.5760486 
0.5735128 
0.5767480 
0.5759235 
0.5736737 
0.5755144 
0.5778570 
0.5753887 
0.5788583 
0.5787890 
0.5790371 
0.5765991 
0.5732670 
0.5750398 
0.5677986 
0.5678124 
0.5673782 
0.5672823 
0.5654612 
0.5620102 
0.5620149 
0.5614260 
0.5657198 
0.5637083 
0.5688067 
0.5682325 
0.5696117 
0.5709496 
0.5680560 
0.5667098 
0.5665899 
0.5635569 
0.5617644 
0.5610154 
0.5605336 
0.5561079 
0.5566007 
0.5556432 
0.5524476 
0.5523968 
0.5526183 
0.5514253 
0.5505904 
0.5516494 
0.5526504 
0.5535733 
0.5527082 
0.5559837 
0.5621998 
0.5659259 
0.5639277 
0.5636279 
0.5614530 
0.5591635 
0.5571084 
0.5564157 
0.5521071 
0.5542704 
0.5521413 
0.5510603 
0.5485962 
0.5472083 
0.5439896 
0.5447407 
0.5472203 
0.5479437 
0.5473830 
0.5451992 
0.5428737 
0.5417981 
0.5438942 
0.5453912 
0.5459099 
0.5456138 
0.5477441 
0.5518468 
0.5472025 
0.5471913 
0.5460623 
0.5438387 
0.5448801 
0.5475640 
0.5443449 
0.5438206 
0.5421144 
0.5427981 
0.5438987 
0.5425995 
0.5409106 
0.5414160 
0.5424490 
0.5412096 
0.5417116 
0.5445027 
0.5465154 
0.5466667 
0.5456942 
0.5464437 
0.5462324 
0.5409986 
0.5406250 
0.5409045 
0.5387819 
0.5371872 
0.5374781 
0.5343453 
0.5350174 
0.5357262 
0.5351788 
0.5348059 
0.5326617 
0.5325593 
0.5293609 
0.5311838 
0.5284927 
0.5374722 
0.5388269 
0.5388217 
0.5404994 
0.5463344 
0.5424276 
0.5415974 
0.5391848 
0.5400543 
0.5397362 
0.5413092 
0.5384532 
0.5376353 
0.5374981 
0.5400546 
0.5362333 
0.5343447 
0.5329055 
0.5340772 
0.5314278 
0.5331649 
0.5285049 
0.5292019 
0.5259316 
0.5267891 
0.5316278 
0.5336616 
0.5321779 
0.5311035 
0.5325743 
0.5302604 
0.5309898 
0.5334164 
0.5260136 
0.5248073 
0.5253939 
0.5241824 
0.5276110 
0.5274774 
0.5266733 
0.5270827 
0.5276557 
0.5293464 
0.5307900 
0.5257446 
0.5247968 
0.5248250 
0.5232291 
0.5229720 
0.5221643 
0.5243482 
0.5250454 
0.5238842 
0.5241879 
0.5217294 
0.5208724 
0.5186955 
0.5189210 
0.5186949 
0.5218724 
0.5215442 
0.5189037 
0.5175894 
0.5189105 
0.5167188 
0.5160634 
0.5158077 
0.5150826 
0.5152401 
0.5172320 
0.5141769 
0.5109004 
0.5107542 
0.5126988 
0.5131052 
0.5124991 
0.5115037 
0.5216224 
0.5250536 
0.5280086 
0.5283340 
0.5266685 
0.5238864 
0.5200056 
0.5161930 
0.5145420 
0.5119477 
0.5135402 
0.5104620 
0.5099358 
0.5107793 
0.5107779 
0.5097790 
0.5095307 
0.5089789 
0.5097992 
0.5121557 
0.5102869 
0.5110153 
0.5109086 
0.5103283 
0.5061450 
0.5051427 
0.5037194 
0.4996111 
0.5006609 
0.4999616 
0.5024482 
0.4976942 
0.4994492 
0.5001216 
0.4968813 
0.4974455 
0.5018877 
0.5004851 
0.4992278 
0.4998304 
0.5007352 
0.5010847 
0.5019457 
0.5004012 
0.4999618 
0.5032526 
0.5051281 
0.5053091 
0.5044513 
0.5030095 
0.5051526 
0.5019066 
0.5013757 
0.5009633 
0.5024676 
0.4973940 
0.4952639 
0.4967408 
0.4913731 
0.4925874 
0.4935402 
0.4965554 
0.4990077 
0.4985499 
0.4985591 
0.4948504 
0.4939674 
0.4903144 
0.4886187 
0.4892688 
0.4884241 
0.4806251 
0.4831383 
0.4795092 
0.4815667 
0.4787660 
0.4772619 
0.4774442 
0.4759744 
0.4804185 
0.4812855 
0.4790062 
0.4797528 
0.4789743 
0.4801766 
0.4807070 
0.4789959 
0.4755944 
0.4763620 
0.4768201 
0.4763135 
0.4760290 
0.4764206 
0.4820269 
0.4800639 
0.4807267 
0.4789206 
0.4775829 
0.4709786 
0.4786143 
0.4745614 
0.4741592 
0.4692657 
0.4688232 
0.4726581 
0.4725101 
0.4712327 
0.4698489 
0.4689866 
0.4655492 
0.4656858 
0.4669394 
0.4652771 
0.4683036 
0.4678260 
0.4663348 
0.4704652 
0.4697272 
0.4655130 
0.4646592 
0.4669735 
0.4677933 
0.4698071 
0.4715907 
0.4667726 
0.4639160 
0.4589103 
0.4597533 
0.4601396 
0.4662281 
0.4655706 
0.4649245 
0.4630991 
0.4587533 
0.4579196 
0.4550716 
0.4568926 
0.4599435 
0.4610297 
0.4638638 
0.4601554 
0.4570231 
0.4582192 
0.4575153 
0.4558832 
0.4574469 
0.4525322 
0.4539880 
0.4554786 
0.4558430 
0.4578584 
0.4554537 
0.4499604 
0.4530068 
0.4524034 
0.4534513 
0.4540544 
0.4517794 
0.4505838 
0.4515689 
0.4518386 
0.4499016 
0.4480194 
0.4475938 
0.4510880 
0.4519486 
0.4506332 
0.4517113 
0.4485943 
0.4487025 
0.4508059 
0.4546686 
0.4544501 
0.4509854 
0.4476594 
0.4476684 
0.4506298 
0.4504387 
0.4509270 
0.4507207 
0.4522862 
0.4506896 
0.4503751 
0.4488827 
0.4453583 
0.4489273 
0.4426679 
0.4381502 
0.4351991 
0.4372250 
0.4375281 
0.4347765 
0.4364177 
0.4361493 
0.4353991 
0.4364211 
0.4376345 
0.4375349 
0.4388128 
0.4428689 
0.4444162 
0.4417869 
0.4401926 
0.4408635 
0.4401907 
0.4451110 
0.4504833 
0.4553921 
0.4537619 
0.4543953 
0.4513703 
0.4451332 
0.4366145 
0.4344012 
0.4324446 
0.4309356 
0.4297938 
0.4276640 
0.4246256 
0.4235635 
0.4236771 
0.4236410 
0.4261279 
0.4263761 
0.4264844 
0.4256236 
0.4228048 
0.4238624 
0.4210989 
0.4214204 
0.4227526 
0.4226180 
0.4263145 
0.4231655 
0.4186231 
0.4145062 
0.4156697 
0.4145377 
0.4143376 
0.4145058 
0.4118534 
0.4117071 
0.4121941 
0.4131994 
0.4111008 
0.4123983 
0.4137927 
0.4135082 
0.4130031 
0.4116105 
0.4110124 
0.4099702 
0.4132625 
0.4126717 
0.4125320 
0.4095161 
0.4077326 
0.4083097 
0.4083033 
0.4076827 
0.4077828 
0.4060875 
0.4045704 
0.4017318 
0.4016463 
0.4020206 
0.4034857 
0.4026505 
0.4032597 
0.4068935 
0.4062755 
0.4050259 
0.4095652 
0.4071394 
0.4086348 
0.4037306 
0.4037292 
0.4004963 
0.4014810 
0.4015979 
0.4027070 
0.4019292 
0.4017690 
0.3982440 
0.3978972 
0.3964051 
0.3940774 
0.3937140 
0.3911097 
0.3922058 
0.3938159 
0.3962206 
0.3992602 
0.4006417 
0.3992865 
0.3999156 
0.3987577 
0.3992082 
0.3979547 
0.3978728 
0.3993743 
0.3984528 
0.3913072 
0.3892673 
0.3880568 
0.3913284 
0.3929208 
0.3913730 
0.3928023 
0.3936101 
0.3913962 
0.3909132 
0.3898444 
0.3918365 
0.3898212 
0.3876379 
0.3816322 
0.3822459 
0.3827803 
0.3852136 
0.3833473 
0.3835474 
0.3811096 
0.3829306 
0.3838747 
0.3830390 
0.3883182 
0.3850198 
0.3806565 
0.3803319 
0.3763503 
0.3734652 
0.3746968 
0.3741399 
0.3777567 
0.3734542 
0.3750513 
0.3784838 
0.3825514 
0.3833824 
0.3803224 
0.3783654 
0.3754188 
0.3720732 
0.3735319 
0.3748495 
0.3708268 
0.3743098 
0.3783504 
0.3812150 
0.3803889 
0.3774389 
0.3773209 
0.3640538 
0.3681678 
0.3670992 
0.3657331 
0.3668207 
0.3679382 
0.3684730 
0.3690518 
0.3696541 
0.3697722 
0.3683196 
0.3678261 
0.3651164 
0.3645501 
0.3599844 
0.3629475 
0.3666940 
0.3662478 
0.3659484 
0.3685787 
0.3697890 
0.3697876 
0.3713637 
0.3734874 
0.3729027 
0.3713101 
0.3666746 
0.3666973 
0.3636839 
0.3639839 
0.3639855 
0.3631048 
0.3570943 
0.3580514 
0.3597757 
0.3599772 
0.3636820 
0.3650320 
0.3674889 
0.3707483 
0.3738876 
0.3693618 
0.3711162 
0.3711557 
0.3659171 
0.3643802 
0.3648080 
0.3666743 
0.3634880 
0.3637564 
0.3612215 
0.3641284 
0.3685554 
0.3698706 
0.3610276 
0.3612282 
0.3623392 
0.3602076 
0.3605103 
0.3625902 
0.3582237 
0.3565019 
0.3561061 
0.3524581 
0.3516290 
0.3568424 
0.3550013 
0.3562501 
0.3561364 
0.3582045 
0.3583585 
0.3606163 
0.3608944 
0.3598627 
0.3591100 
0.3563187 
0.3539092 
0.3517680 
0.3548318 
0.3517970 
0.3518408 
0.3528136 
0.3536120 
0.3502464 
0.3462909 
0.3447687 
0.3449954 
0.3443144 
0.3436900 
0.3446156 
0.3469455 
0.3475928 
0.3449014 
0.3437498 
0.3436672 
0.3407323 
0.3415876 
0.3429176 
0.3427909 
0.3444785 
0.3471526 
0.3464980 
0.3428621 
0.3420776 
0.3378204 
0.3380111 
0.3397243 
0.3434614 
0.3428958 
0.3407550 
0.3387360 
0.3366255 
0.3381685 
0.3372393 
0.3393199 
0.3393368 
0.3378101 
0.3368666 
0.3391581 
0.3425119 
0.3401067 
0.3386774 
0.3377040 
0.3344659 
0.3335039 
0.3352325 
0.3375685 
0.3415522 
0.3399807 
0.3401547 
0.3420838 
0.3409327 
0.3394552 
0.3411393 
0.3403389 
0.3365135 
0.3343473 
0.3348764 
0.3285594 
0.3278835 
0.3287326 
0.3319846 
0.3324872 
0.3360467 
0.3340893 
0.3355108 
0.3364092 
0.3386798 
0.3372872 
0.3393967 
0.3349109 
0.3329144 
0.3320652 
0.3325355 
0.3308264 
0.3305069 
0.3323163 
0.3365327 
0.3359408 
0.3328214 
0.3298488 
0.3287910 
0.3284784 
0.3290124 
0.3252503 
0.3254652 
0.3228906 
0.3243322 
0.3231762 
0.3252310 
0.3278980 
0.3291831 
0.3278738 
0.3316146 
0.3306602 
0.3314520 
0.3311170 
0.3322035 
0.3338307 
0.3332941 
0.3388430 
0.3410298 
0.3394639 
0.3340715 
0.3228610 
0.3170187 
0.3116753 
0.3142792 
0.3120364 
0.3113938 
0.3099677 
0.3058771 
0.3063872 
0.3080566 
0.3079150 
0.3083402 
0.3079273 
0.3084545 
0.3091031 
0.3085467 
0.3112336 
0.3066619 
0.3047151 
0.3061273 
0.3061425 
0.3041613 
0.3065993 
0.3083630 
0.3078269 
0.3080309 
0.3117562 
0.3094506 
0.3099894 
0.3087901 
0.3060939 
0.3049934 
0.3062459 
0.3045850 
0.3037296 
0.3037278 
0.3042831 
0.3062703 
0.3079319 
0.3096009 
0.3128787 
0.3134240 
0.3106282 
0.3100234 
0.3081814 
0.3083961 
0.3064024 
0.3025884 
0.3031127 
0.3041759 
0.3063398 
0.3082353 
0.3099937 
0.3092022 
0.3080101 
0.3081428 
0.3072645 
0.3066442 
0.3107494 
0.3083247 
0.3067710 
0.3040024 
0.3006311 
0.3015238 
0.3031598 
0.2988191 
0.2999280 
0.3000213 
0.3018046 
0.3020504 
0.3005683 
0.3006625 
0.3008234 
0.2963435 
0.2966235 
0.2958284 
0.2926463 
0.2928529 
0.2931485 
0.2915892 
0.2916707 
0.2945310 
0.2947034 
0.2942041 
0.2910591 
0.2890780 
0.2852765 
0.2863028 
0.2855594 
0.2874869 
0.2922733 
0.2907416 
0.2925795 
0.2960365 
0.2969665 
0.2903287 
0.2894461 
0.2874785 
0.2852327 
0.2826203 
0.2844760 
0.2860088 
0.2873548 
0.2890627 
0.2868626 
0.2850473 
0.2848858 
0.2818371 
0.2814465 
0.2788246 
0.2742950 
0.2730119 
0.2728444 
0.2759102 
0.2773278 
0.2780729 
0.2778369 
0.2743259 
0.2742389 
0.2773175 
0.2836440 
0.2823681 
0.2807298 
0.2805505 
0.2786535 
0.2752160 
0.2790441 
0.2803364 
0.2778464 
0.2790607 
0.2769850 
0.2788316 
0.2772664 
0.2778315 
0.2749929 
0.2731487 
0.2708056 
0.2681986 
0.2709450 
0.2727676 
0.2720851 
0.2744857 
0.2722964 
0.2706291 
0.2720176 
0.2735170 
0.2714360 
0.2703516 
0.2733233 
0.2729403 
0.2713829 
0.2677994 
0.2648675 
0.2643009 
0.2646112 
0.2711342 
0.2721980 
0.2686143 
0.2663927 
0.2635869 
0.2626953 
0.2604297 
0.2590141 
0.2570256 
0.2566652 
0.2570119 
0.2607625 
0.2594092 
0.2613932 
0.2624034 
0.2577583 
0.2572112 
0.2589063 
0.2620984 
0.2617350 
0.2600157 
0.2605734 
0.2586292 
0.2587139 
0.2584503 
0.2545212 
0.2570102 
0.2568551 
0.2555065 
0.2541665 
0.2541445 
0.2634979 
0.2571186 
0.2584094 
0.2573942 
0.2532517 
0.2514054 
0.2504209 
0.2539720 
0.2523588 
0.2533666 
0.2563465 
0.2576570 
0.2565720 
0.2584940 
0.2583804 
0.2580492 
0.2571432 
0.2584186 
0.2535478 
0.2535801 
0.2527997 
0.2513790 
0.2530118 
0.2511794 
0.2512507 
0.2505344 
0.2514215 
0.2529664 
0.2518142 
0.2516252 
0.2513978 
0.2505590 
0.2558691 
0.2579667 
0.2555403 
0.2562545 
0.2609577 
0.2564940 
0.2571948 
0.2601003 
0.2553288 
0.2534316 
0.2542185 
0.2577308 
0.2564873 
0.2556104 
0.2544885 
0.2546624 
0.2555327 
0.2548224 
0.2551818 
0.2553111 
0.2511846 
0.2503332 
0.2523108 
0.2525863 
0.2515637 
0.2492474 
0.2484913 
0.2499211 
0.2517236 
0.2543073 
0.2526384 
0.2498072 
0.2506870 
0.2515302 
0.2523581 
0.2523979 
0.2551283 
0.2450180 
0.2389073 
0.2348177 
0.2347018 
0.2369763 
0.2367662 
0.2357240 
0.2353962 
0.2354647 
0.2361353 
0.2370294 
0.2381203 
0.2415054 
0.2401320 
0.2414079 
0.2412428 
0.2418564 
0.2390909 
0.2368927 
0.2343391 
0.2341399 
0.2349028 
0.2292849 
0.2293800 
0.2319015 
0.2332138 
0.2363335 
0.2359738 
0.2338415 
0.2355460 
0.2350660 
0.2325094 
0.2298939 
0.2289355 
0.2297179 
0.2302499 
0.2263069 
0.2270036 
0.2280028 
0.2305865 
0.2296805 
0.2296553 
0.2282352 
0.2263713 
0.2280869 
0.2252131 
0.2270204 
0.2276068 
0.2263324 
0.2237165 
0.2251331 
0.2238847 
0.2246419 
0.2248044 
0.2243985 
0.2260769 
0.2271164 
0.2261175 
0.2288722 
0.2295907 
0.2260195 
0.2240498 
0.2252550 
0.2239140 
0.2234001 
0.2203242 
0.2193222 
0.2174221 
0.2144776 
0.2132968 
0.2119854 
0.2110616 
0.2073940 
0.2064975 
0.2104853 
0.2088375 
0.2092377 
0.2085805 
0.2085498 
0.2097893 
0.2053536 
0.2037547 
0.2063970 
0.2026175 
0.2018260 
0.1999928 
0.1982235 
0.1981543 
0.1989094 
0.1984326 
0.1978835 
0.2018081 
0.1992070 
0.1972166 
0.1987497 
0.1972713 
0.1956504 
0.1973233 
0.1939684 
0.1904456 
0.1889971 
0.1869265 
0.1882163 
0.1839045 
0.1873087 
0.1870462 
0.1894688 
0.1880638 
0.1892017 
0.1897591 
0.1899866 
0.1877222 
0.1847523 
0.1876647 
0.1889451 
0.1866984 
0.1871421 
0.1896168 
0.1946259 
0.1975206 
0.1993007 
0.2047176 
0.2071774 
0.2035676 
0.2015335 
0.1998503 
0.2008775 
0.2055374 
0.2063817 
0.2080847 
0.2082771 
0.2083798 
0.2066130 
0.2113319 
0.2112671 
0.2099531 
0.2103899 
0.2154137 
0.2160305 
0.2166698 
0.2181606 
0.2216818 
0.2210003 
0.2162098 
0.2156314 
0.2169519 
0.2176468 
0.2179796 
0.2184420 
0.2157750 
0.2086440 
0.2087766 
0.2111613 
0.2102477 
0.2121203 
0.2111998 
0.2126604 
0.2147508 
0.2154896 
0.2121602 
0.2116238 
0.2113326 
0.2087566 
0.2083437 
0.2084352 
0.2098017 
0.2091371 
0.2077237 
0.2048144 
0.2048074 
0.2041973 
0.1999843 
0.1985665 
0.1991831 
0.1987449 
0.1981606 
0.2019259 
0.2065343 
0.2089251 
0.2098410 
0.2078403 
0.2084562 
0.2027208 
0.2005942 
0.1966806 
0.1944506 
0.1742474 
0.1744345 
0.1640519 
0.1663064 
0.1605889 
0.1621595 
0.1590805 
0.1570964 
0.1556282 
0.1557344 
0.1478125 
0.1484665 
0.1523052 
0.1527132 
0.1521353 
0.1514104 
0.1496650 
0.1485653 
0.1456566 
0.1430396 
0.1415235 
0.1472586 
0.1426572 
0.1429702 
0.1425420 
0.1422123 
0.1378692 
0.1404363 
0.1414015 
0.1407950 
0.1434802 
0.1441470 
0.1432797 
0.1389909 
0.1371386 
0.1402821 
0.1423229 
0.1463357 
0.1459866 
0.1472552 
0.1492904 
0.1496552 
0.1484647 
0.1521838 
0.1504080 
0.1541170 
0.1547952 
0.1509557 
0.1510418 
0.1534996 
0.1560904 
0.1551580 
0.1588845 
0.1576145 
0.1579054 
0.1607172 
0.1630530 
0.1602861 
0.1568351 
0.1572065 
0.1599910 
0.1606061 
0.1623494 
0.1612628 
0.1627955 
0.1602600 
0.1622914 
0.1595536 
0.1617774 
0.1561680 
0.1559643 
0.1568277 
0.1570885 
0.1564937 
0.1564763 
0.1541857 
0.1557963 
0.1528268 
0.1483695 
0.1492733 
0.1527289 
0.1526031 
0.1545425 
0.1514532 
0.1496089 
0.1483428 
0.1446381 
0.1464143 
0.1453252 
0.1424473 
0.1445606 
0.1448370 
0.1392767 
0.1383744 
0.1386459 
0.1409722 
0.1405411 
0.1359152 
0.1367476 
0.1359464 
0.1327762 
0.1325742 
0.1366180 
0.1338093 
0.1312783 
0.1336659 
0.1342082 
0.1343254 
0.1333684 
0.1371385 
0.1377226 
0.1345871 
0.1363455 
0.1372869 
0.1382505 
0.1387356 
0.1398971 
0.1369940 
0.1388921 
0.1379286 
0.1376008 
0.1376913 
0.1375499 
0.1388308 
0.1396360 
0.1393047 
0.1405333 
0.1432579 
0.1404586 
0.1421546 
0.1448140 
0.1396323 
0.1383996 
0.1375751 
0.1364682 
0.1386081 
0.1371228 
0.1375938 
0.1427326 
0.1396693 
0.1372025 
0.1348155 
0.1377117 
0.1374193 
0.1346462 
0.1354326 
0.1346585 
0.1322978 
0.1337116 
0.1285587 
0.1301010 
0.1258785 
0.1283458 
0.1278976 
0.1282452 
0.1313421 
0.1304193 
0.1317528 
0.1298580 
0.1306846 
0.1308784 
0.1305910 
0.1294387 
0.1299271 
0.1299516 
0.1297135 
0.1294639 
0.1303575 
0.1283407 
0.1270925 
0.1272606 
0.1320512 
0.1275917 
0.1238412 
0.1240386 
0.1237224 
0.1250712 
0.1245896 
0.1233061 
0.1174502 
0.1190510 
0.1186114 
0.1191616 
0.1175890 
0.1169037 
0.1184099 
0.1171084 
0.1198303 
0.1184545 
0.1178983 
0.1187598 
0.1181146 
0.1206188 
0.1187644 
0.1213918 
0.1246988 
0.1208197 
0.1234629 
0.1238895 
0.1215499 
0.1220368 
0.1238064 
0.1250344 
0.1211647 
0.1179567 
0.1119068 
0.1078379 
0.1103731 
0.1108811 
0.1087156 
0.1124761 
0.1129489 
0.1125647 
0.1082318 
0.1060370 
0.1055732 
0.1077804 
0.1074074 
0.1097267 
0.1090607 
0.1097002 
0.1091014 
0.1097614 
0.1075776 
0.1073061 
0.1077946 
0.1083207 
0.1108005 
0.1099676 
0.1078729 
0.1040118 
0.1031839 
0.1030739 
0.1054531 
0.1073171 
0.1094853 
0.1084376 
0.1064689 
0.1068363 
0.1056945 
0.1053032 
0.1048746 
0.1095445 
0.1080452 
0.1038591 
0.1027827 
0.1009974 
0.0985270 
0.0994440 
0.0997473 
0.1016815 
0.1009955 
0.1018496 
0.1017305 
0.1031554 
0.1056424 
0.1040463 
0.1063188 
0.1059362 
0.1017572 
0.1047630 
0.1071089 
0.1085587 
0.1088857 
0.1077393 
0.1053259 
0.1024112 
0.1058111 
0.1064017 
0.1052187 
0.1063247 
0.1027852 
0.1015210 
0.1015237 
0.1037011 
0.1035961 
0.1065079 
0.1062653 
0.1023801 
0.1026286 
0.1045210 
0.1076478 
0.1100402 
0.1063250 
0.1054866 
0.1094206 
0.1078603 
0.1059948 
0.1069765 
0.1037559 
0.1008681 
0.0984573 
0.0981788 
0.0986204 
0.0992024 
0.1012559 
0.1049358 
0.1066835 
0.1045594 
0.1045816 
0.1043442 
0.1028199 
0.1000793 
0.0969101 
0.0967996 
0.0939125 
0.0962366 
0.0953943 
0.0959821 
0.0967896 
0.0943911 
0.0943847 
0.0932667 
0.0945156 
0.0933689 
0.0909808 
0.0885329 
0.0842452 
0.0887414 
0.0848345 
0.0861278 
0.0873503 
0.0874616 
0.0843110 
0.0857343 
0.0859347 
0.0828758 
0.0848260 
0.0841592 
0.0839020 
0.0769329 
0.0785308 
0.0819584 
0.0839073 
0.0806297 
0.0796805 
0.0792935 
0.0829099 
0.0768122 
0.0749393 
0.0807374 
0.0759154 
0.0761110 
0.0739512 
0.0804212 
0.0815481 
0.0795655 
0.0759408 
0.0742207 
0.0740015 
0.0735144 
0.0731146 
0.0715050 
0.0728964 
0.0751344 
0.0706103 
0.0683499 
0.0673031 
0.0697507 
0.0662651 
0.0653041 
0.0673270 
0.0691570 
0.0731050 
0.0693918 
0.0655440 
0.0744328 
0.0737104 
0.0737502 
0.0730886 
0.0699900 
0.0671017 
0.0651718 
0.0680366 
0.0674719 
0.0644360 
0.0647754 
0.0646814 
0.0680725 
0.0669651 
0.0581585 
0.0616176 
0.0580938 
0.0564134 
0.0593161 
0.0599084 
0.0646657 
0.0619200 
0.0532648 
0.0542675 
0.0568832 
0.0568985 
0.0579453 
0.0552726 
0.0553113 
0.0556220 
0.0536470 
0.0585623 
0.0572097 
0.0576227 
0.0599672 
0.0562238 
0.0551998 
0.0558458 
0.0575380 
0.0631065 
0.0608483 
0.0607036 
0.0619619 
0.0562435 
0.0601010 
0.0580583 
0.0553066 
0.0566522 
0.0578346 
0.0590815 
0.0562186 
0.0574781 
0.0607754 
0.0614195 
0.0578356 
0.0562721 
0.0567597 
0.0583896 
0.0582828 
0.0595174 
0.0567510 
0.0547820 
0.0550082 
0.0554512 
0.0543934 
0.0565690 
0.0549121 
0.0535399 
0.0552712 
0.0539705 
0.0530058 
0.0523393 
0.0545040 
0.0498131 
0.0480196 
0.0512555 
0.0546033 
0.0575146 
0.0549760 
0.0538500 
0.0518837 
0.0527205 
0.0527734 
0.0495074 
0.0492614 
0.0456145 
0.0449197 
0.0496927 
0.0475116 
0.0469713 
0.0474891 
0.0459505 
0.0470327 
0.0451570 
0.0473401 
0.0458642 
0.0433538 
0.0419091 
0.0425034 
0.0389191 
0.0382102 
0.0377280 
0.0447715 
0.0467490 
0.0443941 
0.0411253 
0.0398283 
0.0409680 
0.0422743 
0.0457268 
0.0427183 
0.0434568 
0.0473546 
0.0443074 
0.0412905 
0.0466827 
0.0432542 
0.0397156 
0.0431495 
0.0455552 
0.0407913 
0.0428548 
0.0419761 
0.0435801 
0.0416448 
0.0432167 
0.0380736 
0.0422351 
0.0406768 
0.0402254 
0.0401608 
0.0446378 
0.0447419 
0.0432578 
0.0457594 
0.0489197 
0.0550420 
0.0538160 
0.0384671 
0.0363993 
0.0363266 
0.0334215 
0.0349354 
0.0310404 
0.0307760 
0.0327525 
0.0332467 
0.0340002 
0.0338810 
0.0339171 
0.0384494 
0.0346343 
0.0368011 
0.0372887 
0.0316887 
0.0334714 
0.0304557 
0.0289263 
0.0325942 
0.0337289 
0.0346562 
0.0361695 
0.0303468 
0.0305932 
0.0303512 
0.0297219 
0.0296614 
0.0267889 
0.0299585 
0.0307436 
0.0306534 
0.0283807 
0.0251544 
0.0244966 
0.0288298 
0.0340247 
0.0337580 
0.0343490 
0.0315269 
0.0294529 
0.0282210 
0.0289503 
0.0264797 
0.0231781 
0.0226851 
0.0244232 
0.0272306 
0.0300378 
0.0369627 
0.0371834 
0.0259706 
0.0228008 
0.0231598 
0.0252808 
0.0266110 
0.0222678 
0.0240088 
0.0197038 
0.0189386 
0.0197876 
0.0208882 
0.0195583 
0.0180598 
0.0221033 
0.0226341 
0.0237273 
0.0211892 
0.0198796 
0.0210053 
0.0235847 
0.0244873 
0.0248921 
0.0228872 
0.0232720 
0.0208339 
0.0196486 
0.0131989 
0.0129174 
0.0134036 
0.0142276 
0.0172560 
0.0220232 
0.0186645 
0.0175773 
0.0152648 
0.0165423 
0.0148482 
0.0147616 
0.0169470 
0.0183025 
0.0192471 
0.0187769 
0.0189044 
0.0176693 
0.0187530 
0.0179159 
0.0195290 
0.0172174 
0.0146468 
0.0139441 
0.0151067 
0.0125282 
0.0143812 
0.0147678 
0.0156456 
0.0159069 
0.0151481 
0.0148466 
0.0138037 
0.0132712 
0.0121340 
0.0108171 
0.0124727 
0.0133429 
0.0116248 
0.0081625 
0.0062159 
0.0068454 
0.0069326 
0.0059887 
0.0155751 
0.0226720 
0.0272475 
0.0243137 
0.0199400 
0.0179479 
0.0152910 
0.0132691 
0.0110648 
0.0104144 
0.0103980 
0.0114928 
0.0066590 
0.0078172 
0.0057275 
0.0052055 
0.0052331 
0.0082403 
0.0077530 
0.0085227 
0.0054397 
0.0049749 
0.0057138 
0.0066189 
0.0067156 
0.0058472 
0.0056976 
0.0061818 
0.0046812 
0.0028846 
0.0019489 
0.0031015 
0.0000000 
0.0012549 
