0.0001834 
-0.0000340 
0.0001729 
-0.4425624 
0.1558035 
0.0324955 
0.9994677 
1.0000000 
0.9885402 
0.9780892 
0.9683982 
0.9853476 
0.9668492 
0.9659288 
0.9630269 
0.9666917 
0.9642908 
0.9617079 
0.9702754 
0.9681129 
0.9741236 
0.9708102 
0.9697348 
0.9608530 
0.9583953 
0.9170240 
0.9259256 
0.9449709 
0.9269528 
0.9187108 
0.9169219 
0.9069225 
0.9097995 
0.8874330 
0.9026920 
0.9086147 
0.9040867 
0.8882963 
0.8979159 
0.9064466 
0.8892515 
0.9106661 
0.9004364 
0.9079850 
0.8876918 
0.8902887 
0.8763441 
0.8634491 
0.8614561 
0.8688760 
0.8730340 
0.8749856 
0.8811115 
0.8948923 
0.8883851 
0.8630652 
0.8653831 
0.8683787 
0.8606289 
0.8727720 
0.8575600 
0.8634343 
0.8608343 
0.8646223 
0.8541492 
0.8269345 
0.8457993 
0.8476793 
0.8423456 
0.8425358 
0.8357849 
0.8384041 
0.8478440 
0.8646442 
0.8750996 
0.8738189 
0.8569300 
0.8576852 
0.8296340 
0.8066802 
0.8004952 
0.8195632 
0.8480339 
0.8751518 
0.8955982 
0.8803620 
0.8591387 
0.8308762 
0.8103272 
0.7777227 
0.7152410 
0.6988410 
0.6952937 
0.6912049 
0.6971668 
0.7756063 
0.8230655 
0.8405610 
0.8705596 
0.8939808 
0.8996151 
0.8629858 
0.8473516 
0.8257884 
0.7900173 
0.7816521 
0.7895832 
0.7956999 
0.8052392 
0.8048523 
0.8069224 
0.7957792 
0.8124777 
0.8022988 
0.7922423 
0.7703121 
0.7775876 
0.7609353 
0.7581641 
0.7684320 
0.7827622 
0.7794941 
0.7718808 
0.7646580 
0.7641151 
0.7893351 
0.7980672 
0.8045705 
0.8057843 
0.7942079 
0.7807272 
0.7711762 
0.7569627 
0.7685086 
0.7732529 
0.7572242 
0.7585883 
0.7370602 
0.7415790 
0.7578236 
0.7500652 
0.7349821 
0.7408119 
0.7274146 
0.7458727 
0.7524987 
0.7593599 
0.7548700 
0.7567731 
0.7515794 
0.7754284 
0.7783755 
0.7616788 
0.7507428 
0.7495263 
0.7433822 
0.7451468 
0.7330324 
0.7476728 
0.7471350 
0.7680792 
0.7725991 
0.7851308 
0.7732732 
0.7711860 
0.7731862 
0.7647252 
0.7655597 
0.7444386 
0.7836766 
0.7708052 
0.7786571 
0.7771824 
0.7495464 
0.7542325 
0.7515330 
0.7780601 
0.7526161 
0.7587051 
0.7493046 
0.7579544 
0.7481602 
0.7385262 
0.7317417 
0.7352903 
0.7415851 
0.7377197 
0.7320190 
0.7283879 
0.7348550 
0.7334021 
0.7317562 
0.7386068 
0.7341665 
0.7230251 
0.7191555 
0.7242527 
0.7346181 
0.7319975 
0.7283406 
0.7175926 
0.7118609 
0.7062717 
0.6930931 
0.6853912 
0.6851465 
0.6804533 
0.6925883 
0.7229601 
0.7148476 
0.7047026 
0.7016016 
0.7176247 
0.7110739 
0.7081499 
0.7130538 
0.6971392 
0.6944085 
0.6959717 
0.7144817 
0.7240516 
0.7350911 
0.7192786 
0.7035994 
0.6901769 
0.7145783 
0.7144407 
0.7071313 
0.6994965 
0.6902704 
0.6918979 
0.7034887 
0.6978688 
0.6914069 
0.6892479 
0.7034843 
0.7182860 
0.7121148 
0.7158855 
0.7088324 
0.7122142 
0.6952727 
0.7025785 
0.6950966 
0.6863351 
0.6992444 
0.7146552 
0.7112418 
0.7106410 
0.7008500 
0.7220730 
0.7541343 
0.7493360 
0.7301527 
0.6883779 
0.6933047 
0.7148849 
0.7087153 
0.7000518 
0.6875890 
0.6771417 
0.6818787 
0.6748786 
0.6822297 
0.6736798 
0.6710331 
0.6736520 
0.6594364 
0.6669286 
0.6763468 
0.6708457 
0.6949147 
0.7012649 
0.6850148 
0.6725345 
0.6813652 
0.6758279 
0.6733716 
0.6900771 
0.6946620 
0.6887233 
0.7065998 
0.6864147 
0.6927194 
0.6827840 
0.6797575 
0.6826198 
0.6553026 
0.6886854 
0.6877051 
0.6760232 
0.6781787 
0.6858874 
0.6865991 
0.6927580 
0.6584172 
0.6559418 
0.6257031 
0.6255608 
0.6168330 
0.6165965 
0.6241594 
0.6322124 
0.6580836 
0.6262036 
0.6396361 
0.6258765 
0.6133221 
0.6110590 
0.6237647 
0.6363437 
0.6298764 
0.6367156 
0.6511102 
0.6309849 
0.6436958 
0.6356575 
0.6325084 
0.6222543 
0.6268884 
0.6294225 
0.6250974 
0.6194812 
0.5935317 
0.5943773 
0.6025575 
0.6189964 
0.6219400 
0.6074666 
0.6122647 
0.6072772 
0.6225034 
0.6213346 
0.6260413 
0.6359567 
0.6460539 
0.6423690 
0.6244221 
0.6207068 
0.6016967 
0.6139168 
0.6158615 
0.6305850 
0.6408755 
0.6323879 
0.6284325 
0.6133058 
0.6050441 
0.5908181 
0.6029453 
0.6025480 
0.6214313 
0.6069336 
0.6037181 
0.5847283 
0.5736183 
0.5716867 
0.5928356 
0.5986404 
0.6131142 
0.6098681 
0.6095104 
0.6101203 
0.5921521 
0.6172242 
0.6139544 
0.6148174 
0.6069118 
0.5964390 
0.5926606 
0.5753659 
0.5629042 
0.5541919 
0.5656066 
0.5621743 
0.5631369 
0.5633707 
0.5653448 
0.5824708 
0.5764674 
0.5796704 
0.5860280 
0.5793442 
0.5754341 
0.5684730 
0.5684443 
0.5644573 
0.5809286 
0.5611412 
0.5657300 
0.5814328 
0.5901678 
0.5842134 
0.5458824 
0.5434154 
0.5490865 
0.5539809 
0.5677074 
0.5640044 
0.5801957 
0.5538019 
0.5602294 
0.5588037 
0.5644150 
0.5680061 
0.5455254 
0.5562940 
0.6037663 
0.5921950 
0.5906212 
0.5919204 
0.5881863 
0.5739266 
0.5686272 
0.5848238 
0.5904105 
0.5864221 
0.5767088 
0.5724472 
0.5663264 
0.5654469 
0.5722778 
0.5811827 
0.5649886 
0.5582814 
0.5636067 
0.5736847 
0.5755227 
0.5700432 
0.5602000 
0.5604048 
0.5500955 
0.5512822 
0.5384378 
0.5485490 
0.5359835 
0.5283106 
0.5210531 
0.5352343 
0.5327619 
0.5261011 
0.5292818 
0.5195801 
0.5191388 
0.5519183 
0.5250174 
0.5322273 
0.5527121 
0.5750556 
0.5568547 
0.4763167 
0.4774587 
0.4742300 
0.5190237 
0.5416980 
0.5402556 
0.5428455 
0.5521224 
0.5469526 
0.5576324 
0.5533950 
0.5463927 
0.5493852 
0.5484667 
0.5406418 
0.5425075 
0.5486223 
0.5537562 
0.5391998 
0.5564653 
0.5597480 
0.5514724 
0.5710189 
0.5345825 
0.5497357 
0.5446238 
0.5190117 
0.5232728 
0.5256124 
0.5443280 
0.5384154 
0.5330218 
0.5204229 
0.5174755 
0.5251606 
0.5246118 
0.5326521 
0.5595363 
0.5660038 
0.5647526 
0.5736965 
0.5634976 
0.5604160 
0.5594887 
0.5573791 
0.5487742 
0.5433410 
0.5378895 
0.5316090 
0.5429730 
0.5429455 
0.5347143 
0.5133140 
0.5039706 
0.4919274 
0.4820711 
0.5447162 
0.5345702 
0.5372106 
0.5085517 
0.5066059 
0.5083444 
0.5034240 
0.5097998 
0.5193772 
0.5090107 
0.5030964 
0.4924726 
0.4814026 
0.4739984 
0.5012673 
0.5002100 
0.5004256 
0.5093903 
0.5057433 
0.5033099 
0.5026386 
0.5037214 
0.5025002 
0.4953799 
0.5079159 
0.5018884 
0.4990700 
0.5086345 
0.5164162 
0.5140933 
0.5272032 
0.5220186 
0.5207653 
0.5203934 
0.5110954 
0.5057638 
0.5595103 
0.5382920 
0.5204371 
0.5195563 
0.5294056 
0.5226043 
0.5254349 
0.5181072 
0.5086043 
0.5073718 
0.5109783 
0.5044367 
0.5151574 
0.4818454 
0.4953061 
0.4886934 
0.4860804 
0.4965738 
0.4972301 
0.4944938 
0.4880704 
0.4968177 
0.4871229 
0.5017396 
0.4812899 
0.4506730 
0.5016643 
0.5023754 
0.5063704 
0.5047107 
0.5067434 
0.5045121 
0.5115837 
0.5152289 
0.5005877 
0.4872975 
0.5031189 
0.4855622 
0.4858010 
0.5015633 
0.4979834 
0.5098732 
0.5144784 
0.5059111 
0.5136292 
0.5019046 
0.5012852 
0.5076471 
0.5076224 
0.4910789 
0.5088986 
0.4825950 
0.4681256 
0.4643981 
0.4652054 
0.4711563 
0.4803112 
0.4456522 
0.4625831 
0.4511580 
0.4603602 
0.4485765 
0.4540939 
0.4615910 
0.4526789 
0.4355606 
0.4269083 
0.4079301 
0.3884320 
0.3933271 
0.3712702 
0.3855710 
0.3866598 
0.3917622 
0.4007520 
0.4196603 
0.4301917 
0.3918115 
0.3882383 
0.3889351 
0.3809348 
0.3933776 
0.3881485 
0.3792417 
0.3926888 
0.3768116 
0.3775255 
0.3828424 
0.3854296 
0.3745663 
0.3847744 
0.3705886 
0.3755579 
0.3558864 
0.3598858 
0.3336253 
0.3386230 
0.3578423 
0.3669552 
0.3772535 
0.3812190 
0.3758310 
0.3791884 
0.3767366 
0.3777098 
0.3771858 
0.3755369 
0.3684732 
0.3692763 
0.3697181 
0.3676901 
0.3641082 
0.3650826 
0.3955187 
0.4013009 
0.3914672 
0.3804783 
0.3801599 
0.3701247 
0.3654433 
0.3555183 
0.3685055 
0.3647039 
0.3583410 
0.3587314 
0.3595279 
0.3836292 
0.3709892 
0.3835441 
0.3893699 
0.3963428 
0.4123861 
0.4161661 
0.4113050 
0.3935664 
0.3775516 
0.3636814 
0.3407870 
0.3247244 
0.3303849 
0.3267574 
0.3326697 
0.3280707 
0.3426453 
0.3668931 
0.3804146 
0.3963146 
0.3917166 
0.3731597 
0.3535383 
0.3283885 
0.2856381 
0.2404587 
0.1833285 
0.1867422 
0.1744034 
0.1956419 
0.1975301 
0.2011424 
0.1935033 
0.1924963 
0.2208375 
0.3047886 
0.3513367 
0.3794754 
0.3968460 
0.4098267 
0.3933383 
0.3657042 
0.3393186 
0.3331041 
0.3114047 
0.3101590 
0.3048134 
0.2917395 
0.2849173 
0.2945067 
0.3015126 
0.3062755 
0.3174731 
0.3154254 
0.3208319 
0.3142441 
0.2993774 
0.2845091 
0.2947461 
0.2898498 
0.2961490 
0.3038163 
0.2963839 
0.3130064 
0.3207597 
0.3352676 
0.3274451 
0.3384402 
0.3324060 
0.3094258 
0.3107875 
0.3020043 
0.2795331 
0.2658726 
0.2587120 
0.2566703 
0.2520607 
0.2757516 
0.2963428 
0.3147310 
0.3235094 
0.3341023 
0.3404700 
0.3254394 
0.3240037 
0.3252479 
0.3224487 
0.3259814 
0.3114315 
0.3070385 
0.3078881 
0.2995956 
0.2992157 
0.2986744 
0.3069131 
0.3083541 
0.3015147 
0.2880434 
0.2826783 
0.2794979 
0.2677006 
0.2845871 
0.2830763 
0.2828235 
0.2869029 
0.2830958 
0.2784442 
0.2860013 
0.2844838 
0.2827154 
0.2661514 
0.2668377 
0.2473068 
0.2690131 
0.2511329 
0.2356052 
0.2319899 
0.2018935 
0.2005209 
0.2130433 
0.2613110 
0.2636829 
0.2918914 
0.2901308 
0.2953414 
0.2818451 
0.2858156 
0.2970948 
0.3181070 
0.3304691 
0.3459142 
0.3456083 
0.3266604 
0.3180826 
0.3086780 
0.3254406 
0.3167256 
0.3171081 
0.2991122 
0.2624305 
0.2392460 
0.2283032 
0.2094294 
0.2097312 
0.2948210 
0.2663421 
0.2497444 
0.2111640 
0.1938958 
0.1847203 
0.1825916 
0.2155642 
0.2222894 
0.2549244 
0.2886981 
0.3115282 
0.3380500 
0.3784045 
0.3702065 
0.3811033 
0.3443915 
0.3231212 
0.3527274 
0.3226934 
0.3115329 
0.2774947 
0.2447685 
0.2278149 
0.2151926 
0.2062036 
0.2060329 
0.1763649 
0.1995265 
0.2053588 
0.2209187 
0.2104147 
0.2278118 
0.2577353 
0.2572026 
0.2486417 
0.2334401 
0.2456734 
0.2509321 
0.2544561 
0.2854991 
0.2684515 
0.2678563 
0.2685899 
0.2608071 
0.2669093 
0.2628714 
0.2488218 
0.2606370 
0.2432273 
0.2571942 
0.2671757 
0.2767156 
0.2612412 
0.2404462 
0.2447932 
0.2370241 
0.2335249 
0.2402457 
0.2193622 
0.2448503 
0.2522000 
0.2525660 
0.2739260 
0.2430659 
0.2385622 
0.2551847 
0.2540304 
0.2495873 
0.2314889 
0.2388273 
0.2332805 
0.2291744 
0.2945225 
0.3016273 
0.3115261 
0.3041236 
0.3115350 
0.3154109 
0.2938689 
0.2778966 
0.2601035 
0.2407979 
0.2378611 
0.2204775 
0.2346560 
0.2323716 
0.2323228 
0.2158954 
0.2190647 
0.2149513 
0.2046653 
0.2053264 
0.2020158 
0.2187859 
0.2577120 
0.2627844 
0.2563920 
0.2588185 
0.2483297 
0.2469238 
0.2511095 
0.2197158 
0.2232261 
0.2128802 
0.2108553 
0.2165550 
0.1954510 
0.1660542 
0.1491494 
0.1565520 
0.1724030 
0.1940926 
0.1994863 
0.2358422 
0.2578783 
0.2566395 
0.2716752 
0.2694017 
0.2592813 
0.2521033 
0.2318440 
0.2195121 
0.2438089 
0.2584546 
0.1708707 
0.1723853 
0.1841279 
0.1960373 
0.2082073 
0.2061958 
0.2131954 
0.2335110 
0.2576861 
0.2616322 
0.2657989 
0.2745390 
0.2820990 
0.2702337 
0.2473376 
0.2401261 
0.2346658 
0.2491006 
0.2544285 
0.2489621 
0.2456620 
0.2510463 
0.2476695 
0.2514124 
0.2802167 
0.2592152 
0.2618407 
0.2777117 
0.2704239 
0.2640589 
0.2640192 
0.2580781 
0.2429417 
0.2679076 
0.2488248 
0.2526487 
0.2477966 
0.2365174 
0.2452109 
0.2617234 
0.2533413 
0.2584077 
0.2587892 
0.2678739 
0.2523278 
0.2611656 
0.2487104 
0.2583613 
0.2515720 
0.2552388 
0.2591376 
0.2751418 
0.2700138 
0.2733574 
0.2516879 
0.2266621 
0.2270782 
0.2320451 
0.2400934 
0.2472029 
0.2342998 
0.2396036 
0.2514979 
0.2404420 
0.2491341 
0.2545186 
0.2562568 
0.2403844 
0.2535596 
0.2600204 
0.2587299 
0.2385132 
0.2642361 
0.2609049 
0.2840785 
0.2747983 
0.2722068 
0.2868073 
0.3047779 
0.2995833 
0.2816302 
0.2798863 
0.2558284 
0.2568684 
0.2445455 
0.2451569 
0.2397255 
0.2399868 
0.2783511 
0.2758384 
0.2755523 
0.2556072 
0.2495656 
0.2358355 
0.2217506 
0.2268946 
0.2294733 
0.2392396 
0.2386213 
0.2257122 
0.2354367 
0.2236247 
0.2202354 
0.2254523 
0.2053373 
0.2193653 
0.2110839 
0.2155688 
0.2247235 
0.2206047 
0.2250202 
0.2220204 
0.2162108 
0.2251358 
0.2188268 
0.2025420 
0.2351118 
0.2598697 
0.2673054 
0.2842947 
0.2753657 
0.2599073 
0.2497051 
0.2379773 
0.2264333 
0.2261121 
0.2287440 
0.2147247 
0.2136646 
0.2044187 
0.1961178 
0.1971654 
0.2099320 
0.2163675 
0.2286570 
0.2438755 
0.2320542 
0.2467911 
0.2416086 
0.1975500 
0.2251825 
0.2358142 
0.2415146 
0.2380067 
0.2202904 
0.2169884 
0.2205489 
0.2119011 
0.2155269 
0.2292615 
0.2179848 
0.2276015 
0.2213590 
0.2078064 
0.2119179 
0.2048957 
0.2305464 
0.2291904 
0.2531019 
0.2219915 
0.2265668 
0.2267078 
0.2304465 
0.2141055 
0.2284986 
0.2351897 
0.2264489 
0.2109590 
0.2638536 
0.2511482 
0.2504315 
0.2328814 
0.2423113 
0.2592470 
0.2663942 
0.2608261 
0.2468081 
0.2550060 
0.2217212 
0.2169870 
0.2150285 
0.2242157 
0.2183511 
0.2379023 
0.2402231 
0.2186895 
0.2332923 
0.2266876 
0.2416003 
0.2348006 
0.2503263 
0.2611429 
0.2564389 
0.2611116 
0.2572141 
0.2490251 
0.2604265 
0.2937470 
0.2931961 
0.3020474 
0.3016688 
0.3024860 
0.2814578 
0.2764699 
0.2655551 
0.2564874 
0.2346827 
0.2375260 
0.2509501 
0.2487120 
0.2434559 
0.2243165 
0.2347567 
0.2498746 
0.2584435 
0.2759870 
0.2475446 
0.2443601 
0.2291181 
0.2316076 
0.2295261 
0.2368159 
0.2196347 
0.2520857 
0.2555202 
0.2394269 
0.2465197 
0.2337806 
0.2365033 
0.2385519 
0.2412385 
0.2255309 
0.2323155 
0.2347480 
0.2384353 
0.2120918 
0.2039716 
0.2033054 
0.2171040 
0.2351338 
0.2556190 
0.2636078 
0.2720765 
0.2464949 
0.2404464 
0.2308396 
0.2206358 
0.2331038 
0.2378155 
0.2377315 
0.2290470 
0.2347042 
0.2156528 
0.2234306 
0.2371423 
0.2331941 
0.2345437 
0.2293826 
0.2279007 
0.2200140 
0.2738057 
0.2881419 
0.2976343 
0.3050619 
0.2999864 
0.2977388 
0.2769140 
0.2723216 
0.2538628 
0.2552395 
0.2621105 
0.2624721 
0.2660984 
0.2644615 
0.2663831 
0.2532190 
0.2424074 
0.2176124 
0.2222301 
0.2144251 
0.2018080 
0.2115078 
0.2144325 
0.2270331 
0.2075780 
0.2202886 
0.2030760 
0.1945359 
0.2257993 
0.2649025 
0.3039385 
0.2913419 
0.2855025 
0.2567440 
0.2229008 
0.1201745 
0.1330039 
0.1211692 
0.1079855 
0.1217469 
0.1686105 
0.2094895 
0.2344022 
0.2536232 
0.2483242 
0.2358221 
0.2275925 
0.2278494 
0.2336832 
0.2302549 
0.2260271 
0.2188801 
0.2097263 
0.2277950 
0.2311105 
0.2019231 
0.2008019 
0.2059755 
0.1949564 
0.1988971 
0.2068137 
0.2084895 
0.2060530 
0.1882156 
0.1919887 
0.1729821 
0.1759170 
0.1722751 
0.1821548 
0.1813369 
0.1849794 
0.1739130 
0.1720975 
0.1598301 
0.1517011 
0.1491414 
0.1672964 
0.1845477 
0.1577283 
0.1566482 
0.1528223 
0.1537834 
0.1597920 
0.1577721 
0.1432309 
0.1428768 
0.1513268 
0.1613604 
0.1396551 
0.1525302 
0.1351239 
0.1409643 
0.1571326 
0.1917529 
0.1969337 
0.1926188 
0.2095424 
0.2169274 
0.2035808 
0.1963545 
0.1813856 
0.1697758 
0.1687044 
0.1816215 
0.1831633 
0.1927343 
0.1822209 
0.1823660 
0.1757288 
0.1768526 
0.1648904 
0.1705216 
0.1290340 
0.1299390 
0.1564847 
0.1492172 
0.1751303 
0.1721052 
0.1693907 
0.1727343 
0.1876288 
0.1707629 
0.1747203 
0.1734319 
0.1697567 
0.1498220 
0.1253788 
0.1461171 
0.1389764 
0.1522553 
0.1450857 
0.1418620 
0.1378192 
0.1556703 
0.1617577 
0.0985983 
0.1369518 
0.1634212 
0.1564256 
0.1709948 
0.1507480 
0.1576684 
0.1711841 
0.1645600 
0.1628731 
0.1839613 
0.1649922 
0.1736377 
0.1534005 
0.1502907 
0.1616520 
0.1716412 
0.1496102 
0.1487209 
0.1535061 
0.1591679 
0.1488227 
0.1479813 
0.1392982 
0.1460954 
0.1525329 
0.1465358 
0.1631778 
0.1896408 
0.1802007 
0.1835802 
0.1854437 
0.1825907 
0.1651836 
0.1548155 
0.1235250 
0.1210747 
0.1195157 
0.1123682 
0.1153545 
0.1616795 
0.2409629 
0.2198858 
0.1681950 
0.1480337 
0.1564425 
0.1469958 
0.1357620 
0.1292123 
0.1404954 
0.1540076 
0.1586322 
0.1582327 
0.1572651 
0.1414588 
0.1497147 
0.1313007 
0.1224652 
0.0987376 
0.1065471 
0.1095429 
0.1161276 
0.1246291 
0.1402316 
0.1398627 
0.1566322 
0.1438374 
0.1495202 
0.1610831 
0.1539219 
0.1737455 
0.2031292 
0.2301273 
0.2304006 
0.2379774 
0.2328774 
0.2018109 
0.1667326 
0.1614914 
0.1695098 
0.1502609 
0.1468711 
0.1404160 
0.1391646 
0.1250719 
0.1144902 
0.1211827 
0.1086921 
0.1215057 
0.1134572 
0.1150488 
0.1099681 
0.1248364 
0.1228891 
0.1365516 
0.1252485 
0.1229946 
0.1574789 
0.1525071 
0.1600842 
0.1483635 
0.1534398 
0.1567894 
0.1568191 
0.1599749 
0.1462081 
0.1431362 
0.1375201 
0.1389282 
0.1305327 
0.1151719 
0.1188202 
0.1215318 
0.1384033 
0.1543927 
0.1432534 
0.1367865 
0.1364288 
0.1148693 
0.1221783 
0.1280358 
0.1473651 
0.1537881 
0.1523966 
0.1321371 
0.1362638 
0.1193159 
0.1214051 
0.1199347 
0.1178640 
0.1333378 
0.1427629 
0.1217320 
0.1183148 
0.1505952 
0.1283804 
0.1165995 
0.1125120 
0.1045072 
0.1228554 
0.1456503 
0.1834146 
0.1735012 
0.1794601 
0.1797245 
0.1870326 
0.1368224 
0.1096033 
0.1014384 
0.1281257 
0.1316245 
0.1415326 
0.1267432 
0.1176101 
0.1253889 
0.1321252 
0.1246573 
0.1269741 
0.1228369 
0.1074234 
0.1142623 
0.1201781 
0.1488506 
0.1729473 
0.1619382 
0.1634203 
0.1510534 
0.1141412 
0.1177810 
0.1084383 
0.1197029 
0.1351247 
0.1094209 
0.1062204 
0.0985890 
0.0970819 
0.0960428 
0.1064183 
0.1303885 
0.1269347 
0.1171020 
0.1169919 
0.1097986 
0.1157729 
0.1389499 
0.1536225 
0.1344363 
0.1318367 
0.1529849 
0.1513577 
0.1649369 
0.1542440 
0.1530692 
0.1351861 
0.1322019 
0.1288548 
0.1338681 
0.1539065 
0.1326188 
0.1338124 
0.1301020 
0.1414154 
0.1546266 
0.1659035 
0.1693065 
0.1593848 
0.1236208 
0.0984631 
0.1120802 
0.1058482 
0.1271623 
0.1412029 
0.1419185 
0.1622834 
0.1575789 
0.1537235 
0.1620479 
0.1644424 
0.0951730 
0.1156650 
0.1043796 
0.0801940 
0.0770434 
0.1022824 
0.0937965 
0.0909266 
0.1189588 
0.1264687 
0.1350120 
0.1475152 
0.1334530 
0.1262374 
0.1271244 
0.1352365 
0.1432799 
0.1258870 
0.1341685 
0.1335489 
0.1274070 
0.0982403 
0.1060119 
0.1020385 
0.1068185 
0.1163912 
0.1442761 
0.1126817 
0.1113103 
0.1038102 
0.1069643 
0.1298522 
0.1159825 
0.1100741 
0.1126426 
0.1069017 
0.0852345 
0.0822173 
0.0772690 
0.0921702 
0.0973159 
0.1004441 
0.0980375 
0.1268957 
0.1185248 
0.1211348 
0.1206272 
0.1261858 
0.1371124 
0.1224000 
0.1263818 
0.1342916 
0.1342387 
0.1376739 
0.0869674 
0.0745466 
0.0754340 
0.0685120 
0.0828548 
0.0909570 
0.0914614 
0.0991978 
0.0979248 
0.0952783 
0.0945454 
0.1143684 
0.1113170 
0.1065919 
0.0968590 
0.1113619 
0.1191456 
0.1307330 
0.1386901 
0.1422474 
0.1418655 
0.1363739 
0.1335988 
0.1352583 
0.1125415 
0.1163403 
0.1111441 
0.1222280 
0.1026726 
0.1024375 
0.0740588 
0.0855420 
0.0861436 
0.0934708 
0.1001177 
0.0950880 
0.0879295 
0.1055800 
0.0978839 
0.0902880 
0.1009823 
0.1064901 
0.1070017 
0.1068595 
0.1038291 
0.0936018 
0.1189185 
0.1163581 
0.0988953 
0.1059253 
0.0910201 
0.1067865 
0.1269969 
0.1327534 
0.1250256 
0.1226942 
0.1118714 
0.1008840 
0.1041884 
0.0851265 
0.0739262 
0.0762634 
0.0594149 
0.0671433 
0.0917064 
0.0982583 
0.0967918 
0.0828812 
0.0733338 
0.0672038 
0.0716811 
0.0779856 
0.0787340 
0.0842812 
0.0847114 
0.0773237 
0.0776559 
0.0798108 
0.0686536 
0.0648499 
0.0638083 
0.0514005 
0.0588747 
0.0643610 
0.0559233 
0.0603362 
0.0748889 
0.1043987 
0.1118879 
0.1152224 
0.1069922 
0.1097373 
0.1026483 
0.0924858 
0.0811003 
0.0903533 
0.0717508 
0.0696529 
0.0825977 
0.0928419 
0.1206622 
0.0752338 
0.0832429 
0.0813073 
0.0849748 
0.0923921 
0.0785304 
0.0763204 
0.0793040 
0.0778253 
0.0739911 
0.0663748 
0.0667112 
0.0774702 
0.0766096 
0.0698551 
0.0876052 
0.0964325 
0.1200042 
0.1137060 
0.1126294 
0.1171812 
0.1191723 
0.1284900 
0.1477678 
0.1564895 
0.1722016 
0.1779184 
0.1740059 
0.1413506 
0.1008816 
0.0307491 
0.0253813 
0.0287226 
0.0470782 
0.0502092 
0.0385322 
0.0367637 
0.0463287 
0.0518459 
0.0473108 
0.0592653 
0.0572966 
0.0454068 
0.0323238 
0.0548411 
0.0464665 
0.0468138 
0.0496198 
0.0590719 
0.0778329 
0.0670466 
0.0856803 
0.0983666 
0.0897680 
0.0852590 
0.0766653 
0.0637541 
0.0627880 
0.0574461 
0.0426463 
0.0205263 
0.0207111 
0.0271853 
0.1091178 
0.0809999 
0.0773093 
0.0599865 
0.0801712 
0.0692741 
0.0623198 
0.0588883 
0.0684159 
0.0808198 
0.0760995 
0.0972937 
0.1011970 
0.0810152 
0.0827121 
0.0921951 
0.0982745 
0.0897178 
0.1105342 
0.1176845 
0.1008361 
0.1040837 
0.0902408 
0.0717253 
0.0361311 
0.0620964 
0.0674859 
0.0590168 
0.0266455 
0.0229671 
0.0172980 
0.0177145 
0.0263317 
0.0298961 
0.0608671 
0.0357499 
0.0317750 
0.0638574 
0.0730960 
0.0569444 
0.0635531 
0.0595534 
0.0486875 
0.0404904 
0.0349333 
0.0003056 
0.0000000 
0.0348372 
0.0653102 
0.0643676 
0.0731320 
0.0714079 
0.0809253 
0.0836860 
0.0785513 
0.0645682 
0.0715045 
0.0407654 
0.0404963 
0.0509044 
0.0596738 
0.0623949 
0.0800824 
0.0867209 
0.0743783 
0.0679428 
0.0685560 
