0.0001103 
0.0000933 
-0.0001253 
-0.3762349 
-0.2030842 
0.2705093 
1.0000000 
0.9989662 
0.9975475 
0.9963098 
0.9942679 
0.9895183 
0.9888524 
0.9882623 
0.9865431 
0.9840634 
0.9849092 
0.9882999 
0.9801738 
0.9793592 
0.9777887 
0.9762823 
0.9793366 
0.9834273 
0.9848602 
0.9839573 
0.9853404 
0.9838587 
0.9814018 
0.9826114 
0.9833548 
0.9854721 
0.9843881 
0.9843937 
0.9857440 
0.9885264 
0.9875484 
0.9873649 
0.9858357 
0.9852139 
0.9837044 
0.9872411 
0.9876765 
0.9879463 
0.9848559 
0.9833454 
0.9806292 
0.9762295 
0.9766851 
0.9731329 
0.9729476 
0.9729065 
0.9714187 
0.9705111 
0.9654723 
0.9668496 
0.9656749 
0.9689341 
0.9692718 
0.9709746 
0.9683800 
0.9658305 
0.9655006 
0.9677733 
0.9644581 
0.9601836 
0.9566132 
0.9597370 
0.9583036 
0.9566988 
0.9581911 
0.9545598 
0.9547837 
0.9512763 
0.9542026 
0.9544834 
0.9533555 
0.9527032 
0.9522956 
0.9491956 
0.9461150 
0.9524666 
0.9498938 
0.9515699 
0.9531949 
0.9516468 
0.9519179 
0.9487848 
0.9498308 
0.9505518 
0.9525585 
0.9524854 
0.9555090 
0.9553685 
0.9568728 
0.9565221 
0.9558912 
0.9587403 
0.9564665 
0.9549981 
0.9585875 
0.9525335 
0.9530388 
0.9507263 
0.9489165 
0.9462783 
0.9450036 
0.9423142 
0.9403124 
0.9407495 
0.9396717 
0.9378414 
0.9398940 
0.9399394 
0.9336468 
0.9322451 
0.9344856 
0.9355574 
0.9392392 
0.9401663 
0.9407067 
0.9392034 
0.9383952 
0.9384747 
0.9336348 
0.9323190 
0.9347810 
0.9337216 
0.9352115 
0.9346287 
0.9353398 
0.9334067 
0.9346106 
0.9324568 
0.9296879 
0.9275804 
0.9253798 
0.9265019 
0.9240798 
0.9236826 
0.9179628 
0.9237660 
0.9216687 
0.9241836 
0.9239829 
0.9229917 
0.9254270 
0.9244170 
0.9231245 
0.9187163 
0.9174279 
0.9124772 
0.9112061 
0.9145583 
0.9165770 
0.9162789 
0.9110544 
0.9113719 
0.9112957 
0.9087749 
0.9082572 
0.9093213 
0.9028404 
0.8906971 
0.8752861 
0.8481675 
0.8191746 
0.8255705 
0.7879231 
0.7209433 
0.6580344 
0.6551575 
0.5847469 
0.5406973 
0.5361775 
0.5340356 
0.5325638 
0.5332561 
0.5300375 
0.5351338 
0.5348790 
0.5334046 
0.5335494 
0.5325910 
0.5315591 
0.5293777 
0.5306458 
0.5277134 
0.5326812 
0.5316665 
0.5319799 
0.5291089 
0.5303001 
0.5332094 
0.5281881 
0.5288138 
0.5332680 
0.5284989 
0.5292623 
0.5303607 
0.5333169 
0.5277765 
0.5250422 
0.5257642 
0.5282170 
0.5225853 
0.5211711 
0.5223143 
0.5262883 
0.5176694 
0.5182237 
0.5220130 
0.5188023 
0.5165708 
0.5174575 
0.5177419 
0.5184869 
0.5198036 
0.5179026 
0.5197640 
0.5210862 
0.5222587 
0.5172575 
0.5176681 
0.5195588 
0.3621512 
0.3612736 
0.3565565 
0.3558126 
0.3528158 
0.3511693 
0.3523368 
0.3511156 
0.3503727 
0.3502031 
0.3489678 
0.3485773 
0.3481128 
0.3527241 
0.3540794 
0.3497927 
0.3462438 
0.3449984 
0.3447834 
0.3474435 
0.3477015 
0.3441671 
0.3417162 
0.3411524 
0.3418209 
0.3426535 
0.3422110 
0.3422963 
0.3399602 
0.3377898 
0.3367203 
0.3334144 
0.3360494 
0.3367685 
0.3369129 
0.3314496 
0.3280345 
0.3296626 
0.3307462 
0.3291118 
0.3330073 
0.3347404 
0.3260401 
0.3258355 
0.3262643 
0.3307545 
0.3263163 
0.3291068 
0.3286049 
0.3281633 
0.3296300 
0.3311558 
0.3305703 
0.3295950 
0.3323668 
0.3321297 
0.3309118 
0.3316678 
0.3306677 
0.3285106 
0.3306094 
0.3286251 
0.3302250 
0.3306972 
0.3311588 
0.3323473 
0.3267645 
0.3259752 
0.3248062 
0.3232289 
0.3238004 
0.3255402 
0.3189374 
0.3180768 
0.3167129 
0.3152455 
0.3168282 
0.3162478 
0.3137468 
0.3151391 
0.3130958 
0.3090100 
0.3090335 
0.3102909 
0.3113500 
0.3092273 
0.3078328 
0.3087236 
0.3098228 
0.3120452 
0.3074928 
0.3085778 
0.3073216 
0.3064750 
0.3064406 
0.3055115 
0.3022756 
0.3059239 
0.3016565 
0.2972436 
0.2988643 
0.3000876 
0.2983456 
0.2996597 
0.2996481 
0.2946563 
0.2952612 
0.2941483 
0.2939060 
0.2907780 
0.2907561 
0.2902060 
0.2879447 
0.2852003 
0.2838369 
0.2821605 
0.2793348 
0.2803138 
0.2822117 
0.2813481 
0.2830886 
0.2797150 
0.2796585 
0.2787591 
0.2731853 
0.2747392 
0.2769270 
0.2766683 
0.2768959 
0.2763853 
0.2729954 
0.2698536 
0.2748720 
0.2745758 
0.2723145 
0.2714072 
0.2743702 
0.2734684 
0.2668823 
0.2674725 
0.2680961 
0.2697033 
0.2654399 
0.2657015 
0.2636951 
0.2600497 
0.2577935 
0.2548593 
0.2561905 
0.2558636 
0.2559692 
0.2534992 
0.2532936 
0.2516676 
0.2489882 
0.2459996 
0.2455134 
0.2472383 
0.2484007 
0.2421881 
0.2400820 
0.2383875 
0.2401875 
0.2369874 
0.2353225 
0.2369217 
0.2352975 
0.2392657 
0.2352955 
0.2392690 
0.2400249 
0.2383156 
0.2341906 
0.2342871 
0.2349198 
0.2359450 
0.2342031 
0.2342224 
0.2354593 
0.2321315 
0.2305101 
0.2254899 
0.2297081 
0.2312558 
0.2300394 
0.2312627 
0.2302295 
0.2288999 
0.2251728 
0.2269957 
0.2294746 
0.2276586 
0.2259398 
0.2233607 
0.2256112 
0.2248239 
0.2270265 
0.2291535 
0.2323702 
0.2265069 
0.2265306 
0.2248138 
0.2249696 
0.2279738 
0.2280284 
0.2255449 
0.2260516 
0.2253679 
0.2248687 
0.2230876 
0.2235915 
0.2226132 
0.2257182 
0.2284554 
0.2273314 
0.2294607 
0.2272477 
0.2276385 
0.2270086 
0.2307867 
0.2308287 
0.2292358 
0.2291859 
0.2289962 
0.2291344 
0.2258352 
0.2264348 
0.2274990 
0.2271339 
0.2240022 
0.2193259 
0.2077567 
0.2061451 
0.2206170 
0.2196865 
0.2221531 
0.2212676 
0.2163817 
0.2157264 
0.2105216 
0.2136338 
0.2110884 
0.2116015 
0.2130809 
0.2080767 
0.2026960 
0.2089607 
0.2113095 
0.2077004 
0.2065101 
0.2043619 
0.1995794 
0.1980071 
0.1988821 
0.2048308 
0.2067730 
0.2085178 
0.2087913 
0.2025293 
0.2027679 
0.2076238 
0.2086723 
0.2108131 
0.2110215 
0.2065897 
0.2043882 
0.2032125 
0.2053537 
0.2087116 
0.2093371 
0.2090510 
0.2078248 
0.2055852 
0.2043023 
0.2017369 
0.1999568 
0.2036692 
0.2032362 
0.2069345 
0.2048431 
0.2054689 
0.2057516 
0.2065676 
0.2051442 
0.2048308 
0.2046008 
0.1997784 
0.1993987 
0.2005764 
0.2027387 
0.2057270 
0.2097895 
0.2093810 
0.2049251 
0.2061221 
0.2096829 
0.2106351 
0.2043723 
0.2041364 
0.2074763 
0.2065900 
0.2085726 
0.2066878 
0.2084914 
0.2146053 
0.2164522 
0.2150831 
0.2176907 
0.2131187 
0.2089225 
0.2077509 
0.2068394 
0.2086110 
0.2100600 
0.2112048 
0.2101200 
0.2103164 
0.2097298 
0.2083153 
0.2084050 
0.2070863 
0.2047634 
0.2085426 
0.2092281 
0.2070309 
0.2067713 
0.2024988 
0.2032630 
0.2018547 
0.2039396 
0.2034203 
0.2035264 
0.1972898 
0.1970042 
0.1979539 
0.1957416 
0.1979685 
0.1973457 
0.2013320 
0.1964653 
0.1960980 
0.1958573 
0.1995891 
0.1967907 
0.1982975 
0.1967790 
0.1966339 
0.1968995 
0.1971851 
0.1972827 
0.1974153 
0.1946778 
0.1985085 
0.1975775 
0.1952155 
0.1924613 
0.1938086 
0.1950366 
0.1957878 
0.1918458 
0.1887777 
0.1848084 
0.1877400 
0.1850338 
0.1861077 
0.1854334 
0.1825078 
0.1765972 
0.1786518 
0.1776878 
0.1770409 
0.1838759 
0.1914844 
0.1913001 
0.1862156 
0.1835275 
0.1837848 
0.1765632 
0.1738868 
0.1717294 
0.1754079 
0.1780822 
0.1805101 
0.1839877 
0.1876587 
0.1860274 
0.1859170 
0.1863858 
0.1895470 
0.1861632 
0.1891656 
0.1906214 
0.1928693 
0.1905883 
0.1894330 
0.1906304 
0.1912603 
0.1846726 
0.1859008 
0.1867870 
0.1882883 
0.1892063 
0.1855409 
0.1912630 
0.1895205 
0.1884688 
0.1872459 
0.1871119 
0.1894376 
0.1839769 
0.1868965 
0.1846807 
0.1827073 
0.1817365 
0.1794044 
0.1775732 
0.1735682 
0.1758988 
0.1736122 
0.1714433 
0.1752630 
0.1728297 
0.1719759 
0.1708884 
0.1686608 
0.1684451 
0.1765205 
0.1786900 
0.1734225 
0.1741238 
0.1734356 
0.1749396 
0.1736054 
0.1720453 
0.1743540 
0.1710218 
0.1632394 
0.1629084 
0.1670822 
0.1677866 
0.1683264 
0.1688676 
0.1672022 
0.1694596 
0.1690178 
0.1709656 
0.1707146 
0.1697667 
0.1701966 
0.1692194 
0.1750318 
0.1705016 
0.1718886 
0.1739375 
0.1735287 
0.1704248 
0.1668080 
0.1688140 
0.1669231 
0.1649405 
0.1649694 
0.1642383 
0.1603782 
0.1635976 
0.1621222 
0.1658073 
0.1636767 
0.1650727 
0.1610476 
0.1637159 
0.1644001 
0.1685684 
0.1676862 
0.1709711 
0.1687547 
0.1733355 
0.1724299 
0.1717753 
0.1696738 
0.1693760 
0.1668423 
0.1655111 
0.1627977 
0.1611858 
0.1634477 
0.1667066 
0.1665819 
0.1701883 
0.1717569 
0.1733296 
0.1718190 
0.1712940 
0.1733219 
0.1727734 
0.1753128 
0.1711827 
0.1738732 
0.1719485 
0.1741583 
0.1724165 
0.1699757 
0.1658898 
0.1658814 
0.1613253 
0.1640183 
0.1601015 
0.1561638 
0.1599035 
0.1608527 
0.1570926 
0.1536333 
0.1573170 
0.1573961 
0.1543937 
0.1520754 
0.1539001 
0.1563611 
0.1541940 
0.1568429 
0.1519733 
0.1487587 
0.1486725 
0.1467127 
0.1467548 
0.1462988 
0.1487385 
0.1497282 
0.1533754 
0.1550905 
0.1554137 
0.1516383 
0.1449575 
0.1408819 
0.1434477 
0.1443124 
0.1471038 
0.1515137 
0.1555554 
0.1597746 
0.1617738 
0.1562588 
0.1499761 
0.1467664 
0.1448586 
0.1413381 
0.1479335 
0.1484787 
0.1514679 
0.1590866 
0.1633443 
0.1590495 
0.1546184 
0.1477984 
0.1517363 
0.1472402 
0.1504126 
0.1476387 
0.1508635 
0.1509637 
0.1548808 
0.1534221 
0.1438447 
0.1397459 
0.1451434 
0.1468564 
0.1476366 
0.1565846 
0.1556729 
0.1599314 
0.1574433 
0.1568191 
0.1550272 
0.1518251 
0.1497112 
0.1509056 
0.1529597 
0.1509421 
0.1496365 
0.1492602 
0.1499868 
0.1498716 
0.1471325 
0.1442712 
0.1446019 
0.1428565 
0.1479701 
0.1470651 
0.1477651 
0.1494916 
0.1461634 
0.1447908 
0.1396364 
0.1406473 
0.1433538 
0.1446588 
0.1492266 
0.1557139 
0.1576741 
0.1594967 
0.1582383 
0.1585748 
0.1566778 
0.1426109 
0.1353946 
0.1324099 
0.1256102 
0.1303787 
0.1334314 
0.1370538 
0.1381179 
0.1426319 
0.1427224 
0.1439329 
0.1422771 
0.1425772 
0.1401920 
0.1414064 
0.1417011 
0.1430522 
0.1438158 
0.1483276 
0.1493456 
0.1477612 
0.1449427 
0.1371432 
0.1377757 
0.1311327 
0.1297546 
0.1307520 
0.1291087 
0.1324617 
0.1319092 
0.1344602 
0.1347745 
0.1331322 
0.1333557 
0.1331887 
0.1337162 
0.1310085 
0.1351880 
0.1388619 
0.1385180 
0.1400261 
0.1339985 
0.1328692 
0.1324460 
0.1358228 
0.1340554 
0.1371406 
0.1389407 
0.1395430 
0.1392803 
0.1399705 
0.1373705 
0.1377999 
0.1375556 
0.1340280 
0.1317256 
0.1336458 
0.1343329 
0.1348527 
0.1360397 
0.1312176 
0.1341078 
0.1351150 
0.1332143 
0.1345603 
0.1309565 
0.1333081 
0.1317248 
0.1320017 
0.1328570 
0.1296389 
0.1303865 
0.1332241 
0.1315268 
0.1317266 
0.1291564 
0.1300479 
0.1303432 
0.1310688 
0.1235403 
0.1251895 
0.1297974 
0.1299703 
0.1297394 
0.1325932 
0.1305003 
0.1323140 
0.1349663 
0.1315960 
0.1327631 
0.1315937 
0.1288766 
0.1256554 
0.1233489 
0.1228258 
0.1225992 
0.1237977 
0.1243500 
0.1225240 
0.1223845 
0.1208792 
0.1196996 
0.1158064 
0.1163094 
0.1161080 
0.1140477 
0.1157302 
0.1130337 
0.1178662 
0.1091653 
0.1071840 
0.1060155 
0.1085575 
0.1089628 
0.1089371 
0.1085024 
0.1092539 
0.1125095 
0.1155736 
0.1148375 
0.1152233 
0.1132338 
0.1129712 
0.1140151 
0.1138640 
0.1114239 
0.1124251 
0.1122883 
0.1119488 
0.1122759 
0.1134914 
0.1114469 
0.1137625 
0.1119522 
0.1147249 
0.1169411 
0.1131990 
0.1120073 
0.1155779 
0.1137091 
0.1134018 
0.1166078 
0.1181983 
0.1169266 
0.1204061 
0.1210691 
0.1237167 
0.1197482 
0.1181783 
0.1153200 
0.1194718 
0.1148487 
0.1179101 
0.1112638 
0.1112134 
0.1131247 
0.1149456 
0.1112943 
0.1141588 
0.1131670 
0.1141581 
0.1133265 
0.1111340 
0.1081263 
0.1094298 
0.1085770 
0.1056522 
0.1037615 
0.1032962 
0.1060420 
0.1068349 
0.1081794 
0.1035547 
0.1001794 
0.0944283 
0.0962254 
0.1065919 
0.1077796 
0.1076418 
0.1059985 
0.1026300 
0.1038638 
0.1022222 
0.1028978 
0.1005005 
0.0994000 
0.0992614 
0.0970238 
0.0968184 
0.0981055 
0.0965894 
0.0961870 
0.0969238 
0.0921896 
0.0917862 
0.0901441 
0.0903864 
0.0890890 
0.0901126 
0.0891869 
0.0873577 
0.0876086 
0.0859418 
0.0882898 
0.0831275 
0.0874413 
0.0848569 
0.0880838 
0.0845670 
0.0852553 
0.0815745 
0.0807255 
0.0795561 
0.0821202 
0.0826931 
0.0845387 
0.0812713 
0.0822277 
0.0819946 
0.0785655 
0.0798687 
0.0780439 
0.0792285 
0.0782140 
0.0754239 
0.0754294 
0.0767221 
0.0780405 
0.0830449 
0.0826891 
0.0872458 
0.0901018 
0.0900269 
0.0898921 
0.0881947 
0.0878652 
0.0860716 
0.0861150 
0.0852170 
0.0851071 
0.0836052 
0.0814985 
0.0815485 
0.0832644 
0.0837956 
0.0848190 
0.0825164 
0.0815751 
0.0792935 
0.0832482 
0.0837455 
0.0834093 
0.0796433 
0.0791980 
0.0747120 
0.0712184 
0.0735884 
0.0757251 
0.0757242 
0.0762022 
0.0794977 
0.0727159 
0.0703039 
0.0732072 
0.0720958 
0.0785044 
0.0811593 
0.0779278 
0.0752410 
0.0743412 
0.0706555 
0.0698680 
0.0702630 
0.0761941 
0.0783351 
0.0802343 
0.0809396 
0.0780486 
0.0725135 
0.0713304 
0.0653443 
0.0634240 
0.0675304 
0.0695421 
0.0717150 
0.0741724 
0.0699320 
0.0608329 
0.0608712 
0.0609913 
0.0649349 
0.0616780 
0.0666358 
0.0702111 
0.0679507 
0.0667990 
0.0624937 
0.0583919 
0.0592699 
0.0570179 
0.0606097 
0.0625731 
0.0626856 
0.0602463 
0.0572916 
0.0506306 
0.0529088 
0.0510373 
0.0551406 
0.0562460 
0.0584292 
0.0586576 
0.0598340 
0.0595035 
0.0593742 
0.0569924 
0.0547619 
0.0521327 
0.0522972 
0.0582336 
0.0611850 
0.0593866 
0.0583435 
0.0552094 
0.0546574 
0.0540055 
0.0516748 
0.0490432 
0.0518938 
0.0490435 
0.0496523 
0.0522058 
0.0444239 
0.0472741 
0.0478945 
0.0463929 
0.0453723 
0.0451992 
0.0423886 
0.0416312 
0.0408934 
0.0409338 
0.0406198 
0.0411731 
0.0402607 
0.0403963 
0.0410575 
0.0418510 
0.0418595 
0.0409776 
0.0408909 
0.0414367 
0.0411994 
0.0416994 
0.0402645 
0.0376427 
0.0382681 
0.0350766 
0.0353504 
0.0359719 
0.0347003 
0.0344527 
0.0342015 
0.0347135 
0.0346519 
0.0336166 
0.0343260 
0.0329894 
0.0319174 
0.0294043 
0.0314618 
0.0405434 
0.0403370 
0.0423539 
0.0428953 
0.0483909 
0.0520547 
0.0521680 
0.0486409 
0.0494560 
0.0463144 
0.0451029 
0.0425037 
0.0377025 
0.0369058 
0.0298503 
0.0278713 
0.0300240 
0.0301364 
0.0305003 
0.0284263 
0.0326482 
0.0316696 
0.0309075 
0.0303514 
0.0296289 
0.0276120 
0.0239585 
0.0280870 
0.0266097 
0.0270338 
0.0296969 
0.0293132 
0.0293983 
0.0302018 
0.0305685 
0.0309299 
0.0348041 
0.0284962 
0.0292912 
0.0271801 
0.0272084 
0.0260275 
0.0264274 
0.0250303 
0.0245842 
0.0268724 
0.0290844 
0.0324643 
0.0338092 
0.0348915 
0.0383000 
0.0346771 
0.0321934 
0.0246288 
0.0130332 
0.0066249 
0.0062000 
0.0059056 
0.0006382 
0.0025010 
0.0059076 
0.0085919 
0.0100220 
0.0099699 
0.0091053 
0.0075428 
0.0135692 
0.0137160 
0.0179451 
0.0204157 
0.0190901 
0.0158772 
0.0140987 
0.0115772 
0.0125981 
0.0117087 
0.0121962 
0.0107654 
0.0073677 
0.0090616 
0.0106086 
0.0097473 
0.0123994 
0.0127884 
0.0155122 
0.0160638 
0.0150104 
0.0116928 
0.0086973 
0.0096619 
0.0101205 
0.0120445 
0.0113902 
0.0131525 
0.0112548 
0.0129673 
0.0170176 
0.0196130 
0.0162126 
0.0129606 
0.0110729 
0.0125557 
0.0105871 
0.0093771 
0.0134313 
0.0144512 
0.0149462 
0.0134874 
0.0157442 
0.0092450 
0.0126390 
0.0140867 
0.0149252 
0.0161139 
0.0116174 
0.0103727 
0.0130853 
0.0063833 
0.0072842 
0.0047167 
0.0099188 
0.0088760 
0.0066425 
0.0060530 
0.0038840 
0.0062715 
0.0042851 
0.0071420 
0.0081106 
0.0072679 
0.0043745 
0.0040763 
0.0062973 
0.0051833 
0.0023478 
0.0000000 
0.0001301 
0.0038272 
