-0.0000431 
-0.0000834 
0.0000529 
0.4662186 
-0.1932869 
-0.0644990 
0.3942925 
0.4236781 
0.4209935 
0.4061484 
0.4159423 
0.4045950 
0.4096104 
0.4244417 
0.4039525 
0.3878041 
0.4141941 
0.4129840 
0.3833301 
0.4292185 
0.3827115 
0.4072933 
0.4167983 
0.4144079 
0.4064686 
0.3964438 
0.4205874 
0.4252814 
0.4105546 
0.3603390 
0.3817746 
0.3779456 
0.3315140 
0.3274846 
0.2856143 
0.3151682 
0.2900572 
0.3189626 
0.3220719 
0.3411020 
0.3591362 
0.3748988 
0.4233926 
0.4465319 
0.4579544 
0.4286776 
0.3919632 
0.3840570 
0.4092988 
0.3913902 
0.4205510 
0.4385829 
0.4790056 
0.5015292 
0.5113965 
0.4985625 
0.4739478 
0.4470962 
0.4009937 
0.4168845 
0.4160306 
0.4215380 
0.4031758 
0.4259177 
0.4396792 
0.4399303 
0.4314505 
0.4299638 
0.4360112 
0.4407979 
0.4368767 
0.4327839 
0.4113631 
0.3967163 
0.3536214 
0.3998643 
0.3684367 
0.3915223 
0.4051561 
0.3816073 
0.3793827 
0.3739850 
0.3944306 
0.3676456 
0.3730960 
0.3979959 
0.4140587 
0.3922839 
0.4079953 
0.3879001 
0.3856146 
0.3945995 
0.3718285 
0.3418920 
0.3483811 
0.3214152 
0.3445983 
0.3506365 
0.3443141 
0.3894085 
0.3952361 
0.3789870 
0.3913092 
0.3754650 
0.3344514 
0.3576287 
0.3904260 
0.3818687 
0.3584586 
0.3513896 
0.3879258 
0.4298014 
0.4499145 
0.4324157 
0.4518802 
0.4281870 
0.4463168 
0.4458681 
0.4441298 
0.4353064 
0.4272239 
0.4173332 
0.4435884 
0.4679409 
0.4650855 
0.4814087 
0.4890138 
0.4845706 
0.4845082 
0.4745874 
0.4721100 
0.4426463 
0.4408287 
0.4272284 
0.4376577 
0.4422179 
0.4503244 
0.4608457 
0.4454795 
0.4155586 
0.4027484 
0.3728714 
0.3574687 
0.3568666 
0.3617784 
0.3664482 
0.3739137 
0.3939240 
0.4161182 
0.3681058 
0.3641138 
0.3867570 
0.3394038 
0.3602548 
0.3451632 
0.2925125 
0.3083900 
0.2916300 
0.3124622 
0.2996469 
0.3369902 
0.2979913 
0.2583410 
0.2446448 
0.2408924 
0.2746383 
0.3132851 
0.2904939 
0.2867194 
0.2959090 
0.2970113 
0.3568665 
0.3340067 
0.3574053 
0.3475464 
0.3663496 
0.3294916 
0.3498713 
0.3232144 
0.2728913 
0.2564478 
0.2713515 
0.2421450 
0.2327937 
0.2150789 
0.2280778 
0.2650784 
0.2595596 
0.2628125 
0.2393006 
0.2015779 
0.1820474 
0.2072985 
0.1921300 
0.1873859 
0.1713056 
0.2381572 
0.2336627 
0.2258273 
0.2055094 
0.1907132 
0.1963164 
0.1373249 
0.1250909 
0.1042519 
0.1061514 
0.0954795 
0.1193013 
0.0814260 
0.0479453 
0.0346339 
0.0318658 
0.0332556 
0.0437314 
0.0350352 
0.0000000 
0.0256105 
0.0246708 
0.0476490 
0.0797489 
0.0630919 
0.0413793 
0.0342777 
0.0460744 
0.0942122 
0.0728846 
0.0683520 
0.0787654 
0.0878502 
0.0936798 
0.1028528 
0.1594724 
0.1508941 
0.0874728 
0.1075110 
0.0910121 
0.1122711 
0.1102849 
0.1513515 
0.1365384 
0.1335105 
0.0827811 
0.0447745 
0.0305928 
0.0273111 
0.0325137 
0.0251885 
0.0760380 
0.1194853 
0.0971546 
0.0852742 
0.0679988 
0.0536287 
0.0268627 
0.0619570 
0.0893252 
0.1077275 
0.1409501 
0.1449058 
0.1849473 
0.1600592 
0.1560797 
0.2031397 
0.1986438 
0.2292700 
0.2645100 
0.3269537 
0.3395001 
0.3581333 
0.4016053 
0.4063768 
0.4366243 
0.4600905 
0.4661492 
0.4633451 
0.4886315 
0.5409941 
0.5734824 
0.6244459 
0.6670889 
0.6645549 
0.6506534 
0.6387770 
0.6169910 
0.6208663 
0.6452743 
0.6128721 
0.6180418 
0.5799939 
0.5743564 
0.5727822 
0.5506721 
0.5511630 
0.5355823 
0.5473209 
0.5358719 
0.5456607 
0.5505131 
0.5444162 
0.5576124 
0.5451114 
0.5431214 
0.5860211 
0.5953384 
0.5601578 
0.5653256 
0.5986893 
0.5949697 
0.6098887 
0.6057059 
0.5916879 
0.5322784 
0.4948576 
0.4619172 
0.5032430 
0.4968398 
0.5055149 
0.6157389 
0.6047645 
0.5950871 
0.5665230 
0.5462284 
0.5435452 
0.5041490 
0.5325944 
0.5368706 
0.5342667 
0.5991360 
0.5665433 
0.5797776 
0.5790038 
0.5866679 
0.6146432 
0.6112899 
0.5939477 
0.6025420 
0.6189522 
0.6269405 
0.6285876 
0.6390756 
0.6518660 
0.6321994 
0.6348463 
0.6025231 
0.5943589 
0.5889102 
0.5839353 
0.6153690 
0.5563351 
0.5419927 
0.5757398 
0.5909387 
0.6176648 
0.6555101 
0.6831675 
0.6888672 
0.7286043 
0.7808343 
0.7437622 
0.7563227 
0.7942735 
0.7860225 
0.8288256 
0.7633081 
0.7706162 
0.7526437 
0.7657133 
0.8043700 
0.8083919 
0.8093118 
0.7950771 
0.7820730 
0.7968646 
0.7456774 
0.7321567 
0.7493659 
0.7726488 
0.8213531 
0.8599883 
0.8490084 
0.8025114 
0.7762680 
0.8283345 
0.7831795 
0.7326362 
0.7066599 
0.7279715 
0.7421985 
0.7412097 
0.7435739 
0.7629118 
0.7644801 
0.7860360 
0.7414054 
0.7006166 
0.6693082 
0.6800090 
0.6459256 
0.6265260 
0.6274410 
0.6010353 
0.5906641 
0.5656519 
0.5579687 
0.5070773 
0.4970606 
0.5243898 
0.5623985 
0.5504420 
0.5374712 
0.5129739 
0.5232642 
0.5283638 
0.5055819 
0.4806748 
0.5192032 
0.4641885 
0.4933255 
0.4746685 
0.4528664 
0.4603431 
0.5057181 
0.5159746 
0.5012252 
0.4517363 
0.3871322 
0.3821754 
0.3987562 
0.4483437 
0.4693751 
0.4769811 
0.4560217 
0.4607258 
0.4234827 
0.4170295 
0.4320021 
0.4112012 
0.4507696 
0.4473325 
0.4675182 
0.4678917 
0.4745469 
0.4646836 
0.4788078 
0.4657803 
0.4513499 
0.4489227 
0.4391605 
0.4690700 
0.4454372 
0.4345293 
0.4471708 
0.4217843 
0.4402970 
0.4178950 
0.4192571 
0.3806007 
0.3866530 
0.4098060 
0.4002531 
0.3938953 
0.4075068 
0.4177023 
0.4540049 
0.4260843 
0.4094061 
0.4194876 
0.4749922 
0.4964862 
0.5387423 
0.5196877 
0.5184230 
0.5212279 
0.5090691 
0.4643997 
0.4409467 
0.4681049 
0.4889172 
0.4714598 
0.4489710 
0.4542751 
0.4626796 
0.4522113 
0.4755535 
0.4963730 
0.4968917 
0.5070819 
0.5706897 
0.6114780 
0.6455280 
0.6494416 
0.6616751 
0.6433288 
0.6733410 
0.6577458 
0.6720199 
0.6474384 
0.6441453 
0.6998262 
0.6989197 
0.6942339 
0.7259343 
0.6753504 
0.6548780 
0.6714873 
0.6636446 
0.6642627 
0.6515657 
0.6194738 
0.6266346 
0.6328273 
0.6689142 
0.7038452 
0.6843999 
0.6641733 
0.6499334 
0.6662735 
0.6458662 
0.6618731 
0.6575329 
0.6525059 
0.6870312 
0.7126021 
0.7553989 
0.7233788 
0.6976132 
0.6841471 
0.6945337 
0.7421171 
0.7203462 
0.7143940 
0.7235830 
0.7162983 
0.6939611 
0.6985912 
0.7020266 
0.7125097 
0.7271082 
0.7560407 
0.7720535 
0.8116866 
0.7717310 
0.7797785 
0.7766183 
0.7990034 
0.7672295 
0.7587038 
0.7890784 
0.8233073 
0.7716191 
0.7867665 
0.7515983 
0.7656242 
0.7368552 
0.7315403 
0.7157093 
0.7181590 
0.7521712 
0.7656474 
0.7826880 
0.7554747 
0.7499203 
0.7291962 
0.7540023 
0.7689395 
0.7480964 
0.7262950 
0.7444028 
0.7162470 
0.7161339 
0.6997263 
0.6887667 
0.6842781 
0.6640917 
0.6781062 
0.6577497 
0.6779146 
0.6720354 
0.6356449 
0.6215197 
0.6403653 
0.6544390 
0.6798530 
0.7060795 
0.6862778 
0.6869341 
0.6683731 
0.6878264 
0.7073097 
0.7132291 
0.6916315 
0.7004269 
0.6755609 
0.6907011 
0.7339672 
0.7303458 
0.7690601 
0.7882536 
0.7545852 
0.7530895 
0.7330357 
0.7264970 
0.7283436 
0.7358306 
0.7558302 
0.7801262 
0.7520727 
0.7646865 
0.7465487 
0.6998935 
0.6697310 
0.6532340 
0.6445370 
0.6664458 
0.6826193 
0.7033371 
0.7050825 
0.6830836 
0.6768306 
0.6921620 
0.6895127 
0.6400278 
0.6219232 
0.6278209 
0.6501453 
0.6538695 
0.6489603 
0.6218335 
0.6341445 
0.6126883 
0.5939105 
0.5956643 
0.5924651 
0.6004972 
0.5953608 
0.6188879 
0.6298240 
0.5843258 
0.5850213 
0.5810133 
0.5852437 
0.5865363 
0.6154971 
0.5803216 
0.5731062 
0.5693939 
0.5884224 
0.5673506 
0.5796958 
0.5681701 
0.6175504 
0.6308456 
0.6562176 
0.6315563 
0.6574429 
0.6552495 
0.6459326 
0.6356083 
0.6361260 
0.6333868 
0.6121441 
0.6234267 
0.6373352 
0.6238532 
0.6164484 
0.6150112 
0.6084911 
0.5830453 
0.5590876 
0.5934538 
0.5832664 
0.5961747 
0.6311673 
0.6803612 
0.6824573 
0.6659856 
0.6515243 
0.7080443 
0.7198607 
0.7193637 
0.6842079 
0.6838618 
0.6746239 
0.6982426 
0.6929969 
0.6844819 
0.7070501 
0.6515261 
0.6568119 
0.6793889 
0.6985258 
0.6710672 
0.6888597 
0.6729359 
0.6795641 
0.6879627 
0.6449658 
0.6446921 
0.6446404 
0.6715364 
0.6681043 
0.6080493 
0.5951065 
0.5493670 
0.5606748 
0.5111911 
0.4864492 
0.5197168 
0.4979871 
0.4799676 
0.4941312 
0.5082140 
0.5230479 
0.4986317 
0.5020777 
0.4940035 
0.4980338 
0.5346065 
0.5726306 
0.5843882 
0.5428697 
0.5892084 
0.5900190 
0.5601279 
0.5728173 
0.5109791 
0.4832144 
0.5227624 
0.5034550 
0.5365990 
0.5357115 
0.5292359 
0.5504923 
0.5545850 
0.5398054 
0.5192504 
0.5257250 
0.5409488 
0.5074347 
0.5006409 
0.5145133 
0.5348416 
0.5231891 
0.5071444 
0.5062644 
0.4680007 
0.4857558 
0.4829613 
0.4448233 
0.4643343 
0.4657734 
0.4784926 
0.4333278 
0.4676555 
0.4759914 
0.4626623 
0.4553087 
0.4294915 
0.4291711 
0.4891569 
0.4879514 
0.4951749 
0.4698297 
0.4772520 
0.4940337 
0.4984950 
0.5006442 
0.5143930 
0.4939173 
0.4772322 
0.4745459 
0.4846143 
0.5371645 
0.5464818 
0.5774283 
0.5824792 
0.6116699 
0.5928403 
0.6016654 
0.5570322 
0.5280624 
0.4977693 
0.4803608 
0.4472173 
0.4447256 
0.4450317 
0.4866071 
0.4932009 
0.5459990 
0.5308461 
0.5046807 
0.5218278 
0.5355230 
0.5496167 
0.5347043 
0.5454273 
0.5589447 
0.5471860 
0.5347198 
0.5622219 
0.5857671 
0.5581101 
0.5335125 
0.5800688 
0.6382861 
0.6433073 
0.6603202 
0.6330436 
0.6293586 
0.6704114 
0.6583261 
0.6509938 
0.6436304 
0.6204002 
0.5980132 
0.6407013 
0.6519296 
0.6738829 
0.6814068 
0.6728679 
0.6793327 
0.6411369 
0.6379870 
0.6959787 
0.6611087 
0.6405534 
0.6859049 
0.6600769 
0.6883696 
0.7260112 
0.6390599 
0.6919930 
0.7494852 
0.7704257 
0.7223431 
0.7273833 
0.7543636 
0.7241097 
0.6985304 
0.7317621 
0.7192029 
0.7369708 
0.7302049 
0.7310488 
0.7205457 
0.7316157 
0.7334023 
0.7401692 
0.7232872 
0.7032925 
0.6934191 
0.7158710 
0.6607481 
0.6189696 
0.6279694 
0.6688668 
0.6619108 
0.6435519 
0.6422644 
0.6446416 
0.6643038 
0.6535499 
0.6466473 
0.6350160 
0.6443061 
0.6939532 
0.6407658 
0.6267945 
0.6149248 
0.6248367 
0.6316066 
0.6172279 
0.5890779 
0.5845436 
0.6112269 
0.5596270 
0.5765905 
0.5679796 
0.6302883 
0.6533754 
0.6378605 
0.6308467 
0.6318634 
0.6403536 
0.6678923 
0.6743231 
0.6603173 
0.6485188 
0.6602507 
0.6046255 
0.5816717 
0.5829142 
0.6234951 
0.5621205 
0.5705561 
0.5629304 
0.5794404 
0.5690464 
0.5613635 
0.5445059 
0.4982379 
0.4794239 
0.4498989 
0.4717543 
0.5336835 
0.5516389 
0.5513234 
0.5563078 
0.5427812 
0.5510903 
0.5757800 
0.5601546 
0.6181769 
0.6621295 
0.6717470 
0.6832386 
0.6967336 
0.6943565 
0.6721089 
0.6869910 
0.6747366 
0.6739070 
0.6938439 
0.6897569 
0.6890976 
0.6577837 
0.6188884 
0.5918825 
0.6038098 
0.5372561 
0.5195801 
0.5228731 
0.5374019 
0.5967919 
0.6192260 
0.6034660 
0.6010930 
0.5809182 
0.5971381 
0.5877439 
0.5534985 
0.5288112 
0.5313909 
0.5386967 
0.5307394 
0.5630706 
0.6079707 
0.6356534 
0.6596445 
0.6641083 
0.6341875 
0.6752059 
0.6610220 
0.6237681 
0.5986312 
0.6311154 
0.6247890 
0.6137182 
0.5839724 
0.5830988 
0.5989696 
0.5970229 
0.6141937 
0.6044042 
0.5893171 
0.6117095 
0.6151569 
0.5756293 
0.5504214 
0.5302227 
0.5357790 
0.5709262 
0.5467710 
0.5095733 
0.5357054 
0.5515916 
0.5553704 
0.5751712 
0.5602226 
0.6017056 
0.5644379 
0.5552064 
0.5711400 
0.5606697 
0.5666416 
0.5694939 
0.6277579 
0.6653969 
0.7095098 
0.7135996 
0.7524288 
0.7726548 
0.7555512 
0.6984685 
0.7122004 
0.7304566 
0.7523178 
0.7798745 
0.7981987 
0.8079992 
0.8470431 
0.8257055 
0.8275314 
0.8219827 
0.8115707 
0.8023132 
0.8126954 
0.7820692 
0.8091044 
0.7865677 
0.7837802 
0.7901185 
0.7808718 
0.7917804 
0.7902698 
0.7639433 
0.7415751 
0.7431322 
0.7049269 
0.7103335 
0.6632988 
0.6603680 
0.6610299 
0.6548205 
0.6072779 
0.6270688 
0.6409410 
0.7065231 
0.6920814 
0.7060810 
0.7130475 
0.7127991 
0.7086749 
0.7143143 
0.7176567 
0.7356482 
0.7791823 
0.7508347 
0.7532428 
0.7750286 
0.7873160 
0.7617187 
0.7391568 
0.7317727 
0.7156092 
0.7120183 
0.7222393 
0.7649079 
0.7853390 
0.7569709 
0.7652965 
0.7976534 
0.7838332 
0.8102706 
0.8332067 
0.8976125 
0.9086164 
0.9154442 
0.8996708 
0.8978053 
0.8914714 
0.8671454 
0.8941516 
0.8780657 
0.9037728 
0.9040388 
0.9366158 
0.9269812 
0.8888202 
0.9158092 
0.8885423 
0.9082999 
0.9667363 
0.9573803 
0.9162359 
0.9298319 
0.9116420 
0.8943867 
0.9159437 
0.9075237 
0.9297197 
0.9102084 
0.8589149 
0.8477389 
0.8285518 
0.7919639 
0.7920045 
0.7660301 
0.7143737 
0.7448297 
0.7259611 
0.6964930 
0.7342147 
0.7313328 
0.6844469 
0.6822982 
0.6548633 
0.6537152 
0.6236312 
0.6367828 
0.6177896 
0.6215518 
0.6408081 
0.6661884 
0.6891132 
0.6819261 
0.7368230 
0.7050612 
0.7351454 
0.7378292 
0.7417912 
0.7481963 
0.7511241 
0.7461622 
0.7301809 
0.7557459 
0.7532050 
0.7582399 
0.7780212 
0.7992410 
0.8027868 
0.8269913 
0.8463323 
0.8786008 
0.8819720 
0.8699902 
0.8595156 
0.8671855 
0.8429721 
0.8655635 
0.8621691 
0.8917155 
0.8628528 
0.8489232 
0.8292830 
0.8536607 
0.8418035 
0.8381264 
0.8681305 
0.8712350 
0.8753961 
0.8632536 
0.8300856 
0.8525764 
0.7968718 
0.8229345 
0.8832626 
0.9054341 
0.9257910 
0.9523929 
0.9888518 
0.9791456 
1.0000000 
0.9644475 
0.9259222 
0.9281463 
0.9429898 
0.9630576 
0.9286047 
0.8885011 
0.8939628 
0.8936533 
0.8886799 
0.8735786 
0.8241702 
0.7858818 
0.7615583 
0.7283230 
0.7041766 
0.6791755 
0.5953141 
0.5167477 
0.4905542 
0.4207625 
0.3493230 
0.3133273 
0.3280158 
0.3041847 
0.3192392 
0.3404359 
0.3827435 
0.3567288 
0.3695179 
0.3785041 
0.3806432 
0.3766776 
0.3819317 
0.3754538 
0.3895950 
0.3795590 
0.3762322 
0.3878125 
0.3844949 
0.3951662 
0.3961179 
0.3808971 
0.3894002 
0.3560493 
0.4518180 
0.4705589 
0.4802359 
0.4471421 
0.4679943 
0.4949924 
0.4353760 
0.4088938 
0.3607185 
0.3604639 
0.3738220 
0.3537854 
0.3498615 
0.3514328 
0.3350131 
0.2960336 
0.3039335 
0.2820329 
0.2822798 
0.3278241 
0.3155220 
0.2991390 
0.3084301 
0.3043428 
0.2643846 
0.2452589 
0.2927129 
0.2619428 
0.3435625 
0.3406860 
0.3810897 
0.3631270 
0.3292044 
0.3084402 
0.3459989 
0.3697760 
0.4272238 
0.4187314 
0.4548323 
0.4391248 
0.4868323 
0.4996008 
0.5133839 
0.5450828 
0.5853956 
0.6208584 
0.6610242 
0.6780296 
0.7031944 
0.6796832 
0.6497984 
0.6950672 
0.7255788 
0.7281066 
0.7333673 
0.6896707 
0.6663985 
0.6602840 
0.6563362 
0.6444982 
0.7008417 
0.7121585 
0.7167808 
0.7065108 
0.6799535 
0.7087964 
0.6764780 
0.6548883 
0.6500086 
0.6727827 
0.6617541 
0.6786595 
0.6727504 
0.6710800 
0.6575267 
0.6829539 
0.6778777 
0.6555159 
0.6386177 
0.6271884 
0.6160792 
0.5817522 
0.6102215 
0.6025145 
0.6027615 
0.6155872 
0.6218754 
0.5783788 
0.5505484 
0.5485156 
0.5593304 
0.6051780 
0.6072550 
0.6787991 
0.7206817 
0.7232105 
0.7071887 
0.7135527 
0.6913141 
0.6969273 
0.6732675 
0.6816708 
0.6868615 
0.6746072 
0.6774660 
0.6859377 
0.6737377 
0.6942961 
0.7115348 
0.6926101 
0.6982489 
0.6852459 
0.7060385 
0.7101659 
0.6921293 
0.6969647 
0.6947548 
0.6705573 
0.6588116 
0.6269462 
0.7236409 
0.7455547 
0.7663796 
0.7646374 
0.7446057 
0.7494392 
0.7016781 
0.7443222 
0.7863205 
0.7814001 
0.8211437 
0.8200719 
0.8311997 
0.8257597 
0.8288022 
0.8147975 
0.7975995 
0.8214395 
0.8333534 
0.8598113 
0.8295246 
0.8113100 
0.7636040 
0.8159158 
0.7896613 
0.8164273 
0.7906822 
0.8256440 
0.8201133 
0.8309517 
0.8229462 
0.8319578 
0.7718287 
0.7984236 
0.7663944 
0.7842024 
0.7613034 
0.7973592 
0.8184651 
0.8205929 
0.7959332 
0.8081356 
0.7620203 
0.7743193 
0.7668894 
0.7592370 
0.7486907 
0.7352122 
0.7334227 
0.7393720 
0.7384105 
0.7997374 
0.7684779 
0.7832900 
0.7550572 
0.7080730 
0.7043753 
0.6805762 
0.6839790 
0.6837370 
0.7332413 
0.6676142 
0.6979126 
0.6772352 
0.6544475 
0.6439717 
0.6304573 
0.6368461 
0.6200717 
0.6221859 
0.6312406 
0.6456884 
0.6565484 
0.6671800 
0.6532856 
0.6101119 
0.6227746 
0.6529528 
0.6493575 
0.6423533 
0.6446295 
0.6500882 
0.6777597 
0.6906029 
0.7231208 
0.7692746 
0.8143216 
0.8451559 
0.8422042 
0.8389620 
0.8087715 
0.7831892 
0.7142759 
0.6902076 
0.6673647 
0.6878451 
0.6870705 
0.7013842 
0.7009080 
0.6874827 
0.6846990 
0.6297991 
0.6469335 
0.6589037 
0.7044295 
0.6842424 
0.6509773 
0.6431909 
0.6294307 
0.5906413 
0.6090454 
0.5911706 
0.6021833 
0.5937260 
0.5731338 
0.5778482 
0.5999917 
0.5897097 
0.5924164 
0.6041810 
0.6066159 
0.5874628 
0.6112167 
0.6094633 
0.5892748 
0.5704320 
0.6043248 
0.6044963 
0.6540879 
0.6533854 
0.6331679 
0.6405056 
0.6179242 
0.6409723 
0.6561589 
0.6270156 
0.6378920 
0.6320039 
0.6027845 
0.5741683 
0.6184497 
0.6329574 
0.6370613 
0.5851393 
0.5882604 
0.6320172 
0.6172914 
0.5803762 
0.6084023 
0.6515948 
0.6985371 
0.6583599 
0.6873288 
0.6524246 
0.7088671 
0.7088128 
0.7120893 
0.6716668 
0.7214389 
0.7015685 
0.7182897 
0.7345494 
0.7788812 
0.7173530 
0.7460947 
0.7302281 
0.7199184 
0.7432923 
0.7180429 
0.7013123 
0.6812366 
0.7058522 
0.7292965 
0.7387627 
0.7147968 
0.7218473 
0.7316543 
0.7767173 
0.7532401 
0.7820140 
0.7540261 
0.7425668 
0.7088788 
0.7181243 
0.7124976 
0.6778200 
0.6901544 
0.6857064 
0.6836309 
0.7290643 
0.6724855 
0.6959496 
0.7229441 
0.7555940 
0.7348867 
0.7158188 
0.7387320 
0.7082873 
0.6772125 
0.7295073 
0.7295732 
0.7778346 
0.7090496 
0.7452230 
0.7381393 
0.7686780 
0.8229334 
0.8404930 
0.7876975 
0.7778536 
0.7356170 
0.7047871 
0.7313675 
0.7206394 
0.6959427 
0.7085157 
0.7524523 
0.7737280 
0.7890909 
0.7561819 
0.7748720 
0.7810696 
0.7511983 
0.7516302 
0.7634627 
0.8105598 
0.7684494 
0.8123814 
0.8314892 
0.8516324 
0.8359700 
0.8146875 
0.8225976 
0.7361132 
0.7099218 
0.7077740 
0.7712469 
0.7865233 
0.7508475 
0.7844112 
0.8296065 
0.8130893 
0.8156526 
0.8463210 
0.8409139 
0.8267136 
0.8276129 
0.8170310 
0.8335410 
0.7884735 
0.7463920 
0.7256168 
0.7279210 
0.7414106 
0.7257435 
0.7132113 
0.7210700 
0.6921516 
0.6918220 
0.6933769 
0.6786239 
0.7324319 
0.7750922 
0.7240711 
0.7632889 
0.6999651 
0.6546710 
0.7097820 
0.6983269 
0.6820269 
0.7092362 
0.7065852 
0.7326101 
0.7514060 
0.7064700 
0.6907758 
0.7677024 
0.7561084 
0.7495120 
0.7284612 
0.7078194 
0.7103508 
0.7019661 
0.7064350 
0.7096380 
0.7262131 
0.7645758 
0.6741637 
0.6693829 
0.6224234 
0.6143644 
0.6468109 
0.6826301 
0.6966841 
0.7141168 
0.6990008 
0.6894318 
0.6682296 
0.6814682 
0.7273321 
0.6580430 
0.6817420 
0.6791403 
0.7129862 
0.6815210 
0.7020856 
0.7028002 
0.7256827 
