-0.0000363 
0.0000345 
0.0001902 
0.0125743 
0.2492807 
-0.2253207 
0.9933883 
0.9713108 
0.9476702 
0.9724188 
0.9773711 
0.9588841 
0.9688532 
0.9783276 
0.9745094 
0.9519562 
0.9483228 
0.9665526 
0.9632354 
0.9455827 
0.9723150 
1.0000000 
0.9971106 
0.9531313 
0.9402205 
0.9589108 
0.9362068 
0.9416866 
0.9479438 
0.9625755 
0.9716145 
0.9856500 
0.9833454 
0.9799081 
0.9628673 
0.9713866 
0.9853922 
0.9864917 
0.9494378 
0.9456972 
0.9873090 
0.9982215 
0.9406563 
0.9392702 
0.9567049 
0.9613667 
0.9426165 
0.9316423 
0.9630630 
0.9565885 
0.9323396 
0.9255533 
0.9553932 
0.9872456 
0.9605614 
0.9250925 
0.9454426 
0.9424103 
0.9209890 
0.9047954 
0.9454553 
0.9742160 
0.9594648 
0.9452998 
0.9581685 
0.9598512 
0.9276080 
0.9234757 
0.9403497 
0.9501299 
0.9394765 
0.9154556 
0.9319731 
0.9285049 
0.9330641 
0.9406337 
0.9566530 
0.9544848 
0.9289493 
0.9078282 
0.8949807 
0.9039395 
0.8969092 
0.8843910 
0.8605411 
0.8694623 
0.8839247 
0.8680446 
0.8926817 
0.9035440 
0.9044135 
0.9003645 
0.9076727 
0.9101999 
0.9183984 
0.9152259 
0.9058176 
0.9157729 
0.9009432 
0.8812414 
0.8788012 
0.8650083 
0.8799766 
0.8878358 
0.8818999 
0.9032477 
0.8943366 
0.8832690 
0.8931858 
0.9033386 
0.8924583 
0.8751230 
0.8747649 
0.8444190 
0.8304442 
0.8599319 
0.8563094 
0.8406375 
0.8589272 
0.8385953 
0.8414090 
0.8506043 
0.8321807 
0.8539441 
0.8891420 
0.8981788 
0.8786944 
0.8579389 
0.8330349 
0.8427055 
0.8673906 
0.8677470 
0.8681942 
0.8768479 
0.8784129 
0.8599427 
0.8475971 
0.8463796 
0.8713428 
0.8863486 
0.8518002 
0.8328381 
0.8592903 
0.8794241 
0.8676865 
0.8381950 
0.8311670 
0.8633193 
0.8405937 
0.8259257 
0.8282560 
0.8500563 
0.8418667 
0.8359342 
0.8320443 
0.8115989 
0.8047829 
0.8101005 
0.7964043 
0.8064158 
0.8103474 
0.8157672 
0.8142374 
0.8368823 
0.8335935 
0.8224890 
0.7928331 
0.7963673 
0.8478104 
0.8459583 
0.8102774 
0.7866479 
0.8196595 
0.8394984 
0.8250101 
0.8087540 
0.8229801 
0.8512813 
0.8547702 
0.8267518 
0.7947303 
0.7744297 
0.8043032 
0.8248078 
0.8294537 
0.8346888 
0.8233776 
0.8189800 
0.7993118 
0.7887696 
0.7886212 
0.8180149 
0.8239172 
0.8336966 
0.8269137 
0.7968484 
0.7783285 
0.7709390 
0.7671185 
0.7792276 
0.7889249 
0.8015849 
0.7911671 
0.7762409 
0.7942770 
0.8227057 
0.8194447 
0.7762546 
0.7588403 
0.7811040 
0.7799491 
0.8011482 
0.7793183 
0.7650527 
0.7754151 
0.8007583 
0.8140972 
0.8024659 
0.7973172 
0.8020459 
0.8220421 
0.8382411 
0.8261314 
0.8172939 
0.8037577 
0.8024133 
0.7878316 
0.7778999 
0.7906945 
0.8035768 
0.8023824 
0.7941407 
0.7859548 
0.8490655 
0.8488902 
0.8358819 
0.8272025 
0.8122503 
0.8298384 
0.8258918 
0.8159184 
0.7934411 
0.8029041 
0.8110168 
0.8215561 
0.8210380 
0.8130450 
0.8076560 
0.8346685 
0.8476619 
0.8768358 
0.8794422 
0.8756963 
0.8577209 
0.8400766 
0.8198223 
0.8093181 
0.8232575 
0.8258539 
0.8365369 
0.8417819 
0.8290805 
0.8467896 
0.8519094 
0.8446525 
0.8436368 
0.8209827 
0.8199178 
0.8244379 
0.8445594 
0.8477078 
0.8245160 
0.7993513 
0.8100879 
0.8137837 
0.8318803 
0.8338175 
0.8257859 
0.8058002 
0.8124619 
0.8154570 
0.8216285 
0.8142387 
0.8028392 
0.8117930 
0.8329581 
0.8249635 
0.7954665 
0.8062440 
0.8017581 
0.8034408 
0.8218802 
0.8360194 
0.8266293 
0.8309022 
0.8192458 
0.8241834 
0.8057881 
0.7771162 
0.7600890 
0.7589368 
0.7643028 
0.7611733 
0.7837189 
0.8072091 
0.8148690 
0.8167564 
0.8082936 
0.8172325 
0.8134008 
0.8232103 
0.8201061 
0.8214515 
0.8328991 
0.8559190 
0.8537366 
0.8463972 
0.8308323 
0.8145170 
0.8088028 
0.8217012 
0.8295899 
0.8351041 
0.8087741 
0.8155254 
0.8402238 
0.8584747 
0.8529627 
0.8387445 
0.8171243 
0.7986035 
0.8207837 
0.8196414 
0.8065177 
0.8202425 
0.7991820 
0.7983526 
0.8030817 
0.8040716 
0.8174791 
0.8125267 
0.7992665 
0.7842217 
0.7752951 
0.7840494 
0.8148442 
0.8261401 
0.8278667 
0.8099702 
0.8055816 
0.7772428 
0.7729431 
0.7564247 
0.7563483 
0.7648662 
0.7642531 
0.7586766 
0.7720563 
0.7769299 
0.7794308 
0.7796102 
0.7872064 
0.7684921 
0.7511676 
0.7498898 
0.7529858 
0.7873552 
0.7978039 
0.7954900 
0.7814369 
0.7492204 
0.7686915 
0.7772657 
0.7654499 
0.7585983 
0.7300774 
0.7399484 
0.7506260 
0.7339905 
0.7309241 
0.7405437 
0.7159161 
0.7389966 
0.7486012 
0.7486114 
0.7393370 
0.6913484 
0.6940627 
0.7157877 
0.7314820 
0.7121663 
0.7049478 
0.7015577 
0.7184130 
0.7092802 
0.7426089 
0.7427889 
0.7261612 
0.7173913 
0.7273365 
0.7410165 
0.7100170 
0.7301019 
0.7570906 
0.7503128 
0.7437110 
0.7467267 
0.7275907 
0.7182607 
0.7264951 
0.7319670 
0.7178599 
0.6984644 
0.7045201 
0.7110806 
0.6915622 
0.6906737 
0.6955463 
0.6832694 
0.6562382 
0.6507989 
0.6428983 
0.6512586 
0.6632326 
0.6634637 
0.6664954 
0.6691883 
0.6836570 
0.6984725 
0.7106120 
0.7322578 
0.7336338 
0.7180971 
0.7161850 
0.7112697 
0.6963544 
0.6959119 
0.6881416 
0.7018785 
0.6855942 
0.6823596 
0.6856158 
0.7014792 
0.6836683 
0.6930192 
0.6769665 
0.6807050 
0.6902810 
0.7089290 
0.7102234 
0.6837919 
0.6581245 
0.6610514 
0.6808414 
0.6653010 
0.6541533 
0.6497171 
0.6774531 
0.6762449 
0.6828659 
0.6974638 
0.7004877 
0.7111893 
0.7005283 
0.6889844 
0.6821666 
0.7004821 
0.7029059 
0.6809066 
0.6824468 
0.6719020 
0.6811527 
0.6915777 
0.6759878 
0.6880428 
0.6991103 
0.6857336 
0.6747977 
0.6701708 
0.6683671 
0.6548322 
0.6411933 
0.6351151 
0.6303962 
0.6413653 
0.6673609 
0.6767450 
0.6819105 
0.6706418 
0.6651374 
0.6629071 
0.6747264 
0.6544650 
0.6483797 
0.6645238 
0.6829737 
0.6711603 
0.6675503 
0.6634827 
0.6694345 
0.6731492 
0.6900472 
0.6623465 
0.6550544 
0.6636255 
0.6528819 
0.6322878 
0.6295394 
0.6337014 
0.6547689 
0.6372132 
0.6240013 
0.6205336 
0.6437066 
0.6482894 
0.6670055 
0.6725228 
0.6536589 
0.6469988 
0.6416461 
0.6370600 
0.6355452 
0.6280390 
0.6430221 
0.6422937 
0.6499046 
0.6496481 
0.6578967 
0.6594347 
0.6625296 
0.6409690 
0.6239657 
0.6352680 
0.6710241 
0.6829810 
0.6601189 
0.6454155 
0.6202353 
0.6395344 
0.6292026 
0.6223188 
0.6131664 
0.6036763 
0.5825135 
0.5902744 
0.6075718 
0.6297339 
0.6436216 
0.6594208 
0.6638298 
0.6578979 
0.6367496 
0.6310910 
0.6400400 
0.6428354 
0.6261063 
0.6169213 
0.6071840 
0.5923738 
0.5940064 
0.6039491 
0.5985655 
0.6014708 
0.6074071 
0.6018117 
0.6042114 
0.5971748 
0.5723517 
0.5679745 
0.5696689 
0.5717725 
0.5761574 
0.5856251 
0.5921603 
0.5888857 
0.5988188 
0.5922607 
0.5995299 
0.5853922 
0.5785120 
0.5918374 
0.6038431 
0.6102146 
0.6344851 
0.6271032 
0.6029955 
0.5802017 
0.5445461 
0.5574888 
0.5729973 
0.5762304 
0.5786014 
0.5644950 
0.5432877 
0.5557627 
0.5705610 
0.5753304 
0.5774448 
0.5878344 
0.5634074 
0.5548405 
0.5676862 
0.5618021 
0.5645235 
0.5715755 
0.5793039 
0.5780703 
0.6022376 
0.6031715 
0.5847910 
0.5417466 
0.5319300 
0.4961397 
0.4893342 
0.5097485 
0.5509268 
0.5681388 
0.5674342 
0.5600501 
0.5432096 
0.5542110 
0.5873504 
0.6010062 
0.5980854 
0.5857708 
0.5717818 
0.5906080 
0.5884239 
0.5894640 
0.5830003 
0.5465996 
0.5456706 
0.5549377 
0.5608322 
0.5524751 
0.5292437 
0.5428641 
0.5035227 
0.4937314 
0.4979599 
0.4895622 
0.5024277 
0.5306809 
0.5277605 
0.5217111 
0.5576372 
0.5658933 
0.5619894 
0.5388876 
0.5406852 
0.5324248 
0.5192496 
0.5231441 
0.5120158 
0.5175290 
0.5261067 
0.5286472 
0.5399637 
0.5426076 
0.5194632 
0.5058887 
0.5197875 
0.5158138 
0.4932692 
0.4875909 
0.4937678 
0.4877318 
0.4945537 
0.5065180 
0.5166509 
0.5187026 
0.5161813 
0.5235350 
0.5259313 
0.5361652 
0.5430902 
0.5315505 
0.5159284 
0.5013801 
0.5025701 
0.4938265 
0.4927020 
0.4726813 
0.4777087 
0.4928327 
0.4887909 
0.4914563 
0.4969588 
0.4934091 
0.4996327 
0.4865221 
0.4753386 
0.4928073 
0.4895941 
0.4587534 
0.4366417 
0.4379497 
0.4352008 
0.4383905 
0.4139662 
0.4103158 
0.4186709 
0.4364158 
0.4625472 
0.5000157 
0.5049984 
0.4869855 
0.4817676 
0.4857646 
0.4624319 
0.4349785 
0.4257505 
0.4136698 
0.4093313 
0.4177265 
0.4382606 
0.4315731 
0.4863535 
0.5341330 
0.5084946 
0.4974886 
0.4917657 
0.4944304 
0.4701686 
0.4837164 
0.4856766 
0.4724919 
0.4562563 
0.3989298 
0.4009003 
0.4137223 
0.4146498 
0.4179382 
0.4511555 
0.4711705 
0.5055475 
0.5130186 
0.4912598 
0.5083380 
0.5033104 
0.4841079 
0.4705038 
0.4676202 
0.4588823 
0.4642578 
0.4740218 
0.4802719 
0.4633181 
0.4443055 
0.4342837 
0.4339561 
0.4293173 
0.4168834 
0.4488102 
0.4897805 
0.5261844 
0.5219955 
0.4754646 
0.4491043 
0.4400038 
0.4421944 
0.4300779 
0.4261759 
0.4315284 
0.4450866 
0.4564414 
0.4301809 
0.4233612 
0.4357519 
0.4312268 
0.4102807 
0.4033985 
0.4309505 
0.4522301 
0.4534638 
0.4530098 
0.4435914 
0.4454625 
0.4547227 
0.4455366 
0.4386812 
0.4399190 
0.4629295 
0.4620101 
0.4561656 
0.4352319 
0.4170977 
0.3966973 
0.3931547 
0.3925699 
0.3767940 
0.3621597 
0.3643704 
0.3684904 
0.3672230 
0.3761485 
0.3920953 
0.3964127 
0.3770539 
0.3602846 
0.3770209 
0.3671380 
0.3538173 
0.3553404 
0.3625211 
0.3628652 
0.3747566 
0.3929471 
0.3904593 
0.3791735 
0.4028613 
0.4024114 
0.4019669 
0.3946963 
0.3992286 
0.4120609 
0.3981947 
0.3864188 
0.3830866 
0.3814208 
0.3833715 
0.3696540 
0.3838247 
0.4045775 
0.3983697 
0.4160209 
0.4081348 
0.3986753 
0.4055822 
0.4289109 
0.4010344 
0.4066396 
0.4105429 
0.4129745 
0.3897292 
0.3789592 
0.3883606 
0.3946654 
0.3833151 
0.4034661 
0.3794340 
0.3724354 
0.3771647 
0.3992472 
0.3860909 
0.4048264 
0.4217358 
0.4106576 
0.3941488 
0.3887506 
0.3760232 
0.3592007 
0.3710232 
0.3767409 
0.3718383 
0.3534491 
0.3484361 
0.3297546 
0.3564219 
0.3923762 
0.3909284 
0.3590935 
0.3360026 
0.3466850 
0.3668954 
0.3597444 
0.3571895 
0.3657320 
0.3390955 
0.3212202 
0.3205505 
0.3107968 
0.3174929 
0.3257005 
0.3312280 
0.3360750 
0.3521263 
0.3389704 
0.3429644 
0.3578080 
0.3290124 
0.3161215 
0.3263522 
0.3528075 
0.3646381 
0.3582980 
0.3464045 
0.3463521 
0.3385267 
0.3305489 
0.3339561 
0.3423893 
0.3225889 
0.3189207 
0.3175444 
0.3287664 
0.3216495 
0.3075985 
0.3200718 
0.3158949 
0.3320049 
0.3439409 
0.3536680 
0.3338213 
0.3192998 
0.3000471 
0.3021416 
0.2979385 
0.3126108 
0.3197350 
0.3165494 
0.3224510 
0.3123892 
0.3204416 
0.3233535 
0.3135447 
0.3268969 
0.3372134 
0.3227426 
0.3260965 
0.3148709 
0.2969418 
0.2816733 
0.2624999 
0.2691630 
0.2815336 
0.2840725 
0.2940175 
0.3010529 
0.2928033 
0.2924473 
0.3096156 
0.3129858 
0.3064408 
0.3014618 
0.2835354 
0.2749180 
0.2631695 
0.2786976 
0.2981560 
0.3059448 
0.3121400 
0.3198692 
0.3024572 
0.3054796 
0.3158725 
0.3349593 
0.3501258 
0.3289962 
0.3163865 
0.3228434 
0.3135505 
0.3068755 
0.3052134 
0.3127405 
0.3190899 
0.2901377 
0.2674038 
0.2510270 
0.2515903 
0.2880996 
0.2971594 
0.3071644 
0.3115460 
0.3015852 
0.2938391 
0.2715715 
0.2750064 
0.2752562 
0.2535574 
0.2519346 
0.2633565 
0.2569726 
0.2596165 
0.2725321 
0.2843483 
0.2808435 
0.2701229 
0.2614074 
0.2621681 
0.2726207 
0.2779747 
0.2823910 
0.2808377 
0.2816806 
0.2805620 
0.2702513 
0.2665761 
0.2649610 
0.2626863 
0.2547313 
0.2279406 
0.2252588 
0.1957772 
0.1956403 
0.2100458 
0.2321666 
0.2350753 
0.2326529 
0.2213335 
0.2221371 
0.2211362 
0.2415988 
0.2558090 
0.2568211 
0.2501852 
0.2516172 
0.2421063 
0.2548131 
0.2350506 
0.2402952 
0.2470723 
0.2762230 
0.2600473 
0.2475570 
0.2345421 
0.2241002 
0.2166604 
0.2153608 
0.2302880 
0.2473223 
0.2502245 
0.2420101 
0.2388387 
0.2298691 
0.2313242 
0.2424756 
0.2314089 
0.2369312 
0.2401087 
0.2226581 
0.2213774 
0.2439285 
0.2378658 
0.2344872 
0.2347581 
0.2295427 
0.2378355 
0.2381534 
0.2235155 
0.2187620 
0.2201720 
0.2303518 
0.2345237 
0.2182035 
0.2254908 
0.2289323 
0.2229485 
0.2170964 
0.2230771 
0.2218509 
0.2059458 
0.1866629 
0.2078852 
0.2246195 
0.2466956 
0.2568594 
0.2479391 
0.2564043 
0.2457273 
0.2379399 
0.2353108 
0.2472678 
0.2433547 
0.2108592 
0.2043414 
0.1988661 
0.2041576 
0.2125453 
0.2117676 
0.1865583 
0.1982024 
0.2235916 
0.2290270 
0.2068191 
0.1881294 
0.1960217 
0.2194637 
0.2122911 
0.1983959 
0.1903121 
0.1971728 
0.2095798 
0.2368664 
0.2251873 
0.2113493 
0.2097089 
0.2111359 
0.2069167 
0.2060764 
0.1916152 
0.1788363 
0.1820793 
0.1745656 
0.1561391 
0.1576151 
0.1746689 
0.1725796 
0.1750340 
0.1754782 
0.1724973 
0.1751352 
0.1857393 
0.1841424 
0.1675707 
0.1634655 
0.1692519 
0.1611100 
0.1720844 
0.1874282 
0.2029928 
0.2002172 
0.1997680 
0.1944245 
0.1674672 
0.1501263 
0.1329197 
0.1132806 
0.1194064 
0.1314868 
0.1340747 
0.1669864 
0.1863812 
0.1862355 
0.1870716 
0.1874643 
0.1894185 
0.1837008 
0.1815922 
0.1863214 
0.1767239 
0.1681449 
0.1748565 
0.1964527 
0.1977210 
0.1992139 
0.1895910 
0.1800335 
0.1899705 
0.1944393 
0.1672197 
0.1514481 
0.1497324 
0.1532933 
0.1385332 
0.1399362 
0.1692888 
0.1647683 
0.1509522 
0.1506395 
0.1593284 
0.1566783 
0.1495906 
0.1593911 
0.1279305 
0.1327355 
0.1470853 
0.1585858 
0.1587743 
0.1575824 
0.1431442 
0.1306922 
0.1258396 
0.1321459 
0.1230295 
0.1319453 
0.1214993 
0.1231323 
0.1262784 
0.1332880 
0.1404526 
0.1517483 
0.1541228 
0.1454142 
0.1448872 
0.1462978 
0.1403934 
0.0910777 
0.0664114 
0.0589969 
0.0573707 
0.0644420 
0.0837508 
0.1073909 
0.1099072 
0.0960682 
0.0922823 
0.0818966 
0.0738528 
0.0715162 
0.0647369 
0.0656695 
0.0719617 
0.0804097 
0.0907294 
0.0985730 
0.1045697 
0.1016848 
0.1381213 
0.1507688 
0.1536349 
0.1450630 
0.1537905 
0.1404829 
0.1152926 
0.0874728 
0.0795218 
0.0942401 
0.1053642 
0.1130830 
0.1214619 
0.1196720 
0.1135884 
0.0846710 
0.0605199 
0.0647010 
0.0629674 
0.0666364 
0.0767005 
0.1064628 
0.1315286 
0.1403598 
0.1309328 
0.1334591 
0.0888848 
0.0499390 
0.0172700 
0.0000000 
0.0158626 
0.0259550 
0.0505934 
0.0949857 
0.1250715 
0.1316543 
0.1287369 
0.0759022 
