0.0000350 
-0.0001956 
0.0001401 
0.2565229 
-0.0965085 
0.4035792 
0.9382203 
0.9396423 
0.9401976 
0.9405150 
0.9380775 
0.9272389 
0.9283057 
0.9319356 
0.9277585 
0.9279259 
0.9399082 
0.9304065 
0.9267176 
0.9254916 
0.9370075 
0.9314226 
0.9401137 
0.9416687 
0.9457509 
0.9511710 
0.9634998 
0.9591398 
0.9557110 
0.9565733 
0.9560712 
0.9506954 
0.9401992 
0.9396025 
0.9427397 
0.9619695 
0.9755919 
0.9826360 
0.9782142 
0.9685559 
0.9601562 
0.9746122 
0.9865750 
0.9935650 
1.0000000 
0.9919580 
0.9707649 
0.9557736 
0.9560414 
0.9706800 
0.9837431 
0.9772998 
0.9621060 
0.9560996 
0.9558017 
0.9580916 
0.9625843 
0.9704252 
0.9599728 
0.9497512 
0.9423423 
0.9515465 
0.9567252 
0.9588806 
0.9647567 
0.9536509 
0.9362447 
0.9323371 
0.9334421 
0.9367771 
0.9502541 
0.9485394 
0.9136914 
0.8917210 
0.9025618 
0.9265840 
0.9345476 
0.9417908 
0.9491571 
0.9160424 
0.8994506 
0.9021266 
0.9090012 
0.9204936 
0.9437769 
0.9482079 
0.8902661 
0.8618650 
0.8810478 
0.9010802 
0.9226405 
0.9526715 
0.9560369 
0.9100899 
0.8885803 
0.8734687 
0.8684241 
0.8862848 
0.9379824 
0.9541097 
0.9131423 
0.8733269 
0.8619606 
0.8767892 
0.9057697 
0.9443724 
0.9523924 
0.9200079 
0.8872300 
0.8773945 
0.8722413 
0.8792238 
0.8985417 
0.9163460 
0.9075173 
0.8788223 
0.8738561 
0.8742350 
0.8721187 
0.8815615 
0.8970542 
0.8942545 
0.8779771 
0.8633941 
0.8639225 
0.8751543 
0.8886096 
0.8946162 
0.8875897 
0.8796294 
0.8782746 
0.8877024 
0.8909596 
0.8890442 
0.8922907 
0.8932602 
0.8970702 
0.9001065 
0.8873352 
0.8946213 
0.8947709 
0.8938945 
0.8924022 
0.8817548 
0.8743602 
0.8702936 
0.8709052 
0.8721612 
0.8805507 
0.8852460 
0.8876519 
0.8832406 
0.8841695 
0.8748590 
0.8813258 
0.8907809 
0.9027589 
0.9072687 
0.9120334 
0.9101898 
0.8929175 
0.8816921 
0.8696817 
0.8789928 
0.8806446 
0.8918340 
0.8906140 
0.8918615 
0.8911085 
0.8821788 
0.8890804 
0.8871384 
0.8939878 
0.8936192 
0.9000247 
0.8951073 
0.8956812 
0.8874142 
0.8876464 
0.8851911 
0.8886856 
0.8949586 
0.8920788 
0.8893526 
0.8958327 
0.8926146 
0.9012854 
0.9028487 
0.8936247 
0.8966785 
0.8875663 
0.8873567 
0.8818611 
0.8884902 
0.8914759 
0.8961499 
0.8949447 
0.8858268 
0.8876441 
0.8871249 
0.8842139 
0.8732513 
0.8773421 
0.8907351 
0.8860076 
0.8926906 
0.8911302 
0.8937368 
0.8989661 
0.8992897 
0.8978088 
0.8879144 
0.8904453 
0.8851085 
0.8803409 
0.8784704 
0.8778979 
0.8857264 
0.8876368 
0.8967681 
0.9091341 
0.9122756 
0.9139431 
0.9027862 
0.9091362 
0.9067689 
0.9050107 
0.8996777 
0.9015192 
0.9075571 
0.9025041 
0.8916780 
0.8919640 
0.8936402 
0.8890705 
0.8834114 
0.8848399 
0.8908765 
0.8996001 
0.9022927 
0.9041231 
0.9016697 
0.8979388 
0.8929338 
0.8855764 
0.8881099 
0.8917951 
0.8890749 
0.8782030 
0.8744602 
0.8809001 
0.8733388 
0.8577238 
0.8654260 
0.8812425 
0.8764725 
0.8808326 
0.8856659 
0.8903299 
0.8813056 
0.8951382 
0.9029912 
0.8887106 
0.8738936 
0.8788819 
0.8794447 
0.8657881 
0.8732126 
0.8865460 
0.8762502 
0.8685540 
0.8851606 
0.8889240 
0.8776473 
0.8646181 
0.8748509 
0.8888041 
0.8705550 
0.8758355 
0.8849586 
0.8818596 
0.8692755 
0.8803272 
0.8863426 
0.8698688 
0.8624054 
0.8762929 
0.8680713 
0.8513055 
0.8604596 
0.8776801 
0.8698927 
0.8584403 
0.8618973 
0.8657569 
0.8706391 
0.8672725 
0.8764016 
0.8710072 
0.8656321 
0.8712767 
0.8777181 
0.8758189 
0.8666439 
0.8643024 
0.8723573 
0.8730151 
0.8567714 
0.8640760 
0.8724881 
0.8749086 
0.8769660 
0.8678411 
0.8576378 
0.8610041 
0.8624093 
0.8716771 
0.8722498 
0.8687678 
0.8678164 
0.8704855 
0.8757649 
0.8764626 
0.8682198 
0.8704654 
0.8634121 
0.8676085 
0.8682452 
0.8698427 
0.8782929 
0.8700837 
0.8853447 
0.8901878 
0.8788504 
0.8742455 
0.8691577 
0.8676878 
0.8569193 
0.8607830 
0.8552172 
0.8570184 
0.8678852 
0.8609888 
0.8676664 
0.8643526 
0.8558921 
0.8535363 
0.8447575 
0.8415359 
0.8461739 
0.8382505 
0.8471908 
0.8502181 
0.8607621 
0.8610427 
0.8539199 
0.8506583 
0.8562441 
0.8643774 
0.8567253 
0.8486178 
0.8454052 
0.8433631 
0.8397532 
0.8438337 
0.8524016 
0.8591599 
0.8673733 
0.8570843 
0.8582216 
0.8529765 
0.8389229 
0.8425294 
0.8461187 
0.8471030 
0.8499418 
0.8450876 
0.8458334 
0.8578351 
0.8589950 
0.8500932 
0.8503538 
0.8458201 
0.8507749 
0.8523091 
0.8462792 
0.8472130 
0.8504446 
0.8552593 
0.8570498 
0.8531519 
0.8585587 
0.8532154 
0.8547615 
0.8669437 
0.8687658 
0.8672138 
0.8551645 
0.8528800 
0.8519423 
0.8516544 
0.8526239 
0.8518709 
0.8518109 
0.8388101 
0.8425167 
0.8462467 
0.8530797 
0.8619454 
0.8680230 
0.8643021 
0.8610678 
0.8586564 
0.8522041 
0.8528370 
0.8565167 
0.8579610 
0.8607095 
0.8597780 
0.8564495 
0.8544959 
0.8535761 
0.8508130 
0.8521065 
0.8487403 
0.8477519 
0.8528224 
0.8528282 
0.8507797 
0.8426442 
0.8475301 
0.8584066 
0.8616183 
0.8626870 
0.8606597 
0.8536420 
0.8491992 
0.8512087 
0.8551695 
0.8617122 
0.8732217 
0.8659796 
0.8587587 
0.8434927 
0.8391669 
0.8330732 
0.8315410 
0.8305663 
0.8426499 
0.8482731 
0.8365102 
0.8213722 
0.8133973 
0.8239154 
0.8412022 
0.8546321 
0.8682526 
0.8615978 
0.8499698 
0.8491149 
0.8421289 
0.8441798 
0.8326055 
0.8538769 
0.8580194 
0.8456446 
0.8334195 
0.8306125 
0.8262533 
0.8305110 
0.8423662 
0.8497947 
0.8195574 
0.7886978 
0.8049767 
0.8163006 
0.8332105 
0.8437766 
0.8649809 
0.8608017 
0.8349146 
0.8134967 
0.8130163 
0.8258268 
0.8369346 
0.8492551 
0.8638094 
0.8428813 
0.7951507 
0.7856481 
0.7908495 
0.8142801 
0.8320856 
0.8613566 
0.8742120 
0.8486091 
0.8042850 
0.7909919 
0.7878326 
0.7980236 
0.8236120 
0.8690362 
0.8852843 
0.8511571 
0.8265924 
0.8117568 
0.8018625 
0.8070217 
0.8379720 
0.8710880 
0.8736909 
0.8490617 
0.8246515 
0.8132357 
0.8118710 
0.8158791 
0.8377440 
0.8570816 
0.8588872 
0.8445306 
0.8286137 
0.8166149 
0.8171746 
0.8187647 
0.8217302 
0.8213368 
0.8189684 
0.8147801 
0.8091814 
0.7963531 
0.7967244 
0.8027788 
0.8175462 
0.8261624 
0.8230600 
0.8114007 
0.8090519 
0.8072986 
0.8138720 
0.8145336 
0.8146997 
0.8117658 
0.8104046 
0.8044221 
0.8115895 
0.8117620 
0.8070715 
0.8088814 
0.8121663 
0.8215992 
0.8199486 
0.8116127 
0.8063208 
0.8039204 
0.8064607 
0.8085781 
0.8088197 
0.8061867 
0.8064322 
0.8009340 
0.7989579 
0.7999057 
0.7951022 
0.7978112 
0.7964274 
0.8070942 
0.8120049 
0.8144607 
0.8063893 
0.8014474 
0.8062306 
0.8063441 
0.8053201 
0.8072293 
0.8103249 
0.8083887 
0.8077398 
0.8025981 
0.8007193 
0.7971161 
0.8047118 
0.8096124 
0.8059232 
0.8039474 
0.7971902 
0.8062793 
0.8072381 
0.8050442 
0.8047616 
0.8041212 
0.7992219 
0.7984959 
0.7992786 
0.7980718 
0.7967711 
0.7992251 
0.7961422 
0.7945851 
0.7910877 
0.7862449 
0.7850268 
0.7831510 
0.7778835 
0.7791481 
0.7744482 
0.7833968 
0.7794813 
0.7797286 
0.7844662 
0.7807139 
0.7708536 
0.7674232 
0.7532398 
0.7548072 
0.7592668 
0.7676676 
0.7818842 
0.7783554 
0.7707957 
0.7592833 
0.7577407 
0.7643860 
0.7659826 
0.7707171 
0.7724701 
0.7788168 
0.7924740 
0.7951532 
0.7845367 
0.7833460 
0.7768348 
0.7778738 
0.7902092 
0.7748987 
0.7698772 
0.7675932 
0.7720453 
0.7797690 
0.7760339 
0.7684821 
0.7670411 
0.7659932 
0.7747080 
0.7687903 
0.7685886 
0.7785594 
0.7777966 
0.7691199 
0.7623024 
0.7577874 
0.7666476 
0.7656542 
0.7650228 
0.7618926 
0.7636248 
0.7675445 
0.7700151 
0.7745344 
0.7761130 
0.7776732 
0.7774373 
0.7767266 
0.7797039 
0.7817681 
0.7704375 
0.7592866 
0.7544037 
0.7548416 
0.7658227 
0.7607381 
0.7618280 
0.7578700 
0.7603708 
0.7663006 
0.7604801 
0.7561780 
0.7517489 
0.7475266 
0.7393453 
0.7415357 
0.7438808 
0.7438867 
0.7316377 
0.7338229 
0.7349213 
0.7373642 
0.7332937 
0.7295025 
0.7408403 
0.7349796 
0.7384114 
0.7381255 
0.7376858 
0.7334662 
0.7247150 
0.7299890 
0.7421386 
0.7356715 
0.7357146 
0.7407121 
0.7598900 
0.7592696 
0.7560013 
0.7579451 
0.7672919 
0.7664693 
0.7557038 
0.7580311 
0.7709503 
0.7653681 
0.7595375 
0.7559606 
0.7705067 
0.7738034 
0.7639605 
0.7629651 
0.7664768 
0.7677468 
0.7545120 
0.7565964 
0.7734132 
0.7670747 
0.7579245 
0.7599261 
0.7772230 
0.7776782 
0.7591153 
0.7598695 
0.7625023 
0.7601180 
0.7529559 
0.7488000 
0.7547818 
0.7501420 
0.7441521 
0.7381389 
0.7431174 
0.7427158 
0.7292096 
0.7262362 
0.7340381 
0.7417898 
0.7342396 
0.7341183 
0.7378475 
0.7466790 
0.7610459 
0.7511901 
0.7494562 
0.7459198 
0.7384406 
0.7318049 
0.7271545 
0.7298634 
0.7283376 
0.7281232 
0.7320656 
0.7369231 
0.7399767 
0.7371970 
0.7369882 
0.7358243 
0.7314807 
0.7356963 
0.7330652 
0.7342775 
0.7372824 
0.7407034 
0.7490278 
0.7579196 
0.7528878 
0.7504019 
0.7498746 
0.7515959 
0.7469363 
0.7412097 
0.7417224 
0.7392169 
0.7407072 
0.7442215 
0.7373898 
0.7320643 
0.7382425 
0.7355787 
0.7381347 
0.7450366 
0.7435303 
0.7389318 
0.7375003 
0.7345273 
0.7430057 
0.7487862 
0.7436500 
0.7474157 
0.7458413 
0.7447608 
0.7555586 
0.7465492 
0.7393091 
0.7457884 
0.7481634 
0.7444779 
0.7443628 
0.7292434 
0.7402668 
0.7422159 
0.7456486 
0.7475212 
0.7359974 
0.7321056 
0.7334267 
0.7249193 
0.7271525 
0.7276336 
0.7287099 
0.7325346 
0.7398331 
0.7387423 
0.7361504 
0.7393590 
0.7343440 
0.7362757 
0.7415121 
0.7445702 
0.7451684 
0.7375619 
0.7430764 
0.7411860 
0.7489927 
0.7506511 
0.7499561 
0.7500065 
0.7403219 
0.7411917 
0.7443022 
0.7428353 
0.7463869 
0.7505187 
0.7496579 
0.7461465 
0.7388322 
0.7443106 
0.7493994 
0.7499783 
0.7386638 
0.7387703 
0.7380681 
0.7398580 
0.7441692 
0.7368258 
0.7419504 
0.7354546 
0.7388986 
0.7375546 
0.7320354 
0.7355748 
0.7279659 
0.7296064 
0.7351185 
0.7359314 
0.7397974 
0.7394471 
0.7356125 
0.7305796 
0.7321639 
0.7311831 
0.7262211 
0.7239475 
0.7224534 
0.7229094 
0.7166556 
0.7220348 
0.7195263 
0.7209260 
0.7321088 
0.7269043 
0.7312814 
0.7240759 
0.7294689 
0.7337851 
0.7331793 
0.7263409 
0.7171381 
0.7154638 
0.7131941 
0.7037342 
0.7084443 
0.7007606 
0.7129397 
0.7115966 
0.7135559 
0.7116201 
0.7075075 
0.7130499 
0.7140043 
0.7159866 
0.7099238 
0.7116986 
0.7146874 
0.7236494 
0.7211469 
0.7238036 
0.7238744 
0.7263050 
0.7253310 
0.7214092 
0.7265833 
0.7181805 
0.7115659 
0.7067268 
0.7168505 
0.7190955 
0.7167142 
0.7126531 
0.7076876 
0.7026068 
0.7033980 
0.7052606 
0.7062413 
0.7172801 
0.7228346 
0.7245438 
0.7294271 
0.7327256 
0.7304315 
0.7268218 
0.7182559 
0.7201187 
0.7246297 
0.7334766 
0.7309499 
0.7145261 
0.6985697 
0.6923611 
0.6780236 
0.6781112 
0.6755256 
0.6863002 
0.6952545 
0.7022669 
0.6955817 
0.6811280 
0.6758742 
0.6789827 
0.6848114 
0.6925240 
0.6994578 
0.7169284 
0.7226773 
0.7128849 
0.7023732 
0.6965921 
0.6950936 
0.6953978 
0.7001718 
0.7242061 
0.7298441 
0.7205844 
0.6978519 
0.6785240 
0.6917574 
0.6827326 
0.6743442 
0.6656457 
0.6794822 
0.6925443 
0.6793936 
0.6719207 
0.6840930 
0.6782146 
0.6960638 
0.7148931 
0.7190798 
0.7438773 
0.7279201 
0.6924166 
0.6916402 
0.7032165 
0.7098088 
0.7225017 
0.7268456 
0.7502913 
0.7559324 
0.7210674 
0.6938908 
0.6837765 
0.6844975 
0.6976599 
0.7148878 
0.7311846 
0.7529161 
0.7342411 
0.6935942 
0.6587152 
0.6439355 
0.6470345 
0.6670501 
0.6941203 
0.7198901 
0.7373756 
0.7182423 
0.6862657 
0.6617219 
0.6575903 
0.6631931 
0.6672678 
0.6869024 
0.7142691 
0.7221832 
0.6990701 
0.6726261 
0.6520247 
0.6416835 
0.6395895 
0.6499198 
0.6750818 
0.6999317 
0.7054579 
0.6912583 
0.6755423 
0.6538784 
0.6422377 
0.6342915 
0.6389011 
0.6644341 
0.6787630 
0.6858619 
0.6854824 
0.6733757 
0.6491101 
0.6458181 
0.6456039 
0.6529474 
0.6688976 
0.6772523 
0.6748733 
0.6709490 
0.6657453 
0.6618234 
0.6493362 
0.6482606 
0.6482669 
0.6510862 
0.6448073 
0.6379462 
0.6368187 
0.6355112 
0.6310070 
0.6304867 
0.6304129 
0.6347528 
0.6380729 
0.6446970 
0.6506297 
0.6560690 
0.6647167 
0.6646707 
0.6668482 
0.6634628 
0.6610325 
0.6669014 
0.6730910 
0.6760369 
0.6786989 
0.6721677 
0.6627769 
0.6588401 
0.6593407 
0.6621767 
0.6603716 
0.6693201 
0.6704733 
0.6759484 
0.6677912 
0.6615050 
0.6621100 
0.6579301 
0.6498519 
0.6546834 
0.6559577 
0.6648534 
0.6763325 
0.6717166 
0.6722102 
0.6723264 
0.6647906 
0.6690838 
0.6674703 
0.6697691 
0.6684243 
0.6660448 
0.6676786 
0.6637705 
0.6608086 
0.6580859 
0.6549642 
0.6580018 
0.6474847 
0.6433444 
0.6470703 
0.6428747 
0.6445913 
0.6461972 
0.6524986 
0.6579120 
0.6576903 
0.6587081 
0.6585815 
0.6521637 
0.6541278 
0.6438313 
0.6370395 
0.6396392 
0.6343899 
0.6277134 
0.6332453 
0.6392336 
0.6397465 
0.6400256 
0.6292808 
0.6237886 
0.6258455 
0.6244769 
0.6282922 
0.6240829 
0.6206130 
0.6232013 
0.6294866 
0.6337017 
0.6341499 
0.6230576 
0.6091415 
0.6090554 
0.6156383 
0.6182377 
0.6236280 
0.6286714 
0.6306294 
0.6362325 
0.6404725 
0.6363743 
0.6397181 
0.6364544 
0.6288257 
0.6291848 
0.6331162 
0.6484996 
0.6544558 
0.6610109 
0.6619187 
0.6598773 
0.6551411 
0.6567075 
0.6689608 
0.6584675 
0.6548886 
0.6572405 
0.6510614 
0.6534053 
0.6547975 
0.6462471 
0.6567342 
0.6613336 
0.6532620 
0.6550757 
0.6508369 
0.6402578 
0.6418869 
0.6456971 
0.6389904 
0.6453332 
0.6417555 
0.6347813 
0.6331930 
0.6351058 
0.6393081 
0.6450869 
0.6446455 
0.6394092 
0.6377135 
0.6411745 
0.6409706 
0.6471133 
0.6418746 
0.6366829 
0.6381060 
0.6445668 
0.6316934 
0.6350603 
0.6314957 
0.6325409 
0.6383992 
0.6387276 
0.6273677 
0.6242222 
0.6269268 
0.6243464 
0.6272526 
0.6531906 
0.6622909 
0.6672170 
0.6628172 
0.6544082 
0.6374174 
0.6337461 
0.6305961 
0.6232852 
0.6251082 
0.6229915 
0.6285502 
0.6363634 
0.6323115 
0.6283901 
0.6193873 
0.6136092 
0.6127838 
0.6156338 
0.6144537 
0.6180816 
0.6224547 
0.6242037 
0.6239801 
0.6151823 
0.6086519 
0.6124782 
0.6138246 
0.6092373 
0.6152982 
0.6222850 
0.6301833 
0.6314491 
0.6327153 
0.6228771 
0.6187153 
0.6230717 
0.6200897 
0.6095940 
0.6014813 
0.6101656 
0.6127507 
0.6056742 
0.6037862 
0.6030095 
0.6117860 
0.6018952 
0.5935728 
0.6003962 
0.6112406 
0.6192293 
0.6171837 
0.6067490 
0.6036442 
0.6018336 
0.5892718 
0.5834405 
0.5786419 
0.5807661 
0.5873094 
0.5845337 
0.5830189 
0.5839617 
0.5861356 
0.5937469 
0.5809549 
0.5659621 
0.5677465 
0.5792977 
0.5785348 
0.5699159 
0.5739223 
0.5747948 
0.5765086 
0.5774125 
0.5772639 
0.5851517 
0.5916295 
0.5854998 
0.5765991 
0.5664045 
0.5715416 
0.5870871 
0.5799994 
0.5760522 
0.5830878 
0.5940526 
0.5892438 
0.5708586 
0.5638017 
0.5683758 
0.5804906 
0.5728162 
0.5654859 
0.5610790 
0.5729306 
0.5757864 
0.5708130 
0.5605486 
0.5596203 
0.5670605 
0.5726526 
0.5689744 
0.5724323 
0.5835882 
0.5930293 
0.5847588 
0.5734359 
0.5657384 
0.5670098 
0.5617756 
0.5562210 
0.5493463 
0.5539659 
0.5566773 
0.5596016 
0.5634950 
0.5567605 
0.5583343 
0.5629799 
0.5702586 
0.5705455 
0.5700483 
0.5765887 
0.5684095 
0.5600046 
0.5479809 
0.5508044 
0.5564631 
0.5598568 
0.5648673 
0.5598068 
0.5478292 
0.5485132 
0.5522294 
0.5550748 
0.5635334 
0.5654078 
0.5614099 
0.5579562 
0.5516625 
0.5500128 
0.5536730 
0.5596492 
0.5549052 
0.5586254 
0.5600906 
0.5626276 
0.5558544 
0.5503907 
0.5488337 
0.5470488 
0.5408489 
0.5403721 
0.5401564 
0.5436335 
0.5432402 
0.5410643 
0.5385961 
0.5385848 
0.5303373 
0.5382917 
0.5441754 
0.5447136 
0.5493779 
0.5563649 
0.5531871 
0.5451702 
0.5396919 
0.5360567 
0.5348669 
0.5381416 
0.5384228 
0.5405695 
0.5421195 
0.5379018 
0.5428522 
0.5528608 
0.5590008 
0.5488685 
0.5577956 
0.5487307 
0.5537746 
0.5689526 
0.5718939 
0.5695352 
0.5610050 
0.5551778 
0.5439317 
0.5539144 
0.5560799 
0.5480486 
0.5527481 
0.5483971 
0.5389429 
0.5340911 
0.5456628 
0.5517526 
0.5551992 
0.5639187 
0.5615213 
0.5585775 
0.5635471 
0.5695513 
0.5768861 
0.5854785 
0.5865367 
0.5908922 
0.5905824 
0.5834915 
0.5763534 
0.5725713 
0.5651595 
0.5632413 
0.5661863 
0.5616811 
0.5517063 
0.5545917 
0.5583319 
0.5530506 
0.5534741 
0.5634326 
0.5666347 
0.5640372 
0.5676792 
0.5721078 
0.5653824 
0.5698527 
0.5732790 
0.5670495 
0.5642187 
0.5570850 
0.5502116 
0.5471621 
0.5471434 
0.5514085 
0.5571700 
0.5560505 
0.5559025 
0.5532791 
0.5514692 
0.5399312 
0.5427688 
0.5504287 
0.5560218 
0.5574995 
0.5518559 
0.5467960 
0.5373150 
0.5397604 
0.5431471 
0.5493782 
0.5486482 
0.5495471 
0.5453409 
0.5397699 
0.5369954 
0.5431701 
0.5453879 
0.5439631 
0.5494166 
0.5599825 
0.5588203 
0.5610483 
0.5587480 
0.5517277 
0.5494943 
0.5439859 
0.5399477 
0.5472844 
0.5512360 
0.5410709 
0.5433306 
0.5446996 
0.5511942 
0.5509985 
0.5480879 
0.5408620 
0.5380989 
0.5371622 
0.5317843 
0.5232670 
0.5303903 
0.5241629 
0.5300627 
0.5343096 
0.5430131 
0.5506565 
0.5504283 
0.5591780 
0.5608567 
0.5557665 
0.5436672 
0.5334404 
0.5331162 
0.5303828 
0.5318731 
0.5447563 
0.5423207 
0.5421988 
0.5427557 
0.5429313 
0.5357841 
0.5289784 
0.5191430 
0.5099930 
0.5075637 
0.5076508 
0.5159580 
0.5241182 
0.5249756 
0.5277900 
0.5291512 
0.5382095 
0.5359776 
0.5317555 
0.5279913 
0.5247068 
0.5244255 
0.5181838 
0.5206687 
0.5194310 
0.5174977 
0.5281357 
0.5336438 
0.5322177 
0.5272221 
0.5212968 
0.5129600 
0.5157212 
0.5127989 
0.5115419 
0.5103844 
0.5099058 
0.5183857 
0.5235742 
0.5291939 
0.5325535 
0.5377608 
0.5486619 
0.5558296 
0.5518965 
0.5450433 
0.5353084 
0.5288516 
0.5304983 
0.5326359 
0.5297274 
0.5287666 
0.5334772 
0.5432846 
0.5405616 
0.5393804 
0.5166370 
0.5130759 
0.5075808 
0.5106760 
0.5127083 
0.5098391 
0.5062441 
0.5142532 
0.5253576 
0.5266971 
0.5181887 
0.5049413 
0.5009246 
0.5084313 
0.5117682 
0.5210797 
0.5290034 
0.5304713 
0.5324736 
0.5231804 
0.5129093 
0.5029287 
0.5005813 
0.4979704 
0.5040651 
0.5079017 
0.5091053 
0.5069731 
0.5002136 
0.4869200 
0.4802002 
0.4800721 
0.4748120 
0.4730586 
0.4737144 
0.4828952 
0.4947884 
0.4915384 
0.4792364 
0.4689322 
0.4632603 
0.4731439 
0.4914674 
0.5002114 
0.5104524 
0.5303173 
0.5380089 
0.5219756 
0.4997282 
0.4835852 
0.4900880 
0.4946120 
0.4998277 
0.5085222 
0.5027183 
0.5177900 
0.5296168 
0.5116778 
0.4793067 
0.4577701 
0.4720476 
0.4843499 
0.4902567 
0.5020290 
0.5089337 
0.5353347 
0.5451827 
0.5171249 
0.4713939 
0.4628304 
0.4598950 
0.4592732 
0.4713654 
0.4845872 
0.4992686 
0.5301109 
0.5449809 
0.5219878 
0.4837616 
0.4614323 
0.4560414 
0.4542222 
0.4664765 
0.4760989 
0.4962099 
0.5313857 
0.5454851 
0.5187296 
0.4847470 
0.4575714 
0.4526178 
0.4604044 
0.4650466 
0.4802873 
0.5015954 
0.5323275 
0.5439957 
0.5331299 
0.4998640 
0.4732717 
0.4686560 
0.4646545 
0.4596388 
0.4656409 
0.4770856 
0.4996792 
0.5231498 
0.5250401 
0.5112845 
0.4978538 
0.4862618 
0.4799613 
0.4796574 
0.4815806 
0.4864436 
0.5010503 
0.5047616 
0.5072058 
0.5054940 
0.4896309 
0.4791755 
0.4713667 
0.4761155 
0.4786631 
0.4781526 
0.4885723 
0.5007257 
0.5042986 
0.4987229 
0.4885166 
0.4774841 
0.4730676 
0.4777802 
0.4842051 
0.4894844 
0.4970678 
0.5041369 
0.5071123 
0.5026932 
0.4973887 
0.4918588 
0.4950063 
0.4995585 
0.5112590 
0.5179284 
0.5230437 
0.5268633 
0.5295312 
0.5228630 
0.5210350 
0.5139505 
0.5101874 
0.5072904 
0.5030197 
0.5000420 
0.4978550 
0.5025662 
0.5070735 
0.5089659 
0.5038608 
0.4990154 
0.4929690 
0.4859620 
0.4845455 
0.4849277 
0.4864036 
0.4865586 
0.4941978 
0.4954521 
0.5021602 
0.5026683 
0.5022134 
0.5007504 
0.4917348 
0.4845036 
0.4807762 
0.4879639 
0.4972573 
0.5195367 
0.5235719 
0.5284891 
0.5253580 
0.5184070 
0.5111937 
0.4890895 
0.4570612 
0.4567729 
0.4599995 
0.4659583 
0.4736598 
0.4787083 
0.4748191 
0.4722500 
0.4677055 
0.4632643 
0.4632250 
0.4574650 
0.4561229 
0.4601970 
0.4670035 
0.4781622 
0.4808578 
0.4814704 
0.4815798 
0.4776801 
0.4741224 
0.4704065 
0.4684917 
0.4689272 
0.4647403 
0.4643947 
0.4687004 
0.4754474 
0.4729971 
0.4713647 
0.4688968 
0.4630148 
0.4658077 
0.4690010 
0.4750663 
0.4759981 
0.4664042 
0.4643440 
0.4651015 
0.4628821 
0.4613311 
0.4554917 
0.4604726 
0.4593098 
0.4573672 
0.4560931 
0.4517532 
0.4512605 
0.4570796 
0.4582810 
0.4627349 
0.4629026 
0.4652782 
0.4597439 
0.4536060 
0.4533889 
0.4432029 
0.4517603 
0.4560094 
0.4587314 
0.4608474 
0.4636082 
0.4597440 
0.4590662 
0.4525756 
0.4488983 
0.4446523 
0.4510730 
0.4529134 
0.4502535 
0.4604295 
0.4623298 
0.4448300 
0.4409325 
0.4463766 
0.4491183 
0.4515179 
0.4581610 
0.4488789 
0.4393418 
0.4420092 
0.4454450 
0.4435195 
0.4498786 
0.4493400 
0.4422185 
0.4484267 
0.4434324 
0.4419240 
0.4468132 
0.4470443 
0.4496435 
0.4528156 
0.4474477 
0.4451635 
0.4482841 
0.4530372 
0.4542179 
0.4462481 
0.4346189 
0.4311497 
0.4385032 
0.4410878 
0.4439758 
0.4531723 
0.4537947 
0.4500748 
0.4468229 
0.4428829 
0.4411168 
0.4466362 
0.4385995 
0.4370661 
0.4364686 
0.4346939 
0.4308850 
0.4292661 
0.4326731 
0.4285695 
0.4400899 
0.4364000 
0.4345251 
0.4373905 
0.4337817 
0.4344752 
0.4394546 
0.4366601 
0.4388307 
0.4362833 
0.4267232 
0.4224577 
0.4271888 
0.4206994 
0.4129433 
0.4188988 
0.4151724 
0.4148926 
0.4156021 
0.4274183 
0.4317067 
0.4197757 
0.4204023 
0.4187261 
0.4137602 
0.4194880 
0.4244917 
0.4261113 
0.4264460 
0.4302221 
0.4264619 
0.4186948 
0.4224477 
0.4228430 
0.4185259 
0.4173713 
0.4236936 
0.4170001 
0.4119335 
0.4058631 
0.4044761 
0.3985032 
0.3938079 
0.3993933 
0.4105601 
0.4125469 
0.4160959 
0.4158451 
0.4169952 
0.4157854 
0.4152391 
0.4144508 
0.4065303 
0.3976455 
0.4017699 
0.4045641 
0.4052283 
0.3990321 
0.4000777 
0.3937901 
0.3911268 
0.3983974 
0.4047926 
0.4052804 
0.3995314 
0.3945334 
0.3928243 
0.3919243 
0.3935526 
0.3976016 
0.3957762 
0.3991282 
0.3967937 
0.3980009 
0.4003916 
0.3955104 
0.3958508 
0.3963835 
0.3921822 
0.3947532 
0.3920812 
0.3905585 
0.3854537 
0.3893541 
0.3940794 
0.4022663 
0.4039509 
0.4072834 
0.4095165 
0.4060984 
0.4108309 
0.4127589 
0.4128736 
0.4048152 
0.4079846 
0.4007633 
0.4068310 
0.4116684 
0.4192201 
0.4067620 
0.4022852 
0.4090368 
0.4133442 
0.4120935 
0.4163240 
0.4169107 
0.4091896 
0.4073188 
0.4057159 
0.4056646 
0.3998471 
0.4027721 
0.4082118 
0.4133744 
0.4200382 
0.4192208 
0.4149913 
0.4101243 
0.4162239 
0.4218279 
0.4275120 
0.4197970 
0.4088815 
0.4050032 
0.4070190 
0.4053356 
0.3962081 
0.3896689 
0.3849276 
0.3910568 
0.4056631 
0.4054693 
0.3995579 
0.3922287 
0.3949261 
0.3948513 
0.3885987 
0.3787051 
0.3752108 
0.3770398 
0.3853188 
0.3917374 
0.3858026 
0.3814223 
0.3835607 
0.3856105 
0.3910790 
0.3871798 
0.3732169 
0.3776506 
0.3901761 
0.4015753 
0.3928567 
0.3899021 
0.3813205 
0.3818962 
0.3900065 
0.3922460 
0.3855406 
0.3737965 
0.3769787 
0.4003494 
0.4036726 
0.3924328 
0.3861026 
0.3820065 
0.3921299 
0.4098385 
0.4078576 
0.3949017 
0.3909819 
0.3974484 
0.4053882 
0.3999408 
0.3932288 
0.3877162 
0.3907913 
0.4078923 
0.4085336 
0.4027323 
0.3861586 
0.3788711 
0.3801985 
0.3887421 
0.3926377 
0.3859175 
0.3742455 
0.3778507 
0.3832179 
0.3899810 
0.3882834 
0.3718250 
0.3625787 
0.3665890 
0.3723796 
0.3737297 
0.3722483 
0.3678278 
0.3744245 
0.3801394 
0.3918025 
0.3930786 
0.3854712 
0.3730041 
0.3698273 
0.3715696 
0.3761879 
0.3757198 
0.3689246 
0.3653190 
0.3647113 
0.3715147 
0.3790209 
0.3817685 
0.3749516 
0.3695931 
0.3741402 
0.3859559 
0.3882904 
0.3914548 
0.3879394 
0.3840914 
0.3899425 
0.3960476 
0.3974719 
0.3956998 
0.3919066 
0.3824053 
0.3786426 
0.3835032 
0.3852462 
0.3855911 
0.3797981 
0.3767416 
0.3722350 
0.3778009 
0.3775148 
0.3812146 
0.3721597 
0.3777495 
0.3767164 
0.3786945 
0.3776710 
0.3812686 
0.3772066 
0.3737036 
0.3719763 
0.3698785 
0.3655901 
0.3624168 
0.3702856 
0.3706863 
0.3687584 
0.3703173 
0.3789948 
0.3750654 
0.3721698 
0.3689900 
0.3694952 
0.3668569 
0.3665772 
0.3662996 
0.3650240 
0.3575158 
0.3499712 
0.3438786 
0.3468269 
0.3470262 
0.3526649 
0.3445276 
0.3415931 
0.3404463 
0.3461590 
0.3492086 
0.3491035 
0.3511712 
0.3579944 
0.3585885 
0.3505323 
0.3471638 
0.3436185 
0.3360065 
0.3361399 
0.3333439 
0.3273908 
0.3183877 
0.3239125 
0.3219738 
0.3190538 
0.3248881 
0.3300279 
0.3360658 
0.3364061 
0.3329694 
0.3280335 
0.3261999 
0.3256150 
0.3275596 
0.3245495 
0.3264753 
0.3312354 
0.3284926 
0.3219124 
0.3231248 
0.3326270 
0.3339983 
0.3298532 
0.3323454 
0.3291440 
0.3315715 
0.3305928 
0.3361689 
0.3399401 
0.3334758 
0.3364613 
0.3370970 
0.3395694 
0.3357171 
0.3403999 
0.3373287 
0.3347143 
0.3252519 
0.3274507 
0.3363642 
0.3333736 
0.3287768 
0.3331218 
0.3365213 
0.3283647 
0.3253610 
0.3295552 
0.3301449 
0.3238795 
0.3245819 
0.3287066 
0.3276400 
0.3252316 
0.3213012 
0.3241704 
0.3224244 
0.3168817 
0.3197315 
0.3227062 
0.3243954 
0.3238477 
0.3287001 
0.3312055 
0.3344602 
0.3367552 
0.3371464 
0.3441185 
0.3374010 
0.3184441 
0.3183488 
0.3113135 
0.3185700 
0.3207556 
0.3233911 
0.3260595 
0.3234924 
0.3190773 
0.3167613 
0.3250960 
0.3315458 
0.3307124 
0.3338516 
0.3414352 
0.3370936 
0.3320047 
0.3335242 
0.3366507 
0.3382080 
0.3349789 
0.3321533 
0.3311801 
0.3324763 
0.3368829 
0.3423098 
0.3370831 
0.3277002 
0.3187531 
0.3213357 
0.3273961 
0.3290435 
0.3264832 
0.3321259 
0.3288077 
0.3289514 
0.3304753 
0.3323701 
0.3280121 
0.3273534 
0.3285101 
0.3235957 
0.3222451 
0.3194616 
0.3197424 
0.3203226 
0.3164280 
0.3162991 
0.3167967 
0.3171012 
0.3176284 
0.3197194 
0.3174994 
0.3148908 
0.3150844 
0.3183029 
0.3257007 
0.3194512 
0.3151169 
0.3203484 
0.3179685 
0.3180582 
0.3253898 
0.3232183 
0.3127797 
0.3131346 
0.3128171 
0.3130552 
0.3120868 
0.3087585 
0.3129629 
0.3174081 
0.3158002 
0.3126363 
0.3163468 
0.3082921 
0.3093637 
0.3060391 
0.3016513 
0.3024266 
0.3015496 
0.3067042 
0.3075199 
0.3054053 
0.3076251 
0.3089064 
0.3092494 
0.3096667 
0.3061934 
0.3072648 
0.3132347 
0.3136059 
0.3095741 
0.3082397 
0.3061528 
0.3025863 
0.3026414 
0.3063117 
0.3068381 
0.3200640 
0.3166550 
0.3141772 
0.3063198 
0.3045011 
0.3061907 
0.3061333 
0.3057571 
0.3071662 
0.3059106 
0.3060620 
0.3015644 
0.2988165 
0.3062060 
0.3104841 
0.3046458 
0.3017454 
0.2986651 
0.2941104 
0.2885755 
0.2900380 
0.2888584 
0.2892051 
0.2893088 
0.2814738 
0.2834404 
0.2876903 
0.2927021 
0.2905921 
0.2949707 
0.2936996 
0.2910818 
0.2949284 
0.2888638 
0.2847849 
0.2864529 
0.2817513 
0.2819937 
0.2838786 
0.2827873 
0.2812267 
0.2849024 
0.2843743 
0.2870058 
0.2887868 
0.2948367 
0.2929364 
0.2890399 
0.2844409 
0.2749600 
0.2696399 
0.2653533 
0.2733314 
0.2791638 
0.2836695 
0.2826214 
0.2837732 
0.2878514 
0.2940555 
0.2952469 
0.2979361 
0.2911040 
0.2921027 
0.2912275 
0.2986608 
0.3103459 
0.3168106 
0.3252020 
0.3214090 
0.3200596 
0.3195370 
0.3235036 
0.3252055 
0.3173707 
0.3073873 
0.2950697 
0.2997109 
0.2985521 
0.3019670 
0.2962394 
0.2935042 
0.2950959 
0.2913438 
0.2888846 
0.2884937 
0.2852064 
0.2797411 
0.2773023 
0.2800613 
0.2796060 
0.2807080 
0.2804052 
0.2754255 
0.2755293 
0.2771931 
0.2831303 
0.2800665 
0.2788525 
0.2809700 
0.2834092 
0.2830281 
0.2796873 
0.2784557 
0.2788907 
0.2716266 
0.2666876 
0.2624354 
0.2665523 
0.2721992 
0.2789396 
0.2840092 
0.2848408 
0.2803271 
0.2768793 
0.2682843 
0.2581766 
0.2459503 
0.2376755 
0.2442265 
0.2551029 
0.2705397 
0.2850443 
0.2920770 
0.2966983 
0.2906791 
0.2801842 
0.2695216 
0.2596648 
0.2525205 
0.2510048 
0.2593851 
0.2683213 
0.2753367 
0.2932302 
0.3028112 
0.3126808 
0.3060771 
0.2953226 
0.2818504 
0.2622575 
0.2505966 
0.2397906 
0.2384352 
0.2531323 
0.2703966 
0.2905381 
0.3102481 
0.3135066 
0.2980964 
0.2684970 
0.2532545 
0.2435316 
0.2424447 
0.2348516 
0.2342494 
0.2393596 
0.2402375 
0.2489804 
0.2598119 
0.2582738 
0.2429294 
0.2229844 
0.2085912 
0.1949424 
0.1783533 
0.1710900 
0.1703803 
0.1820288 
0.2027266 
0.2287354 
0.2473585 
0.2492537 
0.2336124 
0.2117616 
0.2061496 
0.2005815 
0.1970182 
0.1913455 
0.1990319 
0.2042875 
0.2165707 
0.2428528 
0.2604732 
0.2662848 
0.2526326 
0.2257513 
0.2121595 
0.2158913 
0.2271428 
0.2313739 
0.2276895 
0.2271267 
0.2323928 
0.2472165 
0.2698137 
0.2697002 
0.2518758 
0.2310641 
0.2242431 
0.2326233 
0.2268094 
0.2260758 
0.2295206 
0.2336719 
0.2241347 
0.2248736 
0.2444212 
0.2537473 
0.2404048 
0.2210482 
0.2071600 
0.2007824 
0.2032460 
0.2192528 
0.2346450 
0.2468037 
0.2463219 
0.2372232 
0.2306239 
0.2385814 
0.2381888 
0.2216702 
0.2038527 
0.2004721 
0.2010716 
0.1968766 
0.1997085 
0.2141871 
0.2301180 
0.2390580 
0.2400812 
0.2447901 
0.2446576 
0.2419020 
0.2267959 
0.2182111 
0.2239177 
0.2245374 
0.2282171 
0.2345790 
0.2388338 
0.2495937 
0.2519394 
0.2478531 
0.2419011 
0.2337895 
0.2282223 
0.2201554 
0.2164781 
0.2132874 
0.2095613 
0.2238108 
0.2329019 
0.2425577 
0.2575129 
0.2623164 
0.2590999 
0.2449714 
0.2235775 
0.2125824 
0.2080590 
0.2040724 
0.2074006 
0.2097398 
0.2085405 
0.2140759 
0.2231658 
0.2470955 
0.2613482 
0.2589376 
0.2462707 
0.2236130 
0.2059327 
0.1955626 
0.1877236 
0.1941566 
0.1971837 
0.2068037 
0.2170496 
0.2302681 
0.2514423 
0.2630314 
0.2618880 
0.2554399 
0.2382924 
0.2198126 
0.1970295 
0.1887850 
0.1847491 
0.1911486 
0.1994395 
0.2117866 
0.2265147 
0.2437158 
0.2613788 
0.2721833 
0.2689066 
0.2593550 
0.2458227 
0.2291928 
0.2112329 
0.2017335 
0.1976416 
0.2049729 
0.2077333 
0.2204857 
0.2298067 
0.2467574 
0.2510929 
0.2500472 
0.2442323 
0.2418041 
0.2371931 
0.2305268 
0.2202916 
0.2175011 
0.2111636 
0.2041254 
0.2066486 
0.2088569 
0.2185822 
0.2247530 
0.2346836 
0.2481734 
0.2501963 
0.2504511 
0.2474508 
0.2423040 
0.2315671 
0.2186634 
0.2146435 
0.2155864 
0.2146304 
0.2132661 
0.2158827 
0.2191509 
0.2276614 
0.2352780 
0.2438356 
0.2422694 
0.2418286 
0.2405119 
0.2368238 
0.2369186 
0.2283054 
0.2213811 
0.2142196 
0.2178570 
0.2193493 
0.2218493 
0.2260484 
0.2373467 
0.2356292 
0.2303948 
0.2246698 
0.2246327 
0.2215862 
0.2257288 
0.2213994 
0.2300838 
0.2291023 
0.2315404 
0.2197668 
0.2153601 
0.2164533 
0.2056920 
0.2073250 
0.2158621 
0.2149070 
0.2204429 
0.2251415 
0.2286694 
0.2390211 
0.2406009 
0.2212371 
0.2153927 
0.2138724 
0.2146986 
0.2166058 
0.2087865 
0.2094530 
0.2069592 
0.2017143 
0.1938759 
0.1938362 
0.1898296 
0.1965261 
0.1993443 
0.2002521 
0.2065940 
0.2059153 
0.2049605 
0.2022403 
0.1958489 
0.1898891 
0.1885940 
0.1985788 
0.2044219 
0.2073044 
0.2037205 
0.2015320 
0.2019780 
0.1964009 
0.1891335 
0.1987819 
0.2020372 
0.2043343 
0.1974735 
0.1944582 
0.1958267 
0.2002520 
0.2013133 
0.2046357 
0.2026074 
0.1973680 
0.1918914 
0.1922516 
0.2035763 
0.2072477 
0.2038842 
0.2031243 
0.2012907 
0.2016889 
0.2018864 
0.2105007 
0.2137070 
0.2054734 
0.2027309 
0.1999804 
0.2011566 
0.2047478 
0.1985036 
0.2018647 
0.1966764 
0.1981781 
0.2053044 
0.2092066 
0.2117855 
0.2106709 
0.2105536 
0.2005781 
0.2010290 
0.1972154 
0.1943112 
0.1919804 
0.1930405 
0.1896766 
0.1852282 
0.1860723 
0.1880697 
0.1873912 
0.1881991 
0.1829810 
0.1861262 
0.1892903 
0.1872063 
0.1937738 
0.1908433 
0.1912204 
0.1879787 
0.1891429 
0.1897284 
0.1861379 
0.1844728 
0.1878273 
0.1875817 
0.1921833 
0.1915856 
0.1868016 
0.1847444 
0.1832626 
0.1802307 
0.1751761 
0.1747357 
0.1776289 
0.1761664 
0.1814174 
0.1792011 
0.1816975 
0.1839134 
0.1848955 
0.1818994 
0.1733875 
0.1739457 
0.1744371 
0.1758731 
0.1795779 
0.1787358 
0.1728725 
0.1624740 
0.1614863 
0.1530100 
0.1528043 
0.1506543 
0.1460007 
0.1392651 
0.1542878 
0.1693992 
0.1771453 
0.1719265 
0.1726619 
0.1764098 
0.1692529 
0.1710052 
0.1730908 
0.1702494 
0.1667939 
0.1608690 
0.1572481 
0.1528193 
0.1482471 
0.1369009 
0.1375990 
0.1359602 
0.1322422 
0.1352361 
0.1375378 
0.1401108 
0.1465031 
0.1526115 
0.1553791 
0.1517051 
0.1496138 
0.1499361 
0.1517304 
0.1530871 
0.1519281 
0.1513280 
0.1495848 
0.1482477 
0.1502628 
0.1467431 
0.1518013 
0.1512322 
0.1428905 
0.1408947 
0.1422162 
0.1404807 
0.1438222 
0.1392388 
0.1358574 
0.1352486 
0.1412951 
0.1403873 
0.1339942 
0.1417344 
0.1451822 
0.1482093 
0.1465272 
0.1480403 
0.1444562 
0.1402900 
0.1317887 
0.1357291 
0.1384248 
0.1411826 
0.1370183 
0.1342121 
0.1334426 
0.1311450 
0.1351087 
0.1308549 
0.1250749 
0.1297048 
0.1306194 
0.1379419 
0.1396330 
0.1365546 
0.1327116 
0.1328917 
0.1317627 
0.1313135 
0.1349312 
0.1344987 
0.1378906 
0.1367099 
0.1299764 
0.1260220 
0.1388374 
0.1377530 
0.1333216 
0.1286491 
0.1404492 
0.1472562 
0.1441786 
0.1386203 
0.1280456 
0.1304134 
0.1325952 
0.1332055 
0.1261226 
0.1221611 
0.1205185 
0.1243222 
0.1175538 
0.1170134 
0.1190319 
0.1226103 
0.1261262 
0.1238884 
0.1140983 
0.1046161 
0.1128007 
0.1193127 
0.1184828 
0.1137301 
0.1127388 
0.1150734 
0.1195557 
0.1240816 
0.1249711 
0.1293261 
0.1323979 
0.1281912 
0.1288157 
0.1211455 
0.1217802 
0.1307711 
0.1375460 
0.1363346 
0.1345798 
0.1350544 
0.1385297 
0.1363320 
0.1346659 
0.1326494 
0.1319330 
0.1197563 
0.1137556 
0.1100252 
0.1186491 
0.1187606 
0.1200193 
0.1165668 
0.1157510 
0.1224627 
0.1229609 
0.1274353 
0.1241480 
0.1188557 
0.1151435 
0.1161925 
0.1119118 
0.1069904 
0.1063514 
0.1123385 
0.1133918 
0.1214369 
0.1285488 
0.1329843 
0.1312063 
0.1273830 
0.1288916 
0.1342783 
0.1423468 
0.1267887 
0.1300378 
0.1246219 
0.1195690 
0.1205599 
0.1229955 
0.1251518 
0.1251209 
0.1250600 
0.1216857 
0.1239752 
0.1304978 
0.1325985 
0.1267760 
0.1279488 
0.1318866 
0.1283391 
0.1253547 
0.1220021 
0.1198656 
0.1174496 
0.1133607 
0.1087922 
0.1121729 
0.1200959 
0.1268934 
0.1273947 
0.1225627 
0.1219900 
0.1222587 
0.1225849 
0.1209607 
0.1102390 
0.1043692 
0.0978708 
0.0968379 
0.0981745 
0.1021203 
0.1034053 
0.1091524 
0.1091544 
0.1032899 
0.1036603 
0.1035167 
0.0987306 
0.0975612 
0.0946337 
0.1006633 
0.0970923 
0.0949076 
0.0936283 
0.0981137 
0.1030471 
0.1048840 
0.1123686 
0.1148030 
0.1100632 
0.1018074 
0.1009295 
0.0960973 
0.0942532 
0.1042611 
0.1008199 
0.0989546 
0.0935847 
0.0904556 
0.0848414 
0.0843185 
0.0921780 
0.0935902 
0.0936275 
0.0898851 
0.0881758 
0.0960295 
0.0968298 
0.1049387 
0.1083087 
0.1117447 
0.1079579 
0.1080881 
0.1057828 
0.1135371 
0.1138741 
0.1161028 
0.1082570 
0.1084132 
0.1046697 
0.1032445 
0.1025890 
0.1024161 
0.1036965 
0.1040370 
0.1022096 
0.0944836 
0.0955255 
0.0956806 
0.0960220 
0.1020091 
0.1031518 
0.1032396 
0.0970195 
0.0912375 
0.0869165 
0.0870233 
0.0861694 
0.0880843 
0.0886342 
0.0870904 
0.0945107 
0.0928350 
0.0926480 
0.0881639 
0.0898311 
0.0821556 
0.0847306 
0.0905369 
0.0949811 
0.0960263 
0.0984205 
0.1055545 
0.1130000 
0.1131818 
0.1135015 
0.1048611 
0.0944380 
0.0908220 
0.0893516 
0.0922638 
0.0942333 
0.0953597 
0.0882776 
0.0786283 
0.0661740 
0.0620395 
0.0650995 
0.0643535 
0.0663349 
0.0681775 
0.0679552 
0.0645337 
0.0658878 
0.0750202 
0.0880909 
0.0872024 
0.0819172 
0.0787100 
0.0756051 
0.0731137 
0.0724303 
0.0769656 
0.0819326 
0.0785553 
0.0692317 
0.0591373 
0.0502680 
0.0476186 
0.0614272 
0.0718597 
0.0714237 
0.0700596 
0.0605510 
0.0508271 
0.0546404 
0.0605922 
0.0749364 
0.0890363 
0.0863001 
0.0764640 
0.0562590 
0.0464625 
0.0486150 
0.0542829 
0.0686878 
0.0750128 
0.0690118 
0.0628805 
0.0508991 
0.0411502 
0.0447058 
0.0525768 
0.0664498 
0.0740815 
0.0769979 
0.0743399 
0.0688980 
0.0598921 
0.0540474 
0.0564569 
0.0572630 
0.0551110 
0.0533636 
0.0514709 
0.0460707 
0.0504547 
0.0558931 
0.0572296 
0.0586664 
0.0557564 
0.0512275 
0.0444274 
0.0292360 
0.0245935 
0.0247026 
0.0229466 
0.0278579 
0.0300510 
0.0337390 
0.0309883 
0.0312509 
0.0331347 
0.0311274 
0.0375666 
0.0485599 
0.0503363 
0.0524347 
0.0503256 
0.0512403 
0.0511036 
0.0534655 
0.0599875 
0.0549784 
0.0505989 
0.0451394 
0.0399451 
0.0375346 
0.0339892 
0.0321665 
0.0390322 
0.0444270 
0.0479770 
0.0500128 
0.0540634 
0.0543326 
0.0534436 
0.0523451 
0.0516405 
0.0562635 
0.0559589 
0.0583267 
0.0545466 
0.0526756 
0.0467844 
0.0431401 
0.0345507 
0.0351969 
0.0350594 
0.0344858 
0.0352400 
0.0377267 
0.0434811 
0.0413800 
0.0417864 
0.0358754 
0.0344199 
0.0341488 
0.0310263 
0.0304107 
0.0308372 
0.0283068 
0.0391218 
0.0339473 
0.0317457 
0.0317167 
0.0285492 
0.0268860 
0.0238919 
0.0249571 
0.0235456 
0.0224014 
0.0184015 
0.0153812 
0.0160717 
0.0132234 
0.0163196 
0.0226680 
0.0160226 
0.0146629 
0.0137959 
0.0156111 
0.0172263 
0.0203362 
0.0135593 
0.0168144 
0.0101920 
0.0134079 
0.0179467 
0.0227720 
0.0158832 
0.0186889 
0.0240366 
0.0249782 
0.0293416 
0.0249935 
0.0216034 
0.0048732 
0.0019903 
0.0000000 
0.0016856 
0.0062392 
0.0135407 
0.0246841 
0.0219432 
0.0228239 
0.0239057 
0.0279272 
