0.0001352 
0.0000237 
-0.0000464 
0.5152550 
-0.0853658 
-0.0033376 
0.1491554 
0.1529135 
0.1512011 
0.1265783 
0.0878271 
0.0876086 
0.0932525 
0.1226831 
0.0970746 
0.1183139 
0.1371499 
0.1253296 
0.0946940 
0.1172279 
0.0971025 
0.0882191 
0.0945373 
0.0934302 
0.0825960 
0.0637655 
0.0591518 
0.0807592 
0.0783730 
0.0646874 
0.0567578 
0.0746120 
0.0894512 
0.1078118 
0.0997940 
0.1243691 
0.1042302 
0.1103838 
0.1030838 
0.1071798 
0.1112154 
0.1135023 
0.1493233 
0.1341369 
0.1318453 
0.1214749 
0.1130773 
0.1229173 
0.0876088 
0.0897764 
0.0749086 
0.0571176 
0.0622260 
0.0545363 
0.0785237 
0.0905560 
0.0813691 
0.0666286 
0.0573497 
0.0805521 
0.0558347 
0.0400337 
0.0183367 
0.0594420 
0.0531486 
0.0552887 
0.0368847 
0.0341180 
0.0334345 
0.0447613 
0.0450633 
0.0356366 
0.0360062 
0.0309866 
0.0583759 
0.0410256 
0.0508678 
0.0488631 
0.0690479 
0.0000000 
0.0023654 
0.0187540 
0.0370357 
0.0306052 
0.0361292 
0.0389896 
0.0530362 
0.0430777 
0.0195789 
0.0231794 
0.0256288 
0.0611097 
0.0705517 
0.0574177 
0.0670429 
0.0660489 
0.0508158 
0.0676166 
0.0888657 
0.0934215 
0.0870954 
0.0875510 
0.0757806 
0.0995636 
0.0789852 
0.0730574 
0.0883144 
0.0693330 
0.0927229 
0.0912237 
0.0772845 
0.0722179 
0.0893379 
0.0837268 
0.0750071 
0.0716139 
0.0807656 
0.0809577 
0.1060827 
0.1019062 
0.1229266 
0.0884848 
0.0989087 
0.0846220 
0.0688917 
0.0726648 
0.0916931 
0.1016408 
0.1015333 
0.0867996 
0.0809651 
0.0729274 
0.0813673 
0.0583037 
0.0403000 
0.0358233 
0.0481479 
0.0481792 
0.0529264 
0.0308270 
0.0695662 
0.0348924 
0.0492769 
0.0289457 
0.0533523 
0.0634702 
0.0899218 
0.1007529 
0.0815796 
0.0781012 
0.0940231 
0.0810210 
0.0661479 
0.0816238 
0.0871696 
0.1180961 
0.1190469 
0.1157282 
0.1134435 
0.0971297 
0.1065333 
0.0818931 
0.0853836 
0.0800748 
0.0953476 
0.1010048 
0.0722198 
0.1063950 
0.1228431 
0.1310469 
0.1419195 
0.1362746 
0.1237243 
0.1410545 
0.1442018 
0.1496653 
0.1312692 
0.1265160 
0.1529524 
0.1830437 
0.1898131 
0.1810084 
0.0750220 
0.1074875 
0.1373949 
0.1470972 
0.1892146 
0.1878713 
0.1872745 
0.1913783 
0.1753879 
0.1534962 
0.1457085 
0.1399925 
0.1592181 
0.1633737 
0.1572944 
0.1405645 
0.1461359 
0.1158832 
0.1439094 
0.1433191 
0.1466922 
0.1512234 
0.1435996 
0.1440924 
0.1366841 
0.1357277 
0.1399757 
0.1505283 
0.1346239 
0.1471245 
0.1619440 
0.1690784 
0.1673319 
0.1850870 
0.1838021 
0.2138569 
0.2208951 
0.2400642 
0.2732601 
0.2649695 
0.2088490 
0.1879605 
0.1733371 
0.2082385 
0.2241837 
0.2188270 
0.1829130 
0.1704665 
0.1811475 
0.1873752 
0.1585526 
0.1556866 
0.1607888 
0.1533165 
0.1545799 
0.1826728 
0.2013056 
0.2070309 
0.1994745 
0.2264961 
0.2384501 
0.2197916 
0.2093863 
0.2165052 
0.1949768 
0.2043248 
0.2238544 
0.2056474 
0.2115592 
0.2084746 
0.2183549 
0.2168544 
0.2149975 
0.2349320 
0.2206610 
0.2174539 
0.2215052 
0.2168817 
0.2303024 
0.2134811 
0.1896839 
0.2012352 
0.1737647 
0.1676707 
0.1451439 
0.1384206 
0.1332181 
0.1267358 
0.1607879 
0.1316979 
0.0852834 
0.0881737 
0.1346462 
0.1428592 
0.1595093 
0.1617601 
0.1586553 
0.1705591 
0.1879145 
0.2020588 
0.2122606 
0.2312656 
0.2216650 
0.2352829 
0.2259666 
0.2207656 
0.2263726 
0.2186764 
0.2149545 
0.2257431 
0.2325561 
0.2072543 
0.2181734 
0.2141952 
0.2052635 
0.2195707 
0.2328583 
0.2158701 
0.2022182 
0.1982844 
0.1820409 
0.1861861 
0.1587307 
0.1407855 
0.1610601 
0.1798856 
0.1911525 
0.2008279 
0.1646402 
0.1598989 
0.1623592 
0.1705876 
0.2058709 
0.2381386 
0.2451934 
0.2508970 
0.2563035 
0.2629234 
0.2793628 
0.2727868 
0.2967845 
0.2852296 
0.2652931 
0.2903523 
0.2776267 
0.2809026 
0.3011195 
0.2778656 
0.2787605 
0.2974312 
0.2835597 
0.3155592 
0.3198103 
0.3409443 
0.3394731 
0.2879235 
0.2832079 
0.2970684 
0.3225913 
0.3227324 
0.3280939 
0.3485760 
0.3565727 
0.3681733 
0.3463469 
0.3669078 
0.3644859 
0.3771232 
0.3880132 
0.3802367 
0.4187843 
0.4316263 
0.4097872 
0.3753722 
0.3657515 
0.3627376 
0.3620149 
0.3503189 
0.3379081 
0.3337592 
0.3222056 
0.3252332 
0.3233161 
0.3040837 
0.2990339 
0.2635722 
0.2341484 
0.2448742 
0.2457530 
0.2198385 
0.2111941 
0.2516675 
0.2522819 
0.2685504 
0.2659049 
0.2442904 
0.2535681 
0.2710563 
0.2551040 
0.2619595 
0.2716200 
0.2847997 
0.2704865 
0.2589413 
0.2457194 
0.2609629 
0.2663239 
0.2883193 
0.2979357 
0.2911528 
0.2995235 
0.2851150 
0.2858468 
0.2529176 
0.2542637 
0.2460169 
0.2369455 
0.2307538 
0.2331293 
0.1984124 
0.1949450 
0.2116639 
0.2348959 
0.2501883 
0.2600088 
0.2558666 
0.2636633 
0.2969126 
0.2897380 
0.3066981 
0.3507969 
0.3443919 
0.3389203 
0.3492340 
0.2506995 
0.1949048 
0.1763125 
0.1815794 
0.1830091 
0.2106951 
0.2582533 
0.2832353 
0.2598866 
0.2576450 
0.2521403 
0.2455624 
0.2350987 
0.2561887 
0.2554215 
0.2285761 
0.2110338 
0.1886974 
0.2155144 
0.2300332 
0.2447001 
0.2716397 
0.3097768 
0.3227017 
0.3424034 
0.3547322 
0.3657056 
0.3630968 
0.4054513 
0.4498064 
0.4682973 
0.4490666 
0.4430760 
0.4508621 
0.4428932 
0.4169978 
0.4091238 
0.4277573 
0.4072463 
0.4002070 
0.4061590 
0.4259198 
0.4262000 
0.4134235 
0.4310216 
0.4180967 
0.3928779 
0.3969338 
0.3519337 
0.3161534 
0.3269746 
0.3269993 
0.3086199 
0.3215316 
0.3184850 
0.3052688 
0.2902032 
0.2762786 
0.2576258 
0.2446211 
0.2705146 
0.2947633 
0.3319583 
0.3296974 
0.3222144 
0.3391109 
0.3560328 
0.3816244 
0.3951871 
0.4304033 
0.4401162 
0.4623296 
0.4808847 
0.4832074 
0.4715661 
0.4862413 
0.4669181 
0.4492784 
0.4372156 
0.4177491 
0.4099274 
0.4049350 
0.3634219 
0.3564093 
0.3683097 
0.3328345 
0.3488909 
0.3408054 
0.3371731 
0.3048707 
0.3090010 
0.3011809 
0.2975133 
0.3073823 
0.3347044 
0.3639458 
0.3623239 
0.3761718 
0.3898437 
0.3987053 
0.3947611 
0.4327618 
0.4363836 
0.4530155 
0.4804871 
0.4987159 
0.4944684 
0.5108726 
0.5132052 
0.4976370 
0.4777359 
0.4804042 
0.5058610 
0.4988138 
0.4736920 
0.4173868 
0.4151203 
0.4501407 
0.4081277 
0.3981093 
0.4143448 
0.4278068 
0.4436175 
0.4576876 
0.4556564 
0.4342217 
0.4217915 
0.4418655 
0.4699682 
0.4728536 
0.4697298 
0.4996237 
0.5136389 
0.5321128 
0.5104801 
0.4931057 
0.4882903 
0.4768685 
0.4708366 
0.4389403 
0.4462665 
0.4467499 
0.4654392 
0.5331788 
0.5187028 
0.5200926 
0.5102728 
0.5190131 
0.4396139 
0.4142353 
0.4165477 
0.4173675 
0.4336743 
0.4283451 
0.4407599 
0.4310277 
0.3805148 
0.3538165 
0.3716871 
0.3739433 
0.3753109 
0.3755044 
0.3856450 
0.3905983 
0.3742810 
0.3864132 
0.4213461 
0.4178248 
0.4518239 
0.4573407 
0.4522202 
0.4703180 
0.4802457 
0.5093222 
0.5111813 
0.5012942 
0.5088667 
0.5212395 
0.5042217 
0.4937781 
0.4886986 
0.4604395 
0.5170324 
0.4543556 
0.4637799 
0.4568198 
0.4672368 
0.4499485 
0.4203016 
0.4332321 
0.4322543 
0.4234326 
0.4142227 
0.4189843 
0.4046532 
0.4398400 
0.4698996 
0.4111544 
0.3856098 
0.4068857 
0.4023342 
0.4062834 
0.3925057 
0.4090068 
0.3754332 
0.3899640 
0.3886145 
0.4181682 
0.4196557 
0.4316523 
0.4149998 
0.4220224 
0.4058726 
0.4099964 
0.3953003 
0.3831897 
0.4214027 
0.4199877 
0.4070171 
0.4011865 
0.4418303 
0.4715865 
0.5042465 
0.5099821 
0.5439830 
0.5403200 
0.5495005 
0.5547584 
0.5400610 
0.5702880 
0.6050528 
0.6107341 
0.5845887 
0.5780225 
0.6173093 
0.6261440 
0.6293916 
0.5886009 
0.5630879 
0.5293872 
0.5177606 
0.4870859 
0.4798307 
0.4826010 
0.4712064 
0.4738427 
0.4349946 
0.4355366 
0.4021328 
0.4100151 
0.3943577 
0.3978159 
0.4065775 
0.3846750 
0.3957044 
0.3991171 
0.4008864 
0.4159995 
0.4282706 
0.4513436 
0.4378358 
0.4474942 
0.4643307 
0.4819759 
0.4371975 
0.4569521 
0.4825467 
0.4915139 
0.4765407 
0.4954968 
0.4915678 
0.4767593 
0.5127585 
0.5070931 
0.4987108 
0.4726578 
0.4568496 
0.4396763 
0.4044550 
0.3976345 
0.3964626 
0.3690529 
0.3634516 
0.3670066 
0.3635547 
0.3375132 
0.3189201 
0.3229440 
0.3150360 
0.3238490 
0.3138219 
0.3165744 
0.3492715 
0.3622765 
0.3546600 
0.3344476 
0.4127421 
0.4460743 
0.4638863 
0.4766621 
0.4754824 
0.4922687 
0.4665535 
0.4914676 
0.4973386 
0.5137014 
0.5216789 
0.5402942 
0.5422274 
0.5123147 
0.5026969 
0.5114259 
0.4750656 
0.5011170 
0.4824197 
0.4802608 
0.5013807 
0.5061049 
0.4966805 
0.5018305 
0.5080337 
0.4928820 
0.4837115 
0.4917380 
0.4953188 
0.4883791 
0.4820653 
0.4935650 
0.5076353 
0.4585879 
0.4485319 
0.4462231 
0.4533827 
0.4393677 
0.4678263 
0.4707183 
0.4605351 
0.4573485 
0.4655068 
0.4733233 
0.4817784 
0.4352778 
0.4258744 
0.4351827 
0.4241507 
0.4268653 
0.4046608 
0.4118059 
0.4248665 
0.4131232 
0.3838246 
0.4055414 
0.3649053 
0.3689494 
0.3730239 
0.3428915 
0.3557731 
0.3738327 
0.3954214 
0.4546091 
0.4435625 
0.4212238 
0.4490738 
0.4242665 
0.3827587 
0.3825672 
0.4132763 
0.4094778 
0.4366256 
0.4450556 
0.4318731 
0.4061516 
0.4338540 
0.4375863 
0.4554183 
0.4793698 
0.4766123 
0.4971770 
0.4981455 
0.5235262 
0.5623704 
0.5786282 
0.6016541 
0.6124468 
0.5869027 
0.6009863 
0.5715656 
0.5709366 
0.6066710 
0.6009886 
0.6145598 
0.6135957 
0.6024535 
0.5893928 
0.5844105 
0.5537003 
0.5364273 
0.5305884 
0.5173660 
0.5200921 
0.5045345 
0.5044153 
0.4798959 
0.4817026 
0.4669081 
0.4725281 
0.4450577 
0.4411859 
0.4288253 
0.4309402 
0.4051403 
0.3941731 
0.4090772 
0.4106339 
0.4505883 
0.4599101 
0.4776598 
0.4886286 
0.4729945 
0.5067336 
0.5062530 
0.4841655 
0.4903135 
0.5046440 
0.4967034 
0.5482949 
0.5027399 
0.5296313 
0.5323722 
0.5742345 
0.6115733 
0.6149778 
0.5971866 
0.5725186 
0.5749533 
0.5674987 
0.5102267 
0.4906599 
0.5051706 
0.5009395 
0.4679021 
0.4704796 
0.5013750 
0.4754165 
0.4690354 
0.4612418 
0.4461984 
0.4393038 
0.4432023 
0.4528020 
0.4271218 
0.4273582 
0.4368392 
0.4463614 
0.4363548 
0.4496943 
0.4493816 
0.4418894 
0.4326595 
0.4315834 
0.4364764 
0.4350407 
0.4216241 
0.4436257 
0.4412375 
0.4336531 
0.4629033 
0.4645653 
0.4825436 
0.4989747 
0.5369848 
0.5275699 
0.5695200 
0.5365006 
0.5173159 
0.5350160 
0.5336795 
0.5572239 
0.5577579 
0.5542616 
0.5659890 
0.5645342 
0.5922032 
0.5930372 
0.5659674 
0.5804350 
0.5757760 
0.5886416 
0.5900869 
0.6032579 
0.5999470 
0.5992326 
0.6109321 
0.6214229 
0.6024087 
0.6183887 
0.6086983 
0.6150732 
0.6052138 
0.6286637 
0.6412903 
0.6640541 
0.6555791 
0.6709869 
0.6599227 
0.6719346 
0.6686727 
0.6859498 
0.7156827 
0.7166823 
0.7121047 
0.7368038 
0.7202623 
0.6971631 
0.6818792 
0.6769619 
0.6728050 
0.6619762 
0.6484156 
0.6180201 
0.5869482 
0.5845116 
0.5924880 
0.5932727 
0.5829834 
0.6066251 
0.5930883 
0.5850790 
0.5130770 
0.5312263 
0.5659419 
0.5852975 
0.5905076 
0.5827906 
0.5896220 
0.5781022 
0.5790413 
0.5861571 
0.5688315 
0.5722784 
0.5510909 
0.5647496 
0.5528381 
0.5469436 
0.5436941 
0.5619717 
0.5701727 
0.5604051 
0.5600622 
0.6106721 
0.6091438 
0.5780186 
0.5611352 
0.5589511 
0.5372847 
0.5432408 
0.5301173 
0.5665026 
0.5551719 
0.5615635 
0.5656381 
0.5984329 
0.5759305 
0.5795950 
0.5561333 
0.5747507 
0.5800593 
0.5745136 
0.5850703 
0.6062675 
0.6238787 
0.6414493 
0.6609439 
0.6709223 
0.6586996 
0.6368688 
0.6604292 
0.5956543 
0.5892824 
0.5844082 
0.5813944 
0.5552659 
0.5400587 
0.4955108 
0.4902515 
0.4374111 
0.4309210 
0.4594346 
0.4536080 
0.4569624 
0.4702484 
0.5072741 
0.5240773 
0.5545822 
0.6739441 
0.6603879 
0.6443760 
0.6457091 
0.6791576 
0.6721704 
0.6695522 
0.6449497 
0.6133048 
0.6322630 
0.5962725 
0.5812127 
0.6143360 
0.5914756 
0.6029562 
0.5689849 
0.5799284 
0.5464256 
0.5562370 
0.5428771 
0.5486819 
0.5448672 
0.5518318 
0.5940243 
0.5862071 
0.6029252 
0.6052115 
0.6121501 
0.6085528 
0.5991259 
0.6310545 
0.6336190 
0.6302922 
0.6164157 
0.6123737 
0.6249668 
0.6336226 
0.6247328 
0.5982155 
0.5885851 
0.5995142 
0.5724852 
0.5866252 
0.5979093 
0.6091970 
0.6256382 
0.6388176 
0.6568966 
0.6608824 
0.6477723 
0.6410013 
0.6268959 
0.6152190 
0.6180302 
0.6029148 
0.6059387 
0.6350586 
0.6060678 
0.5966994 
0.5893424 
0.6068312 
0.6049720 
0.6159094 
0.5913483 
0.5732239 
0.6009111 
0.6002976 
0.5651103 
0.5523242 
0.5716401 
0.5988376 
0.5911440 
0.5761327 
0.5906375 
0.5910638 
0.5895361 
0.6218659 
0.6388206 
0.6276856 
0.6421919 
0.6557937 
0.6412968 
0.6398948 
0.6359793 
0.6451281 
0.6356959 
0.6458142 
0.6153949 
0.5953903 
0.5914335 
0.6083675 
0.6005225 
0.6316243 
0.6337431 
0.6497236 
0.6518043 
0.6635993 
0.6653118 
0.6602789 
0.6382838 
0.6650621 
0.6380538 
0.6351581 
0.6303705 
0.6040737 
0.5969118 
0.5912703 
0.5807399 
0.5774431 
0.5574780 
0.5471761 
0.5607852 
0.5682799 
0.5796383 
0.5576916 
0.5554187 
0.5319072 
0.5673612 
0.5483364 
0.5501982 
0.5534048 
0.5466752 
0.5144565 
0.5165717 
0.5102893 
0.5122311 
0.5389697 
0.5128819 
0.5088901 
0.5316569 
0.5303349 
0.5465743 
0.5523948 
0.5796981 
0.5654574 
0.5901739 
0.6305177 
0.6596390 
0.6677581 
0.6762114 
0.6740672 
0.6857101 
0.6915495 
0.6956588 
0.6521698 
0.6494419 
0.6432570 
0.6179971 
0.6263004 
0.6648618 
0.6053690 
0.6563565 
0.6553476 
0.6744878 
0.6868648 
0.6659480 
0.6568098 
0.6255465 
0.6062972 
0.6005783 
0.5851969 
0.5988154 
0.5951167 
0.5917821 
0.5944407 
0.6234026 
0.6358157 
0.6351685 
0.6655718 
0.6766455 
0.6785266 
0.6749690 
0.6811074 
0.6558650 
0.6564774 
0.6436965 
0.6470774 
0.6577845 
0.6622407 
0.6446507 
0.6641196 
0.6498198 
0.6049745 
0.6110391 
0.6183912 
0.6197159 
0.6395330 
0.6340492 
0.6958672 
0.7159458 
0.7309579 
0.7263334 
0.7148671 
0.7095896 
0.6771714 
0.6483497 
0.6411006 
0.6371627 
0.6303460 
0.6114951 
0.6224582 
0.6113365 
0.5986522 
0.5902327 
0.5965031 
0.5777565 
0.5836209 
0.5963926 
0.5835517 
0.5931920 
0.6009217 
0.5789491 
0.5538083 
0.5788578 
0.5963865 
0.6011931 
0.5830838 
0.6007381 
0.5705758 
0.5640683 
0.5835402 
0.5902190 
0.5906688 
0.5871156 
0.6113369 
0.5928091 
0.5928908 
0.5730254 
0.5729941 
0.5863323 
0.5865716 
0.6128498 
0.5995078 
0.6241312 
0.6316322 
0.6423797 
0.6473234 
0.6513824 
0.6454468 
0.6521279 
0.6472955 
0.6451722 
0.6358524 
0.6241792 
0.6221405 
0.6044686 
0.5872368 
0.6011338 
0.6112206 
0.6325686 
0.6159352 
0.6269839 
0.6257068 
0.6154218 
0.6063336 
0.5906028 
0.6029578 
0.6139545 
0.6150618 
0.6117852 
0.6284343 
0.6182538 
0.6297406 
0.6253188 
0.5974473 
0.5976968 
0.5859150 
0.6086257 
0.6065857 
0.5831708 
0.6115422 
0.6002176 
0.6107023 
0.6360500 
0.6457911 
0.6551485 
0.6405938 
0.6426693 
0.6366232 
0.6450632 
0.6333117 
0.6770897 
0.6743031 
0.6601236 
0.6538118 
0.6432516 
0.6513827 
0.6534637 
0.6129097 
0.6091632 
0.5979217 
0.5908326 
0.6009570 
0.5911236 
0.5983722 
0.6127312 
0.6148082 
0.6111412 
0.6426620 
0.6270132 
0.6076179 
0.6514646 
0.6235766 
0.6315107 
0.6244297 
0.6527470 
0.6497693 
0.6680105 
0.6984738 
0.7094084 
0.7155772 
0.7145326 
0.6675499 
0.6775633 
0.6568423 
0.6385011 
0.6572189 
0.6466448 
0.6218921 
0.6273429 
0.6364538 
0.6171242 
0.6046751 
0.5838588 
0.6171058 
0.6204026 
0.6324322 
0.6474133 
0.6250053 
0.6217285 
0.6202372 
0.6172701 
0.6086749 
0.6273637 
0.6281098 
0.6398051 
0.6325085 
0.6362702 
0.6272071 
0.6060868 
0.5730973 
0.5777994 
0.5812815 
0.5836678 
0.5860034 
0.5885591 
0.5806684 
0.6104651 
0.6198185 
0.6061255 
0.6284439 
0.6106185 
0.6351950 
0.6613044 
0.6387637 
0.6253715 
0.6374807 
0.6176962 
0.5736852 
0.5549535 
0.5253756 
0.5271921 
0.4931084 
0.5120141 
0.5209715 
0.5098559 
0.5284321 
0.5383112 
0.5751063 
0.5763867 
0.6352528 
0.6543634 
0.6783277 
0.7003355 
0.7018562 
0.6887247 
0.6599660 
0.6583182 
0.6124359 
0.5552754 
0.5175326 
0.4450732 
0.4051975 
0.3883324 
0.3794384 
0.3820677 
0.4144197 
0.4126973 
0.4287890 
0.4380837 
0.4598692 
0.5118624 
0.5765682 
0.7023669 
0.9408655 
0.9964525 
0.9842978 
1.0000000 
0.9904876 
0.9826098 
0.9423604 
0.9551409 
0.9504718 
0.8812071 
0.8254249 
0.8014964 
0.7886218 
0.7407195 
0.7177933 
0.7344403 
0.6783812 
0.6230656 
0.6015809 
0.5838048 
0.6036708 
0.6372490 
0.6457871 
0.6774934 
0.6852489 
0.7114514 
0.7023243 
0.6872020 
0.6752471 
0.6444156 
0.6133898 
0.5915756 
0.5884938 
0.6052149 
0.5867935 
0.5775475 
0.6133466 
0.6050277 
0.5808258 
0.5962821 
0.6215848 
0.6105567 
0.6204485 
0.6329323 
0.6668608 
0.6784629 
0.6876110 
0.6911170 
0.7258436 
0.7405431 
0.7431482 
0.7527521 
0.7476983 
0.7293634 
0.7434094 
0.7345396 
0.7469256 
0.6647415 
0.6443848 
0.6735152 
0.6724158 
0.6817368 
0.7020912 
0.7490310 
0.7662628 
0.7762427 
0.8037311 
0.8054270 
0.8196595 
0.8154778 
0.8011319 
0.7426511 
0.6980969 
0.7028631 
0.7006673 
0.6942879 
0.7174834 
0.6900497 
0.6990267 
0.7154833 
0.7436233 
0.7656106 
0.7591691 
0.7798475 
0.7995652 
0.7935376 
0.7872206 
0.7897955 
0.7919314 
0.7765866 
0.7688639 
0.7591088 
0.7497621 
0.7432429 
0.7270440 
0.7167586 
0.6793890 
0.6933666 
0.6840734 
0.7096361 
0.7212393 
0.6985495 
0.7362574 
0.7731372 
0.7438526 
0.7541056 
0.7612422 
0.7665821 
0.7400759 
0.7686263 
0.7770526 
0.7879168 
0.7545835 
0.7481772 
0.7464165 
0.7304614 
0.7292706 
0.8543726 
0.8536787 
0.8306015 
0.8138725 
0.8197499 
0.8147646 
0.8089031 
0.8199180 
0.8012680 
0.7899614 
0.7587138 
0.7369400 
0.7076425 
0.7143229 
0.7060134 
0.7252915 
0.7234195 
0.7025367 
0.7000380 
0.6756220 
0.6797118 
0.6730107 
0.6888825 
0.7016604 
0.7149002 
0.7167069 
0.7261598 
0.7032567 
0.6961577 
0.6937155 
0.6226058 
0.6042807 
0.6062844 
0.6103142 
0.6496312 
0.6528143 
0.6422273 
0.6487927 
0.6785619 
0.7475108 
0.7574733 
0.7499095 
0.7337279 
0.7175217 
0.7125670 
0.7294075 
0.7077689 
0.6850676 
0.6307210 
0.6408312 
0.6244944 
0.6268712 
0.6429023 
0.6560801 
0.6902131 
0.6933719 
0.6756879 
0.6872365 
0.7060800 
0.7085765 
0.7077681 
0.6932173 
0.6839475 
0.6414205 
0.6566504 
0.6898797 
0.6947143 
0.6707438 
0.6815936 
0.7495704 
0.7882848 
0.7854867 
0.8046358 
0.8308007 
0.8194228 
0.8470986 
0.8119513 
0.8395894 
0.8600995 
0.8145375 
0.8184795 
0.8471177 
0.8566408 
0.8581252 
0.8546741 
0.8390484 
0.8476215 
0.8634181 
0.8566598 
0.8808772 
0.8626917 
0.8649206 
0.8660556 
0.8473653 
0.7854813 
0.7820259 
0.7655790 
0.7405603 
0.7466412 
0.7549154 
0.7495440 
0.7332961 
0.7506260 
0.7475114 
0.7523476 
0.7544007 
0.7685097 
0.7819668 
0.8148229 
0.8235740 
0.8101384 
0.8186314 
0.8378291 
0.8319116 
0.8134469 
0.7991766 
0.8030955 
0.7854418 
0.7677371 
0.7209158 
0.7347754 
0.7090479 
0.7067807 
0.7063010 
0.6721421 
0.6752627 
0.6929027 
0.6881149 
0.6922814 
0.7149329 
0.7545067 
0.7684743 
0.7399065 
0.7412100 
0.7380321 
0.7055394 
0.7487855 
0.7417221 
0.7656873 
0.7623689 
0.7513837 
0.7352976 
0.7308284 
0.7178631 
0.7068309 
0.7174572 
0.6964358 
0.6922256 
0.7364453 
0.7384366 
0.7317328 
0.7257158 
0.7146505 
0.6952429 
0.6914924 
0.7111299 
0.7500925 
0.7613784 
0.7517529 
0.7667262 
0.7792074 
0.7873295 
0.7898177 
0.8016688 
0.8151697 
0.8007908 
0.8240867 
0.8151258 
0.8332948 
0.8555119 
0.8565816 
0.8844786 
0.8518603 
0.8571312 
0.8405395 
0.8547637 
0.8487060 
0.8467483 
0.8466318 
0.8758714 
0.9137429 
0.8856188 
0.8752245 
0.8705612 
0.8511909 
0.8442532 
0.8192535 
0.8015631 
0.7920515 
0.7775659 
0.7462142 
0.7359016 
0.7180941 
0.7422234 
0.7367501 
0.7235798 
0.7210011 
0.7429563 
0.7333911 
0.7452263 
0.7668814 
0.7719222 
0.7570716 
0.7835230 
0.7881723 
0.7902977 
0.8134847 
0.8340644 
0.8777658 
0.9116927 
0.9305050 
0.9187104 
0.9168062 
0.8996046 
0.8512426 
0.7879830 
0.7844900 
0.8098338 
0.8046446 
0.8158127 
0.8391348 
0.8315500 
0.8273861 
0.8267444 
0.8441641 
0.8147600 
0.7939566 
0.7843115 
0.7743934 
0.7701086 
0.7447627 
0.7520401 
0.7472909 
0.7426627 
0.7438063 
0.7688061 
0.7759492 
0.7110214 
0.6993150 
0.6830995 
0.6703997 
0.6375472 
0.6508398 
0.6128324 
0.6170541 
0.5976923 
0.5801046 
0.5956420 
0.6010601 
0.5891076 
0.5611480 
0.5713223 
0.5162602 
0.5317810 
0.5326366 
0.5265618 
0.5255667 
0.5355159 
0.5335746 
0.5390407 
0.5467168 
0.5124913 
0.5038675 
0.5210304 
0.5197626 
0.5344014 
0.5786638 
0.5830996 
0.5834710 
0.5920500 
0.5835874 
0.5708349 
0.5961395 
0.5970451 
0.6279971 
0.6168317 
0.6276172 
0.6310871 
0.6116471 
0.5930177 
0.5851807 
0.6009437 
0.5963414 
0.5751042 
0.5761781 
0.5975927 
0.6022560 
0.5876701 
0.5794105 
0.5897196 
0.5799622 
0.5864617 
0.5819679 
0.5717190 
0.5640123 
0.5535545 
0.5507753 
0.5106637 
0.5273761 
0.4909889 
0.4724220 
0.4797894 
0.4614002 
0.4575416 
0.4367124 
0.4461577 
0.4331306 
0.4479690 
0.4485632 
0.4553520 
0.4738077 
0.4700831 
0.4628602 
0.5069798 
0.4996967 
0.5258104 
0.5251976 
0.5353096 
0.5358382 
0.5621902 
0.5573095 
0.5321544 
0.5423021 
0.5448417 
0.5186981 
0.5363560 
0.5068480 
0.5235614 
0.5126824 
0.4850203 
0.4719397 
0.4391393 
0.4509125 
0.4474733 
0.5248357 
0.5219859 
0.5127458 
0.5430292 
0.5341678 
0.5228873 
0.5069933 
0.5105680 
0.4691606 
0.5242919 
0.5271079 
0.5163993 
0.5221679 
0.4984722 
0.5090268 
0.5061893 
0.4935577 
0.4878660 
0.4908403 
0.5172614 
0.5453175 
0.5623327 
0.5941369 
0.5898597 
0.5980412 
0.5919257 
0.5883912 
0.5823989 
0.5760067 
0.5559209 
0.5207004 
0.5116735 
0.5484563 
0.5505626 
0.5570763 
0.5388456 
0.5485646 
0.5385869 
0.5545248 
0.5233543 
0.5103253 
0.5057349 
0.4817739 
0.4617089 
0.4614210 
0.4402389 
0.4653602 
0.4549771 
0.4763735 
0.4895659 
0.4705968 
0.4506100 
0.4989532 
0.4951757 
0.4906330 
0.5031649 
0.5220385 
0.4818040 
0.4848420 
0.4863738 
0.4814377 
0.4816509 
0.4846898 
0.4887392 
0.4820450 
0.4530995 
0.4956833 
0.4701324 
0.4640743 
0.4628698 
0.4481494 
0.4534630 
0.4701935 
0.4923271 
0.5070708 
0.5176976 
0.5055197 
0.4984093 
0.4807491 
0.4901160 
0.4825830 
0.4623786 
0.4746648 
0.4718607 
0.4406520 
0.4244076 
0.4201017 
0.4058555 
0.4240546 
0.3972139 
0.4181960 
0.4347014 
0.4474994 
0.4500905 
0.4479694 
0.4391758 
0.4443808 
0.4575003 
0.4675888 
0.4431848 
0.4388881 
0.4374426 
0.4486922 
0.4513440 
0.4485569 
0.4665256 
0.4424113 
0.4418276 
0.4519413 
0.4543810 
0.4418206 
0.4137224 
0.4315841 
0.4481720 
0.4887213 
0.4819703 
0.4859367 
0.4838013 
0.4755700 
0.4862999 
0.5246580 
0.4819696 
0.4514560 
0.4469753 
0.4464524 
0.4520083 
0.4405939 
0.4504900 
0.4497988 
0.4394606 
0.4529150 
0.4283467 
0.4401402 
0.4681429 
0.4701804 
0.4265042 
0.4226668 
0.4145454 
0.3905245 
0.3790692 
0.3942550 
0.4066509 
0.4668368 
0.4867557 
0.4100427 
0.3986315 
0.4228541 
0.4645522 
0.4634793 
0.4694384 
0.4549772 
0.4669199 
0.4631097 
0.4801770 
0.4605444 
0.4667253 
0.4942129 
0.4946612 
0.4844630 
0.4785956 
0.4956092 
0.5275521 
0.5131827 
0.5032281 
0.5014052 
0.5235549 
0.5318645 
0.5174632 
0.5020495 
0.5156074 
0.5617402 
0.5744067 
0.5498219 
0.5414148 
0.5404066 
0.5056565 
0.4963397 
0.5098664 
0.5124216 
0.5104598 
0.4995483 
0.4785557 
0.4785297 
0.4636291 
0.4398255 
0.4288534 
0.4345649 
0.4379778 
0.4371625 
0.4328710 
0.4418146 
0.4892391 
0.4311994 
0.4418063 
0.4457584 
0.4589862 
0.4653155 
0.4428734 
0.4246819 
0.4280007 
0.4296233 
0.4422629 
0.4419049 
0.4438778 
0.4673031 
0.4685923 
0.4749951 
0.4456337 
0.4349225 
0.4629804 
0.4443445 
0.4736020 
0.4819947 
0.4788186 
0.4921493 
0.4780174 
0.4880305 
0.5170986 
0.5075807 
0.5157569 
0.5059411 
0.4933492 
0.5091242 
0.5337899 
0.5181158 
0.5241936 
0.5593923 
0.5386646 
0.5091237 
0.5210563 
0.5279353 
0.5082271 
0.5008759 
0.4952323 
0.4644827 
0.4721884 
0.4486499 
0.4653426 
0.4532244 
0.4648722 
0.4790660 
0.4915075 
0.4814207 
0.4938169 
0.4813463 
0.4581725 
0.4334589 
0.4298388 
0.4307602 
0.4491429 
0.4390366 
0.4199885 
0.4169990 
0.4313339 
0.4519222 
0.4719714 
0.4732073 
0.4703420 
0.4608710 
0.4505671 
0.4540622 
0.4732883 
0.4787549 
0.4932616 
0.4783982 
0.5184168 
0.4949176 
0.4789981 
0.4791409 
0.4756747 
0.4450442 
0.4507723 
0.4737989 
0.4816724 
0.4856983 
0.5185820 
0.5281205 
0.5138125 
0.5162110 
0.4913093 
0.4764010 
0.4750490 
0.4747014 
0.4693211 
0.4494676 
0.4107635 
0.4326450 
0.4435503 
0.4180861 
0.4115471 
0.4196771 
0.4408651 
0.4138707 
0.4255324 
0.4332141 
0.4654752 
0.4570481 
0.4581490 
0.4390699 
0.4235198 
0.4422706 
0.4422905 
0.4361364 
0.4342756 
0.4409101 
0.4771904 
0.4738952 
0.4591800 
0.4593254 
0.4730420 
0.4742699 
0.4984761 
0.5632223 
0.5758550 
0.5630528 
0.4917799 
0.4242893 
0.4277010 
0.5134800 
0.4997550 
0.5033857 
0.5219598 
0.5158261 
0.4883402 
0.4828084 
0.4616896 
0.4738862 
0.4395209 
0.4435538 
0.4570586 
0.4632480 
0.4331384 
0.4408227 
0.4511655 
0.4483035 
0.4288924 
0.4159830 
0.3859865 
0.3554519 
0.3259971 
0.3243045 
0.3293187 
0.3382397 
0.3613653 
0.3714343 
0.3731426 
0.3546745 
0.3620880 
0.3935912 
0.3992443 
0.4241187 
0.4322915 
0.4344460 
0.4491028 
0.4145150 
0.4230169 
0.4407263 
0.4409271 
0.4563944 
0.4432182 
0.4505754 
0.4495495 
0.4566809 
0.4620189 
0.4895948 
0.4602171 
0.4750347 
0.4875811 
0.4441290 
0.4399294 
0.4606172 
0.4436600 
0.4236403 
0.4273132 
0.4173215 
0.4397399 
0.4558684 
0.4642260 
0.4490213 
0.4337740 
0.4463505 
0.4763768 
0.4740598 
0.4994185 
0.4799404 
0.4801354 
0.4487024 
0.4582498 
0.4503842 
0.4697472 
0.4371988 
0.4179372 
0.4198572 
0.4105660 
0.4140129 
0.4129079 
0.4053871 
0.4021856 
0.4090587 
0.3875778 
0.3880171 
0.3747747 
0.4114753 
0.4039404 
0.4002094 
0.4410107 
0.4492418 
0.4642586 
0.4660007 
0.4607056 
0.4380028 
0.4782864 
0.4735052 
0.4657187 
0.4350367 
0.4689459 
0.4641919 
0.4656876 
0.4596159 
0.4559882 
0.4592807 
0.4454710 
0.4384372 
0.4482395 
0.4490155 
0.4417072 
0.4560378 
0.4260270 
0.4054918 
0.4217798 
0.4124586 
0.4074377 
0.3703883 
0.3663892 
0.3737740 
0.3809377 
0.4095201 
0.3976352 
0.3986309 
0.4016424 
0.4194176 
0.4257071 
0.4359342 
0.4430242 
0.4490516 
0.4578202 
0.4563036 
0.4413900 
0.4271070 
0.4196872 
0.4181606 
0.4744992 
0.4184508 
0.4135378 
0.4400914 
0.4558221 
0.4507433 
0.4365061 
0.4545700 
0.4651476 
0.4661306 
0.4605090 
0.4290938 
0.4536755 
0.4482313 
0.4475766 
0.4552907 
0.4389100 
0.4296108 
0.4107435 
0.3861459 
0.3781039 
0.3765263 
0.3730671 
0.3564017 
0.3377219 
0.3493074 
0.3570658 
0.3758804 
0.3793081 
0.3897102 
0.3836991 
0.3832062 
0.3552837 
0.3768027 
0.3803966 
0.3963925 
0.4123169 
0.3983305 
0.3973936 
0.3963502 
0.4008457 
0.4277619 
0.4197221 
0.4171860 
0.4108602 
0.4081306 
0.4271364 
0.4290268 
0.4363978 
0.4184449 
0.4277731 
0.4440029 
0.4349655 
0.4308267 
0.3978311 
0.4456858 
0.4442918 
0.4551937 
0.4431725 
0.4448318 
0.4381559 
0.4300023 
0.4269401 
0.4361565 
0.4524162 
0.4592442 
0.4382750 
0.4452280 
0.4543908 
0.4263975 
0.4256678 
0.4406090 
0.4506064 
0.4072789 
0.3599661 
0.3247774 
0.3087578 
0.3044407 
0.2969767 
0.3042932 
0.3182754 
0.3271748 
0.3100073 
0.3104105 
0.2974287 
0.3260009 
0.3230424 
0.3145895 
0.3461000 
0.3531610 
0.3525240 
0.3289149 
0.3135246 
0.3484792 
0.3586013 
0.3603999 
0.3809315 
0.3858189 
0.3801539 
0.3797308 
0.3530900 
0.3750679 
0.3543069 
0.3689222 
0.3776620 
0.4278567 
0.4430551 
0.4315286 
0.4439144 
0.4447963 
0.4366265 
0.4091759 
0.4173821 
0.3902703 
0.3982491 
0.3998094 
0.3923711 
0.3883980 
0.3877313 
0.3577393 
0.3638399 
0.3926847 
0.3695280 
0.3775828 
0.3751870 
0.3556516 
0.3508559 
0.3654905 
0.3525506 
0.3353133 
0.3541139 
0.3606809 
0.3452703 
0.3928608 
0.3479561 
0.3919328 
0.3636946 
0.3797494 
0.3854342 
0.3722656 
0.3829841 
0.3578557 
0.3724262 
0.3735573 
0.3749898 
0.3744934 
0.3789388 
0.3774476 
0.3877935 
0.3732225 
0.3974088 
0.4079557 
0.4391641 
0.4087510 
0.4201503 
0.4459864 
0.4434483 
0.4476225 
0.4342215 
0.4280691 
0.4340116 
0.4395606 
0.4361656 
0.4513210 
0.4406754 
0.4421903 
0.4222762 
0.3894443 
0.3934764 
0.3897757 
0.4063941 
0.4182582 
0.4386109 
0.4123217 
0.4122143 
0.3939862 
0.4068276 
0.4302784 
0.4036131 
0.3931759 
0.4023745 
0.3890421 
0.3829766 
0.3587144 
0.3277289 
0.3225052 
0.3145843 
0.2868187 
0.3083011 
0.4444244 
0.4648497 
0.4729321 
0.4601334 
0.4078485 
0.4100516 
0.3913589 
0.3924779 
0.3885939 
0.3992789 
0.4145190 
0.3639755 
0.3663149 
0.3998398 
0.3834698 
0.3677356 
0.3801668 
0.3799755 
0.4061407 
0.3826572 
0.3828894 
0.3843338 
0.3699450 
0.3697098 
0.3696089 
0.3901282 
0.3854176 
0.3894360 
0.3694653 
0.3453563 
0.3399127 
0.3550968 
0.3303095 
0.3320282 
0.3542577 
0.3953221 
0.3698982 
0.3674718 
0.3848354 
0.3798278 
0.3755179 
0.3696460 
0.3903479 
0.3897603 
0.4046581 
0.4019883 
0.3856426 
0.4226392 
0.4447340 
0.4435728 
0.4649301 
0.4154584 
0.4016229 
0.4283398 
0.4242909 
0.4239680 
0.4391909 
0.4197530 
0.4121896 
0.4033529 
0.4002862 
0.3591272 
0.3596855 
0.3667602 
0.3681712 
0.3806363 
0.3826846 
0.3749339 
0.3627847 
0.3536427 
0.3667929 
0.3764826 
0.3761490 
0.3980575 
0.3820498 
0.3735332 
0.3701983 
0.3525364 
0.3856332 
0.3947161 
0.3874316 
0.4127088 
0.3964636 
0.4036232 
0.4122230 
0.3889942 
0.4231975 
0.3992935 
0.4049759 
0.4394566 
0.4402655 
0.4426488 
0.4452449 
0.4270370 
0.4245094 
0.4278397 
0.4399862 
0.4546840 
0.4168080 
0.3826393 
0.3962899 
0.3897145 
0.3818778 
0.3815538 
0.3823002 
0.4163815 
0.3814539 
0.3646341 
0.3546843 
0.3451070 
0.3649312 
0.3654468 
0.3743201 
0.3470802 
0.3505703 
0.3541526 
0.3608064 
0.3326551 
0.3167628 
0.3342522 
0.3371251 
0.3550018 
0.3652475 
0.3745884 
0.3767620 
0.3619391 
0.3553626 
0.3506530 
0.3524257 
0.3830554 
0.3565595 
0.3777261 
0.3767614 
0.3935832 
0.4203880 
0.4251120 
0.4396916 
0.4459123 
0.4416407 
0.4314344 
0.4354654 
0.4333264 
0.4166235 
0.4129038 
0.4169979 
0.4248833 
0.4051175 
0.4063229 
0.4013843 
0.4350170 
0.4190979 
0.4138093 
0.4078434 
0.3998515 
0.4005433 
0.4092782 
0.4086798 
0.4081636 
0.4022463 
0.4113939 
0.4019218 
0.3940975 
0.3710736 
0.3758360 
0.3741749 
0.3588532 
0.3523259 
0.3417388 
0.3748086 
0.3756691 
0.3814622 
0.3629621 
0.3916290 
0.3780911 
0.3880855 
0.3806875 
0.2963554 
0.3118000 
0.3308315 
0.3333602 
0.3339359 
0.3501790 
0.3776431 
0.4192968 
0.3949836 
0.3054336 
0.3372642 
0.3387929 
0.3431704 
0.3601802 
0.3550575 
