-0.0001177 
0.0000602 
0.0000504 
0.0284864 
0.1214454 
0.1148290 
0.7792758 
0.7819501 
0.8047400 
0.8466219 
0.8724961 
0.9246880 
0.9626155 
0.9629294 
0.9650686 
0.9599421 
0.9159113 
0.9112065 
0.9247889 
0.9397179 
0.9299748 
0.9139888 
0.9395332 
0.9585677 
0.9659240 
0.9912379 
1.0000000 
0.9822837 
0.9384661 
0.8919130 
0.8660860 
0.8562906 
0.8854321 
0.9109857 
0.9442294 
0.9737584 
0.9510269 
0.9280587 
0.9204784 
0.8999999 
0.8875398 
0.8885847 
0.9091176 
0.9192048 
0.9117406 
0.8705138 
0.8324854 
0.8081626 
0.8081703 
0.8394023 
0.8612896 
0.8743513 
0.8653225 
0.8595020 
0.8521457 
0.8348840 
0.8341088 
0.8387430 
0.8324660 
0.8007639 
0.8015558 
0.8269947 
0.8523413 
0.8608977 
0.8827003 
0.8856643 
0.8830952 
0.8796958 
0.8592456 
0.8659319 
0.8638844 
0.8850163 
0.8840154 
0.8686858 
0.8480427 
0.8274414 
0.8322615 
0.8566978 
0.8205721 
0.7786343 
0.7454228 
0.7571981 
0.7410464 
0.7615696 
0.7590572 
0.7589859 
0.7844975 
0.7755635 
0.7527131 
0.7319248 
0.7531410 
0.7894946 
0.8441045 
0.8474202 
0.8329491 
0.8291368 
0.8236473 
0.8396245 
0.8680540 
0.8718227 
0.8713469 
0.8612662 
0.8283380 
0.7971628 
0.7865461 
0.7731545 
0.7662003 
0.7686145 
0.7330093 
0.7228816 
0.7381926 
0.7588290 
0.7579531 
0.7463568 
0.6973030 
0.6930557 
0.7250899 
0.7867646 
0.8234392 
0.8133082 
0.8036069 
0.8057218 
0.7911535 
0.7947891 
0.8058339 
0.7825278 
0.7921018 
0.7878166 
0.7966869 
0.8142107 
0.8276235 
0.8588381 
0.8531505 
0.8304940 
0.8157187 
0.8026457 
0.8042621 
0.8226872 
0.7988441 
0.7585852 
0.7124553 
0.6698208 
0.6713368 
0.6932354 
0.7202893 
0.7197844 
0.7357331 
0.7213220 
0.7224186 
0.7750957 
0.8051048 
0.8255061 
0.8004260 
0.7646015 
0.7246759 
0.7248090 
0.7247877 
0.7288183 
0.7520785 
0.7373263 
0.7408761 
0.7374395 
0.7535558 
0.7688712 
0.8020120 
0.7945693 
0.7731669 
0.7450862 
0.7236319 
0.7365470 
0.7621948 
0.7671404 
0.7905208 
0.7804557 
0.7754022 
0.7563532 
0.7616233 
0.7647574 
0.7444204 
0.7378570 
0.7558935 
0.7524263 
0.7648389 
0.7718299 
0.7559824 
0.7526159 
0.7486610 
0.7282294 
0.7251274 
0.7216158 
0.7060264 
0.6855269 
0.6864754 
0.7079630 
0.7201190 
0.7107922 
0.6858963 
0.6646905 
0.6713240 
0.6776805 
0.6856075 
0.6775432 
0.6798679 
0.6867357 
0.6937802 
0.6926555 
0.6897290 
0.6873634 
0.6939260 
0.7109933 
0.7189384 
0.7460484 
0.7496224 
0.7619445 
0.7673916 
0.7566429 
0.7353234 
0.7266151 
0.7101447 
0.6938860 
0.6742822 
0.6516417 
0.6375424 
0.6416981 
0.6489540 
0.6587650 
0.6587474 
0.6327564 
0.6278068 
0.6328360 
0.6448925 
0.6740670 
0.6893407 
0.7061314 
0.7313564 
0.7351089 
0.7388577 
0.7611169 
0.7657717 
0.7620519 
0.7463576 
0.7376805 
0.7411762 
0.7339066 
0.7319186 
0.7237810 
0.7066706 
0.6931246 
0.6758539 
0.6518621 
0.6587044 
0.6479806 
0.6470445 
0.6380575 
0.6251474 
0.6171008 
0.6366591 
0.6557474 
0.6614385 
0.6758069 
0.6758382 
0.6820841 
0.6866733 
0.6771716 
0.6639281 
0.6720521 
0.6797022 
0.6909153 
0.7096008 
0.7212561 
0.7172484 
0.7128032 
0.7053737 
0.7074989 
0.7096437 
0.7025862 
0.6890787 
0.6769108 
0.6653717 
0.6302491 
0.5880256 
0.5789621 
0.5766902 
0.5775210 
0.5851595 
0.6065417 
0.6275015 
0.6454632 
0.6516332 
0.6564061 
0.6619691 
0.6728600 
0.6820562 
0.6982367 
0.7201773 
0.7353104 
0.7514551 
0.7424309 
0.7479395 
0.7424646 
0.7033630 
0.6808902 
0.6694981 
0.6692674 
0.6640772 
0.6499446 
0.6222757 
0.6026303 
0.6038233 
0.6008395 
0.6059900 
0.6229340 
0.6355681 
0.6449420 
0.6680965 
0.6736443 
0.6857477 
0.6995832 
0.6981094 
0.6934491 
0.6853862 
0.6949140 
0.6865643 
0.6755429 
0.6430592 
0.6333584 
0.6174731 
0.6009548 
0.5848058 
0.5834203 
0.5725515 
0.5674375 
0.5592733 
0.5634211 
0.5667258 
0.5787869 
0.5965776 
0.6024334 
0.6354381 
0.6591196 
0.6737082 
0.6811529 
0.6800445 
0.6850548 
0.6941930 
0.7014418 
0.6909251 
0.6752936 
0.6585984 
0.6453210 
0.6214821 
0.6035018 
0.5864845 
0.5733470 
0.5497833 
0.5410860 
0.5509179 
0.5716772 
0.5690670 
0.5816080 
0.6172620 
0.6440918 
0.6454284 
0.6450980 
0.6585868 
0.6554312 
0.6582359 
0.6612131 
0.6610256 
0.6482060 
0.6330862 
0.6259190 
0.6187969 
0.6036720 
0.5978425 
0.5779589 
0.5426169 
0.5412099 
0.5429920 
0.5239541 
0.5341079 
0.5647684 
0.5924233 
0.6040788 
0.6242625 
0.6374268 
0.6429926 
0.6226163 
0.5992150 
0.5871592 
0.5715475 
0.5557836 
0.5665231 
0.5614486 
0.5390689 
0.5364954 
0.5507225 
0.5483158 
0.5260353 
0.5187973 
0.5286086 
0.5386267 
0.5398764 
0.5555865 
0.5808059 
0.6039981 
0.6098547 
0.6050969 
0.6020710 
0.5907416 
0.5720844 
0.5619854 
0.5605746 
0.5466135 
0.5343226 
0.5546882 
0.5883022 
0.5901024 
0.5820862 
0.5809931 
0.5974715 
0.6008045 
0.5968306 
0.5962598 
0.6209012 
0.6498583 
0.6551913 
0.6474295 
0.6503493 
0.6391483 
0.6161496 
0.5907922 
0.5704867 
0.5554126 
0.5474748 
0.5505231 
0.5664790 
0.5791634 
0.5944776 
0.5989005 
0.6086924 
0.6178588 
0.6000066 
0.5739281 
0.5880538 
0.5815890 
0.5686273 
0.5619050 
0.5695347 
0.5945625 
0.6025395 
0.5782293 
0.5494106 
0.5357277 
0.5431137 
0.5512145 
0.5569713 
0.5712222 
0.5909721 
0.5927388 
0.5862293 
0.5694779 
0.5804280 
0.5992501 
0.5898443 
0.5743759 
0.5673235 
0.5787928 
0.5811056 
0.5724870 
0.5552365 
0.5259832 
0.5027893 
0.4949208 
0.4857150 
0.4901045 
0.5106188 
0.5327248 
0.5586409 
0.5645117 
0.5585648 
0.5654399 
0.5612613 
0.5641278 
0.5816704 
0.5838111 
0.5545915 
0.5638436 
0.5782338 
0.5968360 
0.5831223 
0.5604820 
0.5357799 
0.5375390 
0.5421314 
0.5468369 
0.5493899 
0.5600441 
0.5760823 
0.5819140 
0.5881353 
0.5859438 
0.5755596 
0.5598600 
0.5452845 
0.5373630 
0.5464753 
0.5340991 
0.5157295 
0.5168867 
0.5213329 
0.5428459 
0.5371026 
0.5300579 
0.5331596 
0.5422788 
0.5621775 
0.5707874 
0.5808383 
0.5767754 
0.5905411 
0.5939338 
0.5852178 
0.5681297 
0.5560701 
0.5462088 
0.5440815 
0.5440451 
0.5532100 
0.5508342 
0.5391953 
0.5442155 
0.5323658 
0.5262945 
0.5318361 
0.5410377 
0.5492629 
0.5365903 
0.5340956 
0.5375565 
0.5464239 
0.5589717 
0.5661658 
0.5649132 
0.5708968 
0.5729772 
0.5755717 
0.5657592 
0.5602208 
0.5509279 
0.5457228 
0.5271529 
0.5292938 
0.5410649 
0.5318386 
0.5325700 
0.5470225 
0.5346455 
0.5223753 
0.5154017 
0.5155573 
0.5138276 
0.4934270 
0.4655988 
0.4477602 
0.4495098 
0.4554201 
0.4678033 
0.4602325 
0.4682517 
0.4787605 
0.4895281 
0.5064104 
0.5216191 
0.5316042 
0.5149605 
0.4999744 
0.5043458 
0.5057412 
0.5213249 
0.5291230 
0.5282773 
0.5153626 
0.5207379 
0.4970523 
0.4805038 
0.4847562 
0.4966760 
0.5056916 
0.5030579 
0.5045100 
0.5116420 
0.5048483 
0.4924629 
0.4822496 
0.4722131 
0.4797765 
0.4874472 
0.4828194 
0.4832924 
0.4851850 
0.4738128 
0.4573504 
0.4658244 
0.4539095 
0.4528015 
0.4686403 
0.4805767 
0.4714197 
0.4656792 
0.4384005 
0.4414192 
0.4399991 
0.4408097 
0.4368667 
0.4333671 
0.4424803 
0.4509568 
0.4576874 
0.4792117 
0.4700680 
0.4663343 
0.4572498 
0.4553243 
0.4588979 
0.4742203 
0.4765986 
0.4571948 
0.4544200 
0.4611700 
0.4696295 
0.4665439 
0.4670998 
0.4751080 
0.4759640 
0.4775785 
0.4616125 
0.4487578 
0.4539757 
0.4466277 
0.4547143 
0.4597431 
0.4786425 
0.4584296 
0.4685003 
0.4488329 
0.4341031 
0.4296185 
0.4182510 
0.3930405 
0.3890529 
0.4041053 
0.4036389 
0.3941849 
0.3880310 
0.4020395 
0.3956425 
0.3901340 
0.3955144 
0.4035073 
0.4045207 
0.4038453 
0.3964429 
0.4143897 
0.4212357 
0.4212347 
0.4176401 
0.4207251 
0.4116425 
0.3999846 
0.4146811 
0.4147212 
0.4303221 
0.4297753 
0.4144470 
0.4074667 
0.4226856 
0.4193103 
0.4341171 
0.4522671 
0.4409553 
0.4448938 
0.4368708 
0.4325538 
0.4280750 
0.4337534 
0.4275719 
0.4366940 
0.4449923 
0.4258862 
0.4125119 
0.3962810 
0.3972804 
0.3848688 
0.3857685 
0.3844028 
0.3851606 
0.3805502 
0.3972187 
0.3962132 
0.4036359 
0.4035643 
0.4101739 
0.4228948 
0.4403057 
0.4449806 
0.4408870 
0.4330391 
0.3993591 
0.3871115 
0.3907015 
0.3833130 
0.4039877 
0.4051558 
0.4101712 
0.4095268 
0.4132591 
0.4152981 
0.4271613 
0.4228373 
0.4277786 
0.4342670 
0.4106211 
0.3946225 
0.4048967 
0.3872940 
0.3690849 
0.3726578 
0.3757946 
0.3903618 
0.3929059 
0.3930059 
0.3836461 
0.3628230 
0.3381545 
0.3302631 
0.3379545 
0.3315333 
0.3238816 
0.3331344 
0.3326871 
0.3272298 
0.3212866 
0.3312506 
0.3424027 
0.3325245 
0.3349496 
0.3408212 
0.3489696 
0.3362590 
0.3286335 
0.3136572 
0.2853890 
0.2914468 
0.3017381 
0.3159880 
0.3045087 
0.2835397 
0.2981364 
0.3032972 
0.3094282 
0.3012200 
0.3042703 
0.3207449 
0.3286955 
0.3403186 
0.3320041 
0.3511191 
0.3572511 
0.3637660 
0.3638879 
0.3627403 
0.3678993 
0.3663604 
0.3588391 
0.3413433 
0.3404969 
0.3299999 
0.3419881 
0.3325093 
0.3221568 
0.2959379 
0.3256607 
0.3444776 
0.3295605 
0.3356447 
0.3244243 
0.3228776 
0.3396419 
0.3466681 
0.3435556 
0.3511479 
0.3484624 
0.3690808 
0.3597926 
0.3565493 
0.3476629 
0.3584798 
0.3445030 
0.3134873 
0.3042609 
0.2992188 
0.3120821 
0.3404061 
0.3456980 
0.3522972 
0.3698180 
0.3924726 
0.3913844 
0.3931157 
0.3941154 
0.3701002 
0.3489305 
0.3370311 
0.3255286 
0.3373647 
0.3483796 
0.3550331 
0.3667308 
0.3675577 
0.3618219 
0.3560882 
0.3615827 
0.3657663 
0.3661670 
0.3631417 
0.3613935 
0.3615752 
0.3612244 
0.3643131 
0.3488153 
0.3514211 
0.3348094 
0.3205123 
0.3161548 
0.3197746 
0.3244038 
0.3192454 
0.3189025 
0.3195724 
0.3044530 
0.3039233 
0.2995960 
0.3077980 
0.2922197 
0.2873194 
0.2873223 
0.2876258 
0.2939812 
0.2817436 
0.2891820 
0.2857942 
0.2807725 
0.2746862 
0.2799342 
0.2965355 
0.3013899 
0.3038912 
0.3242462 
0.3229535 
0.3303222 
0.3317321 
0.3271693 
0.3282970 
0.3349457 
0.3248242 
0.3096533 
0.3096374 
0.3123482 
0.3148137 
0.3143033 
0.3174527 
0.3242019 
0.3219515 
0.3238335 
0.3274677 
0.3283358 
0.3268584 
0.3336665 
0.3310069 
0.3326196 
0.3253534 
0.3121466 
0.2983371 
0.3079060 
0.3085989 
0.3127598 
0.3003546 
0.2978477 
0.2840094 
0.2816882 
0.2815924 
0.2878617 
0.2845710 
0.2754629 
0.2779157 
0.2761140 
0.2555846 
0.2496715 
0.2579421 
0.2589672 
0.2748913 
0.2780773 
0.2841112 
0.2722286 
0.2629106 
0.2643532 
0.2760264 
0.2788300 
0.2734641 
0.2913994 
0.3001543 
0.3055525 
0.3158265 
0.3241152 
0.3243543 
0.3194818 
0.3097825 
0.2951263 
0.2914102 
0.2829229 
0.2616789 
0.2686391 
0.2719765 
0.2865331 
0.2924397 
0.2868160 
0.2914342 
0.2857632 
0.2759570 
0.2647510 
0.2418742 
0.2423808 
0.2297374 
0.2218452 
0.2391382 
0.2411021 
0.2389606 
0.2353621 
0.2332213 
0.2325090 
0.2365317 
0.2483995 
0.2687629 
0.2749424 
0.2875482 
0.2999642 
0.2894888 
0.2818356 
0.2916936 
0.2798855 
0.2549063 
0.2617081 
0.2652790 
0.2653201 
0.2648284 
0.2559737 
0.2506240 
0.2406984 
0.2447751 
0.2494680 
0.2542051 
0.2457369 
0.2411598 
0.2328228 
0.2144347 
0.2070969 
0.2017857 
0.2061324 
0.2123316 
0.2205941 
0.2302685 
0.2433227 
0.2624384 
0.2460550 
0.2529791 
0.2454645 
0.2330128 
0.2215933 
0.2268200 
0.2006387 
0.2052689 
0.1982638 
0.1815380 
0.1788755 
0.1916043 
0.2004192 
0.2078667 
0.2022342 
0.2005391 
0.1964994 
0.1898395 
0.1940644 
0.1683274 
0.1712223 
0.1688580 
0.1774209 
0.1785641 
0.1645534 
0.1489649 
0.1567832 
0.1544702 
0.1672652 
0.1605197 
0.1655091 
0.1667150 
0.1658249 
0.1689376 
0.1764796 
0.1768043 
0.1867029 
0.1851662 
0.2025494 
0.2144442 
0.2158533 
0.2230801 
0.2193235 
0.2105739 
0.2232256 
0.2462118 
0.2320304 
0.2224060 
0.2221751 
0.2349774 
0.2418013 
0.2539459 
0.2495777 
0.2372555 
0.2276182 
0.2232943 
0.2215758 
0.2285790 
0.2496447 
0.2368549 
0.2366997 
0.2389877 
0.2314258 
0.2048742 
0.2031680 
0.1806613 
0.1745705 
0.1516379 
0.1388913 
0.1264493 
0.1338874 
0.1482842 
0.1572614 
0.1615310 
0.1760552 
0.1919860 
0.1865941 
0.1870621 
0.1923860 
0.2029952 
0.2069056 
0.2222096 
0.2239254 
0.2191167 
0.2119345 
0.2007406 
0.2089900 
0.1955585 
0.2116320 
0.2156744 
0.2101082 
0.2078113 
0.2062844 
0.1978807 
0.1926346 
0.1869376 
0.1858523 
0.1786193 
0.1619244 
0.1533243 
0.1381467 
0.1433294 
0.1540759 
0.1656249 
0.1660921 
0.1594401 
0.1689246 
0.1566097 
0.1405744 
0.1379952 
0.1353546 
0.1251626 
0.1408261 
0.1602667 
0.1554463 
0.1598391 
0.1748739 
0.1834296 
0.1889435 
0.1890984 
0.1683086 
0.1573797 
0.1440934 
0.1334672 
0.1307938 
0.1271032 
0.1311114 
0.1356269 
0.1445811 
0.1571194 
0.1750153 
0.1881777 
0.1928873 
0.1820143 
0.1680089 
0.1570751 
0.1503568 
0.1393727 
0.1418627 
0.1533031 
0.1484916 
0.1364285 
0.1264614 
0.1272617 
0.1276960 
0.1345618 
0.1305698 
0.1436314 
0.1499113 
0.1553185 
0.1541230 
0.1553958 
0.1542328 
0.1534206 
0.1671844 
0.1774265 
0.1841569 
0.1814394 
0.1646658 
0.1793930 
0.1779658 
0.1848706 
0.1675255 
0.1566891 
0.1462931 
0.1437658 
0.1487888 
0.1487566 
0.1371777 
0.1409367 
0.1251045 
0.1267440 
0.1413191 
0.1601226 
0.1643438 
0.1594096 
0.1423451 
0.1272626 
0.1118836 
0.1089366 
0.0864607 
0.0868022 
0.1077637 
0.1102994 
0.1028894 
0.1031015 
0.0991698 
0.1230128 
0.1357071 
0.1332610 
0.1209466 
0.1052650 
0.0986810 
0.1159238 
0.1139484 
0.1143895 
0.1133730 
0.1073189 
0.1259649 
0.1251251 
0.1119367 
0.1117527 
0.0992090 
0.0856073 
0.0967400 
0.1025678 
0.1040921 
0.0945491 
0.0868565 
0.0746993 
0.0659317 
0.0507753 
0.0461503 
0.0253134 
0.0194274 
0.0150475 
0.0025719 
0.0000000 
0.0044455 
0.0134583 
0.0141030 
0.0200620 
0.0212353 
0.0343832 
0.0847211 
0.1120753 
0.1264604 
0.1269863 
0.1452483 
0.1427314 
0.1401554 
0.1311959 
0.1144544 
0.1127695 
0.1140115 
0.1161852 
0.1113044 
0.0942524 
0.0933830 
0.0821455 
0.0788799 
0.0705531 
0.0711334 
0.0715377 
0.0798285 
0.0746990 
0.0790765 
0.0844738 
0.0732887 
0.0707970 
0.0656248 
0.0555372 
0.0529196 
0.0581847 
0.0601351 
0.0409479 
0.0310820 
0.0326654 
0.0516735 
0.0725940 
0.0979641 
0.1063315 
