-0.0001889 
-0.0000830 
0.0000635 
0.4877900 
-0.0836691 
-0.0959225 
0.5468339 
0.5594549 
0.5582789 
0.5529661 
0.5418042 
0.5290288 
0.5692477 
0.5863907 
0.5997023 
0.5867058 
0.6068654 
0.5906302 
0.5669636 
0.5628041 
0.5362151 
0.5224338 
0.5288614 
0.5362712 
0.5315037 
0.5529239 
0.5690292 
0.5653862 
0.5087527 
0.5100210 
0.5303799 
0.5194578 
0.5106721 
0.5007201 
0.5117678 
0.5542883 
0.5096982 
0.5120652 
0.5050141 
0.4932868 
0.5209746 
0.5195121 
0.5225337 
0.5311928 
0.5115190 
0.5187412 
0.5167829 
0.4926341 
0.4961597 
0.4982820 
0.4824351 
0.4816076 
0.4772372 
0.4738358 
0.4879820 
0.4960491 
0.5096468 
0.5062052 
0.4843303 
0.4967192 
0.4916792 
0.4762597 
0.4921662 
0.5168288 
0.5302282 
0.5607540 
0.5273390 
0.5112090 
0.5006247 
0.5054132 
0.5181480 
0.5384989 
0.5592984 
0.5577895 
0.5498874 
0.5495207 
0.5684215 
0.5689879 
0.5530303 
0.5269467 
0.5176355 
0.5589701 
0.5842379 
0.5882869 
0.5724631 
0.5720659 
0.5905437 
0.5528115 
0.5366892 
0.5378680 
0.5146011 
0.5102527 
0.4886276 
0.4929637 
0.4918033 
0.4958396 
0.4965817 
0.4926082 
0.5053201 
0.5239247 
0.5270395 
0.5210253 
0.5175432 
0.5064255 
0.4639446 
0.4855167 
0.4889805 
0.4950069 
0.4913639 
0.4920507 
0.4849680 
0.4775242 
0.4964504 
0.4746852 
0.4576484 
0.4493566 
0.4345492 
0.4629129 
0.4312861 
0.4207519 
0.4430407 
0.4640013 
0.4650691 
0.4381162 
0.4183631 
0.4255919 
0.4437008 
0.4397446 
0.4220624 
0.4250732 
0.4422699 
0.4379976 
0.4513420 
0.4397571 
0.4696129 
0.4557930 
0.4519201 
0.4605715 
0.4584139 
0.4524767 
0.4468234 
0.4341113 
0.4290509 
0.4514946 
0.4241832 
0.4342832 
0.4432700 
0.4426957 
0.4433851 
0.4131739 
0.4131287 
0.4102975 
0.3887601 
0.4215080 
0.4255954 
0.4253836 
0.4279883 
0.4240497 
0.4025766 
0.4099067 
0.4067460 
0.4060349 
0.4134526 
0.4188869 
0.4665527 
0.4607261 
0.4483687 
0.4572992 
0.4641484 
0.4554674 
0.4626517 
0.4503882 
0.4640778 
0.4615225 
0.4616306 
0.4583801 
0.4690828 
0.4847033 
0.4772892 
0.4793930 
0.4855891 
0.4906629 
0.4911397 
0.5236264 
0.5264837 
0.5193476 
0.5094820 
0.5068083 
0.4816185 
0.4990089 
0.4727930 
0.4480306 
0.4354419 
0.4571760 
0.4486458 
0.4501453 
0.4591444 
0.4560877 
0.4344711 
0.4435820 
0.4358404 
0.4563003 
0.4584939 
0.4618710 
0.4775041 
0.4804230 
0.4777093 
0.4611422 
0.4807484 
0.4744642 
0.4738448 
0.4746429 
0.4679673 
0.4839642 
0.4904790 
0.5072084 
0.5154709 
0.5337807 
0.5365067 
0.5447127 
0.5569307 
0.5583716 
0.5690386 
0.5462410 
0.5477028 
0.5659802 
0.5789459 
0.5665832 
0.5895312 
0.5782127 
0.6037435 
0.6055374 
0.5950258 
0.5904123 
0.5959754 
0.5875634 
0.5890817 
0.5931143 
0.5937744 
0.6132683 
0.5968143 
0.5746602 
0.5588268 
0.5495438 
0.5934526 
0.5836184 
0.5607423 
0.5328409 
0.5492639 
0.5191542 
0.5140490 
0.5005138 
0.5039255 
0.4881864 
0.5043839 
0.4967461 
0.4848647 
0.4917448 
0.5132007 
0.5271215 
0.5246196 
0.5124256 
0.5065009 
0.4790779 
0.4962727 
0.4944156 
0.5097664 
0.4943812 
0.4958190 
0.4914628 
0.5094815 
0.4910367 
0.4981901 
0.4885575 
0.4861528 
0.4945392 
0.4895502 
0.5184317 
0.5126176 
0.4872784 
0.4673282 
0.4716268 
0.4719944 
0.4996571 
0.4997014 
0.4915920 
0.5068539 
0.4971183 
0.5085321 
0.4991136 
0.5191913 
0.5239750 
0.5086219 
0.5194731 
0.5094349 
0.5019968 
0.5147132 
0.4939440 
0.4891570 
0.4793808 
0.4838304 
0.5068356 
0.5076796 
0.5039148 
0.4802792 
0.4834229 
0.5046156 
0.5293862 
0.5350687 
0.4907121 
0.4855595 
0.4864675 
0.4780746 
0.4930178 
0.5016364 
0.4953525 
0.4817588 
0.4817506 
0.4960888 
0.5158898 
0.5217794 
0.5250651 
0.5659751 
0.5591644 
0.5610223 
0.5738784 
0.5727375 
0.5658675 
0.5393101 
0.5671304 
0.5616233 
0.5595171 
0.5595910 
0.5590404 
0.5702189 
0.5870640 
0.5886218 
0.5867821 
0.5889057 
0.5726559 
0.5749972 
0.6035823 
0.6118073 
0.5938625 
0.5827218 
0.5861988 
0.5633745 
0.5760566 
0.5820138 
0.5765106 
0.5965880 
0.5913692 
0.6169067 
0.6200070 
0.6071256 
0.6035791 
0.5773509 
0.5997278 
0.5875102 
0.5896854 
0.5896975 
0.5780539 
0.5673168 
0.5729055 
0.5690449 
0.5850393 
0.5740444 
0.5840948 
0.5801571 
0.6066650 
0.5653198 
0.5624582 
0.5639954 
0.5612208 
0.5533310 
0.5440703 
0.5504590 
0.5396910 
0.5349035 
0.5113490 
0.4978517 
0.4899901 
0.5297936 
0.5673369 
0.5804561 
0.5713152 
0.5847851 
0.5936997 
0.5942479 
0.5927631 
0.5767756 
0.6019564 
0.5846566 
0.5663758 
0.5562060 
0.5632546 
0.5679802 
0.5482215 
0.5505955 
0.5348708 
0.5602364 
0.5570448 
0.5930188 
0.5976481 
0.6035386 
0.6011148 
0.5905712 
0.5870577 
0.5907155 
0.5902670 
0.5790624 
0.5581916 
0.5719768 
0.5437985 
0.5878248 
0.6139049 
0.5996440 
0.5772941 
0.6013759 
0.6122187 
0.6232376 
0.6205952 
0.6301850 
0.6536835 
0.6418296 
0.6611452 
0.6376556 
0.6421994 
0.6343502 
0.6317324 
0.6337660 
0.6331720 
0.6358690 
0.6102486 
0.6324732 
0.6408755 
0.6209825 
0.6429213 
0.6692654 
0.6587154 
0.6491018 
0.6423671 
0.6374927 
0.6191642 
0.6137120 
0.5930011 
0.5908764 
0.5907777 
0.5900730 
0.5919668 
0.5755116 
0.6054035 
0.6035355 
0.6126164 
0.6088145 
0.6075769 
0.6095882 
0.6269950 
0.6484138 
0.6332898 
0.6412014 
0.6438754 
0.6496553 
0.6452522 
0.6646056 
0.6178725 
0.6236422 
0.6187121 
0.5998461 
0.6132248 
0.6264394 
0.6295086 
0.6371418 
0.6063000 
0.6145565 
0.6243347 
0.6608538 
0.6254948 
0.6205882 
0.6348108 
0.6642482 
0.6823152 
0.6605696 
0.6676817 
0.6728087 
0.6946081 
0.7056180 
0.6817555 
0.7159735 
0.7290618 
0.7156554 
0.7147831 
0.7122327 
0.6998298 
0.6872045 
0.7138305 
0.7205012 
0.7057029 
0.6940608 
0.7223271 
0.7509401 
0.7262621 
0.7198596 
0.7036470 
0.7448328 
0.7470023 
0.7578637 
0.7870206 
0.7635954 
0.7577173 
0.7501824 
0.7426725 
0.7350212 
0.7362443 
0.7176979 
0.7390765 
0.7503372 
0.7385451 
0.7102048 
0.7044035 
0.7011340 
0.7279883 
0.7312042 
0.7223792 
0.7293698 
0.7427412 
0.6791965 
0.6636774 
0.6702213 
0.6983501 
0.6876367 
0.6999379 
0.6893640 
0.6926270 
0.6933032 
0.7110095 
0.6979129 
0.7135758 
0.7165090 
0.7253277 
0.7353581 
0.7246618 
0.7150660 
0.7031273 
0.7151921 
0.7184041 
0.7251652 
0.7245882 
0.7157632 
0.7168146 
0.7273494 
0.7060567 
0.7030494 
0.7013383 
0.7132988 
0.7237239 
0.7011990 
0.7171269 
0.7200008 
0.7179124 
0.7101131 
0.7362609 
0.7532466 
0.7178413 
0.7263201 
0.7352893 
0.7164956 
0.6973162 
0.7156494 
0.7305769 
0.7298729 
0.7137118 
0.7154820 
0.7115554 
0.7107527 
0.7156118 
0.7100730 
0.7049718 
0.7096854 
0.6795195 
0.6948477 
0.6961819 
0.6902459 
0.6968696 
0.7076479 
0.7047340 
0.6931848 
0.7148546 
0.7233820 
0.7534839 
0.7494776 
0.7388582 
0.7294059 
0.7312230 
0.7242667 
0.7179177 
0.7234536 
0.7400743 
0.7280833 
0.7093278 
0.6989303 
0.7195740 
0.7270572 
0.7582161 
0.7566207 
0.7481141 
0.7412927 
0.7167312 
0.7167806 
0.7142972 
0.7122185 
0.7434586 
0.7202900 
0.7397597 
0.7606272 
0.7564511 
0.7514889 
0.7494247 
0.7600746 
0.7359052 
0.7188759 
0.7233733 
0.7421137 
0.7555271 
0.7618516 
0.7706746 
0.7732470 
0.7635598 
0.7661499 
0.7643413 
0.7718157 
0.7763731 
0.7760959 
0.7901339 
0.7864190 
0.7890813 
0.8192197 
0.8429728 
0.8192675 
0.8123502 
0.8268448 
0.8186213 
0.8123889 
0.7899522 
0.8351985 
0.8241467 
0.8077684 
0.8185099 
0.7952011 
0.7595416 
0.7489458 
0.7565341 
0.8101465 
0.7811013 
0.7724311 
0.7637495 
0.7748229 
0.7381562 
0.7477590 
0.7789010 
0.7695970 
0.7647675 
0.7500675 
0.7495464 
0.7518335 
0.7432273 
0.7277565 
0.7300084 
0.7524878 
0.7402659 
0.7330819 
0.7443196 
0.7374640 
0.7595688 
0.7490577 
0.7687227 
0.7712435 
0.7269848 
0.7345705 
0.7158120 
0.7074829 
0.7227169 
0.7041493 
0.7206703 
0.7244607 
0.7043265 
0.7011395 
0.7214270 
0.7111953 
0.7218491 
0.7313955 
0.7270247 
0.7032357 
0.7415717 
0.7538290 
0.7565673 
0.7568121 
0.7563869 
0.7718941 
0.7592661 
0.7423528 
0.7200536 
0.7100182 
0.7104513 
0.7259041 
0.7310267 
0.7092243 
0.7097858 
0.7197019 
0.7331503 
0.7429119 
0.7173327 
0.7329044 
0.7154079 
0.7277285 
0.7198421 
0.7214967 
0.7455775 
0.7489552 
0.7480245 
0.7615656 
0.7257937 
0.7268812 
0.7326590 
0.7338221 
0.7103710 
0.6958192 
0.7096202 
0.6780344 
0.7024546 
0.6955399 
0.7128366 
0.7151118 
0.7305962 
0.7199083 
0.7185157 
0.7376001 
0.7601320 
0.7564819 
0.7683381 
0.7756567 
0.7787745 
0.7104384 
0.7586513 
0.7348910 
0.7297651 
0.7329271 
0.7338441 
0.7540925 
0.7560081 
0.7365864 
0.7373444 
0.7519727 
0.7641594 
0.7484033 
0.7330386 
0.7147806 
0.7179632 
0.7172271 
0.7532026 
0.7360407 
0.7355808 
0.7637113 
0.7473927 
0.7283964 
0.7333863 
0.7156428 
0.6952029 
0.7171137 
0.7203494 
0.7268823 
0.7152978 
0.7275801 
0.7205326 
0.7216835 
0.6987190 
0.7135381 
0.7005309 
0.7001647 
0.6852242 
0.6596391 
0.6146037 
0.6123083 
0.6112270 
0.6091489 
0.6287868 
0.6333344 
0.6458693 
0.6661024 
0.6925342 
0.6924047 
0.6956404 
0.7098168 
0.7184048 
0.7033645 
0.7049769 
0.7091705 
0.6981645 
0.7170804 
0.7015502 
0.7296353 
0.7360559 
0.7381765 
0.7459285 
0.7534471 
0.7377332 
0.7514366 
0.7609580 
0.7811905 
0.7631682 
0.7751314 
0.7576925 
0.7515388 
0.7505281 
0.7598820 
0.7757354 
0.7850878 
0.7931880 
0.7962225 
0.7886513 
0.7915281 
0.7548435 
0.7524705 
0.7535693 
0.7703823 
0.7521084 
0.7720403 
0.7353202 
0.7423910 
0.7417607 
0.7325917 
0.7520931 
0.7268705 
0.7097132 
0.7019376 
0.6875361 
0.6885491 
0.6887735 
0.6858990 
0.7042779 
0.6856349 
0.6805259 
0.6917050 
0.6927480 
0.6909055 
0.7100877 
0.6964562 
0.7138521 
0.7097538 
0.7047081 
0.7155616 
0.7162200 
0.7074129 
0.7085761 
0.6967455 
0.6860520 
0.6703698 
0.6607029 
0.6972138 
0.6948700 
0.6908984 
0.7042127 
0.6934833 
0.7034033 
0.7107017 
0.7019446 
0.6795815 
0.6826150 
0.6963160 
0.6908798 
0.7209242 
0.7412396 
0.7281930 
0.7327945 
0.7460852 
0.7456106 
0.7703218 
0.7540827 
0.7506348 
0.7668393 
0.7754569 
0.7698688 
0.7761117 
0.7852671 
0.8128172 
0.8008872 
0.8006227 
0.7896181 
0.8200029 
0.8034479 
0.8072216 
0.7936913 
0.7950964 
0.7859053 
0.7815947 
0.7727996 
0.7552796 
0.7744903 
0.7853611 
0.7862496 
0.7768163 
0.7888196 
0.7888179 
0.7899972 
0.7848711 
0.7973669 
0.8185989 
0.8246749 
0.8209541 
0.8173585 
0.8366407 
0.8248420 
0.8118521 
0.8114049 
0.8244475 
0.8170075 
0.8479010 
0.8293603 
0.8264800 
0.8409559 
0.8438965 
0.8432580 
0.8600395 
0.8554891 
0.8772808 
0.8843267 
0.8375051 
0.8742168 
0.8949753 
0.8797037 
0.8725606 
0.8523208 
0.8459367 
0.8514242 
0.8118375 
0.7897929 
0.7766602 
0.7792410 
0.7681736 
0.7743231 
0.7735219 
0.7727303 
0.7743429 
0.7984633 
0.8103356 
0.8346678 
0.8424540 
0.8396628 
0.8273374 
0.8388191 
0.8206096 
0.8429618 
0.8413011 
0.8521495 
0.8333723 
0.8481216 
0.8687113 
0.8866373 
0.8971710 
0.8795663 
0.9028753 
0.9253187 
0.9461614 
0.9408075 
0.9215891 
0.9667574 
0.9726793 
0.9782898 
0.9923056 
0.9765095 
0.9571461 
0.9391777 
0.9167032 
0.9018424 
0.8776968 
0.8274171 
0.7469881 
0.6898603 
0.6909992 
0.6883494 
0.6777208 
0.6905023 
0.6838857 
0.6998503 
0.7058998 
0.7130360 
0.7129567 
0.6997289 
0.6952898 
0.6856534 
0.6755086 
0.6626137 
0.6839874 
0.6742389 
0.6901685 
0.7012832 
0.7144014 
0.7082349 
0.7123460 
0.7223688 
0.7191611 
0.6882592 
0.6940473 
0.7133977 
0.7040404 
0.7150290 
0.7154547 
0.7438294 
0.7989748 
0.8049100 
0.8340483 
0.8638299 
0.8867861 
0.9058990 
0.9319286 
0.9487680 
0.9834994 
0.9867693 
0.9661165 
0.9489557 
0.9387752 
0.9325592 
0.9180005 
0.8840002 
0.8722242 
0.8626125 
0.8797449 
0.8832422 
0.8825793 
0.8737762 
0.9035713 
0.9002519 
0.8753528 
0.8873413 
0.8833262 
0.8906553 
0.9040711 
0.8747380 
0.8767350 
0.8635552 
0.8668899 
0.8519776 
0.8357802 
0.8263822 
0.8350926 
0.8192627 
0.8548595 
0.8657610 
0.8676285 
0.8840888 
0.9088425 
0.9036569 
0.9083142 
0.9197074 
0.9374588 
0.9495572 
0.9613434 
0.9818681 
0.9685836 
0.9677797 
0.9430182 
0.9208362 
0.9153205 
0.9317852 
0.9391177 
0.9189438 
0.9081994 
0.9052950 
0.9039003 
0.9048976 
0.9149535 
0.9096819 
0.9137690 
0.9078569 
0.8947471 
0.9091466 
0.9108805 
0.9110026 
0.9164699 
0.9302828 
0.9300835 
0.9168631 
0.8838374 
0.8888223 
0.8850060 
0.8880040 
0.8966057 
0.9197902 
0.9349733 
0.9278210 
0.9308012 
0.9010180 
0.9092213 
0.9001410 
0.8854923 
0.8880298 
0.8706109 
0.8762312 
0.8897421 
0.8607812 
0.8798576 
0.8828180 
0.8996164 
0.8625564 
0.8449702 
0.8240783 
0.8516698 
0.8517947 
0.8742303 
0.8640144 
0.8695387 
0.8649986 
0.8628401 
0.8732115 
0.8647407 
0.8458322 
0.8370039 
0.8242997 
0.8329560 
0.8572344 
0.8396964 
0.8401683 
0.8513159 
0.8715314 
0.8806490 
0.8998913 
0.9069850 
0.9028874 
0.8952828 
0.8937138 
0.9095895 
0.9119559 
0.9029968 
0.9100318 
0.9092521 
0.8973824 
0.8783261 
0.8898791 
0.8862140 
0.9030416 
0.9167396 
0.8891963 
0.8898840 
0.8934392 
0.8897325 
0.8888685 
0.8984164 
0.8888498 
0.8928785 
0.8887094 
0.8644919 
0.8741177 
0.8832484 
0.8858534 
0.8700522 
0.8563603 
0.8596093 
0.8570149 
0.8603381 
0.8609336 
0.8479108 
0.8500289 
0.8437572 
0.8305358 
0.8244548 
0.8392804 
0.8199659 
0.8420639 
0.8351999 
0.8329656 
0.8176588 
0.8513085 
0.8419144 
0.8333008 
0.8512479 
0.8516926 
0.8364532 
0.8332351 
0.8311976 
0.8169608 
0.8096968 
0.8094349 
0.8207561 
0.8206563 
0.7935865 
0.7839807 
0.7882459 
0.7968024 
0.7982145 
0.7649705 
0.7820128 
0.7709528 
0.7632772 
0.7787976 
0.7632686 
0.7605428 
0.7778291 
0.7736679 
0.8279579 
0.8446624 
0.8343697 
0.8421191 
0.8369867 
0.8261157 
0.8193215 
0.8288158 
0.8164304 
0.8014707 
0.8162028 
0.8199504 
0.8227357 
0.8307527 
0.8271211 
0.8265935 
0.8128010 
0.8398560 
0.8436346 
0.8388680 
0.8458122 
0.8466584 
0.8663095 
0.8662398 
0.8268943 
0.8495223 
0.8371039 
0.8296849 
0.8265273 
0.8241036 
0.8317500 
0.8337993 
0.8296781 
0.8548489 
0.8643367 
0.8352428 
0.8496172 
0.8567912 
0.8500880 
0.8421924 
0.8528171 
0.8684247 
0.8598781 
0.8530220 
0.8606705 
0.8549144 
0.8636093 
0.8657586 
0.8757349 
0.8919042 
0.9208909 
0.9052990 
0.9391353 
0.9509331 
0.9581468 
0.9231289 
0.9176484 
0.9422860 
0.9001131 
0.9267347 
0.9243968 
0.9239953 
0.9144235 
0.9146847 
0.8900359 
0.8931564 
0.9032417 
0.8938523 
0.8765611 
0.9042503 
0.8700974 
0.9133209 
0.8893844 
0.8926859 
0.8871355 
0.8874137 
0.8956639 
0.8983468 
0.8867060 
0.9073583 
0.9050252 
0.8971220 
0.8996857 
0.9063521 
0.9235388 
0.8847299 
0.8983045 
0.9082674 
0.8821759 
0.8735528 
0.8769715 
0.8903882 
0.9040337 
0.9314613 
0.9275116 
0.9370462 
0.9324421 
0.8899304 
0.8877382 
0.9050723 
0.9129332 
0.9272929 
0.9027295 
0.9056604 
0.8919661 
0.9060480 
0.8939769 
0.8868139 
0.8780522 
0.8789653 
0.8769841 
0.8783507 
0.8747061 
0.8587503 
0.8524472 
0.8088458 
0.7942892 
0.7919158 
0.7912350 
0.7822908 
0.8042695 
0.8264696 
0.8393146 
0.8515274 
0.8562828 
0.8553909 
0.8443501 
0.8233060 
0.8389534 
0.8459873 
0.8432132 
0.8373373 
0.8437069 
0.8455564 
0.8221151 
0.8198578 
0.8090971 
0.8067136 
0.7670290 
0.8190824 
0.8278715 
0.8213843 
0.8260174 
0.8498463 
0.7999574 
0.7981532 
0.8110742 
0.8291135 
0.8349273 
0.8209956 
0.8133906 
0.8147179 
0.8302247 
0.7986307 
0.8028529 
0.8254792 
0.8195334 
0.8359136 
0.8244846 
0.8427542 
0.8552684 
0.8084872 
0.7847424 
0.8136418 
0.8063009 
0.7983635 
0.8134394 
0.8124131 
0.8103432 
0.8232986 
0.8005884 
0.8207526 
0.8150552 
0.8204617 
0.8123178 
0.7999939 
0.8083736 
0.7927385 
0.7873277 
0.7662210 
0.7725875 
0.7668330 
0.7436021 
0.7432922 
0.7545812 
0.7475811 
0.7423351 
0.7751248 
0.7342097 
0.7577838 
0.7338083 
0.7244376 
0.7522327 
0.7458244 
0.7463037 
0.7430109 
0.7636622 
0.7533904 
0.7510423 
0.7648741 
0.7817261 
0.7897294 
0.7864762 
0.8070504 
0.8161699 
0.8353606 
0.8699709 
0.8998018 
0.8906945 
0.8826366 
0.8679809 
0.8568488 
0.8243922 
0.8217075 
0.8537002 
0.8537128 
0.8249105 
0.8356770 
0.8257918 
0.8157234 
0.8067223 
0.8034179 
0.7968238 
0.8195842 
0.8257082 
0.8214580 
0.8136167 
0.8229765 
0.8232224 
0.8020607 
0.8053267 
0.8061869 
0.8221715 
0.8398103 
0.8361437 
0.8399358 
0.8486720 
0.8316461 
0.8233554 
0.8304431 
0.8143521 
0.7986041 
0.8131608 
0.8269502 
0.8078043 
0.8204754 
0.8139434 
0.8066269 
0.8554791 
0.8575444 
0.8337108 
0.8533710 
0.8960525 
0.9018912 
0.8861213 
0.8807344 
0.8636305 
0.8745379 
0.8430599 
0.8502877 
0.8566385 
0.8446755 
0.8360701 
0.8147666 
0.7996170 
0.8211019 
0.8151465 
0.8085080 
0.8200240 
0.8503265 
0.8569696 
0.8377404 
0.8522657 
0.8528063 
0.9054635 
0.9017122 
0.8951046 
0.8750033 
0.8880792 
0.8721469 
0.8821902 
0.8805536 
0.8738608 
0.8816109 
0.8978895 
0.8960391 
0.8876873 
0.8825479 
0.8681054 
0.8770009 
0.8997369 
0.8500385 
0.8469864 
0.8401694 
0.8788524 
0.8693553 
0.8839377 
0.9113103 
0.9169933 
0.9045470 
0.8910236 
0.9036838 
0.8742119 
0.8523231 
0.8378319 
0.8484700 
0.8641110 
0.8599583 
0.8757637 
0.8749535 
0.8585388 
0.8616759 
0.8743451 
0.9122558 
0.9002060 
0.9165987 
0.9111434 
0.9237860 
0.9142768 
0.9182805 
0.9215457 
0.9129367 
0.8810991 
0.9232726 
0.9135431 
0.9158309 
0.8999894 
0.9253483 
0.9116110 
0.9062238 
0.8897342 
0.9143927 
0.9432156 
0.9563711 
0.9673308 
0.9413012 
0.9494200 
0.9609401 
0.9585985 
0.9915854 
1.0000000 
0.9451590 
0.9273917 
0.9120780 
0.9133417 
0.9211181 
0.9067205 
0.9243503 
0.9332913 
0.9578208 
0.9453564 
0.9367897 
0.9362646 
0.8824207 
0.8890089 
0.8963737 
0.9099687 
0.9153456 
0.9073489 
0.9166887 
0.9265457 
0.9224022 
0.9090988 
0.9244857 
0.9005944 
0.9085005 
0.9306668 
0.9065515 
0.9342651 
0.9630883 
0.9455648 
0.9195378 
0.9294109 
0.9138289 
0.9460773 
0.9396732 
0.9714353 
0.9724060 
0.9561679 
0.9333666 
0.9179563 
0.9345101 
0.9562214 
0.9353013 
0.9212062 
0.8958880 
0.9039840 
0.9059955 
0.9297953 
0.9152969 
0.9011161 
0.9106597 
0.9256382 
0.9395308 
0.9187099 
0.9082700 
0.9333463 
0.9089232 
0.9221149 
0.9439773 
0.9442461 
0.9295997 
0.9473033 
0.9428620 
0.9520956 
0.9576934 
0.9639734 
0.9034232 
0.9258567 
0.9291385 
0.9497933 
0.9317113 
0.9346437 
0.9474292 
0.9558855 
0.9599366 
0.9425625 
0.9446447 
0.9686473 
0.9557643 
0.9393039 
0.9374227 
0.9394318 
0.9386527 
0.9236356 
0.9223887 
0.8945064 
0.8878730 
0.8832025 
0.8898312 
0.8893644 
0.9077119 
0.8842343 
0.8887066 
0.8887296 
0.8823905 
0.8758553 
0.8506570 
0.8518619 
0.8345178 
0.8420424 
0.8416870 
0.8541684 
0.8607037 
0.8715989 
0.8785239 
0.8860012 
0.8479550 
0.8566901 
0.8462244 
0.8408298 
0.8040013 
0.8115755 
0.8114134 
0.8295231 
0.8216787 
0.8180373 
0.8174555 
0.8188635 
0.8618380 
0.8606835 
0.8502556 
0.8481303 
0.8434588 
0.8623701 
0.8774437 
0.8513971 
0.8271032 
0.7844276 
0.8433368 
0.8268920 
0.8516829 
0.8493788 
0.8611181 
0.8514682 
0.8660421 
0.8468217 
0.8227394 
0.8289958 
0.8567263 
0.8745033 
0.8850472 
0.8754644 
0.8650023 
0.8718377 
0.8865282 
0.8914011 
0.8753628 
0.8530749 
0.8677120 
0.8602068 
0.8590558 
0.8319714 
0.8332385 
0.8868913 
0.8882716 
0.8926944 
0.8835514 
0.8651805 
0.8693022 
0.8815490 
0.8742398 
0.8846738 
0.9045932 
0.9019655 
0.9164640 
0.9134228 
0.9109576 
0.9159555 
0.9213367 
0.9324056 
0.9204221 
0.9268940 
0.9363214 
0.9274362 
0.9145906 
0.9226288 
0.8998886 
0.9245325 
0.9139961 
0.9090938 
0.8971735 
0.9120697 
0.9014544 
0.8994403 
0.8888600 
0.9002604 
0.9209100 
0.9164559 
0.8960637 
0.9027271 
0.9401011 
0.9545008 
0.9789596 
0.9588247 
0.9433819 
0.9591443 
0.9062876 
0.8388440 
0.8438113 
0.8480419 
0.8473170 
0.8596372 
0.8201596 
0.8125164 
0.8201814 
0.8323131 
0.8175867 
0.8262399 
0.8274188 
0.8911791 
0.8915762 
0.9000511 
0.8786948 
0.8927608 
0.8748225 
0.8917961 
0.9262654 
0.9413721 
0.9608432 
0.8799696 
0.8610026 
0.8608236 
0.8715117 
0.8644822 
0.8727113 
0.8721502 
0.8574061 
0.8423953 
0.8356517 
0.8398740 
0.8131279 
0.8303067 
0.8276092 
0.8106445 
0.8151939 
0.8006196 
0.8241436 
0.8351717 
0.8082129 
0.8077905 
0.8160339 
0.8292307 
0.8343010 
0.8188218 
0.8119914 
0.8104245 
0.8085802 
0.8221932 
0.8396987 
0.8398136 
0.8286733 
0.8248010 
0.8219987 
0.8204408 
0.8484773 
0.8666390 
0.8377537 
0.8253557 
0.8061965 
0.8160017 
0.8092354 
0.8121538 
0.8204514 
0.8149957 
0.8309783 
0.8426785 
0.8205691 
0.8478812 
0.8494941 
0.8555120 
0.8546836 
0.8533034 
0.8553782 
0.8670511 
0.8534003 
0.8241385 
0.8350709 
0.8143512 
0.8153592 
0.8185075 
0.8355964 
0.8456289 
0.8528866 
0.8657946 
0.8840583 
0.8810176 
0.8977738 
0.8769181 
0.8575813 
0.8584714 
0.8641230 
0.8784893 
0.8810385 
0.8742433 
0.8535608 
0.8432283 
0.8575039 
0.8627942 
0.8533567 
0.8427807 
0.8482075 
0.8671460 
0.8584808 
0.8643887 
0.8857211 
0.8649237 
0.8977784 
0.9047290 
0.9051726 
0.9099426 
0.8945086 
0.8789232 
0.8855371 
0.8453970 
0.8453106 
0.8586868 
0.8776395 
0.8767633 
0.8688093 
0.8633210 
0.8717639 
0.8511541 
0.8576235 
0.8506571 
0.8405895 
0.8427774 
0.8372867 
0.8291883 
0.8266652 
0.8335975 
0.8352366 
0.8500533 
0.8485393 
0.8383458 
0.8287736 
0.8364034 
0.8428427 
0.8686545 
0.9595336 
0.9535751 
0.9213802 
0.8937274 
0.8783763 
0.8496788 
0.8377840 
0.8283258 
0.8251208 
0.7979482 
0.7928746 
0.7653224 
0.7464355 
0.7436508 
0.7404057 
0.7068461 
0.6731866 
0.6354133 
0.5779754 
0.5698851 
0.5900452 
0.5838865 
0.5890095 
0.6134471 
0.6462519 
0.6462906 
0.6808395 
0.6991359 
0.7033002 
0.7392346 
0.8355425 
0.9334193 
0.9232786 
0.9223881 
0.9089234 
0.8904849 
0.8829714 
0.8720193 
0.8330061 
0.8410540 
0.8065251 
0.8014287 
0.8092076 
0.8153331 
0.8151613 
0.7903690 
0.7846224 
0.8006200 
0.7967797 
0.7386167 
0.7402563 
0.7335904 
0.6935652 
0.6814752 
0.6814178 
0.6485520 
0.6305716 
0.6113640 
0.5886033 
0.5907592 
0.5728852 
0.5962495 
0.5913368 
0.5971918 
0.6085095 
0.6124340 
0.6263834 
0.6222599 
0.6319948 
0.6368827 
0.6287324 
0.6112345 
0.5767569 
0.5821255 
0.5705348 
0.5421287 
0.5594979 
0.5850483 
0.5676540 
0.5828339 
0.5997368 
0.5735379 
0.5806066 
0.5953944 
0.5723485 
0.5598848 
0.5553716 
0.5761984 
0.5450183 
0.5146199 
0.5222647 
0.5218376 
0.5002234 
0.5016988 
0.4950052 
0.4791536 
0.5070719 
0.4939066 
0.5253314 
0.4882696 
0.4930231 
0.4699347 
0.4752444 
0.5197694 
0.4875457 
0.4993401 
0.5112457 
0.5191586 
0.5187038 
0.5030696 
0.5192654 
0.5098277 
0.5153284 
0.4828535 
0.4729209 
0.4544123 
0.4768775 
0.4560181 
0.4395782 
0.4405463 
0.4441218 
0.4209024 
0.4323738 
0.4361406 
0.4401531 
0.4514636 
0.4660661 
0.4626167 
0.4518772 
0.4595429 
0.4753256 
0.4654247 
0.4492911 
0.4682852 
0.4756015 
0.4639225 
0.4620775 
0.4710189 
0.4701336 
0.4922898 
0.5013572 
0.4907066 
0.4969176 
0.4805033 
0.4973127 
0.5068189 
0.5057065 
0.5025767 
0.5178368 
0.5302910 
0.5375541 
0.5442939 
0.5489861 
0.5206474 
0.5193554 
0.5517284 
0.5407434 
0.5715835 
0.5643439 
0.5869819 
0.5503365 
0.5535110 
0.5529805 
0.5650523 
0.5521310 
0.5693322 
0.5563663 
0.5944851 
0.6079142 
0.5978620 
0.5902917 
0.5993163 
0.6289513 
0.6470518 
0.6360085 
0.6255966 
0.6305473 
0.6248695 
0.6053628 
0.6031850 
0.6031171 
0.5947761 
0.6098463 
0.6232325 
0.6255225 
0.6073920 
0.6064987 
0.6174800 
0.6112323 
0.6300298 
0.6109302 
0.6140594 
0.5960222 
0.5962388 
0.5874583 
0.5985333 
0.5810005 
0.5959235 
0.5934863 
0.5815126 
0.7232148 
0.6426603 
0.6095479 
0.6055802 
0.5942511 
0.6021871 
0.5779377 
0.5818083 
0.5753191 
0.5671435 
0.5599043 
0.5545823 
0.5475715 
0.5411294 
0.5097400 
0.5037402 
0.4985708 
0.5112648 
0.4998025 
0.4923493 
0.5050359 
0.4876544 
0.4855257 
0.5052049 
0.4915399 
0.4661386 
0.4557027 
0.4490278 
0.4560127 
0.4538460 
0.4675074 
0.4912476 
0.4800052 
0.4817112 
0.4697421 
0.4734338 
0.4810657 
0.4770714 
0.4732516 
0.4473696 
0.4552986 
0.4886274 
0.4912305 
0.4850251 
0.4829380 
0.4945173 
0.4733109 
0.4746364 
0.4428971 
0.4347211 
0.4567483 
0.4569470 
0.4544842 
0.4406759 
0.4443995 
0.4391972 
0.4263936 
0.4213268 
0.4261540 
0.4576613 
0.4547457 
0.4447822 
0.4430342 
0.4247384 
0.4341684 
0.4463096 
0.4478866 
0.4764390 
0.4689256 
0.4689493 
0.4630110 
0.4624523 
0.4520722 
0.4680047 
0.4622719 
0.4699400 
0.4549092 
0.4802000 
0.4727634 
0.4582381 
0.4512191 
0.4445436 
0.4728796 
0.4591570 
0.4539599 
0.4635723 
0.4577442 
0.4899404 
0.5052868 
0.4762132 
0.4926758 
0.5051046 
0.5167109 
0.5039503 
0.4800191 
0.4517482 
0.4306904 
0.4409375 
0.4336617 
0.4339219 
0.4483400 
0.4515463 
0.4379038 
0.4479581 
0.4507248 
0.4412885 
0.4329730 
0.4397905 
0.4505739 
0.4458785 
0.4290878 
0.4523404 
0.4606846 
0.4550361 
0.4674134 
0.4822186 
0.4770276 
0.4518778 
0.4615816 
0.4881457 
0.5052647 
0.5097632 
0.4750833 
0.4754359 
0.4771181 
0.4441258 
0.4527217 
0.4577995 
0.4722575 
0.4685380 
0.4852759 
0.4656986 
0.4447199 
0.4277656 
0.4366632 
0.4122412 
0.4229683 
0.4267730 
0.4051453 
0.3776209 
0.3745009 
0.3761948 
0.3736177 
0.3589554 
0.3689227 
0.3924980 
0.3672716 
0.3853027 
0.3912473 
0.4280733 
0.4327781 
0.4502259 
0.4414104 
0.4699584 
0.4699923 
0.4842381 
0.4605533 
0.4510819 
0.4485695 
0.4425796 
0.4766642 
0.4784855 
0.4875623 
0.4806067 
0.4710438 
0.4732839 
0.4827504 
0.5062461 
0.4766038 
0.4776336 
0.4611103 
0.4660381 
0.4550312 
0.4479058 
0.4389136 
0.4375299 
0.4360939 
0.3982421 
0.3844065 
0.4183451 
0.4310646 
0.4690450 
0.4676274 
0.4699376 
0.4812404 
0.4775363 
0.4910290 
0.4899448 
0.4724348 
0.4738926 
0.4744152 
0.4793494 
0.4578026 
0.4666688 
0.4556717 
0.4239140 
0.4158761 
0.3901577 
0.4075923 
0.4771610 
0.4586421 
0.4506148 
0.4390924 
0.4300704 
0.4295277 
0.4124065 
0.4026625 
0.3826420 
0.3791662 
0.3743383 
0.3592013 
0.3803649 
0.3968898 
0.4160412 
0.4137864 
0.3823651 
0.3603401 
0.3913208 
0.3705764 
0.3826225 
0.4074551 
0.3870227 
0.4036350 
0.3938008 
0.3819755 
0.3835660 
0.4074040 
0.3938751 
0.4029131 
0.4111536 
0.3895594 
0.4000321 
0.3987984 
0.3880151 
0.3877048 
0.3667504 
0.3537008 
0.4007965 
0.4200142 
0.4194736 
0.3883098 
0.3817801 
0.3607524 
0.3673347 
0.3696786 
0.3774763 
0.3692401 
0.3848881 
0.3701041 
0.3971763 
0.4035239 
0.4137128 
0.4087266 
0.3970678 
0.4084753 
0.4097215 
0.4248736 
0.4126480 
0.4218356 
0.4316226 
0.4293681 
0.4347458 
0.4193540 
0.4163042 
0.4295199 
0.4244245 
0.4295124 
0.4238655 
0.4176790 
0.4317334 
0.4443920 
0.4073164 
0.4109505 
0.4060581 
0.3970906 
0.4066709 
0.4073151 
0.4217876 
0.3932173 
0.4115258 
0.4021974 
0.3983959 
0.3917933 
0.3956711 
0.4095048 
0.3913499 
0.4008176 
0.4032439 
0.3900272 
0.4115248 
0.3853043 
0.3877771 
0.3887730 
0.4152967 
0.4455595 
0.4380403 
0.4338670 
0.4574116 
0.4626639 
0.4706691 
0.4761681 
0.4877677 
0.4503927 
0.4100322 
0.3677415 
0.3710937 
0.3799355 
0.3783103 
0.3644644 
0.3526818 
0.3603365 
0.3626426 
0.3627028 
0.3636338 
0.3499976 
0.3708840 
0.3455783 
0.3405991 
0.3680789 
0.3479051 
0.3342052 
0.3345293 
0.3256279 
0.3250702 
0.3337305 
0.3261623 
0.3336218 
0.3308324 
0.3190347 
0.3032665 
0.2984943 
0.3167160 
0.2832122 
0.3201604 
0.3387504 
0.3441278 
0.3157755 
0.3281364 
0.3277912 
0.3163849 
0.3094284 
0.3181415 
0.3112733 
0.3099525 
0.2992962 
0.2896894 
0.3009811 
0.3015439 
0.3058720 
0.3082143 
0.3152617 
0.3078257 
0.3066126 
0.3274974 
0.3339499 
0.3179594 
0.3217208 
0.3310215 
0.3506946 
0.3853697 
0.3765651 
0.3195326 
0.3362620 
0.3158944 
0.3211247 
0.3501606 
0.3543314 
0.3479273 
0.3264503 
0.3291564 
0.3085296 
0.3130907 
0.3301710 
0.3252003 
0.3152070 
0.3248044 
0.3338622 
0.3385669 
0.3360332 
0.3691466 
0.3687889 
0.3755968 
0.3523044 
0.3793845 
0.3900520 
0.3802727 
0.3920705 
0.3769254 
0.3749805 
0.4002560 
0.3966270 
0.3874671 
0.3815223 
0.3751726 
0.3897717 
0.3863260 
0.3900792 
0.3885626 
0.3931661 
0.3711732 
0.3697089 
0.3937498 
0.3682430 
0.3818851 
0.3713312 
0.3899965 
0.3844993 
0.3875445 
0.3752157 
0.3556563 
0.3815206 
0.3944000 
0.3974458 
0.4009695 
0.3803551 
0.3740271 
0.3559814 
0.3845772 
0.3988533 
0.4030111 
0.4122290 
0.4214225 
0.3922514 
0.4078998 
0.4208919 
0.3923002 
0.3938401 
0.3946273 
0.3995650 
0.3756100 
0.3643342 
0.3798436 
0.3694014 
0.3707608 
0.3566083 
0.3657468 
0.3698305 
0.3562419 
0.3963174 
0.4085935 
0.4206392 
0.3902101 
0.3668744 
0.3954028 
0.3873069 
0.3842758 
0.3970486 
0.3880914 
0.4065770 
0.3980798 
0.3863465 
0.3827605 
0.3938136 
0.4078195 
0.3920308 
0.4010562 
0.4236047 
0.4225057 
0.4092381 
0.4023567 
0.3597040 
0.3595835 
0.3849473 
0.3447190 
0.3555712 
0.3832628 
0.3803213 
0.3685673 
0.3701405 
0.3494211 
0.3469204 
0.3530021 
0.3422982 
0.3331860 
0.3329917 
0.3413920 
0.3448011 
0.3473377 
0.3275784 
0.2848718 
0.2912857 
0.3114446 
0.2505164 
0.2678290 
0.2722524 
0.2705457 
0.2659295 
0.2215082 
0.2460862 
0.2660782 
0.2711124 
0.2533000 
0.2624061 
0.2678453 
0.2737086 
0.2440085 
0.2855528 
0.2867866 
0.2967548 
0.3305513 
0.3130800 
0.3045845 
0.3037660 
0.2711601 
0.2819291 
0.2793507 
0.2592716 
0.2636242 
0.2407526 
0.2503492 
0.2623827 
0.2627281 
0.2461144 
0.2367643 
0.2627973 
0.2623536 
0.2438664 
0.2465677 
0.2553133 
0.2591808 
0.2874408 
0.2999568 
0.2859506 
0.2849455 
0.2626837 
0.2583599 
0.2753783 
0.2774782 
0.2678522 
0.2661315 
0.2683733 
0.2677206 
0.2712763 
0.2446534 
0.2198556 
0.2165766 
0.2210266 
0.2257576 
0.2348501 
0.2143618 
0.2290844 
0.2429808 
0.2575115 
0.2448850 
0.2526200 
0.2469706 
0.2403566 
0.2541799 
0.2278285 
0.2363490 
0.2256297 
0.2211541 
0.2338190 
0.2105809 
0.2435282 
0.2416971 
0.2364357 
0.2337613 
0.2120518 
0.2176367 
0.2100686 
0.2002090 
0.1827480 
0.2095030 
0.2085376 
0.2374931 
0.2598851 
0.3172507 
0.3327189 
0.3271496 
0.3146919 
0.3175071 
0.3029821 
0.2872117 
0.1614883 
0.1518648 
0.1300740 
0.1314525 
0.1472832 
0.1746790 
0.2153227 
0.2292692 
0.2498291 
0.2586264 
0.2587614 
0.2523830 
0.2575584 
0.2482322 
0.2551740 
0.2375608 
0.2425401 
0.2281613 
0.2522556 
0.2725743 
0.2687939 
0.2733238 
0.2731312 
0.2709370 
0.2822336 
0.2977640 
0.3447797 
0.3625841 
0.3654831 
0.2843114 
0.2910377 
0.2947260 
0.3040299 
0.3228044 
0.3078434 
0.2938601 
0.3042705 
0.3014186 
0.3063219 
0.3140029 
0.3053339 
0.3268572 
0.3150273 
0.3491002 
0.3340813 
0.3036705 
0.3196550 
0.3101287 
0.3144107 
0.3236607 
0.3050517 
0.3038656 
0.3004897 
0.3025144 
0.2966770 
0.3079651 
0.3035279 
0.3025552 
0.3018964 
0.3146809 
0.3179381 
0.3117294 
0.2904167 
0.3010893 
0.3020338 
0.3102388 
0.3255128 
0.3285525 
0.3324680 
0.3251631 
0.3299472 
0.3210820 
0.3553220 
0.3676386 
0.3617804 
0.3505989 
0.3154861 
0.3187076 
0.3502059 
0.3922342 
0.4036967 
0.3348778 
0.2997686 
0.2768862 
0.3285207 
0.3183565 
0.3045615 
0.3017590 
0.3159806 
0.3174520 
0.3180832 
0.3234099 
0.3107422 
0.3050153 
0.3030789 
0.2907510 
0.3086936 
0.3004082 
0.2971652 
0.2918542 
0.3232112 
0.3095519 
0.2855632 
0.2844975 
0.2830304 
0.2866752 
0.2812814 
0.2557333 
0.2816207 
0.2691631 
0.2504526 
0.2873028 
0.2932489 
0.2774060 
0.2702651 
0.2573447 
0.2754382 
0.2682142 
0.2865993 
0.2973357 
0.2999623 
0.2754849 
0.2760578 
0.2926676 
0.2659422 
0.2776768 
0.3014847 
0.2861171 
0.3080120 
0.3140037 
0.3569374 
0.3449312 
0.2868527 
0.2949676 
0.2976384 
0.2912286 
0.2902005 
0.2899490 
0.2846247 
0.2701926 
0.2566190 
0.2521204 
0.2526068 
0.2544650 
0.2663622 
0.2819756 
0.2700474 
0.2694395 
0.2708349 
0.2590188 
0.2613031 
0.2910987 
0.3107046 
0.3189393 
0.2899314 
0.2603739 
0.2667970 
0.2785725 
0.2449907 
0.2210353 
0.2001511 
0.2096996 
0.2015872 
0.2065655 
0.2106639 
0.1988286 
0.2020211 
0.2172555 
0.2114299 
0.1893072 
0.1861884 
0.1748367 
0.1645627 
0.1662841 
0.1448806 
0.1666436 
0.1940135 
0.1985148 
0.2126770 
0.1898658 
0.1948291 
0.2036620 
0.1932851 
0.1870482 
0.1676282 
0.1811317 
0.1843475 
0.1939023 
0.1858235 
0.1575862 
0.1650789 
0.1727604 
0.1743808 
0.2151043 
0.2075081 
0.1986161 
0.2025403 
0.2080597 
0.2107266 
0.1861731 
0.1897067 
0.2034561 
0.2217442 
0.2178458 
0.2105143 
0.2226077 
0.2388913 
0.2364103 
0.2204715 
0.2325853 
0.2600133 
0.2423056 
0.2465696 
0.2533296 
0.2549247 
0.2846843 
0.2300077 
0.2022575 
0.2318066 
0.2401640 
0.2522259 
0.2491217 
0.2417807 
0.2233969 
0.2268700 
0.2357431 
0.2318164 
0.2245538 
0.2031040 
0.1847545 
0.1961288 
0.2072679 
0.2137815 
0.2232754 
0.2398070 
0.2090186 
0.1980652 
0.2097030 
0.2072752 
0.1655397 
0.1923770 
0.1944569 
0.2044343 
0.2231757 
0.2086328 
0.2402712 
0.2240682 
0.2144066 
0.2371475 
0.2194824 
0.2203604 
0.2251303 
0.2330576 
0.2197439 
0.2187877 
0.2498447 
0.2091189 
0.2163742 
0.2249224 
0.2125842 
0.2185987 
0.2255370 
0.1962723 
0.2072795 
0.2380792 
0.2190574 
0.2179740 
0.2137380 
0.2091078 
0.1931280 
0.2007795 
0.2102183 
0.2213980 
0.2278449 
0.2168211 
0.2318032 
0.2155156 
0.2072961 
0.2021938 
0.2040746 
0.1820735 
0.1604104 
0.1654196 
0.1636274 
0.1357479 
0.1428555 
0.1279272 
0.1278423 
0.1167810 
0.1072886 
0.1274771 
0.1109575 
0.1007710 
0.1269405 
0.1209313 
0.1373985 
0.1484960 
0.1399574 
0.1323068 
0.1195171 
0.1217190 
0.1255401 
0.1304952 
0.1295587 
0.1122318 
0.1058229 
0.1194651 
0.1505232 
0.1615840 
0.1718177 
0.1210881 
0.1367180 
0.1291607 
0.1339844 
0.1394237 
0.1737408 
0.1578068 
0.1825231 
0.1580231 
0.1715697 
0.1753995 
0.1749535 
0.1631231 
0.1687349 
0.1457879 
0.1524524 
0.1385707 
0.1756015 
0.1352056 
0.1500390 
0.1521661 
0.1358121 
0.1534490 
0.1591710 
0.1578186 
0.1530268 
0.1685536 
0.1706071 
0.1758817 
0.1888951 
0.1938312 
0.2137382 
0.2283756 
0.2318787 
0.2139897 
0.2183941 
0.2132164 
0.1902061 
0.1898563 
0.2070988 
0.1587070 
0.1612104 
0.1694893 
0.1639409 
0.1546869 
0.1379011 
0.1308492 
0.1422855 
0.1267442 
0.1413926 
0.1489757 
0.1494135 
0.1212216 
0.1322303 
0.1821197 
0.1778319 
0.1615197 
0.1659160 
0.1844684 
0.1617076 
0.1647589 
0.2057201 
0.1977930 
0.1612974 
0.1719212 
0.1876180 
0.1773343 
0.1714273 
0.2045987 
0.1970343 
0.1927569 
0.1739295 
0.1858045 
0.2084124 
0.1931870 
0.1729485 
0.1598297 
0.1285897 
0.1522197 
0.1442440 
0.1503637 
0.1512505 
0.1280009 
0.1236466 
0.1281348 
0.1284946 
0.1013852 
0.0712041 
0.0765489 
0.0746739 
0.1041926 
0.0956174 
0.0926405 
0.1009660 
0.1079132 
0.1307395 
0.1226319 
0.1263471 
0.1256834 
0.1156560 
0.1172834 
0.1200628 
0.1161351 
0.1213103 
0.1333870 
0.1467123 
0.1556565 
0.1526613 
0.1574655 
0.1454169 
0.1565734 
0.1445215 
0.1483692 
0.1643018 
0.1637619 
0.1648039 
0.1671738 
0.1624248 
0.1585361 
0.1637337 
0.1619001 
0.1530524 
0.1531627 
0.1437661 
0.1221128 
0.1313348 
0.1098303 
0.0901397 
0.0892415 
0.0820280 
0.0609777 
0.0478849 
0.0293268 
0.0310776 
0.0427304 
0.0426363 
0.0278792 
0.0323766 
0.0448940 
0.0575743 
0.0538074 
0.0461991 
0.0531247 
0.0413756 
0.0441743 
0.0660875 
0.0912690 
0.0922234 
0.0734474 
0.0737313 
0.0699444 
0.0311224 
0.0000000 
0.0468714 
0.0562211 
0.0569168 
0.0396717 
0.0586946 
0.0610870 
0.0594014 
0.0392815 
0.0479298 
0.0625170 
0.0463128 
0.0632533 
0.0722029 
0.0484908 
0.0354620 
0.0232013 
0.0477964 
0.0557011 
0.0379815 
0.0366900 
0.0419569 
0.0511591 
0.0446003 
0.0293318 
0.0428819 
0.0508416 
0.0734979 
0.0603683 
0.0522362 
0.0597176 
0.0576509 
0.0659230 
0.0609556 
0.0801161 
0.0606883 
0.0680774 
0.0809196 
0.0587078 
0.0497824 
0.0590432 
0.0799346 
0.0741377 
0.0585436 
0.0567807 
0.0442301 
0.0137703 
0.0387724 
0.0220298 
0.0340519 
0.0584551 
0.0558630 
0.0846787 
0.0675809 
0.0865227 
0.0495712 
0.0502890 
0.0838244 
0.0796001 
0.0472456 
0.0835919 
0.0644662 
0.0849444 
0.0649776 
0.0673986 
0.0697779 
0.0406955 
0.0491584 
0.0660900 
0.0776759 
0.0577577 
0.0826923 
0.0668036 
0.0618207 
0.0683131 
0.0839050 
0.0802600 
0.0687271 
0.0428841 
0.0669918 
0.0540792 
0.0492060 
0.0288431 
0.0375711 
0.0379089 
0.0359444 
0.0486656 
0.0438750 
0.0412921 
0.0494024 
0.0511780 
0.0391224 
0.0501271 
0.0508052 
0.0356647 
0.0515220 
0.0672028 
0.0830146 
0.0697818 
0.0989397 
0.1086226 
0.1181699 
0.1247493 
0.1430047 
0.1342247 
0.1431695 
0.1275530 
0.1601887 
0.1595305 
0.1535267 
0.1533701 
0.1332687 
0.0945991 
