-0.0000404 
0.0000427 
0.0001546 
0.4396251 
0.1774429 
0.2620350 
0.0479207 
0.0416932 
0.0386995 
0.0429849 
0.0509450 
0.0664784 
0.0868738 
0.0955652 
0.0871051 
0.0829499 
0.0818464 
0.0793649 
0.0688005 
0.0714786 
0.0688359 
0.0642784 
0.0604383 
0.0567589 
0.0459009 
0.0398066 
0.0417035 
0.0434184 
0.0373733 
0.0464944 
0.0630123 
0.0724169 
0.0764266 
0.0687247 
0.0618435 
0.0613786 
0.0636056 
0.0604204 
0.0581496 
0.0665613 
0.0684972 
0.0608035 
0.0636957 
0.0744779 
0.0784120 
0.0777377 
0.0788561 
0.0950457 
0.1053751 
0.1024942 
0.0952595 
0.0836422 
0.0752957 
0.0678667 
0.0641619 
0.0620852 
0.0630239 
0.0547716 
0.0485795 
0.0410349 
0.0396988 
0.0383421 
0.0305927 
0.0245204 
0.0278799 
0.0362536 
0.0460784 
0.0416616 
0.0345466 
0.0340150 
0.0338998 
0.0353074 
0.0431699 
0.0519996 
0.0435871 
0.0340682 
0.0316763 
0.0394204 
0.0518929 
0.0562789 
0.0596179 
0.0659262 
0.0663466 
0.0625222 
0.0642554 
0.0691779 
0.0771801 
0.0723655 
0.0559881 
0.0436882 
0.0415113 
0.0419962 
0.0459331 
0.0471204 
0.0495202 
0.0439741 
0.0445519 
0.0412678 
0.0504858 
0.0533078 
0.0611299 
0.0504604 
0.0446375 
0.0398220 
0.0437581 
0.0505474 
0.0472415 
0.0505844 
0.0568644 
0.0545341 
0.0498874 
0.0505977 
0.0478866 
0.0482269 
0.0466761 
0.0580427 
0.0629566 
0.0632781 
0.0511804 
0.0435430 
0.0436623 
0.0458742 
0.0346697 
0.0389704 
0.0419000 
0.0375661 
0.0355237 
0.0334317 
0.0339849 
0.0382578 
0.0400787 
0.0506539 
0.0643873 
0.0735534 
0.0789895 
0.0824871 
0.0872393 
0.0781195 
0.0691651 
0.0637185 
0.0671440 
0.0674129 
0.0721958 
0.0598708 
0.0520416 
0.0385376 
0.0334533 
0.0236851 
0.0165691 
0.0218107 
0.0253088 
0.0314603 
0.0368506 
0.0338128 
0.0348372 
0.0362186 
0.0369491 
0.0329470 
0.0330198 
0.0394568 
0.0488005 
0.0572598 
0.0547752 
0.0462038 
0.0445998 
0.0435931 
0.0448873 
0.0365077 
0.0384073 
0.0481972 
0.0606180 
0.0597951 
0.0607167 
0.0561727 
0.0496446 
0.0324481 
0.0193923 
0.0102041 
0.0107250 
0.0224047 
0.0360518 
0.0394802 
0.0406610 
0.0294151 
0.0160863 
0.0108442 
0.0024076 
0.0000000 
0.0114111 
0.0310780 
0.0437581 
0.0644921 
0.0771027 
0.0768105 
0.0594786 
0.0413205 
0.0179277 
0.0141579 
0.0250649 
0.0456884 
0.0659919 
0.0759363 
0.0650792 
0.0495965 
0.0303197 
0.0165578 
0.0112671 
0.0085412 
0.0232644 
0.0433013 
0.0557332 
0.0589609 
0.0507120 
0.0380614 
0.0308174 
0.0211302 
0.0217549 
0.0277972 
0.0414181 
0.0450925 
0.0485882 
0.0470301 
0.0548727 
0.0623717 
0.0590968 
0.0540976 
0.0493588 
0.0431070 
0.0473649 
0.0469523 
0.0428913 
0.0373974 
0.0358757 
0.0479103 
0.0655682 
0.0684468 
0.0565605 
0.0380241 
0.0192914 
0.0064484 
0.0138756 
0.0244780 
0.0399663 
0.0469784 
0.0553763 
0.0538438 
0.0449179 
0.0265633 
0.0259455 
0.0327020 
0.0443049 
0.0466388 
0.0424321 
0.0343994 
0.0372007 
0.0449014 
0.0570538 
0.0601928 
0.0446392 
0.0309056 
0.0358660 
0.0521721 
0.0581983 
0.0462716 
0.0375355 
0.0352091 
0.0420482 
0.0496665 
0.0583166 
0.0596247 
0.0471675 
0.0431825 
0.0505439 
0.0697730 
0.0740806 
0.0716252 
0.0622645 
0.0529307 
0.0528413 
0.0605566 
0.0639250 
0.0623766 
0.0490570 
0.0283489 
0.0245256 
0.0374025 
0.0572497 
0.0651415 
0.0581297 
0.0470588 
0.0448694 
0.0409532 
0.0489275 
0.0603941 
0.0573998 
0.0498348 
0.0481130 
0.0483744 
0.0515031 
0.0604258 
0.0734446 
0.0763459 
0.0646234 
0.0596747 
0.0637625 
0.0713693 
0.0728548 
0.0697819 
0.0631734 
0.0608179 
0.0690022 
0.0771359 
0.0928749 
0.1097352 
0.0922950 
0.0801973 
0.0730812 
0.0572216 
0.0510861 
0.0474348 
0.0609766 
0.0788678 
0.0785003 
0.0576194 
0.0444950 
0.0443084 
0.0542355 
0.0593555 
0.0588450 
0.0527098 
0.0432508 
0.0222507 
0.0249427 
0.0316484 
0.0474206 
0.0567227 
0.0499157 
0.0626576 
0.0731663 
0.0810785 
0.0753075 
0.0744839 
0.0651662 
0.0677813 
0.0772193 
0.0888664 
0.0872711 
0.1011802 
0.1004437 
0.1077515 
0.1139792 
0.1181716 
0.1101265 
0.1088640 
0.1015947 
0.0883565 
0.0777427 
0.0799299 
0.0762882 
0.0741981 
0.0756099 
0.0791070 
0.0819379 
0.0870260 
0.0962072 
0.0893924 
0.0732982 
0.0676991 
0.0575295 
0.0487448 
0.0537311 
0.0587721 
0.0651436 
0.0769875 
0.0737032 
0.0737494 
0.0698263 
0.0801288 
0.0864417 
0.0746299 
0.0668517 
0.0557104 
0.0476959 
0.0533462 
0.0593653 
0.0652426 
0.0681042 
0.0586727 
0.0563022 
0.0538582 
0.0572503 
0.0709767 
0.0842884 
0.0897227 
0.0808435 
0.0631207 
0.0683162 
0.0760864 
0.0932624 
0.0980899 
0.0979087 
0.0965629 
0.0909170 
0.0830264 
0.0948914 
0.1067491 
0.1235674 
0.1220815 
0.1056808 
0.0884446 
0.0771157 
0.0694730 
0.0833763 
0.1009014 
0.1132297 
0.1350018 
0.1359090 
0.1286932 
0.1284809 
0.1376347 
0.1608086 
0.1851499 
0.1907363 
0.1769432 
0.1550995 
0.1399776 
0.1256719 
0.1327830 
0.1391268 
0.1409995 
0.1397179 
0.1256509 
0.1281468 
0.1293151 
0.1488823 
0.1737530 
0.1909683 
0.1864875 
0.1606331 
0.1348429 
0.1280929 
0.1346401 
0.1433420 
0.1471529 
0.1542708 
0.1416088 
0.1181564 
0.1068880 
0.1149770 
0.1472497 
0.1784834 
0.2087971 
0.2157394 
0.1980405 
0.1714259 
0.1540295 
0.1505308 
0.1634140 
0.1839589 
0.1980350 
0.1857967 
0.1686047 
0.1635993 
0.1548777 
0.1606159 
0.1722319 
0.2006361 
0.2124632 
0.2033539 
0.1835654 
0.1606568 
0.1557598 
0.1659476 
0.2052629 
0.3785496 
0.3838947 
0.3841363 
0.3743999 
0.3669407 
0.3726415 
0.3733669 
0.3735595 
0.3774659 
0.3853967 
0.3759347 
0.3614740 
0.3455026 
0.3404870 
0.3403215 
0.3495010 
0.3507647 
0.3607950 
0.3636958 
0.3731118 
0.3743454 
0.3751835 
0.3860057 
0.3943918 
0.3951021 
0.4213064 
0.5963559 
0.7189122 
0.8566623 
0.9177632 
0.9203923 
0.9369205 
0.9565719 
0.9722914 
0.9744633 
0.9724635 
0.9528834 
0.9449590 
0.9526939 
0.9718569 
0.9901123 
0.9981331 
1.0000000 
0.9911548 
0.9828434 
0.9836874 
0.9833258 
0.9813093 
0.9814499 
0.9745822 
0.9670657 
0.9589617 
0.9626080 
0.9611617 
0.9598411 
0.9518231 
0.9491457 
0.9460869 
0.9554622 
0.9578785 
0.9602876 
0.9672461 
0.9721842 
0.9669847 
0.9585507 
0.9589711 
0.9586600 
0.9588396 
0.9494628 
0.9507685 
0.9618523 
0.9616875 
0.9515381 
0.9489529 
0.9586788 
0.9660362 
0.9641335 
0.9573676 
0.9667405 
0.9764953 
0.9734065 
0.9707447 
0.9760814 
0.9782650 
0.9756812 
0.9724091 
0.9722816 
0.9741509 
0.9762093 
0.9712957 
0.9745789 
0.9780784 
0.9829525 
0.9786713 
0.9707998 
0.9672890 
0.9684009 
0.9653623 
0.9581496 
0.9521386 
0.9539691 
0.9560435 
0.9479840 
0.9416316 
0.9420550 
0.9401611 
0.9471846 
0.9521735 
0.9468165 
0.9454299 
0.9528009 
0.9537613 
0.9518385 
0.9547439 
0.9605071 
0.9601895 
0.9470611 
0.9376288 
0.9443527 
0.9563612 
0.9621590 
0.9585792 
0.9555042 
0.9517669 
0.9571299 
0.9584861 
0.9581259 
0.9519204 
0.9492985 
0.9447731 
0.9386148 
0.9476505 
0.9592456 
0.9588681 
0.9518021 
0.9447186 
0.9477967 
0.9555257 
0.9602751 
0.9594580 
0.9534274 
0.9372075 
0.9237104 
0.9289053 
0.9485727 
0.9494460 
0.9395909 
0.9426290 
0.9308867 
0.9248477 
0.9273361 
0.9407709 
0.9333565 
0.9252005 
0.9280792 
0.9210775 
0.9189576 
0.9290889 
0.9369216 
0.9335311 
0.9236702 
0.9235281 
0.9366083 
0.9300059 
0.9330680 
0.9350994 
0.9377804 
0.9374169 
0.9368520 
0.9383091 
0.9443729 
0.9392015 
0.9414427 
0.9388253 
0.9391508 
0.9400628 
0.9375915 
0.9287263 
0.9297042 
0.9274375 
0.9185355 
0.9128805 
0.9150314 
0.9079378 
0.9051301 
0.9107114 
0.9075556 
0.9127460 
0.9162276 
0.9130874 
0.9134548 
0.9143723 
0.9172590 
0.9204010 
0.9232196 
0.9287987 
0.9296926 
0.9235186 
0.9259511 
0.9285707 
0.9332474 
0.9376537 
0.9447025 
0.9491530 
0.9431915 
0.9387306 
0.9282834 
0.9324744 
0.9393201 
0.9410104 
0.9378559 
0.9305842 
0.9201529 
0.9120421 
0.9113281 
0.9106418 
0.8984735 
0.8971255 
0.8993029 
0.8852923 
0.8747752 
0.8907689 
0.9050936 
0.8979466 
0.8881916 
0.8943359 
0.9064032 
0.8877501 
0.8791437 
0.8895811 
0.9099344 
0.9040750 
0.8898128 
0.8906963 
0.8994713 
0.9038631 
0.8979264 
0.9027285 
0.9181426 
0.9124968 
0.8993783 
0.9006959 
0.9140684 
0.9139259 
0.9101342 
0.9098267 
0.9139126 
0.9116694 
0.9040094 
0.8956542 
0.9104084 
0.9067699 
0.8935130 
0.8868116 
0.8897492 
0.8901012 
0.8815313 
0.8883903 
0.9042981 
0.8976481 
0.8792644 
0.8848674 
0.8970280 
0.9039933 
0.8981666 
0.9052900 
0.9208453 
0.9313661 
0.9340332 
0.9557972 
0.9522755 
0.9528121 
0.9510789 
0.9498668 
0.9520401 
0.9538249 
0.9522356 
0.9513405 
0.9423846 
0.9498405 
0.9613987 
0.9609588 
0.9586678 
0.9478503 
0.9503980 
0.9495179 
0.9377461 
0.9324571 
0.9261072 
0.9295842 
0.9329984 
0.9303693 
0.9276958 
0.9358646 
0.9344575 
0.9277376 
0.9279439 
0.9204293 
0.9152277 
0.9157865 
0.9228189 
0.9233043 
0.9247727 
0.9202239 
0.9284556 
0.9370366 
0.9393013 
0.9200919 
0.9110056 
0.9053223 
0.9113406 
0.9208573 
0.9315693 
0.9347026 
0.9380182 
0.9492251 
0.9395400 
0.9351807 
0.9253728 
0.9200483 
0.9075595 
0.9042424 
0.9076792 
0.9103993 
0.9083038 
0.9034386 
0.9059444 
0.9004505 
0.9097108 
0.9039843 
0.8983637 
0.8991217 
0.9032046 
0.9291836 
0.9320597 
0.9269118 
0.9284720 
0.9169118 
0.9145680 
0.9034093 
0.9002146 
0.9033828 
0.9170987 
0.9187599 
0.9139770 
0.9169132 
0.9152420 
0.9016116 
0.8879731 
0.8757286 
0.8638153 
0.8691386 
0.8867434 
0.8996754 
0.9178064 
0.9295831 
0.9328333 
0.9383738 
0.9236247 
0.8932657 
0.8790646 
0.8807424 
0.9009362 
0.9175672 
0.9158134 
0.9107008 
0.9083934 
0.9141744 
0.9187337 
0.9151641 
0.8981848 
0.8820020 
0.8809743 
0.8988945 
0.9117767 
0.9084896 
0.9162632 
0.9146642 
0.9172140 
0.9124190 
0.8961609 
0.8769284 
0.8615118 
0.8653792 
0.8841752 
0.9038627 
0.9114935 
0.9025107 
0.8994582 
0.9005290 
0.9028334 
0.8915012 
0.8694124 
0.8632332 
0.8739699 
0.8905496 
0.8971439 
0.8936293 
0.8800779 
0.8693372 
0.8726111 
0.8723019 
0.8589569 
0.8436934 
0.8433774 
0.8628732 
0.8858000 
0.9016027 
0.9022025 
0.9005788 
0.8957628 
0.8885028 
0.8793974 
0.8640444 
0.8656780 
0.8565175 
0.8725285 
0.8866432 
0.8963333 
0.8869896 
0.8758660 
0.8872351 
0.8972073 
0.9038776 
0.8979382 
0.8816629 
0.8780483 
0.8820697 
0.8903539 
0.9030469 
0.8986195 
0.8865997 
0.8863041 
0.8954558 
0.9070861 
0.8990723 
0.8840541 
0.8803692 
0.8853294 
0.8848740 
0.8828758 
0.8707660 
0.8590987 
0.8517266 
0.8546940 
0.8638515 
0.8732712 
0.8774515 
0.8687343 
0.8687413 
0.8682389 
0.8684963 
0.8792480 
0.8871420 
0.8805425 
0.8707312 
0.8682409 
0.8614388 
0.8761506 
0.8817625 
0.8790494 
0.8744448 
0.8830868 
0.8929325 
0.8993867 
0.8922195 
0.8744087 
0.8641410 
0.8705558 
0.8660944 
0.8671752 
0.8725183 
0.8760740 
0.8826712 
0.8901967 
0.8964812 
0.8909383 
0.8815530 
0.8703828 
0.8637187 
0.8662359 
0.8516500 
0.8426572 
0.8515439 
0.8449555 
0.8578624 
0.8651574 
0.8645434 
0.8571633 
0.8503123 
0.8475307 
0.8379562 
0.8241921 
0.8167003 
0.8176087 
0.8310852 
0.8360702 
0.8380650 
0.8373913 
0.8420547 
0.8529396 
0.8578889 
0.8522525 
0.8388222 
0.8355928 
0.8465818 
0.8561583 
0.8570636 
0.8618961 
0.8684799 
0.8760025 
0.8904361 
0.8913504 
0.8860535 
0.8830891 
0.8795060 
0.8785709 
0.8624957 
0.8661906 
0.8626997 
0.8673130 
0.8684669 
0.8714014 
0.8586187 
0.8601609 
0.8644121 
0.8597822 
0.8458309 
0.8369074 
0.8348473 
0.8291082 
0.8391871 
0.8591859 
0.8630273 
0.8631662 
0.8588005 
0.8441536 
0.8376783 
0.8388344 
0.8396943 
0.8333633 
0.8399286 
0.8528444 
0.8526069 
0.8486746 
0.8622405 
0.8585959 
0.8451158 
0.8483745 
0.8509378 
0.8481348 
0.8395596 
0.8478747 
0.8510722 
0.8411478 
0.8412675 
0.8504121 
0.8335346 
0.8301256 
0.8468040 
0.8434097 
0.8302214 
0.8451364 
0.8566513 
0.8552951 
0.8528285 
0.8539572 
0.8544284 
0.8463774 
0.8555953 
0.8648707 
0.8627657 
0.8589740 
0.8647316 
0.8517973 
0.8387247 
0.8393477 
0.8448897 
0.8425131 
0.8331895 
0.8374639 
0.8297908 
0.8234670 
0.8325674 
0.8542530 
0.8561944 
0.8565277 
0.8489054 
0.8353012 
0.8308774 
0.8341845 
0.8419168 
0.8382565 
0.8330193 
0.8405563 
0.8465776 
0.8377231 
0.8321120 
0.8321679 
0.8235563 
0.8124695 
0.8204095 
0.8408342 
0.8517527 
0.8463276 
0.8396943 
0.8341576 
0.8325615 
0.8361624 
0.8638817 
0.8615171 
0.8527297 
0.8540061 
0.8639196 
0.8554247 
0.8558871 
0.8529674 
0.8461945 
0.8351834 
0.8305845 
0.8436891 
0.8595432 
0.8773195 
0.8820372 
0.8677860 
0.8522494 
0.8488121 
0.8529668 
0.8632890 
0.8563636 
0.8509050 
0.8384614 
0.8478039 
0.8502030 
0.8562829 
0.8431296 
0.8201787 
0.8044355 
0.8147364 
0.8263353 
0.8383724 
0.8316745 
0.8201914 
0.8163171 
0.8137930 
0.8308947 
0.8382789 
0.8358699 
0.8313686 
0.8191589 
0.8263004 
0.8385777 
0.8320416 
0.8257412 
0.8128506 
0.8090819 
0.8126042 
0.8194014 
0.8277880 
0.8182610 
0.8028803 
0.8014990 
0.7980954 
0.8164656 
0.8263245 
0.8243429 
0.8241198 
0.8243003 
0.8281564 
0.8349024 
0.8171839 
0.8075227 
0.8093267 
0.8246877 
0.8431208 
0.8420132 
0.8401325 
0.8298234 
0.8217659 
0.8359644 
0.8348942 
0.8282085 
0.8211885 
0.8166187 
0.8256031 
0.8335493 
0.8363687 
0.8292776 
0.8239845 
0.8241715 
0.8291943 
0.8359593 
0.8416882 
0.8403740 
0.8348136 
0.8380701 
0.8372073 
0.8220354 
0.8187633 
0.8243663 
0.8320348 
0.8276515 
0.8250629 
0.8238366 
0.8182052 
0.8218555 
0.8278555 
0.8260964 
0.8224061 
0.8230406 
0.8317258 
0.8243491 
0.8208021 
0.8216323 
0.8102861 
0.8040213 
0.8061327 
0.8037059 
0.8087424 
0.8050470 
0.8063482 
0.8158341 
0.8165884 
0.8197794 
0.8320997 
0.8366742 
0.8250029 
0.8156000 
0.8132905 
0.8143416 
0.8200461 
0.8192639 
0.8206777 
0.8205955 
0.8126626 
0.7996540 
0.7894999 
0.7801594 
0.7859677 
0.7900719 
0.7933395 
0.7930042 
0.7943753 
0.7929248 
0.7928313 
0.7886637 
0.7925337 
0.7952811 
0.7951470 
0.8036471 
0.8080428 
0.8157391 
0.8145307 
0.8127357 
0.8047418 
0.8002309 
0.8075139 
0.8079378 
0.8033680 
0.8026729 
0.8059457 
0.8017914 
0.7999585 
0.8018534 
0.8024634 
0.8074137 
0.8198877 
0.8215371 
0.8088112 
0.8034489 
0.7940729 
0.7905651 
0.7913273 
0.8053281 
0.8142499 
0.8189489 
0.8221397 
0.8092382 
0.7973852 
0.7971686 
0.7989995 
0.8144871 
0.8152576 
0.8177290 
0.8178769 
0.8090505 
0.8031482 
0.8039723 
0.8047070 
0.8136420 
0.8228028 
0.8302009 
0.8336969 
0.8312698 
0.8338605 
0.8270362 
0.8225119 
0.8180309 
0.8123939 
0.8149328 
0.8088159 
0.8183890 
0.8283862 
0.8383205 
0.8515178 
0.8436858 
0.8396217 
0.8345416 
0.8265061 
0.8285953 
0.8331769 
0.8391070 
0.8408601 
0.8385470 
0.8455617 
0.8499281 
0.8497398 
0.8473877 
0.8373187 
0.8287433 
0.8235120 
0.8250552 
0.8344181 
0.8397458 
0.8401563 
0.8350226 
0.8248307 
0.8150081 
0.8149464 
0.8126733 
0.8169414 
0.8265243 
0.8291941 
0.8217740 
0.8053601 
0.8094280 
0.8101541 
0.8150691 
0.8148036 
0.8133848 
0.8287074 
0.8363060 
0.8359270 
0.8308914 
0.8375049 
0.8440469 
0.8449705 
0.8414097 
0.8271378 
0.8248718 
0.8192988 
0.8218106 
0.8290616 
0.8391252 
0.8504288 
0.8663384 
0.8649396 
0.8575183 
0.8491831 
0.8370305 
0.8331282 
0.8219599 
0.8136823 
0.8176269 
0.8212199 
0.8286436 
0.8307639 
0.8336349 
0.8263515 
0.8210115 
0.8104355 
0.8157202 
0.8217164 
0.8220266 
0.8280703 
0.8407823 
0.8321738 
0.8304493 
0.8261230 
0.8244772 
0.8252450 
0.8162774 
0.8062627 
0.8006584 
0.8032484 
0.8045275 
0.8004317 
0.7943056 
0.7847236 
0.7809353 
0.7784953 
0.7767733 
0.7861289 
0.8005715 
0.8097445 
0.8173614 
0.8215859 
0.8200929 
0.8169744 
0.8140235 
0.8185348 
0.8233100 
0.8329848 
0.8398288 
0.8490323 
0.8497852 
0.8596678 
0.8550456 
0.8398916 
0.8308837 
0.8289848 
0.8375005 
0.8355004 
0.8404528 
0.8422527 
0.8415765 
0.8323714 
0.8070926 
0.7913205 
0.7783237 
0.7842509 
0.7866643 
0.7913477 
0.7980355 
0.8083038 
0.8173965 
0.8278349 
0.8267149 
0.8127883 
0.8099086 
0.8155129 
0.8159321 
0.8105078 
0.8139950 
0.8240564 
0.8290034 
0.8305810 
0.8382330 
0.8337606 
0.8248019 
0.8173923 
0.8140452 
0.8104025 
0.8062571 
0.8084771 
0.8112897 
0.8224026 
0.8234762 
0.8169399 
0.8042363 
0.7953733 
0.8003554 
0.7968001 
0.7969574 
0.8113664 
0.8231611 
0.8351846 
0.8378462 
0.8255691 
0.8020610 
0.7890060 
0.7852372 
0.7948879 
0.7999222 
0.8125638 
0.8194499 
0.8327853 
0.8392927 
0.8408268 
0.8255474 
0.8085061 
0.8080501 
0.8138459 
0.8203634 
0.8363453 
0.8493912 
0.8668879 
0.8816670 
0.8776182 
0.8496938 
0.8222599 
0.8034702 
0.7958371 
0.8006267 
0.8264903 
0.8417422 
0.8522604 
0.8640790 
0.8609910 
0.8490363 
0.8233250 
0.7956562 
0.7894332 
0.8041536 
0.8140535 
0.8212729 
0.8394296 
0.8549442 
0.8709480 
0.8696969 
0.8469524 
0.8085695 
0.7808173 
0.7717761 
0.7671695 
0.7764046 
0.7946198 
0.8323341 
0.8711662 
0.8868651 
0.8705637 
0.8409580 
0.8143447 
0.8009751 
0.7962938 
0.8058678 
0.8096023 
0.8183295 
0.8427243 
0.8581406 
0.8644943 
0.8498830 
0.8221057 
0.8055493 
0.7941604 
0.7910071 
0.7865082 
0.8001905 
0.8249447 
0.8438488 
0.8526503 
0.8462917 
0.8297607 
0.8097179 
0.7942381 
0.7885842 
0.7791466 
0.7814106 
0.7979470 
0.8242961 
0.8365869 
0.8360045 
0.8312306 
0.8235499 
0.8110243 
0.8039055 
0.8023468 
0.8098111 
0.8224048 
0.8408983 
0.8647611 
0.8748202 
0.8699764 
0.8629977 
0.8514608 
0.8420393 
0.8261273 
0.8176246 
0.8060437 
0.8011165 
0.8149729 
0.8269243 
0.8408590 
0.8408617 
0.8423853 
0.8330168 
0.8136766 
0.8034760 
0.7972853 
0.8020429 
0.8007458 
0.8120687 
0.8267854 
0.8317127 
0.8246463 
0.8232913 
0.8194145 
0.8002254 
0.7897035 
0.7903668 
0.7889020 
0.7872567 
0.7848647 
0.7816217 
0.7895708 
0.8002323 
0.8019593 
0.7923724 
0.7888877 
0.7970841 
0.8102911 
0.8173247 
0.8233148 
0.8158197 
0.8076972 
0.8064181 
0.8066723 
0.8089365 
0.8151236 
0.8231069 
0.8173186 
0.8078665 
0.7996322 
0.7947775 
0.7993307 
0.8133648 
0.8265634 
0.8391058 
0.8305385 
0.8217596 
0.8223503 
0.8194137 
0.8163922 
0.8063622 
0.7892715 
0.7854192 
0.7873897 
0.7910312 
0.7988569 
0.8101150 
0.8307247 
0.8338034 
0.8310715 
0.8214368 
0.8117432 
0.8047528 
0.8027200 
0.8066007 
0.8105044 
0.8183870 
0.8311448 
0.8271830 
0.8310441 
0.8330002 
0.8334931 
0.8368535 
0.8353150 
0.8316136 
0.8286875 
0.8279329 
0.8296371 
0.8333248 
0.8377993 
0.8411626 
0.8371052 
0.8300925 
0.8245647 
0.8234472 
0.8310421 
0.8296344 
0.8268758 
0.8257761 
0.8309638 
0.8305708 
0.8230368 
0.8148163 
0.8097821 
0.8154690 
0.8180757 
0.8248352 
0.8319151 
0.8305810 
0.8268658 
0.8236962 
0.8189679 
0.8237187 
0.8280147 
0.8304607 
0.8322904 
0.8359007 
0.8249595 
0.8187579 
0.8169967 
0.8072165 
0.7990682 
0.8014066 
0.8128987 
0.8305059 
0.8381670 
0.8451348 
0.8394173 
0.8294165 
0.8201009 
0.8224395 
0.8279387 
0.8278582 
0.8318490 
0.8365053 
0.8359295 
0.8350864 
0.8287819 
0.8243885 
0.8184063 
0.8050508 
0.8003737 
0.8045471 
0.8059099 
0.8124269 
0.8134458 
0.8198153 
0.8284827 
0.8357925 
0.8360863 
0.8395274 
0.8359824 
0.8296399 
0.8212070 
0.8207539 
0.8255381 
0.8229254 
0.8232124 
0.8342510 
0.8417530 
0.8412251 
0.8278369 
0.8111100 
0.7933006 
0.7902561 
0.8009304 
0.8126328 
0.8223120 
0.8284848 
0.8312542 
0.8277301 
0.8174644 
0.8000596 
0.7871176 
0.7794095 
0.7794805 
0.7910537 
0.7977634 
0.8070687 
0.8124863 
0.8146610 
0.8128614 
0.8065502 
0.7980771 
0.7886915 
0.7802767 
0.7876247 
0.7963055 
0.7978769 
0.8046133 
0.8100818 
0.8143714 
0.8158727 
0.8142603 
0.8155753 
0.8196951 
0.8297868 
0.8327879 
0.8330925 
0.8330777 
0.8394945 
0.8488329 
0.8521272 
0.8467122 
0.8488111 
0.8485622 
0.8441084 
0.8305224 
0.8155905 
0.8030846 
0.8082239 
0.8211202 
0.8180138 
0.8120170 
0.8064846 
0.8006159 
0.8003280 
0.8066665 
0.8089442 
0.8114788 
0.8167184 
0.8218564 
0.8183866 
0.8125943 
0.8076696 
0.8044279 
0.8122129 
0.8115543 
0.8071570 
0.8053144 
0.8139713 
0.8168200 
0.8153593 
0.8182617 
0.8163941 
0.8146689 
0.8118523 
0.8080517 
0.8006331 
0.7940279 
0.7923564 
0.7943179 
0.8007016 
0.8005472 
0.7947686 
0.7981887 
0.8035949 
0.8169507 
0.8245947 
0.8269761 
0.8222698 
0.8165324 
0.8139662 
0.8158259 
0.8142945 
0.8072352 
0.8015829 
0.7967792 
0.8014738 
0.8031349 
0.8095084 
0.8158937 
0.8170698 
0.8266295 
0.8346425 
0.8368711 
0.8376510 
0.8286335 
0.8211886 
0.8124888 
0.8094324 
0.8120111 
0.8163681 
0.8162417 
0.8123391 
0.8118232 
0.8152335 
0.8186060 
0.8244220 
0.8287187 
0.8343690 
0.8382864 
0.8456774 
0.8402418 
0.8347609 
0.8161842 
0.8075795 
0.8015466 
0.7945999 
0.7903796 
0.7937555 
0.7959099 
0.7972270 
0.8033482 
0.8027958 
0.8062476 
0.8099140 
0.8146061 
0.8224072 
0.8220219 
0.8127580 
0.8130413 
0.8112364 
0.8157614 
0.8117552 
0.8069292 
0.7992548 
0.7951085 
0.7962034 
0.8014955 
0.8095534 
0.8199567 
0.8269261 
0.8323474 
0.8251302 
0.8164339 
0.8081219 
0.8090396 
0.8143551 
0.8127338 
0.8123508 
0.8102809 
0.8041473 
0.8016366 
0.8063328 
0.8098100 
0.8121444 
0.8171620 
0.8235425 
0.8236876 
0.8250578 
0.8235319 
0.8133331 
0.8089722 
0.8048311 
0.7997211 
0.7980446 
0.7970451 
0.7979975 
0.8006124 
0.8049729 
0.8026333 
0.7990839 
0.8014323 
0.8000135 
0.8047683 
0.8161069 
0.8172193 
0.8224583 
0.8198423 
0.8182733 
0.8188531 
0.8257172 
0.8309174 
0.8296263 
0.8268843 
0.8267910 
0.8186289 
0.8099714 
0.8028174 
0.7984106 
0.7940671 
0.7968967 
0.7987451 
0.8036498 
0.8071353 
0.8012012 
0.8023984 
0.7940379 
0.7886910 
0.7923478 
0.8035378 
0.8057934 
0.8086680 
0.8202196 
0.8241021 
0.8232055 
0.8217217 
0.8168776 
0.8086155 
0.8119219 
0.8148695 
0.8098860 
0.8090707 
0.8044636 
0.8016635 
0.7980058 
0.8026875 
0.7953042 
0.7962040 
0.7896934 
0.7898157 
0.7909566 
0.7970562 
0.8083978 
0.8030704 
0.8101952 
0.8133663 
0.8108337 
0.8123855 
0.8084409 
0.8073034 
0.8056741 
0.8068812 
0.8028739 
0.8019924 
0.7952365 
0.7952968 
0.7972730 
0.7978232 
0.7991841 
0.7981293 
0.7881244 
0.7824429 
0.7875507 
0.7866367 
0.7961363 
0.8048787 
0.8230810 
0.8261117 
0.8218421 
0.8099315 
0.7951949 
0.7864024 
0.7847844 
0.7808136 
0.7872171 
0.7902064 
0.7908949 
0.7919236 
0.7913887 
0.7898927 
0.7897599 
0.7954656 
0.7904812 
0.7966339 
0.7990690 
0.7952814 
0.7864722 
0.7785197 
0.7732112 
0.7786337 
0.7825815 
0.7843266 
0.7867682 
0.7838928 
0.7871399 
0.7822183 
0.7720863 
0.7769423 
0.7785071 
0.7789324 
0.7797857 
0.7791515 
0.7757242 
0.7747054 
0.7791884 
0.7845342 
0.7984049 
0.8101412 
0.8218345 
0.8286342 
0.8297786 
0.8188288 
0.8077675 
0.7924837 
0.7925724 
0.7993943 
0.8110079 
0.8184152 
0.8217682 
0.8229361 
0.8234072 
0.8194621 
0.8174973 
0.8166119 
0.8175263 
0.8235524 
0.8230306 
0.8245241 
0.8229156 
0.8163161 
0.8091631 
0.7992934 
0.7927087 
0.7858383 
0.7877504 
0.7876472 
0.7911104 
0.7961156 
0.7948173 
0.7885111 
0.7760635 
0.7590842 
0.7573146 
0.7593458 
0.7686947 
0.7827064 
0.7978041 
0.7968541 
0.8001023 
0.8014892 
0.7942085 
0.7924315 
0.7903106 
0.7929748 
0.7862288 
0.7849290 
0.7865710 
0.7924344 
0.7948213 
0.7979918 
0.8050079 
0.8022838 
0.8029772 
0.8023633 
0.7930201 
0.7883328 
0.7857155 
0.7854927 
0.7794185 
0.7880041 
0.7849921 
0.7808925 
0.7755249 
0.7770723 
0.7817515 
0.7845878 
0.7840067 
0.7863495 
0.7904710 
0.7903088 
0.7892518 
0.7859473 
0.7753956 
0.7606006 
0.7576331 
0.7590591 
0.7519452 
0.7563018 
0.7666967 
0.7758185 
0.7827265 
0.7865625 
0.7864198 
0.7844941 
0.7780924 
0.7709047 
0.7681224 
0.7700627 
0.7710786 
0.7746914 
0.7778987 
0.7855048 
0.7858806 
0.7822965 
0.7738402 
0.7715226 
0.7680169 
0.7673062 
0.7664703 
0.7705404 
0.7733521 
0.7719054 
0.7776672 
0.7838119 
0.7783587 
0.7699124 
0.7695767 
0.7687202 
0.7668829 
0.7719183 
0.7735589 
0.7759870 
0.7721066 
0.7745056 
0.7690154 
0.7543744 
0.7472037 
0.7462253 
0.7401824 
0.7509844 
0.7692681 
0.7835656 
0.7891869 
0.7891112 
0.7826437 
0.7769513 
0.7758499 
0.7750580 
0.7758922 
0.7837064 
0.7921894 
0.8008812 
0.8095571 
0.8075168 
0.7990157 
0.7834136 
0.7693734 
0.7629752 
0.7552146 
0.7525355 
0.7582762 
0.7637871 
0.7754450 
0.7826778 
0.7852943 
0.7796041 
0.7678093 
0.7677922 
0.7565022 
0.7550656 
0.7570109 
0.7592042 
0.7740390 
0.7884916 
0.8005649 
0.8023274 
0.7935282 
0.7840556 
0.7705590 
0.7515609 
0.7436384 
0.7524228 
0.7599322 
0.7730611 
0.7869617 
0.7964682 
0.7988622 
0.7862807 
0.7682779 
0.7575467 
0.7546014 
0.7547494 
0.7603523 
0.7734471 
0.7895870 
0.8030824 
0.8048741 
0.7975317 
0.7859728 
0.7688604 
0.7628293 
0.7545052 
0.7596886 
0.7679471 
0.7853190 
0.8048723 
0.8172056 
0.8148013 
0.7993438 
0.7786153 
0.7556088 
0.7423065 
0.7400078 
0.7458544 
0.7562304 
0.7729140 
0.8026078 
0.8094179 
0.8066153 
0.7960797 
0.7738459 
0.7499028 
0.7324109 
0.7262152 
0.7363843 
0.7520605 
0.7721945 
0.7884902 
0.8105540 
0.8268601 
0.8201945 
0.7938093 
0.7662380 
0.7381131 
0.7262038 
0.7320370 
0.7569192 
0.7784930 
0.7971789 
0.8031161 
0.7941440 
0.7850187 
0.7718841 
0.7651129 
0.7606105 
0.7592958 
0.7694087 
0.7867541 
0.8036147 
0.8001210 
0.7880929 
0.7843630 
0.7751743 
0.7682601 
0.7560505 
0.7585591 
0.7707564 
0.7845081 
0.7882511 
0.7904635 
0.7849978 
0.7840218 
0.7720325 
0.7582797 
0.7502975 
0.7389581 
0.7504414 
0.7673191 
0.7801181 
0.7942619 
0.7934064 
0.7894566 
0.7743694 
0.7620715 
0.7512150 
0.7495639 
0.7571108 
0.7682713 
0.7704389 
0.7720870 
0.7700181 
0.7672702 
0.7516193 
0.7471365 
0.7388282 
0.7297279 
0.7420762 
0.7623872 
0.7716534 
0.7810688 
0.7835078 
0.7813493 
0.7734493 
0.7586208 
0.7467306 
0.7338196 
0.7387515 
0.7555877 
0.7562123 
0.7580535 
0.7535329 
0.7513595 
0.7399220 
0.7317825 
0.7407743 
0.7603901 
0.7790831 
0.7839826 
0.7785402 
0.7646412 
0.7500137 
0.7366228 
0.7344702 
0.7222573 
0.7203045 
0.7331501 
0.7453919 
0.7589035 
0.7512241 
0.7388100 
0.7312357 
0.7295360 
0.7251934 
0.7255656 
0.7326332 
0.7526998 
0.7653479 
0.7651798 
0.7503589 
0.7274169 
0.7066435 
0.7069203 
0.7182406 
0.7311186 
0.7575149 
0.7818265 
0.7957455 
0.7885156 
0.7510050 
0.7128304 
0.6897558 
0.6824011 
0.6837080 
0.6995309 
0.7232105 
0.7466199 
0.7512443 
0.7419986 
0.7194845 
0.7075927 
0.7024398 
0.7037503 
0.7176718 
0.7487205 
0.7708523 
0.7801558 
0.7669297 
0.7497571 
0.7316574 
0.7202477 
0.7203428 
0.7255736 
0.7449161 
0.7698769 
0.7882223 
0.7891262 
0.7665862 
0.7455453 
0.7229767 
0.7091121 
0.7007002 
0.7110364 
0.7416753 
0.7715837 
0.7886911 
0.7837842 
0.7665683 
0.7483034 
0.7346527 
0.7281895 
0.7264565 
0.7384214 
0.7559871 
0.7722476 
0.7729612 
0.7640197 
0.7506152 
0.7368594 
0.7289671 
0.7355687 
0.7411545 
0.7557121 
0.7688889 
0.7652375 
0.7586461 
0.7475691 
0.7370551 
0.7297822 
0.7250709 
0.7397297 
0.7526046 
0.7745167 
0.7748284 
0.7684693 
0.7628898 
0.7534226 
0.7570369 
0.7487787 
0.7473559 
0.7535710 
0.7514498 
0.7403320 
0.7290122 
0.7193143 
0.7211594 
0.7267661 
0.7369899 
0.7468073 
0.7549837 
0.7585119 
0.7599303 
0.7530785 
0.7489932 
0.7458972 
0.7440518 
0.7486620 
0.7556501 
0.7489543 
0.7474795 
0.7404279 
0.7367447 
0.7260105 
0.7233784 
0.7255264 
0.7318667 
0.7456117 
0.7585154 
0.7588894 
0.7493622 
0.7408682 
0.7372489 
0.7362731 
0.7344190 
0.7372240 
0.7558826 
0.7689395 
0.7780080 
0.7853895 
0.7732434 
0.7667185 
0.7622241 
0.7577549 
0.7480121 
0.7461686 
0.7443776 
0.7447359 
0.7496405 
0.7561918 
0.7516895 
0.7347781 
0.7349604 
0.7426091 
0.7478953 
0.7434036 
0.7435044 
0.7299351 
0.7254851 
0.7285155 
0.7300021 
0.7291024 
0.7344812 
0.7387062 
0.7464443 
0.7497880 
0.7548639 
0.7483786 
0.7432624 
0.7456478 
0.7485227 
0.7512876 
0.7546350 
0.7521609 
0.7497038 
0.7490563 
0.7449964 
0.7413275 
0.7337610 
0.7433748 
0.7453540 
0.7513147 
0.7530797 
0.7500911 
0.7423040 
0.7370170 
0.7376386 
0.7395201 
0.7420456 
0.7400039 
0.7410676 
0.7426680 
0.7491937 
0.7445277 
0.7367404 
0.7322782 
0.7345891 
0.7392752 
0.7452581 
0.7473295 
0.7436921 
0.7410555 
0.7441454 
0.7464150 
0.7368810 
0.7256174 
0.7141477 
0.7126295 
0.7195104 
0.7225441 
0.7262124 
0.7236786 
0.7226295 
0.7246802 
0.7235931 
0.7238061 
0.7164896 
0.7227534 
0.7372243 
0.7422013 
0.7388243 
0.7398751 
0.7401458 
0.7489081 
0.7461371 
0.7462524 
0.7413049 
0.7385067 
0.7397246 
0.7327367 
0.7306559 
0.7362170 
0.7395757 
0.7392594 
0.7419759 
0.7403202 
0.7437249 
0.7391738 
0.7311408 
0.7258596 
0.7172221 
0.7204734 
0.7163522 
0.7232997 
0.7275705 
0.7293629 
0.7259179 
0.7322436 
0.7425492 
0.7450667 
0.7377689 
0.7214873 
0.7210057 
0.7208825 
0.7237971 
0.7238628 
0.7156732 
0.7115405 
0.7139139 
0.7227494 
0.7296249 
0.7305518 
0.7354149 
0.7401806 
0.7382839 
0.7390419 
0.7239953 
0.7070792 
0.6958821 
0.6911999 
0.6948031 
0.7041095 
0.7145952 
0.7237412 
0.7237242 
0.7224656 
0.7191651 
0.7159815 
0.7124643 
0.6935124 
0.6914089 
0.6977583 
0.7056566 
0.7150621 
0.7233015 
0.7371282 
0.7393449 
0.7299661 
0.7244377 
0.7160491 
0.7072109 
0.6957407 
0.6918112 
0.6875133 
0.6886482 
0.6948047 
0.7066862 
0.7204042 
0.7249375 
0.7298649 
0.7250121 
0.7152230 
0.7085176 
0.7064035 
0.7115295 
0.7041426 
0.7006644 
0.7069911 
0.7135472 
0.7236439 
0.7288085 
0.7317441 
0.7284448 
0.7191513 
0.7083090 
0.6950717 
0.6861717 
0.6840938 
0.6853562 
0.6828101 
0.6823682 
0.6894944 
0.6969592 
0.7010552 
0.7009830 
0.6977305 
0.7072915 
0.7144861 
0.7153627 
0.7171955 
0.7168574 
0.7210849 
0.7153378 
0.7090351 
0.7060268 
0.6963265 
0.6945275 
0.6873052 
0.6862736 
0.6827492 
0.6804677 
0.6891304 
0.6946555 
0.6956751 
0.7039918 
0.7059329 
0.7071068 
0.7076917 
0.7022493 
0.6960704 
0.6889727 
0.6815535 
0.6875541 
0.6899587 
0.6997472 
0.7076490 
0.7142744 
0.7123627 
0.7092069 
0.7067715 
0.6946254 
0.6822686 
0.6730094 
0.6736048 
0.6793688 
0.6857934 
0.6968758 
0.7190163 
0.7263668 
0.7329432 
0.7300090 
0.7159607 
0.7002779 
0.6865518 
0.6834699 
0.6881167 
0.6925374 
0.7008991 
0.7153524 
0.7284043 
0.7420897 
0.7335341 
0.7185631 
0.6994512 
0.6783007 
0.6647434 
0.6699827 
0.6850088 
0.7050261 
0.7192804 
0.7366351 
0.7407059 
0.7438099 
0.7279871 
0.7101643 
0.6960896 
0.6894944 
0.6918159 
0.6942266 
0.7117199 
0.7304355 
0.7485038 
0.7503416 
0.7327404 
0.7221041 
0.7052214 
0.6912941 
0.6840066 
0.6823477 
0.6891415 
0.7053566 
0.7134422 
0.7186539 
0.7139961 
0.7069815 
0.6972201 
0.6813793 
0.6734456 
0.6716077 
0.6637998 
0.6785162 
0.6933996 
0.7090843 
0.7244677 
0.7308366 
0.7321450 
0.7257256 
0.7128072 
0.7066399 
0.7072768 
0.7087979 
0.7130024 
0.7174160 
0.7262699 
0.7243375 
0.7218376 
0.7149154 
0.7056908 
0.6966617 
0.6935446 
0.6923254 
0.6929639 
0.6964781 
0.6918023 
0.6983314 
0.7021944 
0.7045166 
0.7010741 
0.6940024 
0.6909994 
0.6927616 
0.6979742 
0.7029670 
0.7123540 
0.7156792 
0.7051059 
0.6973036 
0.6932071 
0.6940910 
0.6958122 
0.6834739 
0.6838511 
0.6812091 
0.6845984 
0.6926083 
0.7011974 
0.7082967 
0.7078833 
0.7051112 
0.6990841 
0.6949836 
0.6830253 
0.6780093 
0.6727118 
0.6790454 
0.6851129 
0.6859327 
0.6874495 
0.6923114 
0.6955407 
0.7015881 
0.6980747 
0.6904913 
0.6820872 
0.6707906 
0.6730278 
0.6736857 
0.6790832 
0.6901758 
0.7014657 
0.7095830 
0.7082008 
0.7055112 
0.6989867 
0.6842103 
0.6728054 
0.6687082 
0.6707753 
0.6762948 
0.6830362 
0.6911131 
0.6951074 
0.6916349 
0.6814202 
0.6765419 
0.6705587 
0.6647853 
0.6670274 
0.6706983 
0.6765056 
0.6859329 
0.6919559 
0.6925680 
0.6936703 
0.6844849 
0.6814974 
0.6798021 
0.6819784 
0.6828040 
0.6852046 
0.6860170 
0.6857233 
0.6841704 
0.6761132 
0.6723363 
0.6769377 
0.6847584 
0.6935441 
0.6948545 
0.6936218 
0.7011258 
0.7041468 
0.6990012 
0.6957719 
0.6823492 
0.6722586 
0.6688144 
0.6683081 
0.6760618 
0.6881414 
0.6962714 
0.7061671 
0.7098384 
0.7031661 
0.6953280 
0.6855907 
0.6760214 
0.6693563 
0.6689188 
0.6765052 
0.6871700 
0.6945476 
0.6970565 
0.6917113 
0.6889777 
0.6845731 
0.6764710 
0.6746690 
0.6736229 
0.6805057 
0.6808364 
0.6911023 
0.6945599 
0.6919098 
0.6912498 
0.6904489 
0.6880123 
0.6891205 
0.6900286 
0.6945305 
0.7053305 
0.7089315 
0.7092957 
0.7024106 
0.6961849 
0.6916195 
0.6868508 
0.6918554 
0.6931956 
0.6924635 
0.6915982 
0.6847423 
0.6832066 
0.6818866 
0.6825211 
0.6842295 
0.6797968 
0.6821577 
0.6854679 
0.6948520 
0.7026326 
0.7038862 
0.7044612 
0.7004627 
0.7014649 
0.6992964 
0.6984562 
0.6933848 
0.6899061 
0.6893322 
0.6867544 
0.6933075 
0.6990497 
0.6967160 
0.6935097 
0.6832575 
0.6722475 
0.6815907 
0.6809641 
0.6767126 
0.6801280 
0.6885148 
0.6987437 
0.7033917 
0.7075308 
0.6988799 
0.6857746 
0.6853700 
0.6847484 
0.6781937 
0.6757004 
0.6739842 
0.6788919 
0.6747268 
0.6764248 
0.6766496 
0.6762857 
0.6646991 
0.6694784 
0.6699694 
0.6635133 
0.6640446 
0.6637422 
0.6596214 
0.6568279 
0.6559745 
0.6560460 
0.6607908 
0.6680056 
0.6751613 
0.6770054 
0.6784925 
0.6757845 
0.6684360 
0.6601935 
0.6565490 
0.6589616 
0.6630366 
0.6682282 
0.6749414 
0.6737093 
0.6735111 
0.6684306 
0.6670689 
0.6676190 
0.6642617 
0.6643397 
0.6630342 
0.6512736 
0.6538295 
0.6606614 
0.6604097 
0.6645221 
0.6645441 
0.6716064 
0.6764736 
0.6811780 
0.6826653 
0.6780547 
0.6699141 
0.6635484 
0.6603847 
0.6684128 
0.6683848 
0.6696962 
0.6651302 
0.6639382 
0.6682875 
0.6725922 
0.6743086 
0.6762522 
0.6785728 
0.6881936 
0.6983120 
0.6850710 
0.6800778 
0.6771007 
0.6759742 
0.6794148 
0.6787108 
0.6730756 
0.6684148 
0.6728890 
0.6732042 
0.6731669 
0.6728535 
0.6743438 
0.6708868 
0.6713819 
0.6684886 
0.6705038 
0.6694939 
0.6693644 
0.6678419 
0.6695027 
0.6649711 
0.6560486 
0.6551498 
0.6566927 
0.6622335 
0.6643767 
0.6616404 
0.6637977 
0.6734587 
0.6855601 
0.6856431 
0.6733617 
0.6670343 
0.6662973 
0.6666087 
0.6659532 
0.6627626 
0.6604417 
0.6651638 
0.6716230 
0.6707821 
0.6667822 
0.6618850 
0.6589329 
0.6644465 
0.6742679 
0.6801446 
0.6702969 
0.6667837 
0.6726421 
0.6828335 
0.6825797 
0.6748394 
0.6681630 
0.6617006 
0.6536704 
0.6486089 
0.6506135 
0.6507935 
0.6514152 
0.6609352 
0.6701309 
0.6679142 
0.6666524 
0.6653584 
0.6634148 
0.6629795 
0.6604126 
0.6621933 
0.6633477 
0.6665775 
0.6735357 
0.6842352 
0.6837718 
0.6822843 
0.6812260 
0.6768743 
0.6788289 
0.6800543 
0.6789055 
0.6804608 
0.6736923 
0.6721573 
0.6706823 
0.6820833 
0.6810105 
0.6763039 
0.6745136 
0.6689617 
0.6701240 
0.6735008 
0.6745154 
0.6703355 
0.6658672 
0.6635128 
0.6585208 
0.6626021 
0.6654206 
0.6684446 
0.6683339 
0.6659501 
0.6652062 
0.6689179 
0.6693117 
0.6682200 
0.6673223 
0.6640825 
0.6655752 
0.6613999 
0.6597497 
0.6568255 
0.6584576 
0.6563706 
0.6527531 
0.6447585 
0.6437126 
0.6438505 
0.6347315 
0.6338256 
0.6332858 
0.6314505 
0.6303846 
0.6265025 
0.6301090 
0.6284284 
0.6264064 
0.6232194 
0.6221105 
0.6230843 
0.6290257 
0.6392787 
0.6393974 
0.6412475 
0.6403324 
0.6422872 
0.6450617 
0.6459358 
0.6434400 
0.6417518 
0.6424366 
0.6416197 
0.6440973 
0.6439767 
0.6450986 
0.6448596 
0.6475516 
0.6495803 
0.6472775 
0.6453423 
0.6377105 
0.6418726 
0.6397814 
0.6375304 
0.6357239 
0.6386446 
0.6368672 
0.6398635 
0.6390112 
0.6404457 
0.6370588 
0.6400397 
0.6454205 
0.6430361 
0.6438225 
0.6418377 
0.6418029 
0.6393559 
0.6456103 
0.6489234 
0.6526072 
0.6587852 
0.6624838 
0.6634660 
0.6622965 
0.6620572 
0.6546868 
0.6500640 
0.6561386 
0.6552529 
0.6588035 
0.6524134 
0.6527729 
0.6512166 
0.6486568 
0.6483947 
0.6527433 
0.6494475 
0.6490079 
0.6468472 
0.6476967 
0.6391570 
0.6374767 
0.6359821 
0.6354137 
0.6314764 
0.6378044 
0.6427635 
0.6374148 
0.6405401 
0.6359171 
0.6374216 
0.6456067 
0.6437962 
0.6482658 
0.6429841 
0.6464989 
0.6425721 
0.6439520 
0.6486738 
0.6477255 
0.6438120 
0.6455248 
0.6428033 
0.6436918 
0.6458878 
0.6485194 
0.6541799 
0.6641573 
0.6673868 
0.6639998 
0.6612252 
0.6644445 
0.6700456 
0.6664722 
0.6548737 
0.6479544 
0.6491292 
0.6505298 
0.6503089 
0.6514519 
0.6503500 
0.6501013 
0.6555880 
0.6571089 
0.6529464 
0.6460331 
0.6362491 
0.6402718 
0.6418648 
0.6379893 
0.6380818 
0.6315483 
0.6277463 
0.6322333 
0.6335908 
0.6285196 
0.6262642 
0.6285798 
0.6310832 
0.6305872 
0.6360718 
0.6366583 
0.6339846 
0.6329013 
0.6328340 
0.6321245 
0.6290170 
0.6278482 
0.6339235 
0.6320629 
0.6339251 
0.6356355 
0.6301214 
0.6316528 
0.6325721 
0.6412742 
0.6493088 
0.6617967 
0.6540928 
0.6526236 
0.6573977 
0.6591254 
0.6581431 
0.6654373 
0.6609409 
0.6592045 
0.6660913 
0.6632469 
0.6570214 
0.6533311 
0.6444341 
0.6477875 
0.6426400 
0.6373592 
0.6342553 
0.6314897 
0.6333275 
0.6414566 
0.6494193 
0.6487457 
0.6425118 
0.6357877 
0.6352753 
0.6235340 
0.6261528 
0.6189291 
0.6142626 
0.6129662 
0.6190262 
0.6239888 
0.6225126 
0.6237285 
0.6236158 
0.6225067 
0.6203918 
0.6263858 
0.6286337 
0.6232828 
0.6250553 
0.6257886 
0.6281182 
0.6308948 
0.6316452 
0.6250410 
0.6257989 
0.6276205 
0.6325260 
0.6341558 
0.6336148 
0.6332485 
0.6336454 
0.6305573 
0.6266669 
0.6291070 
0.6252574 
0.6261664 
0.6254888 
0.6252212 
0.6176699 
0.6189613 
0.6181175 
0.6215296 
0.6212177 
0.6254287 
0.6233345 
0.6241049 
0.6316924 
0.6288113 
0.6262874 
0.6239480 
0.6257830 
0.6286391 
0.6275955 
0.6257598 
0.6186280 
0.6123493 
0.6158000 
0.6182012 
0.6209815 
0.6149880 
0.6109037 
0.6062562 
0.6012512 
0.6093585 
0.6134413 
0.6082088 
0.6067616 
0.6069468 
0.6078827 
0.5991996 
0.6017206 
0.6054267 
0.6088719 
0.6129639 
0.6173949 
0.6159601 
0.6207203 
0.6271874 
0.6363494 
0.6392228 
0.6390446 
0.6384516 
0.6403427 
0.6373812 
0.6396721 
0.6379151 
0.6329297 
0.6229010 
0.6222825 
0.6238370 
0.6281487 
0.6310178 
0.6266764 
0.6353830 
