0.0000648 
-0.0001371 
-0.0000078 
-0.3355251 
-0.1137707 
-0.2390140 
1.0000000 
0.9986961 
0.9961648 
0.9956176 
0.9937977 
0.9869158 
0.9878834 
0.9922633 
0.9881182 
0.9877802 
0.9883556 
0.9894896 
0.9845339 
0.9826091 
0.9857470 
0.9870789 
0.9853457 
0.9833774 
0.9760304 
0.9737660 
0.9754431 
0.9761383 
0.9713050 
0.9687295 
0.9735108 
0.9724651 
0.9680873 
0.9660072 
0.9687833 
0.9683777 
0.9671578 
0.9636638 
0.9669923 
0.9642459 
0.9655222 
0.9651645 
0.9682957 
0.9666602 
0.9630387 
0.9580032 
0.9558461 
0.9540728 
0.9530066 
0.9510111 
0.9478880 
0.9486638 
0.9503073 
0.9518745 
0.9553477 
0.9574444 
0.9554515 
0.9548041 
0.9590794 
0.9584443 
0.9487468 
0.9545468 
0.9559944 
0.9553713 
0.9561475 
0.9518648 
0.9510123 
0.9444685 
0.9371305 
0.9331379 
0.9374618 
0.9403971 
0.9379178 
0.9375998 
0.9403137 
0.9392636 
0.9366662 
0.9406654 
0.9409209 
0.9323653 
0.9293143 
0.9329289 
0.9294701 
0.9311128 
0.9256286 
0.9247988 
0.9227746 
0.9214459 
0.9185937 
0.9168332 
0.9221865 
0.9219279 
0.9237915 
0.9221286 
0.9254574 
0.9196704 
0.9152500 
0.9116926 
0.9145121 
0.9200288 
0.9164997 
0.9171153 
0.9153266 
0.9161008 
0.9123009 
0.9064401 
0.9008172 
0.9024370 
0.9017772 
0.9043482 
0.9028178 
0.9039068 
0.9100825 
0.9121997 
0.9069840 
0.9058915 
0.9066446 
0.9000986 
0.9017702 
0.8994437 
0.8969071 
0.9000273 
0.8954411 
0.8924644 
0.8875227 
0.8890135 
0.8860427 
0.8845294 
0.8798885 
0.8827775 
0.8866752 
0.8861223 
0.8844629 
0.8812676 
0.8833349 
0.8846632 
0.8869883 
0.8840889 
0.8819528 
0.8815729 
0.8805904 
0.8767515 
0.8754146 
0.8740102 
0.8778368 
0.8771080 
0.8800788 
0.8756021 
0.8749460 
0.8752082 
0.8729974 
0.8754120 
0.8777033 
0.8765083 
0.8715304 
0.8705558 
0.8720927 
0.8740390 
0.8689405 
0.8682978 
0.8659510 
0.8669345 
0.8673679 
0.8721945 
0.8691372 
0.8689077 
0.8646357 
0.8668216 
0.8669310 
0.8657356 
0.8651655 
0.8650322 
0.8634751 
0.8601528 
0.8656730 
0.8643557 
0.8626655 
0.8636598 
0.8589698 
0.8565478 
0.8570054 
0.8576355 
0.8572615 
0.8552600 
0.8539367 
0.8538611 
0.8547075 
0.8577259 
0.8548025 
0.8560545 
0.8542275 
0.8532175 
0.8532971 
0.8524819 
0.8521677 
0.8521176 
0.8490154 
0.8480031 
0.8481802 
0.8477550 
0.8506417 
0.8518197 
0.8508909 
0.8513903 
0.8478073 
0.8469686 
0.8458775 
0.8429533 
0.8390579 
0.8426299 
0.8387155 
0.8341081 
0.8367765 
0.8360450 
0.8425030 
0.8331830 
0.8325320 
0.8341865 
0.8308762 
0.8350675 
0.8374202 
0.8363532 
0.8379256 
0.8413049 
0.8447673 
0.8467647 
0.8451203 
0.8405689 
0.8412179 
0.8369070 
0.8368187 
0.8342711 
0.8329698 
0.8343142 
0.8372034 
0.8340237 
0.8353289 
0.8327620 
0.8274681 
0.8318208 
0.8309880 
0.8327076 
0.8264176 
0.8209474 
0.8208975 
0.8216164 
0.8217556 
0.8185725 
0.8209582 
0.8219888 
0.8232604 
0.8231329 
0.8229373 
0.8202706 
0.8234550 
0.8210513 
0.8200417 
0.8185761 
0.8186238 
0.8164175 
0.8101805 
0.8122172 
0.8118717 
0.8109256 
0.8095204 
0.8102716 
0.8126259 
0.8075249 
0.8095767 
0.8075133 
0.8075211 
0.8076939 
0.8064409 
0.8055378 
0.8068179 
0.8041896 
0.8022943 
0.8015102 
0.8047845 
0.8067350 
0.8040321 
0.8025873 
0.8010825 
0.8040345 
0.8062374 
0.8067225 
0.8057514 
0.8036752 
0.8018514 
0.7991010 
0.7970739 
0.7958775 
0.7934616 
0.7970259 
0.7967462 
0.7940938 
0.7924060 
0.7878733 
0.7926396 
0.7902895 
0.7904541 
0.7904800 
0.7929739 
0.7854298 
0.7860133 
0.7836070 
0.7858956 
0.7819466 
0.7796324 
0.7806689 
0.7796221 
0.7808059 
0.7788869 
0.7745414 
0.7759955 
0.7739321 
0.7741752 
0.7745960 
0.7739674 
0.7717862 
0.7691694 
0.7681307 
0.7637499 
0.7706892 
0.7652708 
0.7697529 
0.7682384 
0.7633852 
0.7643984 
0.7697108 
0.7670259 
0.7670609 
0.7639121 
0.7679194 
0.7640820 
0.7640832 
0.7637822 
0.7632808 
0.7600022 
0.7614552 
0.7611410 
0.7641794 
0.7662772 
0.7637000 
0.7648447 
0.7634009 
0.7588733 
0.7575034 
0.7541459 
0.7554034 
0.7539323 
0.7585087 
0.7588278 
0.7536119 
0.7551293 
0.7532574 
0.7537118 
0.7568804 
0.7551583 
0.7507502 
0.7501791 
0.7527639 
0.7512845 
0.7463786 
0.7528074 
0.7532748 
0.7536823 
0.7510930 
0.7474431 
0.7483071 
0.7505382 
0.7497541 
0.7496701 
0.7476081 
0.7500655 
0.7507774 
0.7486855 
0.7474301 
0.7517003 
0.7534324 
0.7484869 
0.7492373 
0.7481405 
0.7408328 
0.7367761 
0.7312865 
0.7346863 
0.7319441 
0.7322822 
0.7322391 
0.7298183 
0.7407059 
0.7446814 
0.7395654 
0.7409802 
0.7378157 
0.7386886 
0.7358810 
0.7338135 
0.7316570 
0.7307853 
0.7300938 
0.7317325 
0.7336454 
0.7336032 
0.7316365 
0.7265939 
0.7199990 
0.7225917 
0.7235542 
0.7218525 
0.7233153 
0.7280440 
0.7242268 
0.7234013 
0.7219947 
0.7212915 
0.7182750 
0.7157743 
0.7186134 
0.7162196 
0.7144031 
0.7109890 
0.7081201 
0.7094927 
0.7079384 
0.7047766 
0.7031746 
0.7032392 
0.7049378 
0.7046930 
0.7054178 
0.7017175 
0.7043394 
0.7013533 
0.6990092 
0.6977464 
0.6939876 
0.6994250 
0.6959135 
0.6967523 
0.6901697 
0.6878105 
0.6832239 
0.6904425 
0.6889389 
0.6857979 
0.6882968 
0.6811902 
0.6832442 
0.6796917 
0.6839729 
0.6817243 
0.6797822 
0.6777811 
0.6796678 
0.6857791 
0.6861551 
0.6849699 
0.6830741 
0.6846537 
0.6837870 
0.6834555 
0.6863160 
0.6833314 
0.6893877 
0.6869343 
0.6917844 
0.6883701 
0.6898849 
0.6885733 
0.6912221 
0.6904418 
0.6882706 
0.6839901 
0.6812734 
0.6833905 
0.6777267 
0.6752205 
0.6800717 
0.6793831 
0.6786680 
0.6733497 
0.6749160 
0.6736768 
0.6685928 
0.6658643 
0.6679086 
0.6651747 
0.6684616 
0.6685193 
0.6675444 
0.6667771 
0.6687643 
0.6630258 
0.6637717 
0.6630799 
0.6683241 
0.6729117 
0.6753410 
0.6739974 
0.6701915 
0.6686915 
0.6663348 
0.6671854 
0.6678925 
0.6701997 
0.6684311 
0.6677154 
0.6635542 
0.6649977 
0.6638082 
0.6600253 
0.6617284 
0.6630953 
0.6639235 
0.6630623 
0.6654687 
0.6637455 
0.6601597 
0.6563695 
0.6554501 
0.6551631 
0.6589960 
0.6551061 
0.6568064 
0.6542617 
0.6498682 
0.6464885 
0.6454972 
0.6434526 
0.6449164 
0.6448105 
0.6409812 
0.6414170 
0.6446617 
0.6399762 
0.6423082 
0.6453651 
0.6496136 
0.6467850 
0.6482941 
0.6490233 
0.6503818 
0.6446042 
0.6434660 
0.6450401 
0.6466726 
0.6424276 
0.6399717 
0.6392929 
0.6391074 
0.6382516 
0.6373054 
0.6382373 
0.6347879 
0.6300529 
0.6299629 
0.6242975 
0.6244045 
0.6234280 
0.6211072 
0.6225541 
0.6249191 
0.6209990 
0.6177676 
0.6176993 
0.6207339 
0.6215278 
0.6253605 
0.6263379 
0.6242370 
0.6211013 
0.6244427 
0.6234752 
0.6213890 
0.6219868 
0.6215963 
0.6204926 
0.6225500 
0.6282809 
0.6236292 
0.6286799 
0.6302473 
0.6258504 
0.6235419 
0.6186867 
0.6190942 
0.6166513 
0.6198110 
0.6196036 
0.6141711 
0.6139772 
0.6158456 
0.6147277 
0.6100577 
0.6095433 
0.6160764 
0.6138906 
0.6092887 
0.6085669 
0.6130207 
0.6085373 
0.6031189 
0.6031654 
0.6067544 
0.6050365 
0.6040631 
0.6039640 
0.6014023 
0.5999207 
0.6007164 
0.5925107 
0.5925947 
0.5953763 
0.5918236 
0.5891890 
0.5882893 
0.5873336 
0.5880560 
0.5840915 
0.5832736 
0.5819083 
0.5820469 
0.5813481 
0.5844380 
0.5885071 
0.5868546 
0.5881629 
0.5802279 
0.5778490 
0.5783463 
0.5742892 
0.5776180 
0.5823479 
0.5779934 
0.5790028 
0.5752489 
0.5784717 
0.5758659 
0.5802555 
0.5839728 
0.5839398 
0.5822373 
0.5774500 
0.5808201 
0.5787719 
0.5791182 
0.5741516 
0.5692064 
0.5724516 
0.5719668 
0.5739264 
0.5709429 
0.5710132 
0.5738441 
0.5715856 
0.5668320 
0.5648988 
0.5651014 
0.5700842 
0.5616219 
0.5613634 
0.5549611 
0.5559282 
0.5562617 
0.5594438 
0.5574456 
0.5609016 
0.5592335 
0.5605470 
0.5615720 
0.5598031 
0.5584984 
0.5558239 
0.5553114 
0.5533137 
0.5513964 
0.5468307 
0.5465402 
0.5452438 
0.5439239 
0.5440176 
0.5418662 
0.5430711 
0.5440299 
0.5414427 
0.5370623 
0.5357039 
0.5396524 
0.5374341 
0.5376934 
0.5413192 
0.5373188 
0.5379568 
0.5375599 
0.5380070 
0.5327160 
0.5355128 
0.5378170 
0.5385146 
0.5387664 
0.5346881 
0.5316384 
0.5380516 
0.5353774 
0.5323823 
0.5309274 
0.5291627 
0.5281218 
0.5336061 
0.5296482 
0.5337490 
0.5305673 
0.5317660 
0.5320182 
0.5327873 
0.5324457 
0.5283149 
0.5271788 
0.5278107 
0.5297024 
0.5304688 
0.5315810 
0.5333634 
0.5268299 
0.5220418 
0.5219695 
0.5165891 
0.5187177 
0.5202871 
0.5182738 
0.5150446 
0.5202550 
0.5208413 
0.5170348 
0.5176099 
0.5229242 
0.5212071 
0.5185776 
0.5154383 
0.5184709 
0.5159814 
0.5172916 
0.5141745 
0.5142392 
0.5142907 
0.5137758 
0.5166908 
0.5144633 
0.5172830 
0.5147017 
0.5068758 
0.5094188 
0.5119927 
0.5095505 
0.5092290 
0.5076221 
0.5088883 
0.5072947 
0.5064330 
0.5109365 
0.5086210 
0.5085972 
0.5084814 
0.5050959 
0.5058230 
0.5064352 
0.5052723 
0.5080188 
0.5100012 
0.5016554 
0.4973221 
0.4975303 
0.4994287 
0.4955812 
0.4960569 
0.4933604 
0.4958593 
0.4908652 
0.4917370 
0.4853762 
0.4875882 
0.4826894 
0.4817629 
0.4839000 
0.4830566 
0.4779398 
0.4818878 
0.4855558 
0.4809821 
0.4847930 
0.4859536 
0.4831154 
0.4853536 
0.4828642 
0.4820734 
0.4813458 
0.4800966 
0.4827342 
0.4836472 
0.4863100 
0.4892386 
0.4875068 
0.4896033 
0.4842308 
0.4863704 
0.4873982 
0.4852711 
0.4840825 
0.4845768 
0.4844355 
0.4814546 
0.4810881 
0.4845254 
0.4801724 
0.4826946 
0.4823105 
0.4802354 
0.4834039 
0.4803730 
0.4771798 
0.4764574 
0.4755793 
0.4739255 
0.4721522 
0.4731403 
0.4707073 
0.4715890 
0.4744717 
0.4714191 
0.4717705 
0.4718138 
0.4688867 
0.4674037 
0.4675411 
0.4694820 
0.4639389 
0.4641704 
0.4645052 
0.4604596 
0.4636250 
0.4653277 
0.4620408 
0.4621381 
0.4610963 
0.4643215 
0.4635830 
0.4632763 
0.4603003 
0.4567744 
0.4607636 
0.4635342 
0.4589436 
0.4597595 
0.4629947 
0.4627391 
0.4600096 
0.4591614 
0.4592219 
0.4650938 
0.4635438 
0.4627164 
0.4614859 
0.4595999 
0.4573417 
0.4552862 
0.4551972 
0.4547184 
0.4511680 
0.4490808 
0.4480695 
0.4480109 
0.4489071 
0.4510143 
0.4512847 
0.4543802 
0.4514192 
0.4528540 
0.4513156 
0.4519021 
0.4495698 
0.4463353 
0.4475106 
0.4484071 
0.4444301 
0.4438602 
0.4445013 
0.4450451 
0.4446005 
0.4447153 
0.4393327 
0.4448209 
0.4459297 
0.4406959 
0.4427269 
0.4454402 
0.4399886 
0.4439968 
0.4438568 
0.4400223 
0.4418454 
0.4421002 
0.4400401 
0.4359310 
0.4373591 
0.4385784 
0.4351473 
0.4371603 
0.4380069 
0.4297370 
0.4349266 
0.4310636 
0.4302755 
0.4321954 
0.4275191 
0.4292551 
0.4287778 
0.4256266 
0.4325589 
0.4302002 
0.4301158 
0.4311685 
0.4293413 
0.4305797 
0.4302383 
0.4285501 
0.4274905 
0.4280189 
0.4289921 
0.4269619 
0.4210333 
0.4188071 
0.4231225 
0.4214984 
0.4226122 
0.4181489 
0.4170513 
0.4160763 
0.4170967 
0.4165094 
0.4103106 
0.4129868 
0.4123778 
0.4163232 
0.4150456 
0.4206831 
0.4249592 
0.4251721 
0.4192975 
0.4187464 
0.4206416 
0.4180299 
0.4135730 
0.4149457 
0.4132878 
0.4101370 
0.4113766 
0.4117827 
0.4101129 
0.4096966 
0.4084359 
0.4100869 
0.4101580 
0.4085182 
0.4095030 
0.4086258 
0.4076451 
0.4077936 
0.4004079 
0.4022572 
0.4054747 
0.4002472 
0.4021953 
0.3985517 
0.3994642 
0.4025458 
0.3998092 
0.4021080 
0.4004149 
0.3999159 
0.3967200 
0.3941756 
0.3963940 
0.3893632 
0.3893331 
0.3888361 
0.3906690 
0.3893220 
0.3905316 
0.3880408 
0.3915319 
0.3857684 
0.3815960 
0.3825498 
0.3835223 
0.3826867 
0.3843405 
0.3822846 
0.3817913 
0.3820780 
0.3814630 
0.3833258 
0.3852974 
0.3881945 
0.3858880 
0.3836816 
0.3806002 
0.3806822 
0.3851492 
0.3831257 
0.3815603 
0.3822451 
0.3806993 
0.3787168 
0.3808428 
0.3849456 
0.3875823 
0.3832540 
0.3829914 
0.3809091 
0.3810671 
0.3807804 
0.3753524 
0.3778664 
0.3768053 
0.3734677 
0.3788888 
0.3738830 
0.3731101 
0.3770266 
0.3768140 
0.3722804 
0.3715713 
0.3704880 
0.3702310 
0.3706756 
0.3674485 
0.3644891 
0.3620059 
0.3641164 
0.3631139 
0.3632285 
0.3601463 
0.3597357 
0.3601076 
0.3575143 
0.3514129 
0.3509780 
0.3485265 
0.3480118 
0.3435742 
0.3408624 
0.3422659 
0.3427784 
0.3455461 
0.3425462 
0.3476843 
0.3422219 
0.3429246 
0.3389296 
0.3374181 
0.3362441 
0.3352724 
0.3324386 
0.3287318 
0.3288704 
0.3271717 
0.3255738 
0.3220673 
0.3218044 
0.3218923 
0.3219392 
0.3164980 
0.3134424 
0.3140543 
0.3144974 
0.3146826 
0.3144770 
0.3193133 
0.3214128 
0.3234490 
0.3167617 
0.3166344 
0.3173999 
0.3162066 
0.3181543 
0.3210281 
0.3166150 
0.3171557 
0.3187377 
0.3150003 
0.3158134 
0.3137712 
0.3114340 
0.3061277 
0.3084505 
0.3070429 
0.3103053 
0.3084221 
0.3070831 
0.3086841 
0.3076951 
0.3096830 
0.3123169 
0.3193971 
0.3208452 
0.3249345 
0.3282382 
0.3286518 
0.3348033 
0.3325474 
0.3296539 
0.3301320 
0.3298173 
0.3318178 
0.3310212 
0.3308225 
0.3335328 
0.3332934 
0.3381378 
0.3357629 
0.3389302 
0.3403314 
0.3413495 
0.3446004 
0.3435758 
0.3428534 
0.3435347 
0.3479174 
0.3499040 
0.3507631 
0.3450939 
0.3403636 
0.3382063 
0.3378923 
0.3353742 
0.3338142 
0.3339944 
0.3357573 
0.3328459 
0.3331547 
0.3277895 
0.3290501 
0.3248731 
0.3213730 
0.3232273 
0.3201534 
0.3215383 
0.3216129 
0.3195849 
0.3177867 
0.3228156 
0.3242842 
0.3173088 
0.3136971 
0.3109324 
0.3109475 
0.3094048 
0.3111065 
0.3097250 
0.3096379 
0.3100766 
0.3062145 
0.2994989 
0.2958045 
0.2951522 
0.2971258 
0.2972627 
0.2952396 
0.2941284 
0.2964621 
0.2965597 
0.2945340 
0.2922368 
0.2886839 
0.2905693 
0.2906007 
0.2916766 
0.2906393 
0.2903174 
0.2924643 
0.2880321 
0.2826462 
0.2848767 
0.2835198 
0.2836903 
0.2862023 
0.2863882 
0.2837713 
0.2847898 
0.2829974 
0.2842303 
0.2843793 
0.2841580 
0.2831862 
0.2838703 
0.2818393 
0.2949062 
0.2952977 
0.2935620 
0.2957134 
0.2938447 
0.2951337 
0.2934240 
0.2941362 
0.2889219 
0.2899565 
0.2834635 
0.2799668 
0.2789217 
0.2797873 
0.2793475 
0.2743523 
0.2744735 
0.2743728 
0.2720503 
0.2740174 
0.2724832 
0.2734382 
0.2731470 
0.2721304 
0.2718580 
0.2699859 
0.2702026 
0.2702441 
0.2699893 
0.2723252 
0.2720359 
0.2682904 
0.2682991 
0.2688848 
0.2651341 
0.2658565 
0.2659399 
0.2620303 
0.2621170 
0.2617845 
0.2600016 
0.2642080 
0.2588392 
0.2605885 
0.2551048 
0.2572578 
0.2611410 
0.2591946 
0.2629737 
0.2605500 
0.2573475 
0.2554319 
0.2540706 
0.2547075 
0.2561189 
0.2537267 
0.2506569 
0.2518991 
0.2441152 
0.2460985 
0.2511733 
0.2491884 
0.2516483 
0.2488807 
0.2473501 
0.2453619 
0.2438666 
0.2448852 
0.2406662 
0.2414888 
0.2420835 
0.2424804 
0.2441378 
0.2436078 
0.2433266 
0.2460675 
0.2437301 
0.2472341 
0.2440511 
0.2459154 
0.2432044 
0.2406736 
0.2417867 
0.2402224 
0.2366498 
0.2373821 
0.2353345 
0.2350478 
0.2356773 
0.2363592 
0.2304676 
0.2301300 
0.2322617 
0.2429702 
0.2418102 
0.2423305 
0.2438626 
0.2387463 
0.2338118 
0.2375294 
0.2366399 
0.2351885 
0.2330916 
0.2372819 
0.2376728 
0.2371516 
0.2355508 
0.2356189 
0.2291538 
0.2239759 
0.2211838 
0.2173436 
0.2194791 
0.2236701 
0.2236462 
0.2186108 
0.2144250 
0.2120175 
0.2145992 
0.2152440 
0.2178523 
0.2191283 
0.2190215 
0.2176905 
0.2215693 
0.2194413 
0.2191804 
0.2172801 
0.2211730 
0.2192255 
0.2201664 
0.2182916 
0.2151252 
0.2149038 
0.2135585 
0.2169338 
0.2187582 
0.2149440 
0.2121611 
0.2134239 
0.2046498 
0.2088917 
0.2106554 
0.2115312 
0.2127541 
0.2127441 
0.2119764 
0.2099008 
0.2119394 
0.2120217 
0.2135945 
0.2110695 
0.2086340 
0.2063581 
0.2060871 
0.2089419 
0.2102924 
0.2100896 
0.2070758 
0.2077219 
0.2088989 
0.2080210 
0.2105362 
0.2103858 
0.2080045 
0.2072395 
0.2076550 
0.2071486 
0.2026441 
0.2021780 
0.2022970 
0.2072120 
0.2042010 
0.1996137 
0.1989394 
0.1999786 
0.2012351 
0.1996936 
0.1985604 
0.1981648 
0.2043362 
0.2004203 
0.2014613 
0.2017351 
0.2014280 
0.1991857 
0.1951085 
0.1937832 
0.1938274 
0.1957205 
0.1941332 
0.1957979 
0.1931071 
0.1886286 
0.1884897 
0.1875601 
0.1842789 
0.1840103 
0.1830075 
0.1822673 
0.1854032 
0.1851690 
0.1883314 
0.1914543 
0.1877445 
0.1896515 
0.1929144 
0.1962442 
0.2007174 
0.1997203 
0.1956010 
0.1897008 
0.1839807 
0.1784155 
0.1789081 
0.1783926 
0.1797052 
0.1772533 
0.1766133 
0.1778019 
0.1764488 
0.1756865 
0.1758329 
0.1705285 
0.1734301 
0.1740341 
0.1715057 
0.1757579 
0.1727650 
0.1701798 
0.1719696 
0.1747692 
0.1730534 
0.1711802 
0.1718152 
0.1698103 
0.1672697 
0.1691890 
0.1663598 
0.1651443 
0.1644734 
0.1639414 
0.1678597 
0.1674695 
0.1638001 
0.1614629 
0.1630126 
0.1600678 
0.1631414 
0.1643281 
0.1645531 
0.1615441 
0.1643517 
0.1634556 
0.1628664 
0.1636086 
0.1627158 
0.1619324 
0.1596942 
0.1620299 
0.1604616 
0.1608349 
0.1630929 
0.1555431 
0.1522786 
0.1523689 
0.1550674 
0.1566215 
0.1546471 
0.1570568 
0.1577554 
0.1566176 
0.1560649 
0.1483634 
0.1541983 
0.1558189 
0.1580267 
0.1520351 
0.1514603 
0.1527644 
0.1513003 
0.1527367 
0.1536439 
0.1478763 
0.1506749 
0.1521805 
0.1502181 
0.1522409 
0.1479000 
0.1512745 
0.1518088 
0.1522642 
0.1510972 
0.1471589 
0.1514230 
0.1507211 
0.1477970 
0.1459184 
0.1479029 
0.1460475 
0.1466549 
0.1421693 
0.1370291 
0.1409949 
0.1389979 
0.1399253 
0.1398812 
0.1402323 
0.1413245 
0.1422781 
0.1407827 
0.1402532 
0.1397702 
0.1416413 
0.1407648 
0.1380730 
0.1371910 
0.1366028 
0.1370916 
0.1333900 
0.1378608 
0.1347302 
0.1349430 
0.1365180 
0.1403970 
0.1377234 
0.1367945 
0.1341378 
0.1325928 
0.1300087 
0.1297677 
0.1306008 
0.1351659 
0.1332497 
0.1318070 
0.1305159 
0.1292444 
0.1295361 
0.1294254 
0.1289841 
0.1276022 
0.1318684 
0.1328023 
0.1333460 
0.1329828 
0.1344696 
0.1347768 
0.1297222 
0.1317169 
0.1335026 
0.1359361 
0.1370319 
0.1375166 
0.1265172 
0.1234184 
0.1229686 
0.1222465 
0.1223707 
0.1229089 
0.1212831 
0.1233616 
0.1257989 
0.1295257 
0.1253139 
0.1264090 
0.1250946 
0.1254160 
0.1255140 
0.1271010 
0.1215264 
0.1192398 
0.1183591 
0.1187620 
0.1164943 
0.1128515 
0.1122853 
0.1121345 
0.1143678 
0.1112253 
0.1093723 
0.1079948 
0.1134060 
0.1155535 
0.1147044 
0.1146933 
0.1095587 
0.1087579 
0.1099849 
0.1113818 
0.1136630 
0.1108618 
0.1110614 
0.1119637 
0.1152372 
0.1063773 
0.1059761 
0.1088171 
0.1106008 
0.1103783 
0.1070463 
0.1061258 
0.1042667 
0.1022400 
0.1069333 
0.1094016 
0.1083035 
0.1097808 
0.1042878 
0.1059399 
0.1061977 
0.1015154 
0.1031627 
0.1003863 
0.1022652 
0.1048859 
0.1008324 
0.0960549 
0.0967365 
0.1014881 
0.0996792 
0.1011801 
0.0991079 
0.0957351 
0.0964266 
0.0950070 
0.0939842 
0.0948421 
0.0946264 
0.0921778 
0.0945158 
0.0977264 
0.0975003 
0.0964743 
0.0929849 
0.0925660 
0.0926357 
0.0941431 
0.0942415 
0.0873741 
0.0873098 
0.0883975 
0.0876586 
0.0880823 
0.0925407 
0.0901426 
0.0874620 
0.0888628 
0.0891237 
0.0877834 
0.0876871 
0.0857626 
0.0832796 
0.0823788 
0.0829374 
0.0788100 
0.0780717 
0.0788911 
0.0768176 
0.0755589 
0.0745319 
0.0808923 
0.0776257 
0.0741308 
0.0753883 
0.0699616 
0.0709503 
0.0707483 
0.0703023 
0.0703163 
0.0693273 
0.0707774 
0.0766236 
0.0744372 
0.0733597 
0.0708230 
0.0697305 
0.0685353 
0.0674644 
0.0657280 
0.0637362 
0.0653960 
0.0667269 
0.0636498 
0.0624694 
0.0637213 
0.0639356 
0.0654127 
0.0635038 
0.0607711 
0.0577641 
0.0570138 
0.0584959 
0.0576436 
0.0578340 
0.0623677 
0.0627894 
0.0675254 
0.0651589 
0.0669308 
0.0619515 
0.0605068 
0.0621213 
0.0651202 
0.0640989 
0.0639880 
0.0652884 
0.0694621 
0.0680799 
0.0695296 
0.0672529 
0.0667934 
0.0688316 
0.0639009 
0.0645556 
0.0640828 
0.0689800 
0.0662292 
0.0646715 
0.0630719 
0.0610260 
0.0633562 
0.0634209 
0.0642340 
0.0659230 
0.0686628 
0.0631689 
0.0671949 
0.0662244 
0.0676769 
0.0663116 
0.0688719 
0.0726378 
0.0753725 
0.0780233 
0.0790251 
0.0749056 
0.0741274 
0.0661208 
0.0531962 
0.0503164 
0.0497082 
0.0478257 
0.0467973 
0.0453543 
0.0462943 
0.0456175 
0.0456203 
0.0425298 
0.0433738 
0.0454463 
0.0450097 
0.0477992 
0.0489399 
0.0500412 
0.0456315 
0.0467309 
0.0466775 
0.0436642 
0.0380817 
0.0422810 
0.0438602 
0.0437494 
0.0457361 
0.0470412 
0.0439078 
0.0407240 
0.0379735 
0.0406202 
0.0393538 
0.0387808 
0.0396998 
0.0339832 
0.0337296 
0.0327180 
0.0344150 
0.0377850 
0.0366219 
0.0336664 
0.0316892 
0.0276267 
0.0265784 
0.0284888 
0.0300505 
0.0290005 
0.0249469 
0.0274521 
0.0310180 
0.0292128 
0.0264734 
0.0261692 
0.0258910 
0.0212455 
0.0233385 
0.0260390 
0.0220192 
0.0189694 
0.0152285 
0.0164065 
0.0138974 
0.0119467 
0.0146726 
0.0116816 
0.0167671 
0.0292389 
0.0288716 
0.0280899 
0.0291627 
0.0289085 
0.0318031 
0.0314896 
0.0301885 
0.0275673 
0.0272629 
0.0291811 
0.0281096 
0.0276570 
0.0291825 
0.0214849 
0.0176102 
0.0224875 
0.0223541 
0.0216977 
0.0221263 
0.0170332 
0.0187473 
0.0209997 
0.0215609 
0.0168357 
0.0105055 
0.0105206 
0.0122920 
0.0134688 
0.0107792 
0.0074723 
0.0094741 
0.0091502 
0.0098025 
0.0112320 
0.0100900 
0.0071243 
0.0094909 
0.0121965 
0.0109247 
0.0068363 
0.0072909 
0.0075331 
0.0085122 
0.0078498 
0.0063518 
0.0080663 
0.0092031 
0.0081227 
0.0077370 
0.0051738 
0.0017910 
0.0000000 
0.0029925 
0.0076641 
0.0094627 
0.0101156 
0.0095923 
0.0129149 
0.0079344 
0.0115633 
0.0106460 
0.0120509 
0.0069980 
0.0055871 
