0.0000540 
-0.0000084 
0.0001970 
-0.2508502 
-0.2323838 
0.5124507 
0.9942871 
0.9922641 
0.9974544 
0.9976514 
0.9921935 
0.9939942 
1.0000000 
0.9997555 
0.9977448 
0.9947962 
0.9951838 
0.9961598 
0.9972657 
0.9938039 
0.9880749 
0.9849913 
0.9815509 
0.9839756 
0.9808269 
0.9813966 
0.9865911 
0.9863683 
0.9758689 
0.9723471 
0.9738690 
0.9677700 
0.9680324 
0.9725407 
0.9739960 
0.9766674 
0.9781065 
0.9806893 
0.9703081 
0.9604445 
0.9666976 
0.9582669 
0.9609372 
0.9647908 
0.9577644 
0.9507987 
0.9467709 
0.9452138 
0.9436837 
0.9532437 
0.9575392 
0.9740061 
0.9624218 
0.9459702 
0.9398849 
0.9333973 
0.9386471 
0.9394041 
0.9501153 
0.9538785 
0.9512984 
0.9468880 
0.9496608 
0.9553820 
0.9510426 
0.9521529 
0.9407750 
0.9439622 
0.9449186 
0.9492075 
0.9533814 
0.9499863 
0.9485355 
0.9491338 
0.9487013 
0.9445576 
0.9348853 
0.9423768 
0.9440423 
0.9351884 
0.9460964 
0.9428889 
0.9390385 
0.9448395 
0.9425199 
0.9403228 
0.9416659 
0.9406511 
0.9319565 
0.9322635 
0.9317249 
0.9368809 
0.9391008 
0.9299374 
0.9316314 
0.9313005 
0.9288562 
0.9251021 
0.9206145 
0.9149235 
0.9129473 
0.9083670 
0.9039093 
0.9104755 
0.9055492 
0.9041922 
0.9019818 
0.9114861 
0.9137236 
0.9130141 
0.9188699 
0.9092673 
0.9136234 
0.9012636 
0.9002042 
0.8985494 
0.8990572 
0.9057605 
0.9045874 
0.9111959 
0.9008702 
0.9022960 
0.9040393 
0.9213999 
0.9188085 
0.9146724 
0.9119161 
0.9073513 
0.9047599 
0.9052381 
0.9017031 
0.8963375 
0.9020197 
0.9098362 
0.9079108 
0.8829781 
0.8904525 
0.9028657 
0.9048384 
0.8976483 
0.8984195 
0.8915659 
0.8950890 
0.8973928 
0.8815771 
0.8771246 
0.8801777 
0.8868946 
0.8841072 
0.8842841 
0.8744347 
0.8712377 
0.8736334 
0.8661137 
0.8683590 
0.8565505 
0.8577816 
0.8654447 
0.8713195 
0.8824849 
0.8805128 
0.8753385 
0.8808644 
0.8750975 
0.8659606 
0.8620560 
0.8589943 
0.8573112 
0.8661479 
0.8705750 
0.8690264 
0.8679135 
0.8705488 
0.8828292 
0.8831900 
0.8834216 
0.8956673 
0.8907535 
0.8818559 
0.8711559 
0.8608727 
0.8634705 
0.8541239 
0.8500016 
0.8416318 
0.8474767 
0.8544383 
0.8559846 
0.8451498 
0.8394716 
0.8418301 
0.8405486 
0.8420357 
0.8378622 
0.8321899 
0.8336843 
0.8333260 
0.8335004 
0.8377295 
0.8616121 
0.8757175 
0.8762334 
0.8717760 
0.8747014 
0.8620724 
0.8618705 
0.8666021 
0.8620419 
0.8560877 
0.8528734 
0.8565961 
0.8609231 
0.8670553 
0.8702319 
0.8643592 
0.8677647 
0.8651870 
0.8716203 
0.8730313 
0.8746485 
0.8782474 
0.8809603 
0.8687410 
0.8642665 
0.8529176 
0.8515692 
0.8573614 
0.8438244 
0.8410965 
0.8450544 
0.8414092 
0.8414768 
0.8360140 
0.8319353 
0.8352704 
0.8315603 
0.8268937 
0.8223957 
0.8312150 
0.8295049 
0.8287625 
0.8309118 
0.8378193 
0.8420577 
0.8369222 
0.8272404 
0.8148597 
0.8123806 
0.8168991 
0.8205345 
0.8200428 
0.8173504 
0.8045779 
0.7931391 
0.7917339 
0.8070627 
0.8049611 
0.7989265 
0.7976000 
0.7889638 
0.7922688 
0.7967847 
0.7924449 
0.7967137 
0.7993141 
0.8015679 
0.8040389 
0.8058920 
0.7979669 
0.7975757 
0.7952678 
0.7818687 
0.7861844 
0.7834211 
0.7743958 
0.7731844 
0.7701886 
0.7712220 
0.7719365 
0.7697184 
0.7741908 
0.7684912 
0.7740099 
0.7758900 
0.7736049 
0.7692864 
0.7687089 
0.7683762 
0.7633799 
0.7621477 
0.7613074 
0.7671670 
0.7708477 
0.7709952 
0.7722333 
0.7753198 
0.7721202 
0.7623733 
0.7631503 
0.7617613 
0.7659967 
0.7637403 
0.7536212 
0.7571339 
0.7559576 
0.7616395 
0.7637050 
0.7610900 
0.7624665 
0.7743818 
0.7634095 
0.7661113 
0.7647074 
0.7681676 
0.7621806 
0.7642335 
0.7641097 
0.7676723 
0.7813531 
0.7870463 
0.7760934 
0.7728542 
0.7705950 
0.7693512 
0.7688450 
0.7589109 
0.7642041 
0.7609430 
0.7599537 
0.7646943 
0.7548564 
0.7550007 
0.7586413 
0.7532107 
0.7445493 
0.7488942 
0.7395776 
0.7339113 
0.7311352 
0.7236243 
0.7203285 
0.7298942 
0.7351066 
0.7423053 
0.7455150 
0.7406999 
0.7412027 
0.7441156 
0.7422443 
0.7284606 
0.7301800 
0.7287363 
0.7390790 
0.7336123 
0.7257911 
0.7263574 
0.7270064 
0.7338060 
0.7281262 
0.7332441 
0.7341040 
0.7289549 
0.7290167 
0.7191997 
0.7255208 
0.7197662 
0.7136332 
0.7090998 
0.7042006 
0.7116930 
0.7137090 
0.7188492 
0.7225447 
0.7292087 
0.7320089 
0.7293929 
0.7218006 
0.7161830 
0.7125070 
0.7161166 
0.7173180 
0.7181162 
0.7192126 
0.7166520 
0.7182887 
0.7246250 
0.7280289 
0.7271900 
0.7190727 
0.7116668 
0.7121138 
0.7166290 
0.7266151 
0.7182714 
0.7167219 
0.7179319 
0.7191830 
0.7165893 
0.7153846 
0.7152839 
0.7096993 
0.7150741 
0.7129770 
0.7139365 
0.7137907 
0.7068167 
0.7091230 
0.7103347 
0.7175197 
0.7212778 
0.7236826 
0.7300641 
0.7285950 
0.7240563 
0.7176835 
0.7230604 
0.7251040 
0.7252982 
0.7251560 
0.7267398 
0.7327410 
0.7333008 
0.7288819 
0.7264686 
0.7292017 
0.7352318 
0.7427686 
0.7405997 
0.7460410 
0.7431887 
0.7372861 
0.7405608 
0.7450160 
0.7292520 
0.7296785 
0.7250174 
0.7286921 
0.7277590 
0.7355622 
0.7359709 
0.7248168 
0.7220008 
0.7204671 
0.7106852 
0.7123327 
0.7058804 
0.7078408 
0.7107333 
0.7044828 
0.7087432 
0.7124354 
0.7161963 
0.7159815 
0.7188703 
0.7128493 
0.7059081 
0.7136416 
0.7086089 
0.6992287 
0.6969230 
0.7045670 
0.7044330 
0.6966396 
0.7043329 
0.7112938 
0.7084676 
0.7134698 
0.7168667 
0.7061314 
0.6955169 
0.6997358 
0.7005385 
0.6932531 
0.6918808 
0.6861797 
0.6898109 
0.6936156 
0.6901957 
0.6908137 
0.6974653 
0.6997339 
0.6945236 
0.6914830 
0.6926166 
0.6941146 
0.6894725 
0.6850845 
0.6975002 
0.6994752 
0.7020435 
0.6968743 
0.7032204 
0.6976442 
0.6987158 
0.6919824 
0.6902362 
0.6881365 
0.6927881 
0.6859103 
0.6825589 
0.6797854 
0.6827463 
0.6924106 
0.6939936 
0.6932762 
0.6966581 
0.6912527 
0.6934484 
0.6978955 
0.7008099 
0.6921396 
0.6840070 
0.6769479 
0.6831946 
0.6876302 
0.6771228 
0.6786768 
0.6744260 
0.6692105 
0.6716349 
0.6740384 
0.6665217 
0.6566008 
0.6603856 
0.6553513 
0.6481438 
0.6578115 
0.6620399 
0.6554003 
0.6541318 
0.6435389 
0.6404024 
0.6421135 
0.6463726 
0.6454197 
0.6387263 
0.6451485 
0.6406210 
0.6435796 
0.6491941 
0.6500364 
0.6479913 
0.6475348 
0.6534012 
0.6456047 
0.6499486 
0.6531905 
0.6545664 
0.6627341 
0.6612341 
0.6588924 
0.6516711 
0.6448506 
0.6531421 
0.6553345 
0.6530024 
0.6556437 
0.6586718 
0.6534996 
0.6520192 
0.6581895 
0.6622107 
0.6598043 
0.6553926 
0.6488221 
0.6513701 
0.6545127 
0.6562849 
0.6547899 
0.6525476 
0.6488718 
0.6421860 
0.6463132 
0.6542638 
0.6669351 
0.6657963 
0.6677015 
0.6682735 
0.6644996 
0.6640383 
0.6664730 
0.6557546 
0.6538189 
0.6542699 
0.6557818 
0.6527498 
0.6568234 
0.6622558 
0.6530868 
0.6581287 
0.6569053 
0.6504355 
0.6501613 
0.6503195 
0.6514154 
0.6550853 
0.6595802 
0.6595372 
0.6674373 
0.6678179 
0.6657756 
0.6642171 
0.6618317 
0.6655175 
0.6584281 
0.6554199 
0.6438489 
0.6469144 
0.6461211 
0.6430920 
0.6380455 
0.6363000 
0.6337447 
0.6348217 
0.6359211 
0.6388701 
0.6336640 
0.6310170 
0.6266780 
0.6247989 
0.6311109 
0.6376251 
0.6299977 
0.6249596 
0.6223785 
0.6315403 
0.6334874 
0.6314959 
0.6249447 
0.6256105 
0.6224065 
0.6210375 
0.6143974 
0.6203179 
0.6278862 
0.6254911 
0.6308094 
0.6227030 
0.6193982 
0.6207019 
0.6229810 
0.6191167 
0.6173905 
0.6162246 
0.6077496 
0.6118998 
0.6114959 
0.6130623 
0.6152713 
0.6044628 
0.6000765 
0.6062353 
0.6159543 
0.6061829 
0.6022564 
0.6035712 
0.6078380 
0.6196348 
0.6067808 
0.5990939 
0.5972522 
0.5927709 
0.5860461 
0.5957172 
0.5994465 
0.5964443 
0.6001785 
0.6084412 
0.6091637 
0.5997361 
0.5984591 
0.6093733 
0.6097441 
0.5975297 
0.5938770 
0.5916070 
0.5833300 
0.5840363 
0.5921109 
0.5987572 
0.5964335 
0.5986090 
0.5937881 
0.5896013 
0.5838591 
0.5843940 
0.5837773 
0.5833266 
0.5830937 
0.5842701 
0.5835593 
0.5835995 
0.5858818 
0.5901393 
0.5947655 
0.5935008 
0.6004438 
0.5865211 
0.5925702 
0.5886738 
0.5880964 
0.5793404 
0.5757241 
0.5761310 
0.5812151 
0.5828489 
0.5802056 
0.5713320 
0.5602374 
0.5606345 
0.5652209 
0.5648918 
0.5711924 
0.5737058 
0.5776554 
0.5772937 
0.5725371 
0.5860893 
0.5847895 
0.5737812 
0.5582168 
0.5694207 
0.5737546 
0.5755778 
0.5726341 
0.5640210 
0.5528692 
0.5592213 
0.5509025 
0.5652322 
0.5871044 
0.5807608 
0.5690507 
0.5496636 
0.5441428 
0.5548903 
0.5560024 
0.5576295 
0.5597950 
0.5695037 
0.5557880 
0.5283398 
0.5239658 
0.5366194 
0.5468710 
0.5464133 
0.5589050 
0.5565681 
0.5513679 
0.5445511 
0.5443212 
0.5449781 
0.5571720 
0.5634283 
0.5665156 
0.5494731 
0.5353410 
0.5256558 
0.5235107 
0.5311587 
0.5396450 
0.5496273 
0.5518427 
0.5522376 
0.5506338 
0.5439834 
0.5346003 
0.5364271 
0.5362266 
0.5303596 
0.5437958 
0.5460001 
0.5500600 
0.5598046 
0.5489697 
0.5431793 
0.5441467 
0.5476836 
0.5549125 
0.5599211 
0.5629381 
0.5563642 
0.5563577 
0.5461025 
0.5440834 
0.5461918 
0.5498167 
0.5494185 
0.5507102 
0.5434272 
0.5308900 
0.5299706 
0.5311607 
0.5368202 
0.5339883 
0.5290152 
0.5310914 
0.5277341 
0.5286246 
0.5329871 
0.5297921 
0.5349367 
0.5271756 
0.5288327 
0.5328730 
0.5240982 
0.5284654 
0.5259815 
0.5251954 
0.5205437 
0.5197125 
0.5148433 
0.5094152 
0.5082437 
0.5038204 
0.5074382 
0.5194178 
0.5230426 
0.5187885 
0.5206773 
0.5220275 
0.5123839 
0.5049945 
0.5065854 
0.5027484 
0.5015226 
0.4961643 
0.4929324 
0.4930750 
0.4935793 
0.4814270 
0.4760840 
0.4676783 
0.4727719 
0.4807865 
0.4906740 
0.5005916 
0.5002306 
0.4985054 
0.5035974 
0.5031090 
0.5037798 
0.5025785 
0.5033111 
0.5032137 
0.5134874 
0.5181193 
0.5149157 
0.5076188 
0.4935978 
0.4870409 
0.4814911 
0.4849630 
0.5050371 
0.4992248 
0.4910148 
0.4862774 
0.4869975 
0.4868987 
0.4837059 
0.4883688 
0.4883203 
0.4923724 
0.4890508 
0.4852226 
0.4887220 
0.4834591 
0.4802242 
0.4787979 
0.4833387 
0.4825206 
0.4833003 
0.4716828 
0.4746246 
0.4762367 
0.4752207 
0.4732470 
0.4675168 
0.4683033 
0.4685565 
0.4577090 
0.4572188 
0.4550037 
0.4512490 
0.4584263 
0.4499676 
0.4523895 
0.4515607 
0.4544382 
0.4617658 
0.4570375 
0.4564719 
0.4557672 
0.4591193 
0.4608280 
0.4579806 
0.4602985 
0.4680308 
0.4567481 
0.4649743 
0.4621074 
0.4649335 
0.4658491 
0.4695698 
0.4706759 
0.4642878 
0.4603761 
0.4595373 
0.4637390 
0.4640525 
0.4618938 
0.4654950 
0.4638776 
0.4621120 
0.4679603 
0.4586578 
0.4649897 
0.4615512 
0.4658749 
0.4656727 
0.4600623 
0.4535672 
0.4570985 
0.4570161 
0.4533273 
0.4579741 
0.4607227 
0.4628816 
0.4666472 
0.4666731 
0.4685077 
0.4676804 
0.4701188 
0.4758332 
0.4711980 
0.4689255 
0.4639398 
0.4602125 
0.4642204 
0.4645309 
0.4649620 
0.4518515 
0.4618399 
0.4588563 
0.4507481 
0.4506716 
0.4577852 
0.4598748 
0.4560514 
0.4475308 
0.4497039 
0.4452417 
0.4396751 
0.4347781 
0.4368376 
0.4336642 
0.4362680 
0.4419470 
0.4364317 
0.4351478 
0.4290439 
0.4283016 
0.4223833 
0.4219313 
0.4137951 
0.4201008 
0.4201665 
0.4190905 
0.4123488 
0.4139491 
0.4200878 
0.4232621 
0.4195651 
0.4180880 
0.4220563 
0.4247640 
0.4280117 
0.4314464 
0.4234240 
0.4225846 
0.4182260 
0.4191800 
0.4190607 
0.4198427 
0.4135733 
0.4171265 
0.4173662 
0.4219282 
0.4267338 
0.4318813 
0.4259498 
0.4264632 
0.4237152 
0.4175359 
0.4190750 
0.4255810 
0.4288140 
0.4284528 
0.4279697 
0.4249933 
0.4298443 
0.4231027 
0.4269809 
0.4287530 
0.4309415 
0.4325938 
0.4299546 
0.4262949 
0.4282521 
0.4240200 
0.4241217 
0.4226294 
0.4233314 
0.4223599 
0.4121248 
0.4129347 
0.4171423 
0.4255210 
0.4217626 
0.4251985 
0.4209502 
0.4274635 
0.4226822 
0.4290317 
0.4094763 
0.4123242 
0.4072103 
0.4026785 
0.4019310 
0.3929346 
0.3963857 
0.3921804 
0.3954210 
0.3914137 
0.3943841 
0.3971644 
0.4002454 
0.3952565 
0.3960688 
0.3986837 
0.3909331 
0.3815781 
0.3833627 
0.3793723 
0.3783652 
0.3816222 
0.3817562 
0.3842277 
0.3752244 
0.3733018 
0.3778782 
0.3766138 
0.3792740 
0.3811202 
0.3890938 
0.3936737 
0.3886440 
0.3897695 
0.3894647 
0.3867598 
0.3899784 
0.3798399 
0.3852765 
0.3888447 
0.3803778 
0.3814891 
0.3822445 
0.3862724 
0.3848171 
0.3853345 
0.3930600 
0.3977852 
0.4008141 
0.3958164 
0.3928085 
0.3894646 
0.3901597 
0.3915030 
0.3940236 
0.3921018 
0.4021757 
0.4004309 
0.3909011 
0.3932438 
0.3915811 
0.3887558 
0.3821998 
0.3874068 
0.3799612 
0.3793953 
0.3804080 
0.3796870 
0.3834124 
0.3828523 
0.3922157 
0.3759249 
0.3737589 
0.3673750 
0.3691511 
0.3716530 
0.3719123 
0.3746966 
0.3720194 
0.3736914 
0.3734165 
0.3697031 
0.3740631 
0.3630330 
0.3602629 
0.3666642 
0.3691315 
0.3584944 
0.3566036 
0.3555472 
0.3554468 
0.3527427 
0.3466121 
0.3437061 
0.3385266 
0.3451284 
0.3491430 
0.3527531 
0.3481141 
0.3368877 
0.3413507 
0.3531937 
0.3440371 
0.3440784 
0.3274551 
0.3316682 
0.3311869 
0.3357742 
0.3290113 
0.3239553 
0.3226335 
0.3360369 
0.3363979 
0.3358843 
0.3330529 
0.3334599 
0.3308697 
0.3282815 
0.3323468 
0.3259184 
0.3152503 
0.3203470 
0.3354830 
0.3306906 
0.3228265 
0.3184236 
0.3168609 
0.3223454 
0.3266877 
0.3257871 
0.3164821 
0.3210589 
0.3177671 
0.3244251 
0.3283299 
0.3230100 
0.3196194 
0.3218816 
0.3167101 
0.3103367 
0.3145987 
0.3143336 
0.3170370 
0.3094151 
0.3103449 
0.3040832 
0.2978860 
0.3055188 
0.3165252 
0.3191235 
0.3186179 
0.3108730 
0.3173526 
0.3109104 
0.3146233 
0.3182326 
0.3232987 
0.3198674 
0.3171474 
0.3084758 
0.3027030 
0.2979794 
0.2962595 
0.2927556 
0.2927195 
0.2931189 
0.2924843 
0.2896996 
0.2873561 
0.2917984 
0.2865736 
0.2879868 
0.2884053 
0.2868646 
0.3013503 
0.3028184 
0.3028345 
0.3009288 
0.3019906 
0.2957708 
0.2933523 
0.2879047 
0.2811289 
0.2839252 
0.2825860 
0.2780944 
0.2799237 
0.2769410 
0.2776082 
0.2737417 
0.2718155 
0.2765926 
0.2822761 
0.2810821 
0.2770224 
0.2764862 
0.2851876 
0.2864569 
0.2852262 
0.2775404 
0.2848890 
0.2790536 
0.2807483 
0.2753365 
0.2854765 
0.2825378 
0.2830172 
0.2804101 
0.2808118 
0.2803855 
0.2833843 
0.2811179 
0.2833116 
0.2788878 
0.2756195 
0.2749641 
0.2711963 
0.2676215 
0.2753725 
0.2769948 
0.2733169 
0.2715469 
0.2704352 
0.2736822 
0.2757226 
0.2710867 
0.2753322 
0.2825155 
0.2864681 
0.2833075 
0.2745298 
0.2795937 
0.2703774 
0.2729345 
0.2760834 
0.2895180 
0.2939232 
0.2870190 
0.2841695 
0.2831342 
0.2919670 
0.2849056 
0.2865322 
0.2907045 
0.2864700 
0.2850232 
0.2886548 
0.2901865 
0.2885266 
0.2896818 
0.2918741 
0.2903912 
0.2869182 
0.2893970 
0.2822736 
0.2805930 
0.2782931 
0.2794748 
0.2781207 
0.2724638 
0.2658033 
0.2658185 
0.2631193 
0.2545415 
0.2501839 
0.2455201 
0.2506905 
0.2560841 
0.2537002 
0.2556313 
0.2520271 
0.2459852 
0.2423689 
0.2462240 
0.2478055 
0.2441860 
0.2428982 
0.2400150 
0.2413192 
0.2381109 
0.2380196 
0.2384251 
0.2377341 
0.2409202 
0.2416657 
0.2369901 
0.2341832 
0.2364674 
0.2377570 
0.2390837 
0.2423357 
0.2404596 
0.2373586 
0.2374855 
0.2398903 
0.2416145 
0.2373679 
0.2418253 
0.2412370 
0.2343075 
0.2267655 
0.2276842 
0.2345230 
0.2423009 
0.2434823 
0.2504243 
0.2481106 
0.2458289 
0.2446557 
0.2494727 
0.2468999 
0.2473913 
0.2424358 
0.2464215 
0.2427913 
0.2388703 
0.2419386 
0.2377386 
0.2267264 
0.2346392 
0.2268361 
0.2368987 
0.2309940 
0.2268422 
0.2244900 
0.2264408 
0.2236653 
0.2169631 
0.2215584 
0.2282856 
0.2254708 
0.2258609 
0.2169371 
0.2110918 
0.2095289 
0.2209275 
0.2097008 
0.2105676 
0.2073506 
0.2057210 
0.2051803 
0.1995614 
0.2025231 
0.1947941 
0.1927776 
0.1913215 
0.1902615 
0.1905627 
0.1877303 
0.1904816 
0.1980541 
0.2024457 
0.1934771 
0.1888621 
0.2022976 
0.1957685 
0.1997001 
0.2020599 
0.1955362 
0.1966233 
0.1995435 
0.1989471 
0.1958808 
0.1971148 
0.1947636 
0.1899887 
0.1890457 
0.1803886 
0.1798010 
0.1704570 
0.1683392 
0.1672659 
0.1734623 
0.1775605 
0.1801782 
0.1873516 
0.1868484 
0.1920634 
0.1921883 
0.1934035 
0.1934334 
0.2001501 
0.2031775 
0.2002458 
0.1962252 
0.1899025 
0.1820973 
0.1838857 
0.1819198 
0.1746961 
0.1624081 
0.1621685 
0.1617083 
0.1598365 
0.1600080 
0.1620226 
0.1617833 
0.1652224 
0.1622095 
0.1638232 
0.1678771 
0.1669960 
0.1604352 
0.1563455 
0.1470550 
0.1465171 
0.1513962 
0.1549075 
0.1576336 
0.1578575 
0.1592375 
0.1597719 
0.1577193 
0.1534932 
0.1532140 
0.1493666 
0.1499432 
0.1511823 
0.1489461 
0.1523322 
0.1509535 
0.1492430 
0.1543695 
0.1540827 
0.1542307 
0.1643361 
0.1720302 
0.1732425 
0.1552764 
0.1509003 
0.1494027 
0.1489708 
0.1459659 
0.1463144 
0.1497669 
0.1507484 
0.1510756 
0.1519967 
0.1513029 
0.1528807 
0.1559463 
0.1530816 
0.1522446 
0.1515750 
0.1271797 
0.1234891 
0.1275860 
0.1238750 
0.1314936 
0.1283257 
0.1337513 
0.1292698 
0.1308870 
0.1449373 
0.1431331 
0.1379253 
0.1389640 
0.1325875 
0.1323277 
0.1332199 
0.1350393 
0.1328995 
0.1288300 
0.1284571 
0.1294585 
0.1312204 
0.1308262 
0.1316137 
0.1370884 
0.1391802 
0.1357489 
0.1439270 
0.1468929 
0.1467607 
0.1436323 
0.1382125 
0.1302713 
0.1264698 
0.1182701 
0.1201976 
0.1133967 
0.1119438 
0.1068804 
0.1107933 
0.1090724 
0.1067676 
0.0953344 
0.1043381 
0.1024197 
0.1099737 
0.1086679 
0.1095531 
0.1068934 
0.1065713 
0.1136524 
0.1079312 
0.1056982 
0.1065765 
0.1051797 
0.1141638 
0.1083174 
0.1068631 
0.1095813 
0.1066224 
0.1088788 
0.1049527 
0.1053632 
0.1037508 
0.1024072 
0.0967350 
0.0945558 
0.0917540 
0.0940459 
0.0920412 
0.0930148 
0.0933379 
0.0937998 
0.0914284 
0.0938116 
0.1010011 
0.1119663 
0.1139133 
0.1170935 
0.1206845 
0.1182278 
0.1124643 
0.1093377 
0.0900046 
0.0913637 
0.0912634 
0.0902264 
0.0963872 
0.0974350 
0.0936479 
0.0988738 
0.1030330 
0.0978889 
0.0987696 
0.1047330 
0.1003228 
0.1024155 
0.0994009 
0.0978670 
0.1007930 
0.0983047 
0.1001316 
0.1042066 
0.0981475 
0.0989241 
0.1053748 
0.1048960 
0.1045915 
0.1082717 
0.1058037 
0.1035299 
0.1032841 
0.1048554 
0.1089019 
0.1092841 
0.1024341 
0.0912112 
0.1008588 
0.1026084 
0.0989166 
0.0905563 
0.0962095 
0.0990950 
0.1051366 
0.0891564 
0.0877648 
0.0935304 
0.0869328 
0.0857809 
0.0841856 
0.0845271 
0.0850720 
0.0807098 
0.0884637 
0.0915000 
0.0938981 
0.0908763 
0.0810033 
0.0791936 
0.0794462 
0.0710472 
0.0720943 
0.0743109 
0.0761427 
0.0805296 
0.0777664 
0.0740198 
0.0709781 
0.0792185 
0.0759822 
0.0668619 
0.0687540 
0.0701231 
0.0782174 
0.0806463 
0.0869654 
0.1011011 
0.0822960 
0.0758201 
0.0743056 
0.0713262 
0.0768914 
0.0773473 
0.0749651 
0.0751489 
0.0738197 
0.0693578 
0.0611911 
0.0590772 
0.0560934 
0.0556437 
0.0573186 
0.0594309 
0.0588747 
0.0585329 
0.0595075 
0.0566813 
0.0553344 
0.0640246 
0.0660291 
0.0644567 
0.0665315 
0.0622554 
0.0600700 
0.0589303 
0.0471308 
0.0446823 
0.0388441 
0.0468502 
0.0433522 
0.0455842 
0.0424162 
0.0398839 
0.0453613 
0.0451568 
0.0496072 
0.0550918 
0.0450095 
0.0492037 
0.0448973 
0.0490422 
0.0551041 
0.0580172 
0.0560130 
0.0439038 
0.0501203 
0.0477961 
0.0453311 
0.0402649 
0.0458038 
0.0332774 
0.0389636 
0.0350056 
0.0387990 
0.0429750 
0.0367734 
0.0380034 
0.0407821 
0.0405265 
0.0372685 
0.0339644 
0.0345811 
0.0296908 
0.0292171 
0.0284149 
0.0319134 
0.0373058 
0.0338125 
0.0314208 
0.0351702 
0.0417136 
0.0361284 
0.0390375 
0.0341091 
0.0356056 
0.0305420 
0.0265618 
0.0295194 
0.0304084 
0.0315088 
0.0303677 
0.0286838 
0.0277188 
0.0305637 
0.0256076 
0.0278185 
0.0321821 
0.0308890 
0.0315036 
0.0334449 
0.0333363 
0.0295040 
0.0277915 
0.0318504 
0.0369110 
0.0397497 
0.0361881 
0.0381364 
0.0411872 
0.0379271 
0.0372521 
0.0466007 
0.0439252 
0.0551944 
0.0450230 
0.0418718 
0.0436479 
0.0333435 
0.0142265 
0.0177938 
0.0200138 
0.0154946 
0.0093453 
0.0070252 
0.0037787 
0.0000000 
0.0094272 
0.0104777 
