0.0000315 
-0.0001319 
-0.0001035 
0.1653094 
0.2355237 
-0.0025915 
0.9942202 
1.0000000 
0.9956875 
0.9967821 
0.9886506 
0.9907994 
0.9885010 
0.9908963 
0.9845646 
0.9810146 
0.9677196 
0.9620999 
0.9550682 
0.9473096 
0.9542622 
0.9521958 
0.9546658 
0.9709598 
0.9739533 
0.9822747 
0.9856717 
0.9949518 
0.9885177 
0.9643809 
0.9474307 
0.9427324 
0.9435299 
0.9403508 
0.9397624 
0.9546389 
0.9440969 
0.9446996 
0.9399341 
0.9447440 
0.9381564 
0.9471428 
0.9541320 
0.9536349 
0.9460030 
0.9563279 
0.9658920 
0.9582015 
0.9658968 
0.9646420 
0.9602486 
0.9665940 
0.9725544 
0.9641931 
0.9615041 
0.9670180 
0.9576590 
0.9529919 
0.9501900 
0.9511580 
0.9505891 
0.9391013 
0.9370246 
0.9541835 
0.9604083 
0.9812345 
0.9743587 
0.9600417 
0.9666275 
0.9716534 
0.9634901 
0.9624807 
0.9466520 
0.9305425 
0.9403336 
0.9301213 
0.9118983 
0.9143247 
0.9173591 
0.8934986 
0.8842645 
0.9004972 
0.9099700 
0.9101167 
0.9090877 
0.9101046 
0.9128921 
0.9098391 
0.9152528 
0.9132522 
0.9256975 
0.9377901 
0.9431658 
0.9445450 
0.9462767 
0.9388337 
0.9215413 
0.9132442 
0.9066754 
0.8963883 
0.8988274 
0.8865435 
0.8902332 
0.8985191 
0.9038547 
0.9102443 
0.8912384 
0.8813677 
0.8689087 
0.8831361 
0.8953157 
0.9030219 
0.9163713 
0.8951714 
0.8844099 
0.8830266 
0.8908653 
0.9047130 
0.9110561 
0.9157897 
0.9253143 
0.9262572 
0.9111432 
0.8987125 
0.8776609 
0.8632104 
0.8510386 
0.8445101 
0.8554322 
0.8551995 
0.8664123 
0.8910355 
0.9051604 
0.9059197 
0.8959127 
0.8975339 
0.9099391 
0.9167353 
0.9205282 
0.9230400 
0.9448737 
0.9470116 
0.9331403 
0.9187324 
0.9141914 
0.9322481 
0.9434293 
0.9528843 
0.9293464 
0.9097609 
0.8919875 
0.8850205 
0.8839837 
0.8721025 
0.8705950 
0.8774339 
0.8836353 
0.8921430 
0.9058117 
0.9267662 
0.9372531 
0.9370182 
0.9419652 
0.9340807 
0.9302347 
0.9383660 
0.9413115 
0.9448742 
0.9355481 
0.9103077 
0.8887256 
0.8855128 
0.8967483 
0.8960771 
0.8960244 
0.8985379 
0.8938976 
0.8877759 
0.8988738 
0.9062535 
0.9252942 
0.9362863 
0.9433418 
0.9328927 
0.9233801 
0.9227363 
0.9247932 
0.9152698 
0.9202932 
0.9026323 
0.8735645 
0.8417748 
0.8279836 
0.8197178 
0.8209032 
0.8461701 
0.8401508 
0.8335804 
0.8314045 
0.8275708 
0.8385051 
0.8627312 
0.8800680 
0.8988652 
0.8957979 
0.8878529 
0.8795233 
0.8680217 
0.8657541 
0.8748975 
0.8790013 
0.8778857 
0.8777678 
0.8828588 
0.8827991 
0.8864775 
0.8865528 
0.8991790 
0.9043797 
0.9039704 
0.8960697 
0.8918945 
0.8780886 
0.8829140 
0.8827930 
0.9042290 
0.9076565 
0.9177891 
0.9062351 
0.9124451 
0.9087706 
0.9148556 
0.9164198 
0.9086128 
0.9019369 
0.8811101 
0.8504645 
0.8427256 
0.8396313 
0.8445326 
0.8478919 
0.8382385 
0.8409925 
0.8442931 
0.8376671 
0.8463366 
0.8531971 
0.8789330 
0.9118914 
0.9331394 
0.9573446 
0.9609700 
0.9863742 
0.9805830 
0.9812978 
0.9543236 
0.9395713 
0.9282109 
0.9151227 
0.8998380 
0.8855987 
0.8758296 
0.8729570 
0.8646095 
0.8555899 
0.8529868 
0.8483618 
0.8458669 
0.8490114 
0.8645239 
0.8886149 
0.9220330 
0.9355067 
0.9558934 
0.9581907 
0.9476632 
0.9267728 
0.9026122 
0.8968795 
0.8952132 
0.8797067 
0.8762200 
0.8619544 
0.8665505 
0.8816412 
0.8700425 
0.8580808 
0.8642773 
0.8785698 
0.8971201 
0.9132152 
0.9112312 
0.9096530 
0.9199019 
0.9337765 
0.9425969 
0.9528171 
0.9533953 
0.9432147 
0.9371657 
0.9364276 
0.9396887 
0.9136354 
0.8852202 
0.8490733 
0.8201755 
0.8106148 
0.8148152 
0.8146238 
0.8136219 
0.8251209 
0.8491650 
0.8669657 
0.8599366 
0.8591817 
0.8786467 
0.9043709 
0.9320618 
0.9325895 
0.9257074 
0.8950154 
0.8942166 
0.8905399 
0.8940691 
0.8787650 
0.8714965 
0.8750981 
0.8970672 
0.9014484 
0.9042332 
0.8944157 
0.8946828 
0.8949881 
0.9075092 
0.9243896 
0.9174994 
0.8924630 
0.8733234 
0.8633466 
0.8627484 
0.8695675 
0.8553614 
0.8297387 
0.8277671 
0.8392377 
0.8568988 
0.8590993 
0.8794281 
0.8940545 
0.9106048 
0.9274916 
0.9392816 
0.9292814 
0.9158402 
0.8878779 
0.8737644 
0.8774791 
0.8823151 
0.8705549 
0.8524733 
0.8408497 
0.8516410 
0.8600026 
0.8568553 
0.8371070 
0.8251477 
0.8232339 
0.8456015 
0.8764231 
0.9044930 
0.9092197 
0.8985297 
0.8967531 
0.8966168 
0.9005684 
0.9075070 
0.9078000 
0.9072715 
0.9173912 
0.9241025 
0.9160838 
0.8894966 
0.8449897 
0.8211243 
0.8031627 
0.7984927 
0.8091512 
0.8219480 
0.8159751 
0.8265664 
0.8415905 
0.8603714 
0.8948226 
0.9049269 
0.8998789 
0.9028823 
0.9008895 
0.8800755 
0.8724095 
0.8574116 
0.8593306 
0.8603174 
0.8650363 
0.8658862 
0.8505838 
0.8349940 
0.8263215 
0.8239154 
0.8293830 
0.8415589 
0.8644836 
0.8887942 
0.8893892 
0.8843476 
0.8853408 
0.8850493 
0.8850116 
0.8874617 
0.8878270 
0.8846381 
0.8718765 
0.8685475 
0.8608349 
0.8332481 
0.8039687 
0.7866128 
0.7891648 
0.8051453 
0.8205150 
0.8400172 
0.8366475 
0.8565033 
0.8563128 
0.8596783 
0.8644604 
0.8708650 
0.8764046 
0.8728183 
0.8879645 
0.8854895 
0.8715716 
0.8541908 
0.8391383 
0.8050887 
0.8052823 
0.8025246 
0.8118584 
0.8219967 
0.8281062 
0.8295909 
0.8260586 
0.8365421 
0.8415188 
0.8476067 
0.8318697 
0.8084316 
0.8032507 
0.8023391 
0.7993778 
0.7923182 
0.7795930 
0.7776327 
0.7794618 
0.7808839 
0.7767110 
0.7781277 
0.7820411 
0.7930443 
0.8153918 
0.8241679 
0.8340204 
0.8405381 
0.8406612 
0.8332321 
0.8239452 
0.8268083 
0.8328849 
0.8296170 
0.8357901 
0.8371598 
0.8396338 
0.8309521 
0.8174034 
0.8194222 
0.8207968 
0.8147390 
0.8194790 
0.8360655 
0.8430522 
0.8572013 
0.8679327 
0.8689155 
0.8622351 
0.8538319 
0.8398429 
0.8245842 
0.8073582 
0.7945002 
0.7807102 
0.7753955 
0.7769972 
0.7857311 
0.7846697 
0.7861323 
0.7774881 
0.7769470 
0.7782811 
0.7857500 
0.7777951 
0.7643759 
0.7399147 
0.7259739 
0.7206707 
0.7218076 
0.7301444 
0.7434658 
0.7507248 
0.7615670 
0.7684551 
0.7773704 
0.7660760 
0.7564917 
0.7571015 
0.7753227 
0.7909721 
0.8083313 
0.8046492 
0.7953215 
0.7913246 
0.7961470 
0.7987133 
0.8121460 
0.8159349 
0.8211798 
0.8316647 
0.8470268 
0.8629554 
0.8724319 
0.8772592 
0.8740892 
0.8746620 
0.8713083 
0.8504917 
0.8473740 
0.8399273 
0.8262258 
0.8338750 
0.8562764 
0.8659849 
0.8597671 
0.8382394 
0.8257278 
0.8113739 
0.8097394 
0.8265244 
0.8244149 
0.8256709 
0.8327794 
0.8257647 
0.8338962 
0.8448267 
0.8491772 
0.8371653 
0.8287044 
0.8200562 
0.8105655 
0.8116016 
0.7888021 
0.7763015 
0.7746136 
0.7661391 
0.7499047 
0.7570552 
0.7580587 
0.7578682 
0.7601527 
0.7565097 
0.7645082 
0.7682865 
0.7623079 
0.7704757 
0.7672954 
0.7943471 
0.8068742 
0.8120559 
0.8205042 
0.8288067 
0.8554940 
0.8642434 
0.8712398 
0.8509450 
0.8227148 
0.8087936 
0.8004143 
0.7962318 
0.8048929 
0.8127602 
0.8039441 
0.8016007 
0.7856410 
0.7747682 
0.7701447 
0.7797416 
0.7741705 
0.7798841 
0.7764286 
0.7791693 
0.7780215 
0.7823758 
0.7925836 
0.7871312 
0.7964172 
0.7965119 
0.8059305 
0.8153120 
0.8135030 
0.8120041 
0.8063857 
0.7927990 
0.7881020 
0.7802365 
0.7706612 
0.7450997 
0.7301746 
0.7322361 
0.7527648 
0.7685260 
0.7860572 
0.7916361 
0.7879960 
0.7904017 
0.7854620 
0.7840731 
0.7784484 
0.7791181 
0.7746529 
0.7869711 
0.7825814 
0.7805650 
0.7805083 
0.7916129 
0.8178943 
0.8452257 
0.8385081 
0.8381856 
0.8467043 
0.8486715 
0.8388533 
0.8285113 
0.8188705 
0.8234167 
0.8266105 
0.8464337 
0.8479263 
0.8649940 
0.8663576 
0.8483521 
0.8202595 
0.8212296 
0.8131866 
0.8118384 
0.8044760 
0.7976081 
0.8011214 
0.8014481 
0.8013758 
0.8140182 
0.8183035 
0.8193142 
0.7998532 
0.7881253 
0.7870681 
0.7901424 
0.7835707 
0.7776137 
0.7831577 
0.7867071 
0.7835330 
0.7788538 
0.7871583 
0.8006248 
0.8091753 
0.8169871 
0.8235836 
0.8189643 
0.8053048 
0.8051210 
0.7994519 
0.7996456 
0.8063255 
0.8137297 
0.8080027 
0.8039287 
0.7874105 
0.7862040 
0.7850985 
0.7803887 
0.7791854 
0.7958079 
0.7884697 
0.8106773 
0.8111402 
0.8183435 
0.8232572 
0.8182202 
0.8114052 
0.8003544 
0.7796604 
0.7695669 
0.7581740 
0.7387006 
0.7280606 
0.7392807 
0.7446957 
0.7501418 
0.7559656 
0.7644345 
0.7849974 
0.7794580 
0.7808221 
0.7798121 
0.7631234 
0.7454538 
0.7490038 
0.7529612 
0.7393129 
0.7258481 
0.7289879 
0.7271906 
0.7323692 
0.7321097 
0.7260329 
0.7284938 
0.7247742 
0.7272501 
0.7392827 
0.7663751 
0.7640757 
0.7611721 
0.7598138 
0.7540328 
0.7368304 
0.7322074 
0.7371590 
0.7393647 
0.7513043 
0.7625105 
0.7751356 
0.7817961 
0.7831626 
0.7797461 
0.7874599 
0.7825439 
0.7926818 
0.8055699 
0.8049666 
0.8041425 
0.7936822 
0.7802583 
0.7662454 
0.7585841 
0.7454451 
0.7299116 
0.7186186 
0.7160503 
0.7160718 
0.7179877 
0.7243162 
0.7225598 
0.7198801 
0.7259933 
0.7293628 
0.7358264 
0.7489749 
0.7558586 
0.7517549 
0.7575200 
0.7554243 
0.7634474 
0.7661634 
0.7595220 
0.7450081 
0.7478779 
0.7277114 
0.7200958 
0.7173593 
0.7155585 
0.7108857 
0.7258529 
0.7361528 
0.7271754 
0.7382483 
0.7473175 
0.7633343 
0.7635512 
0.7661883 
0.7609856 
0.7706300 
0.7627168 
0.7645245 
0.7627592 
0.7546825 
0.7519605 
0.7511782 
0.7580034 
0.7570118 
0.7791658 
0.7925472 
0.8031403 
0.7992947 
0.7835344 
0.7783254 
0.7792620 
0.7821626 
0.7931512 
0.7959523 
0.7976595 
0.7939255 
0.7816972 
0.7748034 
0.7637262 
0.7539812 
0.7462245 
0.7483059 
0.7387644 
0.7635871 
0.7872172 
0.7866117 
0.7881270 
0.7805020 
0.7562211 
0.7583637 
0.7588206 
0.7486213 
0.7475747 
0.7556471 
0.7595759 
0.7657795 
0.7637278 
0.7649465 
0.7672109 
0.7804244 
0.7799828 
0.7795158 
0.7581252 
0.7579793 
0.7398672 
0.7263863 
0.7190281 
0.7125019 
0.7160825 
0.7035654 
0.7109303 
0.7145849 
0.7150235 
0.7148074 
0.7041150 
0.6975465 
0.6981957 
0.6903491 
0.6804865 
0.6804587 
0.6844832 
0.6868818 
0.7135502 
0.7311684 
0.7399076 
0.7496263 
0.7544534 
0.7434892 
0.7325777 
0.7231898 
0.7197027 
0.7079349 
0.7207842 
0.7299063 
0.7441035 
0.7477707 
0.7639187 
0.7851007 
0.7868922 
0.7896115 
0.7818025 
0.7861613 
0.7916572 
0.7776803 
0.7710096 
0.7560130 
0.7629333 
0.7639459 
0.7569558 
0.7545611 
0.7658904 
0.7735239 
0.7805543 
0.7844611 
0.7771013 
0.7674505 
0.7670278 
0.7515881 
0.7475747 
0.7469030 
0.7478355 
0.7592439 
0.7711004 
0.7986332 
0.8177937 
0.8232287 
0.8277117 
0.8298768 
0.8180884 
0.8124436 
0.8023777 
0.7788026 
0.7641983 
0.7402547 
0.7337058 
0.7169493 
0.7115612 
0.7289587 
0.7241254 
0.7358261 
0.7275910 
0.7161512 
0.7057017 
0.6844679 
0.6656258 
0.6585497 
0.6518128 
0.6503498 
0.6657671 
0.6729003 
0.6869013 
0.6950408 
0.6921860 
0.6846546 
0.6784897 
0.6726887 
0.6742264 
0.6820469 
0.6922123 
0.7012176 
0.7084577 
0.7172444 
0.7348083 
0.7393465 
0.7473577 
0.7501024 
0.7383419 
0.7251122 
0.7222382 
0.7001974 
0.6946301 
0.6896995 
0.6898304 
0.7082244 
0.7180981 
0.7303279 
0.7390944 
0.7421019 
0.7458693 
0.7682358 
0.7672228 
0.7557712 
0.7591168 
0.7780379 
0.7790271 
0.7791797 
0.7651837 
0.7477459 
0.7278132 
0.7316199 
0.7351459 
0.7482243 
0.7497292 
0.7464145 
0.7475797 
0.7506429 
0.7501484 
0.7608824 
0.7411913 
0.7400463 
0.7305894 
0.7300642 
0.7206346 
0.7208940 
0.7162988 
0.7062489 
0.7069358 
0.7248874 
0.7328755 
0.7261632 
0.7256054 
0.7194766 
0.7301438 
0.7327967 
0.7298127 
0.7334508 
0.7320490 
0.7270609 
0.7358681 
0.7273316 
0.7319081 
0.7463656 
0.7491322 
0.7404895 
0.7334878 
0.7179445 
0.7076817 
0.6957249 
0.6808722 
0.6638566 
0.6592847 
0.6621564 
0.6634168 
0.6561036 
0.6521118 
0.6578682 
0.6518185 
0.6742092 
0.6747929 
0.6715415 
0.6654532 
0.6573465 
0.6485989 
0.6516489 
0.6626481 
0.6615499 
0.6597638 
0.6663739 
0.6805134 
0.6831344 
0.6894707 
0.6987379 
0.6950584 
0.6871400 
0.6899363 
0.6861516 
0.6892096 
0.6966923 
0.7055095 
0.7122422 
0.7125684 
0.7182359 
0.7102284 
0.7120924 
0.7179317 
0.7253894 
0.7361882 
0.7595347 
0.7688652 
0.7616494 
0.7588151 
0.7575310 
0.7682366 
0.7819506 
0.7792100 
0.7793519 
0.7907942 
0.7937948 
0.7935316 
0.7932635 
0.7887241 
0.7752893 
0.7654142 
0.7461885 
0.7370119 
0.7335224 
0.7239731 
0.7270878 
0.7337829 
0.7346849 
0.7533439 
0.7752770 
0.7712935 
0.7513891 
0.7350980 
0.7070560 
0.6853799 
0.6641903 
0.6748219 
0.6693185 
0.6711183 
0.6769447 
0.6853164 
0.6881965 
0.6880201 
0.6808573 
0.6667519 
0.6568865 
0.6465712 
0.6492255 
0.6520434 
0.6552714 
0.6539665 
0.6560975 
0.6499172 
0.6265756 
0.6245482 
0.6201082 
0.6336260 
0.6320034 
0.6446417 
0.6296910 
0.6315192 
0.6267816 
0.6427984 
0.6431044 
0.6527814 
0.6733316 
0.6920014 
0.6980432 
0.7106870 
0.7164700 
0.7246573 
0.7291580 
0.7420810 
0.7629346 
0.7861210 
0.7980929 
0.8109441 
0.8280265 
0.8193140 
0.8087604 
0.8036326 
0.7878998 
0.7683266 
0.7775283 
0.7649663 
0.7680096 
0.7599912 
0.7598278 
0.7482226 
0.7369790 
0.7182489 
0.7192596 
0.6937945 
0.6918578 
0.6943819 
0.7064998 
0.7033829 
0.6831372 
0.6597932 
0.6426793 
0.6293840 
0.6200432 
0.6298347 
0.6516477 
0.6531741 
0.6439101 
0.6393574 
0.6420896 
0.6408612 
0.6357868 
0.6056692 
0.5918678 
0.5848496 
0.5892029 
0.5853230 
0.5743990 
0.5596820 
0.5485274 
0.5555883 
0.5712377 
0.5884124 
0.5959703 
0.6023007 
0.6057928 
0.6009612 
0.5996067 
0.6134980 
0.6386126 
0.6643987 
0.6680321 
0.6861241 
0.6919949 
0.7047697 
0.7040911 
0.7148163 
0.7134829 
0.7731274 
0.7714829 
0.7667347 
0.7600333 
0.7535135 
0.7147010 
0.6920597 
0.6711378 
0.6596553 
0.6673960 
0.6745466 
0.6834359 
0.6884520 
0.6882823 
0.6850659 
0.6842976 
0.6768784 
0.6730069 
0.6946911 
0.6847253 
0.6749661 
0.6709383 
0.6645603 
0.6713466 
0.6743613 
0.6552890 
0.6441896 
0.6369854 
0.6308376 
0.6274339 
0.6258066 
0.6274461 
0.6186292 
0.5984269 
0.5830951 
0.5719912 
0.5655308 
0.5622077 
0.5705330 
0.5904884 
0.5988336 
0.6244656 
0.6239290 
0.6351288 
0.6483428 
0.6441882 
0.6611006 
0.6700120 
0.6798789 
0.6873196 
0.6914945 
0.6872341 
0.6898864 
0.6918448 
0.7104746 
0.7006457 
0.6991019 
0.6834687 
0.6796027 
0.6703578 
0.6846780 
0.6981104 
0.6942409 
0.6966077 
0.6938163 
0.6882517 
0.6898636 
0.7023224 
0.7060069 
0.7139276 
0.7094601 
0.7026830 
0.6978834 
0.6857506 
0.6806252 
0.6781838 
0.6670475 
0.6780164 
0.6792089 
0.6793402 
0.6785663 
0.6741798 
0.6632923 
0.6510253 
0.6353787 
0.6135951 
0.6126496 
0.6121588 
0.6230156 
0.6330188 
0.6435407 
0.6432273 
0.6403999 
0.6148867 
0.5960356 
0.5949074 
0.5883391 
0.5989896 
0.6173298 
0.6272754 
0.6285382 
0.6217722 
0.6202358 
0.6091114 
0.5972690 
0.5809837 
0.5748548 
0.5733743 
0.5856492 
0.5877237 
0.5851273 
0.5840379 
0.5859203 
0.5779115 
0.5660363 
0.5487552 
0.5293902 
0.5284319 
0.5419988 
0.5554702 
0.5665440 
0.5864076 
0.5959418 
0.6102391 
0.6181391 
0.6361890 
0.6400394 
0.6308723 
0.6440756 
0.6481234 
0.6480021 
0.6689874 
0.6805559 
0.6805945 
0.6995116 
0.7003003 
0.6864867 
0.6639728 
0.6587421 
0.6332844 
0.6198057 
0.6008686 
0.5947735 
0.6006732 
0.6042636 
0.6027362 
0.6004895 
0.6061915 
0.5998814 
0.5822452 
0.5802773 
0.5823889 
0.5709855 
0.5620158 
0.5696543 
0.5828474 
0.5885780 
0.6088323 
0.6058417 
0.6112511 
0.6200727 
0.6340638 
0.6460907 
0.6537783 
0.6443508 
0.6342403 
0.6316468 
0.6185106 
0.6227031 
0.6300508 
0.6227191 
0.6354643 
0.6369360 
0.6303217 
0.6105400 
0.5937910 
0.5796659 
0.5477816 
0.5222255 
0.5108372 
0.5160629 
0.5229963 
0.5284776 
0.5364378 
0.5460524 
0.5548994 
0.5673678 
0.5811268 
0.5833635 
0.5829229 
0.5826377 
0.5813558 
0.5907139 
0.5919664 
0.6056723 
0.6119349 
0.6295570 
0.6483646 
0.6892433 
0.6819943 
0.6766231 
0.6620613 
0.6356530 
0.6185234 
0.6018533 
0.5710426 
0.5503574 
0.5587546 
0.5618364 
0.5608392 
0.5621378 
0.5581500 
0.5607714 
0.5548749 
0.5548802 
0.5570926 
0.5655571 
0.5793047 
0.5911386 
0.5984815 
0.6148910 
0.6187946 
0.6203725 
0.6324349 
0.6475773 
0.6651003 
0.6545424 
0.6522689 
0.6549824 
0.6329549 
0.6167552 
0.6155885 
0.6226511 
0.6146282 
0.6181141 
0.6219279 
0.6151029 
0.5924152 
0.5777631 
0.5648618 
0.5585204 
0.5567264 
0.5622315 
0.5692064 
0.5762243 
0.5795647 
0.6031824 
0.6057961 
0.5984614 
0.5919598 
0.5843784 
0.5739583 
0.5632465 
0.5529674 
0.5337042 
0.5298310 
0.5332487 
0.5396609 
0.5418832 
0.5521317 
0.5644021 
0.5671172 
0.5674965 
0.5810156 
0.5811717 
0.5838938 
0.5901242 
0.5926052 
0.5821076 
0.5699374 
0.5622929 
0.5575471 
0.5610921 
0.5609368 
0.5716499 
0.5907227 
0.5999472 
0.6056639 
0.6057805 
0.6023854 
0.5954452 
0.5677969 
0.5466840 
0.5368194 
0.5343446 
0.5290121 
0.5457727 
0.5667159 
0.5777358 
0.5942429 
0.6090838 
0.6262205 
0.6370969 
0.6384209 
0.6362974 
0.6259468 
0.6244232 
0.6289618 
0.6223291 
0.6133600 
0.6153891 
0.6047107 
0.5994904 
0.5848835 
0.5776844 
0.5661004 
0.5386008 
0.5231276 
0.5091600 
0.4941557 
0.4887019 
0.4849048 
0.4790129 
0.4835865 
0.4851943 
0.5144231 
0.5383810 
0.5652438 
0.5898129 
0.6124213 
0.6053100 
0.5952009 
0.5752885 
0.5604753 
0.5863273 
0.5523585 
0.5415558 
0.5337030 
0.5201263 
0.5131150 
0.5148820 
0.5344491 
0.5439434 
0.5574926 
0.5619400 
0.5680592 
0.5451476 
0.5262057 
0.5010103 
0.4999953 
0.5078950 
0.5211876 
0.5340546 
0.5577474 
0.5775400 
0.6015320 
0.6106585 
0.6312848 
0.6349268 
0.6346341 
0.6213375 
0.5973994 
0.5640808 
0.5100284 
0.4889146 
0.4606655 
0.4509147 
0.4443946 
0.4375452 
0.4251036 
0.4357131 
0.4643495 
0.5071635 
0.5580039 
0.5975234 
0.6290289 
0.6430668 
0.6599858 
0.6499509 
0.6377165 
0.6251300 
0.5797269 
0.5846167 
0.5684280 
0.5517182 
0.5434624 
0.5382936 
0.5373313 
0.5490135 
0.5536906 
0.5482671 
0.5356385 
0.5079066 
0.4809884 
0.4527862 
0.4214934 
0.4142987 
0.4201210 
0.4161754 
0.4210541 
0.4316727 
0.4526793 
0.4892546 
0.5388854 
0.5983366 
0.6414682 
0.6647947 
0.6662908 
0.6511424 
0.6076129 
0.5689305 
0.5251294 
0.4929665 
0.4696526 
0.4521028 
0.4555963 
0.4519152 
0.4440680 
0.4320980 
0.4332756 
0.4564411 
0.4988790 
0.5277919 
0.5377735 
0.5475591 
0.5499192 
0.5533771 
0.5611906 
0.5783229 
0.5943103 
0.5908484 
0.5905671 
0.5912575 
0.5958674 
0.6018610 
0.5828170 
0.5887409 
0.5902852 
0.5778784 
0.5673310 
0.5460150 
0.5151522 
0.4946540 
0.4711478 
0.4505526 
0.4347434 
0.4379573 
0.4359093 
0.4380713 
0.4436345 
0.4752030 
0.5065895 
0.5372681 
0.5924485 
0.6139431 
0.6286801 
0.6331823 
0.6335332 
0.6221185 
0.6076147 
0.5886902 
0.5722610 
0.5514864 
0.5345787 
0.5052046 
0.4659434 
0.4512882 
0.4357581 
0.4205831 
0.4232187 
0.4211032 
0.4230536 
0.4426034 
0.4631475 
0.4890167 
0.5267891 
0.5640429 
0.5893978 
0.6093614 
0.6036288 
0.5917857 
0.5748301 
0.5530555 
0.5298880 
0.5205646 
0.5106248 
0.5091703 
0.4911895 
0.4715947 
0.4531637 
0.4444055 
0.4226907 
0.4127310 
0.4233594 
0.4317364 
0.4512843 
0.4752645 
0.5078637 
0.5609720 
0.6106643 
0.6376175 
0.6463890 
0.6323679 
0.6046000 
0.5502223 
0.5012225 
0.4779426 
0.4734270 
0.4763875 
0.4646617 
0.4543918 
0.4438811 
0.4535728 
0.4733430 
0.4970519 
0.5279281 
0.5541285 
0.5880135 
0.6166593 
0.6560794 
0.6926551 
0.6956716 
0.7077912 
0.6941177 
0.6804863 
0.6333879 
0.5820390 
0.5435716 
0.5064203 
0.4762863 
0.4753905 
0.4714305 
0.4696849 
0.4721399 
0.4883956 
0.5190102 
0.5317157 
0.5492213 
0.5570671 
0.5652720 
0.5779139 
0.6026214 
0.6402288 
0.6794069 
0.6998456 
0.6927320 
0.6662982 
0.6128395 
0.5621178 
0.5206862 
0.4967927 
0.4745423 
0.4814651 
0.4921001 
0.5008141 
0.5148069 
0.5333892 
0.5381805 
0.5465996 
0.5720604 
0.5867763 
0.6130348 
0.6311748 
0.6523988 
0.6592211 
0.6313299 
0.5833590 
0.5473578 
0.5043278 
0.4678790 
0.4250403 
0.3946494 
0.3964381 
0.4017361 
0.4244699 
0.4309922 
0.4433621 
0.4520714 
0.4552397 
0.4571603 
0.4688865 
0.4783893 
0.4900120 
0.5014290 
0.5300846 
0.5644726 
0.5736997 
0.5839659 
0.5705880 
0.5447070 
0.5274509 
0.5001453 
0.4856025 
0.4931296 
0.4880077 
0.4852371 
0.4843167 
0.4707525 
0.4606500 
0.4591263 
0.4677200 
0.4678913 
0.4629762 
0.4801133 
0.5037455 
0.5314948 
0.5483352 
0.5516902 
0.5445195 
0.5305808 
0.5251758 
0.5075846 
0.4766551 
0.4495602 
0.4278678 
0.4230387 
0.4290896 
0.4228981 
0.4137407 
0.4035249 
0.3969631 
0.4028968 
0.4033133 
0.4205572 
0.4345537 
0.4535257 
0.4533223 
0.4471987 
0.4581625 
0.4482887 
0.4270124 
0.4229860 
0.4332471 
0.4322504 
0.4139085 
0.4004203 
0.4028199 
0.4091143 
0.4007690 
0.4150611 
0.4230307 
0.4302166 
0.4318946 
0.4308364 
0.4395362 
0.4490270 
0.4512501 
0.4506928 
0.4463042 
0.4445568 
0.4290704 
0.4146025 
0.4071133 
0.4065193 
0.4141876 
0.4185579 
0.4087657 
0.4092092 
0.4136977 
0.4062020 
0.4087863 
0.4155332 
0.4143284 
0.4143456 
0.4210959 
0.4350455 
0.4419939 
0.4453984 
0.4496395 
0.4345943 
0.4337045 
0.4286784 
0.4305863 
0.4273996 
0.4209480 
0.4177437 
0.4031671 
0.4013811 
0.4087411 
0.4137521 
0.4139430 
0.4283406 
0.4244679 
0.4344687 
0.4454819 
0.4751014 
0.4820835 
0.4710160 
0.4646599 
0.4562060 
0.4349278 
0.4250646 
0.4190857 
0.4135384 
0.4163198 
0.4123311 
0.4066019 
0.4069976 
0.4276472 
0.4319656 
0.4360208 
0.4421968 
0.4610215 
0.4561890 
0.4512849 
0.4457456 
0.4518162 
0.4399480 
0.4375798 
0.4408824 
0.4469490 
0.4534915 
0.4569349 
0.4640305 
0.4649380 
0.4795509 
0.4836922 
0.4898853 
0.5076279 
0.5139378 
0.5211599 
0.5274767 
0.5221856 
0.5141708 
0.5122608 
0.5130733 
0.5063832 
0.5090072 
0.5075042 
0.5060011 
0.4929537 
0.5020854 
0.5093626 
0.5272703 
0.5264514 
0.5216690 
0.5182190 
0.5221340 
0.5103933 
0.5035041 
0.4967069 
0.5025121 
0.4890140 
0.4781550 
0.4708872 
0.4724601 
0.4798100 
0.4710906 
0.4625610 
0.4569828 
0.4566621 
0.4699702 
0.4515019 
0.4582555 
0.4537806 
0.4470849 
0.4630862 
0.4702966 
0.4867833 
0.4785383 
0.4607488 
0.4468556 
0.4364151 
0.4389670 
0.4454266 
0.4372948 
0.4311439 
0.4399895 
0.4455987 
0.4354977 
0.4343639 
0.4392472 
0.4390504 
0.4308406 
0.4245613 
0.4409233 
0.4565865 
0.4747926 
0.4846353 
0.4766924 
0.4678993 
0.4573985 
0.4544548 
0.4540762 
0.4444275 
0.4480403 
0.4631732 
0.4788961 
0.4817206 
0.4826017 
0.4911041 
0.4702438 
0.4540649 
0.4472739 
0.4547573 
0.4559031 
0.4375390 
0.4486810 
0.4418527 
0.4435105 
0.4466890 
0.4422193 
0.4472031 
0.4410368 
0.4491003 
0.4611664 
0.4624461 
0.4502521 
0.4369034 
0.4404916 
0.4371910 
0.4288920 
0.4427207 
0.4453708 
0.4414980 
0.4379739 
0.4338399 
0.4300243 
0.4332648 
0.4236489 
0.4134427 
0.4064302 
0.3946048 
0.3985383 
0.3959541 
0.4045993 
0.3972664 
0.3983499 
0.3981544 
0.3954239 
0.3945828 
0.4243892 
0.4382637 
0.4459561 
0.4423869 
0.4312854 
0.4365693 
0.4248091 
0.4238603 
0.4193451 
0.4038384 
0.3796438 
0.3483798 
0.3415522 
0.3497910 
0.3536104 
0.3744111 
0.3868191 
0.3869777 
0.3987003 
0.4057278 
0.4119895 
0.4061358 
0.3979890 
0.4079871 
0.4185820 
0.4135036 
0.4205900 
0.4184766 
0.4140638 
0.4162052 
0.4146195 
0.4377114 
0.4267656 
0.4288770 
0.4224265 
0.4156952 
0.4116252 
0.4259390 
0.4486993 
0.4474432 
0.4297675 
0.4191079 
0.3954355 
0.3984662 
0.4047484 
0.3922376 
0.3593475 
0.3483072 
0.3488769 
0.3583988 
0.3705639 
0.3826099 
0.3875527 
0.3772532 
0.3618373 
0.3594463 
0.3679853 
0.3721648 
0.3622047 
0.3511510 
0.3354971 
0.3106903 
0.3161182 
0.3411362 
0.3534300 
0.3606638 
0.3449123 
0.3404525 
0.3424236 
0.3499072 
0.3665113 
0.3645666 
0.3567280 
0.3546689 
0.3681362 
0.4097044 
0.4183304 
0.4214358 
0.4292769 
0.3879671 
0.3731489 
0.3741587 
0.3940634 
0.4037870 
0.3947956 
0.3883808 
0.3828741 
0.3870143 
0.3859703 
0.3795451 
0.3719535 
0.3803420 
0.3670951 
0.3718598 
0.3740312 
0.3875142 
0.3952258 
0.4010120 
0.3852380 
0.3640655 
0.3385353 
0.3352445 
0.3348251 
0.3451638 
0.3514811 
0.3509778 
0.3588306 
0.3668598 
0.3795411 
0.4030865 
0.4150671 
0.4056826 
0.3933726 
0.3744024 
0.3801267 
0.3774016 
0.3827350 
0.3870091 
0.3785384 
0.3555866 
0.3415261 
0.3404527 
0.3558604 
0.3646415 
0.3622979 
0.3641396 
0.3632981 
0.3566278 
0.3517902 
0.3438947 
0.3445912 
0.3488289 
0.3374681 
0.3459611 
0.3485056 
0.3686520 
0.3919695 
0.4099443 
0.4093706 
0.3953937 
0.3982926 
0.3947464 
0.3997935 
0.4017996 
0.4138182 
0.4188874 
0.4284543 
0.4208416 
0.4201069 
0.4245177 
0.4218123 
0.4150011 
0.4147935 
0.4136842 
0.4123913 
0.3882959 
0.3769641 
0.3637136 
0.3660543 
0.3549693 
0.3530592 
0.3402350 
0.3277352 
0.3211936 
0.3180398 
0.3345984 
0.3608374 
0.3878699 
0.3981847 
0.3939640 
0.4025305 
0.3898724 
0.3829040 
0.3683929 
0.3683080 
0.3753272 
0.3809720 
0.3767766 
0.3656148 
0.3547009 
0.3471772 
0.3398449 
0.3455097 
0.3442084 
0.3440021 
0.3335574 
0.3399591 
0.3477227 
0.3650814 
0.3757802 
0.3921250 
0.4032837 
0.4095776 
0.3865109 
0.3690596 
0.3585140 
0.3368724 
0.3227170 
0.3246067 
0.3253088 
0.3296105 
0.3201535 
0.3200184 
0.3199960 
0.3130922 
0.3157120 
0.3218813 
0.3320204 
0.3227913 
0.3141559 
0.3211147 
0.3314793 
0.3418252 
0.3382280 
0.3313491 
0.3366185 
0.3225071 
0.3000865 
0.2776047 
0.2616481 
0.2726466 
0.2848713 
0.2793360 
0.2890505 
0.3087587 
0.3126376 
0.2970043 
0.2935582 
0.2847588 
0.3012388 
0.3167142 
0.3266795 
0.3254566 
0.3078093 
0.3002941 
0.3058235 
0.3138717 
0.3184794 
0.3225593 
0.3132365 
0.3174849 
0.3212817 
0.3241203 
0.3315636 
0.3278022 
0.3280277 
0.3240343 
0.3210237 
0.3121422 
0.3035827 
0.3020692 
0.3036939 
0.2935540 
0.2876987 
0.2885571 
0.3043611 
0.3045069 
0.3180799 
0.3077208 
0.3150157 
0.3153773 
0.3094596 
0.3136637 
0.3149034 
0.3289125 
0.3528392 
0.3534432 
0.3532321 
0.3613773 
0.3711064 
0.3803951 
0.3847118 
0.3803737 
0.3949222 
0.4027886 
0.4044274 
0.4027403 
0.4180806 
0.4233771 
0.4285906 
0.4341128 
0.4186789 
0.4081866 
0.3935391 
0.3804927 
0.3832750 
0.3811536 
0.3769255 
0.3639057 
0.3422491 
0.3268597 
0.3147804 
0.3109413 
0.3133953 
0.3288788 
0.3494194 
0.3669888 
0.3801618 
0.4003964 
0.4051224 
0.4169301 
0.4323122 
0.4351120 
0.4231462 
0.4152412 
0.4033160 
0.3849125 
0.3698215 
0.3655571 
0.3633602 
0.3590888 
0.3381099 
0.3267021 
0.3190329 
0.3267946 
0.3391355 
0.3557527 
0.3721513 
0.3767414 
0.3664859 
0.3698075 
0.3763355 
0.3773563 
0.3810163 
0.3706026 
0.3713254 
0.3606817 
0.3598900 
0.3578211 
0.3555534 
0.3442873 
0.3323455 
0.3161833 
0.2933481 
0.2837510 
0.2731844 
0.2715878 
0.2823662 
0.2902982 
0.3021579 
0.3195451 
0.3335826 
0.3378125 
0.3388985 
0.3427214 
0.3351499 
0.3385128 
0.3153572 
0.3064109 
0.3069678 
0.3141132 
0.3116045 
0.3017101 
0.2980067 
0.2916399 
0.2939603 
0.2892602 
0.2804302 
0.2729981 
0.2702633 
0.2849342 
0.2776411 
0.2768327 
0.2662819 
0.2691547 
0.2707176 
0.2657330 
0.2662801 
0.2547754 
0.2508985 
0.2431977 
0.2359427 
0.2514174 
0.2554273 
0.2513340 
0.2613924 
0.2720935 
0.2811355 
0.2647060 
0.2507855 
0.2363626 
0.2520453 
0.2633581 
0.2545640 
0.2517436 
0.2628949 
0.2592359 
0.2602359 
0.2537941 
0.2455369 
0.2383725 
0.2241527 
0.2241699 
0.2294112 
0.2270772 
0.2248716 
0.2303916 
0.2431644 
0.2430620 
0.2373056 
0.2376993 
0.2476248 
0.2672374 
0.2699731 
0.2702941 
0.2710584 
0.2809770 
0.2859338 
0.3128552 
0.3287696 
0.3391338 
0.3484928 
0.3461340 
0.3427583 
0.3372613 
0.3349697 
0.3272530 
0.3310308 
0.3328935 
0.3246883 
0.3222764 
0.3270683 
0.3311942 
0.3403178 
0.3464888 
0.3502289 
0.3375783 
0.3288769 
0.3227319 
0.3203382 
0.3282572 
0.3201909 
0.3334265 
0.3330403 
0.3230996 
0.3313276 
0.3277661 
0.3107013 
0.3049135 
0.2990627 
0.3023183 
0.2984540 
0.3052181 
0.3068160 
0.2993687 
0.3029296 
0.2924816 
0.2940902 
0.3070074 
0.3056571 
0.3071149 
0.3172398 
0.3213521 
0.3200623 
0.2946511 
0.3068004 
0.3105611 
0.3162524 
0.3085184 
0.3013622 
0.3047979 
0.2989031 
0.3111201 
0.3059476 
0.2910742 
0.2913122 
0.2896400 
0.2959932 
0.3054997 
0.3149041 
0.3207684 
0.3257689 
0.3321365 
0.3239514 
0.3273456 
0.3295348 
0.3364060 
0.3541657 
0.3498033 
0.3705733 
0.3676177 
0.3707242 
0.3677917 
0.3630553 
0.3560758 
0.3345790 
0.3149971 
0.2997109 
0.2815991 
0.2743055 
0.2585163 
0.2496849 
0.2436889 
0.2412355 
0.2299774 
0.2274352 
0.2258959 
0.2473648 
0.2402411 
0.2497670 
0.2532973 
0.2583692 
0.2682990 
0.2856477 
0.2968881 
0.2845654 
0.3079246 
0.3481464 
0.3687072 
0.3662468 
0.3590907 
0.3565134 
0.3755473 
0.3693076 
0.3668320 
0.3684831 
0.3427579 
0.3226452 
0.3052664 
0.2958578 
0.2816540 
0.2726019 
0.2536380 
0.2417429 
0.2204846 
0.2212078 
0.2125446 
0.1966705 
0.2047845 
0.2112582 
0.2070676 
0.2136293 
0.2223937 
0.2321015 
0.2275001 
0.2288252 
0.2457724 
0.2669881 
0.2919140 
0.2864044 
0.2927042 
0.3265283 
0.3275293 
0.3270039 
0.3258353 
0.3120775 
0.3018288 
0.2917968 
0.2763347 
0.2508132 
0.2369579 
0.2244346 
0.2063308 
0.2005254 
0.1830853 
0.1493566 
0.1404910 
0.1227162 
0.1138652 
0.1231821 
0.1392028 
0.1731607 
0.1952439 
0.1969935 
0.2024889 
0.2219482 
0.2249436 
0.2482619 
0.2587256 
0.2619860 
0.2612033 
0.2367884 
0.2507201 
0.2409861 
0.2307817 
0.2347111 
0.2323136 
0.2472265 
0.2495867 
0.2476748 
0.2418180 
0.2227360 
0.2015563 
0.1980728 
0.1868179 
0.2038776 
0.1995358 
0.1906306 
0.1861172 
0.1828602 
0.1728546 
0.1821487 
0.1862368 
0.1889797 
0.2023904 
0.2002583 
0.1936734 
0.1808771 
0.1717487 
0.1760224 
0.1760278 
0.1855425 
0.1911860 
0.2067318 
0.2060482 
0.2069509 
0.2135755 
0.2293190 
0.2401742 
0.2619797 
0.2621980 
0.2451022 
0.2524739 
0.2527835 
0.2519319 
0.2493907 
0.2524906 
0.2611393 
0.2646616 
0.2640078 
0.2601939 
0.2510907 
0.2466747 
0.2396212 
0.2395987 
0.2378745 
0.2242084 
0.2046301 
0.2032681 
0.1907490 
0.1798008 
0.1791390 
0.1760701 
0.1726876 
0.1661363 
0.1668525 
0.1623473 
0.1571102 
0.1468895 
0.1419613 
0.1411431 
0.1464361 
0.1610566 
0.1886101 
0.1932320 
0.2014395 
0.2083373 
0.2148452 
0.2310247 
0.2480736 
0.2600024 
0.2641521 
0.2631862 
0.2627180 
0.2529758 
0.2460679 
0.2605986 
0.2646874 
0.2690896 
0.2621209 
0.2508926 
0.2269000 
0.2248074 
0.2310651 
0.2317664 
0.2295940 
0.2325146 
0.2276632 
0.2294440 
0.2265170 
0.2263124 
0.2282905 
0.2353197 
0.2460054 
0.2382414 
0.2511420 
0.2573171 
0.2629556 
0.2531755 
0.2050638 
0.2060442 
0.2144859 
0.2203316 
0.2258808 
0.2298152 
0.2359760 
0.2482101 
0.2447037 
0.2333594 
0.2275435 
0.2256977 
0.2242689 
0.2130755 
0.1863297 
0.1757172 
0.1641237 
0.1542105 
0.1544992 
0.1375462 
0.1429908 
0.1520450 
0.1593568 
0.1739705 
0.1703244 
0.1896315 
0.2010430 
0.2168755 
0.2186062 
0.2122760 
0.2222480 
0.2212733 
0.2060045 
0.2010545 
0.2034654 
0.2048141 
0.2062874 
0.2031016 
0.1919469 
0.1846314 
0.1555543 
0.1525911 
0.1591615 
0.1509146 
0.1455447 
0.1347007 
0.1264950 
0.1205939 
0.1120637 
0.1139661 
0.1250216 
0.1251937 
0.1097179 
0.0964476 
0.1044775 
0.1132612 
0.1135244 
0.1035458 
0.1014293 
0.1000621 
0.1068367 
0.1010383 
0.0992813 
0.0948505 
0.0954909 
0.0990101 
0.0955895 
0.1010668 
0.1033878 
0.0991932 
0.1051599 
0.1224218 
0.1351541 
0.1336845 
0.1379810 
0.1505444 
0.1646418 
0.1673585 
0.1567673 
0.1531299 
0.1394441 
0.1162575 
0.1215908 
0.1292709 
0.1355406 
0.1472789 
0.1534742 
0.1624715 
0.1629062 
0.1716776 
0.1896955 
0.1931088 
0.2010444 
0.1993133 
0.2095733 
0.2008193 
0.1988288 
0.1982607 
0.2055385 
0.2117742 
0.2227233 
0.2353641 
0.2526538 
0.2489777 
0.2488574 
0.2559496 
0.2571234 
0.2545734 
0.2613135 
0.2658043 
0.2738771 
0.2667969 
0.2400818 
0.2346159 
0.2302245 
0.2350698 
0.2286892 
0.2241289 
0.2075994 
0.1901219 
0.1763533 
0.1663147 
0.1827911 
0.1879543 
0.1884955 
0.1676506 
0.1561346 
0.1490329 
0.1487958 
0.1527620 
0.1532292 
0.1524475 
0.1494357 
0.1569219 
0.1622791 
0.1725222 
0.1718081 
0.1591555 
0.1528731 
0.1535857 
0.1414128 
0.1458104 
0.1448418 
0.1480116 
0.1587945 
0.1619533 
0.1700885 
0.1804296 
0.1865052 
0.1800176 
0.1627868 
0.1545299 
0.1506712 
0.1281594 
0.1011220 
0.0776197 
0.0704015 
0.0560404 
0.0566203 
0.0531503 
0.0380410 
0.0380346 
0.0462594 
0.0418666 
0.0340526 
0.0223019 
0.0194348 
0.0227762 
0.0370775 
0.0496620 
0.0513879 
0.0661632 
0.0951003 
0.1141232 
0.1270151 
0.1299501 
0.1359300 
0.1509829 
0.1537377 
0.1612737 
0.1624979 
0.1614783 
0.1485188 
0.1419817 
0.1362004 
0.1376689 
0.1347482 
0.1094327 
0.0824748 
0.0673529 
0.0514512 
0.0470551 
0.0302907 
0.0225596 
0.0085197 
0.0000000 
