0.0001793 
-0.0001574 
0.0000169 
0.1796878 
0.0854812 
-0.0766226 
0.9332144 
0.9411275 
0.9671843 
0.9865169 
0.9584264 
0.9813286 
1.0000000 
0.9631660 
0.9671885 
0.9942928 
0.9750326 
0.9889992 
0.9996541 
0.9606452 
0.9428152 
0.9504424 
0.9678069 
0.9503343 
0.9507053 
0.9340968 
0.9136681 
0.9099856 
0.9212722 
0.9032239 
0.9068762 
0.9329724 
0.9337757 
0.9607896 
0.9696644 
0.9701337 
0.9614387 
0.9745561 
0.9523129 
0.9371364 
0.9378430 
0.9545537 
0.9338209 
0.9221922 
0.9291911 
0.9443898 
0.9572322 
0.9656501 
0.9635638 
0.9476201 
0.9129163 
0.9207463 
0.9557340 
0.9217865 
0.9239363 
0.9282720 
0.9195034 
0.8989800 
0.9218940 
0.9194187 
0.8915486 
0.8967716 
0.9290631 
0.9344007 
0.9409008 
0.9486098 
0.9339362 
0.9064406 
0.9142364 
0.8979628 
0.8983422 
0.8969750 
0.9067992 
0.9415063 
0.9305000 
0.9092274 
0.8931629 
0.9315125 
0.9360548 
0.8747559 
0.8662883 
0.9203474 
0.9274752 
0.8901479 
0.8831016 
0.9111075 
0.9546050 
0.9191962 
0.9078141 
0.9094229 
0.9108923 
0.8932713 
0.8664340 
0.8720022 
0.9169416 
0.9130806 
0.8943649 
0.8880201 
0.8829417 
0.9139928 
0.9029932 
0.9123209 
0.9050396 
0.9055840 
0.9063262 
0.9178839 
0.9263591 
0.9004390 
0.9009246 
0.8848567 
0.9173806 
0.9035954 
0.8884810 
0.8673007 
0.8364494 
0.8808904 
0.9059830 
0.9138453 
0.8848864 
0.8620932 
0.8779742 
0.9080802 
0.9022366 
0.8936972 
0.8566760 
0.8878575 
0.9012952 
0.8600961 
0.8516452 
0.8701365 
0.8843596 
0.8969091 
0.8828444 
0.8688956 
0.8502319 
0.8578298 
0.8530334 
0.8171157 
0.8277871 
0.8403141 
0.8683441 
0.8807149 
0.8606771 
0.8560191 
0.8812403 
0.8987374 
0.9017220 
0.8952341 
0.8696621 
0.8759638 
0.8792114 
0.8757164 
0.8695538 
0.8687887 
0.8820463 
0.8774155 
0.8982390 
0.8790884 
0.8867470 
0.8930776 
0.8815763 
0.8739955 
0.9071017 
0.8787384 
0.8642881 
0.8529345 
0.8651370 
0.8829126 
0.8860641 
0.8504492 
0.8404821 
0.8484932 
0.8457366 
0.8373930 
0.8046394 
0.8181459 
0.8397776 
0.8309753 
0.8152838 
0.8021324 
0.7943773 
0.8226285 
0.8559137 
0.8494027 
0.8154124 
0.8218034 
0.8150591 
0.8353966 
0.8100769 
0.7854102 
0.8179630 
0.8144584 
0.8150363 
0.8199289 
0.8526756 
0.8299193 
0.8444937 
0.8557067 
0.8445254 
0.8307038 
0.8333904 
0.8412305 
0.8531031 
0.8389499 
0.8597454 
0.8692831 
0.8820573 
0.8821171 
0.8792449 
0.8433353 
0.8055794 
0.8417975 
0.8308127 
0.7974634 
0.7966826 
0.8348165 
0.8361853 
0.8060429 
0.8146768 
0.8186126 
0.8056802 
0.8063249 
0.7964827 
0.8146131 
0.7940362 
0.7902058 
0.8079025 
0.8101456 
0.7876498 
0.7762376 
0.7700648 
0.8160251 
0.8061450 
0.7787837 
0.7959166 
0.8122021 
0.8170380 
0.8038656 
0.8317497 
0.8723021 
0.8371278 
0.8729523 
0.8750830 
0.8280848 
0.8198046 
0.8205821 
0.7945123 
0.7913876 
0.7966814 
0.7892317 
0.8169783 
0.8153346 
0.7818364 
0.7936203 
0.8002565 
0.7980714 
0.7814020 
0.7775696 
0.7918360 
0.8010707 
0.7926296 
0.7692564 
0.7726090 
0.7963947 
0.8097471 
0.8361050 
0.8480195 
0.8394641 
0.8311663 
0.8043062 
0.7676192 
0.7677060 
0.7956685 
0.8154694 
0.8267463 
0.8259031 
0.8457084 
0.7949561 
0.7797975 
0.7926660 
0.7741337 
0.7693640 
0.8180956 
0.8399062 
0.8177359 
0.8139718 
0.8174282 
0.8483159 
0.8075757 
0.8169339 
0.7960251 
0.7893041 
0.7692664 
0.7785799 
0.8004573 
0.8361755 
0.8383141 
0.7790180 
0.7964684 
0.8044927 
0.8021239 
0.7891701 
0.8133065 
0.7831533 
0.7775236 
0.7800415 
0.7964004 
0.7730068 
0.7824478 
0.7790225 
0.7421059 
0.7977291 
0.8189316 
0.8046802 
0.8257167 
0.8140221 
0.7594564 
0.7819012 
0.8154303 
0.7829609 
0.7898035 
0.7944859 
0.7430464 
0.8088015 
0.8569191 
0.8483459 
0.7591716 
0.7592110 
0.7728330 
0.7694305 
0.8137460 
0.7624334 
0.7203978 
0.7467958 
0.7855167 
0.8092308 
0.7993940 
0.7963579 
0.8098703 
0.8027088 
0.8247264 
0.8107912 
0.7842332 
0.8112253 
0.7998882 
0.7752074 
0.7447913 
0.7817075 
0.7904446 
0.7732865 
0.7814512 
0.7974062 
0.8434005 
0.8457284 
0.7972736 
0.7769937 
0.7972951 
0.7774912 
0.7502289 
0.7494115 
0.7517957 
0.7548753 
0.7756373 
0.7588178 
0.7698949 
0.7861510 
0.7871157 
0.7654414 
0.8071817 
0.8428185 
0.8178551 
0.7660672 
0.7413387 
0.7508669 
0.7569294 
0.7439888 
0.7493875 
0.7375313 
0.7578074 
0.7355955 
0.7537141 
0.7390412 
0.7507089 
0.7828432 
0.7773301 
0.8047979 
0.8034432 
0.8091767 
0.7779874 
0.7439526 
0.7314057 
0.6988434 
0.6751119 
0.7017143 
0.7115920 
0.7100001 
0.7054059 
0.6903140 
0.7129876 
0.7335436 
0.7407061 
0.7326484 
0.7296914 
0.7739852 
0.7713782 
0.7653890 
0.7596534 
0.7395734 
0.7495669 
0.7569172 
0.7542684 
0.7530679 
0.7370193 
0.6971399 
0.7033003 
0.6995164 
0.6947053 
0.7089378 
0.6907704 
0.7263476 
0.7319275 
0.7304585 
0.7540112 
0.7417364 
0.7582418 
0.7743952 
0.7786002 
0.8259833 
0.8285510 
0.8233639 
0.8216281 
0.8128420 
0.7874391 
0.7780429 
0.7443902 
0.7431224 
0.7063226 
0.6928360 
0.7248347 
0.7218687 
0.7089060 
0.6966492 
0.6772453 
0.6922605 
0.6889909 
0.6804786 
0.7036199 
0.6878131 
0.6917567 
0.7349009 
0.7320760 
0.7458474 
0.7437162 
0.7110867 
0.7317313 
0.7111568 
0.6735826 
0.7125187 
0.6953529 
0.7086560 
0.7689585 
0.7364300 
0.7111997 
0.7117787 
0.7065610 
0.7036925 
0.6834020 
0.6934695 
0.7302430 
0.7535945 
0.7517806 
0.7264772 
0.7229604 
0.7369543 
0.7188716 
0.6950157 
0.6936805 
0.7028519 
0.7116676 
0.7163856 
0.7009237 
0.7039795 
0.7035920 
0.7143567 
0.7193429 
0.7243759 
0.7153755 
0.7089798 
0.7124529 
0.7201196 
0.6960083 
0.6946503 
0.7288371 
0.7548127 
0.7492052 
0.7155906 
0.7429076 
0.7830758 
0.7243232 
0.6740699 
0.6862400 
0.7467595 
0.7380602 
0.7000191 
0.6907321 
0.6985006 
0.6925547 
0.6907658 
0.6794710 
0.7110843 
0.7125228 
0.6915101 
0.6716333 
0.6971772 
0.7240013 
0.7068534 
0.6915325 
0.7119747 
0.7428261 
0.7449219 
0.7084680 
0.6865921 
0.7038678 
0.7107951 
0.6981769 
0.6689280 
0.6685212 
0.6835587 
0.6929706 
0.6858056 
0.6888893 
0.6998183 
0.6720579 
0.6555520 
0.6773768 
0.6871936 
0.6919468 
0.6758967 
0.6925981 
0.7026707 
0.6998729 
0.6910007 
0.6978040 
0.6733022 
0.6589349 
0.6577612 
0.6667229 
0.6914538 
0.7027006 
0.6988072 
0.6807686 
0.6601066 
0.6676444 
0.6822938 
0.6938785 
0.6858667 
0.6555453 
0.6534723 
0.6466414 
0.6779264 
0.6965480 
0.6953748 
0.7001199 
0.6808807 
0.6629547 
0.6791764 
0.6961231 
0.6987617 
0.6736846 
0.6592558 
0.6808686 
0.6855596 
0.6684101 
0.6605438 
0.6651489 
0.6603072 
0.6774781 
0.6814532 
0.6881354 
0.6735838 
0.6151339 
0.6159739 
0.6708084 
0.6885355 
0.6564971 
0.6298601 
0.6380427 
0.6336407 
0.6594076 
0.7116439 
0.7044656 
0.6341216 
0.6510298 
0.6916840 
0.6996109 
0.7045412 
0.7051584 
0.6518411 
0.6324187 
0.6413185 
0.6640833 
0.6452278 
0.6480552 
0.6384967 
0.6365746 
0.6348723 
0.6515181 
0.6512368 
0.6394160 
0.6527549 
0.6530511 
0.6479408 
0.6599745 
0.6578454 
0.6424529 
0.6670594 
0.6608223 
0.6539007 
0.6309415 
0.6425783 
0.6353564 
0.6364175 
0.6530578 
0.6547126 
0.6529034 
0.6462325 
0.6414441 
0.6668274 
0.6812195 
0.6634520 
0.6362978 
0.6408608 
0.6331126 
0.6253473 
0.6402645 
0.6284761 
0.5959620 
0.6070705 
0.6267859 
0.6533642 
0.6551752 
0.6597908 
0.6413557 
0.6451335 
0.6413531 
0.6176617 
0.6461798 
0.6618198 
0.6238709 
0.6259686 
0.6053478 
0.5997699 
0.6187551 
0.6003403 
0.6102979 
0.6340805 
0.6328461 
0.6412965 
0.6282644 
0.6264791 
0.6319762 
0.6143064 
0.5935552 
0.5971085 
0.6091420 
0.5868195 
0.5889638 
0.6210088 
0.6393457 
0.6677391 
0.6494489 
0.6345028 
0.6509926 
0.6291867 
0.6265249 
0.6173795 
0.6089902 
0.5819168 
0.6070627 
0.6376896 
0.6234507 
0.6079798 
0.6060113 
0.5997435 
0.5668773 
0.5964680 
0.6211386 
0.6314263 
0.5916313 
0.5480173 
0.5414906 
0.5585475 
0.5825011 
0.5815572 
0.5984480 
0.6280933 
0.6312470 
0.6192049 
0.6156372 
0.5863639 
0.5859825 
0.5774750 
0.5631528 
0.5746777 
0.6009439 
0.6023598 
0.5920886 
0.5744741 
0.5471835 
0.5419244 
0.5766118 
0.5881538 
0.5815455 
0.5809607 
0.5584578 
0.5556471 
0.5773587 
0.5854912 
0.5931434 
0.5964543 
0.6029764 
0.6185751 
0.5956623 
0.5614597 
0.5698542 
0.5721181 
0.5609203 
0.5845561 
0.5925440 
0.5819237 
0.5879290 
0.5808121 
0.5739814 
0.5509667 
0.5552823 
0.5557036 
0.5783112 
0.5635039 
0.5898817 
0.5845800 
0.5774701 
0.5966117 
0.5761153 
0.5820194 
0.6121250 
0.5865511 
0.5334534 
0.5431217 
0.5636086 
0.5530748 
0.5748848 
0.6020718 
0.6226013 
0.6248377 
0.6278568 
0.5931547 
0.5643047 
0.5312090 
0.5337793 
0.5380010 
0.5465421 
0.5842700 
0.5849172 
0.5845222 
0.5632355 
0.5521481 
0.5380444 
0.5170764 
0.5032941 
0.5171162 
0.5584931 
0.5816480 
0.5982720 
0.5800014 
0.5832573 
0.5657218 
0.5512513 
0.5429282 
0.5446008 
0.5620516 
0.5644287 
0.5602817 
0.5682353 
0.5501165 
0.5354765 
0.5143902 
0.5002580 
0.4964960 
0.5385333 
0.5656030 
0.5693314 
0.5671795 
0.5586892 
0.5369293 
0.5440901 
0.5467576 
0.5392128 
0.5449068 
0.5425269 
0.5513525 
0.5435118 
0.5249312 
0.5347579 
0.5127224 
0.5183736 
0.5159544 
0.5371851 
0.5860557 
0.5775096 
0.5493114 
0.5500904 
0.5500812 
0.5713229 
0.5585813 
0.5544244 
0.5671325 
0.5727182 
0.5791622 
0.5746222 
0.5697780 
0.5512936 
0.5218384 
0.5381453 
0.5751556 
0.5753836 
0.5730490 
0.5765599 
0.5653354 
0.5712817 
0.5285296 
0.5276579 
0.5431123 
0.5335509 
0.5576528 
0.5796260 
0.5914338 
0.5672110 
0.5668788 
0.5582722 
0.5585595 
0.5516906 
0.5645033 
0.5830305 
0.5883603 
0.5742861 
0.5584851 
0.5473143 
0.5501854 
0.5541521 
0.5604191 
0.5643605 
0.5725955 
0.5587917 
0.5431130 
0.5325677 
0.5617124 
0.5724838 
0.5648220 
0.5677655 
0.5589609 
0.5896744 
0.5721726 
0.5691995 
0.5738790 
0.5703123 
0.5826403 
0.5651692 
0.5516695 
0.5616581 
0.5611499 
0.5648723 
0.5581836 
0.5498992 
0.5763659 
0.5895502 
0.5673221 
0.5468346 
0.5526131 
0.5635619 
0.5426740 
0.5262903 
0.5273683 
0.5471305 
0.5455068 
0.5139400 
0.5175624 
0.5479124 
0.5515008 
0.5181465 
0.5226805 
0.5381432 
0.5695544 
0.5397745 
0.5235609 
0.5383989 
0.5508662 
0.5399177 
0.5095177 
0.5228006 
0.5586007 
0.5408043 
0.5069287 
0.5113597 
0.5443372 
0.5744071 
0.5522105 
0.5162299 
0.5120059 
0.5343128 
0.5480515 
0.5079545 
0.4900753 
0.5308723 
0.5266372 
0.4826802 
0.4540670 
0.5121569 
0.5430472 
0.5143083 
0.5003806 
0.5105294 
0.5043197 
0.4932032 
0.4889770 
0.5198836 
0.5172968 
0.5082176 
0.5178596 
0.5186737 
0.5146605 
0.5177165 
0.5054036 
0.5136088 
0.5220441 
0.5310400 
0.5443037 
0.5583486 
0.5392495 
0.5330478 
0.5430200 
0.5379364 
0.5481259 
0.5448193 
0.5679409 
0.5915365 
0.5887755 
0.5644892 
0.5336848 
0.5247653 
0.5208745 
0.5593373 
0.5641442 
0.5778419 
0.5749601 
0.5558785 
0.5574737 
0.5548370 
0.5370170 
0.5197776 
0.5097078 
0.5240753 
0.5274419 
0.5410926 
0.5564581 
0.5405984 
0.5346247 
0.5263071 
0.5124362 
0.4845618 
0.4796886 
0.5064264 
0.5400204 
0.5586320 
0.5850819 
0.6087655 
0.6034449 
0.5879682 
0.5840358 
0.5508186 
0.5773148 
0.5489161 
0.5394136 
0.5353613 
0.5473470 
0.5646293 
0.5880278 
0.5998428 
0.5763782 
0.5612497 
0.5218230 
0.5050589 
0.4984454 
0.5304182 
0.5338656 
0.5320438 
0.5500245 
0.5559869 
0.5409466 
0.5544049 
0.5485796 
0.5489521 
0.5534232 
0.5400170 
0.5193243 
0.4997729 
0.5135837 
0.5356044 
0.5185015 
0.5131906 
0.5032081 
0.4997535 
0.5249594 
0.5355910 
0.5262772 
0.5166053 
0.5241033 
0.5365003 
0.5434859 
0.5624770 
0.5518621 
0.5303776 
0.5379191 
0.5379354 
0.5449235 
0.5375797 
0.5206432 
0.5007935 
0.4965530 
0.5242011 
0.5125847 
0.4778156 
0.4878409 
0.4880635 
0.4851486 
0.4890921 
0.5017564 
0.5010218 
0.4892216 
0.5151202 
0.5178989 
0.5041023 
0.4841209 
0.4788701 
0.5100768 
0.5302088 
0.5525413 
0.5339525 
0.4913412 
0.4795153 
0.4993626 
0.5126361 
0.4847916 
0.4606086 
0.4634184 
0.5040740 
0.5388111 
0.5251239 
0.5409897 
0.5302366 
0.5184786 
0.4994258 
0.4871837 
0.4653685 
0.4645555 
0.4628347 
0.4662111 
0.4647026 
0.4440886 
0.4130747 
0.4339783 
0.4630007 
0.4768428 
0.4654979 
0.4487438 
0.4509601 
0.4400036 
0.4352543 
0.4328278 
0.4503217 
0.4711407 
0.4715708 
0.4745192 
0.4829105 
0.4876078 
0.4669970 
0.4513082 
0.4754341 
0.4979551 
0.4888734 
0.4842152 
0.4690856 
0.4633431 
0.4569092 
0.4561686 
0.4500128 
0.4520589 
0.4589425 
0.4746619 
0.4685146 
0.4702668 
0.4838380 
0.4823385 
0.4676348 
0.4738252 
0.5142802 
0.5310818 
0.5081471 
0.4903127 
0.4672535 
0.4758061 
0.4882623 
0.4848079 
0.4718073 
0.4640024 
0.4616713 
0.4403872 
0.4220605 
0.4431362 
0.4421781 
0.4516795 
0.4560047 
0.4356282 
0.4366723 
0.4505938 
0.4561388 
0.4780962 
0.4546091 
0.4244176 
0.4169644 
0.4273884 
0.4419516 
0.4555731 
0.4413595 
0.4230744 
0.4361119 
0.4222186 
0.4315834 
0.4187325 
0.4184505 
0.4224946 
0.4413326 
0.4568107 
0.4554158 
0.4276420 
0.4193186 
0.4258987 
0.4270299 
0.4425646 
0.4557221 
0.4358493 
0.4305221 
0.4414437 
0.4806359 
0.4938985 
0.4771815 
0.4767582 
0.5004164 
0.5157313 
0.5187943 
0.5179529 
0.4999424 
0.4948337 
0.4960715 
0.4924470 
0.4834392 
0.4580847 
0.4735590 
0.4501866 
0.3954091 
0.3849614 
0.3860148 
0.3895951 
0.4056784 
0.3970340 
0.4009211 
0.3831811 
0.3736732 
0.3652534 
0.3687805 
0.3380563 
0.3277345 
0.3566824 
0.3886311 
0.3933548 
0.3959698 
0.3759920 
0.3782848 
0.3914977 
0.3873621 
0.3767809 
0.3865384 
0.4009707 
0.4102190 
0.4219896 
0.4312800 
0.4179832 
0.3884558 
0.3750307 
0.3911608 
0.3710033 
0.3477461 
0.3519064 
0.3832723 
0.4345588 
0.4546849 
0.4628818 
0.4622359 
0.4614870 
0.4490444 
0.4331730 
0.4342427 
0.4393692 
0.4072584 
0.4042088 
0.4035340 
0.3973195 
0.3958761 
0.3604080 
0.3281936 
0.3675403 
0.4048195 
0.4157995 
0.4066923 
0.4221788 
0.4230673 
0.4008962 
0.3832665 
0.3672434 
0.3728374 
0.3808381 
0.4017232 
0.4132010 
0.4298623 
0.4145167 
0.4125301 
0.3692304 
0.3638078 
0.3517904 
0.3560994 
0.3696884 
0.3929176 
0.4051589 
0.4010117 
0.3790866 
0.3503230 
0.3305098 
0.3367411 
0.3572742 
0.3667400 
0.3883553 
0.4027240 
0.3771624 
0.3690371 
0.3582894 
0.3779047 
0.3963754 
0.4158345 
0.4040522 
0.4085909 
0.4313195 
0.4112992 
0.4038466 
0.3904752 
0.3677334 
0.3864501 
0.3886833 
0.3852958 
0.3773716 
0.3751633 
0.3572963 
0.3472394 
0.3552062 
0.3622357 
0.3730171 
0.3968002 
0.3883614 
0.4006632 
0.4358084 
0.4372856 
0.4255379 
0.4187185 
0.4215396 
0.4392873 
0.4468205 
0.4550926 
0.4729938 
0.4618989 
0.4308109 
0.3895622 
0.3601818 
0.3539282 
0.3574407 
0.3693853 
0.4192378 
0.4612642 
0.4784632 
0.4555698 
0.4153145 
0.3684691 
0.3550087 
0.3566029 
0.3716990 
0.3825746 
0.4115275 
0.4152720 
0.4171399 
0.4020048 
0.3875146 
0.3798639 
0.3526441 
0.3569829 
0.3757585 
0.3808543 
0.3760764 
0.3880312 
0.4039707 
0.4191254 
0.4189835 
0.4081486 
0.3906338 
0.3833929 
0.3640629 
0.3491718 
0.3585248 
0.3721755 
0.3774116 
0.3734364 
0.3736418 
0.3733954 
0.3445296 
0.3246129 
0.3264582 
0.3664753 
0.3712436 
0.3522320 
0.3529591 
0.3863916 
0.4147550 
0.3741798 
0.3658717 
0.3811142 
0.4031622 
0.3852884 
0.3514745 
0.3575578 
0.4045174 
0.4505817 
0.4401211 
0.3941598 
0.4098890 
0.4217845 
0.4132636 
0.3692305 
0.3528404 
0.3848476 
0.4304438 
0.4358722 
0.4159456 
0.3938354 
0.3914796 
0.4049118 
0.3923672 
0.3930787 
0.4293025 
0.4544235 
0.4437402 
0.4143436 
0.3866835 
0.3355826 
0.3577653 
0.3851390 
0.3747578 
0.3737528 
0.3630677 
0.3619521 
0.3342168 
0.3125191 
0.3200705 
0.3703469 
0.3787672 
0.3759669 
0.3674455 
0.3720161 
0.3617775 
0.3599630 
0.3339786 
0.3104750 
0.3102934 
0.3234963 
0.3322221 
0.3296618 
0.3192942 
0.3364892 
0.3332106 
0.3274897 
0.3320457 
0.3553750 
0.3625617 
0.3587714 
0.3483313 
0.3365600 
0.3381764 
0.3543443 
0.3748039 
0.3717724 
0.3837536 
0.3794746 
0.3644850 
0.3623477 
0.3824377 
0.3458114 
0.3190081 
0.3279078 
0.3209480 
0.2970696 
0.2954416 
0.3087274 
0.2908885 
0.2927028 
0.3002011 
0.2783085 
0.2626374 
0.2823766 
0.3276172 
0.3312474 
0.3075076 
0.2769096 
0.2679130 
0.2719151 
0.2851588 
0.2929254 
0.3051368 
0.3282517 
0.3231027 
0.3044733 
0.2598738 
0.2702925 
0.2837640 
0.3032826 
0.3053829 
0.3135429 
0.3119341 
0.3204415 
0.3262043 
0.3191967 
0.3135375 
0.3130004 
0.3320333 
0.3053948 
0.3174903 
0.3219923 
0.3246702 
0.3251541 
0.3095406 
0.2692170 
0.2813038 
0.2804440 
0.2926921 
0.2980976 
0.3119954 
0.3062021 
0.2833973 
0.2487332 
0.2621063 
0.2715748 
0.2814941 
0.2661004 
0.2728507 
0.2559731 
0.2450279 
0.2658193 
0.2767067 
0.2806713 
0.2732104 
0.2898536 
0.2821259 
0.2730854 
0.2935923 
0.3034894 
0.2810533 
0.2878196 
0.3056138 
0.3134880 
0.3230620 
0.3208657 
0.3367210 
0.3483623 
0.3257889 
0.3034465 
0.3059557 
0.3134556 
0.3034175 
0.2780116 
0.2483945 
0.2586242 
0.2688578 
0.2690241 
0.2963483 
0.2991197 
0.2929549 
0.2724805 
0.2766666 
0.2962631 
0.3049069 
0.3178304 
0.3106389 
0.3160508 
0.2869748 
0.2836018 
0.2910956 
0.2982772 
0.3078479 
0.3017914 
0.3058099 
0.2971479 
0.2879314 
0.2921968 
0.3133383 
0.2886502 
0.2569887 
0.2680544 
0.3045679 
0.2885570 
0.2661539 
0.2934130 
0.3115223 
0.2700101 
0.2359822 
0.2107717 
0.2387977 
0.2390103 
0.2382117 
0.2519425 
0.2534241 
0.2147584 
0.1881101 
0.2615543 
0.2871718 
0.2591012 
0.2417821 
0.2613530 
0.2607576 
0.2503136 
0.2778279 
0.3239989 
0.3344739 
0.2627726 
0.2468922 
0.3074280 
0.3578847 
0.3574407 
0.3287153 
0.3317911 
0.3140429 
0.2716086 
0.2568930 
0.2862419 
0.3051767 
0.2986096 
0.2906587 
0.2964639 
0.3154302 
0.2961800 
0.2622485 
0.2583603 
0.2568456 
0.2502426 
0.2469991 
0.2434559 
0.2399711 
0.2358656 
0.2462775 
0.2812569 
0.3148885 
0.3158752 
0.3083737 
0.2721521 
0.2193169 
0.2078722 
0.2024726 
0.2284090 
0.2616114 
0.2550860 
0.2463456 
0.2454360 
0.2791461 
0.2884534 
0.2934393 
0.2936137 
0.2836078 
0.2502315 
0.2346106 
0.2056902 
0.2031794 
0.1919237 
0.1919708 
0.2116508 
0.2416812 
0.2816541 
0.3178546 
0.3534406 
0.3462264 
0.3082460 
0.2851008 
0.2709538 
0.2241918 
0.2066753 
0.1974043 
0.1910667 
0.2028891 
0.2357899 
0.2474291 
0.2334987 
0.2506028 
0.2729891 
0.2798454 
0.2806706 
0.2708156 
0.2573281 
0.2366673 
0.2194502 
0.2177211 
0.2085393 
0.2237333 
0.2262426 
0.2352040 
0.2479482 
0.2579130 
0.2661975 
0.2693298 
0.2751140 
0.2736635 
0.2757532 
0.2643837 
0.2580506 
0.2453886 
0.2288084 
0.2286183 
0.2436680 
0.2449522 
0.2379342 
0.2337399 
0.2439644 
0.2269836 
0.2269286 
0.2097438 
0.1924405 
0.1778954 
0.1811049 
0.1884767 
0.1893427 
0.2143954 
0.2308893 
0.2289771 
0.2207583 
0.2312903 
0.2533091 
0.2693489 
0.2636897 
0.2464745 
0.2393296 
0.2561739 
0.2260080 
0.2073823 
0.2413443 
0.2389511 
0.2122968 
0.2010270 
0.2046940 
0.2250295 
0.2101760 
0.1897696 
0.2084471 
0.2179992 
0.1959853 
0.2012363 
0.2234004 
0.2502937 
0.2658920 
0.2450694 
0.2346209 
0.2468217 
0.2349596 
0.2343149 
0.2290237 
0.2131365 
0.2268296 
0.2291943 
0.2339530 
0.2311636 
0.2221498 
0.2148336 
0.2239820 
0.2241783 
0.2230045 
0.2170470 
0.1962712 
0.2029770 
0.2191265 
0.2135265 
0.2368962 
0.2585260 
0.2662114 
0.2478376 
0.2289575 
0.2313749 
0.2293834 
0.2380438 
0.2333491 
0.2347238 
0.2176061 
0.2186819 
0.2257148 
0.2477431 
0.2547582 
0.2412949 
0.2239814 
0.2031282 
0.2094511 
0.2054178 
0.2079837 
0.2278794 
0.2626284 
0.2919937 
0.2939054 
0.2819026 
0.2686172 
0.2719761 
0.2782672 
0.2836948 
0.2790287 
0.2731655 
0.2697507 
0.2732851 
0.2512184 
0.2294941 
0.1953194 
0.1674034 
0.1523464 
0.1406723 
0.1398645 
0.1624609 
0.1600671 
0.1682564 
0.1674903 
0.2012271 
0.2186786 
0.2004849 
0.1970387 
0.2066141 
0.2040472 
0.1926185 
0.2003675 
0.2049124 
0.1922930 
0.1686629 
0.1738704 
0.1874679 
0.1776165 
0.1876063 
0.1927934 
0.1718019 
0.1776865 
0.1877462 
0.1759623 
0.1755615 
0.1563790 
0.1581114 
0.1645656 
0.1780294 
0.1892607 
0.1894935 
0.1799918 
0.1927928 
0.2213268 
0.2214361 
0.2045918 
0.1834589 
0.1783292 
0.1509424 
0.1557826 
0.1546192 
0.1497957 
0.1614596 
0.1879325 
0.1975936 
0.1913232 
0.1817181 
0.1564556 
0.1176550 
0.0969628 
0.1217015 
0.1670770 
0.2302402 
0.2526469 
0.2284474 
0.1687322 
0.1179677 
0.1161013 
0.1196779 
0.1352262 
0.1822025 
0.1989737 
0.2165886 
0.1905736 
0.1368109 
0.1252019 
0.1347812 
0.1623908 
0.1842395 
0.1575854 
0.1597966 
0.1574621 
0.1470481 
0.1469073 
0.1486967 
0.1407397 
0.1549313 
0.1599698 
0.1607817 
0.1702209 
0.1721676 
0.1756783 
0.1763290 
0.1796305 
0.1768333 
0.1493059 
0.1361906 
0.1317238 
0.1491576 
0.1637392 
0.1867247 
0.1831811 
0.1795900 
0.1825276 
0.1811011 
0.1635365 
0.1381240 
0.1418624 
0.1578097 
0.1656117 
0.1392964 
0.1278390 
0.1326636 
0.1373188 
0.1550508 
0.1596616 
0.1698723 
0.1602995 
0.1457451 
0.1439274 
0.1443895 
0.1441523 
0.1551101 
0.1637574 
0.1726343 
0.1602227 
0.1525475 
0.1583670 
0.1631206 
0.1631883 
0.1684079 
0.1580292 
0.1418374 
0.1545727 
0.1543748 
0.1611781 
0.1632155 
0.1497929 
0.1470775 
0.1558043 
0.1444135 
0.1383988 
0.1328894 
0.1513858 
0.1590644 
0.1460256 
0.1488271 
0.1579883 
0.1599668 
0.1571195 
0.1506273 
0.1357708 
0.1286461 
0.1320941 
0.1460606 
0.1623018 
0.1765443 
0.1806413 
0.1682796 
0.1496561 
0.1374411 
0.1409466 
0.1623222 
0.1708682 
0.1692929 
0.1601203 
0.1477301 
0.1299971 
0.1247212 
0.1436283 
0.1841136 
0.1980984 
0.1945475 
0.2003976 
0.1822594 
0.1591596 
0.1559697 
0.1658228 
0.1706126 
0.1688843 
0.1673071 
0.1497308 
0.1410296 
0.1385598 
0.1261144 
0.1238472 
0.1297717 
0.1201469 
0.0942546 
0.0828257 
0.1108046 
0.1296571 
0.1566381 
0.1690179 
0.1704219 
0.1754624 
0.1611449 
0.1284050 
0.1090039 
0.1139847 
0.1577478 
0.1747364 
0.1634433 
0.1644754 
0.1640745 
0.1380426 
0.1100547 
0.0969789 
0.0990050 
0.1210025 
0.1637914 
0.1833955 
0.1613046 
0.1292917 
0.1201755 
0.1294933 
0.1467595 
0.1464230 
0.1519763 
0.1374244 
0.1132084 
0.1022381 
0.1073537 
0.1149341 
0.1201029 
0.1215771 
0.1224548 
0.1088515 
0.1164559 
0.1215993 
0.1188205 
0.1164961 
0.1182054 
0.1181138 
0.1085609 
0.0926900 
0.0882866 
0.0866110 
0.1051092 
0.1143766 
0.1105611 
0.1117397 
0.1118634 
0.1158491 
0.1178881 
0.1184168 
0.1104063 
0.0953907 
0.0930351 
0.0856132 
0.0792035 
0.0937558 
0.0995882 
0.1072024 
0.1218549 
0.1342442 
0.1414892 
0.1492592 
0.1435766 
0.1261998 
0.1147703 
0.1025719 
0.1090404 
0.1181370 
0.1150903 
0.0839065 
0.0557145 
0.0406753 
0.0613669 
0.0842130 
0.0981246 
0.0991666 
0.1005703 
0.1103830 
0.1230556 
0.1358368 
0.1294322 
0.1123590 
0.1188246 
0.1229149 
0.1224305 
0.1150665 
0.0915693 
0.0880612 
0.0954992 
0.1153629 
0.1033330 
0.0924536 
0.0985886 
0.0887071 
0.0821980 
0.0729896 
0.0851858 
0.0899899 
0.1068023 
0.1123233 
0.1086366 
0.1214277 
0.1205007 
0.1091452 
0.0941398 
0.1001896 
0.0768756 
0.0748974 
0.0667291 
0.0731638 
0.0873918 
0.0998020 
0.1111172 
0.1173820 
0.1193054 
0.1171949 
0.0899984 
0.0913315 
0.0949867 
0.0880890 
0.0809547 
0.0907734 
0.1165895 
0.0960942 
0.0736538 
0.0636006 
0.0820367 
0.0924365 
0.1019260 
0.0836755 
0.0769084 
0.0709888 
0.0718628 
0.0760926 
0.0956613 
0.1220779 
0.1313744 
0.1244532 
0.1054227 
0.0879562 
0.0870316 
0.0856379 
0.0974100 
0.0894319 
0.0804945 
0.0810030 
0.0775298 
0.0904971 
0.1022093 
0.0821198 
0.0926011 
0.0791024 
0.0595831 
0.0634854 
0.0932159 
0.0930089 
0.0884726 
0.0864372 
0.0821734 
0.1007296 
0.1096831 
0.1030888 
0.0770264 
0.0820718 
0.0596503 
0.0543799 
0.0502952 
0.0551024 
0.0475096 
0.0442653 
0.0474407 
0.0809774 
0.0919367 
0.0888619 
0.0716253 
0.0737648 
0.0792608 
0.0747733 
0.0717114 
0.0767167 
0.0717165 
0.0719003 
0.0790434 
0.0885764 
0.1086928 
0.1172248 
0.0858763 
0.0535581 
0.0531149 
0.0564681 
0.0659538 
0.0703000 
0.0709975 
0.0636519 
0.0624326 
0.0762501 
0.0917074 
0.0996129 
0.1081801 
0.1015955 
0.1062694 
0.1095662 
0.0977457 
0.0834724 
0.0833768 
0.0926857 
0.1092870 
0.0902714 
0.0898996 
0.0846399 
0.0914992 
0.1015551 
0.0847592 
0.0468541 
0.0379235 
0.0400365 
0.0314485 
0.0437306 
0.0323837 
0.0392455 
0.0466420 
0.0570252 
0.0529001 
0.0646013 
0.0659841 
0.0789226 
0.0722367 
0.0660086 
0.0500482 
0.0403401 
0.0446800 
0.0467840 
0.0543542 
0.0757614 
0.0602245 
0.0455072 
0.0522069 
0.0507659 
0.0579946 
0.0408998 
0.0445425 
0.0472515 
0.0519022 
0.0461927 
0.0393695 
0.0397484 
0.0308879 
0.0447266 
0.0587841 
0.0475659 
0.0436675 
0.0450354 
0.0455753 
0.0522810 
0.0492873 
0.0394149 
0.0424729 
0.0562941 
0.0718709 
0.0735778 
0.0622614 
0.0539042 
0.0567449 
0.0371688 
0.0298280 
0.0278534 
0.0284635 
0.0169110 
0.0000000 
0.0007671 
0.0118573 
0.0113045 
0.0048275 
0.0105019 
0.0164572 
0.0323194 
0.0569860 
0.0803524 
0.0798425 
0.0807577 
0.0731932 
0.0480468 
0.0275879 
0.0100466 
0.0336636 
0.0501243 
0.0546810 
0.0506427 
0.0260886 
0.0288969 
0.0350253 
0.0459504 
0.0534932 
0.0555801 
0.0640253 
0.0771497 
0.0504379 
0.0230443 
0.0247628 
0.0305551 
0.0531471 
0.0723352 
0.0752334 
0.0704298 
0.0772268 
0.0784658 
0.0775299 
0.0571306 
0.0654789 
