0.0000917 
-0.0001626 
-0.0000342 
0.4433503 
0.1850130 
0.0571868 
0.9287527 
0.9129143 
0.8943652 
0.9000750 
0.9041788 
0.8692650 
0.8123166 
0.8095268 
0.8433378 
0.8759727 
0.8495373 
0.8415798 
0.8190561 
0.8530489 
0.8260281 
0.7989712 
0.7919969 
0.8376145 
0.8957812 
0.8227552 
0.7579557 
0.8091815 
0.8234207 
0.7996212 
0.7662015 
0.7761823 
0.8255666 
0.8412745 
0.8157003 
0.8483357 
0.8597216 
0.9001930 
0.8784841 
0.8188015 
0.8180414 
0.7965194 
0.7764884 
0.7440630 
0.7360828 
0.7930410 
0.8343112 
0.8596014 
0.8535034 
0.8274703 
0.8181505 
0.8244647 
0.8475873 
0.8549728 
0.8432534 
0.8372196 
0.7805493 
0.7790877 
0.7993488 
0.7893371 
0.7769184 
0.7997348 
0.8305255 
0.8363330 
0.7982370 
0.7442502 
0.7250052 
0.7398696 
0.7311132 
0.6972201 
0.7075704 
0.7014634 
0.7299222 
0.6955923 
0.6530928 
0.6736024 
0.7120116 
0.7371627 
0.7260089 
0.7007666 
0.6762716 
0.6743355 
0.7021221 
0.6880688 
0.6421861 
0.6122597 
0.5812726 
0.5952636 
0.6061422 
0.6457568 
0.6669764 
0.7179281 
0.6934802 
0.6717133 
0.6826665 
0.7025713 
0.7137187 
0.7313457 
0.7129265 
0.6727082 
0.7225613 
0.7653577 
0.7604830 
0.7223604 
0.7316731 
0.7219833 
0.7739721 
0.8399847 
0.8628950 
0.8155054 
0.8206099 
0.8093547 
0.8092806 
0.8268581 
0.7956219 
0.7855806 
0.8323879 
0.8118705 
0.8003173 
0.8269978 
0.8000492 
0.7871221 
0.7675619 
0.7436969 
0.7153897 
0.7740808 
0.7974129 
0.7636692 
0.7059121 
0.6932247 
0.7213380 
0.7291401 
0.7066850 
0.6372772 
0.6495217 
0.6937386 
0.7129344 
0.6962443 
0.6850935 
0.6810213 
0.7467812 
0.7813138 
0.8087927 
0.8102848 
0.8371916 
0.8208700 
0.8192177 
0.7760327 
0.7521646 
0.7719729 
0.8134435 
0.8672688 
0.8553506 
0.8360013 
0.7908961 
0.8145987 
0.8643393 
0.8872503 
0.8433848 
0.7907224 
0.7787103 
0.7916436 
0.8065836 
0.8118749 
0.7932851 
0.7636225 
0.7625581 
0.7625125 
0.7418158 
0.7528321 
0.7528655 
0.7508180 
0.7441927 
0.7142539 
0.7149115 
0.7310732 
0.7651330 
0.7546267 
0.6668372 
0.6071288 
0.5904262 
0.6619767 
0.7039417 
0.7520749 
0.7498588 
0.7182580 
0.7378008 
0.7872127 
0.8084125 
0.8095972 
0.7771551 
0.7197212 
0.7062932 
0.7068320 
0.7329440 
0.7032971 
0.6889504 
0.6525980 
0.6490538 
0.6492675 
0.6332304 
0.6393712 
0.7059981 
0.7377660 
0.6898118 
0.6812492 
0.7470692 
0.8140168 
0.8294327 
0.8417640 
0.8091784 
0.8174708 
0.8607681 
0.8677218 
0.8787852 
0.9015938 
0.9048565 
0.8999200 
0.8874587 
0.8801446 
0.8813628 
0.8830225 
0.8725901 
0.7929305 
0.7486008 
0.7606951 
0.7635702 
0.7594630 
0.7243479 
0.6423943 
0.5830302 
0.5788477 
0.6521249 
0.7417123 
0.8095522 
0.7831001 
0.7074846 
0.6327697 
0.6044712 
0.6350459 
0.7099279 
0.7874883 
0.7835978 
0.7393450 
0.6964394 
0.7035257 
0.7457628 
0.7897696 
0.8394865 
0.8392719 
0.7752699 
0.7395396 
0.7257095 
0.7632253 
0.8286405 
0.8867668 
0.8688101 
0.7848159 
0.7039638 
0.6987056 
0.6847452 
0.7445415 
0.7864541 
0.8090658 
0.8042557 
0.7816893 
0.7827316 
0.8416001 
0.8771602 
0.9075955 
0.8962082 
0.8421632 
0.7979472 
0.7564337 
0.7589685 
0.7821462 
0.8109733 
0.8291795 
0.8086448 
0.6972310 
0.5944138 
0.5605017 
0.5673421 
0.6588642 
0.7296113 
0.7236960 
0.6846488 
0.6159187 
0.5723068 
0.5840241 
0.6207833 
0.6722167 
0.6799032 
0.6982755 
0.6862930 
0.6548568 
0.6796410 
0.7005860 
0.8047591 
0.8928787 
0.8721967 
0.8463498 
0.8385947 
0.8018691 
0.7709902 
0.8006994 
0.8572296 
0.8640536 
0.8776832 
0.8896848 
0.8114342 
0.7795189 
0.7453783 
0.7534621 
0.7899808 
0.8205440 
0.8677340 
0.8847861 
0.8507664 
0.8044152 
0.7981845 
0.7960643 
0.8451015 
0.8551514 
0.8521691 
0.8314634 
0.8377001 
0.7722106 
0.7156368 
0.7396195 
0.7255146 
0.7031343 
0.6995254 
0.7748735 
0.8142629 
0.8225004 
0.8330261 
0.8265761 
0.7950473 
0.8026525 
0.7920107 
0.8372201 
0.8497559 
0.8653502 
0.8557055 
0.8543798 
0.8360203 
0.7734054 
0.7484670 
0.7937150 
0.7820529 
0.7741581 
0.8157116 
0.8292908 
0.7900398 
0.7815744 
0.7955857 
0.7618245 
0.7020453 
0.7151930 
0.7316910 
0.7418069 
0.7699773 
0.7707398 
0.7891013 
0.7576577 
0.7760403 
0.7509398 
0.7730195 
0.8318639 
0.8086681 
0.7762900 
0.7864513 
0.7999964 
0.8269521 
0.7923643 
0.7941411 
0.7534277 
0.7170269 
0.7226223 
0.7326458 
0.7135964 
0.7323460 
0.7332934 
0.7069979 
0.6923683 
0.6764018 
0.6830329 
0.6914181 
0.7409692 
0.7773795 
0.7794670 
0.7601852 
0.6964612 
0.6771377 
0.6917276 
0.7159507 
0.7569875 
0.7910613 
0.7971044 
0.8157053 
0.8180647 
0.8461218 
0.8361573 
0.7674775 
0.7185316 
0.7089878 
0.6908355 
0.6792412 
0.6980237 
0.7531781 
0.8118028 
0.8558358 
0.8547665 
0.8382478 
0.8160355 
0.8677178 
0.8484276 
0.7976076 
0.7496569 
0.7690737 
0.8108342 
0.7971782 
0.7834004 
0.7474960 
0.7364644 
0.7464835 
0.7647466 
0.7729705 
0.7630464 
0.7945116 
0.8252490 
0.8334526 
0.7899906 
0.8197199 
0.8281429 
0.8214944 
0.8289584 
0.8884362 
0.8484209 
0.7763189 
0.7547877 
0.7813363 
0.7731842 
0.7844409 
0.7511240 
0.7528644 
0.7528984 
0.7781192 
0.8168890 
0.8293985 
0.8377013 
0.8053857 
0.7936788 
0.7655582 
0.7501544 
0.7719200 
0.8052009 
0.8021184 
0.7963427 
0.7624428 
0.7256509 
0.7280666 
0.7459962 
0.7732509 
0.7840624 
0.7850731 
0.7584371 
0.7598489 
0.7891558 
0.7873135 
0.8093212 
0.8422458 
0.8001899 
0.7372606 
0.7615839 
0.8012014 
0.8268402 
0.8386795 
0.8447164 
0.8337613 
0.8097749 
0.8059233 
0.8426166 
0.8301658 
0.8089900 
0.7998459 
0.8108887 
0.7794964 
0.7505978 
0.7741656 
0.8108146 
0.8328278 
0.8366378 
0.8101677 
0.7985935 
0.8081801 
0.8204407 
0.8051053 
0.7583402 
0.7558928 
0.7458531 
0.7520722 
0.8047106 
0.8275175 
0.8239832 
0.8075279 
0.7921410 
0.7973507 
0.8215735 
0.8258166 
0.8452050 
0.8263628 
0.8362817 
0.8034436 
0.7852811 
0.7926154 
0.7996802 
0.7817542 
0.7736348 
0.7587828 
0.7380191 
0.7555718 
0.7906180 
0.8106303 
0.8370526 
0.8298306 
0.7943873 
0.7959235 
0.8248361 
0.8083016 
0.7590395 
0.7585065 
0.7432827 
0.7515336 
0.8004084 
0.8500997 
0.8847899 
0.8619962 
0.8397927 
0.8145580 
0.8432183 
0.8987049 
0.9447701 
0.9608700 
0.9518677 
0.8833788 
0.8439031 
0.8934393 
0.9460192 
0.9529753 
0.9206363 
0.8976779 
0.8944685 
0.9162556 
0.9115427 
0.9329185 
0.9512601 
0.9234763 
0.8917202 
0.8792393 
0.8721875 
0.8990799 
0.9013141 
0.8937850 
0.8827422 
0.8389192 
0.8153315 
0.7930889 
0.7975219 
0.8397377 
0.8494853 
0.9394258 
0.9643444 
0.9089866 
0.8914720 
0.8879436 
0.8972966 
0.9562880 
1.0000000 
0.9423344 
0.8622506 
0.8185966 
0.8339136 
0.8275875 
0.8405757 
0.8730272 
0.8057880 
0.7468822 
0.7399188 
0.7400260 
0.7258881 
0.7634254 
0.7889010 
0.7445146 
0.6946148 
0.6858082 
0.6629022 
0.6648047 
0.7004722 
0.7528380 
0.7575383 
0.7581510 
0.7444580 
0.6916913 
0.7306236 
0.7791157 
0.8112318 
0.8495956 
0.8565870 
0.7832056 
0.7333389 
0.6788845 
0.6943255 
0.7069216 
0.7772516 
0.7847864 
0.7614073 
0.7268285 
0.7159509 
0.6592581 
0.6646419 
0.7240690 
0.8253598 
0.8574900 
0.8305439 
0.7457303 
0.6629875 
0.6806755 
0.7609063 
0.8369061 
0.8695562 
0.8542437 
0.8200434 
0.8164978 
0.8055307 
0.7939886 
0.7764197 
0.7822257 
0.8265278 
0.8452746 
0.8622205 
0.8819274 
0.8397566 
0.8092053 
0.8520808 
0.8883747 
0.8493126 
0.8339027 
0.7564443 
0.7056513 
0.7072632 
0.7145769 
0.7160402 
0.7236763 
0.7177554 
0.7259818 
0.7310037 
0.7387135 
0.7335576 
0.7381414 
0.7774033 
0.7854018 
0.7948887 
0.8438680 
0.8674493 
0.8852776 
0.8642924 
0.8541501 
0.8138516 
0.8265864 
0.8338550 
0.8203900 
0.8273940 
0.8303637 
0.8353275 
0.7930420 
0.7938154 
0.7412102 
0.7295180 
0.7025883 
0.6822707 
0.6745182 
0.6950638 
0.7260216 
0.7291649 
0.7210375 
0.7275479 
0.7558618 
0.7574895 
0.7511731 
0.7484389 
0.7248674 
0.7245266 
0.7275048 
0.7471962 
0.7779319 
0.7931489 
0.8115457 
0.7972299 
0.8233097 
0.7892870 
0.7736953 
0.7327303 
0.7220752 
0.7404894 
0.7206141 
0.7245356 
0.6528805 
0.6175093 
0.6326137 
0.6600885 
0.7270718 
0.7350335 
0.7830332 
0.7975371 
0.7939111 
0.7915426 
0.7824160 
0.7636479 
0.7767571 
0.7913573 
0.7886549 
0.7732558 
0.8091595 
0.7641223 
0.6994273 
0.7023742 
0.6931100 
0.7126746 
0.6971273 
0.7123316 
0.7557636 
0.7740040 
0.7841967 
0.7728967 
0.7521372 
0.7530839 
0.7344800 
0.7486950 
0.7486087 
0.7269531 
0.7078886 
0.7120461 
0.7310482 
0.7446208 
0.7666920 
0.7913819 
0.8242491 
0.8188890 
0.7804342 
0.7833963 
0.7607692 
0.7414774 
0.7486872 
0.7268559 
0.7249721 
0.7308752 
0.7525805 
0.7504795 
0.7222637 
0.7201295 
0.7154885 
0.7308520 
0.7377244 
0.7219587 
0.6944908 
0.6376532 
0.6411820 
0.6337682 
0.6015859 
0.6280841 
0.6583890 
0.6941056 
0.7019199 
0.6999983 
0.7134504 
0.6685470 
0.6570022 
0.6491866 
0.6651700 
0.6992823 
0.7898821 
0.7496350 
0.6974305 
0.6603520 
0.6692184 
0.6525754 
0.6795799 
0.7644621 
0.7813817 
0.7937983 
0.8019861 
0.7937538 
0.7770608 
0.7659563 
0.7991770 
0.8148408 
0.8487369 
0.8290630 
0.8284039 
0.8145763 
0.8376816 
0.8359804 
0.8029745 
0.7529611 
0.7693741 
0.7837350 
0.7673869 
0.7882920 
0.7865778 
0.7809934 
0.7908243 
0.8163426 
0.8158997 
0.8113567 
0.8028611 
0.7820881 
0.7987533 
0.8220610 
0.8632223 
0.8633329 
0.8335703 
0.8088996 
0.7720866 
0.7684281 
0.7803775 
0.7881381 
0.8099855 
0.8110263 
0.7800156 
0.7810451 
0.8074992 
0.8258821 
0.8177821 
0.7909677 
0.7737121 
0.7639067 
0.7741816 
0.7725427 
0.7392042 
0.7417286 
0.6931196 
0.6865487 
0.6856770 
0.6856107 
0.7134010 
0.7033458 
0.6924528 
0.6624640 
0.6569119 
0.6289084 
0.5978770 
0.5944458 
0.5945906 
0.6367177 
0.6304989 
0.6272549 
0.6392826 
0.6642473 
0.6988806 
0.7054680 
0.7139222 
0.6924377 
0.6842751 
0.6799946 
0.6682764 
0.6980509 
0.7259699 
0.7311624 
0.7335782 
0.7490546 
0.7500312 
0.6824273 
0.6672605 
0.6367820 
0.6776206 
0.7201829 
0.7522595 
0.7466742 
0.7338709 
0.7162311 
0.6955135 
0.6662926 
0.6541480 
0.6405453 
0.6699634 
0.6592061 
0.6795649 
0.6741415 
0.7166697 
0.7059158 
0.7004813 
0.7109848 
0.7174064 
0.7430183 
0.7358312 
0.7207164 
0.7344619 
0.7609644 
0.7884849 
0.7880763 
0.7507102 
0.7438739 
0.7607573 
0.8261426 
0.8541241 
0.8623541 
0.8868946 
0.8704281 
0.8224549 
0.7643148 
0.7821380 
0.8141841 
0.8365047 
0.8081204 
0.8023828 
0.8057570 
0.7974431 
0.8306916 
0.7843596 
0.7734934 
0.7501099 
0.7621403 
0.7686758 
0.7915890 
0.8004098 
0.7899315 
0.7417591 
0.7003702 
0.7081848 
0.7044000 
0.7017511 
0.7237443 
0.7401571 
0.7459751 
0.7697342 
0.7822400 
0.8012725 
0.7951817 
0.7590388 
0.7099646 
0.6747962 
0.7240936 
0.7769061 
0.8384276 
0.8451459 
0.8535031 
0.8059656 
0.7912730 
0.8034992 
0.8116245 
0.8074601 
0.8004423 
0.7702378 
0.7245968 
0.7734719 
0.8143659 
0.8178131 
0.8412455 
0.8649903 
0.8605755 
0.8198078 
0.7636345 
0.7332009 
0.7502504 
0.7549414 
0.7908787 
0.8183023 
0.7791477 
0.7634338 
0.7953493 
0.8096444 
0.8488141 
0.8486614 
0.8194832 
0.7878829 
0.7851917 
0.7776559 
0.8112678 
0.8298703 
0.8432387 
0.8488284 
0.8259732 
0.7943604 
0.7856785 
0.7680073 
0.7528524 
0.7213726 
0.7201428 
0.7063710 
0.7032817 
0.8017936 
0.8263397 
0.8301592 
0.8085992 
0.8103058 
0.7960428 
0.7682690 
0.7704820 
0.8318875 
0.8171321 
0.8285565 
0.8406138 
0.8171573 
0.7707946 
0.7408796 
0.7048974 
0.7052704 
0.6806937 
0.6572038 
0.6588289 
0.6568145 
0.6606145 
0.6875027 
0.7311859 
0.7520290 
0.7197373 
0.6927380 
0.6762023 
0.6753053 
0.6790441 
0.6956563 
0.6776371 
0.6271437 
0.5833432 
0.6110480 
0.6572826 
0.6745520 
0.6578268 
0.6960177 
0.7152858 
0.6863807 
0.6613431 
0.6603425 
0.6989952 
0.7428356 
0.7629871 
0.7761931 
0.7301312 
0.6579659 
0.6098221 
0.6520724 
0.7083314 
0.7231421 
0.7231554 
0.7378609 
0.7173144 
0.6550262 
0.6174296 
0.6601446 
0.7196124 
0.7746384 
0.7904411 
0.8020303 
0.7738089 
0.7154028 
0.7005913 
0.7125165 
0.7515633 
0.7825139 
0.7622632 
0.7575810 
0.7472765 
0.7070304 
0.7097189 
0.7480449 
0.7942407 
0.7806891 
0.7497742 
0.7384372 
0.7572092 
0.7320646 
0.7298467 
0.7009929 
0.7082275 
0.7119308 
0.7004110 
0.6189346 
0.6126200 
0.5973511 
0.5925086 
0.6227672 
0.6680029 
0.6938967 
0.7074460 
0.7059466 
0.6760938 
0.6432327 
0.6460519 
0.6427510 
0.6216639 
0.6177167 
0.5974429 
0.6251734 
0.6237811 
0.6047549 
0.5976356 
0.6213717 
0.6371177 
0.6613903 
0.6870651 
0.7298541 
0.7561623 
0.7660297 
0.7600653 
0.7448294 
0.7585752 
0.8203390 
0.8356586 
0.8408193 
0.8790800 
0.8714288 
0.7779841 
0.7521609 
0.7057954 
0.6484119 
0.6610811 
0.6816351 
0.7360323 
0.7956684 
0.7907474 
0.7628424 
0.7326309 
0.6721406 
0.6478436 
0.6328964 
0.6358678 
0.6210982 
0.6451207 
0.6586757 
0.6826726 
0.6620889 
0.6707960 
0.6845400 
0.6759676 
0.6487891 
0.6365515 
0.6467936 
0.6726464 
0.6577190 
0.6651936 
0.6811724 
0.7097554 
0.7222173 
0.7153801 
0.7257960 
0.7252521 
0.6945139 
0.6635261 
0.6941391 
0.7124618 
0.7184712 
0.7315279 
0.7659775 
0.7806208 
0.7663533 
0.7072822 
0.6729346 
0.6672330 
0.6441127 
0.6534785 
0.6519889 
0.6258889 
0.6062512 
0.6172693 
0.6061485 
0.6101850 
0.6010085 
0.6201283 
0.6269324 
0.6418024 
0.6553033 
0.6693152 
0.6645172 
0.6316638 
0.5916529 
0.5784763 
0.6372143 
0.6963288 
0.7047681 
0.7384241 
0.7557318 
0.7342135 
0.7048041 
0.6906203 
0.6910048 
0.7055150 
0.7217272 
0.7341771 
0.7494920 
0.7218446 
0.7000717 
0.6418004 
0.6228792 
0.6148385 
0.5964981 
0.5918967 
0.6500983 
0.6875033 
0.6506619 
0.6019298 
0.5948268 
0.5910501 
0.5627237 
0.5553965 
0.5842007 
0.6217417 
0.6552468 
0.6865030 
0.7273813 
0.7541078 
0.7576857 
0.7608522 
0.7640633 
0.7559356 
0.7709076 
0.7736745 
0.7611263 
0.7551824 
0.7186634 
0.6965980 
0.6407770 
0.6183858 
0.6171378 
0.6152119 
0.6181625 
0.5971629 
0.5706347 
0.5139851 
0.5328220 
0.5442745 
0.5946554 
0.6187661 
0.6427705 
0.6226105 
0.5973454 
0.5910746 
0.6223339 
0.6053248 
0.6078817 
0.6745288 
0.6969827 
0.7320989 
0.7197081 
0.7097774 
0.6918997 
0.6766717 
0.6658343 
0.6798594 
0.6525612 
0.6207340 
0.5948133 
0.5836228 
0.6043732 
0.5825964 
0.5438620 
0.5479947 
0.5354952 
0.5333294 
0.5381063 
0.5799434 
0.6050141 
0.6098629 
0.6200373 
0.6119395 
0.6213791 
0.6110367 
0.6074796 
0.6023212 
0.6082554 
0.6290137 
0.6728608 
0.6687150 
0.6225962 
0.6018681 
0.5728900 
0.5731051 
0.5850737 
0.6103987 
0.6536716 
0.7071018 
0.7355148 
0.7725325 
0.7798370 
0.7662484 
0.7562480 
0.7821837 
0.7576796 
0.7609578 
0.7647590 
0.8078072 
0.7948898 
0.7785536 
0.7674601 
0.7688739 
0.7274311 
0.7182153 
0.6816679 
0.6492148 
0.6128054 
0.6011625 
0.6091064 
0.5796753 
0.5864570 
0.5970613 
0.6098292 
0.6360816 
0.6947697 
0.7138533 
0.7027915 
0.6947976 
0.6500928 
0.6116762 
0.6020598 
0.6040710 
0.5947688 
0.6090769 
0.6286327 
0.6382551 
0.6830460 
0.6902356 
0.6808994 
0.6706232 
0.6423476 
0.6359920 
0.6758165 
0.7149982 
0.7224645 
0.6866684 
0.6667037 
0.6463108 
0.6419751 
0.6315771 
0.6477554 
0.6849158 
0.7284647 
0.7465286 
0.6841565 
0.6528461 
0.6730333 
0.6743392 
0.6366706 
0.6596077 
0.6338442 
0.6624609 
0.6954886 
0.7179319 
0.7285500 
0.7375171 
0.7149052 
0.6912176 
0.6841347 
0.6742565 
0.6487362 
0.6362656 
0.6680673 
0.6861690 
0.7109078 
0.7419754 
0.7508495 
0.7691379 
0.7863649 
0.7394453 
0.7264809 
0.7010931 
0.6939888 
0.7273420 
0.7407769 
0.7248072 
0.7389513 
0.7208773 
0.6741156 
0.6675159 
0.6805493 
0.6928020 
0.7203387 
0.7174764 
0.7286746 
0.7382906 
0.7751117 
0.7946658 
0.7800237 
0.7613765 
0.7452405 
0.7193988 
0.6882485 
0.6964635 
0.7064420 
0.7154311 
0.7111037 
0.7010553 
0.7040853 
0.7159685 
0.6940454 
0.6831123 
0.6777898 
0.7058977 
0.7236833 
0.7163383 
0.7536870 
0.7689093 
0.7245219 
0.6902092 
0.7108098 
0.7818231 
0.8320102 
0.8055046 
0.7762874 
0.7392613 
0.7011932 
0.6910334 
0.7237685 
0.7426333 
0.7528087 
0.7716837 
0.7619659 
0.7584496 
0.7405482 
0.7104425 
0.6748363 
0.6466544 
0.6599423 
0.6902819 
0.6774870 
0.6665677 
0.6763592 
0.6788709 
0.6469795 
0.6200140 
0.6035163 
0.5991689 
0.5992990 
0.6261913 
0.6494147 
0.6206115 
0.5753673 
0.5505079 
0.5392455 
0.5658722 
0.5911314 
0.6315400 
0.6809795 
0.7087246 
0.7048128 
0.6897746 
0.7089347 
0.6930131 
0.7015691 
0.7010618 
0.7365170 
0.7547762 
0.7409814 
0.7543876 
0.7433817 
0.7826104 
0.7624415 
0.7346936 
0.7088669 
0.6925207 
0.7102694 
0.7330786 
0.7328640 
0.7289689 
0.7028766 
0.6723812 
0.6432171 
0.6798396 
0.6662522 
0.6705901 
0.7101402 
0.6736460 
0.6047900 
0.5877855 
0.5757752 
0.5404964 
0.5556379 
0.5948943 
0.6284722 
0.6658206 
0.6368877 
0.5880089 
0.5818040 
0.5775006 
0.5618091 
0.5734809 
0.5959704 
0.6178888 
0.6574630 
0.6478508 
0.6487048 
0.6440146 
0.6678366 
0.7062549 
0.7224373 
0.7541491 
0.7158990 
0.7081512 
0.6766117 
0.6425473 
0.5956285 
0.5853329 
0.5713573 
0.5705262 
0.5685688 
0.5502254 
0.5663351 
0.5716017 
0.5509575 
0.5580988 
0.6001494 
0.6217887 
0.6163165 
0.5774846 
0.5511781 
0.5624681 
0.5750456 
0.5672966 
0.5459830 
0.5325980 
0.5533525 
0.5821777 
0.6137195 
0.6466053 
0.6236818 
0.6370266 
0.6250995 
0.6209867 
0.5778382 
0.5753083 
0.5898708 
0.6135935 
0.6034340 
0.5781067 
0.5605645 
0.5489417 
0.5549016 
0.5408521 
0.5038315 
0.4894321 
0.5203974 
0.6095776 
0.6389914 
0.6795429 
0.7107559 
0.7333892 
0.7445737 
0.7135494 
0.6880172 
0.6645439 
0.6655793 
0.5980507 
0.5688943 
0.5739520 
0.5632673 
0.5580690 
0.5474267 
0.5359619 
0.5418006 
0.5320454 
0.5329483 
0.5074151 
0.4959207 
0.4658209 
0.4548270 
0.4496371 
0.4823194 
0.5475206 
0.5780966 
0.6347575 
0.6751367 
0.7104713 
0.7101439 
0.6901163 
0.6649897 
0.6338072 
0.6189903 
0.5852988 
0.5625685 
0.5636960 
0.5871080 
0.5975445 
0.5548457 
0.4804734 
0.4617403 
0.4377926 
0.4658306 
0.4783357 
0.4853499 
0.5031108 
0.5632427 
0.5932113 
0.6000135 
0.6281348 
0.6667414 
0.6532842 
0.6614687 
0.6522638 
0.6701052 
0.6679541 
0.6605174 
0.6593241 
0.6491970 
0.6585520 
0.6492566 
0.5906520 
0.5953328 
0.6005502 
0.5871312 
0.5668639 
0.5104832 
0.5231801 
0.5371803 
0.5313883 
0.5248257 
0.4996924 
0.5046500 
0.5410433 
0.5659294 
0.5757762 
0.5929774 
0.6260587 
0.6516076 
0.6491800 
0.6822837 
0.7193512 
0.7279376 
0.7705319 
0.7779656 
0.7876311 
0.7635568 
0.7246928 
0.6941257 
0.6273251 
0.5654095 
0.4877193 
0.4518816 
0.4531180 
0.4568987 
0.4519588 
0.4620021 
0.4794768 
0.4638622 
0.4385155 
0.4507441 
0.4596195 
0.4732813 
0.4991917 
0.5385950 
0.5673016 
0.5795550 
0.5834828 
0.5653961 
0.5779586 
0.5966135 
0.5738493 
0.5442497 
0.5699776 
0.5854239 
0.5296361 
0.4746622 
0.4485244 
0.4498653 
0.4486518 
0.4330838 
0.4301399 
0.4816766 
0.5057831 
0.5185920 
0.5189698 
0.5122561 
0.4995676 
0.4470762 
0.4221173 
0.4025755 
0.4054619 
0.4498259 
0.5354216 
0.6195640 
0.6554014 
0.6260360 
0.6146578 
0.5910498 
0.5498801 
0.5077248 
0.4939606 
0.5154395 
0.5216765 
0.5434215 
0.5558290 
0.6332109 
0.6252436 
0.6245598 
0.5810091 
0.5658104 
0.5345015 
0.5176198 
0.5035605 
0.5175005 
0.5507686 
0.5975724 
0.6083223 
0.6183735 
0.6348141 
0.6422734 
0.6101766 
0.5685027 
0.5229686 
0.5279829 
0.5587418 
0.5943594 
0.5952732 
0.5726593 
0.5915636 
0.6280459 
0.6409542 
0.6433828 
0.6294451 
0.6512279 
0.6133409 
0.5864002 
0.5459959 
0.5740029 
0.6471731 
0.7035815 
0.7020034 
0.6850599 
0.6601191 
0.7225729 
0.7512910 
0.7134924 
0.6883058 
0.6879851 
0.7002537 
0.7155417 
0.6713626 
0.5487483 
0.5163488 
0.5666595 
0.6235378 
0.6338315 
0.5832360 
0.5984434 
0.5960099 
0.5753698 
0.5262186 
0.4788946 
0.4634403 
0.4619846 
0.4674542 
0.4692605 
0.5050942 
0.5688435 
0.6314852 
0.6607133 
0.6429481 
0.5778525 
0.5649243 
0.5551727 
0.5265276 
0.4953561 
0.4495456 
0.4571245 
0.5419661 
0.5929345 
0.5952748 
0.6174002 
0.6846640 
0.7616466 
0.8109503 
0.7694382 
0.6749701 
0.5881170 
0.5288458 
0.5258730 
0.5406601 
0.5538875 
0.5846299 
0.6449380 
0.7195417 
0.7665249 
0.7275710 
0.6777277 
0.6820370 
0.6527273 
0.6192630 
0.5610413 
0.5183688 
0.5267707 
0.5282256 
0.5674295 
0.5669009 
0.5631705 
0.5904857 
0.6341127 
0.6311093 
0.5949721 
0.5506382 
0.5248701 
0.5142242 
0.4927173 
0.4836136 
0.4594397 
0.5177493 
0.5338354 
0.5025520 
0.5022854 
0.4940273 
0.5155155 
0.5780298 
0.6268363 
0.6508089 
0.6362307 
0.6085274 
0.5810166 
0.5751917 
0.5809493 
0.6066036 
0.6447457 
0.6521818 
0.6544443 
0.6437426 
0.6405067 
0.6584892 
0.7034543 
0.7371124 
0.7063167 
0.6745548 
0.6724517 
0.6422625 
0.6428951 
0.6392910 
0.6403673 
0.6308267 
0.6201428 
0.6128780 
0.5683693 
0.5155479 
0.5461969 
0.5996561 
0.6638439 
0.6909396 
0.6715546 
0.6510237 
0.6114728 
0.6187381 
0.6369933 
0.6642787 
0.6407088 
0.6301946 
0.6692604 
0.6845211 
0.6619143 
0.6592731 
0.6504625 
0.6753525 
0.6772978 
0.6775710 
0.6719177 
0.6349779 
0.5987495 
0.6060663 
0.6272022 
0.6532905 
0.6575183 
0.6165517 
0.5877790 
0.5875223 
0.5904225 
0.5871200 
0.5910971 
0.5888311 
0.5964431 
0.5445320 
0.5502686 
0.5694518 
0.5675000 
0.5671685 
0.5566917 
0.5267721 
0.5178167 
0.5077120 
0.5220249 
0.5246115 
0.5106996 
0.4965689 
0.4784404 
0.4683506 
0.5111497 
0.5211457 
0.5065969 
0.5281463 
0.5752258 
0.6128649 
0.5994486 
0.5757188 
0.5508488 
0.5433424 
0.5726892 
0.6034180 
0.6344270 
0.6479795 
0.6059529 
0.6151185 
0.6341076 
0.6405566 
0.6534201 
0.6352261 
0.6048406 
0.5651045 
0.5513640 
0.5770540 
0.6023088 
0.6257735 
0.6532004 
0.6829588 
0.6880497 
0.6768936 
0.6970529 
0.7047616 
0.6981933 
0.6868448 
0.6086797 
0.5450047 
0.5240790 
0.5140248 
0.5231144 
0.5532326 
0.5807483 
0.5824132 
0.5545930 
0.5272777 
0.4892935 
0.4868775 
0.4839337 
0.5057270 
0.5031163 
0.4832406 
0.4669621 
0.4485968 
0.4118856 
0.4040950 
0.4347069 
0.4382377 
0.4477923 
0.4750698 
0.4769520 
0.4831151 
0.5194547 
0.5437489 
0.5350376 
0.5246661 
0.5343990 
0.5523497 
0.5359074 
0.5261160 
0.5521647 
0.5677470 
0.5539576 
0.5376640 
0.5800981 
0.5845921 
0.6198525 
0.6455457 
0.6789548 
0.6706896 
0.6595135 
0.6819254 
0.7144236 
0.7227833 
0.6994511 
0.6801259 
0.6205602 
0.5641339 
0.5042331 
0.4794565 
0.4713937 
0.4768502 
0.4945217 
0.4843665 
0.4688895 
0.4775056 
0.4784439 
0.4720634 
0.4756616 
0.4994522 
0.4863585 
0.4909709 
0.5072563 
0.5281288 
0.4980276 
0.4839951 
0.4632303 
0.4683785 
0.4961304 
0.4963545 
0.5128199 
0.5160417 
0.4833553 
0.4645592 
0.4593141 
0.4486777 
0.4780724 
0.4879744 
0.5129053 
0.5585040 
0.5909467 
0.5810760 
0.5667284 
0.5442579 
0.5312222 
0.5221234 
0.5360357 
0.5337460 
0.5337821 
0.5364318 
0.5615805 
0.5764670 
0.5960530 
0.5889807 
0.5810497 
0.5619470 
0.5479693 
0.5668449 
0.5777498 
0.5497962 
0.5008806 
0.4693640 
0.4548253 
0.4504276 
0.4239947 
0.4196580 
0.4216575 
0.4136412 
0.4353637 
0.4441696 
0.4576652 
0.4665561 
0.4346188 
0.4134566 
0.4107222 
0.4318315 
0.4653572 
0.4736158 
0.4951277 
0.5300322 
0.5550595 
0.5461756 
0.5215550 
0.5397023 
0.5746007 
0.5728528 
0.5664175 
0.5444839 
0.5372865 
0.5303135 
0.5407354 
0.5646022 
0.5530066 
0.5515702 
0.5555878 
0.5602600 
0.5446931 
0.5601404 
0.5801057 
0.5883537 
0.5754101 
0.5866014 
0.5642793 
0.5690579 
0.5272224 
0.4696624 
0.4424424 
0.3883788 
0.3673201 
0.3719412 
0.3752175 
0.3618484 
0.3754733 
0.3964285 
0.4113742 
0.4262700 
0.4017159 
0.3815476 
0.4039477 
0.4120895 
0.4564133 
0.4865766 
0.5064083 
0.5082685 
0.5253450 
0.5381768 
0.5481069 
0.5260662 
0.5085914 
0.4860152 
0.4675753 
0.4822567 
0.4931184 
0.5074083 
0.4986835 
0.4586595 
0.4556334 
0.4756291 
0.4705077 
0.4649451 
0.4843929 
0.4633334 
0.4543896 
0.4665439 
0.4620439 
0.4680347 
0.4774447 
0.4485316 
0.4262046 
0.4128577 
0.4364235 
0.4821907 
0.4989862 
0.5175702 
0.4991363 
0.4928595 
0.4629213 
0.4668087 
0.4467834 
0.4007671 
0.4107258 
0.4346677 
0.4398546 
0.4224009 
0.4094872 
0.4502922 
0.4809072 
0.4944046 
0.4645621 
0.4313519 
0.4236251 
0.4666405 
0.5164068 
0.5256729 
0.5012166 
0.5120897 
0.5397457 
0.5584866 
0.5509892 
0.5507604 
0.5054725 
0.4891594 
0.4715813 
0.4274889 
0.4396513 
0.4394976 
0.4123370 
0.3852452 
0.3787998 
0.4091244 
0.4595647 
0.4687047 
0.4600471 
0.4616937 
0.4822561 
0.5047368 
0.5247184 
0.5749391 
0.5970601 
0.6084335 
0.5902062 
0.5799044 
0.5662780 
0.5467794 
0.5182604 
0.4925182 
0.4410436 
0.4315082 
0.4233817 
0.4594862 
0.4808705 
0.4731599 
0.4748662 
0.5162033 
0.5459491 
0.5580700 
0.5157379 
0.4578076 
0.4616564 
0.5042351 
0.5126560 
0.4896832 
0.4719298 
0.4295692 
0.4062549 
0.4100637 
0.4344192 
0.4237007 
0.4076329 
0.3994667 
0.3991678 
0.4165180 
0.4203301 
0.4039606 
0.3634783 
0.3577341 
0.3945978 
0.4599105 
0.4954315 
0.5261775 
0.5117682 
0.4876380 
0.4729144 
0.4793255 
0.5074186 
0.5143730 
0.5160792 
0.4924938 
0.4501887 
0.4494952 
0.4579766 
0.4629319 
0.4496349 
0.4592165 
0.4507564 
0.4747616 
0.4927624 
0.5168257 
0.5182922 
0.5402877 
0.5372155 
0.5280895 
0.5694671 
0.5534081 
0.5432801 
0.5314460 
0.5323721 
0.5292793 
0.5183030 
0.5254329 
0.5128750 
0.4867531 
0.4527827 
0.4219295 
0.4330880 
0.4809013 
0.4790620 
0.4570683 
0.4417807 
0.3885999 
0.3908612 
0.4473304 
0.5151738 
0.5411319 
0.5353250 
0.4900997 
0.4430407 
0.4338377 
0.4461215 
0.4692346 
0.4792141 
0.4759239 
0.4776015 
0.4752577 
0.4974047 
0.5019665 
0.4935429 
0.4809039 
0.4264749 
0.3749693 
0.4211362 
0.4790952 
0.4960110 
0.5195277 
0.4980205 
0.4841205 
0.4682967 
0.4602740 
0.4809689 
0.4956988 
0.5108951 
0.5080270 
0.5238952 
0.5113141 
0.4958543 
0.5279757 
0.5138660 
0.5194012 
0.5225390 
0.5230052 
0.4962447 
0.4932431 
0.5408188 
0.5574895 
0.5390924 
0.4967340 
0.4790840 
0.4406309 
0.4202376 
0.4252794 
0.4192133 
0.4339085 
0.4358947 
0.4294176 
0.4423777 
0.4529378 
0.4880273 
0.5177188 
0.5093132 
0.5019071 
0.5111273 
0.4752013 
0.4493685 
0.4586434 
0.4860311 
0.5031227 
0.4824775 
0.4646269 
0.4643084 
0.4850422 
0.5186636 
0.5227915 
0.5625390 
0.5809657 
0.5408637 
0.5133771 
0.4601632 
0.4317798 
0.4647381 
0.5002897 
0.5056400 
0.4716157 
0.4424794 
0.4358899 
0.4422569 
0.5002365 
0.5198751 
0.5259037 
0.4945613 
0.4876119 
0.4313609 
0.4286111 
0.4695882 
0.5045022 
0.5138123 
0.5234673 
0.5176363 
0.4929102 
0.4695641 
0.4754300 
0.4777319 
0.5005106 
0.4740490 
0.4223054 
0.3886878 
0.3731123 
0.3841256 
0.4147768 
0.4501733 
0.4209164 
0.3923336 
0.3761875 
0.3549998 
0.3371132 
0.3646060 
0.4316324 
0.4753155 
0.4768495 
0.4402287 
0.3957078 
0.3840850 
0.3839484 
0.4360285 
0.4446774 
0.4623809 
0.4767360 
0.4919565 
0.5106563 
0.5063265 
0.5114959 
0.5261480 
0.5417701 
0.5448844 
0.4889388 
0.4388467 
0.3889092 
0.3635175 
0.3904486 
0.4156194 
0.4401921 
0.4412235 
0.4472607 
0.4254888 
0.4006702 
0.3647903 
0.3632375 
0.4105122 
0.4206055 
0.3995468 
0.3587211 
0.3234574 
0.3266476 
0.3309511 
0.3527403 
0.3328444 
0.3225756 
0.3434609 
0.3360161 
0.3619383 
0.3823826 
0.3972278 
0.3980320 
0.3718465 
0.3741868 
0.3744525 
0.3889099 
0.4150260 
0.4241434 
0.4326354 
0.4298006 
0.4374399 
0.4470774 
0.4597262 
0.4308169 
0.4074351 
0.3729138 
0.3854435 
0.4015256 
0.4050027 
0.3919538 
0.3606558 
0.3596158 
0.3357391 
0.3575742 
0.3932161 
0.4253855 
0.4160991 
0.4447026 
0.4401553 
0.4438628 
0.4418626 
0.4284680 
0.4140576 
0.4373129 
0.4480559 
0.4796108 
0.4664605 
0.4609342 
0.4512400 
0.4316869 
0.4357351 
0.4338705 
0.4309295 
0.4432794 
0.4308423 
0.4183875 
0.4193465 
0.4286726 
0.4101251 
0.4024626 
0.4306008 
0.4517899 
0.4622955 
0.4460836 
0.4484320 
0.4502370 
0.4293980 
0.4365852 
0.4424527 
0.4350745 
0.4172522 
0.3793713 
0.3394804 
0.3241109 
0.3362137 
0.3516906 
0.3913443 
0.4301543 
0.4540276 
0.4554271 
0.4381402 
0.4206048 
0.4275358 
0.4065012 
0.4476083 
0.4622198 
0.4560826 
0.4292414 
0.4041114 
0.3756112 
0.3541508 
0.3611124 
0.3670045 
0.3661920 
0.3682194 
0.3556707 
0.3398636 
0.3313590 
0.3763430 
0.3846757 
0.3668931 
0.3706645 
0.4029861 
0.4154451 
0.4261467 
0.4252940 
0.4061874 
0.4009720 
0.4073993 
0.4317191 
0.4273913 
0.4679218 
0.4936650 
0.5103843 
0.5013723 
0.4939687 
0.4736585 
0.4727280 
0.4518891 
0.4663381 
0.4752738 
0.4654086 
0.4682085 
0.4487786 
0.4472286 
0.4464109 
0.4599819 
0.4569969 
0.4736601 
0.4953930 
0.5177439 
0.5002759 
0.4931092 
0.4864224 
0.4566106 
0.4222375 
0.4123000 
0.4132298 
0.4363965 
0.4631384 
0.4591395 
0.4710274 
0.4207899 
0.3955323 
0.3909982 
0.4028003 
0.4549563 
0.5098584 
0.5419170 
0.5465349 
0.5361714 
0.5318162 
0.5150876 
0.4955093 
0.4774941 
0.4887023 
0.5196386 
0.5242518 
0.5254170 
0.5030988 
0.4300954 
0.3754302 
0.3598443 
0.3246904 
0.3388225 
0.3403363 
0.3394249 
0.3299770 
0.3119394 
0.3368110 
0.3174491 
0.3135993 
0.3254814 
0.3726670 
0.3955856 
0.4268001 
0.4224064 
0.4404899 
0.4210380 
0.3924867 
0.3843750 
0.3520132 
0.3257878 
0.3040188 
0.2616127 
0.2762951 
0.2537417 
0.2320219 
0.2221116 
0.2009404 
0.1970282 
0.2343180 
0.2590862 
0.3142496 
0.3785750 
0.4132283 
0.4325329 
0.4145935 
0.4083970 
0.4045489 
0.4065059 
0.4191855 
0.4284316 
0.4274992 
0.4244646 
0.4021673 
0.3771951 
0.3430124 
0.3225288 
0.2850062 
0.2762464 
0.2971395 
0.3005984 
0.3325821 
0.3795053 
0.4139982 
0.4280066 
0.4540385 
0.5105608 
0.5149459 
0.4685271 
0.4381753 
0.4516026 
0.4425867 
0.4085438 
0.3885867 
0.3870222 
0.3843322 
0.3765042 
0.3605458 
0.3681149 
0.3675766 
0.3665611 
0.3698251 
0.3846761 
0.3983165 
0.4127290 
0.4258950 
0.4235966 
0.3915498 
0.3611807 
0.3227021 
0.3104444 
0.2851699 
0.2910352 
0.2817132 
0.2899816 
0.3089054 
0.3351986 
0.3379447 
0.3528554 
0.3811691 
0.4157422 
0.4445032 
0.4548002 
0.4838103 
0.4988677 
0.4886389 
0.4957143 
0.4538899 
0.4099376 
0.3889720 
0.3699302 
0.3747169 
0.3962561 
0.4072297 
0.4037430 
0.4262881 
0.4360323 
0.4499440 
0.4593148 
0.5095419 
0.5502961 
0.5884450 
0.6101265 
0.5901021 
0.5724153 
0.5347378 
0.4997569 
0.4925232 
0.4739760 
0.4492136 
0.4283471 
0.3795553 
0.2609086 
0.2292052 
0.2398485 
0.2605090 
0.2928084 
0.3138409 
0.3681706 
0.4014504 
0.4341862 
0.4257699 
0.4469433 
0.4468785 
0.4576866 
0.4398679 
0.4302329 
0.4380847 
0.4048833 
0.3784907 
0.3456521 
0.3554116 
0.3737812 
0.3829641 
0.4270148 
0.4587764 
0.4705133 
0.4875802 
0.4962147 
0.5097977 
0.4951999 
0.4659570 
0.4641369 
0.4491277 
0.4196092 
0.4056281 
0.4201458 
0.3978499 
0.3854242 
0.3771983 
0.3892872 
0.4089658 
0.3936387 
0.4155255 
0.4463035 
0.4465045 
0.4626373 
0.4560657 
0.4582456 
0.4366367 
0.4047043 
0.3597509 
0.3766409 
0.3506105 
0.2731378 
0.2708323 
0.2851677 
0.3237410 
0.3799336 
0.3848075 
0.4094897 
0.4125683 
0.4171622 
0.3908085 
0.3665734 
0.3576130 
0.3568183 
0.3518037 
0.3135082 
0.3072876 
0.2683702 
0.2616698 
0.2587324 
0.2731201 
0.3130049 
0.3416892 
0.3544715 
0.3739183 
0.3795879 
0.3781494 
0.3372122 
0.3355491 
0.3179226 
0.2899824 
0.3236987 
0.3210710 
0.3213785 
0.2965761 
0.2814185 
0.2876533 
0.2956271 
0.3095608 
0.3439547 
0.3700252 
0.3947432 
0.3869656 
0.3399080 
0.3099935 
0.2677655 
0.2537096 
0.2331359 
0.2120793 
0.2008214 
0.2099964 
0.2096919 
0.2096443 
0.2454281 
0.2861143 
0.3341014 
0.3771846 
0.4082353 
0.4135648 
0.3680549 
0.3005236 
0.2554616 
0.2449540 
0.2201969 
0.2182285 
0.2489254 
0.2712731 
0.2828250 
0.3143347 
0.3514473 
0.4046901 
0.5171965 
0.5918837 
0.6074620 
0.5904515 
0.5602043 
0.4906778 
0.4061006 
0.3574853 
0.2991190 
0.2655495 
0.2649876 
0.2856325 
0.3348817 
0.3808935 
0.4055748 
0.4431320 
0.4856092 
0.5036178 
0.5223893 
0.5233306 
0.5056317 
0.4484018 
0.4064155 
0.3571311 
0.3166537 
0.3008109 
0.2958126 
0.3142231 
0.3413074 
0.3799847 
0.4198204 
0.4477440 
0.4557257 
0.4785079 
0.5276043 
0.5211550 
0.4983648 
0.4598505 
0.4132251 
0.3602313 
0.3384559 
0.3282171 
0.3385521 
0.3639975 
0.3919412 
0.4575884 
0.4948349 
0.4933578 
0.4749759 
0.4474375 
0.4348311 
0.4039015 
0.3709428 
0.3459353 
0.3508672 
0.3356381 
0.3392841 
0.3570897 
0.4143744 
0.4488316 
0.4665900 
0.4765926 
0.4979644 
0.4923772 
0.4837298 
0.4297173 
0.4269141 
0.4293103 
0.4055739 
0.4143539 
0.4310238 
0.4720741 
0.5052131 
0.5547391 
0.5797375 
0.6009537 
0.6154156 
0.6035908 
0.5623333 
0.5213211 
0.5036435 
0.5092901 
0.5209341 
0.5027753 
0.4864047 
0.5006138 
0.5359956 
0.5431113 
0.5169441 
0.5351926 
0.5426581 
0.5343148 
0.5690239 
0.5774432 
0.5719510 
0.5406218 
0.5222774 
0.4962632 
0.4745207 
0.5316940 
0.5806437 
0.5937264 
0.5615080 
0.5584563 
0.5505613 
0.5104319 
0.5014928 
0.4793182 
0.4578875 
0.4389505 
0.4229996 
0.4139905 
0.4592981 
0.4916497 
0.5010540 
0.5305249 
0.5263110 
0.5119260 
0.4914531 
0.4564206 
0.4133560 
0.3979409 
0.3646029 
0.3835876 
0.3752644 
0.3508338 
0.3658611 
0.3610923 
0.3755231 
0.3842406 
0.3910232 
0.3757786 
0.3460860 
0.2693880 
0.2490679 
0.2351819 
0.2068276 
0.1910460 
0.1974912 
0.2236365 
0.2225239 
0.2371990 
0.2336823 
0.2440990 
0.2249860 
0.2122185 
0.1706055 
0.1097778 
0.0710680 
0.0593923 
0.0533481 
0.0775953 
0.1176371 
0.1653525 
0.2223448 
0.2665745 
0.2947574 
0.2984984 
0.2570634 
0.1545687 
0.0866533 
0.0318152 
0.0334168 
0.0350639 
0.0561570 
0.0800422 
0.1181095 
0.1855114 
0.2076873 
0.2242471 
0.2323622 
0.2110353 
0.1733758 
0.1632381 
0.1530093 
0.1394056 
0.1373403 
0.1244983 
0.1556696 
0.1731158 
0.1968991 
0.2420600 
0.2870079 
0.3229163 
0.3403494 
0.3032022 
0.2714255 
0.2183956 
0.1912781 
0.1425062 
0.1072283 
0.0574849 
0.0417098 
0.0713665 
0.1175514 
0.1602808 
0.1832094 
0.1758728 
0.1526531 
0.1288149 
0.0986655 
0.0781703 
0.0898361 
0.0862443 
0.0984858 
0.1341850 
0.1734142 
0.1843425 
0.2236959 
0.2363818 
0.2359527 
0.2026735 
0.1749877 
0.1746215 
0.1529549 
0.1468933 
0.1908223 
0.2336560 
0.2474192 
0.2637291 
0.2932131 
0.2874383 
0.2541354 
0.2175988 
0.1851298 
0.1471413 
0.1322875 
0.1121766 
0.0958441 
0.1009670 
0.0967865 
0.1082475 
0.1373155 
0.1372946 
0.1089689 
0.0957389 
0.0899794 
0.0970911 
0.1000777 
0.0848521 
0.1170899 
0.1225711 
0.1439848 
0.1635376 
0.1667374 
0.1685011 
0.1528029 
0.1429826 
0.1054683 
0.0598603 
0.0397703 
0.0362554 
0.0465321 
0.0362550 
0.0333258 
0.0277201 
0.0395571 
0.0432634 
0.0402564 
0.0180661 
0.0000000 
0.0032678 
0.0184645 
0.0288033 
0.0463065 
0.0750404 
0.0784008 
0.0978050 
0.1007312 
0.1016051 
0.0856125 
0.0851103 
0.0796621 
0.0968618 
0.1333376 
0.1847050 
0.1977703 
0.1725124 
0.1725098 
0.1722568 
0.1804746 
0.1650458 
0.1909655 
0.2209946 
0.2472274 
0.2584216 
0.3060520 
0.3649855 
0.3729032 
0.3454479 
0.3021548 
0.2792476 
0.2616844 
0.2645614 
0.2406768 
0.2426696 
0.2530950 
0.2597452 
0.3172757 
0.3459313 
0.3419196 
0.3285708 
0.2952640 
0.2501113 
0.2158794 
0.2031702 
0.1861026 
0.1729526 
0.1836976 
0.2257855 
0.2608959 
0.2912675 
0.2757219 
0.2593888 
0.2523599 
0.2356293 
0.2614468 
0.2674610 
0.3047238 
0.3387958 
0.3904516 
0.4597275 
0.5307045 
0.5654971 
0.5604706 
0.4990714 
0.4060682 
0.3267649 
0.2705350 
0.2492324 
0.2336152 
0.2667494 
0.3132369 
0.3401771 
0.3554673 
0.3426896 
0.3270962 
0.3024248 
0.2487130 
0.2193554 
0.1763698 
0.1997765 
0.2531826 
0.3313775 
0.3825625 
0.4548527 
0.4950535 
0.5227828 
0.5192412 
0.4504761 
0.3717215 
0.3060791 
0.2647522 
0.2922548 
