-0.0001318 
-0.0001667 
0.0001441 
0.0664937 
0.2051100 
-0.1906671 
0.9693696 
0.9675169 
0.9694143 
0.9810725 
0.9925112 
0.9914715 
0.9902296 
0.9945352 
0.9857385 
0.9805468 
0.9782951 
0.9670221 
0.9664200 
0.9745482 
0.9794848 
0.9817900 
0.9963244 
1.0000000 
0.9952166 
0.9910941 
0.9784406 
0.9717617 
0.9802738 
0.9799355 
0.9835291 
0.9862126 
0.9852562 
0.9789054 
0.9772799 
0.9746813 
0.9646009 
0.9661759 
0.9712111 
0.9675823 
0.9666124 
0.9628519 
0.9533031 
0.9410087 
0.9386290 
0.9445462 
0.9559712 
0.9673227 
0.9732140 
0.9734336 
0.9759394 
0.9785096 
0.9684914 
0.9698283 
0.9711561 
0.9676814 
0.9587177 
0.9611905 
0.9602784 
0.9502725 
0.9481699 
0.9554814 
0.9515970 
0.9559885 
0.9604857 
0.9567773 
0.9506361 
0.9418573 
0.9405133 
0.9381149 
0.9306483 
0.9270244 
0.9212647 
0.9152122 
0.9177027 
0.9175676 
0.9211307 
0.9323493 
0.9452855 
0.9532165 
0.9656594 
0.9724233 
0.9690253 
0.9626984 
0.9509470 
0.9345475 
0.9274328 
0.9256835 
0.9364829 
0.9426897 
0.9477071 
0.9483146 
0.9491156 
0.9453350 
0.9440452 
0.9376450 
0.9336986 
0.9400237 
0.9455931 
0.9364478 
0.9222893 
0.9171682 
0.9214516 
0.9178939 
0.9177004 
0.9278457 
0.9340825 
0.9344489 
0.9237106 
0.9213572 
0.9216314 
0.9247176 
0.9297655 
0.9282930 
0.9230339 
0.9192937 
0.9158671 
0.9080055 
0.9052335 
0.9109285 
0.9212353 
0.9276322 
0.9323830 
0.9279286 
0.9235725 
0.9128279 
0.9085253 
0.9032944 
0.9012976 
0.9040604 
0.9142250 
0.9224467 
0.9202932 
0.9127815 
0.9001227 
0.8964655 
0.8979924 
0.9012843 
0.9040464 
0.9074621 
0.9107927 
0.9126276 
0.9187469 
0.9173400 
0.9195962 
0.9161793 
0.9122067 
0.9033425 
0.8964593 
0.8959109 
0.9048953 
0.9165758 
0.9214862 
0.9231498 
0.9131351 
0.9138966 
0.9132362 
0.9065795 
0.9123437 
0.9157887 
0.9159902 
0.9115494 
0.9075655 
0.9029179 
0.9011151 
0.9032290 
0.9097171 
0.9007252 
0.8932241 
0.8969360 
0.9002183 
0.8984022 
0.8973267 
0.8872424 
0.8820990 
0.8831834 
0.8842379 
0.8815938 
0.8833425 
0.8999228 
0.9016001 
0.9048058 
0.9083344 
0.9065524 
0.9075687 
0.9012259 
0.9027013 
0.8939247 
0.8794487 
0.8756201 
0.8836170 
0.8969161 
0.8891124 
0.8878026 
0.8798427 
0.8759858 
0.8897947 
0.9071374 
0.9039110 
0.8942933 
0.8938731 
0.8842519 
0.8828596 
0.8907911 
0.8988354 
0.8980940 
0.9009531 
0.8982352 
0.8846540 
0.8826205 
0.8989357 
0.9079232 
0.9006387 
0.8835190 
0.8770396 
0.8795869 
0.8875216 
0.8994685 
0.9011042 
0.8882939 
0.8829020 
0.8784124 
0.8717616 
0.8765968 
0.8860187 
0.8905442 
0.8851787 
0.8808776 
0.8678589 
0.8612696 
0.8713890 
0.8777007 
0.8744977 
0.8770836 
0.8875592 
0.8834156 
0.8790724 
0.8691989 
0.8685724 
0.8768281 
0.8800242 
0.8803945 
0.8799399 
0.8694490 
0.8679851 
0.8735856 
0.8742383 
0.8621093 
0.8553639 
0.8567774 
0.8699892 
0.8827455 
0.9011007 
0.9040847 
0.8988268 
0.8798761 
0.8546622 
0.8374397 
0.8324883 
0.8397126 
0.8488224 
0.8626017 
0.8824683 
0.8822542 
0.8805139 
0.8788496 
0.8716281 
0.8520050 
0.8336573 
0.8322560 
0.8397998 
0.8440791 
0.8504187 
0.8710500 
0.8853402 
0.8843982 
0.8780877 
0.8707607 
0.8639968 
0.8527092 
0.8500854 
0.8472037 
0.8544162 
0.8600101 
0.8581566 
0.8579652 
0.8435528 
0.8397084 
0.8412669 
0.8551122 
0.8703897 
0.8804869 
0.8798659 
0.8736910 
0.8584873 
0.8413501 
0.8342530 
0.8457932 
0.8524985 
0.8601358 
0.8667864 
0.8723698 
0.8740560 
0.8601792 
0.8505433 
0.8455018 
0.8394121 
0.8303710 
0.8350566 
0.8474151 
0.8515822 
0.8610681 
0.8665804 
0.8553575 
0.8562784 
0.8512954 
0.8394379 
0.8379067 
0.8410381 
0.8447963 
0.8488120 
0.8486473 
0.8433357 
0.8410333 
0.8403211 
0.8404640 
0.8406705 
0.8390081 
0.8400449 
0.8389313 
0.8318917 
0.8387869 
0.8420217 
0.8443817 
0.8465223 
0.8425915 
0.8392809 
0.8312666 
0.8195221 
0.8181572 
0.8162155 
0.8205574 
0.8245936 
0.8285284 
0.8224167 
0.8206035 
0.8177464 
0.8361397 
0.8422359 
0.8368175 
0.8326546 
0.8291400 
0.8183532 
0.8106860 
0.8056476 
0.8119818 
0.8231656 
0.8297961 
0.8254639 
0.8307884 
0.8319581 
0.8335057 
0.8285617 
0.8187503 
0.8113694 
0.8118828 
0.8222229 
0.8335890 
0.8393119 
0.8396618 
0.8368825 
0.8271349 
0.8152597 
0.8094213 
0.8062815 
0.8077609 
0.8081963 
0.8058165 
0.8079449 
0.8074961 
0.8106569 
0.8140629 
0.8214016 
0.8167122 
0.8209544 
0.8310691 
0.8312535 
0.8235322 
0.8187965 
0.8182402 
0.8124840 
0.8086145 
0.8083911 
0.8129365 
0.8143676 
0.8157460 
0.8105429 
0.8044964 
0.7990581 
0.7991459 
0.8029359 
0.8006567 
0.8058370 
0.8149770 
0.8177904 
0.8169496 
0.8187487 
0.8190686 
0.8195761 
0.8194751 
0.8194410 
0.8194667 
0.8192946 
0.8154247 
0.8071216 
0.8082097 
0.8086854 
0.8154258 
0.8248248 
0.8275775 
0.8233246 
0.8158925 
0.8112191 
0.8115174 
0.8002703 
0.7923097 
0.7862020 
0.7886293 
0.7912385 
0.7924684 
0.7920648 
0.8024803 
0.8083420 
0.8151788 
0.8109958 
0.8047894 
0.7968181 
0.7938233 
0.7974304 
0.8037689 
0.8154228 
0.8241222 
0.8221445 
0.8079498 
0.8018702 
0.7917282 
0.7887171 
0.7975150 
0.8046504 
0.8029543 
0.7902723 
0.7842514 
0.7844529 
0.7864541 
0.7861067 
0.7835073 
0.7892055 
0.8000964 
0.7987000 
0.7967871 
0.7969633 
0.7942639 
0.7897995 
0.7896492 
0.7952957 
0.8033321 
0.8026147 
0.8072448 
0.8092015 
0.7968519 
0.7847417 
0.7837514 
0.7861344 
0.7797278 
0.7815258 
0.7945985 
0.7914736 
0.7913796 
0.7962164 
0.8016503 
0.8002977 
0.7976183 
0.7938215 
0.7943301 
0.7870340 
0.7865296 
0.7881235 
0.8004966 
0.7921946 
0.7808120 
0.7755787 
0.7697584 
0.7664119 
0.7757735 
0.7821697 
0.7800969 
0.7766111 
0.7619923 
0.7512217 
0.7470631 
0.7484867 
0.7579815 
0.7609813 
0.7657955 
0.7668532 
0.7530122 
0.7466647 
0.7477322 
0.7510841 
0.7447459 
0.7473418 
0.7527236 
0.7616346 
0.7574565 
0.7575998 
0.7618634 
0.7624274 
0.7620878 
0.7651698 
0.7702630 
0.7757447 
0.7777440 
0.7830610 
0.7788132 
0.7733364 
0.7689074 
0.7611027 
0.7635123 
0.7664601 
0.7671289 
0.7635457 
0.7607908 
0.7706583 
0.7847731 
0.7907483 
0.7924752 
0.7851808 
0.7763988 
0.7770385 
0.7695765 
0.7649412 
0.7678234 
0.7731383 
0.7678571 
0.7640084 
0.7669504 
0.7573003 
0.7446261 
0.7378359 
0.7350027 
0.7390799 
0.7339783 
0.7392381 
0.7476558 
0.7679717 
0.7801617 
0.7768635 
0.7662563 
0.7583675 
0.7513438 
0.7572198 
0.7579846 
0.7648197 
0.7750583 
0.7717903 
0.7695737 
0.7587041 
0.7457495 
0.7351118 
0.7238092 
0.7216851 
0.7220724 
0.7305283 
0.7476286 
0.7596446 
0.7562787 
0.7550465 
0.7577405 
0.7537190 
0.7579699 
0.7590889 
0.7609896 
0.7604823 
0.7722294 
0.7814921 
0.7779734 
0.7652538 
0.7475058 
0.7296736 
0.7152239 
0.7103010 
0.6986781 
0.7063101 
0.7249773 
0.7390500 
0.7491535 
0.7553244 
0.7420741 
0.7345613 
0.7393471 
0.7386231 
0.7372917 
0.7390212 
0.7424925 
0.7608855 
0.7697776 
0.7679335 
0.7553825 
0.7357861 
0.7259289 
0.7192166 
0.7225459 
0.7163969 
0.7198617 
0.7267717 
0.7470214 
0.7621362 
0.7626101 
0.7652169 
0.7600327 
0.7587683 
0.7545919 
0.7445662 
0.7346566 
0.7276497 
0.7295224 
0.7395224 
0.7402120 
0.7376179 
0.7333864 
0.7343316 
0.7375523 
0.7441885 
0.7424118 
0.7326025 
0.7303423 
0.7386306 
0.7410186 
0.7450213 
0.7467664 
0.7411087 
0.7443864 
0.7517521 
0.7511224 
0.7432964 
0.7387210 
0.7330107 
0.7266934 
0.7259581 
0.7201479 
0.7120660 
0.7156044 
0.7171535 
0.7172577 
0.7184755 
0.7140599 
0.7164345 
0.7150957 
0.7196655 
0.7272269 
0.7305678 
0.7210296 
0.7113123 
0.7126570 
0.7203812 
0.7120523 
0.7133885 
0.7145949 
0.7224754 
0.7214177 
0.7287510 
0.7264735 
0.7298609 
0.7293647 
0.7304585 
0.7307308 
0.7225768 
0.7208028 
0.7226514 
0.7226730 
0.7271730 
0.7247210 
0.7234314 
0.7179589 
0.7150196 
0.7203877 
0.7226212 
0.7284322 
0.7309004 
0.7297986 
0.7248024 
0.7223733 
0.7299400 
0.7297793 
0.7300809 
0.7331604 
0.7307885 
0.7188762 
0.7202475 
0.7152297 
0.7147842 
0.7080361 
0.7031276 
0.7062427 
0.7090962 
0.7153561 
0.7154145 
0.7134857 
0.7068223 
0.7069410 
0.7074988 
0.7024420 
0.7061743 
0.7030807 
0.7071466 
0.7078789 
0.7053092 
0.7100637 
0.7119129 
0.7306050 
0.7177125 
0.7145785 
0.7066154 
0.7084234 
0.7108182 
0.7076117 
0.7003505 
0.6981480 
0.6912989 
0.6955607 
0.7005571 
0.7041346 
0.7046022 
0.7054120 
0.7038796 
0.6984365 
0.6980442 
0.6959854 
0.6899182 
0.6848119 
0.6812787 
0.6783969 
0.6801277 
0.6745350 
0.6728421 
0.6651268 
0.6721709 
0.6788168 
0.6869668 
0.6900901 
0.6949427 
0.6888639 
0.6776671 
0.6749628 
0.6743462 
0.6765944 
0.6844234 
0.6881397 
0.6907346 
0.6934370 
0.6920496 
0.6898508 
0.6889131 
0.6938510 
0.6919177 
0.6893725 
0.6833066 
0.6844833 
0.6912639 
0.6931367 
0.6902269 
0.6950615 
0.7019636 
0.6956841 
0.6959146 
0.6973150 
0.6966466 
0.6908274 
0.6918269 
0.6880561 
0.6856278 
0.6710268 
0.6691932 
0.6621590 
0.6580446 
0.6572179 
0.6598688 
0.6646985 
0.6700765 
0.6768245 
0.6751710 
0.6751595 
0.6727364 
0.6671282 
0.6670756 
0.6734344 
0.6766987 
0.6787634 
0.6764248 
0.6790242 
0.6879828 
0.6803451 
0.6741430 
0.6742154 
0.6802085 
0.6773262 
0.6787566 
0.6686060 
0.6560251 
0.6599304 
0.6698230 
0.6733355 
0.6779710 
0.6797264 
0.6774409 
0.6706845 
0.6678381 
0.6688308 
0.6678768 
0.6680439 
0.6698646 
0.6727863 
0.6734133 
0.6742964 
0.6730749 
0.6658826 
0.6605480 
0.6599962 
0.6622312 
0.6665691 
0.6590632 
0.6647661 
0.6644911 
0.6649288 
0.6658577 
0.6642549 
0.6628862 
0.6602468 
0.6581215 
0.6539438 
0.6473531 
0.6425452 
0.6426159 
0.6463586 
0.6505888 
0.6604945 
0.6655553 
0.6703689 
0.6711442 
0.6698282 
0.6734415 
0.6722144 
0.6618703 
0.6506645 
0.6494159 
0.6551157 
0.6618619 
0.6622241 
0.6623138 
0.6580645 
0.6631231 
0.6645777 
0.6480848 
0.6467158 
0.6513742 
0.6594293 
0.6619225 
0.6573985 
0.6508078 
0.6543988 
0.6614738 
0.6659539 
0.6586998 
0.6503014 
0.6556254 
0.6565683 
0.6553254 
0.6502656 
0.6461164 
0.6555306 
0.6652134 
0.6680352 
0.6567069 
0.6466042 
0.6451506 
0.6463720 
0.6454062 
0.6391687 
0.6449760 
0.6435873 
0.6488699 
0.6479785 
0.6472425 
0.6494046 
0.6483961 
0.6451527 
0.6416338 
0.6387820 
0.6370052 
0.6302278 
0.6285771 
0.6309356 
0.6341607 
0.6349688 
0.6320761 
0.6368444 
0.6439101 
0.6500231 
0.6495365 
0.6458356 
0.6464802 
0.6515746 
0.6582727 
0.6613131 
0.6549460 
0.6449066 
0.6441036 
0.6368375 
0.6286734 
0.6148511 
0.6041718 
0.6001570 
0.6012655 
0.6001324 
0.6046428 
0.6129661 
0.6244538 
0.6283537 
0.6261681 
0.6179994 
0.6192495 
0.6214888 
0.6211288 
0.6365274 
0.6335987 
0.6353031 
0.6424271 
0.6534874 
0.6551837 
0.6546659 
0.6457412 
0.6379101 
0.6329998 
0.6333671 
0.6344005 
0.6299537 
0.6239970 
0.6192021 
0.6205700 
0.6233601 
0.6156174 
0.6133394 
0.6106521 
0.6097256 
0.6141324 
0.6183263 
0.6309398 
0.6406268 
0.6438542 
0.6489749 
0.6462438 
0.6439396 
0.6402695 
0.6370940 
0.6337054 
0.6302499 
0.6228151 
0.6118715 
0.6105423 
0.6100736 
0.6086043 
0.6126738 
0.6144709 
0.6195701 
0.6231968 
0.6219451 
0.6142609 
0.6052953 
0.6067219 
0.6196810 
0.6283593 
0.6412782 
0.6478624 
0.6470406 
0.6404861 
0.6366293 
0.6305143 
0.6345346 
0.6351049 
0.6343600 
0.6233195 
0.6174348 
0.6050664 
0.5939276 
0.5924292 
0.6007887 
0.6162655 
0.6210682 
0.6251036 
0.6334245 
0.6440051 
0.6414188 
0.6275039 
0.6226466 
0.6133596 
0.6036915 
0.5975076 
0.5913409 
0.5903177 
0.5993707 
0.6026945 
0.6055801 
0.6101872 
0.6114875 
0.6141767 
0.6137063 
0.6148326 
0.6148282 
0.6057409 
0.5988882 
0.5861047 
0.5798375 
0.5779997 
0.5834015 
0.5966528 
0.6011123 
0.6004375 
0.6002769 
0.5942829 
0.5925367 
0.5937332 
0.5932836 
0.5974662 
0.5992486 
0.6108143 
0.6130676 
0.6052145 
0.5983070 
0.5973083 
0.5942916 
0.5944009 
0.5909676 
0.5925124 
0.5983380 
0.5991459 
0.5969730 
0.5943377 
0.5825302 
0.5826599 
0.5931025 
0.5976149 
0.6045985 
0.6026404 
0.5932816 
0.5960612 
0.5952142 
0.5905663 
0.5874651 
0.5886113 
0.5926007 
0.6023908 
0.6037584 
0.5882897 
0.5790869 
0.5845344 
0.5944159 
0.5956719 
0.5890964 
0.5924719 
0.6012304 
0.6108915 
0.6007747 
0.5862919 
0.5802287 
0.5896035 
0.5962258 
0.5941669 
0.5823219 
0.5756583 
0.5710841 
0.5720042 
0.5753901 
0.5728868 
0.5797295 
0.5834842 
0.5833492 
0.5797247 
0.5708420 
0.5665408 
0.5717988 
0.5746027 
0.5750859 
0.5788370 
0.5775031 
0.5827078 
0.5864129 
0.5851470 
0.5891879 
0.5904133 
0.5869185 
0.5860341 
0.5803488 
0.5802913 
0.5750736 
0.5734786 
0.5782689 
0.5820435 
0.5754860 
0.5660072 
0.5572380 
0.5582888 
0.5552968 
0.5588450 
0.5665213 
0.5690867 
0.5718915 
0.5702941 
0.5733355 
0.5714698 
0.5635403 
0.5581279 
0.5625725 
0.5667038 
0.5689050 
0.5668779 
0.5708982 
0.5726492 
0.5671212 
0.5623933 
0.5716607 
0.5753537 
0.5741858 
0.5758051 
0.5778822 
0.5748618 
0.5704745 
0.5671755 
0.5658089 
0.5569767 
0.5600204 
0.5688818 
0.5700367 
0.5697230 
0.5660961 
0.5579003 
0.5538604 
0.5567942 
0.5599212 
0.5624423 
0.5655803 
0.5765335 
0.5740089 
0.5726376 
0.5640374 
0.5533353 
0.5462782 
0.5473814 
0.5540827 
0.5627996 
0.5646646 
0.5659749 
0.5704135 
0.5667495 
0.5600283 
0.5571718 
0.5587014 
0.5574147 
0.5559550 
0.5533074 
0.5540620 
0.5560031 
0.5560970 
0.5579584 
0.5482869 
0.5489156 
0.5499006 
0.5474786 
0.5505722 
0.5544732 
0.5648456 
0.5714096 
0.5701808 
0.5654268 
0.5556515 
0.5507530 
0.5486157 
0.5523307 
0.5573415 
0.5568403 
0.5550634 
0.5527134 
0.5491022 
0.5462571 
0.5402694 
0.5353848 
0.5348590 
0.5393779 
0.5476468 
0.5720630 
0.5790881 
0.5740198 
0.5723360 
0.5742517 
0.5673565 
0.5626299 
0.5496888 
0.5420985 
0.5450999 
0.5490880 
0.5498453 
0.5539018 
0.5583425 
0.5671976 
0.5697340 
0.5687166 
0.5640228 
0.5561055 
0.5484468 
0.5467891 
0.5386720 
0.5313037 
0.5342491 
0.5470425 
0.5579218 
0.5645768 
0.5613390 
0.5524737 
0.5386598 
0.5373093 
0.5318440 
0.5254528 
0.5231994 
0.5340143 
0.5420827 
0.5549187 
0.5570593 
0.5569699 
0.5456898 
0.5340491 
0.5246255 
0.5219933 
0.5204000 
0.5228282 
0.5310689 
0.5397610 
0.5431758 
0.5507348 
0.5523537 
0.5461981 
0.5306529 
0.5271099 
0.5206982 
0.5210239 
0.5240151 
0.5323126 
0.5306754 
0.5305854 
0.5414448 
0.5502600 
0.5466096 
0.5442557 
0.5348851 
0.5205359 
0.5110153 
0.5108217 
0.5079999 
0.5118634 
0.5249570 
0.5368069 
0.5450308 
0.5447975 
0.5411019 
0.5355065 
0.5245965 
0.5153712 
0.5136412 
0.5149556 
0.5186575 
0.5206930 
0.5181788 
0.5266288 
0.5339401 
0.5447900 
0.5422577 
0.5379830 
0.5289855 
0.5178782 
0.5040280 
0.5024070 
0.5000785 
0.5032314 
0.5158048 
0.5277520 
0.5338392 
0.5344636 
0.5351906 
0.5321331 
0.5267168 
0.5174253 
0.5180339 
0.5238461 
0.5241024 
0.5309057 
0.5406244 
0.5417051 
0.5393440 
0.5358389 
0.5316891 
0.5279913 
0.5156095 
0.5076813 
0.5047703 
0.5064449 
0.5160747 
0.5296818 
0.5339941 
0.5396215 
0.5360257 
0.5391517 
0.5336385 
0.5276694 
0.5245795 
0.5166291 
0.5043175 
0.4924095 
0.4935506 
0.4990864 
0.5098389 
0.5200542 
0.5351826 
0.5409270 
0.5421392 
0.5347632 
0.5248810 
0.5203346 
0.5063533 
0.4975932 
0.4919875 
0.4855176 
0.4904619 
0.4980346 
0.5018916 
0.4978392 
0.5039429 
0.5073373 
0.5161713 
0.5260280 
0.5242449 
0.5168628 
0.5156292 
0.4959227 
0.4871620 
0.4851943 
0.4857060 
0.4804305 
0.4832156 
0.4853609 
0.4869537 
0.4943602 
0.5045055 
0.5191649 
0.5266779 
0.5242334 
0.5243818 
0.5232752 
0.5194376 
0.5078908 
0.4962005 
0.4884899 
0.4837674 
0.4739054 
0.4726794 
0.4770196 
0.4859446 
0.4925920 
0.4944326 
0.5049123 
0.5133093 
0.5236516 
0.5248822 
0.5270968 
0.5152440 
0.4989940 
0.4969535 
0.4937042 
0.4942764 
0.4921314 
0.4928181 
0.4854714 
0.4860032 
0.4944476 
0.4918821 
0.4856006 
0.4861386 
0.4881785 
0.4884823 
0.4862964 
0.4855571 
0.4871745 
0.4838978 
0.4823413 
0.4831896 
0.4857867 
0.4872285 
0.4892061 
0.5007094 
0.5057661 
0.5182464 
0.5184668 
0.5165321 
0.5098373 
0.5053638 
0.5022326 
0.4987211 
0.5001592 
0.5003340 
0.4973020 
0.4878236 
0.4769749 
0.4664633 
0.4652020 
0.4658036 
0.4650794 
0.4683626 
0.4710142 
0.4803677 
0.4780964 
0.4819132 
0.4855658 
0.4904502 
0.4926656 
0.4932418 
0.4915694 
0.4868798 
0.4810919 
0.4749165 
0.4757954 
0.4779382 
0.4828788 
0.4888307 
0.4908162 
0.4837122 
0.4722023 
0.4681089 
0.4669893 
0.4639294 
0.4613216 
0.4563377 
0.4486105 
0.4430368 
0.4399320 
0.4414327 
0.4482045 
0.4521022 
0.4566518 
0.4660291 
0.4673836 
0.4687834 
0.4747804 
0.4745617 
0.4719159 
0.4683454 
0.4581805 
0.4486862 
0.4460672 
0.4451988 
0.4416115 
0.4466414 
0.4440554 
0.4432145 
0.4519154 
0.4558117 
0.4572447 
0.4601695 
0.4598788 
0.4567152 
0.4544504 
0.4487876 
0.4429208 
0.4314973 
0.4308075 
0.4324893 
0.4391935 
0.4445454 
0.4510734 
0.4560147 
0.4507647 
0.4500664 
0.4515245 
0.4486914 
0.4516245 
0.4599653 
0.4566444 
0.4544732 
0.4577403 
0.4607192 
0.4553982 
0.4485716 
0.4498590 
0.4514580 
0.4464012 
0.4539580 
0.4509300 
0.4519178 
0.4523317 
0.4495764 
0.4567685 
0.4550065 
0.4515353 
0.4531533 
0.4505351 
0.4566401 
0.4553338 
0.4572555 
0.4536916 
0.4527980 
0.4494697 
0.4526390 
0.4574164 
0.4531775 
0.4495241 
0.4525102 
0.4500044 
0.4457339 
0.4426607 
0.4390533 
0.4325271 
0.4335721 
0.4358087 
0.4417347 
0.4503427 
0.4516067 
0.4567338 
0.4556945 
0.4593434 
0.4575867 
0.4589898 
0.4572656 
0.4546394 
0.4567670 
0.4547418 
0.4634203 
0.4667991 
0.4667707 
0.4628538 
0.4591798 
0.4545353 
0.4488957 
0.4398244 
0.4256761 
0.4189832 
0.4013615 
0.3953753 
0.3930565 
0.3971045 
0.4021138 
0.4039588 
0.4021013 
0.3961660 
0.3955987 
0.3954303 
0.4020303 
0.4089412 
0.4152619 
0.4206771 
0.4230959 
0.4301167 
0.4422633 
0.4446835 
0.4464195 
0.4456127 
0.4457057 
0.4484251 
0.4530104 
0.4526522 
0.4495978 
0.4372527 
0.4298007 
0.4253030 
0.4260663 
0.4271944 
0.4311786 
0.4297638 
0.4194662 
0.4139225 
0.4203133 
0.4179405 
0.4082373 
0.4021070 
0.4023926 
0.4025187 
0.3989124 
0.3932795 
0.3946346 
0.3989850 
0.3975101 
0.4032805 
0.4064977 
0.4097807 
0.4133739 
0.4198293 
0.4284278 
0.4291527 
0.4309656 
0.4288752 
0.4186210 
0.4144529 
0.4093531 
0.4051309 
0.4082494 
0.4106121 
0.4113364 
0.4172589 
0.4121937 
0.4106696 
0.4034878 
0.4064416 
0.4016229 
0.3945831 
0.3913292 
0.3940879 
0.3964034 
0.3997656 
0.4049776 
0.4090638 
0.4124233 
0.4148545 
0.4136614 
0.4108047 
0.4188761 
0.4230899 
0.4220010 
0.4240636 
0.4224983 
0.4203868 
0.4139716 
0.4096664 
0.4084745 
0.4067448 
0.4034330 
0.3903572 
0.3841646 
0.3789946 
0.3801499 
0.3812468 
0.3840259 
0.3817012 
0.3911897 
0.3960311 
0.3967822 
0.3927911 
0.3872210 
0.3879172 
0.3847908 
0.3775002 
0.3660937 
0.3708929 
0.3821430 
0.3891428 
0.3838002 
0.3848083 
0.3863934 
0.3888086 
0.3870461 
0.3808988 
0.3817234 
0.3801078 
0.3771775 
0.3770513 
0.3850522 
0.3889759 
0.3936004 
0.4020853 
0.4098492 
0.4154491 
0.4187228 
0.4185874 
0.4167528 
0.4082851 
0.4028497 
0.4017835 
0.4052558 
0.4083613 
0.4057241 
0.4027665 
0.4029698 
0.4076135 
0.4063618 
0.4046880 
0.4016830 
0.4001895 
0.3951083 
0.3914775 
0.3886783 
0.3869753 
0.3775587 
0.3780080 
0.3788756 
0.3811433 
0.3774191 
0.3812704 
0.3861547 
0.3886593 
0.3893513 
0.3958454 
0.4004677 
0.4015066 
0.3989558 
0.3992034 
0.3988850 
0.3998905 
0.4038260 
0.4021961 
0.4026637 
0.3964350 
0.3937571 
0.3988118 
0.4046980 
0.4091900 
0.4072656 
0.4085028 
0.4136794 
0.4093114 
0.4126803 
0.4153338 
0.4144170 
0.4086128 
0.3974080 
0.3953197 
0.4034688 
0.4102879 
0.4126561 
0.4066303 
0.3977838 
0.3942715 
0.3741661 
0.3535778 
0.3573582 
0.3604529 
0.3560553 
0.3524019 
0.3481244 
0.3468452 
0.3460756 
0.3499996 
0.3514013 
0.3496500 
0.3539156 
0.3616968 
0.3658364 
0.3608126 
0.3644103 
0.3715402 
0.3749475 
0.3728438 
0.3719755 
0.3744204 
0.3821345 
0.3890201 
0.3906981 
0.3888200 
0.3783721 
0.3734614 
0.3792811 
0.3777259 
0.3799559 
0.3795272 
0.3819462 
0.3767734 
0.3675514 
0.3605548 
0.3574454 
0.3565246 
0.3628828 
0.3617552 
0.3650290 
0.3675823 
0.3674524 
0.3654684 
0.3617377 
0.3636583 
0.3669887 
0.3675132 
0.3694685 
0.3674984 
0.3654620 
0.3669666 
0.3690059 
0.3685916 
0.3627672 
0.3662873 
0.3691754 
0.3620231 
0.3603503 
0.3588019 
0.3550052 
0.3485766 
0.3491354 
0.3529948 
0.3542625 
0.3557916 
0.3576932 
0.3606810 
0.3642322 
0.3630334 
0.3547997 
0.3603876 
0.3654142 
0.3623460 
0.3562340 
0.3552079 
0.3505440 
0.3479186 
0.3494746 
0.3506780 
0.3491978 
0.3506991 
0.3540866 
0.3544174 
0.3544895 
0.3542463 
0.3516093 
0.3495088 
0.3498762 
0.3471967 
0.3459877 
0.3437006 
0.3372497 
0.3322972 
0.3302101 
0.3308298 
0.3315501 
0.3347563 
0.3339728 
0.3352720 
0.3380079 
0.3388658 
0.3422666 
0.3433505 
0.3402997 
0.3371619 
0.3306320 
0.3279946 
0.3301046 
0.3319879 
0.3315569 
0.3272236 
0.3248167 
0.3240670 
0.3196902 
0.3167648 
0.3188195 
0.3204568 
0.3332568 
0.3395693 
0.3487906 
0.3506744 
0.3460616 
0.3402139 
0.3346036 
0.3327277 
0.3337760 
0.3347187 
0.3316480 
0.3323247 
0.3349476 
0.3315215 
0.3272105 
0.3312753 
0.3372813 
0.3396482 
0.3388435 
0.3439232 
0.3471628 
0.3531047 
0.3511375 
0.3520603 
0.3438908 
0.3429989 
0.3395258 
0.3372911 
0.3376206 
0.3425628 
0.3428192 
0.3439246 
0.3442225 
0.3366249 
0.3306731 
0.3279710 
0.3284561 
0.3381810 
0.3471923 
0.3453712 
0.3395923 
0.3308072 
0.3209998 
0.3204035 
0.3202009 
0.3214731 
0.3240354 
0.3257503 
0.3235108 
0.3156507 
0.3128931 
0.3192890 
0.3219674 
0.3246948 
0.3282845 
0.3225490 
0.3184657 
0.3092791 
0.3123117 
0.3168163 
0.3194999 
0.3152712 
0.3060874 
0.3097454 
0.3151398 
0.3164580 
0.3157871 
0.3112947 
0.3114869 
0.3043966 
0.3100138 
0.3112617 
0.3109518 
0.3126040 
0.3149169 
0.3205003 
0.3244278 
0.3188269 
0.3214601 
0.3177739 
0.3176217 
0.3198267 
0.3180867 
0.3226291 
0.3239076 
0.3246661 
0.3165328 
0.3087917 
0.3090829 
0.3139410 
0.3110544 
0.3070948 
0.3099805 
0.3124039 
0.3154392 
0.3218909 
0.3255549 
0.3261811 
0.3250332 
0.3272203 
0.3254516 
0.3201042 
0.3188177 
0.3202363 
0.3238572 
0.3209721 
0.3171948 
0.3224003 
0.3208568 
0.3235461 
0.3277155 
0.3330154 
0.3320515 
0.3326050 
0.3338919 
0.3332831 
0.3289799 
0.3181411 
0.3108847 
0.3035415 
0.3112068 
0.3127226 
0.3164570 
0.3171242 
0.3171781 
0.3142004 
0.3067257 
0.3037523 
0.2991157 
0.2952843 
0.2940387 
0.2935619 
0.2972267 
0.3031277 
0.3090302 
0.3046861 
0.3051431 
0.2971553 
0.2918742 
0.2855336 
0.2866390 
0.2908124 
0.2924011 
0.2962971 
0.2958135 
0.2943471 
0.2844356 
0.2810572 
0.2834407 
0.2947757 
0.2999610 
0.3017365 
0.2957593 
0.3002853 
0.2978721 
0.3009918 
0.3052936 
0.2964104 
0.2849063 
0.2724484 
0.2689998 
0.2742428 
0.2760326 
0.2830234 
0.2877770 
0.2911773 
0.2960814 
0.2955201 
0.2927623 
0.2843708 
0.2757027 
0.2676481 
0.2683121 
0.2718966 
0.2805713 
0.2947565 
0.3009946 
0.3012616 
0.2947254 
0.2828649 
0.2678036 
0.2656173 
0.2662881 
0.2762405 
0.2822430 
0.2901601 
0.2880149 
0.2778363 
0.2684389 
0.2620469 
0.2501608 
0.2428176 
0.2461686 
0.2528238 
0.2632783 
0.2771495 
0.2766181 
0.2712402 
0.2625395 
0.2521199 
0.2461901 
0.2433687 
0.2506470 
0.2643795 
0.2786013 
0.2853364 
0.2820875 
0.2747700 
0.2701249 
0.2627481 
0.2598314 
0.2637767 
0.2666693 
0.2688608 
0.2697788 
0.2669360 
0.2661135 
0.2559547 
0.2483010 
0.2515203 
0.2536853 
0.2626895 
0.2718966 
0.2738442 
0.2648143 
0.2564635 
0.2454830 
0.2403551 
0.2475773 
0.2591388 
0.2752769 
0.2894014 
0.2981024 
0.2931078 
0.2770455 
0.2575048 
0.2407426 
0.2309447 
0.2284911 
0.2393198 
0.2498121 
0.2693450 
0.2795924 
0.2811577 
0.2658886 
0.2498642 
0.2309273 
0.2232072 
0.2226142 
0.2380258 
0.2582473 
0.2787034 
0.2882031 
0.2829527 
0.2704655 
0.2536595 
0.2465040 
0.2415447 
0.2359918 
0.2337510 
0.2427861 
0.2561261 
0.2684298 
0.2720716 
0.2646777 
0.2541066 
0.2467542 
0.2416198 
0.2458439 
0.2579701 
0.2664624 
0.2707168 
0.2669254 
0.2615946 
0.2511991 
0.2434781 
0.2381788 
0.2466757 
0.2515699 
0.2589116 
0.2615662 
0.2621800 
0.2581579 
0.2526169 
0.2536095 
0.2481162 
0.2372918 
0.2257910 
0.2235331 
0.2294314 
0.2315664 
0.2415171 
0.2454043 
0.2432378 
0.2416393 
0.2367252 
0.2304314 
0.2363369 
0.2454066 
0.2466589 
0.2486602 
0.2420135 
0.2337340 
0.2216174 
0.2195975 
0.2254293 
0.2309358 
0.2341847 
0.2351023 
0.2332688 
0.2338497 
0.2389464 
0.2437187 
0.2435242 
0.2406694 
0.2334264 
0.2410818 
0.2443455 
0.2502756 
0.2502029 
0.2470812 
0.2361293 
0.2308946 
0.2320562 
0.2444766 
0.2549029 
0.2574635 
0.2533226 
0.2506796 
0.2493273 
0.2504893 
0.2522557 
0.2492362 
0.2364179 
0.2242652 
0.2239579 
0.2349260 
0.2476002 
0.2595800 
0.2610710 
0.2512419 
0.2373882 
0.2331344 
0.2384234 
0.2440137 
0.2431748 
0.2378464 
0.2337412 
0.2241067 
0.2207441 
0.2303358 
0.2348895 
0.2400412 
0.2366667 
0.2255886 
0.2200857 
0.2168159 
0.2239857 
0.2254819 
0.2156069 
0.2099881 
0.2010537 
0.1983802 
0.2011690 
0.2128462 
0.2197229 
0.2165422 
0.2062829 
0.2051382 
0.2097038 
0.2080393 
0.2143206 
0.2226793 
0.2201941 
0.2134447 
0.2175553 
0.2148854 
0.2199687 
0.2266061 
0.2238560 
0.2162402 
0.2089490 
0.2092935 
0.2166833 
0.2237559 
0.2334481 
0.2350646 
0.2348058 
0.2278572 
0.2212057 
0.2185322 
0.2195550 
0.2166213 
0.2169201 
0.2238215 
0.2206312 
0.2183483 
0.2208891 
0.2191240 
0.2190274 
0.2126378 
0.2057425 
0.2012217 
0.2064756 
0.2056913 
0.2031367 
0.1989736 
0.2053992 
0.2115116 
0.2120453 
0.2167612 
0.2158185 
0.2153685 
0.2214466 
0.2297360 
0.2353568 
0.2339969 
0.2265747 
0.2061519 
0.1942732 
0.1934508 
0.2020041 
0.2047853 
0.2010548 
0.1973075 
0.1979114 
0.1995886 
0.2106635 
0.2152430 
0.2157574 
0.2168127 
0.2141931 
0.2051053 
0.1933066 
0.1777229 
0.1766241 
0.1834127 
0.1885055 
0.1957353 
0.1987512 
0.1975595 
0.2018250 
0.2092621 
0.2119870 
0.2130210 
0.2119606 
0.2149979 
0.2132232 
0.2028271 
0.1943241 
0.1917849 
0.1927020 
0.1923472 
0.1955731 
0.1929370 
0.1918794 
0.1869312 
0.1905360 
0.2044021 
0.2104931 
0.2188751 
0.2213264 
0.2188952 
0.2168253 
0.2087669 
0.2001949 
0.1920368 
0.1851825 
0.1854987 
0.1910416 
0.1830530 
0.1762140 
0.1720900 
0.1767220 
0.1825962 
0.1929299 
0.1967455 
0.1957788 
0.1967742 
0.1982815 
0.1997794 
0.2005006 
0.2051971 
0.2052143 
0.2041825 
0.1977583 
0.1902792 
0.1878036 
0.1875157 
0.1849334 
0.1853176 
0.1862545 
0.1880526 
0.1922803 
0.1914940 
0.1788364 
0.1693749 
0.1691907 
0.1739102 
0.1795492 
0.1784580 
0.1818384 
0.1873248 
0.1903853 
0.1909058 
0.1918388 
0.1869465 
0.1864958 
0.1876391 
0.1824120 
0.1825067 
0.1775708 
0.1747895 
0.1746438 
0.1712195 
0.1795241 
0.1872496 
0.1994256 
0.2083042 
0.2097668 
0.2058671 
0.1978051 
0.1880329 
0.1849300 
0.1758733 
0.1733989 
0.1691792 
0.1684052 
0.1631327 
0.1611516 
0.1623418 
0.1607959 
0.1625555 
0.1683696 
0.1660935 
0.1593570 
0.1540677 
0.1554913 
0.1592597 
0.1617180 
0.1649293 
0.1669452 
0.1620343 
0.1631847 
0.1641128 
0.1618609 
0.1563690 
0.1530773 
0.1496608 
0.1458997 
0.1439802 
0.1433315 
0.1408220 
0.1417847 
0.1421059 
0.1478788 
0.1549746 
0.1531460 
0.1493661 
0.1515493 
0.1537511 
0.1588654 
0.1619886 
0.1654781 
0.1646511 
0.1656691 
0.1682890 
0.1670318 
0.1631763 
0.1617305 
0.1598579 
0.1599767 
0.1567976 
0.1528307 
0.1446106 
0.1381385 
0.1385186 
0.1391963 
0.1442590 
0.1460607 
0.1537760 
0.1601869 
0.1582515 
0.1610141 
0.1585838 
0.1543519 
0.1532052 
0.1487562 
0.1488356 
0.1419998 
0.1379043 
0.1394128 
0.1352669 
0.1403736 
0.1348343 
0.1322242 
0.1399867 
0.1438845 
0.1495464 
0.1488711 
0.1510848 
0.1506048 
0.1452586 
0.1461246 
0.1446984 
0.1496213 
0.1499946 
0.1528145 
0.1574675 
0.1530609 
0.1529976 
0.1532262 
0.1559766 
0.1552799 
0.1459526 
0.1424185 
0.1435265 
0.1438289 
0.1436887 
0.1452898 
0.1448144 
0.1399418 
0.1387551 
0.1383178 
0.1390756 
0.1401072 
0.1341370 
0.1382110 
0.1390426 
0.1446534 
0.1475156 
0.1503749 
0.1446916 
0.1429380 
0.1443803 
0.1435219 
0.1373989 
0.1370286 
0.1333809 
0.1290259 
0.1236080 
0.1279300 
0.1276251 
0.1287384 
0.1267262 
0.1301108 
0.1290045 
0.1303569 
0.1331925 
0.1347706 
0.1356518 
0.1373388 
0.1393576 
0.1302246 
0.1293686 
0.1291801 
0.1295102 
0.1280628 
0.1255268 
0.1238503 
0.1236407 
0.1151221 
0.1129376 
0.1189126 
0.1181502 
0.1182861 
0.1215817 
0.1284795 
0.1349596 
0.1390402 
0.1390662 
0.1383113 
0.1378202 
0.1398001 
0.1375323 
0.1329660 
0.1317726 
0.1282397 
0.1266941 
0.1244090 
0.1205624 
0.1205970 
0.1190509 
0.1167794 
0.1158714 
0.1137392 
0.1175884 
0.1171003 
0.1210069 
0.1378165 
0.1430885 
0.1430105 
0.1415697 
0.1359535 
0.1264451 
0.1286102 
0.1258136 
0.1231594 
0.1233658 
0.1237584 
0.1203030 
0.1253420 
0.1272416 
0.1180935 
0.1208357 
0.1192877 
0.1145084 
0.1146031 
0.1164098 
0.1203505 
0.1191167 
0.1139048 
0.1183259 
0.1227221 
0.1204648 
0.1203800 
0.1167781 
0.1128757 
0.1057694 
0.0990868 
0.1053550 
0.1054826 
0.1051510 
0.1098421 
0.1048537 
0.1064900 
0.1092566 
0.1102447 
0.1138738 
0.1128763 
0.1150866 
0.1185450 
0.1176892 
0.1232709 
0.1224547 
0.1215894 
0.1169785 
0.1166303 
0.1143675 
0.1081572 
0.1069866 
0.1046192 
0.1051613 
0.1062186 
0.1025600 
0.1017837 
0.1011916 
0.0969412 
0.0929555 
0.0877028 
0.0964522 
0.1012829 
0.1024347 
0.1078365 
0.1137350 
0.1181222 
0.1157434 
0.1077901 
0.0974102 
0.0838053 
0.0786060 
0.0731991 
0.0687590 
0.0653966 
0.0615752 
0.0600956 
0.0608125 
0.0601515 
0.0658554 
0.0676642 
0.0707164 
0.0724311 
0.0728581 
0.0778820 
0.0760575 
0.0796804 
0.0816239 
0.0793115 
0.0815495 
0.0798579 
0.0784060 
0.0730475 
0.0674769 
0.0676501 
0.0596450 
0.0574850 
0.0536856 
0.0571730 
0.0571513 
0.0608142 
0.0636204 
0.0725476 
0.0679024 
0.0723677 
0.0764147 
0.0789323 
0.0786793 
0.0780542 
0.0795884 
0.0778285 
0.0814884 
0.0863794 
0.0877765 
0.0870506 
0.0942541 
0.0932789 
0.0885019 
0.0885791 
0.0817667 
0.0696501 
0.0663952 
0.0664311 
0.0683329 
0.0679387 
0.0724133 
0.0690915 
0.0729005 
0.0757931 
0.0748446 
0.0712019 
0.0654562 
0.0667801 
0.0668236 
0.0677589 
0.0716445 
0.0802084 
0.0789929 
0.0634040 
0.0683087 
0.0728525 
0.0743130 
0.0779675 
0.0782079 
0.0780794 
0.0748247 
0.0764257 
0.0754032 
0.0717943 
0.0766033 
0.0758943 
0.0733315 
0.0728541 
0.0758243 
0.0676717 
0.0661469 
0.0637703 
0.0688975 
0.0718862 
0.0728052 
0.0686225 
0.0675653 
0.0623319 
0.0699799 
0.0691600 
0.0723478 
0.0688333 
0.0689123 
0.0750499 
0.0813421 
0.0823440 
0.0789879 
0.0801940 
0.0790535 
0.0753694 
0.0719515 
0.0676352 
0.0633556 
0.0597288 
0.0652279 
0.0651438 
0.0667754 
0.0695447 
0.0663722 
0.0659560 
0.0677128 
0.0671276 
0.0697486 
0.0684834 
0.0649985 
0.0478510 
0.0411332 
0.0374643 
0.0393730 
0.0399241 
0.0353808 
0.0332558 
0.0241014 
0.0284363 
0.0291525 
0.0265200 
0.0289791 
0.0290540 
0.0312385 
0.0282328 
0.0304477 
0.0257573 
0.0212164 
0.0215580 
0.0221556 
0.0128369 
0.0050008 
0.0029506 
0.0042596 
0.0053636 
0.0063362 
0.0031981 
0.0121857 
0.0154624 
0.0141919 
0.0208058 
0.0261170 
0.0333441 
0.0377372 
0.0361791 
0.0358596 
0.0321541 
0.0331635 
0.0366623 
0.0379651 
0.0384635 
0.0402066 
0.0450955 
0.0558817 
0.0625602 
0.0708100 
0.0750198 
0.0696728 
0.0681772 
0.0626580 
0.0626187 
0.0603055 
0.0595764 
0.0583700 
0.0605356 
0.0556937 
0.0561154 
0.0530423 
0.0526603 
0.0473374 
0.0464374 
0.0541137 
0.0558095 
0.0607608 
0.0637356 
0.0642174 
0.0662344 
0.0709292 
0.0729303 
0.0726229 
0.0767454 
0.0776593 
0.0757498 
0.0705114 
0.0673453 
0.0649626 
0.0583233 
0.0572682 
0.0535797 
0.0536957 
0.0571825 
0.0611987 
0.0681392 
0.0788090 
0.0883872 
0.0902865 
0.0928055 
0.0875483 
0.0819542 
0.0831823 
0.0786934 
0.0780790 
0.0716037 
0.0631600 
0.0606355 
0.0476699 
0.0373723 
0.0257356 
0.0117009 
0.0062277 
0.0104929 
0.0129964 
0.0160996 
0.0120896 
0.0191193 
0.0166690 
0.0211816 
0.0201807 
0.0133626 
0.0087671 
0.0095536 
0.0046271 
0.0025463 
0.0000000 
