-0.0000134 
0.0001081 
0.0001387 
-0.3548155 
-0.1756547 
0.2580291 
0.9934525 
0.9886497 
0.9993703 
1.0000000 
0.9967669 
0.9830246 
0.9864360 
0.9928273 
0.9883213 
0.9733556 
0.9799406 
0.9847603 
0.9801288 
0.9813333 
0.9684412 
0.9664440 
0.9740240 
0.9661498 
0.9692616 
0.9775340 
0.9650706 
0.9648106 
0.9655981 
0.9647607 
0.9648983 
0.9694595 
0.9552260 
0.9624953 
0.9684516 
0.9648824 
0.9581238 
0.9586192 
0.9630258 
0.9696839 
0.9719434 
0.9647833 
0.9755757 
0.9726819 
0.9607337 
0.9525824 
0.9496250 
0.9475176 
0.9429520 
0.9482369 
0.9426886 
0.9581639 
0.9488519 
0.9466754 
0.9488932 
0.9465857 
0.9338790 
0.9382312 
0.9415032 
0.9407085 
0.9322221 
0.9181139 
0.9153830 
0.9183865 
0.9191096 
0.9312821 
0.9369174 
0.9448036 
0.9506711 
0.9562047 
0.9553423 
0.9600927 
0.9506068 
0.9503305 
0.9517067 
0.9490825 
0.9203949 
0.8972811 
0.8738189 
0.8610194 
0.8486847 
0.8515875 
0.8594258 
0.8610209 
0.8647951 
0.8704329 
0.8802583 
0.8728333 
0.8845692 
0.8930592 
0.8998725 
0.8955078 
0.8950631 
0.8934047 
0.8938883 
0.8988799 
0.9021476 
0.9019026 
0.9149313 
0.9064863 
0.9101400 
0.9039591 
0.9063771 
0.9270321 
0.9056747 
0.9009207 
0.8968557 
0.8924681 
0.8925788 
0.8793544 
0.8785686 
0.8883667 
0.8949628 
0.8732476 
0.8856973 
0.8768904 
0.8946351 
0.8920787 
0.8999769 
0.8981319 
0.9005257 
0.8869415 
0.8779228 
0.8864397 
0.8754997 
0.8776975 
0.8950288 
0.8982805 
0.8889836 
0.8943922 
0.8686149 
0.8787823 
0.8691231 
0.8606096 
0.8621296 
0.8585843 
0.8637012 
0.8615427 
0.8615488 
0.8669789 
0.8545345 
0.8429961 
0.8470362 
0.8325234 
0.8523750 
0.8452124 
0.8325265 
0.8449621 
0.8520239 
0.8436565 
0.8513428 
0.8509362 
0.8378697 
0.8504179 
0.8394653 
0.8510296 
0.8537272 
0.8462345 
0.8340396 
0.8440216 
0.8468612 
0.8381259 
0.8438134 
0.8440027 
0.8404058 
0.8302776 
0.8352660 
0.8302391 
0.8194848 
0.8189701 
0.8172916 
0.8252598 
0.8202813 
0.8267184 
0.8067047 
0.8127767 
0.8223043 
0.8229082 
0.8296134 
0.8295892 
0.8438689 
0.8456392 
0.8465118 
0.8218036 
0.8215916 
0.8434703 
0.8400351 
0.8463317 
0.8365059 
0.8507509 
0.8350018 
0.8345614 
0.8328832 
0.8438457 
0.8446586 
0.8456582 
0.8450195 
0.8403600 
0.8394100 
0.8374292 
0.8201251 
0.8297721 
0.8154224 
0.8252304 
0.8217390 
0.8245424 
0.8289115 
0.8180463 
0.8296500 
0.8116566 
0.8193797 
0.8224475 
0.8205234 
0.8314899 
0.8209614 
0.8173476 
0.8229166 
0.8349940 
0.8308464 
0.8272189 
0.8433443 
0.8482197 
0.8366693 
0.8209910 
0.8142899 
0.8114040 
0.8228238 
0.8142277 
0.8091480 
0.8008589 
0.8061329 
0.8132746 
0.8012061 
0.8050710 
0.7971876 
0.7968644 
0.8075876 
0.7938462 
0.8048809 
0.7873958 
0.8056178 
0.7998573 
0.8036281 
0.7802103 
0.7812447 
0.7952701 
0.7872817 
0.7868659 
0.7862371 
0.7939095 
0.7929746 
0.8003259 
0.8047111 
0.7943109 
0.7929518 
0.7931963 
0.7992515 
0.7883536 
0.8014045 
0.8001274 
0.7829759 
0.7726015 
0.7810984 
0.8011120 
0.8006720 
0.7998391 
0.7909149 
0.7837936 
0.7946543 
0.7873649 
0.7653619 
0.7665294 
0.7777436 
0.7822329 
0.7733849 
0.7523861 
0.7561864 
0.7607455 
0.7551818 
0.7587081 
0.7530697 
0.7604141 
0.7632036 
0.7781934 
0.7804727 
0.7750615 
0.7802005 
0.7872017 
0.7777671 
0.7574173 
0.7662179 
0.7558637 
0.7471087 
0.7405807 
0.7406401 
0.7494085 
0.7497781 
0.7450170 
0.7336702 
0.7296079 
0.7308980 
0.7344413 
0.7496739 
0.7425913 
0.7411455 
0.7464055 
0.7316981 
0.7064063 
0.7006780 
0.6986108 
0.7369696 
0.7557597 
0.7702080 
0.7706367 
0.7652105 
0.7729258 
0.7686469 
0.7624785 
0.7632845 
0.7550560 
0.7581931 
0.7596785 
0.7682298 
0.7511093 
0.7465755 
0.7351209 
0.7383982 
0.7377239 
0.7258331 
0.7281284 
0.7335456 
0.7329820 
0.7330115 
0.7190004 
0.7206313 
0.7192526 
0.7183784 
0.7086355 
0.7046278 
0.7064010 
0.7285606 
0.7230523 
0.7224327 
0.7199101 
0.7286669 
0.7278203 
0.7196725 
0.7076277 
0.6968877 
0.7167414 
0.7100887 
0.7089923 
0.7134850 
0.7103351 
0.7050933 
0.7142107 
0.6961835 
0.7019050 
0.6976940 
0.7008857 
0.6908369 
0.6897963 
0.6868451 
0.6857958 
0.6879914 
0.6921344 
0.6905193 
0.6916332 
0.6833123 
0.6952826 
0.6947201 
0.6848950 
0.6996393 
0.7003047 
0.6941618 
0.7046722 
0.7024590 
0.6997878 
0.7029937 
0.6984751 
0.7011641 
0.6950392 
0.6953527 
0.7012632 
0.6924276 
0.6954314 
0.6962103 
0.6908617 
0.6797446 
0.6742854 
0.6719074 
0.6816339 
0.6912381 
0.6944675 
0.6975317 
0.6938690 
0.7014124 
0.6836933 
0.6880672 
0.6937821 
0.6911753 
0.6940211 
0.7077645 
0.7176052 
0.7093710 
0.7051688 
0.7040017 
0.7089253 
0.6977284 
0.6810310 
0.6799767 
0.6803116 
0.6821361 
0.6617843 
0.6700060 
0.6860255 
0.6748791 
0.6639749 
0.6536377 
0.6704033 
0.6723363 
0.6664428 
0.6762039 
0.6819228 
0.6780778 
0.6745398 
0.6705092 
0.6693545 
0.6597348 
0.6528665 
0.6690135 
0.6823203 
0.6713393 
0.6533744 
0.6684334 
0.6886201 
0.6712503 
0.6611616 
0.6769614 
0.7040599 
0.6944357 
0.6605001 
0.6625070 
0.6635354 
0.6669864 
0.6284258 
0.6316052 
0.6533266 
0.6532825 
0.6224152 
0.6090585 
0.6280995 
0.6382975 
0.6062481 
0.6123963 
0.6406368 
0.6524718 
0.6202659 
0.6090290 
0.6508089 
0.6849062 
0.6558464 
0.6241614 
0.6388717 
0.6528507 
0.6524065 
0.6373091 
0.6567646 
0.6694034 
0.6673740 
0.6448859 
0.6468476 
0.6636762 
0.6577157 
0.6459475 
0.6477959 
0.6744457 
0.6832234 
0.6581059 
0.6379388 
0.6465612 
0.6466847 
0.6445458 
0.6285613 
0.6337370 
0.6339605 
0.6453542 
0.6576638 
0.6433634 
0.6440542 
0.6547433 
0.6571789 
0.6411684 
0.6275722 
0.6412088 
0.6560201 
0.6418932 
0.6287841 
0.6444743 
0.6460886 
0.6353309 
0.6308175 
0.6280660 
0.6154523 
0.6286517 
0.6194328 
0.6362326 
0.6317717 
0.6184075 
0.6205199 
0.6075668 
0.6304853 
0.6306357 
0.6179498 
0.6006928 
0.6112116 
0.6204037 
0.6297310 
0.6241047 
0.6239126 
0.6229411 
0.6319508 
0.6323062 
0.6288192 
0.6337650 
0.6334076 
0.6352157 
0.6294726 
0.6245679 
0.6222966 
0.6213517 
0.6143360 
0.6168940 
0.6140177 
0.6094670 
0.6181048 
0.6092966 
0.6077456 
0.6030698 
0.6086731 
0.6164883 
0.6158699 
0.6185784 
0.6195480 
0.6098085 
0.6086517 
0.6043083 
0.6169696 
0.6061693 
0.6096864 
0.6076862 
0.5973613 
0.6031034 
0.6005571 
0.6021200 
0.5813249 
0.5833205 
0.5892187 
0.6027723 
0.5921262 
0.5943461 
0.5846347 
0.5730549 
0.5880693 
0.5747095 
0.5736351 
0.5757990 
0.5733921 
0.5720254 
0.5768190 
0.5760402 
0.5707237 
0.5754265 
0.5819367 
0.5866107 
0.5986700 
0.5912418 
0.5891253 
0.5856529 
0.5878054 
0.5751735 
0.5752999 
0.5771207 
0.5899320 
0.5833980 
0.5769397 
0.5783960 
0.5680380 
0.5635005 
0.5719824 
0.5750677 
0.5625563 
0.5630817 
0.5565477 
0.5533460 
0.5450787 
0.5462531 
0.5401236 
0.5421245 
0.5369808 
0.5444211 
0.5393617 
0.5411193 
0.5418573 
0.5244110 
0.5428133 
0.5468448 
0.5357485 
0.5411106 
0.5476207 
0.5278118 
0.5432632 
0.5323653 
0.5292050 
0.5267590 
0.5229364 
0.5263221 
0.5320675 
0.5359795 
0.5285321 
0.5220299 
0.5280175 
0.5188999 
0.5346667 
0.5328756 
0.5346493 
0.5269348 
0.5369879 
0.5421237 
0.5465930 
0.5385836 
0.5376477 
0.5183112 
0.4991484 
0.4859262 
0.4880474 
0.4858640 
0.4776076 
0.4796086 
0.4865563 
0.4942252 
0.4929100 
0.4882782 
0.4803895 
0.4761043 
0.4851070 
0.4981787 
0.4959031 
0.4945240 
0.5022775 
0.4981609 
0.5282824 
0.5351487 
0.5450186 
0.5476638 
0.5406985 
0.5296022 
0.5135734 
0.5075954 
0.5260098 
0.5082979 
0.5089581 
0.5115112 
0.5059192 
0.5052132 
0.5047548 
0.5177560 
0.5214255 
0.5202026 
0.5096092 
0.5110040 
0.5196609 
0.5107594 
0.5156846 
0.5171534 
0.5139803 
0.4982432 
0.4966584 
0.4868557 
0.4847060 
0.4826299 
0.4806245 
0.4738683 
0.4684872 
0.4529029 
0.4648961 
0.4582024 
0.4664092 
0.4804515 
0.4929010 
0.4955512 
0.4803168 
0.4847995 
0.4756818 
0.4661268 
0.4776371 
0.4971524 
0.4896700 
0.4995918 
0.4980033 
0.5014896 
0.4761032 
0.4858943 
0.4937115 
0.5095385 
0.5045568 
0.4977886 
0.4880203 
0.4968075 
0.4804452 
0.4702707 
0.4764115 
0.4984101 
0.4790574 
0.4803708 
0.4774708 
0.4615196 
0.4758280 
0.4898962 
0.4747626 
0.4547400 
0.4703217 
0.4666697 
0.4673533 
0.4643631 
0.4681101 
0.4504096 
0.4595340 
0.4754350 
0.4777275 
0.4541439 
0.4500494 
0.4736648 
0.4506035 
0.4510581 
0.4583207 
0.4617227 
0.4490345 
0.4543042 
0.4413338 
0.4310109 
0.4365438 
0.4426765 
0.4408200 
0.4413264 
0.4487364 
0.4431639 
0.4469557 
0.4512631 
0.4498666 
0.4386724 
0.4378961 
0.4294009 
0.4364414 
0.4378167 
0.4497851 
0.4351093 
0.4160338 
0.4134938 
0.4165113 
0.4278640 
0.4282853 
0.4131898 
0.4132247 
0.4068477 
0.4189416 
0.4125166 
0.4153126 
0.4016360 
0.4052092 
0.4206801 
0.4193259 
0.4253311 
0.4302062 
0.4360773 
0.4193697 
0.4300058 
0.4173095 
0.4169985 
0.4202020 
0.4192934 
0.4039934 
0.4065252 
0.4000745 
0.3998446 
0.3997710 
0.3887747 
0.3882746 
0.3859875 
0.4090298 
0.3886418 
0.3903997 
0.3970381 
0.4074409 
0.3994663 
0.4071852 
0.3947061 
0.3978810 
0.3917356 
0.3865696 
0.3795499 
0.3738738 
0.3777553 
0.3753689 
0.3733640 
0.3685247 
0.3763608 
0.3812677 
0.3724279 
0.3660623 
0.3802672 
0.3699608 
0.3747807 
0.3932763 
0.3832880 
0.3701994 
0.3698448 
0.3868074 
0.3765543 
0.3671352 
0.3723469 
0.3781569 
0.3789917 
0.3825591 
0.3755773 
0.3762611 
0.3834346 
0.3799641 
0.3779847 
0.3706956 
0.3758611 
0.3823202 
0.3818025 
0.3923392 
0.3780544 
0.3798801 
0.3757916 
0.3918667 
0.3895484 
0.3897322 
0.3914072 
0.3935530 
0.3879646 
0.3876211 
0.3907983 
0.3946941 
0.3833972 
0.3707995 
0.3592864 
0.3489315 
0.3573460 
0.3579780 
0.3634122 
0.3652245 
0.3631243 
0.3604204 
0.3645072 
0.3560827 
0.3685683 
0.3711000 
0.3755465 
0.3799875 
0.3755278 
0.3749999 
0.3693072 
0.3762982 
0.3730408 
0.3645195 
0.3697269 
0.3573352 
0.3563817 
0.3589091 
0.3552674 
0.3534972 
0.3576741 
0.3547335 
0.3534458 
0.3566802 
0.3540673 
0.3665585 
0.3643030 
0.3551356 
0.3625315 
0.3531087 
0.3630543 
0.3609873 
0.3656999 
0.3677825 
0.3726665 
0.3606486 
0.3736828 
0.3685894 
0.3795516 
0.3687841 
0.3576810 
0.3498707 
0.3665253 
0.3718135 
0.3624734 
0.3645590 
0.3643305 
0.3601444 
0.3644767 
0.3719025 
0.3654434 
0.3701578 
0.3731638 
0.3700031 
0.3588799 
0.3601217 
0.3595534 
0.3664275 
0.3750692 
0.3758832 
0.3807466 
0.3604478 
0.3532743 
0.3576371 
0.3489901 
0.3622820 
0.3512487 
0.3463293 
0.3516159 
0.3528575 
0.3605278 
0.3714393 
0.3607678 
0.3706449 
0.3717462 
0.3642199 
0.3657434 
0.3638151 
0.3512005 
0.3538248 
0.3433190 
0.3274125 
0.3269334 
0.3301963 
0.3504992 
0.3603415 
0.3569355 
0.3562593 
0.3620763 
0.3461575 
0.3317014 
0.3283389 
0.3345345 
0.3562282 
0.3636028 
0.3608028 
0.3585920 
0.3557469 
0.3453637 
0.3460862 
0.3479055 
0.3540386 
0.3584620 
0.3715213 
0.3542505 
0.3398677 
0.3408706 
0.3419665 
0.3434342 
0.3323562 
0.3400784 
0.3354442 
0.3361549 
0.3344671 
0.3403753 
0.3517653 
0.3487513 
0.3556005 
0.3419335 
0.3323043 
0.3229119 
0.3197562 
0.3239368 
0.3037845 
0.2936207 
0.3095133 
0.2909057 
0.2947795 
0.2993821 
0.3048484 
0.3015714 
0.3065587 
0.3042229 
0.3011585 
0.3086551 
0.3168318 
0.3041632 
0.2996641 
0.3077145 
0.2943312 
0.2973014 
0.2993651 
0.2984147 
0.2983205 
0.2975459 
0.3030553 
0.3113162 
0.3008595 
0.2936879 
0.2988363 
0.3121769 
0.2971057 
0.3053985 
0.2927170 
0.3020208 
0.2832313 
0.2809218 
0.2738679 
0.2741159 
0.2836263 
0.2806761 
0.2840154 
0.2826805 
0.2950944 
0.2805947 
0.2866325 
0.2776697 
0.2649560 
0.2531022 
0.2518590 
0.2575275 
0.2597298 
0.2682219 
0.2756236 
0.2860869 
0.2793307 
0.2814373 
0.2824363 
0.2755782 
0.2798152 
0.2852253 
0.2733486 
0.2774971 
0.2777782 
0.2706690 
0.2696405 
0.2705838 
0.2680730 
0.2756983 
0.2709842 
0.2654663 
0.2700453 
0.2607680 
0.2576622 
0.2562126 
0.2621466 
0.2754402 
0.2614684 
0.2625217 
0.2505956 
0.2533469 
0.2718529 
0.2659537 
0.2666589 
0.2687066 
0.2501509 
0.2448389 
0.2310553 
0.2236645 
0.2308739 
0.2313050 
0.2334597 
0.2310150 
0.2175135 
0.2254618 
0.2262769 
0.2380080 
0.2405984 
0.2458519 
0.2357495 
0.2292337 
0.2361808 
0.2404905 
0.2365206 
0.2379344 
0.2371436 
0.2446532 
0.2465017 
0.2385888 
0.2301650 
0.2317361 
0.2260777 
0.2325278 
0.2359766 
0.2440778 
0.2391270 
0.2346105 
0.2275228 
0.2164182 
0.2112287 
0.2092042 
0.2056939 
0.2151698 
0.2019478 
0.2072940 
0.2078089 
0.2156660 
0.2167654 
0.2228797 
0.2190614 
0.2213923 
0.2144510 
0.2247630 
0.2128260 
0.2223888 
0.2123243 
0.2189203 
0.2161897 
0.2101830 
0.2073365 
0.1991206 
0.2029814 
0.1917510 
0.1869458 
0.1982734 
0.1884047 
0.1932291 
0.2100756 
0.2191782 
0.2024755 
0.1940815 
0.1978079 
0.1828992 
0.1865361 
0.1821544 
0.1927149 
0.1997554 
0.1995341 
0.2040726 
0.2181390 
0.2334591 
0.2368214 
0.2257903 
0.2265164 
0.2190218 
0.2079397 
0.1996777 
0.1951911 
0.1985947 
0.1935210 
0.1860177 
0.1837645 
0.2095779 
0.2162994 
0.2186632 
0.2254819 
0.2355911 
0.2228234 
0.2355034 
0.2388291 
0.2300373 
0.2164294 
0.2173689 
0.2239267 
0.2333258 
0.2392068 
0.2346693 
0.2359822 
0.2335387 
0.2381180 
0.2335216 
0.2334546 
0.2325655 
0.2273973 
0.2172268 
0.2153771 
0.2238336 
0.2229686 
0.2220256 
0.2215486 
0.2057645 
0.1977220 
0.1930717 
0.1832364 
0.1902825 
0.1757173 
0.1831658 
0.1789618 
0.1815922 
0.1876065 
0.1854501 
0.1802682 
0.1770955 
0.1713485 
0.1728380 
0.1702737 
0.1670405 
0.1659319 
0.1664041 
0.1681502 
0.1694228 
0.1802103 
0.1733697 
0.1737204 
0.2145702 
0.2131451 
0.2064967 
0.2124839 
0.2040290 
0.1990165 
0.1953478 
0.1840676 
0.1821885 
0.1766816 
0.1718395 
0.1612607 
0.1674647 
0.1603548 
0.1693902 
0.1656824 
0.1677546 
0.1734356 
0.1651251 
0.1628383 
0.1586391 
0.1610044 
0.1654098 
0.1680761 
0.1636297 
0.1697961 
0.1642359 
0.1626586 
0.1549981 
0.1526938 
0.1648384 
0.1461925 
0.1487226 
0.1593127 
0.1615581 
0.1674897 
0.1755113 
0.1746615 
0.1736702 
0.1756923 
0.1828428 
0.1847515 
0.1853828 
0.1855276 
0.1813840 
0.1832522 
0.1766484 
0.1651860 
0.1651339 
0.1619942 
0.1570578 
0.1527468 
0.1480910 
0.1542177 
0.1544315 
0.1518002 
0.1462673 
0.1474964 
0.1343337 
0.1414774 
0.1449170 
0.1570155 
0.1661920 
0.1706745 
0.1714371 
0.1556425 
0.1517229 
0.1471980 
0.1447982 
0.1435278 
0.1375696 
0.1468314 
0.1487287 
0.1440864 
0.1423127 
0.1355928 
0.1289253 
0.1293023 
0.1196537 
0.1200607 
0.1152457 
0.1173206 
0.1239767 
0.1284765 
0.1211261 
0.1308030 
0.1208343 
0.1154750 
0.1112443 
0.1098480 
0.1074533 
0.1188582 
0.1282442 
0.1305363 
0.1292655 
0.1217507 
0.1188870 
0.1201048 
0.1148359 
0.1124463 
0.1040042 
0.1064211 
0.0888335 
0.0754386 
0.0763359 
0.0992666 
0.0965026 
0.0921157 
0.0903653 
0.0913092 
0.0883450 
0.0891613 
0.0972496 
0.0925949 
0.0965332 
0.1002541 
0.1120150 
0.1054961 
0.1019128 
0.0993299 
0.1072985 
0.1132080 
0.1053880 
0.1049988 
0.1032935 
0.0962108 
0.0931805 
0.0833633 
0.0850470 
0.0955154 
0.0940808 
0.0898723 
0.0900793 
0.0902753 
0.0815957 
0.0853933 
0.0806410 
0.0821311 
0.0854418 
0.0924215 
0.0851401 
0.0772286 
0.0837329 
0.0855018 
0.0776768 
0.0811254 
0.0829277 
0.0859943 
0.0925026 
0.0953994 
0.0972309 
0.0966508 
0.0840808 
0.0867708 
0.0867946 
0.0921740 
0.0890379 
0.0984493 
0.0917557 
0.0990366 
0.0942849 
0.0929803 
0.0796556 
0.0710080 
0.0706319 
0.0668521 
0.0640238 
0.0952337 
0.1141248 
0.1082248 
0.1035778 
0.1036726 
0.0858166 
0.0761143 
0.0652406 
0.0724909 
0.0763416 
0.0753806 
0.0745258 
0.0691227 
0.0755499 
0.0699680 
0.0701838 
0.0585732 
0.0564805 
0.0513625 
0.0458143 
0.0551804 
0.0590519 
0.0478476 
0.0482269 
0.0407739 
0.0586623 
0.0517108 
0.0479018 
0.0500072 
0.0465395 
0.0547960 
0.0587943 
0.0593487 
0.0607823 
0.0487389 
0.0472043 
0.0470399 
0.0540517 
0.0616027 
0.0843001 
0.0918031 
0.0815564 
0.0788561 
0.0759195 
0.0643278 
0.0464609 
0.0436164 
0.0361195 
0.0321453 
0.0248323 
0.0177521 
0.0168310 
0.0198846 
0.0149723 
0.0181343 
0.0197292 
0.0213254 
0.0232126 
0.0176707 
0.0155670 
0.0194017 
0.0209041 
0.0338706 
0.0373054 
0.0396126 
0.0398020 
0.0391177 
0.0315401 
0.0437550 
0.0450441 
0.0439693 
0.0424856 
0.0392709 
0.0355870 
0.0426615 
0.0421627 
0.0417288 
0.0403048 
0.0518294 
0.0464062 
0.0498567 
0.0428208 
0.0412030 
0.0398817 
0.0367748 
0.0366603 
0.0303059 
0.0230383 
0.0145685 
0.0105985 
0.0169751 
0.0093105 
0.0154671 
0.0217402 
0.0231454 
0.0139360 
0.0000211 
0.0040702 
0.0000000 
0.0068076 
0.0066151 
0.0142347 
0.0042657 
0.0077900 
0.0087163 
0.0124053 
0.0133756 
0.0291435 
0.0178296 
0.0192143 
0.0116478 
0.0062283 
0.0020389 
0.0070490 
0.0071000 
0.0110402 
0.0112268 
0.0152170 
0.0156989 
0.0097540 
0.0196692 
