0.0000358 
-0.0001853 
-0.0000803 
0.4470783 
-0.0216973 
-0.2632580 
0.3389111 
0.3525120 
0.3695227 
0.3617600 
0.3625080 
0.3707645 
0.3805608 
0.3848712 
0.3696234 
0.3596399 
0.3679980 
0.3575449 
0.3759937 
0.3742178 
0.3660900 
0.3440124 
0.3510730 
0.3561951 
0.3557651 
0.3601468 
0.3653861 
0.3805337 
0.3557598 
0.3603130 
0.3635011 
0.3359981 
0.3295712 
0.3331249 
0.3305308 
0.3565568 
0.3640024 
0.3838229 
0.3989036 
0.3921946 
0.4051494 
0.4233432 
0.4209221 
0.4230027 
0.4222866 
0.3818687 
0.3684491 
0.3585062 
0.3188368 
0.2679627 
0.2113508 
0.2091978 
0.2264195 
0.2067727 
0.2552282 
0.2785058 
0.3300436 
0.3263182 
0.3393711 
0.3487525 
0.3396734 
0.3466562 
0.3425424 
0.3768372 
0.3581838 
0.3465944 
0.3496635 
0.3488646 
0.3399025 
0.3182437 
0.3252298 
0.3478423 
0.3452043 
0.3245485 
0.3390400 
0.3561801 
0.3534755 
0.3413288 
0.3352221 
0.3007094 
0.2981482 
0.3058366 
0.3095480 
0.3199273 
0.2977606 
0.3223142 
0.3409126 
0.3181524 
0.3326537 
0.3189898 
0.3217418 
0.3307311 
0.3377975 
0.3279746 
0.3071103 
0.3227144 
0.3073531 
0.3065358 
0.3054749 
0.2745716 
0.2822288 
0.2845482 
0.2716185 
0.2611814 
0.2380816 
0.2409899 
0.2239637 
0.2178806 
0.2581588 
0.2419914 
0.2351510 
0.2339756 
0.2270825 
0.2119433 
0.2214894 
0.2210907 
0.2211981 
0.2084683 
0.1993778 
0.1977695 
0.2501544 
0.2593471 
0.2605573 
0.2361787 
0.2631430 
0.2629228 
0.2884344 
0.2525067 
0.2272847 
0.2134141 
0.2253974 
0.2632818 
0.2740305 
0.2556888 
0.2405138 
0.2550774 
0.2550380 
0.2504592 
0.2766967 
0.2730288 
0.2831508 
0.2742052 
0.2435108 
0.2435757 
0.2675974 
0.2822710 
0.2897610 
0.3081111 
0.3008885 
0.3074859 
0.2921384 
0.2958420 
0.3079645 
0.3249418 
0.3343706 
0.3219455 
0.3213210 
0.3101934 
0.2847526 
0.2914702 
0.3242522 
0.3001884 
0.3206546 
0.2912019 
0.2776798 
0.3020177 
0.2815057 
0.2860479 
0.3064896 
0.3080578 
0.3120232 
0.3094208 
0.3076859 
0.3112201 
0.3166244 
0.3107819 
0.3252267 
0.3242994 
0.3252988 
0.3189983 
0.2771001 
0.2671019 
0.3165859 
0.3079956 
0.2964273 
0.2764054 
0.2838023 
0.2855289 
0.2884158 
0.3043460 
0.3101438 
0.3068230 
0.2892537 
0.2913513 
0.2936330 
0.2834695 
0.2881550 
0.3071986 
0.2980539 
0.3047363 
0.2981697 
0.2972984 
0.3201129 
0.3167260 
0.3168174 
0.3071295 
0.3021866 
0.2941673 
0.3160024 
0.3264316 
0.3271658 
0.3354498 
0.3254289 
0.3136880 
0.2882665 
0.3245368 
0.3191278 
0.3475265 
0.3498939 
0.3338147 
0.3315374 
0.3391916 
0.3578492 
0.3447370 
0.3538394 
0.3599918 
0.3622777 
0.3578839 
0.3579365 
0.3792169 
0.3835914 
0.3707905 
0.3788358 
0.3909624 
0.4018789 
0.3946197 
0.3908695 
0.3412633 
0.3533290 
0.3686231 
0.3612115 
0.3808334 
0.3655136 
0.3490494 
0.3610594 
0.3874658 
0.3576694 
0.3434822 
0.3481977 
0.3536315 
0.3574095 
0.3248303 
0.2880213 
0.3298303 
0.3249066 
0.3195037 
0.3281816 
0.3375226 
0.3383837 
0.3443647 
0.3380566 
0.3111313 
0.3011048 
0.2544333 
0.2508666 
0.2402682 
0.2428057 
0.2466831 
0.2551704 
0.3024509 
0.2944920 
0.2764355 
0.3050289 
0.3320161 
0.3289468 
0.3371504 
0.2839146 
0.2720128 
0.2620153 
0.2718200 
0.2716370 
0.2511619 
0.2444974 
0.2419989 
0.2395729 
0.2204600 
0.2340433 
0.2388687 
0.2283858 
0.2285618 
0.2385668 
0.2275156 
0.2317391 
0.2251684 
0.2053161 
0.2122617 
0.2089289 
0.2134644 
0.2309619 
0.2366150 
0.2351633 
0.2558182 
0.2423089 
0.2442261 
0.2313174 
0.2293668 
0.2275241 
0.1860180 
0.1449807 
0.2056984 
0.2312934 
0.2074492 
0.1961104 
0.1850768 
0.2070628 
0.2005521 
0.2106622 
0.2238490 
0.2144545 
0.2185827 
0.2248857 
0.2268840 
0.2485642 
0.2711114 
0.2664484 
0.2629432 
0.2200941 
0.2434113 
0.2787962 
0.2726985 
0.2579485 
0.2553337 
0.2392452 
0.2527403 
0.2353120 
0.2506439 
0.2584203 
0.2271032 
0.2321446 
0.2288798 
0.2252475 
0.2193072 
0.1936938 
0.2324072 
0.2573697 
0.2414622 
0.2355375 
0.2453219 
0.2546138 
0.2564872 
0.2766640 
0.2887366 
0.2830703 
0.2814297 
0.2925420 
0.2824874 
0.2835186 
0.2961385 
0.2975276 
0.2744134 
0.2436469 
0.2618916 
0.2556298 
0.2548710 
0.2627095 
0.2851728 
0.2737903 
0.2876892 
0.2917431 
0.2941053 
0.3078416 
0.2875730 
0.2725714 
0.2761521 
0.2609193 
0.2939038 
0.2825365 
0.2946128 
0.3139782 
0.3048908 
0.3027678 
0.2825337 
0.2616652 
0.2875134 
0.2775376 
0.2388008 
0.2229440 
0.2295149 
0.2195025 
0.2169035 
0.2232606 
0.2169204 
0.2452687 
0.2460627 
0.2340912 
0.2304285 
0.2433543 
0.2491357 
0.2579392 
0.2967297 
0.2814863 
0.2848328 
0.2996262 
0.3042483 
0.2831523 
0.2783960 
0.2582159 
0.2544415 
0.2764154 
0.2984200 
0.3282119 
0.3247287 
0.3313636 
0.2841292 
0.2792058 
0.2736940 
0.2396691 
0.2567048 
0.2618080 
0.2810192 
0.2732844 
0.2616277 
0.2802427 
0.2926180 
0.2873421 
0.2741328 
0.2690558 
0.2682570 
0.2945425 
0.2916228 
0.2552930 
0.2516271 
0.2690765 
0.2830572 
0.2903898 
0.2931890 
0.2906985 
0.2983899 
0.3135209 
0.3306800 
0.3527568 
0.3490840 
0.3521478 
0.3529363 
0.3347817 
0.3336214 
0.3279705 
0.3336578 
0.3498799 
0.3448078 
0.3250200 
0.3125121 
0.2955807 
0.3079533 
0.3040368 
0.3021687 
0.2777840 
0.2970179 
0.3348709 
0.3406636 
0.2890243 
0.3064506 
0.3124038 
0.3503336 
0.3588735 
0.3792665 
0.3783685 
0.3947988 
0.3846090 
0.4134899 
0.3862996 
0.3855315 
0.3849222 
0.3745022 
0.3835249 
0.3651285 
0.3909992 
0.3716440 
0.3834500 
0.4014791 
0.3945932 
0.3709628 
0.3665336 
0.3517406 
0.3503861 
0.3379312 
0.3659067 
0.3644223 
0.3905799 
0.4021160 
0.3890020 
0.3844346 
0.4012430 
0.3906614 
0.3849682 
0.3986828 
0.3938014 
0.4190399 
0.4284156 
0.4414496 
0.4365110 
0.4712664 
0.4581639 
0.4500278 
0.4510446 
0.4347233 
0.4272536 
0.4271867 
0.4158129 
0.4028619 
0.4008722 
0.3898799 
0.4227314 
0.4268491 
0.4174593 
0.4221066 
0.4139744 
0.4232130 
0.4056730 
0.4026494 
0.4123149 
0.4020146 
0.4321421 
0.4367186 
0.4332342 
0.4477638 
0.4510582 
0.4388258 
0.4205019 
0.4197732 
0.4165684 
0.4094688 
0.3947248 
0.3875193 
0.3996999 
0.4030598 
0.4179934 
0.4030562 
0.4362560 
0.4356486 
0.4831894 
0.5037275 
0.5221203 
0.5414489 
0.5289913 
0.5189032 
0.5056007 
0.4984524 
0.5039430 
0.5310492 
0.5138004 
0.4915153 
0.5018998 
0.4708534 
0.4906926 
0.4821482 
0.4640991 
0.4596243 
0.4257866 
0.4534936 
0.4511436 
0.4372742 
0.4263493 
0.4058110 
0.4113663 
0.4091348 
0.4077356 
0.4318031 
0.4223096 
0.4256279 
0.4134731 
0.4142012 
0.4291793 
0.4361308 
0.4423709 
0.4715789 
0.4506947 
0.4738612 
0.4741777 
0.4756525 
0.4728848 
0.4652953 
0.4585457 
0.4977543 
0.4875034 
0.4609395 
0.4597637 
0.4325047 
0.4479552 
0.4847178 
0.4566883 
0.4044602 
0.4614393 
0.4818152 
0.5000031 
0.4927275 
0.4845422 
0.4777853 
0.4996317 
0.4888165 
0.4806170 
0.4791931 
0.4834911 
0.4742039 
0.4710544 
0.4524672 
0.4165027 
0.3590481 
0.3513388 
0.3361882 
0.3021339 
0.3171408 
0.2952681 
0.3047848 
0.2831516 
0.3054384 
0.3183065 
0.3751435 
0.3643059 
0.3649904 
0.3590864 
0.3882824 
0.3878308 
0.3947039 
0.3805376 
0.4041772 
0.4004752 
0.3821586 
0.4036592 
0.4078680 
0.4131264 
0.3946437 
0.3988136 
0.3884572 
0.3923271 
0.3989074 
0.4102254 
0.4249686 
0.4234649 
0.4273323 
0.4534456 
0.4391119 
0.4488652 
0.4339842 
0.4232844 
0.4167652 
0.3944030 
0.3704380 
0.3718422 
0.3711215 
0.3709885 
0.3634830 
0.3803239 
0.4007051 
0.4088275 
0.4086629 
0.4148963 
0.4044572 
0.3922462 
0.4184834 
0.4063114 
0.4107489 
0.3732887 
0.3863719 
0.3982475 
0.3959298 
0.4072257 
0.4020044 
0.4255789 
0.4017792 
0.4208820 
0.4144293 
0.4355166 
0.4165373 
0.4473622 
0.4151482 
0.4211193 
0.4136420 
0.3897538 
0.3938382 
0.3802655 
0.3802942 
0.3676305 
0.3876279 
0.3775594 
0.3652250 
0.3793211 
0.3722470 
0.3879309 
0.3857105 
0.3824060 
0.3598187 
0.3586150 
0.3969263 
0.3928853 
0.3906360 
0.4032221 
0.4092839 
0.4123480 
0.4005521 
0.3980584 
0.3790846 
0.3769887 
0.3780267 
0.3759842 
0.3526722 
0.3428289 
0.3433385 
0.3326597 
0.3652030 
0.3675731 
0.3485478 
0.3841235 
0.3821739 
0.4010833 
0.3624421 
0.3394663 
0.3526623 
0.3328527 
0.3567458 
0.3370640 
0.3451350 
0.3695234 
0.3737656 
0.3789716 
0.3873156 
0.3610644 
0.3779060 
0.3719022 
0.3569663 
0.3742054 
0.3577031 
0.3930096 
0.4143082 
0.4117036 
0.3962573 
0.3947436 
0.4314597 
0.4044268 
0.3955536 
0.3862879 
0.4028876 
0.3841949 
0.3941433 
0.3845591 
0.3516178 
0.3851297 
0.4068310 
0.4187182 
0.3941043 
0.4022819 
0.4104977 
0.3899241 
0.3746693 
0.4054029 
0.4058115 
0.4097162 
0.3708729 
0.3872215 
0.4099331 
0.4197096 
0.4256573 
0.4020513 
0.4275582 
0.4214314 
0.4210632 
0.4241262 
0.4649461 
0.4579406 
0.4724401 
0.4898342 
0.5100507 
0.5223712 
0.5482290 
0.5445417 
0.5241099 
0.5367946 
0.5296442 
0.5366704 
0.5079286 
0.5027961 
0.4834001 
0.5126420 
0.4927092 
0.4912705 
0.4850094 
0.4697707 
0.4746870 
0.4855854 
0.5072064 
0.4960787 
0.5145696 
0.4904075 
0.4851154 
0.4837156 
0.4902854 
0.4992180 
0.5019786 
0.4883656 
0.4879287 
0.4812502 
0.4579002 
0.4720108 
0.4710257 
0.4754802 
0.4416179 
0.4627182 
0.5037488 
0.4977312 
0.4658018 
0.4922402 
0.4786989 
0.4889592 
0.4598489 
0.4547906 
0.4331980 
0.4348790 
0.4416376 
0.4281786 
0.4341960 
0.4239322 
0.3980092 
0.4190434 
0.4297517 
0.4125451 
0.4039464 
0.4021981 
0.3872550 
0.3685808 
0.4006645 
0.3658264 
0.4143315 
0.4097192 
0.4184376 
0.4042508 
0.3902258 
0.4009639 
0.4099623 
0.4013039 
0.4302203 
0.4306037 
0.4491512 
0.4589132 
0.4595363 
0.4400954 
0.4495433 
0.4493051 
0.4744927 
0.4808794 
0.4820249 
0.4845838 
0.4663807 
0.4555352 
0.4559902 
0.4709289 
0.4918825 
0.4578220 
0.4710764 
0.4962827 
0.5029930 
0.5117944 
0.4691727 
0.4630720 
0.4489419 
0.4505952 
0.4374819 
0.3677927 
0.3681027 
0.3516706 
0.3519001 
0.3710242 
0.4043666 
0.3838874 
0.4061548 
0.4247683 
0.4075973 
0.4063962 
0.4316648 
0.4558420 
0.4407275 
0.4528495 
0.4258807 
0.4072899 
0.4059660 
0.4212063 
0.3748718 
0.3894796 
0.4034735 
0.4148235 
0.4101295 
0.4312690 
0.4408047 
0.4468327 
0.4586389 
0.4742968 
0.4760077 
0.4760819 
0.4922915 
0.5014375 
0.5191553 
0.5003469 
0.5156824 
0.5201187 
0.5420357 
0.5435632 
0.5509131 
0.5501938 
0.5623228 
0.5755355 
0.5392546 
0.5696974 
0.5685598 
0.5629127 
0.5711977 
0.5599142 
0.5601865 
0.5788402 
0.5578661 
0.5446723 
0.5414271 
0.5397701 
0.5102435 
0.5163406 
0.4862721 
0.4953180 
0.4876336 
0.4651605 
0.4756201 
0.5247287 
0.4921207 
0.5118604 
0.5017826 
0.4943487 
0.5022802 
0.4705918 
0.4768148 
0.4719947 
0.4598704 
0.4585880 
0.4632038 
0.4734442 
0.4988536 
0.5063239 
0.4867066 
0.5246306 
0.5500428 
0.5604015 
0.5502164 
0.5420611 
0.5313390 
0.5242610 
0.4736719 
0.4710594 
0.4748023 
0.4677359 
0.4743911 
0.5010768 
0.4884830 
0.4891641 
0.4940604 
0.4962902 
0.5627719 
0.5252776 
0.5118956 
0.5071753 
0.5227086 
0.4858895 
0.4644500 
0.4437952 
0.4667857 
0.4560084 
0.4609046 
0.4861708 
0.5204767 
0.5082942 
0.5047200 
0.4912658 
0.5127358 
0.5034939 
0.5150051 
0.5323971 
0.5369292 
0.5278839 
0.5189720 
0.4914417 
0.5033191 
0.5099410 
0.5201303 
0.5275116 
0.5324213 
0.5199984 
0.5542321 
0.5199952 
0.5026516 
0.5130831 
0.5110160 
0.4967532 
0.5144449 
0.5059688 
0.5401225 
0.5593761 
0.5245065 
0.5346437 
0.5525031 
0.5661459 
0.5140952 
0.5273311 
0.5327401 
0.5450861 
0.5331667 
0.5568723 
0.5374936 
0.5428026 
0.5475664 
0.5491892 
0.5493908 
0.5665244 
0.5510581 
0.5494966 
0.5501850 
0.5375718 
0.5307800 
0.5281207 
0.5204809 
0.4903292 
0.4737878 
0.4883466 
0.5119241 
0.5457480 
0.5192610 
0.5292828 
0.5281356 
0.5371839 
0.5288160 
0.5200829 
0.5206893 
0.5271789 
0.5051286 
0.4770190 
0.4728344 
0.4690467 
0.4551564 
0.4598862 
0.4447440 
0.4639032 
0.4554521 
0.4603093 
0.4610401 
0.4760206 
0.4561543 
0.4433961 
0.4367382 
0.4380581 
0.4270533 
0.4820319 
0.5219846 
0.5413390 
0.4998120 
0.5094049 
0.5152723 
0.5011436 
0.5335819 
0.5297454 
0.5094793 
0.5171026 
0.5144074 
0.5063125 
0.5179384 
0.5197472 
0.5225057 
0.5580537 
0.5170520 
0.5403274 
0.5455525 
0.5334200 
0.5253900 
0.5394379 
0.5497910 
0.5580394 
0.5539328 
0.5764616 
0.5605089 
0.5577062 
0.5455044 
0.5781570 
0.5749999 
0.5817832 
0.5922749 
0.5725062 
0.5641348 
0.5645974 
0.5682998 
0.5667564 
0.5739316 
0.5651044 
0.5796039 
0.6044698 
0.5814831 
0.5866402 
0.5657584 
0.5432948 
0.5397613 
0.5593895 
0.5323673 
0.5569857 
0.5917173 
0.5908398 
0.5630286 
0.5782528 
0.5357926 
0.5626901 
0.5569070 
0.5406111 
0.5435228 
0.5355847 
0.5232134 
0.5411090 
0.5346518 
0.5235277 
0.5107195 
0.5098806 
0.5292645 
0.5391551 
0.5297088 
0.5463241 
0.5657219 
0.5268046 
0.5439732 
0.5569232 
0.5544098 
0.5487581 
0.5676669 
0.5912679 
0.5892683 
0.5360681 
0.5307083 
0.5153305 
0.5398792 
0.5251558 
0.5361190 
0.5378887 
0.5652019 
0.5489922 
0.5033149 
0.4888024 
0.4994841 
0.5200081 
0.5300141 
0.5194053 
0.5310237 
0.5078346 
0.5213110 
0.5230996 
0.5353126 
0.5099031 
0.4850024 
0.4897017 
0.4991013 
0.4652711 
0.4750574 
0.4907993 
0.4796729 
0.4840077 
0.4757352 
0.4807459 
0.4831611 
0.4575849 
0.4332262 
0.4423361 
0.4376533 
0.4427912 
0.4414479 
0.4662525 
0.4659267 
0.4640709 
0.4677843 
0.5100641 
0.4869456 
0.4837413 
0.4828582 
0.5102201 
0.5186637 
0.5144820 
0.5143548 
0.4995719 
0.4959830 
0.4837026 
0.5003292 
0.4865267 
0.4890181 
0.4947607 
0.4948881 
0.5096656 
0.5073468 
0.5053780 
0.5266225 
0.5143227 
0.4809670 
0.5672275 
0.5780360 
0.5569184 
0.5496783 
0.5553512 
0.5289924 
0.5431344 
0.5065908 
0.5149392 
0.5548380 
0.5563381 
0.5206933 
0.5298381 
0.5308988 
0.5261242 
0.5293280 
0.5386575 
0.5252185 
0.5261725 
0.5223613 
0.5166380 
0.5241426 
0.5201101 
0.5118170 
0.4916575 
0.5160998 
0.4946243 
0.4909182 
0.5060913 
0.4906130 
0.5021503 
0.5005924 
0.5248984 
0.5283785 
0.5250863 
0.5235711 
0.5715066 
0.5440768 
0.5257176 
0.5180113 
0.5231547 
0.5625571 
0.5466126 
0.5423041 
0.5221456 
0.5413838 
0.5309133 
0.5244602 
0.5179598 
0.5295763 
0.5400276 
0.5351506 
0.5521984 
0.5637899 
0.5547601 
0.5315563 
0.5406148 
0.5238663 
0.5088217 
0.5016872 
0.5344160 
0.5776806 
0.5797727 
0.5645761 
0.5587764 
0.5645865 
0.5574769 
0.5458429 
0.5386797 
0.5594354 
0.5482525 
0.5727452 
0.5768389 
0.5755382 
0.5586469 
0.5767556 
0.5803489 
0.5827771 
0.5912599 
0.5853272 
0.5828075 
0.5723777 
0.5938390 
0.5925333 
0.5887226 
0.5819376 
0.5789434 
0.5820010 
0.5519380 
0.5448234 
0.5367495 
0.5518837 
0.5748136 
0.6306891 
0.6302224 
0.6251564 
0.5394474 
0.5445373 
0.5387523 
0.5315226 
0.5468685 
0.5358113 
0.5206945 
0.5168108 
0.5501879 
0.5706437 
0.5673255 
0.5637267 
0.5537836 
0.5609169 
0.5773017 
0.5646398 
0.5643254 
0.5725305 
0.5787879 
0.5743277 
0.5846076 
0.5984893 
0.5798106 
0.5324452 
0.5584710 
0.5898022 
0.5845114 
0.6049568 
0.6115823 
0.5949544 
0.5874422 
0.5578581 
0.5829074 
0.5765993 
0.5998900 
0.5721752 
0.5740204 
0.5724651 
0.5833461 
0.5858921 
0.5841499 
0.5803657 
0.5780569 
0.5790851 
0.5747560 
0.5642933 
0.5782380 
0.5777038 
0.5709662 
0.5805754 
0.5530751 
0.5661761 
0.5772749 
0.5996444 
0.5917385 
0.5848587 
0.5662309 
0.5851214 
0.6428820 
0.6080809 
0.5855429 
0.5946467 
0.5885316 
0.5810477 
0.5847780 
0.5968737 
0.6127103 
0.6028851 
0.5989827 
0.6091217 
0.5672828 
0.5650018 
0.5761841 
0.5677905 
0.5525241 
0.6049474 
0.5923025 
0.6003790 
0.6121356 
0.6070317 
0.5841158 
0.6051263 
0.6196286 
0.6256080 
0.6238221 
0.6128918 
0.6362709 
0.6188062 
0.6254994 
0.6317547 
0.6437175 
0.6363639 
0.6227932 
0.6442970 
0.6104364 
0.5991701 
0.6607204 
0.6612917 
0.6224772 
0.5932101 
0.5972934 
0.6128874 
0.5699816 
0.5507633 
0.5719031 
0.5276844 
0.5539762 
0.5419947 
0.5334928 
0.5708499 
0.5985102 
0.6644840 
0.6367010 
0.6353526 
0.6259455 
0.5912283 
0.5835569 
0.5414029 
0.5496026 
0.5234868 
0.5209933 
0.5363561 
0.5358234 
0.5061628 
0.5348251 
0.5530673 
0.5512234 
0.5377877 
0.5474414 
0.5330230 
0.5437665 
0.5655899 
0.5424020 
0.5331515 
0.5228501 
0.5391055 
0.5332297 
0.5237286 
0.5416215 
0.5705207 
0.5695995 
0.5587509 
0.5574320 
0.5096681 
0.5280588 
0.5551653 
0.5500058 
0.5271085 
0.5504519 
0.5512086 
0.5441739 
0.5433932 
0.5614108 
0.5820761 
0.5765448 
0.5839056 
0.5710925 
0.5799192 
0.5528268 
0.5544031 
0.5737576 
0.5781412 
0.5975447 
0.6037979 
0.6027948 
0.6154687 
0.6136108 
0.6166974 
0.6328691 
0.6495516 
0.6526276 
0.6379834 
0.6260312 
0.6581300 
0.6377923 
0.6238559 
0.6137892 
0.6313393 
0.6463614 
0.6352909 
0.6586454 
0.6307397 
0.6975899 
0.6899105 
0.6448134 
0.6265079 
0.6604181 
0.6236245 
0.6102298 
0.6100094 
0.6150904 
0.6051015 
0.5963466 
0.5996261 
0.6217750 
0.5903144 
0.6051164 
0.6171542 
0.6125975 
0.6070062 
0.5790413 
0.6023952 
0.6022338 
0.6170793 
0.6164193 
0.6078532 
0.5594543 
0.5831218 
0.5772415 
0.5937024 
0.6094598 
0.6036384 
0.6141058 
0.6212660 
0.5866682 
0.6106903 
0.5949418 
0.6105340 
0.5870523 
0.6047887 
0.5793962 
0.5939094 
0.5844460 
0.6118824 
0.6200160 
0.6120037 
0.5992991 
0.6457508 
0.6377226 
0.6532761 
0.6336934 
0.6625517 
0.6449901 
0.6713901 
0.6526708 
0.6634090 
0.7023618 
0.6857480 
0.6809174 
0.6673822 
0.6968671 
0.6678618 
0.6907477 
0.6896028 
0.6836197 
0.6596637 
0.6851541 
0.6636931 
0.6410143 
0.6502503 
0.6603307 
0.6736650 
0.6827649 
0.6949205 
0.6973039 
0.6980810 
0.6785817 
0.6268116 
0.5898124 
0.5805687 
0.5709173 
0.5470330 
0.5310566 
0.5861075 
0.5996542 
0.5934260 
0.5823578 
0.5790495 
0.5853811 
0.5788557 
0.6040589 
0.5772444 
0.5950906 
0.6111571 
0.5867551 
0.5781240 
0.6042208 
0.6154266 
0.6088993 
0.6259774 
0.6375707 
0.6149340 
0.5998990 
0.5796753 
0.5554746 
0.5437003 
0.5686524 
0.6035351 
0.5918036 
0.5374488 
0.5260525 
0.5609000 
0.5828871 
0.5670054 
0.5830449 
0.5976898 
0.6271246 
0.6931128 
0.7500772 
0.7809798 
0.8546378 
0.8474706 
0.8619670 
0.8605229 
0.8666011 
0.8546835 
0.8711256 
0.8850387 
0.8950427 
0.8710516 
0.8490040 
0.7639590 
0.7301443 
0.7397744 
0.6995838 
0.6979796 
0.7133028 
0.7168111 
0.7040496 
0.6997259 
0.6610559 
0.6386610 
0.6545769 
0.6793240 
0.6846063 
0.6972357 
0.7306950 
0.7306913 
0.7105247 
0.7445800 
0.7570397 
0.7350354 
0.7168206 
0.6700225 
0.6617351 
0.7002366 
0.6829481 
0.6809638 
0.6886375 
0.6937714 
0.6982358 
0.6392684 
0.6278494 
0.6100544 
0.6460700 
0.6610095 
0.6697770 
0.7024762 
0.7328183 
0.7371469 
0.7272987 
0.7349042 
0.7245758 
0.7202687 
0.7263691 
0.6889886 
0.6875498 
0.6972055 
0.7070332 
0.7171030 
0.6928379 
0.6847003 
0.6607754 
0.6869767 
0.6513293 
0.6606449 
0.6396494 
0.6567421 
0.6618455 
0.6620206 
0.6845768 
0.7028889 
0.6853427 
0.6648317 
0.6672790 
0.6760778 
0.7013064 
0.6941018 
0.6956811 
0.7036594 
0.6987000 
0.7018247 
0.6908546 
0.7259027 
0.7266846 
0.7305713 
0.7243991 
0.7002560 
0.7071737 
0.7297937 
0.6980245 
0.7100900 
0.6826500 
0.6713521 
0.7054503 
0.7117467 
0.7132589 
0.6949424 
0.7150842 
0.7267466 
0.7353178 
0.7376750 
0.7408789 
0.7588484 
0.7618124 
0.7277486 
0.7500455 
0.7362739 
0.7346155 
0.7275142 
0.7626520 
0.7606451 
0.7996089 
0.7793360 
0.7828869 
0.7732810 
0.7447707 
0.7402048 
0.7188001 
0.7357763 
0.7463167 
0.7409493 
0.7561812 
0.7520776 
0.7663586 
0.7767675 
0.8098993 
0.8415492 
0.8623694 
0.8685670 
0.8810233 
0.8869937 
0.8816476 
0.8956473 
0.9024462 
0.9720123 
1.0000000 
0.9997227 
0.9153778 
0.8725243 
0.8474534 
0.7833691 
0.7346170 
0.7114918 
0.7136489 
0.7325331 
0.7373964 
0.7199754 
0.7309084 
0.7314064 
0.7422291 
0.7844909 
0.7455527 
0.7285661 
0.7225606 
0.7356422 
0.7336696 
0.7671572 
0.7592405 
0.7764974 
0.7755705 
0.7814586 
0.7951897 
0.7733071 
0.7940170 
0.7925342 
0.7764144 
0.7790785 
0.7791444 
0.7696351 
0.7361412 
0.7636234 
0.7362604 
0.7794845 
0.7577118 
0.7552191 
0.7744624 
0.7561659 
0.7346003 
0.7221656 
0.6880425 
0.6990240 
0.6781695 
0.6944030 
0.6908734 
0.6777829 
0.7086919 
0.7151405 
0.6882238 
0.7041057 
0.6873060 
0.6953844 
0.7222237 
0.7123392 
0.7127469 
0.7021951 
0.7506813 
0.7794283 
0.7688355 
0.7770579 
0.7775827 
0.7647380 
0.7436788 
0.7601490 
0.7605695 
0.7644647 
0.7463550 
0.7603910 
0.7594784 
0.7682355 
0.7965738 
0.7641973 
0.7672965 
0.7822778 
0.7692913 
0.7700355 
0.7380176 
0.7319563 
0.7532592 
0.7503199 
0.7548389 
0.7488347 
0.7614786 
0.7641861 
0.7484064 
0.7351254 
0.7301764 
0.7154283 
0.7352315 
0.7284707 
0.7391323 
0.7859192 
0.7655088 
0.7555111 
0.7609568 
0.7765190 
0.7633067 
0.7772298 
0.7845601 
0.7911274 
0.7727712 
0.7458467 
0.7699819 
0.7680565 
0.7740461 
0.7622865 
0.7729253 
0.7570881 
0.7457167 
0.7518658 
0.7378783 
0.7475029 
0.7473950 
0.7249312 
0.7390766 
0.7410270 
0.7483854 
0.7103659 
0.6978235 
0.7058235 
0.7330651 
0.7760233 
0.7910263 
0.7648490 
0.7666760 
0.7276749 
0.7128846 
0.7403495 
0.7342494 
0.7056498 
0.7297799 
0.7041953 
0.7085903 
0.7120110 
0.7267636 
0.7239132 
0.7275259 
0.6993521 
0.6636348 
0.6357856 
0.6603828 
0.7001253 
0.7393959 
0.7621941 
0.7458506 
0.7245594 
0.7260647 
0.7126325 
0.7188833 
0.7180660 
0.7124193 
0.6922046 
0.7208590 
0.7107244 
0.7100889 
0.7198397 
0.7030846 
0.7281460 
0.7090025 
0.7073356 
0.7084974 
0.6957254 
0.6726514 
0.6583764 
0.6644509 
0.6441485 
0.6768143 
0.7261343 
0.6936282 
0.7036324 
0.6611807 
0.6686985 
0.6482342 
0.6481822 
0.6527120 
0.6552877 
0.6271153 
0.6442940 
0.6451443 
0.6660742 
0.6480209 
0.6188013 
0.6297596 
0.6000567 
0.6236344 
0.6314429 
0.5987439 
0.6138702 
0.5930995 
0.5969018 
0.5673845 
0.5624550 
0.5541729 
0.5731135 
0.5456392 
0.5436344 
0.5319957 
0.5339355 
0.5179703 
0.4992870 
0.5038371 
0.5130032 
0.5020922 
0.5505695 
0.5435773 
0.5173083 
0.5326514 
0.5516878 
0.5317113 
0.5401011 
0.5135435 
0.5114717 
0.5011426 
0.5176772 
0.5074505 
0.5046653 
0.4898569 
0.5001954 
0.5342512 
0.5543140 
0.5576344 
0.5553476 
0.5775279 
0.5850827 
0.5884635 
0.5563949 
0.5451783 
0.5384680 
0.5828282 
0.5779683 
0.5800159 
0.5483683 
0.5176084 
0.5125263 
0.5173270 
0.5253731 
0.4787928 
0.4674089 
0.4736707 
0.4885078 
0.4623286 
0.4942058 
0.4773303 
0.4532403 
0.4202077 
0.4187406 
0.4302895 
0.4190536 
0.4443191 
0.4520533 
0.4355371 
0.4211178 
0.4213458 
0.4427709 
0.4227328 
0.4124693 
0.3744512 
0.3849291 
0.3387224 
0.3610557 
0.3773083 
0.3499648 
0.3369644 
0.3277013 
0.3303525 
0.3163258 
0.2945558 
0.3139943 
0.3267672 
0.3430452 
0.3609295 
0.3648603 
0.3566511 
0.3641872 
0.3713096 
0.3593584 
0.3538405 
0.3478630 
0.3103715 
0.3231883 
0.3044650 
0.3037528 
0.2998461 
0.2864863 
0.2880204 
0.2741582 
0.2673489 
0.2889761 
0.2837096 
0.2823761 
0.2783657 
0.2833343 
0.2923669 
0.2844808 
0.2913623 
0.2990320 
0.3135958 
0.3336554 
0.3530721 
0.3547375 
0.3610189 
0.3683430 
0.3639733 
0.3520032 
0.3546961 
0.3679414 
0.3584504 
0.3611063 
0.3703384 
0.3563222 
0.3596896 
0.3479104 
0.3309733 
0.3584627 
0.3536624 
0.3422787 
0.3459054 
0.3357619 
0.3300931 
0.3185119 
0.2990711 
0.2855756 
0.2773675 
0.2775476 
0.2498491 
0.2811498 
0.2586659 
0.2760856 
0.2704409 
0.2462898 
0.2665395 
0.2643002 
0.2833054 
0.2827620 
0.3033687 
0.3154277 
0.3270258 
0.3292292 
0.3272782 
0.2886792 
0.2654125 
0.2594148 
0.3000383 
0.3000280 
0.3002302 
0.2914718 
0.2928159 
0.2856299 
0.2654217 
0.2485040 
0.2341441 
0.2247699 
0.2307521 
0.2127239 
0.2075467 
0.1892672 
0.1954078 
0.1658390 
0.1418654 
0.1329871 
0.1462187 
0.1481103 
0.1242221 
0.1247710 
0.1450242 
0.1081374 
0.0985987 
0.1237350 
0.0939580 
0.0973759 
0.0924866 
0.1018335 
0.0895946 
0.0714683 
0.1090230 
0.1384972 
0.1468868 
0.1160303 
0.1146618 
0.1216862 
0.1310192 
0.1424166 
0.1387165 
0.1480680 
0.1549259 
0.1350150 
0.1322930 
0.1085512 
0.1191629 
0.1298812 
0.1202875 
0.0917704 
0.1017556 
0.0938431 
0.0844391 
0.1013043 
0.1036132 
0.1022465 
0.1239825 
0.0957893 
0.0733290 
0.0690969 
0.0746346 
0.0878470 
0.0675198 
0.0724009 
0.0386464 
0.0722109 
0.0824361 
0.0937133 
0.1200621 
0.1233758 
0.1167975 
0.1315735 
0.1497028 
0.1169420 
0.2049570 
0.1984214 
0.1793560 
0.1845074 
0.1839845 
0.2133413 
0.2201854 
0.1995679 
0.1820661 
0.1947118 
0.1957198 
0.1601592 
0.1649699 
0.1501605 
0.1621749 
0.1544983 
0.1595432 
0.1728977 
0.1850401 
0.1926906 
0.1579980 
0.1535021 
0.1246831 
0.1069521 
0.0523748 
0.0687675 
0.0433184 
0.0363452 
0.0185148 
0.0000000 
0.0094826 
0.0093877 
0.0284135 
0.0309051 
0.0340734 
0.0475729 
0.0220474 
0.0313891 
0.0348548 
0.0426476 
0.0613530 
0.1136172 
0.1442846 
0.2199779 
0.2557747 
0.3303365 
0.4639553 
0.4942086 
0.5101447 
0.5010974 
0.5038740 
0.5089735 
0.4880138 
0.4834881 
0.5126742 
0.5396493 
0.5208819 
0.5474361 
0.5467030 
0.5283249 
0.5045586 
0.5270591 
0.5303529 
0.5125327 
0.4978497 
0.4814350 
0.4845658 
0.4951060 
0.5028839 
0.4868553 
0.4707476 
0.4642079 
0.4454327 
0.3936495 
0.3727829 
0.3799436 
0.3586207 
0.3461028 
0.3488949 
0.3087825 
0.2936732 
0.2790372 
0.2870839 
0.2800246 
0.2311943 
0.2078234 
0.2095653 
0.2254306 
0.2514647 
0.2490566 
0.2539019 
0.2451401 
0.2494549 
0.3068917 
0.2566698 
0.2338748 
0.2456866 
0.2761604 
0.2659240 
0.2456481 
0.2470562 
0.2355991 
0.2608825 
0.2315293 
0.2087871 
0.2309099 
0.2540530 
0.2443434 
0.2620435 
0.2486570 
0.2493035 
0.2249331 
0.2027664 
0.2237273 
0.2113156 
0.1812988 
0.2047274 
0.1932102 
0.1788254 
0.1920119 
0.1887455 
0.1591506 
0.1751584 
0.1747552 
0.1804995 
0.1756935 
0.1527785 
0.1594550 
0.1593854 
0.1539809 
0.1392507 
0.1361118 
0.1410094 
0.1601038 
0.1395540 
0.1254151 
0.1655569 
0.1761927 
0.1966124 
0.1985999 
0.1918673 
0.2090101 
0.2098903 
0.1898188 
0.1954070 
0.1910333 
0.2053622 
0.2017896 
0.2267486 
0.2274419 
0.2382905 
0.2206331 
0.2327302 
0.2447280 
0.2562592 
0.2469032 
0.2343087 
0.2284238 
0.2214746 
0.1979394 
0.2080860 
0.1917041 
0.2057589 
0.2130977 
0.2320376 
0.2406034 
0.2408977 
0.2387784 
0.2396866 
0.2557597 
0.2479017 
0.2177496 
0.2157435 
0.1935975 
0.2303359 
0.2215478 
0.2448747 
0.2531084 
0.2616730 
0.2761976 
0.2418909 
0.2544702 
0.2711733 
0.2676364 
0.2758172 
0.2863770 
0.3090468 
0.3301253 
0.3690757 
0.3733135 
0.3989241 
0.4142110 
0.4281422 
0.4342013 
0.4221554 
0.4359387 
0.4094417 
0.4101768 
0.3550466 
0.3215758 
0.3322293 
0.3409488 
0.3651553 
0.3707710 
0.3779953 
0.3628514 
0.3778480 
0.3821133 
0.3770512 
0.3767336 
0.3974647 
0.4274290 
0.4442964 
0.4886758 
0.4957360 
0.5227550 
0.5162234 
0.5023800 
0.5026402 
0.4722527 
0.4876412 
0.4127314 
0.4290788 
0.4566863 
0.4612920 
0.4918540 
0.5024008 
0.5611406 
0.5867420 
0.5893558 
0.5756170 
0.5694891 
0.6149383 
0.6368804 
0.6221865 
0.6120239 
0.6031202 
0.5986628 
0.6046329 
0.5948535 
0.5948959 
0.6071339 
0.6150082 
0.6223317 
0.6304701 
0.6210810 
0.6135860 
0.5905645 
0.5617402 
0.5692487 
0.5649625 
0.5529294 
0.5606519 
0.5369945 
0.5370678 
0.5225635 
0.5227326 
0.5335731 
0.5400342 
0.5320024 
0.5442573 
0.5599036 
0.5694166 
0.5378540 
0.5463135 
0.5438379 
0.5359545 
0.5181874 
0.5209524 
0.5061342 
0.4709262 
0.4656410 
0.4365568 
0.4468323 
0.4388318 
0.4490743 
0.4298672 
0.4274871 
0.3993821 
0.3741458 
0.3658776 
0.3570739 
0.3401121 
0.3309754 
0.3291615 
0.2923885 
0.3082014 
0.2837927 
0.2558640 
0.2708684 
0.2749429 
0.2664304 
0.2606971 
0.2753151 
0.2762347 
0.2367973 
0.2441856 
0.2204976 
0.1947555 
0.1834937 
0.1886787 
0.1829773 
0.1912098 
0.2035654 
0.2028388 
0.2010684 
0.2328114 
0.2206279 
0.2274115 
0.2136850 
0.1995615 
0.2149946 
0.2190434 
0.1964179 
0.2003513 
0.1692423 
0.1721749 
0.1717991 
0.2001629 
0.1841143 
0.1760861 
0.1834986 
0.1627863 
0.1563181 
0.1624624 
0.1649575 
0.1584236 
0.1730750 
0.1944856 
0.1689979 
0.1890529 
0.1883046 
0.2256344 
0.1963725 
0.2099493 
0.2107154 
0.1850665 
0.2107376 
0.1875341 
0.1732839 
0.1853484 
0.1683901 
0.1489014 
0.1436225 
0.1701610 
0.1866770 
0.1913258 
0.1925429 
0.1988958 
0.1700405 
0.1568691 
0.1692304 
0.1610164 
0.1715635 
0.1829911 
0.2064445 
0.1802126 
0.1750918 
0.2129005 
0.2179656 
0.2046098 
0.1696066 
0.1779445 
0.2186639 
0.1684960 
0.1706103 
0.1736868 
0.1642254 
0.1653823 
0.1666627 
0.1996587 
0.1912368 
0.1896199 
0.2159652 
0.1781893 
0.1922111 
0.1940043 
0.1678624 
0.1602231 
0.1524923 
0.1673811 
0.1401144 
0.1326329 
0.1568279 
0.1739974 
0.2044745 
0.1956785 
0.2074883 
0.2198637 
0.2268905 
0.2079370 
0.2284585 
0.2825208 
0.2684648 
0.2811090 
0.2940757 
0.2690383 
0.2881774 
0.2899302 
0.2848167 
0.2799273 
0.2577658 
0.2857016 
0.2783007 
0.2836249 
0.2777449 
0.2410080 
0.2762602 
0.2518273 
0.2600306 
0.2881028 
0.2892068 
0.2792441 
0.2533637 
0.2337506 
0.2419053 
0.2496037 
0.2888024 
0.3207430 
0.3042013 
0.2775502 
0.2606199 
0.2819556 
0.3199315 
0.3226394 
0.3116712 
0.3554926 
0.3309733 
0.3304815 
0.3355991 
0.3248429 
0.3423539 
0.3240049 
0.3361370 
0.3253274 
0.3325396 
0.3031637 
0.2770743 
0.2606440 
0.2793746 
0.2914693 
0.2772872 
0.2401591 
0.2432235 
0.2282318 
0.2135887 
0.2151341 
0.2053806 
0.2142038 
0.2161273 
0.2330829 
0.1867821 
0.1616474 
0.1750474 
0.1968395 
0.1960848 
0.1881102 
0.2052613 
0.1831601 
0.1809823 
0.1728887 
0.1919309 
0.1683160 
0.1642121 
0.1697090 
0.1633556 
0.1637183 
0.1913517 
0.1948806 
0.2243377 
0.1911165 
0.1882502 
0.1944746 
0.1698070 
0.1879509 
0.1778104 
0.1678518 
0.1558702 
0.1636146 
0.1715333 
0.1799841 
0.1681944 
0.1816661 
0.2015474 
0.2030199 
0.1725157 
0.1636570 
0.1800860 
0.1931413 
0.1708009 
0.1803506 
0.1490593 
0.1358847 
0.1405461 
0.1666640 
0.1846858 
0.1553338 
0.1448684 
0.1403593 
0.1504185 
0.1580938 
0.1856340 
0.1827768 
0.2007711 
0.1705523 
0.1835393 
0.1830445 
0.1854122 
0.1683910 
0.1661748 
0.1720005 
0.1584140 
0.1482807 
0.1495072 
0.1496742 
0.1671786 
0.1530148 
0.1551967 
0.1503190 
0.1557303 
0.1626837 
0.1729431 
0.1760619 
0.1963794 
0.1951329 
0.1892728 
0.2124463 
0.2425694 
0.2751542 
0.2445102 
0.1713398 
0.1791340 
0.1839149 
0.1894448 
0.1991795 
0.1816650 
0.2007592 
0.1884564 
0.1737954 
0.1793059 
0.1694394 
0.1636168 
0.1646754 
0.1775982 
0.1915408 
0.2108416 
0.1801191 
0.2320995 
0.2177257 
0.1907790 
0.1787767 
0.1981475 
0.2436427 
0.2713985 
0.2524256 
0.2871779 
0.2958761 
0.3083357 
0.2982140 
0.2688042 
0.2839729 
0.2387930 
0.2400275 
0.2208490 
0.2320092 
0.2318576 
0.2065846 
0.2091051 
0.2033144 
0.1776691 
0.1540181 
0.1685754 
0.1586342 
0.1838821 
0.2015981 
0.1901743 
0.2046591 
0.1926691 
0.1942472 
0.1901048 
0.2251999 
0.2057309 
0.1553608 
0.1471435 
0.1474752 
0.1512314 
0.1870400 
0.1812725 
0.1776388 
0.1639029 
0.1770390 
0.1654516 
0.1720729 
0.1862093 
0.1608985 
0.1778639 
