0.0000545 
0.0001254 
-0.0001049 
-0.4408983 
0.1325889 
-0.0238926 
0.9909281 
0.9897239 
0.9918865 
0.9948436 
0.9924285 
0.9969206 
0.9964209 
1.0000000 
0.9906477 
0.9906352 
0.9897318 
0.9815020 
0.9799556 
0.9774414 
0.9818022 
0.9719360 
0.9713205 
0.9774899 
0.9785529 
0.9738403 
0.9771079 
0.9732882 
0.9657474 
0.9599288 
0.9635170 
0.9665695 
0.9673692 
0.9730860 
0.9701857 
0.9728014 
0.9637754 
0.9635648 
0.9632505 
0.9663212 
0.9668143 
0.9610587 
0.9600964 
0.9599379 
0.9464839 
0.9463367 
0.9498492 
0.9477816 
0.9471529 
0.9462688 
0.9450908 
0.9448275 
0.9520206 
0.9565099 
0.9619219 
0.9599167 
0.9653540 
0.9524646 
0.9476322 
0.9533139 
0.9468173 
0.9489214 
0.9531720 
0.9519118 
0.9509623 
0.9511514 
0.9474110 
0.9426581 
0.9423425 
0.9359764 
0.9240210 
0.9238689 
0.9234160 
0.9241139 
0.9303892 
0.9361556 
0.9325879 
0.9299702 
0.9306021 
0.9145695 
0.9143688 
0.9153745 
0.9192316 
0.9243353 
0.9199862 
0.9173900 
0.9143570 
0.9098745 
0.9148683 
0.9135301 
0.9159593 
0.9193812 
0.9134569 
0.9100396 
0.9137312 
0.9090263 
0.9007761 
0.8988089 
0.9008192 
0.8972309 
0.8959342 
0.8929764 
0.8967376 
0.8997390 
0.8973499 
0.8878765 
0.8821672 
0.8826977 
0.8837269 
0.8878603 
0.8874623 
0.8886285 
0.8950521 
0.8929696 
0.8827594 
0.8826795 
0.8840530 
0.8836135 
0.8802925 
0.8789815 
0.8845977 
0.8815962 
0.8793710 
0.8759039 
0.8711976 
0.8713772 
0.8742142 
0.8742802 
0.8745168 
0.8723316 
0.8690736 
0.8726197 
0.8778061 
0.8770186 
0.8727842 
0.8768463 
0.8821084 
0.8841974 
0.8833366 
0.8808877 
0.8825335 
0.8765642 
0.8756329 
0.8747155 
0.8779108 
0.8737789 
0.8751927 
0.8782796 
0.8745073 
0.8687757 
0.8692591 
0.8651607 
0.8598698 
0.8624286 
0.8528934 
0.8523345 
0.8583290 
0.8577286 
0.8590330 
0.8567227 
0.8561041 
0.8546548 
0.8534917 
0.8535817 
0.8518932 
0.8563723 
0.8632597 
0.8634679 
0.8667991 
0.8636521 
0.8641175 
0.8563758 
0.8647696 
0.8656867 
0.8660921 
0.8651251 
0.8595093 
0.8598658 
0.8545815 
0.8575076 
0.8622325 
0.8599162 
0.8567233 
0.8610773 
0.8580655 
0.8510170 
0.8465710 
0.8427819 
0.8463973 
0.8487750 
0.8472087 
0.8439394 
0.8471218 
0.8448737 
0.8461296 
0.8476693 
0.8514478 
0.8514550 
0.8469763 
0.8502345 
0.8467963 
0.8457927 
0.8491057 
0.8514971 
0.8520456 
0.8506379 
0.8481835 
0.8416933 
0.8414914 
0.8359714 
0.8294337 
0.8299599 
0.8271081 
0.8249706 
0.8210646 
0.8268772 
0.8285410 
0.8355216 
0.8445009 
0.8395019 
0.8511636 
0.8483464 
0.8518588 
0.8502763 
0.8475490 
0.8493841 
0.8448744 
0.8412656 
0.8344934 
0.8338807 
0.8281299 
0.8268071 
0.8264228 
0.8285815 
0.8399340 
0.8308396 
0.8229581 
0.8234739 
0.8262779 
0.8301363 
0.8323538 
0.8354536 
0.8357207 
0.8272007 
0.8313179 
0.8351407 
0.8304222 
0.8282749 
0.8298236 
0.8274988 
0.8320211 
0.8260687 
0.8213613 
0.8225724 
0.8235092 
0.8133349 
0.8100810 
0.8136708 
0.8117771 
0.8115885 
0.8065128 
0.8092742 
0.8037434 
0.8038393 
0.8054219 
0.8073543 
0.8065264 
0.8110765 
0.8146074 
0.8141662 
0.8156878 
0.8170290 
0.8092852 
0.8070385 
0.8064958 
0.8107878 
0.8140946 
0.8156614 
0.8209550 
0.8198051 
0.8185891 
0.8248107 
0.8249808 
0.8223414 
0.8229664 
0.8227340 
0.8145189 
0.8195555 
0.8213450 
0.8217414 
0.8285748 
0.8213408 
0.8197263 
0.8196714 
0.8190154 
0.8215327 
0.8173286 
0.8140588 
0.8108813 
0.8126952 
0.7940181 
0.7937736 
0.7954439 
0.7966669 
0.7998503 
0.8012044 
0.7957650 
0.7966944 
0.7947867 
0.7968333 
0.7972857 
0.7967173 
0.7982748 
0.8001744 
0.8026449 
0.8128118 
0.8044717 
0.8031104 
0.8032208 
0.7974411 
0.7974032 
0.7956154 
0.7984634 
0.7931320 
0.7828700 
0.7891920 
0.7875109 
0.7829039 
0.7868921 
0.7981495 
0.7956686 
0.7986296 
0.7980459 
0.7970438 
0.7939683 
0.7989605 
0.7901860 
0.7841781 
0.7850273 
0.7935300 
0.7969756 
0.7917514 
0.7896799 
0.7827777 
0.7791091 
0.7701889 
0.7669047 
0.7691639 
0.7701386 
0.7679301 
0.7676416 
0.7748025 
0.7783374 
0.7749889 
0.7699891 
0.7662971 
0.7682459 
0.7698276 
0.7633807 
0.7651052 
0.7592246 
0.7671529 
0.7661326 
0.7622501 
0.7636062 
0.7575632 
0.7563128 
0.7568819 
0.7644081 
0.7625926 
0.7599660 
0.7601721 
0.7555549 
0.7545592 
0.7579380 
0.7613058 
0.7600851 
0.7571785 
0.7558348 
0.7552371 
0.7465157 
0.7465620 
0.7516013 
0.7532166 
0.7467318 
0.7535704 
0.7551984 
0.7563257 
0.7600858 
0.7600293 
0.7569161 
0.7554394 
0.7540695 
0.7555389 
0.7531327 
0.7559562 
0.7616560 
0.7586481 
0.7580543 
0.7594572 
0.7561062 
0.7593414 
0.7545396 
0.7565132 
0.7556236 
0.7570878 
0.7590028 
0.7646633 
0.7616359 
0.7674654 
0.7769805 
0.7741945 
0.7683341 
0.7625656 
0.7629096 
0.7684083 
0.7652991 
0.7698904 
0.7660830 
0.7604725 
0.7589035 
0.7665079 
0.7718852 
0.7700636 
0.7667259 
0.7629544 
0.7641946 
0.7596708 
0.7577599 
0.7620299 
0.7635386 
0.7673509 
0.7624060 
0.7594762 
0.7584398 
0.7571719 
0.7525626 
0.7546862 
0.7597245 
0.7503038 
0.7489363 
0.7598611 
0.7551130 
0.7477418 
0.7630949 
0.7602103 
0.7613705 
0.7610062 
0.7580293 
0.7531596 
0.7455523 
0.7487633 
0.7486210 
0.7547564 
0.7554474 
0.7490979 
0.7484293 
0.7510935 
0.7493969 
0.7492808 
0.7439881 
0.7381078 
0.7312974 
0.7342775 
0.7237053 
0.7253649 
0.7332197 
0.7370186 
0.7356893 
0.7366923 
0.7374666 
0.7399408 
0.7406447 
0.7343857 
0.7357814 
0.7339196 
0.7330862 
0.7401312 
0.7390179 
0.7445545 
0.7425397 
0.7365425 
0.7287039 
0.7256855 
0.7129308 
0.7128172 
0.7144862 
0.7282912 
0.7317723 
0.7337050 
0.7311148 
0.7301064 
0.7229662 
0.7265370 
0.7255851 
0.7220768 
0.7237335 
0.7244194 
0.7297937 
0.7376663 
0.7447382 
0.7407457 
0.7366022 
0.7313002 
0.7310119 
0.7302688 
0.7278147 
0.7271080 
0.7245350 
0.7273065 
0.7194710 
0.7167274 
0.7134148 
0.7079840 
0.7099365 
0.7068341 
0.7000910 
0.6913161 
0.6951740 
0.6915401 
0.6900997 
0.6878967 
0.6844486 
0.6753630 
0.6808152 
0.6822364 
0.6842619 
0.6928867 
0.6945740 
0.7002647 
0.7035914 
0.7103563 
0.7142240 
0.7226586 
0.7238783 
0.7279921 
0.7328926 
0.7373010 
0.7450267 
0.7429939 
0.7374816 
0.7417070 
0.7381654 
0.7374295 
0.7277606 
0.7218846 
0.7239945 
0.7232430 
0.7176767 
0.7116031 
0.7047791 
0.6923198 
0.6899295 
0.6913417 
0.6907401 
0.6823007 
0.6802816 
0.6873940 
0.6822055 
0.6828260 
0.6905886 
0.6963314 
0.6923759 
0.6954519 
0.7065399 
0.7093672 
0.7140993 
0.7205881 
0.7256398 
0.7319765 
0.7358982 
0.7376821 
0.7461955 
0.7402969 
0.7398181 
0.7325900 
0.7218803 
0.7255640 
0.7233713 
0.7125359 
0.7065029 
0.6991943 
0.6952486 
0.6963851 
0.6896978 
0.6855604 
0.6780230 
0.6772823 
0.6734576 
0.6725814 
0.6764724 
0.6726895 
0.6780216 
0.6755948 
0.6733465 
0.6717847 
0.6722316 
0.6738374 
0.6805731 
0.6721726 
0.6736083 
0.6746314 
0.6803423 
0.6821516 
0.6844206 
0.6952847 
0.6953984 
0.6974919 
0.6949494 
0.6954081 
0.6824944 
0.6869525 
0.6800078 
0.6806586 
0.6822363 
0.6814120 
0.6754861 
0.6765888 
0.6716686 
0.6684700 
0.6699584 
0.6624903 
0.6588404 
0.6678370 
0.6593525 
0.6663115 
0.6665688 
0.6661129 
0.6696561 
0.6715368 
0.6721052 
0.6702330 
0.6709929 
0.6735719 
0.6732323 
0.6745968 
0.6748332 
0.6618072 
0.6620072 
0.6591023 
0.6580201 
0.6533381 
0.6537721 
0.6433287 
0.6406821 
0.6409022 
0.6359636 
0.6370601 
0.6368778 
0.6269063 
0.6252796 
0.6301383 
0.6365340 
0.6299483 
0.6337083 
0.6444472 
0.6440333 
0.6452867 
0.6461106 
0.6450329 
0.6467926 
0.6448127 
0.6385622 
0.6441960 
0.6484602 
0.6471025 
0.6505508 
0.6431375 
0.6456865 
0.6397785 
0.6414578 
0.6381941 
0.6401111 
0.6461766 
0.6457311 
0.6584648 
0.6541151 
0.6450604 
0.6480777 
0.6460469 
0.6414301 
0.6417657 
0.6395211 
0.6428455 
0.6403342 
0.6464079 
0.6524340 
0.6497748 
0.6486489 
0.6527937 
0.6506902 
0.6498657 
0.6565889 
0.6468062 
0.6479520 
0.6461284 
0.6472244 
0.6421217 
0.6512519 
0.6479645 
0.6537111 
0.6406985 
0.6399086 
0.6355114 
0.6392706 
0.6367681 
0.6349697 
0.6356154 
0.6297789 
0.6216470 
0.6244935 
0.6214431 
0.6258158 
0.6238495 
0.6297849 
0.6330454 
0.6354526 
0.6383656 
0.6424483 
0.6487852 
0.6517106 
0.6478303 
0.6453203 
0.6445995 
0.6521650 
0.6366882 
0.6204679 
0.6233732 
0.6199067 
0.6257249 
0.6209609 
0.6200366 
0.6288900 
0.6256230 
0.6228713 
0.6164312 
0.6280935 
0.6293434 
0.6250933 
0.6194283 
0.6215624 
0.6241874 
0.6215602 
0.6216518 
0.6218940 
0.6224570 
0.6286480 
0.6361477 
0.6398452 
0.6386973 
0.6389151 
0.6365051 
0.6235726 
0.6220488 
0.6197537 
0.6190076 
0.6198421 
0.6147232 
0.6203280 
0.6215613 
0.6190607 
0.6120810 
0.6069399 
0.6077053 
0.6076242 
0.6086857 
0.6057532 
0.6133262 
0.6101520 
0.6089376 
0.6125428 
0.6113511 
0.6151127 
0.6196464 
0.6254740 
0.6202473 
0.6265029 
0.6246438 
0.6331238 
0.6300659 
0.6267034 
0.6116058 
0.6217788 
0.6137804 
0.6125131 
0.6135562 
0.6072167 
0.6118829 
0.6218713 
0.6315628 
0.6249976 
0.6305049 
0.6316543 
0.6362504 
0.6313949 
0.6365554 
0.6348349 
0.6343369 
0.6241541 
0.6261255 
0.6297083 
0.6182001 
0.6188969 
0.6183060 
0.6231286 
0.6147195 
0.6228296 
0.6217684 
0.6190951 
0.6067471 
0.6164106 
0.6060549 
0.6085222 
0.6071291 
0.6030238 
0.6014117 
0.6049833 
0.6047651 
0.6044154 
0.6054502 
0.6063817 
0.6029897 
0.6034835 
0.6068462 
0.6050248 
0.6075341 
0.6108106 
0.6014817 
0.6021963 
0.6073833 
0.6013127 
0.6117705 
0.6113256 
0.6127249 
0.6092131 
0.6144792 
0.6133032 
0.6170807 
0.6143790 
0.6155625 
0.6103573 
0.6132767 
0.6155740 
0.6093999 
0.6044606 
0.6106076 
0.6092986 
0.6098180 
0.6088699 
0.5974840 
0.6012600 
0.5889757 
0.5859514 
0.5844080 
0.5794584 
0.5811934 
0.5852169 
0.5896450 
0.6015517 
0.5990695 
0.6012876 
0.6004879 
0.5994614 
0.5947186 
0.5879141 
0.5946581 
0.5897155 
0.5882482 
0.5797267 
0.5906736 
0.5967329 
0.6032601 
0.5998678 
0.6000039 
0.5988337 
0.5953537 
0.5899083 
0.5857872 
0.5895944 
0.5943866 
0.5968545 
0.6021160 
0.5951880 
0.5928838 
0.5974235 
0.5933865 
0.6013399 
0.5971790 
0.6012065 
0.5971726 
0.6007822 
0.6054601 
0.6065975 
0.6094313 
0.6085982 
0.6101654 
0.6119568 
0.6036451 
0.6055682 
0.5984188 
0.5917214 
0.5938194 
0.5871212 
0.5888217 
0.5881529 
0.5841482 
0.5803996 
0.5799623 
0.5844453 
0.5778269 
0.5857717 
0.5854015 
0.5840794 
0.5860713 
0.5870473 
0.5759265 
0.5757825 
0.5734123 
0.5727332 
0.5780283 
0.5749364 
0.5688740 
0.5661564 
0.5634146 
0.5631317 
0.5673127 
0.5600687 
0.5638109 
0.5672971 
0.5603071 
0.5562808 
0.5402174 
0.5340095 
0.5373032 
0.5326779 
0.5296531 
0.5304858 
0.5354392 
0.5392221 
0.5356110 
0.5353157 
0.5277483 
0.5323424 
0.5319608 
0.5388167 
0.5414600 
0.5479457 
0.5570573 
0.5587970 
0.5609354 
0.5573390 
0.5507791 
0.5412393 
0.5398355 
0.5391692 
0.5396065 
0.5358778 
0.5306525 
0.5404483 
0.5402985 
0.5410717 
0.5466267 
0.5431019 
0.5405013 
0.5420165 
0.5495466 
0.5426598 
0.5348511 
0.5333695 
0.5231183 
0.5272976 
0.5342012 
0.5421746 
0.5494187 
0.5491622 
0.5465363 
0.5492462 
0.5504194 
0.5441799 
0.5496559 
0.5440226 
0.5421117 
0.5452702 
0.5437726 
0.5381496 
0.5468264 
0.5408437 
0.5464214 
0.5420244 
0.5397525 
0.5339263 
0.5213710 
0.5225092 
0.5138608 
0.5156376 
0.5176369 
0.5213426 
0.5275318 
0.5261434 
0.5321180 
0.5421188 
0.5355170 
0.5330698 
0.5333158 
0.5344931 
0.5311771 
0.5349855 
0.5295151 
0.5349700 
0.5310789 
0.5296966 
0.5304386 
0.5284119 
0.5233639 
0.5260971 
0.5286324 
0.5314930 
0.5329276 
0.5290366 
0.5388262 
0.5339464 
0.5340697 
0.5246536 
0.5280305 
0.5212616 
0.5170709 
0.5209198 
0.5131453 
0.5142340 
0.5116900 
0.5216459 
0.5193034 
0.5190231 
0.5199577 
0.5182314 
0.5181037 
0.5207229 
0.5154541 
0.5152101 
0.5105977 
0.5130194 
0.5019074 
0.5039914 
0.5022769 
0.5033941 
0.5060149 
0.5058643 
0.5106400 
0.5072889 
0.5078741 
0.5086341 
0.5072066 
0.5029896 
0.5035775 
0.5091932 
0.5230553 
0.5277800 
0.5323728 
0.5318228 
0.5315014 
0.5322237 
0.5304333 
0.5250162 
0.5220775 
0.5137149 
0.5108160 
0.5060691 
0.5034524 
0.4967303 
0.5001337 
0.5037428 
0.5059575 
0.5065036 
0.5060657 
0.4969497 
0.4954616 
0.4964789 
0.4935805 
0.4953268 
0.4947537 
0.5069410 
0.5085300 
0.5011284 
0.5029334 
0.5079607 
0.5070456 
0.5100178 
0.5161501 
0.5115652 
0.5152533 
0.5163997 
0.5114684 
0.5050392 
0.5031471 
0.4998008 
0.5006096 
0.5013068 
0.4830926 
0.4876822 
0.4842733 
0.4904252 
0.4910566 
0.4899803 
0.4894854 
0.4872964 
0.4886884 
0.4899546 
0.4817410 
0.4819542 
0.4826196 
0.4966303 
0.4955964 
0.4915510 
0.4878200 
0.4766831 
0.4748519 
0.4644982 
0.4653995 
0.4651048 
0.4648973 
0.4644458 
0.4791321 
0.4779580 
0.4756949 
0.4783664 
0.4799967 
0.4703599 
0.4710529 
0.4633350 
0.4687035 
0.4710964 
0.4746715 
0.4726363 
0.4736946 
0.4782630 
0.4868078 
0.4856449 
0.4825408 
0.4857208 
0.4894597 
0.4896457 
0.4921740 
0.4896448 
0.4903752 
0.4794885 
0.4819896 
0.4890742 
0.4901076 
0.4894926 
0.4832085 
0.4826979 
0.4764772 
0.4726026 
0.4729713 
0.4589458 
0.4593782 
0.4617923 
0.4611721 
0.4635643 
0.4664109 
0.4616624 
0.4622719 
0.4743415 
0.4692697 
0.4655235 
0.4533592 
0.4524792 
0.4559494 
0.4462804 
0.4459536 
0.4520457 
0.4506946 
0.4559912 
0.4562344 
0.4552816 
0.4607940 
0.4631627 
0.4603919 
0.4651018 
0.4616898 
0.4652234 
0.4622732 
0.4599593 
0.4500301 
0.4406557 
0.4342715 
0.4338159 
0.4350354 
0.4315861 
0.4309892 
0.4344217 
0.4337449 
0.4350635 
0.4335058 
0.4330327 
0.4354490 
0.4366654 
0.4453835 
0.4811823 
0.4898454 
0.4901847 
0.4934966 
0.4920573 
0.4863714 
0.4727558 
0.4626153 
0.4596346 
0.4550525 
0.4489680 
0.4470908 
0.4444355 
0.4401701 
0.4409994 
0.4369480 
0.4321213 
0.4265320 
0.4226288 
0.4183570 
0.4198461 
0.4212574 
0.4211461 
0.4261101 
0.4255475 
0.4321076 
0.4320843 
0.4308353 
0.4299669 
0.4274713 
0.4318803 
0.4255624 
0.4278008 
0.4343251 
0.4313913 
0.4296601 
0.4402515 
0.4309477 
0.4310990 
0.4320332 
0.4275076 
0.4257961 
0.4249448 
0.4258738 
0.4151960 
0.4179104 
0.4187051 
0.4210437 
0.4239302 
0.4229281 
0.4251941 
0.4185237 
0.4270818 
0.4283347 
0.4286344 
0.4188484 
0.4129703 
0.4125578 
0.4037781 
0.4052931 
0.4092195 
0.4087178 
0.4130712 
0.4132729 
0.4151713 
0.4121440 
0.4120986 
0.4029699 
0.4013083 
0.4054829 
0.4046638 
0.4030275 
0.4016046 
0.3988335 
0.4040948 
0.3967695 
0.3930061 
0.3925923 
0.3872862 
0.3949829 
0.3962645 
0.3898667 
0.3919803 
0.3927895 
0.3956770 
0.4042737 
0.4045050 
0.3951257 
0.3933774 
0.3947532 
0.3909506 
0.3952434 
0.4021648 
0.4222513 
0.4228255 
0.4237464 
0.4202897 
0.4206058 
0.4072406 
0.4029106 
0.3992106 
0.3935471 
0.3968648 
0.3981768 
0.3957737 
0.3925893 
0.3955348 
0.3913989 
0.3920087 
0.3804960 
0.3777087 
0.3807321 
0.3807398 
0.3843654 
0.3789247 
0.3766708 
0.3848021 
0.3828512 
0.3810976 
0.3835045 
0.3959676 
0.3947980 
0.3963013 
0.3877761 
0.3813382 
0.3731406 
0.3712689 
0.3705513 
0.3648715 
0.3703979 
0.3695130 
0.3650054 
0.3667893 
0.3656404 
0.3638748 
0.3558229 
0.3565782 
0.3534684 
0.3490644 
0.3537979 
0.3468608 
0.3495550 
0.3462536 
0.3528230 
0.3522083 
0.3573068 
0.3526922 
0.3601382 
0.3648804 
0.3670805 
0.3662811 
0.3662210 
0.3574624 
0.3623663 
0.3618346 
0.3637207 
0.3637126 
0.3645802 
0.3624476 
0.3679113 
0.3662010 
0.3702759 
0.3683865 
0.3667359 
0.3644181 
0.3651437 
0.3691148 
0.3680034 
0.3649926 
0.3675181 
0.3618828 
0.3646992 
0.3622997 
0.3639202 
0.3618732 
0.3604485 
0.3670719 
0.3629840 
0.3654187 
0.3686199 
0.3757029 
0.3730322 
0.3807281 
0.3804815 
0.3776912 
0.3835904 
0.3772130 
0.3757540 
0.3645716 
0.3595781 
0.3558757 
0.3542491 
0.3493692 
0.3472044 
0.3582080 
0.3604590 
0.3596323 
0.3631933 
0.3661309 
0.3669153 
0.3641403 
0.3602938 
0.3587362 
0.3626005 
0.3538225 
0.3695372 
0.3856862 
0.4058020 
0.4027460 
0.4115338 
0.4145720 
0.4090904 
0.3919454 
0.3898407 
0.3891561 
0.3792606 
0.3805104 
0.3794938 
0.3793020 
0.3737776 
0.3672507 
0.3555695 
0.3499925 
0.3481211 
0.3461446 
0.3429829 
0.3490875 
0.3552623 
0.3606579 
0.3650369 
0.3676174 
0.3671839 
0.3657498 
0.3637627 
0.3630387 
0.3524167 
0.3479207 
0.3431940 
0.3465178 
0.3474106 
0.3446367 
0.3451497 
0.3490546 
0.3451789 
0.3392183 
0.3405124 
0.3382418 
0.3410681 
0.3451268 
0.3477578 
0.3481343 
0.3495289 
0.3495524 
0.3504757 
0.3507648 
0.3438906 
0.3434114 
0.3422849 
0.3349168 
0.3368041 
0.3402585 
0.3402336 
0.3390127 
0.3352902 
0.3373317 
0.3381366 
0.3352307 
0.3329300 
0.3331625 
0.3348454 
0.3294498 
0.3284995 
0.3401782 
0.3403976 
0.3394309 
0.3393380 
0.3377481 
0.3310275 
0.3249189 
0.3212911 
0.3210258 
0.3193423 
0.3265447 
0.3231784 
0.3240888 
0.3212579 
0.3188676 
0.3134620 
0.3048660 
0.3132912 
0.3125763 
0.3143429 
0.3153686 
0.3195199 
0.3192662 
0.3212126 
0.3194508 
0.3241269 
0.3279993 
0.3217433 
0.3267663 
0.3210965 
0.3079696 
0.3084610 
0.3047383 
0.3136548 
0.3164941 
0.3176251 
0.3206788 
0.3246958 
0.3202953 
0.3258947 
0.3307226 
0.3389954 
0.3341088 
0.3304587 
0.3209702 
0.3244847 
0.3212958 
0.3226386 
0.3173829 
0.3153264 
0.3076502 
0.3194924 
0.3095546 
0.3088586 
0.3103974 
0.3054597 
0.3017606 
0.3000306 
0.2929213 
0.2909715 
0.2912447 
0.2963202 
0.3023114 
0.2924019 
0.2974760 
0.2973420 
0.3007096 
0.2992323 
0.3027314 
0.2981555 
0.2935700 
0.2922924 
0.2924783 
0.2976920 
0.2979080 
0.3009304 
0.3084753 
0.3126723 
0.3120569 
0.3138924 
0.3180686 
0.2897300 
0.2915085 
0.2957708 
0.2956704 
0.2947413 
0.3014797 
0.2988464 
0.3012263 
0.3108948 
0.3108040 
0.3101532 
0.3042242 
0.2976973 
0.2955272 
0.2901291 
0.2928450 
0.2961344 
0.2941757 
0.2907457 
0.2935701 
0.2889759 
0.2872584 
0.2908121 
0.2907803 
0.2903890 
0.2843935 
0.2797063 
0.2770553 
0.2804219 
0.2868239 
0.2871432 
0.2869563 
0.2761704 
0.2814799 
0.2797643 
0.2847114 
0.2794827 
0.2837372 
0.2849985 
0.2901155 
0.2917301 
0.2854187 
0.2841821 
0.2858865 
0.2789039 
0.2852183 
0.2826202 
0.2859547 
0.2853759 
0.2869100 
0.2911359 
0.2931569 
0.3035612 
0.3035414 
0.2769977 
0.2798968 
0.2821986 
0.2808856 
0.2899436 
0.2954962 
0.2940163 
0.3001528 
0.3021738 
0.2997331 
0.2823963 
0.2931425 
0.2938311 
0.2809533 
0.2793805 
0.2873365 
0.2850157 
0.2864180 
0.2886166 
0.2903971 
0.2898339 
0.2836882 
0.2805656 
0.2818039 
0.2832985 
0.2812067 
0.2853721 
0.2908092 
0.2909450 
0.2878741 
0.2800094 
0.2844032 
0.2863549 
0.2872393 
0.2922527 
0.2904515 
0.2935869 
0.2918197 
0.2884074 
0.2862507 
0.2853799 
0.2789361 
0.2735997 
0.2714334 
0.2691149 
0.2657788 
0.2716492 
0.2719828 
0.2667353 
0.2629925 
0.2573842 
0.2627204 
0.2710079 
0.2787262 
0.2696901 
0.2653989 
0.2639702 
0.2590695 
0.2645799 
0.2628405 
0.2605699 
0.2561934 
0.2464516 
0.2457618 
0.2543727 
0.2602926 
0.2689585 
0.2648456 
0.2648751 
0.2605463 
0.2581511 
0.2603924 
0.2607008 
0.2613985 
0.2644091 
0.2578446 
0.2578842 
0.2535685 
0.2516862 
0.2486653 
0.2548993 
0.2472656 
0.2503371 
0.2464364 
0.2469683 
0.2517057 
0.2467918 
0.2509864 
0.2494801 
0.2576442 
0.2553827 
0.2541199 
0.2544213 
0.2527095 
0.2465432 
0.2543558 
0.2496702 
0.2515370 
0.2490683 
0.2506075 
0.2501917 
0.2529477 
0.2578156 
0.2488646 
0.2471619 
0.2461684 
0.2440091 
0.2384876 
0.2444591 
0.2540650 
0.2551381 
0.2550829 
0.2535655 
0.2611313 
0.2591753 
0.2617931 
0.2635689 
0.2652456 
0.2610591 
0.2633901 
0.2697611 
0.2728125 
0.2684985 
0.2753364 
0.2865242 
0.2904255 
0.3046629 
0.3077840 
0.3040853 
0.2965625 
0.2670080 
0.2235965 
0.2248148 
0.2269406 
0.2296114 
0.2301965 
0.2250741 
0.2268344 
0.2284501 
0.2287170 
0.2329755 
0.2318200 
0.2286121 
0.2246584 
0.2229766 
0.2252918 
0.2281162 
0.2282381 
0.2249861 
0.2291222 
0.2295104 
0.2251045 
0.2354459 
0.2377961 
0.2363323 
0.2392103 
0.2430680 
0.2429187 
0.2469076 
0.2420269 
0.2494686 
0.2513430 
0.2520360 
0.2551376 
0.2574609 
0.2576618 
0.2558404 
0.2526693 
0.2494834 
0.2524115 
0.2468910 
0.2494382 
0.2499745 
0.2461680 
0.2503421 
0.2588033 
0.2575479 
0.2473394 
0.2469516 
0.2435919 
0.2451400 
0.2485375 
0.2548690 
0.2570795 
0.2490663 
0.2487895 
0.2461722 
0.2438067 
0.2486850 
0.2503024 
0.2485504 
0.2452817 
0.2449787 
0.2431962 
0.2439137 
0.2416041 
0.2386633 
0.2359049 
0.2431731 
0.2468506 
0.2394861 
0.2478378 
0.2474735 
0.2366130 
0.2414038 
0.2375428 
0.2312507 
0.2306289 
0.2337317 
0.2321694 
0.2315152 
0.2316491 
0.2306491 
0.2278036 
0.2289198 
0.2312414 
0.2313004 
0.2339330 
0.2330251 
0.2371739 
0.2404915 
0.2358808 
0.2394633 
0.2419384 
0.2469658 
0.2453568 
0.2473288 
0.2436511 
0.2416152 
0.2354225 
0.2336038 
0.2345244 
0.2274197 
0.2299332 
0.2283196 
0.2345410 
0.2298411 
0.2252944 
0.2282593 
0.2258637 
0.2245512 
0.2266777 
0.2265405 
0.2292506 
0.2271221 
0.2254269 
0.2230945 
0.2114431 
0.2058875 
0.2077332 
0.2256566 
0.2289350 
0.2255228 
0.2227676 
0.2179088 
0.2137020 
0.2188550 
0.2218247 
0.2191675 
0.2241024 
0.2269308 
0.2263178 
0.2418011 
0.2370552 
0.2337211 
0.2363489 
0.2378577 
0.2385430 
0.2384591 
0.2385372 
0.2374654 
0.2410627 
0.2334106 
0.2320240 
0.2310839 
0.2293667 
0.2253387 
0.2212340 
0.2294321 
0.2241433 
0.2233728 
0.2207023 
0.2196230 
0.2214051 
0.2194682 
0.2222056 
0.2261691 
0.2248188 
0.2275866 
0.2240726 
0.2194562 
0.2107581 
0.2127900 
0.2115585 
0.2062468 
0.2051237 
0.2166615 
0.2202310 
0.2221983 
0.2278626 
0.2209207 
0.2147265 
0.2164913 
0.2110951 
0.2105327 
0.2108945 
0.2131015 
0.2120762 
0.2122228 
0.2140322 
0.2014645 
0.2019232 
0.2042505 
0.2076863 
0.2034535 
0.2028813 
0.2127496 
0.2057827 
0.2061421 
0.2039685 
0.2013878 
0.2021523 
0.2052024 
0.2070372 
0.2002365 
0.1932476 
0.1954355 
0.1889614 
0.1868341 
0.1978678 
0.1965368 
0.1933238 
0.1883196 
0.1877771 
0.1776126 
0.1794830 
0.1869511 
0.1815752 
0.1814488 
0.1750451 
0.1813698 
0.1840005 
0.1880141 
0.1836466 
0.1827198 
0.1827350 
0.1843175 
0.1917988 
0.1984301 
0.1983262 
0.1855938 
0.1926377 
0.1999366 
0.1967303 
0.2015440 
0.2141378 
0.2057805 
0.2049182 
0.2016307 
0.1997484 
0.1916102 
0.1838668 
0.1858958 
0.1911193 
0.1922154 
0.1939398 
0.1948260 
0.2026710 
0.1997626 
0.1985712 
0.2101482 
0.2119872 
0.2122501 
0.2105027 
0.2072731 
0.2126334 
0.2123288 
0.2110580 
0.2104899 
0.2071435 
0.2114227 
0.2109688 
0.2149675 
0.2127919 
0.2167347 
0.2062709 
0.1984165 
0.1983914 
0.1996954 
0.1989387 
0.1997884 
0.1976283 
0.2002862 
0.1985220 
0.1999350 
0.2012151 
0.2025346 
0.2130080 
0.2145970 
0.2206966 
0.2204935 
0.2221554 
0.2153763 
0.2169703 
0.2214632 
0.2212909 
0.2148111 
0.2112982 
0.2137780 
0.2050361 
0.2034313 
0.2016984 
0.2014705 
0.2045017 
0.1980608 
0.1921056 
0.1862643 
0.1805473 
0.1755910 
0.1821765 
0.1845253 
0.1773421 
0.1803956 
0.1850937 
0.1842783 
0.1826161 
0.1791897 
0.1823959 
0.1739459 
0.1794056 
0.1734231 
0.1754370 
0.1774666 
0.1775256 
0.1781478 
0.1750917 
0.1701484 
0.1766776 
0.1698160 
0.1673235 
0.1739074 
0.1728987 
0.1705694 
0.1792207 
0.1834890 
0.1807842 
0.1700341 
0.1739388 
0.1743274 
0.1757548 
0.1670111 
0.1664735 
0.1691867 
0.1688470 
0.1671247 
0.1668790 
0.1698512 
0.1586989 
0.1517485 
0.1559268 
0.1557252 
0.1545009 
0.1581273 
0.1605789 
0.1659076 
0.1590358 
0.1638597 
0.1707903 
0.1670314 
0.1700350 
0.1752266 
0.1771189 
0.1796513 
0.1782091 
0.1737922 
0.1773460 
0.1797705 
0.1756875 
0.1759677 
0.1827220 
0.1829354 
0.1870505 
0.1953595 
0.1960168 
0.1879535 
0.1854772 
0.1835995 
0.1858606 
0.1861903 
0.1820224 
0.1794535 
0.1797662 
0.1823771 
0.1870157 
0.1805462 
0.1801311 
0.1707960 
0.1634980 
0.1632540 
0.1641319 
0.1638758 
0.1670474 
0.1636961 
0.1684780 
0.1801249 
0.1876020 
0.1897176 
0.1916995 
0.1886400 
0.1782597 
0.1779441 
0.1765193 
0.1811728 
0.1792997 
0.1839878 
0.1848310 
0.1829563 
0.1822782 
0.1871944 
0.1802269 
0.1747796 
0.1724594 
0.1779228 
0.1748250 
0.1780131 
0.1782463 
0.1760211 
0.1732889 
0.1663366 
0.1654303 
0.1633243 
0.1623569 
0.1684153 
0.1689038 
0.1617005 
0.1460540 
0.1496066 
0.1525494 
0.1555321 
0.1590817 
0.1575556 
0.1525146 
0.1548597 
0.1546635 
0.1472584 
0.1489408 
0.1507993 
0.1438240 
0.1394668 
0.1362893 
0.1369002 
0.1311858 
0.1329456 
0.1331167 
0.1308699 
0.1271058 
0.1251847 
0.1213242 
0.1163811 
0.1199662 
0.1280253 
0.1326577 
0.1441483 
0.1489938 
0.1508831 
0.1468561 
0.1471652 
0.1410303 
0.1360619 
0.1351063 
0.1390189 
0.1383043 
0.1380656 
0.1382821 
0.1418836 
0.1406471 
0.1434047 
0.1393681 
0.1352191 
0.1340482 
0.1385603 
0.1353069 
0.1346216 
0.1385887 
0.1428607 
0.1386930 
0.1411501 
0.1316722 
0.1368828 
0.1332194 
0.1280620 
0.1300767 
0.1292658 
0.1243480 
0.1280588 
0.1282493 
0.1255527 
0.1226397 
0.1315246 
0.1336809 
0.1363687 
0.1368251 
0.1372613 
0.1356010 
0.1201747 
0.1171521 
0.1235821 
0.1254023 
0.1354691 
0.1327376 
0.1290295 
0.1284381 
0.1303466 
0.1326620 
0.1291386 
0.1191236 
0.1261610 
0.1332308 
0.1273578 
0.1246009 
0.1278223 
0.1265947 
0.1208504 
0.1254846 
0.1157022 
0.1196203 
0.1224130 
0.1221602 
0.1166654 
0.1025141 
0.1028906 
0.1052351 
0.1109724 
0.1173431 
0.1178450 
0.1203846 
0.1201060 
0.1181425 
0.1196984 
0.1251725 
0.1130155 
0.1130056 
0.1176556 
0.1185524 
0.1157790 
0.1209184 
0.1190095 
0.1172033 
0.1126375 
0.1008677 
0.0998167 
0.1172238 
0.1212301 
0.1270867 
0.1222265 
0.1214475 
0.1207631 
0.1169021 
0.1208252 
0.1179405 
0.1144658 
0.1172679 
0.1203353 
0.1212552 
0.1232693 
0.1314254 
0.1314022 
0.1323294 
0.1318986 
0.1391442 
0.1403174 
0.1299503 
0.1350703 
0.1415073 
0.1400973 
0.1451068 
0.1471611 
0.1414250 
0.1419921 
0.1389998 
0.1361646 
0.1346649 
0.1267323 
0.1265610 
0.1230413 
0.1192124 
0.1158257 
0.1080977 
0.1058561 
0.1072941 
0.1088948 
0.1096336 
0.1075440 
0.1096744 
0.1115273 
0.1112786 
0.1134455 
0.1123074 
0.1167602 
0.1153500 
0.1183785 
0.1270257 
0.1214262 
0.1197751 
0.1196312 
0.1339953 
0.1409464 
0.1383346 
0.1371758 
0.1473648 
0.1479989 
0.1505446 
0.1440754 
0.1530668 
0.1527493 
0.1510860 
0.1472467 
0.1488924 
0.1390806 
0.1403909 
0.1206315 
0.1219182 
0.1182379 
0.1231915 
0.1207782 
0.1181984 
0.1214078 
0.1174699 
0.1212482 
0.1167500 
0.1178165 
0.1149571 
0.1143008 
0.1168542 
0.1106924 
0.1108197 
0.1193752 
0.1182996 
0.1183114 
0.1202172 
0.1186414 
0.1179736 
0.1218464 
0.1122506 
0.1062699 
0.1056906 
0.1056740 
0.1091364 
0.1078987 
0.1058304 
0.1011222 
0.1006759 
0.0986065 
0.0984033 
0.0925122 
0.0948973 
0.0962470 
0.0950139 
0.0996313 
0.0971834 
0.0964683 
0.0953937 
0.0821151 
0.0871688 
0.0800150 
0.0785636 
0.0807962 
0.0811195 
0.0927107 
0.0841756 
0.0822571 
0.0846824 
0.0879476 
0.0903089 
0.0819602 
0.0694486 
0.0558382 
0.0545167 
0.0525504 
0.0541392 
0.0506946 
0.0521629 
0.0510750 
0.0520925 
0.0548446 
0.0523064 
0.0501930 
0.0513326 
0.0467889 
0.0463725 
0.0482732 
0.0466479 
0.0397168 
0.0399790 
0.0449100 
0.0540372 
0.0600491 
0.0618393 
0.0631365 
0.0669805 
0.0640714 
0.0622422 
0.0652620 
0.0664964 
0.0762194 
0.0789841 
0.0823783 
0.0795151 
0.0789456 
0.0778092 
0.0816745 
0.0872052 
0.0833420 
0.0838729 
0.0806795 
0.0803343 
0.0791888 
0.0794196 
0.0802808 
0.0861558 
0.0877263 
0.0858514 
0.0868183 
0.0825572 
0.0834460 
0.0795014 
0.0838519 
0.0752682 
0.0752569 
0.0776923 
0.0715494 
0.0775634 
0.0772496 
0.0719679 
0.0771128 
0.0730418 
0.0776815 
0.0716968 
0.0755713 
0.0755362 
0.0679593 
0.0681460 
0.0620165 
0.0632536 
0.0688092 
0.0688344 
0.0662748 
0.0700076 
0.0722807 
0.0764906 
0.0710623 
0.0767226 
0.0733885 
0.0714019 
0.0665912 
0.0603940 
0.0603020 
0.0609589 
0.0561471 
0.0536780 
0.0529626 
0.0556646 
0.0558038 
0.0570599 
0.0554467 
0.0497384 
0.0531089 
0.0491841 
0.0541032 
0.0572673 
0.0552486 
0.0554964 
0.0508677 
0.0513620 
0.0420048 
0.0504847 
0.0487560 
0.0511520 
0.0533759 
0.0490914 
0.0502257 
0.0456634 
0.0481916 
0.0487921 
0.0406440 
0.0425415 
0.0367702 
0.0323263 
0.0269261 
0.0433696 
0.0478045 
0.0487826 
0.0392227 
0.0472709 
0.0396415 
0.0385418 
0.0446951 
0.0431306 
0.0408348 
0.0381579 
0.0358784 
0.0164514 
0.0186220 
0.0271568 
0.0306059 
0.0285830 
0.0292459 
0.0305339 
0.0425119 
0.0369627 
0.0386941 
0.0532041 
0.0478690 
0.0482409 
0.0509563 
0.0537114 
0.0559484 
0.0595674 
0.0508910 
0.0473496 
0.0468647 
0.0472376 
0.0478970 
0.0442409 
0.0532915 
0.0536954 
0.0486109 
0.0462007 
0.0458618 
0.0494650 
0.0506177 
0.0450173 
0.0520633 
0.0488915 
0.0581405 
0.0479511 
0.0505918 
0.0650992 
0.0628647 
0.0640616 
0.0667596 
0.0637817 
0.0559318 
0.0615057 
0.0583641 
0.0556380 
0.0552817 
0.0514124 
0.0445551 
0.0486677 
0.0482176 
0.0373191 
0.0409225 
0.0389338 
0.0301277 
0.0374659 
0.0351620 
0.0393416 
0.0349882 
0.0197285 
0.0224590 
0.0235358 
0.0232235 
0.0208995 
0.0154312 
0.0085104 
0.0056129 
0.0000000 
0.0123338 
0.0166863 
0.0176304 
0.0209040 
0.0116168 
0.0100806 
0.0075011 
0.0055003 
0.0061666 
0.0091121 
0.0074335 
0.0108415 
0.0065659 
0.0124696 
0.0123760 
0.0119507 
0.0133555 
0.0163444 
0.0150731 
0.0061628 
0.0098205 
0.0074451 
0.0047260 
