-0.0000719 
0.0001829 
0.0001802 
0.2242863 
0.2400232 
-0.2590305 
0.9974219 
0.9893322 
0.9861873 
0.9845083 
0.9905719 
0.9934895 
0.9737914 
0.9990246 
0.9943208 
0.9830477 
0.9887498 
0.9859114 
0.9769866 
0.9907161 
0.9916034 
1.0000000 
0.9926510 
0.9833017 
0.9803031 
0.9814754 
0.9683727 
0.9689283 
0.9711863 
0.9684159 
0.9647889 
0.9770355 
0.9855747 
0.9779993 
0.9665265 
0.9685928 
0.9703537 
0.9697029 
0.9662341 
0.9709342 
0.9740557 
0.9662274 
0.9588635 
0.9672479 
0.9676023 
0.9713828 
0.9786453 
0.9693971 
0.9604825 
0.9671139 
0.9636185 
0.9509183 
0.9643275 
0.9661176 
0.9510808 
0.9558880 
0.9489173 
0.9389429 
0.9391308 
0.9445839 
0.9384826 
0.9344497 
0.9334793 
0.9287402 
0.9230804 
0.9323261 
0.9434662 
0.9353683 
0.9508558 
0.9442222 
0.9304652 
0.9439552 
0.9434652 
0.9256278 
0.9440748 
0.9306995 
0.9306373 
0.9329855 
0.9276476 
0.9236372 
0.9247030 
0.9288969 
0.9267992 
0.9195011 
0.9113751 
0.9204053 
0.9270275 
0.9282316 
0.9243410 
0.9207749 
0.9138554 
0.9226276 
0.9105900 
0.9072415 
0.9055817 
0.8992644 
0.9054672 
0.9088734 
0.9086251 
0.9190989 
0.9243830 
0.9058556 
0.9069547 
0.9194850 
0.9154240 
0.9139560 
0.9217325 
0.9108819 
0.9044584 
0.8954579 
0.8983728 
0.9134398 
0.9050123 
0.9110985 
0.8886645 
0.8837529 
0.8991144 
0.8945104 
0.8902591 
0.8849217 
0.8846771 
0.8823237 
0.8807983 
0.8837390 
0.8890773 
0.8796393 
0.8749310 
0.8799508 
0.8685788 
0.8777999 
0.8783304 
0.8838580 
0.8875480 
0.8769732 
0.8732293 
0.8854432 
0.8898547 
0.8810892 
0.8814131 
0.8809592 
0.8836801 
0.8783094 
0.8743494 
0.8923827 
0.9009849 
0.8835368 
0.8790564 
0.8639937 
0.8877958 
0.8857272 
0.8904435 
0.8748960 
0.8750619 
0.8854952 
0.8759829 
0.8623504 
0.8607843 
0.8615418 
0.8750895 
0.8813290 
0.8760414 
0.8724715 
0.8620186 
0.8566017 
0.8634141 
0.8753439 
0.8653231 
0.8688022 
0.8724062 
0.8741623 
0.8687482 
0.8512057 
0.8670859 
0.8796920 
0.8631665 
0.8696995 
0.8718867 
0.8716710 
0.8597386 
0.8390620 
0.8421895 
0.8536319 
0.8403251 
0.8461167 
0.8582604 
0.8556427 
0.8420407 
0.8259243 
0.8495422 
0.8483860 
0.8404764 
0.8521096 
0.8478414 
0.8471780 
0.8292767 
0.8316973 
0.8295048 
0.8500651 
0.8581986 
0.8598541 
0.8509774 
0.8369881 
0.8385304 
0.8485091 
0.8244533 
0.8287823 
0.8356214 
0.8212575 
0.8201706 
0.8176342 
0.8340271 
0.8448660 
0.8375184 
0.8326207 
0.8331929 
0.8310225 
0.8317602 
0.8539518 
0.8526757 
0.8445050 
0.8382283 
0.8439744 
0.8444001 
0.8423977 
0.8329376 
0.8220511 
0.8228151 
0.8272882 
0.8233408 
0.8329196 
0.8222569 
0.8127810 
0.8145081 
0.8152740 
0.8147339 
0.8174330 
0.8323904 
0.8228400 
0.8218731 
0.8162865 
0.8185661 
0.8197700 
0.8084534 
0.8146394 
0.8447685 
0.8361923 
0.8241972 
0.8042049 
0.8039841 
0.8059352 
0.8161791 
0.8339065 
0.8386417 
0.8260074 
0.8203132 
0.8062630 
0.8039249 
0.8150712 
0.8192915 
0.8296181 
0.8252191 
0.8139966 
0.7841195 
0.7882179 
0.8114332 
0.8058772 
0.8148109 
0.7996131 
0.7960174 
0.7852148 
0.7714782 
0.7877086 
0.7901294 
0.8072954 
0.8051020 
0.7889225 
0.7925153 
0.7831716 
0.7830479 
0.7887677 
0.7764444 
0.7906043 
0.7900270 
0.8011922 
0.7860168 
0.7787734 
0.7691991 
0.7598682 
0.7722379 
0.7711785 
0.7741044 
0.7782690 
0.7738477 
0.7658171 
0.7700515 
0.7684756 
0.7583820 
0.7649707 
0.7776353 
0.7973927 
0.8057379 
0.7882684 
0.7759664 
0.7711529 
0.7753676 
0.7779792 
0.7982010 
0.7865611 
0.7893516 
0.7983027 
0.7629676 
0.7563133 
0.7436159 
0.7541991 
0.7838332 
0.7938446 
0.7929327 
0.7858226 
0.7885385 
0.7777506 
0.7810272 
0.7695219 
0.7632184 
0.7690283 
0.7720421 
0.7784185 
0.7643332 
0.7595158 
0.7696350 
0.7683765 
0.7552528 
0.7469965 
0.7636641 
0.7545833 
0.7405897 
0.7435144 
0.7665033 
0.7496904 
0.7318146 
0.7504344 
0.7612799 
0.7617648 
0.7426987 
0.7418023 
0.7732680 
0.7678791 
0.7549261 
0.7521206 
0.7620434 
0.7501838 
0.7238189 
0.7266947 
0.7199732 
0.7175571 
0.7199281 
0.7489574 
0.7547869 
0.7616867 
0.7576116 
0.7531421 
0.7140286 
0.7088352 
0.7064356 
0.7175371 
0.7172831 
0.7294515 
0.7523739 
0.7527344 
0.7334604 
0.7396806 
0.7262101 
0.7178946 
0.7063707 
0.6814990 
0.6830536 
0.7086132 
0.7078199 
0.7276243 
0.7139439 
0.7000852 
0.7340526 
0.7278258 
0.7323080 
0.7050718 
0.7088909 
0.7133614 
0.6926222 
0.7043238 
0.7164415 
0.6915150 
0.6929332 
0.7011873 
0.6808550 
0.6769734 
0.6894738 
0.7226406 
0.7216079 
0.7300302 
0.7216920 
0.7035206 
0.6809257 
0.6698392 
0.6719903 
0.6746472 
0.6788713 
0.6828606 
0.6918170 
0.7000495 
0.7176408 
0.7133733 
0.6982074 
0.7048816 
0.6989433 
0.7042626 
0.7063415 
0.6904973 
0.6679948 
0.6617068 
0.6632300 
0.6611617 
0.6810547 
0.6870279 
0.6970526 
0.6889384 
0.6853131 
0.6853990 
0.7004278 
0.7111954 
0.7082262 
0.7074948 
0.6923229 
0.6525443 
0.6474433 
0.6447673 
0.6532210 
0.6773582 
0.6802783 
0.6789527 
0.6726557 
0.6595504 
0.6664744 
0.6978671 
0.7236316 
0.7116399 
0.6975473 
0.6702005 
0.6766950 
0.6766953 
0.7015944 
0.6989614 
0.6751978 
0.6593625 
0.6598657 
0.6769232 
0.6923541 
0.6752130 
0.6716945 
0.6589299 
0.6429463 
0.6578895 
0.6834233 
0.7032310 
0.7138812 
0.6903239 
0.6624901 
0.6747964 
0.6892231 
0.6975688 
0.6887933 
0.6789781 
0.6576123 
0.6471691 
0.6564697 
0.6524181 
0.6407874 
0.6363360 
0.6506038 
0.6575746 
0.6609118 
0.6592444 
0.6472810 
0.6583949 
0.6685882 
0.7184370 
0.7477400 
0.7298361 
0.6862729 
0.6808834 
0.6860982 
0.6853938 
0.6673229 
0.6591139 
0.6595749 
0.6661420 
0.6804721 
0.6654854 
0.6421193 
0.6182777 
0.6272571 
0.6411084 
0.6454750 
0.6396174 
0.6291757 
0.6296941 
0.6558301 
0.6868549 
0.6884661 
0.6639505 
0.6403253 
0.6416785 
0.6501954 
0.6642272 
0.6612043 
0.6528465 
0.6338860 
0.6174053 
0.6270355 
0.6515431 
0.6541963 
0.6298664 
0.6115736 
0.6379471 
0.6677277 
0.6893222 
0.6540133 
0.6181376 
0.6208648 
0.6501517 
0.6584900 
0.6175125 
0.6036445 
0.6241892 
0.6546992 
0.6443790 
0.6244525 
0.6337816 
0.6606374 
0.6394621 
0.6143634 
0.6087725 
0.6359489 
0.6750432 
0.6673250 
0.6394196 
0.6357687 
0.6490456 
0.6629767 
0.6314548 
0.6043249 
0.6022150 
0.6164490 
0.6055564 
0.6081875 
0.6313008 
0.6511535 
0.6451646 
0.6504527 
0.6609858 
0.6620434 
0.6465863 
0.6306881 
0.6284311 
0.6408972 
0.6277769 
0.6156011 
0.6446558 
0.6395392 
0.6208582 
0.6140835 
0.6226058 
0.6348248 
0.6086245 
0.6024786 
0.6221505 
0.6429595 
0.6277438 
0.6095625 
0.6244768 
0.6293601 
0.6154594 
0.6134847 
0.6344684 
0.6355080 
0.6196746 
0.6196890 
0.6356273 
0.6294350 
0.6003937 
0.5985210 
0.6192939 
0.6249146 
0.6084395 
0.6188040 
0.6612032 
0.6574282 
0.6276233 
0.6185230 
0.6203535 
0.5810443 
0.5706587 
0.5830859 
0.5942438 
0.5948407 
0.5836214 
0.6024776 
0.6237553 
0.5908487 
0.5909949 
0.6000082 
0.5925820 
0.5863899 
0.5859084 
0.5796048 
0.5849234 
0.5880847 
0.6119445 
0.6281103 
0.6295445 
0.6485738 
0.6420654 
0.5933011 
0.5845861 
0.5911452 
0.6141771 
0.6234362 
0.5835812 
0.5680879 
0.5662400 
0.5721734 
0.5832821 
0.5797769 
0.6001766 
0.5994764 
0.6112627 
0.5852477 
0.5675202 
0.5993650 
0.6249848 
0.6422482 
0.6285743 
0.6075551 
0.6149679 
0.6269692 
0.6129107 
0.5668212 
0.5505444 
0.5666729 
0.5843331 
0.5865596 
0.5859524 
0.6005190 
0.5935349 
0.5860570 
0.5790052 
0.5682535 
0.5797574 
0.5873352 
0.5586305 
0.5331844 
0.5431927 
0.5438735 
0.5497120 
0.5534806 
0.5595857 
0.5701844 
0.5697191 
0.5721576 
0.5678241 
0.5501698 
0.5376005 
0.5252163 
0.5350438 
0.5419650 
0.5554715 
0.5668801 
0.5759848 
0.5755697 
0.5698121 
0.5558505 
0.5425325 
0.5473671 
0.5684043 
0.5867058 
0.5962104 
0.6062638 
0.5891457 
0.5750989 
0.5441133 
0.5364505 
0.5468859 
0.5463302 
0.5495467 
0.5620963 
0.5724930 
0.5663206 
0.5595676 
0.5584944 
0.5492958 
0.5588411 
0.5546206 
0.5605363 
0.5483226 
0.5503317 
0.5435864 
0.5416317 
0.5529299 
0.5352468 
0.5245839 
0.5212786 
0.5263414 
0.5374748 
0.5386759 
0.5480224 
0.5608703 
0.5848864 
0.5648068 
0.5554729 
0.5236654 
0.5166377 
0.5178446 
0.5252155 
0.5289047 
0.5261597 
0.5235907 
0.5368612 
0.5400474 
0.5396616 
0.5358027 
0.5186292 
0.5025554 
0.4972848 
0.5178497 
0.5166662 
0.5382411 
0.5390651 
0.5291070 
0.5086615 
0.5056485 
0.5147043 
0.5027450 
0.5219137 
0.5341585 
0.5477401 
0.5511590 
0.5202093 
0.5019563 
0.4960501 
0.4972837 
0.4903710 
0.5082181 
0.5343587 
0.5389627 
0.5290404 
0.5096906 
0.4962175 
0.5092699 
0.5303514 
0.5195295 
0.5298905 
0.5294281 
0.5275181 
0.5388902 
0.5321178 
0.5229307 
0.5074658 
0.5095975 
0.5104038 
0.5429161 
0.5302582 
0.5224682 
0.5260673 
0.5169781 
0.4965698 
0.4850986 
0.5009047 
0.5108185 
0.5151703 
0.5110757 
0.5196275 
0.5509150 
0.5528910 
0.5121168 
0.4982013 
0.4801019 
0.4848634 
0.4955542 
0.4848960 
0.4970678 
0.5211990 
0.5264455 
0.5180261 
0.5145807 
0.5273286 
0.5474953 
0.5254941 
0.4846783 
0.4829777 
0.4936737 
0.5027124 
0.4993829 
0.4941793 
0.5040619 
0.5102347 
0.5007251 
0.5050726 
0.5207694 
0.5290531 
0.5119601 
0.4837794 
0.4932974 
0.5300745 
0.4976998 
0.4802510 
0.5027471 
0.5376687 
0.5026965 
0.4808068 
0.5050562 
0.5191776 
0.4880281 
0.4913747 
0.5022452 
0.4921305 
0.4722642 
0.4740029 
0.4766622 
0.4820053 
0.4836737 
0.5032419 
0.5002977 
0.5087975 
0.5122006 
0.4951965 
0.4858372 
0.4971019 
0.4980483 
0.4794158 
0.4706105 
0.4653187 
0.4723415 
0.4649936 
0.4724358 
0.4790329 
0.4830343 
0.4818442 
0.4874832 
0.4972507 
0.4881360 
0.4715333 
0.4672542 
0.4698546 
0.4844486 
0.4728398 
0.4636523 
0.4754303 
0.4698301 
0.4547651 
0.4645822 
0.4740539 
0.4664158 
0.4618380 
0.4608111 
0.4763404 
0.4720874 
0.4565426 
0.4781160 
0.4722504 
0.4723881 
0.4559486 
0.4433890 
0.4600158 
0.4695817 
0.4602249 
0.4603927 
0.4661366 
0.4709777 
0.4693098 
0.4669390 
0.4627596 
0.4652550 
0.4796166 
0.4682155 
0.4584626 
0.4611880 
0.4698969 
0.4685448 
0.4607420 
0.4563533 
0.4602750 
0.4457752 
0.4516545 
0.4613826 
0.4576788 
0.4516567 
0.4454414 
0.4555130 
0.4586627 
0.4497929 
0.4418717 
0.4574690 
0.4600318 
0.4590431 
0.4684641 
0.4810755 
0.4622964 
0.4526125 
0.4582717 
0.4678322 
0.4559403 
0.4605067 
0.4534467 
0.4513711 
0.4446152 
0.4499539 
0.4503058 
0.4391764 
0.4401704 
0.4325225 
0.4352052 
0.4434088 
0.4446318 
0.4563805 
0.4295246 
0.4280133 
0.4265361 
0.4438201 
0.4524815 
0.4609725 
0.4494144 
0.4287356 
0.4307022 
0.4363123 
0.4446196 
0.4425520 
0.4385167 
0.4339523 
0.4362743 
0.4446529 
0.4489162 
0.4443816 
0.4359784 
0.4392776 
0.4289277 
0.4287076 
0.4439804 
0.4558104 
0.4545390 
0.4564901 
0.4478322 
0.4460116 
0.4504006 
0.4479909 
0.4436221 
0.4414049 
0.4396129 
0.4323246 
0.4390494 
0.4439197 
0.4315767 
0.4292363 
0.4351386 
0.4491958 
0.4602127 
0.4515953 
0.4438219 
0.4406456 
0.4513756 
0.4548704 
0.4517806 
0.4474656 
0.4384619 
0.4413944 
0.4474714 
0.4462044 
0.4390314 
0.4399346 
0.4561251 
0.4529167 
0.4469867 
0.4451226 
0.4193467 
0.4348585 
0.4370893 
0.4340573 
0.4255512 
0.4279675 
0.4300140 
0.4223914 
0.4237271 
0.4568957 
0.4476048 
0.4218818 
0.4394096 
0.4473156 
0.4198865 
0.4012313 
0.4140718 
0.4247335 
0.4282770 
0.4280649 
0.4418392 
0.4235224 
0.4217290 
0.4330073 
0.4421705 
0.4218579 
0.4441237 
0.4664472 
0.4343743 
0.3923616 
0.4087048 
0.4306161 
0.4041357 
0.3919524 
0.4113921 
0.4088060 
0.3766345 
0.3964412 
0.4338131 
0.4323284 
0.4055198 
0.4154806 
0.4280827 
0.4106731 
0.3802881 
0.3878627 
0.3971064 
0.3954240 
0.4068002 
0.3931235 
0.3934518 
0.4071157 
0.4004095 
0.3966324 
0.4114749 
0.4181003 
0.4027897 
0.3892155 
0.4071142 
0.4063108 
0.3855573 
0.3667771 
0.3723257 
0.3920562 
0.4009223 
0.3848812 
0.3768906 
0.3893344 
0.3877872 
0.4147577 
0.4139134 
0.3922423 
0.3834355 
0.3924866 
0.4055693 
0.3876035 
0.3937396 
0.3989980 
0.4001855 
0.3972075 
0.4064219 
0.4019515 
0.3967228 
0.4011444 
0.4019705 
0.4117604 
0.4068135 
0.3889141 
0.3775610 
0.3720701 
0.3696505 
0.3698203 
0.3677749 
0.3731652 
0.3876292 
0.3886132 
0.3852923 
0.3844317 
0.3858336 
0.3996862 
0.3969452 
0.3844458 
0.3820124 
0.3851330 
0.3974273 
0.4115570 
0.4135879 
0.4196261 
0.4111684 
0.3998892 
0.3753117 
0.3740879 
0.3789613 
0.3863262 
0.3889858 
0.4081804 
0.4194935 
0.4218223 
0.4049530 
0.3819615 
0.3643107 
0.3616093 
0.3748039 
0.3837370 
0.3774035 
0.3803006 
0.3729351 
0.3716023 
0.3614228 
0.3561159 
0.3570165 
0.3559919 
0.3728330 
0.3896809 
0.3936627 
0.3934633 
0.3927243 
0.3864509 
0.3788483 
0.3673392 
0.3447741 
0.3460557 
0.3606387 
0.3601879 
0.3612798 
0.3751956 
0.3763802 
0.3717874 
0.3684981 
0.3680009 
0.3654351 
0.3661265 
0.3627217 
0.3740138 
0.3857223 
0.3735014 
0.3726500 
0.3840988 
0.3775585 
0.3700715 
0.3785829 
0.3819039 
0.3770833 
0.3783030 
0.3752694 
0.3546444 
0.3495573 
0.3528390 
0.3574969 
0.3625100 
0.3658292 
0.3741428 
0.3664047 
0.3736299 
0.3699240 
0.3665058 
0.3625360 
0.3574553 
0.3610944 
0.3562783 
0.3597875 
0.3794210 
0.3615352 
0.3545322 
0.3556615 
0.3455768 
0.3446761 
0.3465158 
0.3478051 
0.3556734 
0.3652207 
0.3654194 
0.3625297 
0.3621306 
0.3662736 
0.3609491 
0.3479254 
0.3326574 
0.3420766 
0.3481645 
0.3524028 
0.3491849 
0.3569088 
0.3663476 
0.3571098 
0.3517378 
0.3382889 
0.3335784 
0.3427031 
0.3545077 
0.3536222 
0.3533526 
0.3451683 
0.3338597 
0.3435783 
0.3495281 
0.3468638 
0.3485591 
0.3624832 
0.3609393 
0.3691231 
0.3707884 
0.3703028 
0.3683373 
0.3657518 
0.3601450 
0.3490400 
0.3455789 
0.3506799 
0.3424043 
0.3449787 
0.3578985 
0.3442382 
0.3419878 
0.3422884 
0.3444075 
0.3478602 
0.3536429 
0.3439955 
0.3439849 
0.3405094 
0.3344535 
0.3411424 
0.3489963 
0.3579772 
0.3570285 
0.3553540 
0.3530740 
0.3374470 
0.3363270 
0.3199588 
0.3245144 
0.3266564 
0.3360012 
0.3468098 
0.3544951 
0.3590503 
0.3539269 
0.3429126 
0.3310313 
0.3223637 
0.3244070 
0.3156581 
0.3272874 
0.3400270 
0.3521884 
0.3529482 
0.3382983 
0.3148666 
0.3234604 
0.3319886 
0.3106042 
0.3074397 
0.3112055 
0.3210845 
0.3228195 
0.3231297 
0.3243349 
0.3219020 
0.3159921 
0.3320225 
0.3310528 
0.3128623 
0.3039395 
0.2988978 
0.3088586 
0.3091163 
0.3070811 
0.3275757 
0.3405512 
0.3406537 
0.3311200 
0.3259792 
0.2974978 
0.2803739 
0.2790067 
0.2925182 
0.3095313 
0.3190259 
0.3389099 
0.3417092 
0.3548241 
0.3341192 
0.3232999 
0.3048791 
0.2969757 
0.2883088 
0.2885183 
0.2984096 
0.3076364 
0.3174972 
0.3288869 
0.3307921 
0.3274996 
0.3431777 
0.3296868 
0.3129978 
0.2970104 
0.2987789 
0.3101547 
0.2920913 
0.2883426 
0.3012252 
0.3158371 
0.3110773 
0.3049457 
0.3227118 
0.3296543 
0.3250276 
0.3057400 
0.3037936 
0.3203494 
0.3170798 
0.3071668 
0.3018599 
0.2892524 
0.2915229 
0.2877420 
0.2887203 
0.2908627 
0.2986580 
0.2987965 
0.3037013 
0.2968109 
0.2900793 
0.2995626 
0.2951105 
0.3012863 
0.2993549 
0.2959496 
0.2946113 
0.2961304 
0.3031065 
0.2879508 
0.2820054 
0.2864530 
0.2865641 
0.2790588 
0.2718191 
0.2749473 
0.2782848 
0.2908607 
0.2903903 
0.2878682 
0.2918137 
0.2808179 
0.2780629 
0.2675201 
0.2744333 
0.2815291 
0.2836377 
0.2800412 
0.2811177 
0.2733542 
0.2602985 
0.2695579 
0.2808378 
0.2794836 
0.2736380 
0.2790174 
0.2776393 
0.2690864 
0.2498937 
0.2695245 
0.2775453 
0.2946729 
0.2920271 
0.2868599 
0.2746344 
0.2628335 
0.2514690 
0.2713419 
0.2866248 
0.3003004 
0.2961922 
0.2685724 
0.2486605 
0.2243028 
0.2328997 
0.2571262 
0.2895856 
0.2920749 
0.2944635 
0.2814290 
0.2593319 
0.2513316 
0.2660082 
0.2780790 
0.2782626 
0.2558315 
0.2494995 
0.2449729 
0.2504074 
0.2648318 
0.2712190 
0.2723645 
0.2590791 
0.2431629 
0.2437375 
0.2487558 
0.2627148 
0.2818168 
0.2913288 
0.2884890 
0.2774536 
0.2699109 
0.2525693 
0.2692377 
0.2706874 
0.2772820 
0.2887847 
0.2748294 
0.2670661 
0.2573293 
0.2437614 
0.2500698 
0.2515002 
0.2741617 
0.2797850 
0.2774724 
0.2714509 
0.2649650 
0.2411313 
0.2547823 
0.2622172 
0.2824500 
0.2641586 
0.2616071 
0.2516661 
0.2453036 
0.2576810 
0.2564069 
0.2579164 
0.2369692 
0.2511168 
0.2546434 
0.2775443 
0.2695531 
0.2542102 
0.2514916 
0.2446831 
0.2484564 
0.2506933 
0.2462656 
0.2496330 
0.2607508 
0.2743153 
0.2804620 
0.2746485 
0.2709935 
0.2565381 
0.2444644 
0.2438397 
0.2304072 
0.2370792 
0.2570398 
0.2558889 
0.2544525 
0.2550176 
0.2525633 
0.2586347 
0.2505069 
0.2461455 
0.2419009 
0.2438275 
0.2527267 
0.2433331 
0.2422258 
0.2366584 
0.2328156 
0.2286685 
0.2213682 
0.2330204 
0.2491582 
0.2457370 
0.2341790 
0.2293985 
0.2198223 
0.2225040 
0.2347051 
0.2399252 
0.2442770 
0.2435742 
0.2302364 
0.2250472 
0.2202700 
0.2153082 
0.2298621 
0.2329036 
0.2252399 
0.2210071 
0.2232672 
0.2373984 
0.2478153 
0.2379612 
0.2399103 
0.2355238 
0.2323853 
0.2284344 
0.2249746 
0.2203029 
0.2263780 
0.2176698 
0.2125607 
0.2172140 
0.2192643 
0.2226807 
0.2270212 
0.2308253 
0.2129628 
0.2245478 
0.2267762 
0.2254793 
0.2243797 
0.2237061 
0.2377367 
0.2312178 
0.2229941 
0.2188761 
0.2109109 
0.2148515 
0.2190457 
0.2182158 
0.2071837 
0.2063322 
0.2150239 
0.2320904 
0.2239784 
0.2079180 
0.2053702 
0.2134507 
0.2206870 
0.2173081 
0.2143731 
0.2092282 
0.2189420 
0.2250502 
0.2313358 
0.2298215 
0.2317613 
0.2254258 
0.2132415 
0.2020707 
0.1969732 
0.1937512 
0.2044349 
0.2072489 
0.2144341 
0.2102807 
0.2092142 
0.2022422 
0.1927294 
0.1997370 
0.2006838 
0.1885949 
0.1933919 
0.1959206 
0.2041930 
0.2068907 
0.2014321 
0.2070317 
0.2197988 
0.2159179 
0.2106172 
0.2026288 
0.1897559 
0.1948599 
0.1986953 
0.1863799 
0.1982924 
0.2023447 
0.2173478 
0.2145714 
0.2086596 
0.2122435 
0.2096218 
0.2173836 
0.2153347 
0.2169356 
0.2046852 
0.1929406 
0.1879339 
0.1803165 
0.1835505 
0.2034509 
0.2106542 
0.2097497 
0.2081636 
0.1949623 
0.1918649 
0.2009480 
0.2183699 
0.2105363 
0.2007688 
0.1875144 
0.1672804 
0.1822124 
0.1963306 
0.2250265 
0.2249149 
0.2218291 
0.2139407 
0.1901528 
0.1753590 
0.1783029 
0.1761632 
0.1845817 
0.2016798 
0.2052275 
0.2031624 
0.1889965 
0.1689786 
0.1653936 
0.1780708 
0.1927643 
0.1877978 
0.1926529 
0.1933537 
0.1968686 
0.1815385 
0.1784308 
0.1850486 
0.1808566 
0.1762696 
0.1788515 
0.1722986 
0.1763993 
0.1747169 
0.1877338 
0.1903328 
0.1793091 
0.1790713 
0.1762897 
0.1763788 
0.1752478 
0.1644470 
0.1688887 
0.1741034 
0.1732093 
0.1823889 
0.1866259 
0.1891929 
0.1849628 
0.1880889 
0.1881998 
0.1914411 
0.1912019 
0.1801274 
0.1778548 
0.1591441 
0.1532596 
0.1630998 
0.1714824 
0.1778116 
0.1636860 
0.1508254 
0.1559210 
0.1609260 
0.1614718 
0.1703006 
0.1711667 
0.1746264 
0.1755141 
0.1786872 
0.1730218 
0.1757382 
0.1706475 
0.1561930 
0.1511112 
0.1493853 
0.1552620 
0.1752746 
0.1820919 
0.1633981 
0.1562796 
0.1483643 
0.1643135 
0.1731056 
0.1576044 
0.1526652 
0.1485607 
0.1490198 
0.1551859 
0.1540853 
0.1495398 
0.1451962 
0.1439789 
0.1472730 
0.1431708 
0.1507558 
0.1402778 
0.1316306 
0.1496616 
0.1631926 
0.1720216 
0.1820983 
0.1802395 
0.1695226 
0.1710495 
0.1637143 
0.1649622 
0.1679884 
0.1636537 
0.1672207 
0.1536906 
0.1654928 
0.1705839 
0.1717176 
0.1680766 
0.1671603 
0.1622373 
0.1563077 
0.1539646 
0.1511058 
0.1479931 
0.1493383 
0.1551209 
0.1618016 
0.1649198 
0.1586807 
0.1519382 
0.1492634 
0.1519890 
0.1567018 
0.1740965 
0.1683296 
0.1677213 
0.1644616 
0.1567569 
0.1676079 
0.1762355 
0.1863870 
0.1886731 
0.1820547 
0.1660884 
0.1590896 
0.1393725 
0.1409943 
0.1405020 
0.1294407 
0.1348490 
0.1264343 
0.1349649 
0.1415580 
0.1372962 
0.1345257 
0.1371699 
0.1402146 
0.1323922 
0.1464427 
0.1434433 
0.1430254 
0.1450443 
0.1370753 
0.1401403 
0.1381055 
0.1335585 
0.1375494 
0.1403459 
0.1538864 
0.1504236 
0.1462354 
0.1520229 
0.1537223 
0.1419180 
0.1454462 
0.1611785 
0.1620248 
0.1579381 
0.1509452 
0.1483246 
0.1425817 
0.1300681 
0.1367919 
0.1358938 
0.1419499 
0.1329595 
0.1286294 
0.1334692 
0.1414715 
0.1434591 
0.1410225 
0.1410710 
0.1470915 
0.1453818 
0.1519143 
0.1419574 
0.1413572 
0.1343364 
0.1334062 
0.1327327 
0.1231600 
0.1418615 
0.1435926 
0.1488698 
0.1431248 
0.1409313 
0.1477230 
0.1547178 
0.1538388 
0.1648715 
0.1542289 
0.1480261 
0.1481420 
0.1461358 
0.1309714 
0.1403254 
0.1416955 
0.1446166 
0.1432644 
0.1342865 
0.1332087 
0.1353187 
0.1436566 
0.1399305 
0.1303623 
0.1295233 
0.1275697 
0.1213952 
0.1225065 
0.1203259 
0.1089557 
0.1038914 
0.1076240 
0.1040776 
0.1113727 
0.1172566 
0.1172535 
0.1152732 
0.1237939 
0.1201837 
0.1279314 
0.1360400 
0.1360660 
0.1426248 
0.1480789 
0.1493871 
0.1436152 
0.1384710 
0.1370837 
0.1364284 
0.1316090 
0.1163195 
0.1188061 
0.1090375 
0.1183053 
0.1275828 
0.1314187 
0.1383911 
0.1368430 
0.1306187 
0.1278806 
0.1241405 
0.1106443 
0.1062302 
0.1095540 
0.1050316 
0.1078453 
0.1037530 
0.0996169 
0.0974464 
0.1132573 
0.1238912 
0.1181842 
0.1094817 
0.0969246 
0.1076863 
0.1261566 
0.1319005 
0.1384435 
0.1482852 
0.1507868 
0.1553023 
0.1572801 
0.1385935 
0.1285999 
0.1307072 
0.1245702 
0.1193633 
0.1185989 
0.1057330 
0.1029988 
0.1043569 
0.0937460 
0.0890458 
0.0990991 
0.1028872 
0.0944664 
0.1086710 
0.1165849 
0.1149490 
0.1295433 
0.1320176 
0.1241216 
0.1247976 
0.1186062 
0.1023302 
0.1045850 
0.1110198 
0.1064659 
0.1072054 
0.1262451 
0.1272771 
0.1289291 
0.1310792 
0.1258499 
0.1251691 
0.1226801 
0.1248328 
0.1256493 
0.1145654 
0.0982609 
0.0863311 
0.0787379 
0.0725857 
0.0644414 
0.0613744 
0.0718201 
0.0910249 
0.1025054 
0.1091597 
0.1166946 
0.1112186 
0.1237727 
0.1323630 
0.1267743 
0.1182842 
0.1096299 
0.1000485 
0.1012401 
0.1037195 
0.1132401 
0.1098513 
0.1049401 
0.1085209 
0.1092531 
0.1042036 
0.1084296 
0.1061821 
0.1004944 
0.0869031 
0.0788235 
0.0861387 
0.0936418 
0.1035436 
0.1002267 
0.0940733 
0.0848723 
0.0851559 
0.0928534 
0.0934905 
0.0958700 
0.0990618 
0.0913288 
0.0842235 
0.0788149 
0.0730586 
0.0720035 
0.0802703 
0.0961441 
0.1148120 
0.1041359 
0.0968152 
0.0841685 
0.0814477 
0.0725313 
0.0806354 
0.0790087 
0.0855817 
0.0850538 
0.0812507 
0.0915139 
0.1130883 
0.1233142 
0.1258226 
0.1148302 
0.0899267 
0.0638710 
0.0675138 
0.0921888 
0.1072419 
0.1051885 
0.0885886 
0.0806677 
0.0744565 
0.0861117 
0.0868861 
0.0902331 
0.0785734 
0.0807564 
0.0831187 
0.0896127 
0.0904566 
0.0960285 
0.1108590 
0.1142988 
0.0899090 
0.0637552 
0.0575974 
0.0789843 
0.1074736 
0.1115121 
0.0839364 
0.0528535 
0.0496913 
0.0768562 
0.1006841 
0.0818660 
0.0505044 
0.0256053 
0.0376353 
0.0806706 
0.1163849 
0.1280793 
0.1192092 
0.0935778 
0.0855239 
0.0900332 
0.0946575 
0.0946859 
0.0751620 
0.0510259 
0.0573085 
0.0719543 
0.0780516 
0.0830579 
0.0688527 
0.0593811 
0.0581908 
0.0556131 
0.0666334 
0.0874297 
0.1059285 
0.1134594 
0.1057343 
0.0783134 
0.0528075 
0.0412387 
0.0504414 
0.0612793 
0.0696187 
0.0654227 
0.0666104 
0.0672045 
0.0657340 
0.0590975 
0.0550099 
0.0495907 
0.0604812 
0.0894057 
0.1030293 
0.0973821 
0.0863599 
0.0755595 
0.0711391 
0.0791360 
0.0730063 
0.0705342 
0.0695829 
0.0647066 
0.0640040 
0.0588316 
0.0451904 
0.0416025 
0.0487344 
0.0501465 
0.0623400 
0.0782823 
0.0767897 
0.0748561 
0.0655998 
0.0516237 
0.0506165 
0.0448568 
0.0509979 
0.0640371 
0.0714601 
0.0613425 
0.0491002 
0.0313057 
0.0288288 
0.0460975 
0.0669631 
0.0892139 
0.0991686 
0.0935847 
0.0827994 
0.0670859 
0.0544676 
0.0496535 
0.0538182 
0.0506246 
0.0504007 
0.0496197 
0.0371313 
0.0196464 
0.0186664 
0.0265267 
0.0507863 
0.0682208 
0.0822811 
0.0700794 
0.0577913 
0.0360183 
0.0216613 
0.0214741 
0.0250473 
0.0284137 
0.0356760 
0.0394728 
0.0363320 
0.0325235 
0.0400800 
0.0477949 
0.0545711 
0.0743200 
0.0743804 
0.0562678 
0.0416543 
0.0427214 
0.0403692 
0.0423660 
0.0503386 
0.0490974 
0.0399772 
0.0250929 
0.0187422 
0.0298233 
0.0397731 
0.0655735 
0.0791201 
0.0886470 
0.0775759 
0.0445028 
0.0283986 
0.0336903 
0.0372156 
0.0366895 
0.0433127 
0.0452514 
0.0290218 
0.0305843 
0.0400932 
0.0472740 
0.0546418 
0.0532861 
0.0468268 
0.0443686 
0.0396645 
0.0323567 
0.0234582 
0.0202681 
0.0241142 
0.0243009 
0.0284146 
0.0351600 
0.0436600 
0.0422760 
0.0264214 
0.0274444 
0.0291723 
0.0222875 
0.0281343 
0.0250427 
0.0193160 
0.0195373 
0.0294496 
0.0391265 
0.0414073 
0.0502041 
0.0639264 
0.0624570 
0.0463280 
0.0212514 
0.0109406 
0.0210945 
0.0285050 
0.0335148 
0.0263333 
0.0206480 
0.0080152 
0.0069812 
0.0161165 
0.0360258 
0.0503312 
0.0574337 
0.0386945 
0.0172121 
0.0192013 
0.0308735 
0.0397015 
0.0416780 
0.0342288 
0.0267802 
0.0123883 
0.0029810 
0.0250290 
0.0575601 
0.0561989 
0.0358070 
0.0293962 
0.0140399 
0.0057523 
0.0034883 
0.0104634 
0.0275636 
0.0238378 
0.0208921 
0.0146457 
0.0159818 
0.0341887 
0.0424709 
0.0378700 
0.0218186 
0.0102098 
0.0042540 
0.0102654 
0.0186610 
0.0143717 
0.0133884 
0.0070050 
0.0000000 
0.0102365 
0.0189045 
0.0357867 
0.0361932 
