-0.0001786 
-0.0000859 
0.0001615 
0.4443219 
-0.2225931 
-0.2522406 
0.9053096 
0.9145419 
0.9232431 
0.9138743 
0.9268842 
0.9165921 
0.9304690 
0.9489439 
0.9278855 
0.8933636 
0.9208773 
0.9187447 
0.9219963 
0.9484340 
0.9389835 
0.9108792 
0.9419154 
0.9128937 
0.8815833 
0.8677126 
0.8486406 
0.8458978 
0.8496555 
0.8414203 
0.8637775 
0.8777381 
0.8397967 
0.8714514 
0.8713608 
0.9104885 
0.8963197 
0.8774144 
0.8929830 
0.8856303 
0.8906961 
0.9046244 
0.9110411 
0.9048783 
0.9470160 
0.9374519 
0.9292142 
0.9601897 
0.9390602 
0.9333776 
0.9374017 
0.9345920 
0.9471058 
0.9488174 
0.9456028 
0.9484339 
0.9297116 
0.9313157 
0.9482705 
0.9567816 
0.9522704 
0.9385946 
0.9436189 
0.9578838 
0.9528723 
0.9562152 
0.9483294 
0.9416629 
0.9335916 
0.9418406 
0.9333960 
0.9542348 
0.9548445 
0.9208967 
0.9311673 
0.9174962 
0.9273185 
0.9078184 
0.9206775 
0.8663422 
0.8760363 
0.8671750 
0.8616617 
0.8464339 
0.8472866 
0.8220598 
0.8470521 
0.8526784 
0.8445439 
0.8592865 
0.8692460 
0.8795578 
0.8822870 
0.8826765 
0.8613847 
0.8528348 
0.8602245 
0.8445368 
0.8738377 
0.8362613 
0.8867335 
0.8585824 
0.8618191 
0.8738958 
0.8583797 
0.8659796 
0.8514913 
0.8106213 
0.8038696 
0.7995644 
0.7907452 
0.7651522 
0.7855509 
0.7659379 
0.7698443 
0.7602563 
0.7610188 
0.7382452 
0.7568061 
0.7580259 
0.7855731 
0.7454915 
0.7272464 
0.7281022 
0.7096308 
0.7343521 
0.7254530 
0.7708325 
0.8035593 
0.8269674 
0.8165158 
0.8358972 
0.8402696 
0.8141327 
0.8244564 
0.8370722 
0.8508706 
0.8493981 
0.8726938 
0.8435148 
0.8314701 
0.8369438 
0.8360468 
0.8287561 
0.8486461 
0.8613429 
0.8421381 
0.8293437 
0.8364589 
0.8374075 
0.8118683 
0.8086528 
0.7938848 
0.8058077 
0.7841530 
0.7946519 
0.8260921 
0.8409804 
0.8492471 
0.8514165 
0.8697678 
0.8384549 
0.8440193 
0.8636977 
0.8742287 
0.8842644 
0.8631373 
0.8629879 
0.8584586 
0.8722422 
0.8627668 
0.8934174 
0.9157236 
0.9189326 
0.9063335 
0.9293199 
0.9386782 
0.9481393 
0.9114865 
0.9587074 
0.9764554 
0.9317980 
0.9479344 
0.9381899 
0.9302564 
0.9425364 
0.9302438 
0.9447794 
0.9470900 
0.9240140 
0.9287075 
0.9126659 
0.9239659 
0.9244688 
0.9170920 
0.9221480 
0.9204860 
0.9122513 
0.8838363 
0.8646910 
0.8914974 
0.8840657 
0.9103783 
0.9028469 
0.8791890 
0.8957637 
0.8939397 
0.9015303 
0.9213715 
0.9044611 
0.9165995 
0.9149378 
0.9054101 
0.8981868 
0.8755823 
0.8823604 
0.8877188 
0.8806211 
0.8986172 
0.9164150 
0.9152303 
0.9102437 
0.8983738 
0.8755937 
0.8992490 
0.8948495 
0.8698546 
0.8647174 
0.8596454 
0.9000045 
0.8971248 
0.9127301 
0.9225362 
0.9273145 
0.8677214 
0.8539007 
0.8592878 
0.8462719 
0.8551537 
0.8838444 
0.8838528 
0.8777166 
0.8767058 
0.8689898 
0.8691274 
0.9004414 
0.9041010 
0.9256489 
0.9390717 
0.9253815 
0.9162504 
0.9003718 
0.8763722 
0.8513655 
0.8532953 
0.8440884 
0.8601954 
0.8444100 
0.8626098 
0.8514535 
0.8959221 
0.9020620 
0.9186537 
0.9499246 
0.9121516 
0.9262833 
0.8999016 
0.8936292 
0.9210529 
0.9177495 
0.8985193 
0.8872403 
0.8960596 
0.9015490 
0.8765763 
0.9099128 
0.9190713 
0.9112583 
0.8911011 
0.8833567 
0.8635353 
0.8413035 
0.8270649 
0.8086786 
0.8147739 
0.8064980 
0.8244244 
0.8059129 
0.8264032 
0.8342027 
0.8302140 
0.8157277 
0.8466850 
0.8526875 
0.8592863 
0.8747645 
0.8340109 
0.8434235 
0.8348709 
0.8573683 
0.8629369 
0.8518290 
0.8740015 
0.8977822 
0.8927561 
0.9087607 
0.9326104 
0.9501974 
0.9373002 
0.8819585 
0.8305845 
0.7903959 
0.7197407 
0.6876795 
0.6383973 
0.6325321 
0.6504083 
0.6325572 
0.6162072 
0.6260574 
0.6406022 
0.6147625 
0.6173557 
0.5855742 
0.5839053 
0.6038940 
0.6206306 
0.6036862 
0.6003092 
0.6063959 
0.6139459 
0.6515770 
0.6422217 
0.6608093 
0.6583962 
0.6392055 
0.6468962 
0.6744801 
0.7105862 
0.7486573 
0.7911210 
0.8414300 
0.8766688 
0.9106306 
0.8802951 
0.8740528 
0.8564326 
0.8418691 
0.8424022 
0.8387025 
0.8196821 
0.8271114 
0.8327795 
0.8344715 
0.8374261 
0.8137334 
0.8334109 
0.8781867 
0.8588313 
0.8588883 
0.8646779 
0.8402696 
0.8365538 
0.8383467 
0.8313886 
0.8516958 
0.8913269 
0.9043324 
0.9319153 
0.9547013 
0.9464854 
0.9594134 
0.9822145 
1.0000000 
0.9788959 
0.9773914 
0.9742679 
0.9679697 
0.9532389 
0.9408379 
0.9287788 
0.9239549 
0.9499117 
0.9503257 
0.9443990 
0.9260867 
0.9357752 
0.9254874 
0.9136825 
0.9141815 
0.9147202 
0.9106780 
0.9188238 
0.8948632 
0.8920539 
0.8746009 
0.9122987 
0.9187329 
0.8991020 
0.9149688 
0.9099366 
0.9317199 
0.9403631 
0.9456289 
0.9325472 
0.9219955 
0.9168360 
0.9120950 
0.9105705 
0.9061708 
0.9026829 
0.8735678 
0.8938152 
0.8789072 
0.8733406 
0.8697223 
0.8358520 
0.8391088 
0.8107451 
0.8006160 
0.8212847 
0.8297835 
0.8266874 
0.8280209 
0.8213220 
0.8268018 
0.8232624 
0.8300583 
0.8310367 
0.8297736 
0.8366559 
0.8247930 
0.8099308 
0.8313665 
0.8382494 
0.8232528 
0.8061944 
0.8032639 
0.8003297 
0.8102728 
0.7658790 
0.7558509 
0.7309884 
0.7232414 
0.7088000 
0.6935192 
0.6988319 
0.7178349 
0.6988192 
0.7068553 
0.7005131 
0.7039037 
0.7368062 
0.7579646 
0.7577341 
0.7586083 
0.7782476 
0.7621420 
0.7714159 
0.7774483 
0.7642220 
0.7555829 
0.7749519 
0.7244584 
0.6936296 
0.6881878 
0.6862465 
0.7095707 
0.7264293 
0.7250415 
0.7364786 
0.7190532 
0.7108467 
0.6972361 
0.6948380 
0.7205928 
0.7086956 
0.6927773 
0.6885253 
0.6983704 
0.6851050 
0.6853155 
0.6562437 
0.6840658 
0.6767805 
0.6810307 
0.6811890 
0.7066242 
0.7115941 
0.7010110 
0.7137341 
0.7133821 
0.7251419 
0.7342001 
0.7230774 
0.7273450 
0.7297544 
0.7505087 
0.7901388 
0.7822374 
0.8002666 
0.8025451 
0.8051886 
0.7918696 
0.7994632 
0.8012783 
0.8201991 
0.8238029 
0.8195182 
0.8142158 
0.8082967 
0.8063818 
0.8128483 
0.7997003 
0.8259524 
0.8226009 
0.8381119 
0.8153855 
0.8113783 
0.8038410 
0.8322395 
0.8278299 
0.8239427 
0.8310285 
0.8182733 
0.8561005 
0.8534584 
0.8384283 
0.8281310 
0.8252970 
0.8163406 
0.8046829 
0.8089958 
0.7796117 
0.7606281 
0.7539533 
0.7600458 
0.7268262 
0.7351803 
0.7582800 
0.7676032 
0.7540440 
0.7303259 
0.7330599 
0.7582962 
0.7555524 
0.7321697 
0.7500216 
0.7750498 
0.7663601 
0.7783882 
0.7826200 
0.7714567 
0.7609191 
0.7742380 
0.7785000 
0.7809907 
0.8022151 
0.8313087 
0.8145812 
0.7782001 
0.7855309 
0.7871073 
0.7738132 
0.7917027 
0.8111785 
0.8262939 
0.7700726 
0.7744724 
0.7603003 
0.7480602 
0.7587233 
0.7665354 
0.7665427 
0.7750350 
0.7801261 
0.7755750 
0.7589408 
0.7402670 
0.7164627 
0.7392210 
0.7584113 
0.7534234 
0.7614934 
0.7543219 
0.7686877 
0.7297076 
0.7098192 
0.7373213 
0.7420929 
0.7451332 
0.7190511 
0.7287292 
0.7167139 
0.7006809 
0.6954385 
0.6956697 
0.7164248 
0.7033262 
0.7132221 
0.6881505 
0.7072567 
0.7463555 
0.7428177 
0.7130946 
0.6894289 
0.7170388 
0.7205487 
0.7346211 
0.6960659 
0.7055907 
0.7150775 
0.7105139 
0.7069857 
0.7011128 
0.7074622 
0.6977356 
0.7038138 
0.6909477 
0.6759953 
0.6616705 
0.6662496 
0.6875953 
0.6830767 
0.7023033 
0.6931498 
0.6741583 
0.6558755 
0.7054025 
0.7293778 
0.6994487 
0.7136210 
0.7150368 
0.7073238 
0.6930147 
0.7162674 
0.7022864 
0.6961843 
0.7199556 
0.7606112 
0.7521476 
0.7518494 
0.7623719 
0.7437407 
0.7390547 
0.7369489 
0.7324703 
0.7419954 
0.7110547 
0.7259531 
0.7535922 
0.7454744 
0.7356877 
0.7217697 
0.7613094 
0.7493775 
0.7588969 
0.7459413 
0.7393106 
0.7502660 
0.7205660 
0.7144126 
0.7142283 
0.7156982 
0.7109188 
0.7182375 
0.7398816 
0.7392810 
0.7545756 
0.7577342 
0.7794603 
0.7645601 
0.7452138 
0.7606707 
0.8063174 
0.7629461 
0.7724509 
0.7604709 
0.7260173 
0.7485853 
0.7521368 
0.7858994 
0.7452712 
0.7478217 
0.7300302 
0.7604176 
0.7575661 
0.7245990 
0.7277002 
0.7716592 
0.7912473 
0.8029085 
0.8115972 
0.7866962 
0.7657465 
0.7456421 
0.7081074 
0.7015519 
0.7213175 
0.6849103 
0.7098782 
0.7282975 
0.7304105 
0.7570007 
0.7322733 
0.7154521 
0.7159377 
0.7073244 
0.7437677 
0.7394471 
0.7485084 
0.7448734 
0.7712472 
0.7500904 
0.7572009 
0.7583822 
0.7449664 
0.7544763 
0.7549751 
0.7754704 
0.7896585 
0.7859578 
0.7956157 
0.8025613 
0.7944131 
0.7742718 
0.7613032 
0.7406352 
0.7254049 
0.7417003 
0.7573807 
0.7547128 
0.7647278 
0.7426640 
0.7594759 
0.7314777 
0.7448036 
0.7536301 
0.7399909 
0.7377222 
0.7121724 
0.7574760 
0.7459077 
0.7578941 
0.7488425 
0.7408844 
0.7385667 
0.7549859 
0.7762212 
0.8046271 
0.8188415 
0.7890318 
0.7767254 
0.7653860 
0.7694882 
0.7638538 
0.7611271 
0.7483846 
0.7344889 
0.7452682 
0.7539967 
0.7410811 
0.7032437 
0.7533530 
0.7675813 
0.7688764 
0.7595691 
0.7648973 
0.7531980 
0.7528307 
0.7384357 
0.7757055 
0.7537775 
0.7678634 
0.7733882 
0.7741906 
0.7732194 
0.7615878 
0.7682641 
0.7642725 
0.7693975 
0.7281069 
0.7494761 
0.7362755 
0.7290225 
0.7084782 
0.7208704 
0.7305430 
0.7585879 
0.7561754 
0.7775940 
0.7837837 
0.7842654 
0.7635821 
0.7882870 
0.7978026 
0.7969655 
0.7920941 
0.7794544 
0.7557747 
0.7850395 
0.7663366 
0.7727126 
0.7485015 
0.7846232 
0.7843044 
0.7984294 
0.8041656 
0.7928909 
0.8018346 
0.8106391 
0.7952978 
0.8055417 
0.8081532 
0.8046844 
0.7871572 
0.7956570 
0.7984673 
0.7931023 
0.8069307 
0.8206557 
0.7855765 
0.7841733 
0.7857043 
0.7804464 
0.7996333 
0.7859196 
0.8172800 
0.7903671 
0.7987325 
0.7933563 
0.7897342 
0.7819251 
0.7942133 
0.7914362 
0.7608694 
0.7595728 
0.8092444 
0.7980027 
0.7584871 
0.7576959 
0.7887779 
0.7868691 
0.7482255 
0.7396203 
0.7731896 
0.7687030 
0.7539365 
0.7279644 
0.7269954 
0.6970188 
0.6844534 
0.6840158 
0.6979181 
0.6882247 
0.6867802 
0.6840098 
0.6931877 
0.7051572 
0.6879764 
0.6884037 
0.7091817 
0.6974440 
0.6913207 
0.7246515 
0.7278305 
0.6956666 
0.6874542 
0.6781326 
0.6753675 
0.7086561 
0.6980362 
0.7289198 
0.7027836 
0.6995078 
0.7251725 
0.7262528 
0.7254092 
0.6938273 
0.7356837 
0.7335678 
0.7011647 
0.6953706 
0.7028204 
0.7205302 
0.6908680 
0.7082539 
0.7119703 
0.7230762 
0.6925496 
0.6807663 
0.6813260 
0.6872044 
0.6689890 
0.6904166 
0.6824194 
0.6915721 
0.6918194 
0.7001440 
0.7351459 
0.7313377 
0.7360235 
0.7367792 
0.7472326 
0.7468704 
0.7405302 
0.7441618 
0.7283202 
0.7234530 
0.7366795 
0.7357546 
0.6645168 
0.6561229 
0.6613517 
0.6981313 
0.6900537 
0.7016450 
0.7173576 
0.7330799 
0.7355822 
0.7191616 
0.7157277 
0.7169834 
0.7202442 
0.7398842 
0.7679531 
0.7467737 
0.7622910 
0.7633386 
0.7331000 
0.7166138 
0.7106375 
0.6579533 
0.6964346 
0.7028837 
0.6822187 
0.7274670 
0.7138055 
0.7016068 
0.7464130 
0.7204652 
0.7122667 
0.7124636 
0.6980734 
0.6741422 
0.6782800 
0.7100563 
0.7169432 
0.7114201 
0.7070912 
0.6891335 
0.6694481 
0.6787235 
0.7076453 
0.6862294 
0.6896325 
0.6915134 
0.7134208 
0.6922436 
0.6931812 
0.7275311 
0.7242060 
0.7077290 
0.7069276 
0.6990915 
0.7162291 
0.7049867 
0.6771326 
0.6650022 
0.6746434 
0.6789113 
0.6743541 
0.6660117 
0.6516865 
0.6528975 
0.6442797 
0.6904860 
0.6936160 
0.6932031 
0.7048507 
0.7090298 
0.7089092 
0.7283327 
0.7215662 
0.7586896 
0.7411245 
0.7160641 
0.7073622 
0.6986505 
0.7075072 
0.6978426 
0.6874174 
0.6936851 
0.7014226 
0.7247147 
0.6990988 
0.7078219 
0.7316760 
0.7220844 
0.7377341 
0.7262627 
0.7070593 
0.6956739 
0.8046671 
0.8089812 
0.7554749 
0.7488892 
0.7378544 
0.7723748 
0.7561755 
0.7443635 
0.7406751 
0.7466826 
0.7498030 
0.7511381 
0.7534307 
0.7521733 
0.7686446 
0.7833093 
0.7761687 
0.7659731 
0.7446478 
0.7561010 
0.7531695 
0.7401105 
0.7149757 
0.7418259 
0.7421856 
0.7344171 
0.7198536 
0.7309012 
0.7224037 
0.6904890 
0.7422357 
0.7392826 
0.7407610 
0.7173873 
0.7034443 
0.7059336 
0.7082619 
0.7404223 
0.7047261 
0.7087373 
0.6985058 
0.6964882 
0.6987831 
0.6896865 
0.7034408 
0.6977731 
0.6894717 
0.7052327 
0.6772911 
0.6645905 
0.6611770 
0.7023375 
0.7061651 
0.7249499 
0.7370603 
0.7434986 
0.7130531 
0.7134179 
0.6689574 
0.6664711 
0.7075093 
0.6809594 
0.6694470 
0.6460734 
0.6425230 
0.6465141 
0.6530458 
0.6873807 
0.6898844 
0.6914019 
0.7295015 
0.6994393 
0.7104100 
0.7206357 
0.6976174 
0.7123538 
0.7210385 
0.7217381 
0.7080148 
0.6854872 
0.7120849 
0.6616081 
0.6870299 
0.6892175 
0.6932019 
0.6841245 
0.6671924 
0.6716067 
0.6849895 
0.6839355 
0.7102032 
0.6992362 
0.6948875 
0.6941387 
0.6631026 
0.6435048 
0.6404907 
0.6237841 
0.6859990 
0.7102863 
0.7655307 
0.7407286 
0.7365898 
0.7341095 
0.7328728 
0.7460384 
0.7830935 
0.7805111 
0.7948580 
0.8024263 
0.8081475 
0.7861570 
0.7941058 
0.7990599 
0.7958878 
0.7852304 
0.7911527 
0.7833905 
0.8045265 
0.8150370 
0.8057256 
0.8085305 
0.8112324 
0.8134627 
0.7707121 
0.7420295 
0.7457287 
0.7455960 
0.7180476 
0.7032618 
0.7326078 
0.7390903 
0.7371400 
0.7511638 
0.7425182 
0.7564596 
0.7471109 
0.7223544 
0.7250333 
0.7217676 
0.6829510 
0.6844925 
0.6775792 
0.7054982 
0.7152686 
0.7172877 
0.7275480 
0.7188745 
0.7376206 
0.7347862 
0.7261077 
0.6928029 
0.6955087 
0.6938262 
0.6783249 
0.6689643 
0.6782428 
0.6588928 
0.6579957 
0.6607316 
0.6823787 
0.6840845 
0.6949547 
0.7281360 
0.7191527 
0.6954629 
0.6804767 
0.6977539 
0.7098269 
0.7165341 
0.7121936 
0.7220363 
0.7273666 
0.7264778 
0.6905529 
0.6951689 
0.7267178 
0.7352705 
0.7384464 
0.7447797 
0.7304893 
0.7137931 
0.7105641 
0.7178519 
0.7131312 
0.7229734 
0.7207299 
0.7171976 
0.7213350 
0.7004130 
0.6897542 
0.7001594 
0.7071304 
0.6651152 
0.6751076 
0.7076591 
0.7418785 
0.7380067 
0.7392506 
0.7440365 
0.7255656 
0.7207678 
0.7263791 
0.7078864 
0.6934508 
0.6963210 
0.6986949 
0.6839920 
0.6868382 
0.6757024 
0.6870996 
0.7003208 
0.7122932 
0.7195829 
0.6921432 
0.6655118 
0.7102566 
0.7074040 
0.6827457 
0.6483975 
0.6750899 
0.6723755 
0.6656365 
0.6625750 
0.6664691 
0.7001421 
0.6832940 
0.6706014 
0.7025844 
0.6843831 
0.6895198 
0.7250161 
0.6836809 
0.6912374 
0.6910882 
0.6820611 
0.6919395 
0.6754587 
0.6883783 
0.6617117 
0.6791844 
0.6816455 
0.6520883 
0.6486184 
0.6555502 
0.6691007 
0.6436412 
0.6579796 
0.6496787 
0.6458760 
0.6247277 
0.6318142 
0.6413694 
0.6178837 
0.6385644 
0.6421473 
0.6507338 
0.6600859 
0.6443993 
0.6371208 
0.6330829 
0.6464625 
0.6610920 
0.6482849 
0.6780500 
0.7131588 
0.7050886 
0.7137966 
0.7095347 
0.7093828 
0.7070475 
0.6881315 
0.6840925 
0.6892583 
0.6775523 
0.6854054 
0.6711972 
0.6843198 
0.6978462 
0.6842269 
0.7270094 
0.7243534 
0.7262911 
0.7159064 
0.7077868 
0.6972528 
0.7009418 
0.6991600 
0.7143026 
0.7406682 
0.6728804 
0.6847821 
0.6808934 
0.6514494 
0.6458469 
0.6159272 
0.6429831 
0.6330261 
0.6328251 
0.6504312 
0.6536884 
0.6718483 
0.6672079 
0.6779596 
0.6888225 
0.6890593 
0.6692448 
0.6663333 
0.6431548 
0.6115685 
0.5956981 
0.7280653 
0.7061919 
0.6997492 
0.7031362 
0.6938306 
0.6994142 
0.6774152 
0.6731936 
0.6593404 
0.6657152 
0.6542507 
0.6542983 
0.6565846 
0.6750715 
0.6926515 
0.6984652 
0.7040171 
0.6933147 
0.6766762 
0.6732481 
0.6754498 
0.6832019 
0.6786260 
0.6917973 
0.6983930 
0.7095525 
0.6988013 
0.6939708 
0.6829360 
0.6871916 
0.6969162 
0.6911590 
0.7145278 
0.7102865 
0.7249466 
0.7283825 
0.6978838 
0.7116768 
0.6980983 
0.7279051 
0.6915391 
0.6863542 
0.6910510 
0.6920464 
0.7110878 
0.7085207 
0.7104073 
0.7071888 
0.7032564 
0.7041644 
0.6992907 
0.6943474 
0.6989587 
0.7082471 
0.6740296 
0.6510990 
0.6212540 
0.6479483 
0.6554869 
0.6515784 
0.6478289 
0.6248238 
0.6374996 
0.6273709 
0.6365167 
0.6069003 
0.6275517 
0.6067644 
0.6457575 
0.6655497 
0.6481513 
0.6691303 
0.6541091 
0.6907667 
0.6841650 
0.6706854 
0.6799568 
0.6416901 
0.6397668 
0.6585240 
0.6503892 
0.6145332 
0.5957177 
0.6074511 
0.6232749 
0.6261195 
0.6367140 
0.6457429 
0.6411962 
0.6566249 
0.6815789 
0.7317928 
0.7396918 
0.7318139 
0.7505321 
0.7239766 
0.6741512 
0.6458573 
0.6403915 
0.6159464 
0.6427124 
0.6111352 
0.6410833 
0.6454316 
0.6444008 
0.6415397 
0.6582083 
0.6392059 
0.6636890 
0.6650973 
0.6689153 
0.6722274 
0.6720714 
0.6618362 
0.6568976 
0.6478274 
0.6857096 
0.7048092 
0.7255336 
0.7095546 
0.7189067 
0.7251106 
0.7152011 
0.7043194 
0.7076285 
0.6835355 
0.7296593 
0.6960220 
0.6400368 
0.6551709 
0.6794908 
0.7187318 
0.6837566 
0.6750742 
0.6606603 
0.6863913 
0.6779394 
0.6605625 
0.6715978 
0.6640718 
0.6776907 
0.7082216 
0.6795351 
0.6535155 
0.6773513 
0.6731030 
0.6957088 
0.6963792 
0.6627525 
0.6339424 
0.6397970 
0.6536725 
0.6757196 
0.6642719 
0.6565303 
0.6518420 
0.6733137 
0.6666559 
0.6458656 
0.6601507 
0.6539622 
0.6471039 
0.6711515 
0.6930814 
0.6834491 
0.6700812 
0.6890655 
0.7121166 
0.7230808 
0.7272462 
0.7099987 
0.7024770 
0.6959669 
0.6992603 
0.6790692 
0.6578782 
0.6230630 
0.6353542 
0.6415073 
0.6479824 
0.6499189 
0.7056976 
0.7152536 
0.7115200 
0.7132236 
0.7021208 
0.6641903 
0.6542976 
0.6560610 
0.6440367 
0.6532570 
0.6149263 
0.6352136 
0.6232471 
0.6041974 
0.6367993 
0.6393426 
0.6638940 
0.6706995 
0.6778003 
0.6671506 
0.6982018 
0.6953322 
0.6828162 
0.6726138 
0.6234588 
0.5718692 
0.6448893 
0.6555158 
0.6801346 
0.6949836 
0.6977067 
0.6889517 
0.6897019 
0.6889461 
0.6947274 
0.6934531 
0.7109278 
0.7024334 
0.7014488 
0.7034163 
0.7237699 
0.7189256 
0.7259169 
0.7145284 
0.7277520 
0.7381565 
0.7460914 
0.7193958 
0.7274403 
0.7162399 
0.7217631 
0.7519017 
0.7552502 
0.7597181 
0.6923615 
0.7188961 
0.6764405 
0.6536062 
0.5984831 
0.6247065 
0.6352937 
0.6384833 
0.6506537 
0.6792414 
0.6815844 
0.6829940 
0.6993464 
0.7167061 
0.6785828 
0.6666413 
0.6621404 
0.6555394 
0.6518866 
0.6797394 
0.6481703 
0.6384875 
0.6641921 
0.6636027 
0.6624808 
0.6403835 
0.6547406 
0.6536534 
0.6307636 
0.6202254 
0.6104979 
0.6290704 
0.6350005 
0.6277159 
0.5935363 
0.5969354 
0.6068584 
0.6087618 
0.5938301 
0.5911321 
0.5863882 
0.6010618 
0.6218076 
0.6382316 
0.6618325 
0.6695652 
0.6760496 
0.6631520 
0.6582921 
0.6659040 
0.6248933 
0.6264469 
0.6797528 
0.6935765 
0.7269525 
0.7481476 
0.7024210 
0.6795113 
0.6776201 
0.6643001 
0.5604600 
0.4966373 
0.5010383 
0.5286112 
0.5598955 
0.5673870 
0.5476713 
0.5979429 
0.6544871 
0.6484188 
0.6086385 
0.6003562 
0.6137064 
0.6116141 
0.6251158 
0.6396210 
0.6537651 
0.6302840 
0.6469387 
0.6433292 
0.6404758 
0.6510268 
0.6620018 
0.6598384 
0.6637338 
0.6769145 
0.6377632 
0.6328976 
0.6194211 
0.6033437 
0.5954135 
0.5821211 
0.5765251 
0.5901539 
0.6101862 
0.6217101 
0.6218372 
0.6369090 
0.6194700 
0.6025746 
0.5905529 
0.5789911 
0.5853578 
0.5810763 
0.5929290 
0.5947750 
0.5966782 
0.6013168 
0.6098819 
0.6514101 
0.6622878 
0.6471528 
0.6716435 
0.6867281 
0.6846318 
0.6719213 
0.6541486 
0.6143371 
0.5679964 
0.5355779 
0.5655270 
0.5579124 
0.5686904 
0.5694516 
0.5680703 
0.5444408 
0.5275415 
0.5480375 
0.5582483 
0.5506335 
0.5767302 
0.6046044 
0.6310794 
0.6288689 
0.6186598 
0.6131527 
0.6059397 
0.5865639 
0.5866422 
0.5810354 
0.6134256 
0.6019116 
0.5909182 
0.6078814 
0.5882604 
0.5928923 
0.5771388 
0.5621236 
0.5550767 
0.5651357 
0.5356249 
0.5259246 
0.5433293 
0.5509682 
0.5800644 
0.6084514 
0.5941451 
0.5976527 
0.5930674 
0.6016333 
0.5922652 
0.5288508 
0.5325049 
0.5568768 
0.5541346 
0.5466381 
0.5425876 
0.5265437 
0.5304748 
0.5468400 
0.5351512 
0.5595886 
0.5648836 
0.5800656 
0.5969074 
0.6443493 
0.6427263 
0.6488232 
0.6255289 
0.6393801 
0.6960527 
0.6893091 
0.6978149 
0.6807854 
0.7001761 
0.7008698 
0.6204948 
0.5511609 
0.5376848 
0.5480295 
0.5517416 
0.5532515 
0.5555466 
0.5429254 
0.5630839 
0.5610481 
0.6095661 
0.6331747 
0.6041070 
0.6095813 
0.6179847 
0.5999225 
0.5690461 
0.5818741 
0.5790978 
0.5760477 
0.5695998 
0.5605560 
0.5662716 
0.5864532 
0.5853308 
0.5656046 
0.5838057 
0.5989776 
0.6106321 
0.6120383 
0.6184435 
0.6477094 
0.6335034 
0.6054295 
0.6381566 
0.6072924 
0.5982629 
0.5961952 
0.6123573 
0.5995727 
0.5840447 
0.5651695 
0.5575256 
0.5539139 
0.5634278 
0.6028189 
0.5720639 
0.6072142 
0.5940769 
0.5974180 
0.5700083 
0.5598527 
0.5692770 
0.5989911 
0.5599600 
0.5605149 
0.5937212 
0.5365061 
0.5596393 
0.5693139 
0.5825869 
0.5550735 
0.5807082 
0.5954732 
0.5931476 
0.5779405 
0.5560041 
0.5595854 
0.6033695 
0.5769932 
0.5732186 
0.5931029 
0.5872426 
0.5686805 
0.5857210 
0.5992429 
0.6016033 
0.6033497 
0.6016492 
0.5958811 
0.6054919 
0.5986730 
0.5716222 
0.5565327 
0.5691592 
0.5464405 
0.5601659 
0.5517900 
0.5422950 
0.5266358 
0.5505639 
0.5397878 
0.5490733 
0.5821483 
0.5782182 
0.5889665 
0.5513338 
0.5344721 
0.5265929 
0.4989206 
0.5145768 
0.5258411 
0.5323309 
0.5523724 
0.5392387 
0.5522995 
0.5450986 
0.5697889 
0.5638582 
0.5606650 
0.5054593 
0.5153869 
0.5225682 
0.5366289 
0.5342550 
0.5287851 
0.5195667 
0.4932050 
0.4783772 
0.4769700 
0.5181287 
0.5427103 
0.5154866 
0.5301795 
0.5159286 
0.4936011 
0.5031339 
0.4900507 
0.5397480 
0.5780543 
0.5855634 
0.5995325 
0.5921712 
0.5708324 
0.5775390 
0.5881494 
0.5895215 
0.5572238 
0.5398239 
0.5432587 
0.5364840 
0.5204543 
0.5479381 
0.5238316 
0.5296923 
0.5178371 
0.5280894 
0.5327166 
0.5108184 
0.5135635 
0.5292396 
0.5496383 
0.5056632 
0.5333314 
0.5459028 
0.5357344 
0.5831315 
0.5987396 
0.5774539 
0.5393291 
0.5302212 
0.5203753 
0.5049484 
0.5032654 
0.4963949 
0.4780866 
0.4992489 
0.4840310 
0.4827484 
0.5039146 
0.5002339 
0.4791561 
0.4832090 
0.4794576 
0.4797455 
0.4641186 
0.4819532 
0.4849221 
0.4492092 
0.4642227 
0.4428517 
0.4368631 
0.4336309 
0.4208065 
0.4430733 
0.4207318 
0.4657690 
0.4741694 
0.4823473 
0.4309665 
0.4053846 
0.4141448 
0.4649948 
0.4399376 
0.4291464 
0.4267680 
0.4658287 
0.4661099 
0.4627007 
0.4783900 
0.4572985 
0.4913368 
0.4783773 
0.4550778 
0.4485174 
0.4166231 
0.4536774 
0.4831963 
0.4592413 
0.4205008 
0.4538739 
0.4418667 
0.4463728 
0.4346431 
0.4220960 
0.4106126 
0.4536550 
0.4502127 
0.4757667 
0.4598355 
0.4769729 
0.4799889 
0.4910563 
0.4871699 
0.4567524 
0.4926846 
0.4841913 
0.4928224 
0.4783415 
0.4815125 
0.4517413 
0.4500478 
0.4726172 
0.4878758 
0.4864944 
0.4345503 
0.4204273 
0.4363848 
0.4457431 
0.4432978 
0.4236847 
0.3881800 
0.4166129 
0.4081846 
0.4082252 
0.4338642 
0.4300269 
0.4237060 
0.4086121 
0.4349912 
0.4458797 
0.4780445 
0.5172232 
0.5210328 
0.5280356 
0.5097606 
0.4931819 
0.4849259 
0.4578403 
0.4915002 
0.5052414 
0.5145333 
0.4650499 
0.4700518 
0.4768342 
0.4720433 
0.4851973 
0.4851203 
0.4898109 
0.4991494 
0.5026977 
0.5024841 
0.4817611 
0.4782446 
0.5143100 
0.4860111 
0.4817598 
0.4693741 
0.4815070 
0.4928566 
0.4853104 
0.4887116 
0.4856032 
0.5063985 
0.4888041 
0.4938018 
0.5232909 
0.5114215 
0.4910847 
0.5178475 
0.5127522 
0.4956061 
0.4963418 
0.4896125 
0.4962737 
0.4729334 
0.4988626 
0.4623666 
0.4708440 
0.4690636 
0.4352311 
0.4221542 
0.4241070 
0.4588070 
0.4783090 
0.5104503 
0.5307409 
0.5891701 
0.5790751 
0.5908094 
0.6051307 
0.6067449 
0.6170506 
0.6121523 
0.6147126 
0.6195671 
0.6475886 
0.6144817 
0.6372742 
0.6441009 
0.6415608 
0.6095571 
0.6184249 
0.6158711 
0.6361594 
0.6014619 
0.5869040 
0.5621250 
0.5211124 
0.5319098 
0.5394590 
0.5452668 
0.5448785 
0.5399211 
0.5553596 
0.5793813 
0.5762861 
0.5816586 
0.5909312 
0.5793914 
0.5750547 
0.5995419 
0.5772378 
0.5710247 
0.5758614 
0.5866966 
0.5663602 
0.5460774 
0.5376009 
0.5489584 
0.5413799 
0.5194185 
0.5119218 
0.4881756 
0.4689684 
0.4781906 
0.4665665 
0.4589138 
0.4632414 
0.4933835 
0.4902807 
0.4976245 
0.4936104 
0.4988166 
0.4500648 
0.4607681 
0.4078245 
0.4119837 
0.4008296 
0.3897852 
0.3750950 
0.3839886 
0.3686089 
0.3785765 
0.4048114 
0.4083678 
0.4035923 
0.4063917 
0.3723363 
0.3750117 
0.3495437 
0.3671992 
0.3500842 
0.3525620 
0.3443537 
0.3617796 
0.3498804 
0.3771525 
0.3778683 
0.3809017 
0.3562943 
0.3265396 
0.3361393 
0.3505596 
0.3487349 
0.3608096 
0.3652157 
0.3650430 
0.3294398 
0.3484260 
0.3578676 
0.3790832 
0.3562044 
0.3492925 
0.3302630 
0.2945208 
0.3145822 
0.3284950 
0.3289905 
0.3580441 
0.3601727 
0.3717040 
0.3986334 
0.4208218 
0.5120737 
0.6030304 
0.6020467 
0.6220522 
0.6358693 
0.6496930 
0.5953121 
0.5536653 
0.5113282 
0.4817788 
0.4666256 
0.4437935 
0.4404766 
0.4339206 
0.4017444 
0.4122928 
0.4429522 
0.4659621 
0.5096075 
0.4916023 
0.4715017 
0.4568835 
0.4532614 
0.4116740 
0.4184120 
0.3813185 
0.3760911 
0.4145359 
0.4060662 
0.4141705 
0.3971290 
0.4101306 
0.3822556 
0.3922857 
0.4054051 
0.4104940 
0.4201362 
0.3797865 
0.3744818 
0.3882615 
0.3668738 
0.3714851 
0.3717017 
0.3746468 
0.3875221 
0.3629983 
0.3587476 
0.3506371 
0.3652502 
0.3673095 
0.3550109 
0.3773249 
0.3731669 
0.3611039 
0.3970242 
0.4016820 
0.3962599 
0.4104509 
0.3782416 
0.3589085 
0.3749143 
0.3600572 
0.3827041 
0.3900060 
0.4077579 
0.4409457 
0.4508454 
0.4557279 
0.4610226 
0.4401655 
0.4470013 
0.4824041 
0.5011084 
0.4947369 
0.4660741 
0.4775203 
0.5004474 
0.4884205 
0.4686382 
0.4658617 
0.4600593 
0.4903342 
0.5235932 
0.4961699 
0.4884860 
0.4594572 
0.4525905 
0.4405602 
0.4519577 
0.4288738 
0.4370854 
0.4258992 
0.4191607 
0.4261793 
0.4174655 
0.4354676 
0.4242249 
0.4417687 
0.4585393 
0.4317574 
0.4459022 
0.4293163 
0.4126864 
0.3902064 
0.4029409 
0.3720347 
0.3968983 
0.4002533 
0.4256858 
0.4119779 
0.3924230 
0.3688621 
0.3668719 
0.3533632 
0.3739547 
0.3756771 
0.3470467 
0.3658630 
0.3397568 
0.3903010 
0.3738491 
0.3482829 
0.3569488 
0.3363911 
0.3481331 
0.3369914 
0.3491962 
0.3050682 
0.2952960 
0.2905642 
0.2776617 
0.2945604 
0.3257005 
0.3163761 
0.3142208 
0.2839152 
0.2857899 
0.3033228 
0.2882343 
0.2742011 
0.2820407 
0.2850666 
0.3100768 
0.3130412 
0.2953301 
0.3111134 
0.3253030 
0.3049114 
0.3093463 
0.3116499 
0.3319906 
0.3067017 
0.3168153 
0.3110898 
0.2656095 
0.2451149 
0.2696283 
0.2628685 
0.2298367 
0.2084289 
0.2217319 
0.2498991 
0.2510580 
0.2271504 
0.2170830 
0.2333104 
0.2737976 
0.2775382 
0.2786036 
0.2772753 
0.2371054 
0.2362972 
0.2795057 
0.3000454 
0.3024844 
0.3036005 
0.3086351 
0.3042274 
0.3181771 
0.3221517 
0.3466484 
0.3404566 
0.3436624 
0.3659107 
0.3474584 
0.3422663 
0.3619482 
0.3567533 
0.3597303 
0.3521301 
0.3182028 
0.3282715 
0.3361405 
0.3460112 
0.3585654 
0.3348546 
0.3553376 
0.3688600 
0.3718766 
0.3571571 
0.3187631 
0.3209179 
0.3007333 
0.3021234 
0.2736603 
0.2731280 
0.2605519 
0.2701022 
0.2734772 
0.2592663 
0.2472462 
0.2382278 
0.2597884 
0.2719815 
0.3075959 
0.2996566 
0.2878917 
0.2668347 
0.2508003 
0.2734046 
0.2992804 
0.3190011 
0.3288698 
0.3794664 
0.3707633 
0.3845977 
0.3860720 
0.3743605 
0.3777237 
0.4019643 
0.3764674 
0.3484024 
0.2977480 
0.2960506 
0.3052703 
0.2876662 
0.2948004 
0.2831364 
0.2831123 
0.3121617 
0.3064682 
0.2913029 
0.2904685 
0.2919554 
0.2945905 
0.2697929 
0.2910138 
0.2874093 
0.2861808 
0.2461644 
0.2404881 
0.2547504 
0.2506690 
0.2584296 
0.2741720 
0.2636878 
0.2550679 
0.2752274 
0.2500812 
0.2611079 
0.2731053 
0.2833539 
0.2994717 
0.2966504 
0.3063116 
0.3112165 
0.3131442 
0.3265085 
0.3247135 
0.3471019 
0.3552576 
0.3206467 
0.3032924 
0.3016923 
0.3263144 
0.2975897 
0.2951153 
0.2871937 
0.3055753 
0.2966088 
0.2875716 
0.2606043 
0.2907065 
0.2577138 
0.2634383 
0.2614807 
0.2371208 
0.2591091 
0.2352383 
0.1990243 
0.2087039 
0.2116158 
0.2143152 
0.2164257 
0.2171875 
0.2109659 
0.2073686 
0.2143290 
0.1933710 
0.1975290 
0.2094214 
0.2212588 
0.2225419 
0.1863833 
0.2106107 
0.2112449 
0.2051590 
0.2018370 
0.2052807 
0.2383071 
0.2392258 
0.2403952 
0.2503965 
0.2375995 
0.2383749 
0.2356438 
0.2560306 
0.2346599 
0.2336390 
0.2254032 
0.2368024 
0.2019614 
0.2290288 
0.2033646 
0.1918651 
0.1876376 
0.2010607 
0.1706426 
0.1954618 
0.1983606 
0.2098588 
0.2426277 
0.2279770 
0.2310587 
0.2432130 
0.2415869 
0.2495043 
0.2297260 
0.2577686 
0.2472946 
0.2215664 
0.2075115 
0.1966145 
0.1811904 
0.1880953 
0.2188472 
0.2512856 
0.2662736 
0.2299514 
0.2309098 
0.2183254 
0.2446694 
0.2615139 
0.2627967 
0.2838839 
0.2820584 
0.2840650 
0.2546371 
0.2528569 
0.2681537 
0.2593452 
0.2648768 
0.2537621 
0.2767138 
0.2893724 
0.2751196 
0.2579700 
0.2530530 
0.2508890 
0.2479136 
0.2575280 
0.2799668 
0.2819788 
0.2684619 
0.2456435 
0.1964194 
0.2073145 
0.2224659 
0.2075359 
0.1992392 
0.2178271 
0.2069815 
0.2120951 
0.2537079 
0.2734529 
0.2494508 
0.2463771 
0.2586318 
0.2660901 
0.3010098 
0.3269507 
0.3224102 
0.3638597 
0.3794486 
0.4077177 
0.3997562 
0.4142256 
0.3620886 
0.3759424 
0.3998421 
0.4151963 
0.3983696 
0.3985118 
0.3433041 
0.3241989 
0.3084317 
0.3133203 
0.2663248 
0.2471548 
0.2570413 
0.2457270 
0.2576559 
0.2366848 
0.2642753 
0.2246179 
0.2001319 
0.2191699 
0.2157206 
0.2028777 
0.2092752 
0.2287771 
0.2279857 
0.2673683 
0.2251756 
0.2460161 
0.2463257 
0.2811196 
0.2889228 
0.2641415 
0.2678662 
0.2878143 
0.2659304 
0.2955449 
0.2774907 
0.2530104 
0.2602298 
0.2397877 
0.2608251 
0.2605105 
0.2514764 
0.2316272 
0.2388283 
0.2417531 
0.2278307 
0.2544357 
0.2587439 
0.2603531 
0.2580836 
0.2474448 
0.2497332 
0.2539507 
0.2931158 
0.2973482 
0.2774818 
0.2479349 
0.2553294 
0.2757340 
0.2763359 
0.2244574 
0.1993271 
0.2372772 
0.2244867 
0.2212919 
0.1725171 
0.1688156 
0.2054246 
0.1837882 
0.1828802 
0.1779074 
0.1830921 
0.1745345 
0.1736636 
0.1436538 
0.1468218 
0.1113021 
0.1474439 
0.1369594 
0.1418746 
0.1546633 
0.1603497 
0.1965184 
0.1808532 
0.1674452 
0.1689455 
0.1959333 
0.2023599 
0.2241009 
0.2407230 
0.2433394 
0.2512928 
0.2213281 
0.1593898 
0.0829017 
0.0836839 
0.0835573 
0.1439147 
0.1719290 
0.1967306 
0.1955347 
0.1917017 
0.2049610 
0.1773330 
0.1859573 
0.1914598 
0.2065229 
0.2166398 
0.2272782 
0.2285425 
0.2501332 
0.2113231 
0.2003049 
0.1991507 
0.2230626 
0.2298203 
0.2364541 
0.2263523 
0.2428339 
0.2254430 
0.2129127 
0.1990074 
0.2231014 
0.2130536 
0.1954203 
0.1988429 
0.1941902 
0.1970146 
0.2097075 
0.2173392 
0.2433430 
0.2670026 
0.2903155 
0.2188246 
0.2170218 
0.1954657 
0.1896455 
0.1985568 
0.1860455 
0.1598535 
0.1853773 
0.1934427 
0.1976377 
0.1619202 
0.1946477 
0.2113324 
0.1925645 
0.2023760 
0.2193623 
0.1952534 
0.1886195 
0.2082578 
0.2243996 
0.2089221 
0.2057813 
0.2192527 
0.2220794 
0.2271003 
0.2376395 
0.2614461 
0.2558626 
0.2376656 
0.2265485 
0.2302849 
0.2223361 
0.2394370 
0.2000453 
0.1906276 
0.1905636 
0.1955582 
0.1800482 
0.1680075 
0.1897386 
0.1700069 
0.1680897 
0.1411174 
0.1606069 
0.1309704 
0.1219400 
0.1285632 
0.1233777 
0.1196303 
0.1058603 
0.1575127 
0.1610080 
0.1613403 
0.1614851 
0.1563453 
0.1182233 
0.1281645 
0.0888234 
0.1009562 
0.0922675 
0.0835166 
0.0974722 
0.0931119 
0.1102107 
0.0874536 
0.0977554 
0.1153384 
0.1337056 
0.1329132 
0.1054665 
0.1381078 
0.1770794 
0.1683886 
0.1604888 
0.1683979 
0.1706921 
0.1908666 
0.1653699 
0.1550665 
0.1586618 
0.1753483 
0.1691638 
0.1821689 
0.1869596 
0.1951422 
0.1841052 
0.1603762 
0.1552418 
0.1494467 
0.1418811 
0.1570484 
0.1253065 
0.1081048 
0.0996740 
0.1389073 
0.0897802 
0.0847063 
0.0467185 
0.0412709 
0.0271009 
0.0083044 
0.0171736 
0.0151953 
0.0000000 
0.0047561 
0.0279108 
0.0417078 
0.0567229 
0.0695624 
0.0666130 
0.0815515 
0.0747770 
0.0911925 
0.1002724 
0.1010554 
0.1122818 
0.1349260 
0.1467248 
0.1546790 
0.1543965 
0.1612013 
0.1549356 
0.1874287 
0.2109660 
0.2153352 
0.1811136 
0.1678680 
0.1566446 
0.1958450 
0.1841069 
0.1783655 
0.1609455 
0.1544467 
0.1708757 
0.1711132 
0.1834550 
0.1675160 
0.1801084 
0.1433389 
0.1545258 
0.1343167 
0.1369603 
0.1248429 
0.1056115 
0.1384243 
0.1459085 
