-0.0000322 
0.0001188 
0.0001062 
-0.0365969 
0.0168026 
-0.0000242 
0.9912308 
0.9964435 
0.9934605 
0.9924358 
0.9922503 
0.9821049 
0.9831988 
0.9900961 
0.9850413 
0.9909338 
1.0000000 
0.9938846 
0.9848744 
0.9859148 
0.9780821 
0.9711864 
0.9716189 
0.9772112 
0.9807875 
0.9770083 
0.9668096 
0.9661847 
0.9654516 
0.9646213 
0.9581479 
0.9587030 
0.9668647 
0.9701498 
0.9682376 
0.9658105 
0.9646966 
0.9688171 
0.9705747 
0.9590499 
0.9485241 
0.9514638 
0.9601166 
0.9639168 
0.9607293 
0.9663620 
0.9770795 
0.9740370 
0.9606579 
0.9512569 
0.9522309 
0.9454550 
0.9440275 
0.9584533 
0.9680752 
0.9622147 
0.9616718 
0.9559445 
0.9615795 
0.9550882 
0.9563111 
0.9638364 
0.9580097 
0.9582341 
0.9478229 
0.9373864 
0.9443427 
0.9526956 
0.9451236 
0.9498684 
0.9349012 
0.9326823 
0.9277600 
0.9402881 
0.9444784 
0.9413215 
0.9321686 
0.9337548 
0.9364484 
0.9237016 
0.9251289 
0.9382133 
0.9492329 
0.9425812 
0.9275556 
0.9183013 
0.9196562 
0.9287776 
0.9302972 
0.9418865 
0.9386110 
0.9259511 
0.9244660 
0.9227825 
0.9266588 
0.9423998 
0.9418456 
0.9254507 
0.9271995 
0.9263526 
0.9344711 
0.9493914 
0.9501098 
0.9476194 
0.9379569 
0.9279920 
0.9305976 
0.9292286 
0.9271746 
0.9344902 
0.9314044 
0.9212106 
0.9181021 
0.9173455 
0.9135485 
0.9246957 
0.9255979 
0.9190868 
0.9055753 
0.9012859 
0.9196706 
0.9453462 
0.9307002 
0.9091545 
0.9074857 
0.9009653 
0.9051809 
0.9090391 
0.9062953 
0.9039077 
0.8979977 
0.9097166 
0.9300292 
0.9146822 
0.9023927 
0.8911023 
0.8916078 
0.9126200 
0.9091347 
0.8896935 
0.9004326 
0.8926952 
0.9024429 
0.9192236 
0.9264666 
0.9081500 
0.9088648 
0.8998969 
0.9044206 
0.9312903 
0.9255880 
0.9022198 
0.8985597 
0.8982660 
0.8978283 
0.9061132 
0.9029831 
0.8917515 
0.8797316 
0.8963373 
0.9104045 
0.8994044 
0.8867738 
0.8807187 
0.8840305 
0.8931481 
0.9064856 
0.8949323 
0.8851086 
0.8773815 
0.8902019 
0.8953082 
0.8953392 
0.8884009 
0.8817863 
0.8851909 
0.8890413 
0.8916841 
0.8775464 
0.8804614 
0.8808403 
0.8957579 
0.8934746 
0.8817973 
0.8757012 
0.8771051 
0.8965876 
0.8943324 
0.8797495 
0.8661675 
0.8818295 
0.8957094 
0.8893975 
0.8660996 
0.8673742 
0.8705796 
0.8862176 
0.8853559 
0.8674699 
0.8619106 
0.8716041 
0.8849277 
0.8771152 
0.8797809 
0.8778324 
0.8924787 
0.8803449 
0.8765949 
0.8614168 
0.8693024 
0.8832502 
0.8778713 
0.8688147 
0.8665269 
0.8821821 
0.8879899 
0.8881599 
0.8859862 
0.8801722 
0.8845827 
0.8859217 
0.8814314 
0.8720088 
0.8678043 
0.8773581 
0.8827943 
0.8877575 
0.8789043 
0.8851133 
0.8861771 
0.8902585 
0.8864026 
0.8641000 
0.8782885 
0.8823259 
0.8732557 
0.8636901 
0.8639945 
0.8784966 
0.8729356 
0.8729329 
0.8799046 
0.8763340 
0.8713048 
0.8575175 
0.8556409 
0.8621176 
0.8549798 
0.8508336 
0.8447739 
0.8483482 
0.8560836 
0.8554123 
0.8548454 
0.8495706 
0.8542709 
0.8595416 
0.8533001 
0.8535516 
0.8493848 
0.8518356 
0.8663489 
0.8613308 
0.8596172 
0.8629556 
0.8514350 
0.8479817 
0.8517692 
0.8522527 
0.8507266 
0.8536144 
0.8493464 
0.8491186 
0.8455363 
0.8388599 
0.8485274 
0.8447562 
0.8410273 
0.8531477 
0.8501257 
0.8552782 
0.8527967 
0.8338886 
0.8390907 
0.8367028 
0.8421963 
0.8484319 
0.8462605 
0.8409657 
0.8409476 
0.8385969 
0.8352686 
0.8528594 
0.8533010 
0.8338947 
0.8479791 
0.8413893 
0.8460659 
0.8463239 
0.8311232 
0.8336655 
0.8450071 
0.8590861 
0.8391375 
0.8438784 
0.8409424 
0.8336879 
0.8445774 
0.8342316 
0.8400203 
0.8271567 
0.8376497 
0.8233318 
0.8298377 
0.8419696 
0.8370752 
0.8412059 
0.8399423 
0.8499515 
0.8344662 
0.8309150 
0.8341615 
0.8489225 
0.8303611 
0.8312810 
0.8249482 
0.8353737 
0.8219676 
0.8274405 
0.8221874 
0.8250554 
0.8296367 
0.8154387 
0.8153029 
0.8224284 
0.8187171 
0.8164019 
0.8122856 
0.8126902 
0.8082915 
0.8147832 
0.8093199 
0.8164287 
0.8096422 
0.8121581 
0.8117814 
0.8060588 
0.8075766 
0.8084212 
0.7989176 
0.7980438 
0.8070475 
0.8113149 
0.8082593 
0.8098824 
0.8130952 
0.8074237 
0.8095915 
0.8094404 
0.8202332 
0.8168182 
0.8222279 
0.8243895 
0.8274605 
0.8229348 
0.8179271 
0.8161009 
0.8194989 
0.8099929 
0.7992306 
0.7946577 
0.7739058 
0.7721309 
0.7828730 
0.7976401 
0.7878975 
0.7922389 
0.7968742 
0.8039938 
0.8128189 
0.8099893 
0.8002308 
0.8044073 
0.8104225 
0.8130274 
0.7949130 
0.7941129 
0.7921795 
0.7945388 
0.7885074 
0.7873810 
0.7889216 
0.7880755 
0.7900230 
0.7839095 
0.7768513 
0.7736424 
0.7780906 
0.7907855 
0.7945983 
0.7982581 
0.7891690 
0.7792403 
0.7868152 
0.7776514 
0.7678794 
0.7722671 
0.7862347 
0.7838205 
0.7680754 
0.7786581 
0.7855186 
0.7882956 
0.7835586 
0.7761070 
0.7824210 
0.7817063 
0.7834544 
0.7880303 
0.7763461 
0.7803554 
0.7852421 
0.7804445 
0.7792221 
0.7819298 
0.7821974 
0.7859288 
0.7818707 
0.7846682 
0.7817708 
0.7784146 
0.7719006 
0.7633065 
0.7624031 
0.7670460 
0.7674963 
0.7692575 
0.7733052 
0.7712022 
0.7715260 
0.7667132 
0.7647033 
0.7753487 
0.7884346 
0.7877897 
0.7801434 
0.7707549 
0.7622131 
0.7707004 
0.7746236 
0.7745785 
0.7743597 
0.7690878 
0.7542474 
0.7422638 
0.7516107 
0.7688522 
0.7808549 
0.7805465 
0.7724515 
0.7565183 
0.7475229 
0.7540450 
0.7618256 
0.7645840 
0.7656087 
0.7493346 
0.7447070 
0.7514297 
0.7695838 
0.7824627 
0.7857177 
0.7756621 
0.7619778 
0.7553640 
0.7574009 
0.7649407 
0.7692694 
0.7640536 
0.7579684 
0.7467027 
0.7473067 
0.7523296 
0.7625671 
0.7652325 
0.7619719 
0.7544498 
0.7564195 
0.7598438 
0.7700612 
0.7772057 
0.7665104 
0.7619847 
0.7572107 
0.7605316 
0.7742485 
0.7697809 
0.7677501 
0.7697942 
0.7553435 
0.7592543 
0.7630803 
0.7639914 
0.7740768 
0.7688926 
0.7566588 
0.7496909 
0.7472114 
0.7468541 
0.7482196 
0.7492276 
0.7438685 
0.7367242 
0.7369915 
0.7403778 
0.7477871 
0.7464310 
0.7417281 
0.7402798 
0.7342820 
0.7436028 
0.7479549 
0.7490636 
0.7486612 
0.7336878 
0.7331427 
0.7382068 
0.7413215 
0.7490526 
0.7560156 
0.7518665 
0.7443971 
0.7405479 
0.7426162 
0.7465029 
0.7377127 
0.7327663 
0.7265148 
0.7227724 
0.7283189 
0.7348060 
0.7460601 
0.7462076 
0.7285613 
0.7209416 
0.7162567 
0.7134444 
0.7165294 
0.7269469 
0.7239160 
0.7346995 
0.7417116 
0.7491443 
0.7487815 
0.7481401 
0.7349399 
0.7272159 
0.7253280 
0.7214740 
0.7228291 
0.7211577 
0.7284056 
0.7397701 
0.7406414 
0.7299784 
0.7227787 
0.7252056 
0.7126563 
0.7128713 
0.7067190 
0.7010211 
0.7048418 
0.7093723 
0.7134033 
0.7249815 
0.7320714 
0.7241022 
0.7230500 
0.7167813 
0.7072472 
0.7134776 
0.7134694 
0.7074308 
0.7168128 
0.7174001 
0.7131936 
0.7288915 
0.7292546 
0.7253313 
0.7322166 
0.7199935 
0.7048563 
0.7092633 
0.7003045 
0.6846559 
0.6945247 
0.6975124 
0.6879742 
0.7012507 
0.7038994 
0.7003409 
0.7122328 
0.7144646 
0.7021695 
0.7072050 
0.7121781 
0.7027057 
0.7104208 
0.7077866 
0.6938905 
0.7066800 
0.7162794 
0.6929550 
0.7118041 
0.7296769 
0.7077968 
0.7076950 
0.7238964 
0.6903849 
0.6834432 
0.7070079 
0.6795431 
0.6644191 
0.6916606 
0.6817529 
0.6787189 
0.7066164 
0.7147577 
0.6969623 
0.7105785 
0.7127887 
0.6860390 
0.6960456 
0.7048256 
0.6807812 
0.6880275 
0.7097508 
0.6928140 
0.6861953 
0.7076119 
0.7074328 
0.6913649 
0.7110138 
0.7225225 
0.6969151 
0.6918638 
0.7067852 
0.6884026 
0.6737819 
0.6835132 
0.6865950 
0.6692612 
0.6808819 
0.6975494 
0.6800027 
0.6749100 
0.6913323 
0.6957467 
0.6790982 
0.6916967 
0.7079778 
0.6873150 
0.6729849 
0.6799808 
0.6940346 
0.6833306 
0.6815561 
0.6957007 
0.6973804 
0.6785018 
0.6794237 
0.6839879 
0.6773688 
0.6638307 
0.6712392 
0.6865728 
0.6696277 
0.6508898 
0.6537408 
0.6789377 
0.6726003 
0.6665208 
0.6781252 
0.6909088 
0.6608265 
0.6515016 
0.6712789 
0.6900765 
0.6632893 
0.6555900 
0.6666320 
0.6713161 
0.6586197 
0.6596758 
0.6731124 
0.6778459 
0.6632470 
0.6572342 
0.6647824 
0.6697328 
0.6654420 
0.6569715 
0.6673142 
0.6683142 
0.6619466 
0.6613809 
0.6738823 
0.6761865 
0.6531241 
0.6412124 
0.6515697 
0.6636631 
0.6676769 
0.6699693 
0.6680112 
0.6637263 
0.6521407 
0.6543200 
0.6752507 
0.6850604 
0.6710962 
0.6495504 
0.6463830 
0.6456367 
0.6513179 
0.6507779 
0.6448566 
0.6507958 
0.6431562 
0.6373706 
0.6503723 
0.6668939 
0.6607687 
0.6323595 
0.6260541 
0.6427456 
0.6737771 
0.6660226 
0.6489463 
0.6407972 
0.6492394 
0.6611530 
0.6551151 
0.6501171 
0.6473484 
0.6581097 
0.6519672 
0.6489282 
0.6576822 
0.6658561 
0.6629483 
0.6472789 
0.6481142 
0.6669477 
0.6772609 
0.6549718 
0.6323677 
0.6352359 
0.6579965 
0.6720115 
0.6451321 
0.6154107 
0.6131518 
0.6423034 
0.6497962 
0.6310587 
0.6113697 
0.6232805 
0.6436118 
0.6554935 
0.6467974 
0.6219284 
0.6285674 
0.6462317 
0.6561235 
0.6447197 
0.6320287 
0.6314833 
0.6555588 
0.6490842 
0.6352452 
0.6227211 
0.6275022 
0.6396446 
0.6418164 
0.6226920 
0.6192989 
0.6320400 
0.6532262 
0.6636315 
0.6426088 
0.6288817 
0.6318176 
0.6548000 
0.6630176 
0.6437848 
0.6201896 
0.6268774 
0.6521364 
0.6583591 
0.6397797 
0.6167357 
0.6189462 
0.6423752 
0.6440844 
0.6322778 
0.6296825 
0.6380896 
0.6364208 
0.6242356 
0.6222094 
0.6233195 
0.6423666 
0.6349635 
0.6191225 
0.6144255 
0.6290976 
0.6358918 
0.6195977 
0.6073867 
0.6092536 
0.6229372 
0.6226522 
0.6101273 
0.6102226 
0.6298213 
0.6373870 
0.6259960 
0.6163766 
0.6235360 
0.6271774 
0.6307609 
0.6316201 
0.6298807 
0.6301921 
0.6283113 
0.6186095 
0.6108517 
0.6211356 
0.6257810 
0.6178055 
0.6193088 
0.6321609 
0.6325803 
0.6223199 
0.6191091 
0.6174986 
0.6220011 
0.6161674 
0.6124544 
0.6156514 
0.6176537 
0.6013750 
0.5827553 
0.5981978 
0.6204851 
0.6162378 
0.5974615 
0.5954362 
0.6061935 
0.6026982 
0.5954807 
0.5957640 
0.6089832 
0.6102021 
0.5929524 
0.5860461 
0.6038750 
0.6094172 
0.5904289 
0.5728564 
0.5815626 
0.5897568 
0.5881230 
0.5881004 
0.5908958 
0.6065375 
0.5966062 
0.5897767 
0.5940838 
0.5994173 
0.5886560 
0.5713507 
0.5811753 
0.5923085 
0.5873682 
0.5827557 
0.5761842 
0.5880900 
0.5838950 
0.5816215 
0.5933468 
0.6028674 
0.5987104 
0.5917284 
0.5993145 
0.5988200 
0.5863436 
0.5794236 
0.5802230 
0.5863090 
0.5746791 
0.5637250 
0.5722257 
0.5848549 
0.5889553 
0.5843241 
0.5890462 
0.5989301 
0.5913811 
0.5753465 
0.5755087 
0.5805646 
0.5820547 
0.5809950 
0.5835872 
0.5911100 
0.5902099 
0.5815953 
0.5766524 
0.5780808 
0.5768345 
0.5734096 
0.5823165 
0.5858644 
0.5833599 
0.5820500 
0.5893566 
0.5907862 
0.5924829 
0.5907087 
0.5832081 
0.5764241 
0.5729275 
0.5717482 
0.5698376 
0.5667922 
0.5691106 
0.5705745 
0.5727719 
0.5728407 
0.5663545 
0.5635041 
0.5707136 
0.5694417 
0.5626713 
0.5654641 
0.5728667 
0.5790959 
0.5740671 
0.5722087 
0.5652229 
0.5561977 
0.5628868 
0.5616267 
0.5641740 
0.5608018 
0.5618635 
0.5611153 
0.5648849 
0.5645045 
0.5594968 
0.5709989 
0.5704295 
0.5655389 
0.5658808 
0.5631349 
0.5602458 
0.5575977 
0.5603404 
0.5621630 
0.5651286 
0.5688421 
0.5703282 
0.5656306 
0.5635824 
0.5623454 
0.5520161 
0.5448839 
0.5403683 
0.5399559 
0.5490460 
0.5560242 
0.5534264 
0.5541372 
0.5566313 
0.5586877 
0.5648132 
0.5557409 
0.5563464 
0.5518832 
0.5488576 
0.5474978 
0.5436096 
0.5460654 
0.5470230 
0.5475310 
0.5503784 
0.5473963 
0.5461030 
0.5495352 
0.5525458 
0.5550999 
0.5601647 
0.5558930 
0.5516641 
0.5522592 
0.5465285 
0.5420009 
0.5402055 
0.5416453 
0.5483343 
0.5512270 
0.5473916 
0.5458266 
0.5431592 
0.5436319 
0.5367795 
0.5350196 
0.5421958 
0.5462665 
0.5523781 
0.5453039 
0.5415603 
0.5380710 
0.5464055 
0.5548679 
0.5485017 
0.5403749 
0.5306222 
0.5392255 
0.5423039 
0.5403354 
0.5406836 
0.5409441 
0.5438097 
0.5418913 
0.5422781 
0.5440616 
0.5406401 
0.5402885 
0.5355250 
0.5375637 
0.5340922 
0.5309529 
0.5255903 
0.5242009 
0.5253712 
0.5265692 
0.5319628 
0.5319861 
0.5306168 
0.5359618 
0.5361088 
0.5431350 
0.5431266 
0.5443104 
0.5430999 
0.5383490 
0.5421917 
0.5418526 
0.5409164 
0.5387180 
0.5390641 
0.5392072 
0.5316565 
0.5324508 
0.5375110 
0.5348327 
0.5325547 
0.5256937 
0.5261672 
0.5321889 
0.5299861 
0.5222787 
0.5113792 
0.5139101 
0.5219772 
0.5219046 
0.5149504 
0.5157572 
0.5214681 
0.5272979 
0.5188723 
0.5177225 
0.5208209 
0.5210015 
0.5167492 
0.5087433 
0.5122298 
0.5178011 
0.5163493 
0.5172819 
0.5200039 
0.5242563 
0.5304825 
0.5241441 
0.5133394 
0.5150365 
0.5135146 
0.5064529 
0.5052015 
0.5106479 
0.5180280 
0.5238359 
0.5271373 
0.5259882 
0.5136405 
0.5044129 
0.5014696 
0.5017574 
0.5012170 
0.5007800 
0.4974405 
0.5020766 
0.4998905 
0.4984647 
0.4978459 
0.4961183 
0.4929018 
0.5028697 
0.5049998 
0.5102525 
0.5082440 
0.5091803 
0.5045928 
0.5041046 
0.5078174 
0.5067454 
0.5101031 
0.5096351 
0.5076664 
0.5063850 
0.5038467 
0.5002788 
0.5060115 
0.5069060 
0.5032119 
0.5029018 
0.5060969 
0.5027866 
0.5017781 
0.5053528 
0.5040165 
0.5047855 
0.5040277 
0.5054945 
0.5064054 
0.5041638 
0.5016311 
0.5048070 
0.5059987 
0.5059684 
0.5039522 
0.5020661 
0.4957660 
0.4944352 
0.4922724 
0.4956499 
0.4958021 
0.4939655 
0.4961563 
0.4978082 
0.4977031 
0.4896407 
0.4903895 
0.4893774 
0.4840208 
0.4884902 
0.4909646 
0.4885432 
0.4875018 
0.4857587 
0.4866574 
0.4890015 
0.4950374 
0.5024390 
0.4945942 
0.4958390 
0.4894762 
0.4919600 
0.4849504 
0.4882919 
0.4917000 
0.4832566 
0.4860640 
0.4855554 
0.4845550 
0.4825974 
0.4829065 
0.4829216 
0.4811167 
0.4752010 
0.4782290 
0.4799557 
0.4833803 
0.4812197 
0.4787917 
0.4931543 
0.4939803 
0.4936341 
0.4875662 
0.4845022 
0.4844271 
0.4786623 
0.4757693 
0.4665481 
0.4727575 
0.4770011 
0.4696802 
0.4681274 
0.4737690 
0.4735298 
0.4781272 
0.4728929 
0.4752884 
0.4702263 
0.4717045 
0.4779159 
0.4826615 
0.4762737 
0.4776838 
0.4702519 
0.4677607 
0.4760170 
0.4753783 
0.4708181 
0.4756674 
0.4801209 
0.4672450 
0.4721082 
0.4756681 
0.4761330 
0.4722638 
0.4758223 
0.4647940 
0.4660974 
0.4597608 
0.4661257 
0.4619292 
0.4620630 
0.4696709 
0.4700248 
0.4727320 
0.4724569 
0.4655363 
0.4599443 
0.4612245 
0.4579622 
0.4533364 
0.4535113 
0.4568821 
0.4627566 
0.4615110 
0.4621990 
0.4615581 
0.4584869 
0.4598836 
0.4542034 
0.4589845 
0.4661239 
0.4653295 
0.4568322 
0.4506038 
0.4468768 
0.4543722 
0.4621357 
0.4557290 
0.4529223 
0.4572797 
0.4589444 
0.4479034 
0.4510959 
0.4561751 
0.4566977 
0.4550626 
0.4547613 
0.4631557 
0.4600622 
0.4464920 
0.4340581 
0.4448832 
0.4567019 
0.4600254 
0.4535363 
0.4465768 
0.4466269 
0.4431804 
0.4440602 
0.4471347 
0.4620029 
0.4691398 
0.4626219 
0.4567780 
0.4527163 
0.4583039 
0.4470062 
0.4435442 
0.4443792 
0.4434570 
0.4340232 
0.4372406 
0.4464040 
0.4514157 
0.4487705 
0.4515998 
0.4534643 
0.4496302 
0.4451878 
0.4503388 
0.4523688 
0.4461016 
0.4379114 
0.4416424 
0.4409019 
0.4285595 
0.4298286 
0.4357291 
0.4452562 
0.4504284 
0.4479741 
0.4475325 
0.4526159 
0.4501443 
0.4503711 
0.4491221 
0.4442570 
0.4420589 
0.4398372 
0.4423860 
0.4430022 
0.4373281 
0.4409865 
0.4359210 
0.4317568 
0.4285688 
0.4299856 
0.4400699 
0.4387395 
0.4381333 
0.4410386 
0.4384010 
0.4302895 
0.4281202 
0.4340855 
0.4364604 
0.4323027 
0.4347178 
0.4379578 
0.4330783 
0.4225128 
0.4301140 
0.4372920 
0.4282358 
0.4252886 
0.4307364 
0.4319041 
0.4337240 
0.4335354 
0.4410868 
0.4339817 
0.4274117 
0.4319399 
0.4361573 
0.4352635 
0.4294241 
0.4257789 
0.4231436 
0.4157966 
0.4293620 
0.4448803 
0.4458765 
0.4378773 
0.4351751 
0.4303209 
0.4214839 
0.4179130 
0.4191598 
0.4156688 
0.4218526 
0.4307249 
0.4323152 
0.4259736 
0.4209441 
0.4259567 
0.4231609 
0.4252689 
0.4343657 
0.4323645 
0.4269129 
0.4193594 
0.4188254 
0.4219172 
0.4261619 
0.4230084 
0.4186426 
0.4205080 
0.4223661 
0.4293490 
0.4263287 
0.4104177 
0.4117635 
0.4200708 
0.4281760 
0.4402164 
0.4478927 
0.4466716 
0.4456873 
0.4427546 
0.4326549 
0.4315955 
0.4231300 
0.4241550 
0.4306566 
0.4283502 
0.4224216 
0.4201427 
0.4163226 
0.4201785 
0.4291784 
0.4326133 
0.4279552 
0.4270691 
0.4281110 
0.4232926 
0.4207292 
0.4225607 
0.4228387 
0.4227025 
0.4172441 
0.4198890 
0.4216128 
0.4272271 
0.4303226 
0.4290731 
0.4228647 
0.4241892 
0.4287668 
0.4233071 
0.4207472 
0.4224627 
0.4237630 
0.4276689 
0.4218168 
0.4172356 
0.4112374 
0.4094013 
0.4041074 
0.4030992 
0.4043647 
0.4071761 
0.4072293 
0.4048824 
0.4054004 
0.4047332 
0.4050819 
0.3990501 
0.3959306 
0.3991769 
0.3971721 
0.3984917 
0.4021189 
0.4070756 
0.4077702 
0.4091074 
0.4059835 
0.3986266 
0.3974482 
0.3969145 
0.3957607 
0.3956403 
0.3964383 
0.3922190 
0.3937087 
0.3910003 
0.3828379 
0.3801220 
0.3812517 
0.3857261 
0.3875557 
0.3892278 
0.3834173 
0.3860318 
0.3871090 
0.3876580 
0.3877578 
0.3878696 
0.3935408 
0.3998113 
0.4014467 
0.4063361 
0.3987223 
0.3924325 
0.3915033 
0.3943797 
0.3974224 
0.3858009 
0.3831060 
0.3910908 
0.3867375 
0.3818691 
0.3853240 
0.3899942 
0.3916826 
0.3927607 
0.3953593 
0.3975069 
0.3928150 
0.3885353 
0.3880282 
0.3869660 
0.3896546 
0.3961130 
0.3948803 
0.3972510 
0.3939287 
0.3936662 
0.3979505 
0.3983365 
0.3960051 
0.3863633 
0.3907117 
0.3817643 
0.3784366 
0.3804878 
0.3831145 
0.3871181 
0.3872111 
0.3909376 
0.3864999 
0.3892021 
0.3866961 
0.3941664 
0.3894714 
0.3887865 
0.3829713 
0.3848556 
0.3851030 
0.3832560 
0.3854957 
0.3822719 
0.3886435 
0.3911315 
0.4000986 
0.4004720 
0.4001344 
0.4035093 
0.4073637 
0.3995654 
0.3973004 
0.3893352 
0.3681569 
0.3565400 
0.3547669 
0.3557748 
0.3564993 
0.3583294 
0.3670468 
0.3678178 
0.3775017 
0.3830048 
0.3851189 
0.3773956 
0.3696622 
0.3739745 
0.3679064 
0.3637288 
0.3662185 
0.3630596 
0.3710417 
0.3796662 
0.3836146 
0.3811349 
0.3865343 
0.3892640 
0.3820954 
0.3667219 
0.3588733 
0.3591479 
0.3559988 
0.3626453 
0.3755546 
0.3766311 
0.3678712 
0.3659196 
0.3642132 
0.3632402 
0.3598995 
0.3544320 
0.3395250 
0.3370221 
0.3358499 
0.3359839 
0.3435396 
0.3600405 
0.3636253 
0.3661021 
0.3677267 
0.3680504 
0.3629542 
0.3620337 
0.3541093 
0.3462699 
0.3576964 
0.3614728 
0.3577603 
0.3601186 
0.3690251 
0.3650570 
0.3676662 
0.3674133 
0.3595030 
0.3572333 
0.3511569 
0.3464234 
0.3379787 
0.3428082 
0.3423716 
0.3477456 
0.3512824 
0.3612690 
0.3645151 
0.3684155 
0.3713866 
0.3641968 
0.3610057 
0.3545436 
0.3472023 
0.3500529 
0.3570042 
0.3593994 
0.3607382 
0.3693452 
0.3749626 
0.3784314 
0.3724942 
0.3622642 
0.3482887 
0.3405353 
0.3438516 
0.3381953 
0.3432416 
0.3455391 
0.3533191 
0.3615627 
0.3732419 
0.3739501 
0.3727658 
0.3623973 
0.3370044 
0.3273346 
0.3298542 
0.3353481 
0.3400935 
0.3462231 
0.3637478 
0.3700983 
0.3706180 
0.3610576 
0.3494984 
0.3331796 
0.3202823 
0.3174141 
0.3165824 
0.3199844 
0.3291383 
0.3393436 
0.3476477 
0.3451058 
0.3491113 
0.3352564 
0.3206033 
0.3112066 
0.3106386 
0.3176413 
0.3269121 
0.3403362 
0.3522148 
0.3487919 
0.3471370 
0.3437726 
0.3399660 
0.3315746 
0.3234673 
0.3229337 
0.3275805 
0.3325189 
0.3382015 
0.3397772 
0.3421386 
0.3406504 
0.3324522 
0.3302132 
0.3216715 
0.3203137 
0.3214529 
0.3245550 
0.3311225 
0.3358532 
0.3319777 
0.3374111 
0.3410943 
0.3373086 
0.3334901 
0.3279119 
0.3248105 
0.3247671 
0.3335041 
0.3354600 
0.3370446 
0.3350539 
0.3263722 
0.3190035 
0.3190559 
0.3247344 
0.3220405 
0.3223861 
0.3277248 
0.3275119 
0.3278595 
0.3253373 
0.3217952 
0.3270619 
0.3363826 
0.3417441 
0.3414372 
0.3451924 
0.3431078 
0.3473722 
0.3480251 
0.3390126 
0.3376763 
0.3351395 
0.3337644 
0.3293121 
0.3189969 
0.3160595 
0.3145067 
0.3223680 
0.3222723 
0.3177489 
0.3151253 
0.3192996 
0.3220893 
0.3193002 
0.3196868 
0.3178571 
0.3166898 
0.3191542 
0.3208327 
0.3182123 
0.3209823 
0.3182186 
0.3209736 
0.3275182 
0.3232183 
0.3178472 
0.3180486 
0.3148172 
0.3165659 
0.3132525 
0.3070763 
0.3083848 
0.3159159 
0.3172759 
0.3159817 
0.3131357 
0.3116886 
0.3122099 
0.3156109 
0.3135715 
0.3104874 
0.3124975 
0.3140644 
0.3156493 
0.3156895 
0.3116609 
0.3138084 
0.3106503 
0.3097888 
0.3150108 
0.3186080 
0.3175100 
0.3220928 
0.3255494 
0.3183147 
0.3119036 
0.3177323 
0.3175127 
0.3119403 
0.3054668 
0.3056721 
0.3026606 
0.3058774 
0.3092375 
0.3146116 
0.3113163 
0.3154428 
0.3109208 
0.3053012 
0.3017099 
0.3058772 
0.3082313 
0.3120617 
0.3087755 
0.3052548 
0.3108455 
0.3104377 
0.3052425 
0.3062137 
0.3014377 
0.2937292 
0.2913004 
0.2889794 
0.2902433 
0.2919919 
0.2913423 
0.2933352 
0.2945679 
0.2919960 
0.2896724 
0.2857883 
0.2902016 
0.2889182 
0.2821278 
0.2834724 
0.2825903 
0.2831862 
0.2781376 
0.2761297 
0.2770985 
0.2805070 
0.2831624 
0.2823391 
0.2822590 
0.2792331 
0.2822103 
0.2816299 
0.2825122 
0.2807804 
0.2792494 
0.2773685 
0.2800452 
0.2848658 
0.2795811 
0.2812586 
0.2873006 
0.2900481 
0.2907847 
0.2960940 
0.3007313 
0.3000382 
0.2927588 
0.2914558 
0.2919714 
0.3018738 
0.3015068 
0.3025160 
0.3006894 
0.2965589 
0.2963874 
0.2990345 
0.3042316 
0.2976015 
0.2932601 
0.2973541 
0.2977335 
0.2956461 
0.2944614 
0.2882849 
0.2884133 
0.2854024 
0.2832567 
0.2793368 
0.2809725 
0.2781670 
0.2753406 
0.2715257 
0.2703577 
0.2739488 
0.2692453 
0.2683905 
0.2685033 
0.2671852 
0.2637987 
0.2661099 
0.2634855 
0.2661074 
0.2706863 
0.2645640 
0.2611056 
0.2559618 
0.2543874 
0.2566024 
0.2618195 
0.2651717 
0.2611156 
0.2614343 
0.2606037 
0.2610320 
0.2610871 
0.2630662 
0.2641202 
0.2702610 
0.2768666 
0.2735357 
0.2703811 
0.2703231 
0.2668581 
0.2692609 
0.2686497 
0.2687700 
0.2690030 
0.2772364 
0.2846905 
0.2846574 
0.2847844 
0.2826653 
0.2818564 
0.2800475 
0.2837860 
0.2845531 
0.2799334 
0.2800446 
0.2849603 
0.2836562 
0.2844310 
0.2826419 
0.2827383 
0.2859154 
0.2859826 
0.2860983 
0.2841687 
0.2821305 
0.2870006 
0.2891603 
0.2897190 
0.2918388 
0.2888778 
0.2797201 
0.2763380 
0.2796093 
0.2764098 
0.2796551 
0.2792800 
0.2789614 
0.2759648 
0.2780888 
0.2813117 
0.2822640 
0.2787296 
0.2757583 
0.2744028 
0.2755215 
0.2705991 
0.2636146 
0.2633007 
0.2641306 
0.2609292 
0.2613435 
0.2679817 
0.2670250 
0.2671122 
0.2645309 
0.2623300 
0.2584560 
0.2523273 
0.2458958 
0.2492693 
0.2528213 
0.2479461 
0.2495102 
0.2521203 
0.2502766 
0.2434473 
0.2431481 
0.2420521 
0.2396764 
0.2374869 
0.2417522 
0.2480679 
0.2489549 
0.2498565 
0.2490680 
0.2489079 
0.2523626 
0.2504613 
0.2477037 
0.2462781 
0.2452207 
0.2455927 
0.2392093 
0.2316061 
0.2351608 
0.2370507 
0.2405679 
0.2430701 
0.2433797 
0.2395016 
0.2427992 
0.2422590 
0.2418061 
0.2427614 
0.2405822 
0.2419180 
0.2415191 
0.2397449 
0.2416780 
0.2440364 
0.2447423 
0.2414079 
0.2375384 
0.2352486 
0.2386914 
0.2357595 
0.2349679 
0.2401559 
0.2402566 
0.2389573 
0.2408306 
0.2369930 
0.2399976 
0.2364910 
0.2364980 
0.2356939 
0.2366685 
0.2356174 
0.2367323 
0.2404327 
0.2381323 
0.2407526 
0.2452604 
0.2503220 
0.2493344 
0.2472501 
0.2435201 
0.2425769 
0.2410108 
0.2411681 
0.2424166 
0.2422176 
0.2418391 
0.2436945 
0.2427831 
0.2443063 
0.2462072 
0.2462990 
0.2442258 
0.2413458 
0.2445125 
0.2445942 
0.2380299 
0.2410601 
0.2430175 
0.2429386 
0.2416814 
0.2429257 
0.2457902 
0.2432961 
0.2405966 
0.2473097 
0.2493244 
0.2465929 
0.2410719 
0.2424372 
0.2432511 
0.2407905 
0.2376265 
0.2370340 
0.2335772 
0.2342530 
0.2381406 
0.2442532 
0.2440539 
0.2409063 
0.2403133 
0.2433565 
0.2437579 
0.2367734 
0.2288421 
0.2207005 
0.2199498 
0.2151255 
0.2118125 
0.2129684 
0.2128060 
0.2155271 
0.2190245 
0.2166558 
0.2131901 
0.2129716 
0.2092286 
0.2176069 
0.2210890 
0.2280457 
0.2299249 
0.2289711 
0.2286874 
0.2304607 
0.2306577 
0.2301659 
0.2274834 
0.2218019 
0.2161390 
0.2147785 
0.2149483 
0.2124906 
0.2182506 
0.2185508 
0.2180663 
0.2186000 
0.2292478 
0.2323570 
0.2314304 
0.2274162 
0.2291405 
0.2307891 
0.2318509 
0.2320340 
0.2316618 
0.2265879 
0.2235973 
0.2260005 
0.2217428 
0.2169213 
0.2116544 
0.2114676 
0.2153879 
0.2181810 
0.2192298 
0.2198780 
0.2210113 
0.2228410 
0.2168177 
0.2135250 
0.2069499 
0.2079239 
0.2065920 
0.2027180 
0.1990633 
0.1938152 
0.2060718 
0.2183529 
0.2182366 
0.2223443 
0.2185810 
0.2150025 
0.2122712 
0.2073040 
0.2037052 
0.2080965 
0.2065252 
0.2054501 
0.2082999 
0.2047028 
0.2010352 
0.1958596 
0.2033578 
0.2081095 
0.2127296 
0.2124947 
0.2078945 
0.2088642 
0.2075479 
0.2091797 
0.2108203 
0.2144555 
0.2148155 
0.2108958 
0.2136023 
0.2165827 
0.2207791 
0.2228583 
0.2211324 
0.2205452 
0.2223070 
0.2218358 
0.2191789 
0.2171549 
0.2157750 
0.2143652 
0.2148438 
0.2072876 
0.2040649 
0.2080389 
0.2124714 
0.2111347 
0.2128426 
0.2141240 
0.2146123 
0.2136331 
0.2139816 
0.2150749 
0.2125915 
0.2063441 
0.1991145 
0.1994071 
0.1976096 
0.1963862 
0.1977110 
0.1985492 
0.2054917 
0.2135219 
0.2200790 
0.2202266 
0.2138256 
0.2102587 
0.2102290 
0.2063544 
0.1986167 
0.1952759 
0.1922317 
0.1881245 
0.1849126 
0.1799000 
0.1749423 
0.1774830 
0.1831154 
0.1896116 
0.1935875 
0.1959206 
0.2016012 
0.2034234 
0.2019825 
0.2022708 
0.1966358 
0.1898232 
0.1803855 
0.1776680 
0.1751820 
0.1739389 
0.1820503 
0.1880313 
0.1935205 
0.1919605 
0.1986715 
0.2025836 
0.2052302 
0.2033147 
0.1947590 
0.1819288 
0.1753914 
0.1703370 
0.1743874 
0.1768004 
0.1725328 
0.1681640 
0.1737403 
0.1747719 
0.1796971 
0.1885756 
0.1927575 
0.1991602 
0.2019941 
0.1960580 
0.1960760 
0.1995117 
0.1929763 
0.1844464 
0.1727638 
0.1634018 
0.1571474 
0.1549486 
0.1596955 
0.1601805 
0.1644860 
0.1769342 
0.1872934 
0.1995362 
0.2086145 
0.2161640 
0.2078475 
0.1957256 
0.1905703 
0.1901525 
0.1839442 
0.1729794 
0.1667399 
0.1620266 
0.1580708 
0.1599850 
0.1632353 
0.1640278 
0.1641686 
0.1657777 
0.1752228 
0.1895473 
0.1943731 
0.1959800 
0.1963516 
0.1896253 
0.1858226 
0.1829170 
0.1701516 
0.1571853 
0.1585759 
0.1570580 
0.1559853 
0.1581247 
0.1605899 
0.1610240 
0.1593757 
0.1583694 
0.1593250 
0.1682712 
0.1752808 
0.1829661 
0.1850499 
0.1849190 
0.1797970 
0.1816159 
0.1801526 
0.1724957 
0.1655308 
0.1673372 
0.1711701 
0.1665818 
0.1596277 
0.1542853 
0.1547002 
0.1573576 
0.1645770 
0.1669354 
0.1673925 
0.1694814 
0.1751764 
0.1815506 
0.1723527 
0.1656757 
0.1637318 
0.1626767 
0.1594261 
0.1506973 
0.1427440 
0.1383535 
0.1448458 
0.1466897 
0.1434300 
0.1412090 
0.1479351 
0.1517486 
0.1630889 
0.1632763 
0.1599235 
0.1610526 
0.1659497 
0.1645242 
0.1632756 
0.1518885 
0.1453599 
0.1493194 
0.1586188 
0.1571323 
0.1470795 
0.1464266 
0.1521324 
0.1579346 
0.1556334 
0.1407803 
0.1294936 
0.1344153 
0.1514730 
0.1485102 
0.1439044 
0.1461142 
0.1537110 
0.1664850 
0.1640689 
0.1558018 
0.1381254 
0.1382541 
0.1520238 
0.1563322 
0.1524748 
0.1435990 
0.1506592 
0.1694898 
0.1784540 
0.1696917 
0.1562960 
0.1493326 
0.1532876 
0.1603442 
0.1500293 
0.1254819 
0.1159656 
0.1264934 
0.1445956 
0.1445466 
0.1298397 
0.1202633 
0.1331056 
0.1552852 
0.1639890 
0.1539903 
0.1435494 
0.1438132 
0.1555844 
0.1671641 
0.1553991 
0.1419679 
0.1441220 
0.1528869 
0.1691580 
0.1665964 
0.1470298 
0.1344745 
0.1420464 
0.1542014 
0.1585888 
0.1496382 
0.1335925 
0.1319240 
0.1452329 
0.1615683 
0.1627519 
0.1520132 
0.1427561 
0.1453848 
0.1540106 
0.1556502 
0.1437209 
0.1303806 
0.1172096 
0.1194899 
0.1323335 
0.1418576 
0.1362970 
0.1257418 
0.1292793 
0.1391973 
0.1530749 
0.1499415 
0.1395458 
0.1315002 
0.1251476 
0.1308306 
0.1301001 
0.1281409 
0.1247222 
0.1166012 
0.1221226 
0.1343454 
0.1481810 
0.1456860 
0.1415843 
0.1398984 
0.1385928 
0.1389401 
0.1401820 
0.1368780 
0.1331774 
0.1248796 
0.1184151 
0.1156072 
0.1243839 
0.1330070 
0.1341634 
0.1312981 
0.1259518 
0.1166437 
0.1146811 
0.1139278 
0.1185173 
0.1216878 
0.1167545 
0.1147005 
0.1091710 
0.1144833 
0.1206084 
0.1271020 
0.1311314 
0.1279301 
0.1298922 
0.1365760 
0.1434914 
0.1450621 
0.1342349 
0.1238567 
0.1119827 
0.1287110 
0.1398069 
0.1457095 
0.1387544 
0.1305789 
0.1239536 
0.1246074 
0.1318037 
0.1358718 
0.1312209 
0.1215916 
0.1171519 
0.1186251 
0.1334966 
0.1514051 
0.1496540 
0.1395378 
0.1234302 
0.1192776 
0.1201041 
0.1352475 
0.1373390 
0.1343580 
0.1304945 
0.1314712 
0.1276679 
0.1214530 
0.1204146 
0.1224213 
0.1148418 
0.1091570 
0.1113269 
0.1110747 
0.1231589 
0.1250399 
0.1295101 
0.1305815 
0.1271013 
0.1249611 
0.1297542 
0.1319369 
0.1359746 
0.1374427 
0.1349615 
0.1267208 
0.1205540 
0.1163888 
0.1155253 
0.1117819 
0.1159769 
0.1157197 
0.1117264 
0.1113711 
0.1177594 
0.1234427 
0.1249213 
0.1116856 
0.1036398 
0.1019179 
0.0999088 
0.1004052 
0.1111211 
0.1245859 
0.1215852 
0.1154733 
0.1169567 
0.1169113 
0.1143025 
0.1165722 
0.1145900 
0.1127918 
0.1075212 
0.1058506 
0.1120915 
0.1224214 
0.1202617 
0.1130543 
0.1126898 
0.1061294 
0.0950538 
0.0987162 
0.1124102 
0.1216089 
0.1137239 
0.1049404 
0.1051892 
0.1003135 
0.0933578 
0.0960407 
0.1021656 
0.1069792 
0.1018747 
0.0949685 
0.1000389 
0.1013396 
0.0976610 
0.1001686 
0.1053666 
0.1107766 
0.1063564 
0.0966573 
0.1000195 
0.1032157 
0.1101063 
0.1205105 
0.1276088 
0.1267967 
0.1101257 
0.0935359 
0.0881930 
0.0948540 
0.1033771 
0.1074508 
0.1078301 
0.1134137 
0.1105382 
0.0970394 
0.0897222 
0.0926985 
0.1013495 
0.1051401 
0.1089937 
0.1076176 
0.1036803 
0.0977548 
0.0864994 
0.0823459 
0.0925150 
0.1046644 
0.1130159 
0.1111018 
0.1011324 
0.0918851 
0.0899109 
0.0883083 
0.0942007 
0.1046040 
0.1161132 
0.1085943 
0.0953163 
0.0852357 
0.0896386 
0.0977343 
0.1007152 
0.1053711 
0.1064140 
0.1007169 
0.0956042 
0.0856934 
0.0849906 
0.0894389 
0.0988657 
0.1058658 
0.1060813 
0.1015699 
0.0971498 
0.0936226 
0.0864540 
0.0799558 
0.0871721 
0.0942564 
0.0917497 
0.0886613 
0.0856643 
0.0883947 
0.0855632 
0.0811492 
0.0849879 
0.0884961 
0.0896615 
0.0797111 
0.0789437 
0.0775184 
0.0778305 
0.0746103 
0.0804037 
0.0858413 
0.0926877 
0.0897654 
0.0867492 
0.0810333 
0.0758709 
0.0735895 
0.0779798 
0.0817030 
0.0868316 
0.0904839 
0.0945029 
0.0883859 
0.0762466 
0.0643919 
0.0590182 
0.0663209 
0.0748970 
0.0851689 
0.0922192 
0.0919462 
0.0869950 
0.0781814 
0.0653584 
0.0478778 
0.0483469 
0.0609163 
0.0730318 
0.0767395 
0.0758728 
0.0717547 
0.0638218 
0.0540113 
0.0553996 
0.0564098 
0.0639015 
0.0726311 
0.0759882 
0.0772460 
0.0769777 
0.0721473 
0.0721747 
0.0720275 
0.0738862 
0.0791306 
0.0823061 
0.0873338 
0.0822226 
0.0740657 
0.0724506 
0.0761193 
0.0753637 
0.0736298 
0.0740000 
0.0738267 
0.0774875 
0.0779368 
0.0728445 
0.0694743 
0.0676867 
0.0724339 
0.0763589 
0.0820936 
0.0873284 
0.0886887 
0.0843033 
0.0759427 
0.0730984 
0.0693114 
0.0663020 
0.0678070 
0.0695037 
0.0692654 
0.0741377 
0.0789256 
0.0742434 
0.0645475 
0.0579554 
0.0544409 
0.0541552 
0.0573844 
0.0559907 
0.0590313 
0.0613954 
0.0693415 
0.0694467 
0.0700144 
0.0684188 
0.0641911 
0.0640272 
0.0601574 
0.0603754 
0.0623638 
0.0639454 
0.0645967 
0.0649025 
0.0613751 
0.0618755 
0.0642646 
0.0628097 
0.0657587 
0.0683105 
0.0646881 
0.0674379 
0.0734934 
0.0783285 
0.0847249 
0.0798183 
0.0728356 
0.0693396 
0.0729478 
0.0714586 
0.0698144 
0.0695011 
0.0697054 
0.0676484 
0.0700291 
0.0745408 
0.0791595 
0.0792491 
0.0745384 
0.0706531 
0.0724066 
0.0725734 
0.0717415 
0.0683548 
0.0595756 
0.0541343 
0.0566822 
0.0599411 
0.0636663 
0.0711621 
0.0755203 
0.0724390 
0.0661331 
0.0575550 
0.0514973 
0.0485940 
0.0515132 
0.0516665 
0.0518273 
0.0534476 
0.0522257 
0.0563373 
0.0625790 
0.0674760 
0.0822418 
0.0891264 
0.0864925 
0.0727924 
0.0642844 
0.0633897 
0.0700808 
0.0737938 
0.0693490 
0.0625687 
0.0591869 
0.0594921 
0.0605271 
0.0625014 
0.0615881 
0.0565389 
0.0461891 
0.0360967 
0.0342550 
0.0405068 
0.0477142 
0.0534608 
0.0586196 
0.0588113 
0.0576396 
0.0560244 
0.0534083 
0.0492677 
0.0410815 
0.0367857 
0.0349463 
0.0308556 
0.0290527 
0.0333057 
0.0444689 
0.0510346 
0.0632850 
0.0676920 
0.0643402 
0.0638660 
0.0632734 
0.0592878 
0.0581102 
0.0579920 
0.0570183 
0.0569421 
0.0563915 
0.0502943 
0.0409070 
0.0432071 
0.0473308 
0.0484717 
0.0482172 
0.0446310 
0.0442352 
0.0457910 
0.0513586 
0.0536994 
0.0547530 
0.0574260 
0.0580572 
0.0536592 
0.0464077 
0.0415383 
0.0466767 
0.0462186 
0.0447047 
0.0430766 
0.0461004 
0.0495404 
0.0517358 
0.0517984 
0.0552110 
0.0542954 
0.0524780 
0.0526974 
0.0517723 
0.0467637 
0.0462610 
0.0490674 
0.0490195 
0.0481286 
0.0535327 
0.0519502 
0.0487786 
0.0446043 
0.0476231 
0.0482116 
0.0410452 
0.0368561 
0.0310251 
0.0309070 
0.0346113 
0.0352046 
0.0295856 
0.0221025 
0.0209714 
0.0228824 
0.0236222 
0.0284004 
0.0332965 
0.0331464 
0.0314927 
0.0319651 
0.0299398 
0.0237244 
0.0214222 
0.0224776 
0.0234965 
0.0222788 
0.0171878 
0.0167322 
0.0221569 
0.0270122 
0.0272188 
0.0305114 
0.0392917 
0.0471533 
0.0531746 
0.0522589 
0.0539218 
0.0514573 
0.0519991 
0.0502521 
0.0476867 
0.0429211 
0.0392491 
0.0345239 
0.0334529 
0.0326884 
0.0301897 
0.0372519 
0.0432877 
0.0474231 
0.0523043 
0.0550807 
0.0579451 
0.0613713 
0.0620233 
0.0659338 
0.0690878 
0.0661010 
0.0621474 
0.0526373 
0.0494017 
0.0472155 
0.0446508 
0.0439810 
0.0391957 
0.0412313 
0.0408782 
0.0412008 
0.0467891 
0.0462227 
0.0469925 
0.0438640 
0.0407249 
0.0423102 
0.0440763 
0.0328646 
0.0318851 
0.0287007 
0.0259645 
0.0262210 
0.0256921 
0.0199322 
0.0114162 
0.0092494 
0.0037554 
0.0044009 
0.0091745 
0.0122722 
0.0127594 
0.0143924 
0.0169562 
0.0218052 
0.0260160 
0.0261129 
0.0273336 
0.0299386 
0.0331327 
0.0339953 
0.0373698 
0.0409581 
0.0433737 
0.0436512 
0.0387080 
0.0382507 
0.0357993 
0.0399791 
0.0436521 
0.0406167 
0.0428427 
0.0468933 
0.0532513 
0.0581952 
0.0598587 
0.0633545 
0.0658844 
0.0628694 
0.0575230 
0.0529860 
0.0494042 
0.0434223 
0.0421197 
0.0418735 
0.0373405 
0.0329177 
0.0328505 
0.0282965 
0.0239035 
0.0175601 
0.0142847 
0.0125614 
0.0074298 
0.0000000 
0.0019820 
0.0072519 
0.0081364 
0.0093926 
0.0155110 
0.0165961 
0.0172192 
0.0191966 
