-0.0001925 
0.0000925 
-0.0001125 
-0.0617415 
-0.2217135 
-0.4599509 
0.7411043 
0.7383277 
0.7283620 
0.7308262 
0.6889009 
0.6766964 
0.6878833 
0.6797866 
0.6700557 
0.6704839 
0.7114582 
0.7204820 
0.7387539 
0.7510263 
0.7564538 
0.7635459 
0.7524817 
0.7493378 
0.7304773 
0.7442037 
0.7179529 
0.7181019 
0.7120585 
0.7172355 
0.7093868 
0.6726279 
0.6828565 
0.6886536 
0.6996792 
0.7157496 
0.7153196 
0.7014621 
0.6861102 
0.6737314 
0.6626367 
0.6557292 
0.6518286 
0.6346934 
0.6299382 
0.6245514 
0.5995237 
0.6004224 
0.5966390 
0.5986772 
0.5808041 
0.5734267 
0.5694881 
0.5579557 
0.5301296 
0.4901806 
0.4782244 
0.4782985 
0.4645790 
0.5237516 
0.5449171 
0.5078853 
0.5128384 
0.5037067 
0.4862718 
0.4904266 
0.5770120 
0.5636693 
0.5606843 
0.5481392 
0.5229532 
0.5169530 
0.5285295 
0.5240421 
0.5142237 
0.5194574 
0.4923412 
0.4809905 
0.4841822 
0.4704820 
0.4604545 
0.4459778 
0.4471300 
0.4511828 
0.4465311 
0.4428936 
0.4366902 
0.4203634 
0.4002738 
0.3775427 
0.3771580 
0.3754172 
0.3699806 
0.3152040 
0.2861287 
0.2741892 
0.2702914 
0.2566009 
0.2691408 
0.2592127 
0.2576471 
0.2402991 
0.2082511 
0.3065170 
0.2831911 
0.2904137 
0.2812014 
0.2644441 
0.2475078 
0.2220505 
0.1934796 
0.1824844 
0.1671633 
0.1577930 
0.1353174 
0.1223766 
0.1099834 
0.1229158 
0.1063902 
0.0943456 
0.1136564 
0.1003529 
0.1096554 
0.0936226 
0.0882447 
0.0710291 
0.0839313 
0.0637599 
0.0596692 
0.0612124 
0.0347477 
0.0000000 
0.0095591 
0.0087343 
0.0381834 
0.0514649 
0.0545600 
0.0703971 
0.1000206 
0.0963055 
0.1058869 
0.0936871 
0.1129818 
0.1290878 
0.1705757 
0.1722424 
0.0665907 
0.0858331 
0.0932540 
0.1126672 
0.1490393 
0.1361662 
0.1489200 
0.1533933 
0.1839979 
0.1836104 
0.1649938 
0.1929762 
0.2094513 
0.2256449 
0.2551287 
0.2740530 
0.2543883 
0.2518141 
0.2648572 
0.3020770 
0.3088573 
0.3026117 
0.3316698 
0.3405534 
0.3300911 
0.3428830 
0.3590084 
0.3732125 
0.3898696 
0.3913598 
0.4136183 
0.4503416 
0.4838956 
0.4636520 
0.4667891 
0.4655612 
0.4611135 
0.4737095 
0.4897433 
0.4978822 
0.5685717 
0.5508695 
0.5512407 
0.5429153 
0.4579191 
0.4679483 
0.4701126 
0.4851664 
0.5012925 
0.5126544 
0.5238772 
0.5412509 
0.5410863 
0.5450031 
0.5535061 
0.5535954 
0.5769814 
0.5781870 
0.5766595 
0.5925438 
0.5936321 
0.6059897 
0.5988441 
0.5929291 
0.5997904 
0.6102843 
0.6178142 
0.6334829 
0.6342506 
0.6353786 
0.6311563 
0.6571500 
0.6583378 
0.6517783 
0.6511111 
0.6648606 
0.6541709 
0.6693197 
0.6409841 
0.6403542 
0.6575030 
0.6440455 
0.6415040 
0.6453059 
0.6433038 
0.6437357 
0.6526475 
0.6480452 
0.6333527 
0.6567410 
0.6599328 
0.6612895 
0.6796745 
0.6818266 
0.6824609 
0.6927669 
0.7054401 
0.6799905 
0.7015757 
0.7093659 
0.7128142 
0.7006122 
0.7260871 
0.7054244 
0.6963563 
0.6913720 
0.7013462 
0.6967637 
0.7019568 
0.7118935 
0.7131431 
0.7199827 
0.7366763 
0.7408033 
0.7422215 
0.7205732 
0.7178973 
0.7014565 
0.7080536 
0.7002641 
0.6909501 
0.6892750 
0.6784050 
0.6971341 
0.6767545 
0.6973091 
0.6947413 
0.6825545 
0.6655397 
0.6669412 
0.6666268 
0.6703976 
0.6640813 
0.6640580 
0.6610782 
0.6746985 
0.6497992 
0.6461322 
0.6480452 
0.6586423 
0.6720579 
0.6726772 
0.6855976 
0.6797957 
0.6902110 
0.7063796 
0.7066768 
0.7077270 
0.7179423 
0.7150213 
0.7126467 
0.6865584 
0.6860785 
0.6700714 
0.6783506 
0.6892030 
0.6854094 
0.7025997 
0.6738728 
0.6743539 
0.6858085 
0.7004401 
0.6858818 
0.7039499 
0.7069125 
0.7251029 
0.7111650 
0.7279899 
0.7240128 
0.7310804 
0.7376027 
0.7442333 
0.7308573 
0.7232299 
0.7138108 
0.7234349 
0.7282321 
0.7296344 
0.7247691 
0.7160640 
0.7143564 
0.7056681 
0.7147036 
0.7264253 
0.7171688 
0.7219123 
0.7071278 
0.7144508 
0.7226406 
0.7193760 
0.7191604 
0.7301113 
0.7421075 
0.7347207 
0.7429457 
0.7364119 
0.7361370 
0.7335931 
0.7149748 
0.7183967 
0.7310461 
0.7268193 
0.7296748 
0.7355441 
0.7479907 
0.7316319 
0.7528753 
0.7314035 
0.7042491 
0.7124416 
0.7300496 
0.7407030 
0.7295184 
0.7193536 
0.7220252 
0.7217927 
0.7196902 
0.7163828 
0.7162944 
0.7276215 
0.7315229 
0.7054283 
0.7297505 
0.7187915 
0.7230290 
0.7317883 
0.7492118 
0.7359275 
0.7369721 
0.7568157 
0.7577855 
0.7512115 
0.7472154 
0.7593564 
0.7666241 
0.7624068 
0.7546375 
0.7620175 
0.7500590 
0.7676807 
0.7637898 
0.7757361 
0.7628151 
0.7684977 
0.7522950 
0.7484963 
0.7751645 
0.7535064 
0.7584915 
0.7632645 
0.7697407 
0.7648643 
0.7591061 
0.7682634 
0.7699093 
0.7718796 
0.7953218 
0.8040844 
0.8044735 
0.7722632 
0.7738801 
0.7785924 
0.7638789 
0.7554502 
0.7524721 
0.7670116 
0.7867646 
0.7756111 
0.7622464 
0.7655045 
0.7640166 
0.7625310 
0.7850870 
0.7508969 
0.7675005 
0.7899069 
0.8039234 
0.8070049 
0.8046911 
0.8104152 
0.8209096 
0.8200555 
0.8044210 
0.8046056 
0.8105675 
0.8129862 
0.8120353 
0.8079222 
0.8080023 
0.8004815 
0.8032045 
0.7990005 
0.7932804 
0.7678621 
0.7877336 
0.7770432 
0.7919662 
0.7890473 
0.7952484 
0.7754171 
0.7482926 
0.7459279 
0.7711012 
0.7733240 
0.7890158 
0.7710356 
0.7629657 
0.7655967 
0.7724312 
0.7748224 
0.7569444 
0.7947184 
0.8015737 
0.8049409 
0.8089171 
0.7972457 
0.7861902 
0.7897458 
0.7911809 
0.7859823 
0.7719135 
0.7787574 
0.7881810 
0.7733696 
0.7650416 
0.7756319 
0.7832146 
0.7918503 
0.7944836 
0.7752143 
0.7807387 
0.7676112 
0.7572973 
0.7654386 
0.7573910 
0.7796518 
0.7865102 
0.7954609 
0.7852931 
0.7856801 
0.7803236 
0.7676060 
0.7677711 
0.7667720 
0.7806995 
0.7778627 
0.7964972 
0.7759017 
0.7752543 
0.7640614 
0.7721922 
0.7815100 
0.7921661 
0.8065971 
0.8189269 
0.8111352 
0.7915474 
0.8023041 
0.8055553 
0.8088045 
0.8120184 
0.8054664 
0.7747330 
0.7709004 
0.7939588 
0.8047797 
0.8060618 
0.8049557 
0.8015542 
0.8017378 
0.8070361 
0.8016040 
0.8132342 
0.8126374 
0.8123145 
0.7863210 
0.7820575 
0.7817638 
0.8107140 
0.8401457 
0.8582074 
0.8447671 
0.8320968 
0.8176341 
0.8195775 
0.8118841 
0.8144514 
0.8184881 
0.8157509 
0.7958405 
0.8016313 
0.8078521 
0.8566721 
0.8499539 
0.8638456 
0.8496810 
0.8427907 
0.8328162 
0.8250116 
0.8220848 
0.8343304 
0.8284298 
0.8106847 
0.8004922 
0.8396137 
0.8254479 
0.8336815 
0.8377967 
0.8439598 
0.8663539 
0.8525906 
0.8503396 
0.8255620 
0.8285033 
0.8316675 
0.8410592 
0.8435024 
0.8460541 
0.8447084 
0.8196647 
0.8185890 
0.7973144 
0.7881219 
0.8129663 
0.8143426 
0.7895820 
0.8060958 
0.8034853 
0.8274760 
0.8283453 
0.8134639 
0.7958868 
0.7863703 
0.8079657 
0.7894601 
0.7792086 
0.7975375 
0.8120283 
0.8073996 
0.8123384 
0.8215088 
0.8385925 
0.8576699 
0.8799419 
0.8653385 
0.8399336 
0.8351571 
0.8271002 
0.8370121 
0.8326583 
0.8123422 
0.8014028 
0.8015858 
0.7967469 
0.7948410 
0.8009607 
0.8036817 
0.7889031 
0.8251031 
0.8046412 
0.7871220 
0.7915880 
0.8062873 
0.8065572 
0.7833288 
0.7888667 
0.7905904 
0.7988562 
0.8068734 
0.8032888 
0.8088837 
0.8125928 
0.8245552 
0.8130348 
0.8155777 
0.8080342 
0.7979827 
0.8099603 
0.8021109 
0.7804354 
0.7712058 
0.7483503 
0.7703581 
0.7464403 
0.7549085 
0.7671332 
0.7685284 
0.7857378 
0.7951750 
0.7806617 
0.7964989 
0.8104665 
0.7815222 
0.7926288 
0.8096693 
0.8135464 
0.8415917 
0.8373449 
0.8617274 
0.8565453 
0.8727952 
0.8510477 
0.8440452 
0.8196228 
0.8220064 
0.8261249 
0.8253229 
0.8373914 
0.8298106 
0.8369860 
0.8190307 
0.8143195 
0.8256673 
0.8422293 
0.8373301 
0.8486315 
0.8534204 
0.8749814 
0.8669042 
0.8617594 
0.8562508 
0.8603689 
0.8670054 
0.8634394 
0.8490424 
0.8477245 
0.8511339 
0.8488088 
0.8573599 
0.8592662 
0.8608498 
0.8452399 
0.8325165 
0.8358683 
0.8392995 
0.8439926 
0.8373442 
0.8427430 
0.8328582 
0.8524156 
0.8560727 
0.8355405 
0.8344803 
0.8192412 
0.8022187 
0.8187761 
0.8094416 
0.8294738 
0.8237027 
0.8064822 
0.8192821 
0.8208684 
0.8308583 
0.8394247 
0.8495374 
0.8325319 
0.8326971 
0.8426740 
0.8524016 
0.8757093 
0.8433866 
0.8373173 
0.8395859 
0.8290015 
0.8551307 
0.8473057 
0.8591641 
0.8356894 
0.8337089 
0.8623930 
0.8745726 
0.8781171 
0.8871992 
0.8812656 
0.8684662 
0.8551025 
0.8436494 
0.8583133 
0.8603297 
0.8650322 
0.8580721 
0.8530110 
0.8526016 
0.8505066 
0.8538268 
0.8537900 
0.8435903 
0.8471024 
0.8685057 
0.8623633 
0.8617701 
0.8541682 
0.8428744 
0.8459345 
0.8404408 
0.8492244 
0.8391110 
0.8546762 
0.8642253 
0.8604150 
0.8707514 
0.8535029 
0.8576509 
0.8599977 
0.8714494 
0.8792203 
0.8673615 
0.8579795 
0.8600730 
0.8523705 
0.8433751 
0.8477646 
0.8810458 
0.8814897 
0.8995814 
0.9199057 
0.8825245 
0.8800333 
0.8492909 
0.8374199 
0.8294598 
0.8402134 
0.8341020 
0.8455180 
0.8658707 
0.8545968 
0.8555128 
0.8469514 
0.8343722 
0.8129840 
0.8231269 
0.8288626 
0.8085491 
0.7975226 
0.8298478 
0.8540682 
0.8345657 
0.8166791 
0.8135081 
0.8130804 
0.8169752 
0.8204870 
0.8403705 
0.8364907 
0.8185873 
0.8342635 
0.8555796 
0.8726495 
0.8799954 
0.8721042 
0.8621852 
0.8692398 
0.8509017 
0.8331405 
0.8532160 
0.8645281 
0.8446084 
0.8535926 
0.8627797 
0.8744402 
0.8622149 
0.8588680 
0.8509469 
0.8521407 
0.8552420 
0.8597136 
0.8468201 
0.8596380 
0.8739999 
0.8563886 
0.8346979 
0.8450879 
0.8293586 
0.8302078 
0.8368301 
0.8461959 
0.8320604 
0.8228895 
0.8198815 
0.8183423 
0.8225866 
0.8192738 
0.8326099 
0.8522022 
0.8486104 
0.8702466 
0.8655491 
0.8829425 
0.8631907 
0.8463171 
0.8548349 
0.8577891 
0.8545113 
0.8530123 
0.8626181 
0.8503732 
0.8553287 
0.8416917 
0.8406881 
0.8454348 
0.8406876 
0.8580497 
0.8497309 
0.8356180 
0.8344217 
0.8286428 
0.8136495 
0.8051678 
0.8254690 
0.8172868 
0.8261077 
0.8146929 
0.8318349 
0.8335837 
0.8212767 
0.8293380 
0.8169407 
0.8192300 
0.8152574 
0.8479041 
0.8408782 
0.8465622 
0.8361066 
0.8514107 
0.8356854 
0.8688561 
0.8674440 
0.8721315 
0.8714948 
0.8584002 
0.8530310 
0.8491066 
0.8503606 
0.8553588 
0.8609028 
0.8422244 
0.8292301 
0.8176054 
0.8427458 
0.8164246 
0.8125217 
0.8347203 
0.8574363 
0.8497849 
0.8393689 
0.8553302 
0.8513262 
0.8346955 
0.8250893 
0.8365616 
0.8363438 
0.8317219 
0.8306143 
0.8468991 
0.8687070 
0.8523024 
0.8510704 
0.8652958 
0.8717253 
0.8703265 
0.8542859 
0.8557051 
0.8440080 
0.8254650 
0.8241555 
0.8462481 
0.8537398 
0.8544099 
0.8397066 
0.8359002 
0.8503093 
0.8394615 
0.8437001 
0.8353472 
0.8295491 
0.8366645 
0.8386806 
0.8372096 
0.8554826 
0.8466959 
0.8389000 
0.8518173 
0.8420565 
0.8496314 
0.8187699 
0.8061572 
0.8103448 
0.8194224 
0.8282056 
0.8486096 
0.8315757 
0.8193357 
0.8192577 
0.8335494 
0.8273203 
0.8260094 
0.8186642 
0.8210848 
0.8395350 
0.8629769 
0.8515603 
0.8939067 
0.8688701 
0.8591622 
0.8384315 
0.8505168 
0.8337491 
0.8199742 
0.8132634 
0.8196993 
0.8185346 
0.7956259 
0.7965794 
0.8011620 
0.8131944 
0.8126274 
0.8099261 
0.8007532 
0.7942450 
0.7916242 
0.7939887 
0.7702831 
0.7890203 
0.7942741 
0.7826206 
0.7868075 
0.7723400 
0.7869414 
0.7978980 
0.8024417 
0.8062143 
0.8001695 
0.8020988 
0.8172072 
0.8136903 
0.8155200 
0.8270544 
0.8166952 
0.8253428 
0.8311844 
0.8456642 
0.8366528 
0.8369391 
0.8231039 
0.8415337 
0.8431793 
0.8341721 
0.8370957 
0.8293200 
0.8292198 
0.8434668 
0.8446855 
0.8557066 
0.8525759 
0.8484812 
0.8330851 
0.8432144 
0.8460596 
0.8450846 
0.8324612 
0.8447618 
0.8335908 
0.8441959 
0.8430003 
0.8289523 
0.8754329 
0.8610875 
0.8686127 
0.8820119 
0.8993371 
0.8899656 
0.9096524 
0.8905308 
0.8875195 
0.8892681 
0.8904002 
0.8982042 
0.9020337 
0.8946254 
0.8805645 
0.8565378 
0.8850943 
0.8821038 
0.8809954 
0.8925793 
0.8856852 
0.8820931 
0.8735781 
0.8720072 
0.8645927 
0.8584099 
0.8662181 
0.8789921 
0.8711290 
0.8677178 
0.8540688 
0.8545535 
0.8415828 
0.8508566 
0.8606240 
0.8791387 
0.8851251 
0.8623075 
0.8895400 
0.9033277 
0.9019448 
0.9017352 
0.8989061 
0.9053710 
0.9126467 
0.9178853 
0.9274758 
0.9294285 
0.9375026 
0.9264150 
0.8942637 
0.9006001 
0.9002995 
0.9162287 
0.9209218 
0.9184066 
0.9184339 
0.9172572 
0.9182758 
0.9491805 
0.9502323 
0.9780786 
0.9758711 
0.9529412 
0.9508168 
0.9653092 
0.9669189 
0.9504690 
0.9536628 
0.9624776 
0.9640414 
0.9575531 
0.9496546 
0.9368777 
0.9315519 
0.9387738 
0.9607005 
0.9362073 
0.9439259 
0.9390374 
0.9312266 
0.9215886 
0.9397756 
0.9352535 
0.9254092 
0.9094145 
0.9085226 
0.8997883 
0.8938771 
0.9092682 
0.8983424 
0.8770876 
0.8807252 
0.9024759 
0.9140309 
0.9090869 
0.8919455 
0.8836125 
0.8762621 
0.8845593 
0.8856074 
0.8714402 
0.8829983 
0.8803019 
0.8689844 
0.8597773 
0.8481659 
0.8605600 
0.8454340 
0.8563941 
0.8786962 
0.9131234 
0.8942649 
0.8829359 
0.8735044 
0.8598091 
0.8455885 
0.8259577 
0.8513719 
0.8484667 
0.8506488 
0.8288361 
0.8443130 
0.8395474 
0.8322578 
0.8456586 
0.8531177 
0.8441122 
0.8514430 
0.8409050 
0.8468962 
0.8622370 
0.8580520 
0.8399678 
0.8711243 
0.8771275 
0.8816787 
0.8877451 
0.8860326 
0.8918234 
0.8694201 
0.8414721 
0.8774402 
0.8753500 
0.8589804 
0.8583874 
0.8536315 
0.8352237 
0.8688089 
0.8755426 
0.8496823 
0.8611039 
0.8558756 
0.8807611 
0.8783009 
0.8599937 
0.8234845 
0.8217361 
0.8166785 
0.8222871 
0.8086332 
0.8202878 
0.8374528 
0.8298963 
0.8218135 
0.8298761 
0.8159739 
0.8299801 
0.8303311 
0.8181762 
0.8252137 
0.8502388 
0.8181124 
0.8340993 
0.8312438 
0.8308308 
0.8335295 
0.8379503 
0.8391612 
0.8163911 
0.8288943 
0.8229564 
0.7962933 
0.8013637 
0.8030023 
0.8130482 
0.8124051 
0.8429452 
0.8572287 
0.8689573 
0.8762993 
0.8823867 
0.8848387 
0.8515929 
0.8338530 
0.8327055 
0.8648938 
0.8690748 
0.8601004 
0.8618449 
0.8642475 
0.8855787 
0.8730289 
0.8712471 
0.8779263 
0.8956339 
0.8978097 
0.9139951 
0.8621936 
0.8633182 
0.8320218 
0.8142913 
0.8137761 
0.8234535 
0.8355794 
0.8300965 
0.8216345 
0.8160764 
0.7865718 
0.8291361 
0.8406363 
0.8282065 
0.8358297 
0.8553266 
0.8413685 
0.8410793 
0.8481967 
0.8345061 
0.8666032 
0.8781020 
0.9008325 
0.8849031 
0.8817330 
0.8958386 
0.8710949 
0.8699775 
0.8906056 
0.8887010 
0.8819712 
0.8863837 
0.8845282 
0.8693955 
0.8675561 
0.8526374 
0.8593708 
0.8675642 
0.8726300 
0.8865435 
0.8855588 
0.8858610 
0.8765318 
0.8814724 
0.8897027 
0.8845342 
0.8936831 
0.8828093 
0.8999191 
0.9091644 
0.9078205 
0.8981946 
0.8962971 
0.8960837 
0.9070317 
0.8992265 
0.9035749 
0.8850732 
0.9019525 
0.9192931 
0.8938784 
0.8898735 
0.9353242 
0.9309795 
0.9250501 
0.9315394 
0.9067295 
0.8909558 
0.8821462 
0.8731851 
0.8702487 
0.8504535 
0.8799194 
0.8823731 
0.8770298 
0.8849931 
0.8751512 
0.8742078 
0.8719330 
0.8876901 
0.8860801 
0.8992688 
0.9145666 
0.9037482 
0.9038908 
0.8991959 
0.9127304 
0.8935997 
0.9023482 
0.9218519 
0.8966547 
0.8926272 
0.9117383 
0.9243614 
0.9253183 
0.9112674 
0.8856365 
0.8798103 
0.8927514 
0.8636292 
0.8747229 
0.8791132 
0.8652565 
0.8394138 
0.8277774 
0.8427387 
0.8853949 
0.8825211 
0.8699487 
0.8728934 
0.9024289 
0.8983288 
0.8904128 
0.8762104 
0.8749809 
0.8958570 
0.9023190 
0.9063407 
0.9092940 
0.8626275 
0.8847328 
0.8710056 
0.8862243 
0.8844720 
0.8802736 
0.8745759 
0.8921083 
0.8912588 
0.8723231 
0.8759216 
0.8741691 
0.8721756 
0.9043481 
0.9146133 
0.9253001 
0.9159390 
0.9506933 
0.9343477 
0.9194591 
0.9148889 
0.9238252 
0.9265789 
0.9217740 
0.9319112 
0.9397148 
0.9421441 
0.9410183 
0.9390760 
0.9494742 
0.9307039 
0.9285615 
0.9480209 
0.9566691 
0.9513209 
0.9433726 
0.9580692 
0.9476107 
0.9308327 
0.9748345 
0.9791436 
0.9408696 
0.9384865 
0.9216619 
0.9190180 
0.9011410 
0.9228057 
0.9129039 
0.9189428 
0.9214991 
0.9073581 
0.9052075 
0.8978020 
0.8836094 
0.8734528 
0.8822882 
0.8914195 
0.8901353 
0.9098556 
0.8888212 
0.8947910 
0.9008226 
0.9131353 
0.9079787 
0.9103916 
0.9393072 
0.9540150 
0.9632965 
0.9735295 
0.9792792 
1.0000000 
0.9887637 
0.9783113 
0.9291943 
0.8953654 
0.9008755 
0.9059953 
0.9048244 
0.9012741 
0.8849771 
0.9002450 
0.8948275 
0.9104779 
0.9330161 
0.9273494 
0.9231433 
0.9201790 
0.9088858 
0.8985204 
0.8917474 
0.8964508 
0.8959462 
0.9155080 
0.8948759 
0.8755636 
0.8960560 
0.8959741 
0.9163359 
0.8993219 
0.8887628 
0.8756932 
0.8786302 
0.8727148 
0.8790533 
0.9080954 
0.9014063 
0.8769410 
0.8925555 
0.8845522 
0.9007073 
0.8985654 
0.8890661 
0.8825206 
0.8473041 
0.8596475 
0.8575181 
0.8617601 
0.8609637 
0.8341474 
0.8216817 
0.8235661 
0.8335609 
0.8182763 
0.8126179 
0.8112070 
0.8271319 
0.8103867 
0.7923636 
0.8243973 
0.8377927 
0.8366600 
0.8264321 
0.8259031 
0.8467439 
0.8311507 
0.8480704 
0.8293595 
0.8143601 
