0.0001763 
-0.0000618 
0.0000520 
-0.0353862 
0.0304127 
0.3066030 
0.7826109 
0.7813436 
0.7844695 
0.7869030 
0.7786430 
0.7673862 
0.7678584 
0.7651146 
0.7591471 
0.7500771 
0.7640067 
0.7352589 
0.7163336 
0.7029024 
0.7136074 
0.7076832 
0.7054109 
0.7048073 
0.7050995 
0.6933290 
0.6893706 
0.7002768 
0.6781756 
0.6693716 
0.6563946 
0.6496189 
0.6428400 
0.6457529 
0.6440036 
0.6444503 
0.6528998 
0.6485653 
0.6410653 
0.6319162 
0.6237036 
0.6225416 
0.6074846 
0.6174876 
0.6106164 
0.5908769 
0.5849713 
0.5708348 
0.5694427 
0.5785115 
0.5583320 
0.5287017 
0.5315439 
0.5253251 
0.5123075 
0.5052009 
0.4894739 
0.4828751 
0.4679608 
0.4697148 
0.4651679 
0.4487919 
0.4532812 
0.4591041 
0.4542812 
0.4710097 
0.4552996 
0.4623346 
0.4632925 
0.4546341 
0.4344442 
0.4229744 
0.4145024 
0.4008097 
0.3957560 
0.3893148 
0.3647661 
0.3594172 
0.3510119 
0.3474891 
0.3464260 
0.3285917 
0.3165054 
0.3059511 
0.3024069 
0.3123603 
0.3001324 
0.2974889 
0.2871769 
0.3072291 
0.3083457 
0.3013966 
0.2889815 
0.3020634 
0.3108110 
0.2840066 
0.2674991 
0.2809155 
0.2809473 
0.2633770 
0.2412762 
0.2324902 
0.2377298 
0.2204663 
0.1950438 
0.1979033 
0.1855652 
0.1631309 
0.1304403 
0.1229417 
0.1193073 
0.1250108 
0.1314631 
0.1412925 
0.1333831 
0.1251592 
0.1365810 
0.1663419 
0.1701260 
0.1646810 
0.1681940 
0.1806120 
0.1828705 
0.2145886 
0.2787792 
0.2794582 
0.2755535 
0.2721598 
0.2731313 
0.2850644 
0.2854259 
0.2904559 
0.2929478 
0.2830618 
0.2767000 
0.2795346 
0.2869275 
0.2740186 
0.2885698 
0.2917051 
0.3023894 
0.3191763 
0.3257161 
0.3450353 
0.3563455 
0.3544061 
0.3548334 
0.3517113 
0.3616848 
0.3485713 
0.3506830 
0.3505700 
0.3627904 
0.3771154 
0.3892868 
0.3835155 
0.3887597 
0.3896496 
0.4033592 
0.4177734 
0.4290783 
0.4289710 
0.4215785 
0.4339100 
0.4258847 
0.4203184 
0.4243707 
0.4419594 
0.4593637 
0.4797895 
0.4918912 
0.5056415 
0.5031418 
0.5064210 
0.5068526 
0.5114567 
0.5086179 
0.5081236 
0.4959743 
0.4965560 
0.5073297 
0.5077070 
0.5254239 
0.5301733 
0.5505055 
0.5527605 
0.5658021 
0.5602196 
0.5618560 
0.5658231 
0.5647656 
0.5669186 
0.5604886 
0.5736679 
0.5854769 
0.5994285 
0.6002398 
0.5992431 
0.6037329 
0.6218090 
0.6260520 
0.6380516 
0.6433519 
0.6524635 
0.6566700 
0.6620652 
0.6765322 
0.6869865 
0.6886814 
0.6930435 
0.6867047 
0.6540617 
0.5805323 
0.5249169 
0.4618651 
0.4123769 
0.3479473 
0.3188797 
0.3202694 
0.3284909 
0.3330776 
0.3390040 
0.3509221 
0.3472321 
0.3601227 
0.3614530 
0.3730031 
0.3737833 
0.3845541 
0.3928452 
0.4181908 
0.4127248 
0.4040277 
0.3920934 
0.3794106 
0.3725847 
0.3799716 
0.3866745 
0.3811826 
0.3633193 
0.3577245 
0.3483879 
0.3492561 
0.3599832 
0.3531435 
0.3612221 
0.3540741 
0.3558123 
0.3615958 
0.3570147 
0.3542975 
0.3129677 
0.3244331 
0.3295197 
0.3393605 
0.3287045 
0.3379153 
0.3398545 
0.3445790 
0.3499827 
0.3467028 
0.3334562 
0.3365895 
0.3289262 
0.3332732 
0.3282602 
0.3295986 
0.3146645 
0.3010547 
0.2944728 
0.2922673 
0.2929764 
0.2983441 
0.3057682 
0.3132083 
0.3248706 
0.3187100 
0.3181283 
0.3201565 
0.3187319 
0.3071501 
0.3094408 
0.3121047 
0.3009993 
0.2920280 
0.2906227 
0.2893590 
0.2883401 
0.2836192 
0.2858680 
0.2806444 
0.2932006 
0.3010050 
0.3044505 
0.3062491 
0.3115421 
0.3121765 
0.3140941 
0.3138096 
0.3117198 
0.3139642 
0.3283187 
0.3294289 
0.3293190 
0.3424794 
0.3480105 
0.3564030 
0.3497219 
0.3380083 
0.3405936 
0.3440983 
0.3328964 
0.3392761 
0.3402325 
0.3458709 
0.3516914 
0.3425414 
0.3285608 
0.3189724 
0.3154497 
0.3055556 
0.3023061 
0.3069392 
0.3130075 
0.3120150 
0.3238444 
0.3245541 
0.3328073 
0.3298583 
0.3230501 
0.3217893 
0.3229827 
0.3116045 
0.3127190 
0.3211002 
0.3282160 
0.3284462 
0.3172832 
0.3117543 
0.3065335 
0.3117766 
0.3213477 
0.3188409 
0.3171374 
0.3134104 
0.3120852 
0.2961116 
0.2976458 
0.2981247 
0.2966644 
0.3022126 
0.3108612 
0.3206901 
0.3227128 
0.3301126 
0.3177005 
0.3085651 
0.2838613 
0.2725401 
0.2625110 
0.2516944 
0.2616312 
0.2760625 
0.2803705 
0.2847557 
0.2874746 
0.2766145 
0.2611440 
0.2483294 
0.2287843 
0.2174125 
0.2291539 
0.2508708 
0.2649867 
0.2646619 
0.2502570 
0.2264233 
0.2402414 
0.2621880 
0.2666235 
0.2737255 
0.2635548 
0.2751686 
0.2706650 
0.2740500 
0.2667858 
0.2783910 
0.2833952 
0.2770119 
0.2683294 
0.2473705 
0.2410990 
0.2524830 
0.2551732 
0.2635884 
0.2640419 
0.2663881 
0.2484123 
0.2470091 
0.2426637 
0.2446051 
0.2549920 
0.2610554 
0.2568902 
0.2447425 
0.2436241 
0.2482388 
0.2410409 
0.2422519 
0.2347159 
0.2375463 
0.2364371 
0.2307638 
0.2210436 
0.2284822 
0.2331993 
0.2327465 
0.2209244 
0.2128697 
0.2069104 
0.2344470 
0.2303543 
0.2358496 
0.2468822 
0.2506925 
0.2561605 
0.2517162 
0.2309802 
0.2290224 
0.2321228 
0.2351018 
0.2372217 
0.2341577 
0.2274443 
0.2286846 
0.2238085 
0.2306169 
0.2251141 
0.2198785 
0.2189993 
0.2139261 
0.2146053 
0.2177423 
0.2027178 
0.2141069 
0.2042976 
0.2162641 
0.2333440 
0.2482010 
0.2356451 
0.2359224 
0.2346995 
0.2402095 
0.2459236 
0.2302159 
0.2158376 
0.2064244 
0.2125679 
0.2165002 
0.2124324 
0.2112664 
0.2108065 
0.2140561 
0.2235256 
0.2234365 
0.2298759 
0.2198874 
0.2279866 
0.2190963 
0.2282281 
0.2248551 
0.2132345 
0.2170225 
0.2089047 
0.2112048 
0.2055774 
0.2073189 
0.2060965 
0.2047423 
0.2016409 
0.2083914 
0.2059193 
0.1867092 
0.1839310 
0.1931153 
0.1761698 
0.1747186 
0.2033212 
0.1931763 
0.1860383 
0.1841877 
0.1811375 
0.1722354 
0.1763747 
0.1714306 
0.1690193 
0.1764839 
0.1845183 
0.1893241 
0.1849940 
0.1861584 
0.1861721 
0.1805328 
0.1663284 
0.1708304 
0.1567105 
0.1672361 
0.1609196 
0.1535661 
0.1478377 
0.1361368 
0.1452009 
0.1282866 
0.1359328 
0.1387897 
0.1354954 
0.1338078 
0.1337138 
0.1196642 
0.1313797 
0.1371095 
0.1409171 
0.1346505 
0.1295361 
0.1317442 
0.1286023 
0.1200832 
0.1134198 
0.1107626 
0.0993552 
0.1017313 
0.1032809 
0.1101294 
0.1296383 
0.1554478 
0.1612976 
0.1602411 
0.1664062 
0.1655239 
0.1658283 
0.1738601 
0.1665313 
0.1631330 
0.1611985 
0.1595569 
0.1551080 
0.1592108 
0.1640003 
0.1710339 
0.1726491 
0.1553387 
0.1510504 
0.1565137 
0.1559713 
0.1513982 
0.1521023 
0.1555055 
0.1542960 
0.1595528 
0.1446383 
0.1367286 
0.1371689 
0.1430515 
0.1424189 
0.1464474 
0.1474847 
0.1461429 
0.1308142 
0.1322746 
0.1396890 
0.1497430 
0.1519647 
0.1565609 
0.1660224 
0.1717043 
0.1644352 
0.1537081 
0.1628229 
0.1642906 
0.1617360 
0.1624307 
0.1651144 
0.1426846 
0.1613356 
0.1509641 
0.1400428 
0.1365311 
0.1308322 
0.1252202 
0.1270183 
0.1319126 
0.1132879 
0.1176681 
0.1175205 
0.1126363 
0.1289036 
0.1197073 
0.1287963 
0.1174618 
0.1207167 
0.1253541 
0.1187319 
0.1238079 
0.1115914 
0.1129617 
0.1134001 
0.1229443 
0.1480731 
0.1479379 
0.1530381 
0.1416468 
0.1338556 
0.1270062 
0.1298795 
0.1327457 
0.1364832 
0.1441107 
0.1448894 
0.1418543 
0.1419296 
0.1443983 
0.1458420 
0.1403472 
0.1614845 
0.1510917 
0.1622074 
0.1693336 
0.1665447 
0.1530742 
0.1444234 
0.1364977 
0.1237360 
0.1155786 
0.1205669 
0.1139531 
0.1108305 
0.1137265 
0.1089459 
0.1140481 
0.1146543 
0.0993141 
0.1024322 
0.1063940 
0.1075275 
0.1164101 
0.1293266 
0.1340434 
0.1264654 
0.1297607 
0.1255437 
0.1216801 
0.1277066 
0.1366212 
0.1326912 
0.1297466 
0.1273292 
0.1184402 
0.1113834 
0.1048454 
0.1003962 
0.1014391 
0.1122016 
0.1247136 
0.1248328 
0.1125370 
0.1037359 
0.1066387 
0.1066951 
0.0954908 
0.0895225 
0.0994068 
0.0988898 
0.0999278 
0.1038513 
0.1018755 
0.1024214 
0.1031383 
0.1167851 
0.1023514 
0.0765221 
0.0727466 
0.0822525 
0.0955934 
0.0914869 
0.1006288 
0.0991426 
0.1126018 
0.1060371 
0.1043996 
0.1076540 
0.1079239 
0.1063021 
0.1092428 
0.1029344 
0.0986819 
0.0948664 
0.1067120 
0.1167225 
0.1319294 
0.1299775 
0.1193960 
0.1011506 
0.0806471 
0.0749288 
0.0752183 
0.0705673 
0.0725284 
0.0750548 
0.0667901 
0.0829835 
0.0960954 
0.0913150 
0.0673341 
0.0519588 
0.0489101 
0.0485617 
0.0532330 
0.0799052 
0.0947161 
0.1005349 
0.1060978 
0.1030828 
0.1023055 
0.0974817 
0.0933028 
0.0751571 
0.0720726 
0.0700285 
0.0647205 
0.0698872 
0.0689270 
0.0700638 
0.0753707 
0.0748100 
0.0695300 
0.0814365 
0.0919541 
0.0910174 
0.0892417 
0.0820239 
0.0765483 
0.0770438 
0.0694712 
0.0606944 
0.0575035 
0.0633911 
0.0718174 
0.0943184 
0.1015989 
0.1014532 
0.0996357 
0.0910421 
0.0669495 
0.0553449 
0.0508383 
0.0494701 
0.0551758 
0.0531444 
0.0528656 
0.0632298 
0.0672109 
0.0735123 
0.0755114 
0.0744699 
0.0742668 
0.0709711 
0.0721414 
0.0709126 
0.0618939 
0.0676436 
0.0775317 
0.0782018 
0.0720487 
0.0727894 
0.0690903 
0.0564902 
0.0610934 
0.0538110 
0.0404823 
0.0356256 
0.0420637 
0.0326687 
0.0454745 
0.0513454 
0.0552227 
0.0580771 
0.0604794 
0.0680244 
0.0660221 
0.0715583 
0.0756154 
0.0796664 
0.0762213 
0.0892217 
0.0886724 
0.0911485 
0.0981078 
0.1060385 
0.0980614 
0.0959322 
0.0992374 
0.0988403 
0.0986588 
0.0907508 
0.1025116 
0.0982397 
0.1020645 
0.1004050 
0.0913553 
0.0830933 
0.0771497 
0.0709755 
0.0623777 
0.0618394 
0.0588311 
0.0513659 
0.0533217 
0.0391173 
0.0346634 
0.0382625 
0.0349258 
0.0447193 
0.0512793 
0.0515634 
0.0514928 
0.0483421 
0.0474803 
0.0374906 
0.0432921 
0.0512891 
0.0486973 
0.0529849 
0.0527240 
0.0611666 
0.0612211 
0.0594688 
0.0532987 
0.0587047 
0.0549800 
0.0551685 
0.0526691 
0.0549895 
0.0524963 
0.0520829 
0.0512154 
0.0661587 
0.0688202 
0.0718314 
0.0796235 
0.0717077 
0.0730525 
0.0702158 
0.0528465 
0.0421164 
0.0315877 
0.0274770 
0.0309063 
0.0334971 
0.0368004 
0.0286800 
0.0325630 
0.0319616 
0.0331853 
0.0358187 
0.0372498 
0.0396845 
0.0346696 
0.0282060 
0.0204490 
0.0221560 
0.0319098 
0.0512834 
0.0588204 
0.0678860 
0.0806712 
0.0907889 
0.0842710 
0.0770225 
0.0812624 
0.0917061 
0.0902652 
0.0864695 
0.0709336 
0.0683598 
0.0757625 
0.0826161 
0.0896198 
0.0860400 
0.1015226 
0.1025187 
0.1072281 
0.1058095 
0.0978492 
0.0899481 
0.0911997 
0.0929586 
0.0870160 
0.0742944 
0.0596867 
0.0598753 
0.0617866 
0.0675652 
0.0625791 
0.0702647 
0.0568898 
0.0381852 
0.0116856 
0.0000000 
0.0064158 
0.0054350 
0.0154155 
0.0318412 
0.0405805 
0.0339374 
0.0318153 
0.0144595 
0.0079534 
0.0154908 
0.0212628 
0.0321447 
0.0319067 
0.0180924 
0.0200675 
0.0157556 
0.0197932 
0.0248595 
0.0355453 
0.0393481 
0.0369898 
0.0295716 
0.0190536 
0.0184871 
0.0240067 
0.0381453 
0.0239532 
0.0138925 
0.0115271 
0.0120068 
0.0099789 
0.0106005 
0.0250582 
0.0295967 
0.0273820 
0.0216007 
0.0212041 
0.0132885 
0.0120716 
0.0194340 
0.0242600 
0.0252211 
0.0445138 
0.0502843 
0.0580105 
0.0674575 
0.0787208 
0.0966764 
0.1073969 
0.1100580 
0.1092278 
0.1249119 
0.1313088 
0.1461682 
0.1582477 
0.1605952 
0.1804745 
0.1955287 
0.1994572 
0.2078876 
0.2092551 
0.2090560 
0.2075821 
0.2111408 
0.2062876 
0.2045743 
0.1928127 
0.1805042 
0.1665162 
0.1615086 
0.1439217 
0.1399449 
0.1152645 
0.0976416 
0.0821153 
0.0641464 
0.0390993 
0.0265797 
0.0119497 
0.0044824 
0.0014243 
0.0013166 
0.0063367 
0.0100086 
0.0210619 
0.0205640 
0.0291157 
0.0285092 
0.0396009 
0.0367896 
0.0394549 
0.0356059 
0.0364351 
0.0365207 
0.0360309 
0.0497726 
0.0540179 
0.0430902 
0.0476078 
0.0518549 
0.0595993 
0.0574076 
0.0647630 
0.0742407 
0.0762235 
0.0717888 
0.0718330 
0.0625276 
0.0692039 
0.0661496 
0.0559220 
0.0507047 
0.0417364 
0.0247515 
0.0168430 
0.0115162 
0.0091912 
0.0032206 
0.0072924 
0.0135001 
0.0142666 
0.0140059 
0.0274559 
0.0476473 
0.0533090 
0.0578105 
0.0700888 
0.0831421 
0.0884201 
0.0868700 
0.0937549 
0.1003934 
0.1132058 
0.1248689 
0.1413013 
0.1408364 
0.1358782 
0.1248574 
0.1120205 
0.1090032 
0.1148149 
0.1306130 
0.1517466 
0.1733520 
0.1915064 
0.1919901 
0.2041914 
0.1960485 
0.1877484 
0.1653471 
0.1370546 
0.1107368 
0.0982891 
0.0977206 
0.1039605 
0.1102276 
0.1012771 
0.1061882 
0.1182233 
0.1214543 
0.1168086 
0.1181422 
0.1204856 
0.1163171 
0.1029405 
0.0862836 
0.0703020 
0.0516435 
0.0574909 
0.0614626 
0.0745819 
0.0869559 
0.0982370 
0.1055117 
0.0951733 
0.0668860 
0.0450260 
0.0218713 
0.0088207 
0.0084028 
0.0027279 
0.0076040 
0.0209624 
0.0445269 
0.0857069 
0.1055897 
0.1033496 
0.0919641 
0.0680703 
0.0467248 
0.0358379 
0.0335426 
0.0480438 
0.0620835 
0.0710013 
0.0883212 
0.1076370 
0.1198336 
0.1383551 
0.1373545 
0.1214876 
0.1204729 
0.0961737 
0.0705649 
0.0641244 
0.0562654 
0.0407600 
0.0450798 
0.0321957 
0.0362419 
0.0472739 
0.0658374 
0.0982588 
0.1099893 
0.1141379 
0.1125912 
0.1213534 
0.1180397 
0.1037897 
0.1048608 
0.0929912 
0.0862249 
0.0841273 
0.0901232 
0.1007739 
0.1040180 
0.1124156 
0.1322445 
0.1479747 
0.1533279 
0.1510257 
0.1473262 
0.1274213 
0.1202735 
0.1211928 
0.1077153 
0.0745278 
0.0599565 
0.0713324 
0.0862011 
0.0928766 
0.1023373 
0.1155240 
0.1240302 
0.1446243 
0.1481674 
0.1319410 
0.1216274 
0.1084828 
0.1055352 
0.0975842 
0.0929072 
0.1007170 
0.1050894 
0.1216558 
0.1386478 
0.1523478 
0.1536850 
0.1560595 
0.1581500 
0.1620541 
0.1546099 
0.1474630 
0.1494690 
0.1414747 
0.1432032 
0.1432954 
0.1527291 
0.1583658 
0.1645670 
0.1646544 
0.1676413 
0.1795902 
0.1783033 
0.1747964 
0.1695289 
0.1625123 
0.1622893 
0.1573176 
0.1598550 
0.1504622 
0.1518624 
0.1435551 
0.1408408 
0.1415307 
0.1354206 
0.1450419 
0.1322899 
0.1392773 
0.1445270 
0.1728964 
0.1681556 
0.1700043 
0.1803049 
0.1757233 
0.1735592 
0.1696112 
0.1660806 
0.1693855 
0.1807848 
0.1874243 
0.1862524 
0.1896289 
0.1859680 
0.1864329 
0.1919083 
0.1858626 
0.1892996 
0.1900120 
0.1842259 
0.1846676 
0.1858248 
0.1923999 
0.1925169 
0.1920791 
0.1933135 
0.1934992 
0.1979077 
0.1920530 
0.1946652 
0.1941946 
0.1789575 
0.1778016 
0.1750153 
0.1753588 
0.1736958 
0.1939367 
0.1927502 
0.2065452 
0.2088952 
0.2059127 
0.2130101 
0.2171140 
0.2128528 
0.2124721 
0.2089430 
0.2087418 
0.2119464 
0.2098149 
0.2036402 
0.1975008 
0.1887136 
0.1959079 
0.1968469 
0.4040841 
0.3998212 
0.3969264 
0.4073502 
0.4016845 
0.4045238 
0.4180578 
0.4191722 
0.4151331 
0.4142914 
0.4067472 
0.3991635 
0.4023327 
0.4017202 
0.4024683 
0.4082180 
0.4097938 
0.4074144 
0.4103166 
0.4156338 
0.4184939 
0.4332342 
0.4515060 
0.4322604 
0.4299743 
0.4336895 
0.4374100 
0.4364973 
0.4412088 
0.4336321 
0.4231053 
0.4206426 
0.4114266 
0.4174561 
0.4156676 
0.4040142 
0.4122929 
0.4098437 
0.4120308 
0.4427361 
0.4822121 
0.5608157 
0.6511454 
0.7261333 
0.7744397 
0.7967388 
0.8318750 
0.8420229 
0.8668872 
0.8828671 
0.8877885 
0.8993603 
0.8999142 
0.9130962 
0.9088514 
0.9060730 
0.9119985 
0.9088204 
0.9037989 
0.8958974 
0.8926762 
0.8890903 
0.8934528 
0.9022010 
0.8941154 
0.8919131 
0.9004609 
0.8947765 
0.8989434 
0.8901499 
0.8875335 
0.8840217 
0.8638194 
0.8649573 
0.8601177 
0.8663068 
0.8670740 
0.8714410 
0.8807336 
0.8852950 
0.8783076 
0.8801380 
0.8801326 
0.8788761 
0.8791859 
0.8762597 
0.8720824 
0.8725627 
0.8680393 
0.8685356 
0.8714770 
0.8668810 
0.8566457 
0.8517407 
0.8501668 
0.8455795 
0.8413289 
0.8403682 
0.8223281 
0.8337254 
0.8309515 
0.8430592 
0.8356388 
0.8440296 
0.8398030 
0.8417802 
0.8336505 
0.8332458 
0.8293651 
0.8337425 
0.8389724 
0.8446295 
0.8538053 
0.8778887 
0.8765495 
0.8718579 
0.8796641 
0.8793623 
0.8908164 
0.8899942 
0.8896198 
0.8856309 
0.8873154 
0.8786004 
0.8780076 
0.8802481 
0.8782532 
0.8653658 
0.8766903 
0.8808149 
0.8840444 
0.8900694 
0.8887777 
0.8900233 
0.8810669 
0.8782037 
0.8877915 
0.8816096 
0.8873282 
0.8895279 
0.8962974 
0.9137684 
0.9237224 
0.9259586 
0.9135240 
0.8964660 
0.8958976 
0.9054274 
0.9008624 
0.9008755 
0.8996451 
0.9205154 
0.9406925 
0.9509478 
0.9571003 
0.9715552 
0.9722899 
0.9554610 
0.9486615 
0.9457573 
0.9536551 
0.9531989 
0.9366782 
0.9332668 
0.9330620 
0.9436908 
0.9490454 
0.9476526 
0.9536877 
0.9553727 
0.9573059 
0.9513711 
0.9393951 
0.9466872 
0.9496716 
0.9561106 
0.9563994 
0.9655403 
0.9610294 
0.9648957 
0.9624698 
0.9656814 
0.9660297 
0.9563706 
0.9463445 
0.9353166 
0.9483299 
0.9447699 
0.9483607 
0.9467404 
0.9415667 
0.9587160 
0.9527860 
0.9557054 
0.9669607 
0.9636166 
0.9667460 
0.9768779 
0.9747414 
0.9782444 
0.9789859 
0.9743850 
0.9735757 
0.9781172 
0.9682946 
0.9627445 
0.9641852 
0.9485977 
0.9496075 
0.9415276 
0.9395630 
0.9488000 
0.9551109 
0.9495948 
0.9546785 
0.9776812 
0.9801587 
0.9739875 
0.9801400 
0.9793850 
0.9795574 
0.9902196 
0.9842012 
0.9703559 
0.9744184 
0.9719085 
0.9661650 
0.9726765 
0.9749647 
0.9670372 
0.9579512 
0.9618870 
0.9705426 
0.9761576 
0.9707024 
0.9828780 
0.9774095 
0.9761140 
0.9850045 
0.9898473 
1.0000000 
0.9744874 
0.9529492 
0.9591511 
0.9528519 
0.9503085 
0.9547799 
0.9667378 
0.9577826 
0.9617687 
0.9646492 
0.9720359 
0.9839916 
0.9788916 
0.9720079 
0.9700771 
0.9647100 
0.9695362 
0.9628418 
0.9742874 
0.9631040 
0.9613386 
0.9587391 
0.9759693 
0.9752620 
0.9744902 
0.9724156 
0.9658291 
0.9607841 
0.9663499 
0.9656144 
0.9581719 
0.9550052 
0.9507418 
0.9461578 
0.9374713 
0.9368752 
0.9341385 
0.9320833 
0.9402931 
0.9361748 
0.9405406 
0.9536968 
0.9553613 
0.9592335 
0.9588387 
0.9525195 
0.9472887 
0.9423539 
0.9381012 
0.9361485 
0.9420623 
0.9518387 
0.9583733 
0.9783535 
0.9795142 
0.9874393 
0.9967299 
0.9886147 
0.9495839 
0.9475798 
0.9651228 
0.9534772 
0.9503791 
