-0.0000542 
-0.0000751 
-0.0001012 
0.3762458 
-0.1346309 
0.2150564 
0.5769717 
0.5745463 
0.5831357 
0.5859197 
0.5819335 
0.5487140 
0.5515221 
0.6017169 
0.6194965 
0.5975700 
0.5854557 
0.5825937 
0.5668879 
0.5782948 
0.5645103 
0.5417781 
0.5427659 
0.5787437 
0.5748300 
0.5977337 
0.5862376 
0.6043606 
0.5904373 
0.5884539 
0.6097971 
0.5966670 
0.5825620 
0.5790029 
0.6043619 
0.6192131 
0.5840488 
0.5701257 
0.5815178 
0.5888364 
0.5833440 
0.5663896 
0.5604246 
0.5656840 
0.5390367 
0.5441151 
0.5644158 
0.5534631 
0.5546459 
0.5664294 
0.5539954 
0.5127470 
0.5031536 
0.4976648 
0.5302039 
0.5282263 
0.5197174 
0.5053328 
0.4954100 
0.5010314 
0.4596369 
0.4401869 
0.4454693 
0.4838346 
0.5007872 
0.5185992 
0.5060517 
0.4985380 
0.4873236 
0.4867872 
0.4899728 
0.4787787 
0.4820233 
0.4728198 
0.4925365 
0.4747538 
0.4302767 
0.4397827 
0.4387375 
0.4051202 
0.3844440 
0.4134256 
0.4047828 
0.4166515 
0.3924401 
0.3847091 
0.4000533 
0.3759790 
0.3811438 
0.3988544 
0.4241106 
0.4181807 
0.4331706 
0.4374390 
0.4350841 
0.4326750 
0.4737835 
0.4917538 
0.5152291 
0.5086378 
0.4869498 
0.4839638 
0.4732357 
0.4940677 
0.4986861 
0.4984844 
0.4638568 
0.4385964 
0.4522188 
0.4370603 
0.4477592 
0.4327189 
0.4503477 
0.4341152 
0.4031178 
0.4067443 
0.3989326 
0.4150388 
0.4047956 
0.4223822 
0.4464357 
0.4355260 
0.4354556 
0.4366616 
0.4287319 
0.4360976 
0.4259449 
0.4111234 
0.4137507 
0.4369338 
0.4235879 
0.4454683 
0.4549781 
0.4429137 
0.4453510 
0.4385101 
0.4517712 
0.4421798 
0.4290948 
0.4340604 
0.4260439 
0.4483593 
0.4437349 
0.4524677 
0.4661397 
0.4558503 
0.4772248 
0.4721443 
0.4364194 
0.4338068 
0.4277608 
0.4115842 
0.3802030 
0.3839157 
0.3781702 
0.3988462 
0.3742939 
0.3878708 
0.4074880 
0.4045458 
0.3927630 
0.3676030 
0.3620621 
0.3749610 
0.3633572 
0.3766031 
0.3851951 
0.4041751 
0.4362672 
0.4203933 
0.3835998 
0.3654510 
0.3541365 
0.3431579 
0.3454014 
0.3364408 
0.3652802 
0.3888079 
0.3800368 
0.4106021 
0.4116805 
0.4170130 
0.4311989 
0.3960493 
0.4238965 
0.4143165 
0.4166223 
0.4180418 
0.4323493 
0.4336823 
0.4275257 
0.4429418 
0.4412328 
0.4352592 
0.4570280 
0.4739318 
0.4672641 
0.4944485 
0.4928404 
0.4906130 
0.4848660 
0.4735147 
0.4645100 
0.4798149 
0.4863706 
0.4936704 
0.4840525 
0.4856781 
0.4829310 
0.4638327 
0.4355061 
0.4184700 
0.3982141 
0.3698353 
0.3813840 
0.4352813 
0.4417733 
0.4394541 
0.4282791 
0.4409984 
0.4701733 
0.4774562 
0.4698745 
0.4736175 
0.4645811 
0.5150489 
0.5113695 
0.5086706 
0.4889698 
0.4740324 
0.4840392 
0.4751618 
0.4701536 
0.4585949 
0.4722763 
0.4511216 
0.4412884 
0.4579686 
0.4729128 
0.4532884 
0.4389704 
0.4508155 
0.4311658 
0.4124673 
0.4159695 
0.4283193 
0.4216025 
0.4300805 
0.4310731 
0.4110113 
0.4136398 
0.4078022 
0.4214129 
0.4292273 
0.4223280 
0.4107402 
0.4235500 
0.4475439 
0.4545949 
0.4361924 
0.4071134 
0.3946085 
0.4195248 
0.4222108 
0.4292006 
0.4441768 
0.4516117 
0.4643449 
0.4567791 
0.4704407 
0.4508727 
0.4691818 
0.4681827 
0.4788290 
0.4742009 
0.4575049 
0.4914838 
0.4787761 
0.4870703 
0.4808459 
0.5052809 
0.5261806 
0.5049794 
0.5277773 
0.5298388 
0.5449264 
0.5720018 
0.5664119 
0.5823882 
0.5567075 
0.5680762 
0.5730515 
0.5682395 
0.5693773 
0.5368443 
0.5286308 
0.5254169 
0.5024567 
0.4991143 
0.5126484 
0.5157866 
0.5517053 
0.5608345 
0.5403099 
0.5200550 
0.5334965 
0.5178604 
0.4890308 
0.4886560 
0.4923186 
0.4980927 
0.4806875 
0.4967789 
0.4938434 
0.5327977 
0.4918550 
0.5013830 
0.5245583 
0.5331451 
0.5496078 
0.5435273 
0.5353555 
0.5350611 
0.5336930 
0.5470388 
0.5393614 
0.5398733 
0.5069588 
0.5096955 
0.5550694 
0.5322222 
0.5509004 
0.5507762 
0.5531366 
0.5621385 
0.5773274 
0.5988071 
0.5627698 
0.5551965 
0.5511960 
0.5528908 
0.5674096 
0.5460083 
0.5579091 
0.5357942 
0.5242431 
0.4852526 
0.4799867 
0.4953927 
0.4940202 
0.5094477 
0.5490918 
0.5779614 
0.6127850 
0.6167623 
0.6293422 
0.6413050 
0.6719019 
0.6563264 
0.6457156 
0.6132977 
0.6180120 
0.6045909 
0.6038993 
0.6080087 
0.5838718 
0.5604236 
0.5452443 
0.5425378 
0.5194538 
0.4926845 
0.4681467 
0.4493456 
0.4607137 
0.4573353 
0.4583790 
0.4617013 
0.4641652 
0.4781844 
0.4789207 
0.4608415 
0.4644912 
0.4596922 
0.4848272 
0.4408469 
0.4561833 
0.4571639 
0.4591930 
0.4565258 
0.4522407 
0.4726485 
0.4673368 
0.4758151 
0.4419900 
0.4487283 
0.4991475 
0.5178588 
0.5057136 
0.4798606 
0.4725979 
0.4652623 
0.4571731 
0.4386316 
0.4647263 
0.4537718 
0.4440554 
0.4429739 
0.4430491 
0.4291098 
0.4327817 
0.4383024 
0.4468021 
0.4654029 
0.4478049 
0.4657006 
0.4834027 
0.4833942 
0.4648731 
0.4901043 
0.4895204 
0.4726883 
0.4903694 
0.4881605 
0.4868637 
0.4665896 
0.4937817 
0.4859697 
0.4979872 
0.4735131 
0.4684942 
0.4399957 
0.4511680 
0.4599943 
0.4520333 
0.4432068 
0.4681035 
0.4740102 
0.4625204 
0.4883037 
0.4783974 
0.4759692 
0.4735981 
0.4864436 
0.4646845 
0.4636576 
0.4439258 
0.4581737 
0.4453797 
0.4490901 
0.4466324 
0.4524315 
0.4380924 
0.4355067 
0.4752846 
0.4753116 
0.4672095 
0.4507910 
0.4651988 
0.4628009 
0.4643330 
0.4448025 
0.4068488 
0.4127902 
0.4198837 
0.3872967 
0.3899993 
0.3699178 
0.3993275 
0.4039943 
0.4120071 
0.4163257 
0.4259189 
0.4380482 
0.4493691 
0.4620139 
0.4621240 
0.4857673 
0.4850926 
0.4624745 
0.4533398 
0.4579580 
0.4546838 
0.4495577 
0.4694952 
0.4709592 
0.4754837 
0.5049428 
0.5724150 
0.5743636 
0.5831023 
0.5638014 
0.5760600 
0.5691788 
0.5975425 
0.5902005 
0.5742822 
0.6157996 
0.6304705 
0.6308029 
0.6247353 
0.6751748 
0.7249990 
0.6924325 
0.6644219 
0.6733330 
0.6191692 
0.6150895 
0.6169661 
0.6461612 
0.6511812 
0.6365736 
0.6264310 
0.6661753 
0.6234537 
0.5961548 
0.5742779 
0.5611841 
0.5593025 
0.5026374 
0.5012480 
0.4839290 
0.4795861 
0.4586780 
0.4387544 
0.4366769 
0.3891353 
0.3663182 
0.3450694 
0.3429970 
0.3688845 
0.3732423 
0.3843027 
0.4147303 
0.4201069 
0.4526154 
0.4661317 
0.4987844 
0.4926262 
0.5368273 
0.5664954 
0.5230302 
0.5487595 
0.5382195 
0.5465194 
0.5063425 
0.4842287 
0.4994698 
0.5210547 
0.5083393 
0.5093270 
0.5271965 
0.5067871 
0.5381052 
0.5534375 
0.5757273 
0.5604813 
0.5390781 
0.5532630 
0.5365778 
0.5699044 
0.5483856 
0.5547738 
0.5395351 
0.5549542 
0.5496295 
0.5397446 
0.5332823 
0.5235689 
0.5210504 
0.5235921 
0.5277388 
0.5168252 
0.5358259 
0.5103286 
0.5240118 
0.5199494 
0.5004314 
0.4984935 
0.4839391 
0.4630093 
0.4790644 
0.4762049 
0.4482156 
0.4837993 
0.4905652 
0.4653429 
0.4504036 
0.4552661 
0.4645840 
0.4927479 
0.5049706 
0.4772032 
0.4819020 
0.4814239 
0.5070338 
0.4972436 
0.5055541 
0.5031822 
0.4863804 
0.4586369 
0.4827963 
0.5170041 
0.5205400 
0.5038792 
0.5053812 
0.5203503 
0.5053496 
0.5001678 
0.4915170 
0.5119942 
0.4679188 
0.5107853 
0.4885905 
0.5238864 
0.5212034 
0.4984632 
0.5043943 
0.5183651 
0.5213417 
0.5011211 
0.4702219 
0.4709168 
0.4470641 
0.4480124 
0.4470830 
0.4550894 
0.4548913 
0.4762010 
0.4332687 
0.4476883 
0.4811912 
0.4807589 
0.4909579 
0.4895552 
0.5089420 
0.5109528 
0.5415560 
0.5288844 
0.5247054 
0.5302953 
0.5094827 
0.5117920 
0.5063285 
0.4742031 
0.4594386 
0.4848680 
0.4923375 
0.4904492 
0.4817879 
0.4607813 
0.4829887 
0.4959160 
0.5236104 
0.5270728 
0.5096647 
0.5381916 
0.5265497 
0.5132160 
0.5060227 
0.4936671 
0.4642696 
0.4566882 
0.4293922 
0.4640995 
0.4643020 
0.4645536 
0.4805197 
0.4792579 
0.5096835 
0.4905801 
0.4960065 
0.4870255 
0.5120224 
0.5123072 
0.4984379 
0.5003130 
0.4729818 
0.4643557 
0.4553169 
0.4571280 
0.4318944 
0.4739448 
0.4694627 
0.4717762 
0.4543258 
0.4806274 
0.4829042 
0.4582058 
0.4757465 
0.4748269 
0.4825264 
0.4739225 
0.4811711 
0.4683433 
0.4613884 
0.4619457 
0.4805784 
0.4750109 
0.5229224 
0.5219320 
0.5503234 
0.4994396 
0.5131844 
0.5204705 
0.5338763 
0.5472832 
0.5432680 
0.5265735 
0.5118148 
0.5039321 
0.4986445 
0.4619614 
0.4654530 
0.4248412 
0.4446984 
0.4473297 
0.4398457 
0.4279005 
0.4416801 
0.4202663 
0.4222786 
0.4061524 
0.4273041 
0.4247638 
0.4047546 
0.3792077 
0.3513242 
0.3722006 
0.3397727 
0.3846709 
0.3899739 
0.3980839 
0.4244704 
0.4320630 
0.4327341 
0.4515488 
0.4667553 
0.4673472 
0.4351173 
0.4263501 
0.4050582 
0.3825199 
0.3488137 
0.3382463 
0.3426093 
0.3109104 
0.3341024 
0.3668823 
0.3917092 
0.3936745 
0.4042677 
0.4148848 
0.3991606 
0.3963353 
0.3949928 
0.3878430 
0.3823466 
0.3745699 
0.3889315 
0.4217137 
0.4077856 
0.4140895 
0.3887017 
0.4295088 
0.4323413 
0.4346711 
0.4051070 
0.4190149 
0.4050338 
0.3931089 
0.3974535 
0.3945108 
0.4164853 
0.4280887 
0.4498622 
0.4282188 
0.4526215 
0.4415136 
0.4673178 
0.4367186 
0.4320902 
0.3757664 
0.3932876 
0.3480591 
0.3844662 
0.3983684 
0.3999170 
0.3872164 
0.4366212 
0.4838404 
0.4603590 
0.4524710 
0.4457301 
0.4507629 
0.4180880 
0.3980357 
0.3917457 
0.4046045 
0.3776399 
0.3600426 
0.3678848 
0.3526268 
0.3593948 
0.3524646 
0.4056118 
0.3664278 
0.4169688 
0.4288473 
0.4131968 
0.4237156 
0.4609498 
0.4335918 
0.4677991 
0.4422789 
0.4338853 
0.4534574 
0.4702205 
0.4649086 
0.4678979 
0.4763934 
0.4939715 
0.4500421 
0.4621398 
0.4988865 
0.4476573 
0.4689636 
0.4643179 
0.4436859 
0.4567466 
0.4788205 
0.4480776 
0.4943532 
0.4752036 
0.4703255 
0.4600637 
0.4397192 
0.4402547 
0.4187641 
0.4122422 
0.4434529 
0.4326813 
0.4378469 
0.4029078 
0.4019501 
0.3687492 
0.3875204 
0.3420507 
0.3617973 
0.3849307 
0.3356384 
0.3828461 
0.3679749 
0.3448405 
0.3588936 
0.3620745 
0.4040459 
0.3940568 
0.4152279 
0.4357882 
0.4500968 
0.4411333 
0.4309477 
0.4305953 
0.4171237 
0.4268862 
0.4288288 
0.4056801 
0.3981643 
0.3861842 
0.4119785 
0.4213225 
0.4515582 
0.4332875 
0.4178465 
0.4655922 
0.4598336 
0.4473841 
0.4206990 
0.4020585 
0.4312592 
0.4119096 
0.4142346 
0.3910625 
0.4140705 
0.4491869 
0.4054895 
0.4376839 
0.4205652 
0.4564358 
0.4548655 
0.4557130 
0.4480343 
0.4677255 
0.4513391 
0.4306689 
0.4169824 
0.3988169 
0.3724660 
0.4046163 
0.4068973 
0.4058111 
0.4180349 
0.4043898 
0.4094680 
0.4109750 
0.3815964 
0.3851397 
0.4183749 
0.4361855 
0.4093286 
0.4052668 
0.3693903 
0.3555108 
0.3177472 
0.3223838 
0.2742520 
0.2928578 
0.2995349 
0.3083548 
0.3273227 
0.3281891 
0.3365673 
0.3252554 
0.3427632 
0.3504529 
0.3761996 
0.3657380 
0.3738156 
0.4024590 
0.3846067 
0.3787896 
0.3582091 
0.3161952 
0.3263564 
0.3176555 
0.2730009 
0.2561755 
0.2582186 
0.2662849 
0.2906989 
0.2827359 
0.2951802 
0.2755563 
0.3528177 
0.3417238 
0.3588705 
0.3640594 
0.3839448 
0.3780523 
0.3735202 
0.3867585 
0.3646986 
0.3206236 
0.3023643 
0.3195708 
0.3498420 
0.3456457 
0.3701193 
0.3719840 
0.3559834 
0.3650541 
0.3631776 
0.3523463 
0.3330418 
0.3019084 
0.2958268 
0.2947425 
0.2712358 
0.2998031 
0.3079987 
0.3198205 
0.3585934 
0.3333393 
0.3467966 
0.3336079 
0.3363938 
0.3516826 
0.3635246 
0.3627368 
0.3759493 
0.3342048 
0.3644701 
0.3503841 
0.3512357 
0.3468014 
0.3615702 
0.3460517 
0.3857731 
0.4088877 
0.3943956 
0.3538750 
0.3207166 
0.3602223 
0.3086731 
0.2854175 
0.2885505 
0.3033964 
0.2929537 
0.3157070 
0.3257689 
0.3513055 
0.3225849 
0.3054525 
0.3517985 
0.3335289 
0.3257035 
0.2705037 
0.2871067 
0.3292893 
0.3187012 
0.3200554 
0.3290013 
0.2792273 
0.2679419 
0.2472515 
0.2614553 
0.2892189 
0.2992315 
0.2925379 
0.2865688 
0.2682228 
0.2890971 
0.2833905 
0.3000326 
0.2924703 
0.2762615 
0.2769078 
0.2684977 
0.2585758 
0.2554799 
0.2423391 
0.2243630 
0.2067849 
0.2389987 
0.2582898 
0.2462562 
0.3023812 
0.2868180 
0.2791571 
0.2599710 
0.2618881 
0.2321729 
0.2294309 
0.2182323 
0.2645457 
0.2542736 
0.2334935 
0.2051725 
0.2066077 
0.1794369 
0.1740525 
0.1613566 
0.1803829 
0.1880361 
0.2502740 
0.2982497 
0.3124419 
0.3522696 
0.3333065 
0.3045585 
0.3053790 
0.3159785 
0.3192569 
0.3045900 
0.3150466 
0.3116077 
0.3177915 
0.3057540 
0.2896440 
0.2793928 
0.3317877 
0.3378871 
0.3687377 
0.3010612 
0.3635283 
0.3451639 
0.2992138 
0.3216324 
0.3435611 
0.2982433 
0.3363197 
0.3244403 
0.3154354 
0.3192408 
0.2832559 
0.3201849 
0.3607794 
0.4175706 
0.4105843 
0.3591324 
0.3057775 
0.3425591 
0.3399012 
0.3413700 
0.3296947 
0.3564742 
0.3688954 
0.3265557 
0.3509666 
0.3643171 
0.3937000 
0.3717436 
0.3455550 
0.3352462 
0.3942523 
0.4018365 
0.4737083 
0.4751930 
0.4930965 
0.4863583 
0.4546000 
0.4163261 
0.4256810 
0.4630788 
0.4491370 
0.4287773 
0.3870637 
0.4047664 
0.4236834 
0.3733543 
0.3546874 
0.4234863 
0.4685516 
0.4881650 
0.4985533 
0.5604622 
0.5448921 
0.5734354 
0.5353840 
0.5982494 
0.5350801 
0.5434901 
0.5227923 
0.5103951 
0.5186953 
0.5449803 
0.5244551 
0.5273616 
0.5640955 
0.5644954 
0.5574758 
0.5820873 
0.5180144 
0.5386529 
0.4498893 
0.4517616 
0.4786086 
0.4829932 
0.5054266 
0.4719489 
0.4768335 
0.4792981 
0.5646773 
0.5592448 
0.4996939 
0.5524982 
0.5903967 
0.6178741 
0.5783445 
0.5910712 
0.5690157 
0.5601329 
0.5640172 
0.5990635 
0.6079427 
0.5864552 
0.5507723 
0.5213635 
0.5404962 
0.5242433 
0.4946231 
0.5521330 
0.5819548 
0.6726658 
0.7769674 
0.8122948 
0.8046598 
0.7820307 
0.7854677 
0.7789207 
0.8445264 
0.8447224 
0.8323686 
0.8048464 
0.7949038 
0.7450385 
0.7530604 
0.7293301 
0.6858941 
0.6912930 
0.6940228 
0.7033612 
0.7108266 
0.7411225 
0.7711334 
0.8175924 
0.7827590 
0.7611791 
0.9488828 
0.9588039 
0.9631743 
0.9562261 
0.9815792 
0.9531227 
0.9139194 
0.8954017 
0.8606839 
0.8755239 
0.8313170 
0.8122554 
0.7825858 
0.8187238 
0.8256378 
0.7821808 
0.7596057 
0.7322627 
0.7538120 
0.7790322 
0.7623623 
0.8113953 
0.8040250 
0.7969435 
0.7935074 
0.7971775 
0.7979603 
0.7077455 
0.7523029 
0.7413291 
0.7741590 
0.7373516 
0.7630065 
0.7795715 
0.7574244 
0.7774883 
0.7806698 
0.7765472 
0.7264278 
0.7340911 
0.7072036 
0.7100688 
0.7665125 
0.8044462 
0.7509539 
0.7804102 
0.7700700 
0.7295131 
0.7099753 
0.7179935 
0.7274204 
0.7561828 
0.7743793 
0.7925619 
0.7748541 
0.8070772 
0.7616207 
0.7454154 
0.7159322 
0.7567705 
0.7815323 
0.7813779 
0.7910078 
0.7863204 
0.7644070 
0.7335451 
0.7471446 
0.7634016 
0.7249953 
0.7634111 
0.7249185 
0.7022337 
0.6998543 
0.6888571 
0.6606089 
0.6263239 
0.6449356 
0.6340582 
0.7116228 
0.7419122 
0.7179020 
0.7445766 
0.7986194 
0.7538709 
0.7069747 
0.6910275 
0.6280672 
0.5894104 
0.6287339 
0.6362045 
0.6130439 
0.7287999 
0.7149675 
0.7715448 
0.7702231 
0.7740796 
0.7321269 
0.7288302 
0.6639940 
0.7072968 
0.7257086 
0.7057766 
0.7186917 
0.7534293 
0.7233473 
0.7542621 
0.7934180 
0.7456446 
0.7039157 
0.6962811 
0.7630995 
0.7564909 
0.7632094 
0.8080859 
0.7769520 
0.7483737 
0.7824562 
0.7654806 
0.7383792 
0.7336088 
0.7277024 
0.7628311 
0.7418575 
0.7642672 
0.7105622 
0.6997490 
0.6547501 
0.6845167 
0.7101402 
0.7200579 
0.6835024 
0.7567070 
0.7614558 
0.7540536 
0.7086804 
0.7228742 
0.7358779 
0.7355295 
0.7610727 
0.7562806 
0.6874702 
0.7190448 
0.7252096 
0.6951644 
0.6184669 
0.6317589 
0.6609946 
0.6288734 
0.6860082 
0.7744719 
0.7354272 
0.7471311 
0.7452947 
0.7404830 
0.7302071 
0.7452099 
0.6585857 
0.6922159 
0.6488030 
0.7349780 
0.6894749 
0.6993693 
0.6869864 
0.7046806 
0.7513151 
0.7098375 
0.6962417 
0.7314936 
0.7407263 
0.7509461 
0.7006838 
0.7282624 
0.7049966 
0.6373271 
0.6847472 
0.6921439 
0.6760367 
0.6789126 
0.6663727 
0.7107739 
0.7439798 
0.6720010 
0.7342014 
0.7662018 
0.7086313 
0.7355604 
0.7414154 
0.7349546 
0.6891210 
0.7270716 
0.7089108 
0.6934928 
0.6753727 
0.6255003 
0.6830321 
0.6458553 
0.6692624 
0.6332150 
0.6796202 
0.6771149 
0.6683058 
0.6918741 
0.7407053 
0.7522597 
0.7513954 
0.8615935 
0.8679462 
1.0000000 
0.9769184 
0.9885238 
0.9407310 
0.8480214 
0.8129876 
0.7889488 
0.8312733 
0.8386337 
0.7845221 
0.7837260 
0.7977000 
0.7275387 
0.7137381 
0.7150040 
0.6804007 
0.7157969 
0.6905677 
0.6853525 
0.6886460 
0.7477840 
0.7477672 
0.7708557 
0.7624647 
0.7710671 
0.7307336 
0.7916392 
0.7239751 
0.7437045 
0.6604025 
0.7237441 
0.6971493 
0.7242907 
0.7350274 
0.6976047 
0.7183741 
0.7501618 
0.7496596 
0.7280893 
0.6890902 
0.6882485 
0.7217685 
0.7452098 
0.7439114 
0.7419819 
0.7224220 
0.7770671 
0.7516719 
0.7327350 
0.6929229 
0.7432912 
0.6477476 
0.7050525 
0.7295858 
0.7580862 
0.7716928 
0.7589440 
0.7134293 
0.7418569 
0.6824746 
0.6619658 
0.6411172 
0.6897345 
0.6822648 
0.6615830 
0.6615420 
0.7271641 
0.6991431 
0.6994545 
0.7539026 
0.6570450 
0.6408644 
0.6277749 
0.6422461 
0.6797213 
0.6832585 
0.7631112 
0.7362638 
0.7059971 
0.6906005 
0.7059766 
0.7025618 
0.7084409 
0.7517454 
0.7731837 
0.6863193 
0.7031551 
0.7789440 
0.6564864 
0.7104555 
0.7303303 
0.6870286 
0.6679958 
0.6779750 
0.6944915 
0.6464627 
0.6609195 
0.6366048 
0.6158701 
0.7659579 
0.7427493 
0.7777958 
0.6925344 
0.6876821 
0.6682987 
0.5863270 
0.6197762 
0.5399930 
0.5474479 
0.4793015 
0.4826863 
0.5029624 
0.5122278 
0.5942713 
0.5752213 
0.5709470 
0.5978214 
0.6672572 
0.6990628 
0.7502266 
0.6632731 
0.6387785 
0.6320171 
0.5595119 
0.5992211 
0.6264378 
0.6619561 
0.6695070 
0.6898074 
0.6752833 
0.6914982 
0.7016937 
0.7600843 
0.7344818 
0.7564262 
0.7108934 
0.7277610 
0.6596020 
0.7417948 
0.6394183 
0.7190432 
0.7599237 
0.7739340 
0.7634116 
0.7794956 
0.8168414 
0.6112426 
0.6269602 
0.6510594 
0.6321615 
0.5988177 
0.5787168 
0.6134993 
0.5493794 
0.6609596 
0.6117525 
0.6663775 
0.6384904 
0.6524460 
0.5777013 
0.5293468 
0.5931100 
0.5903629 
0.5969195 
0.5816445 
0.6394150 
0.6978586 
0.5775344 
0.6606053 
0.6209157 
0.5390660 
0.6155935 
0.6083091 
0.6349954 
0.6160338 
0.5714461 
0.6528389 
0.6344625 
0.5860298 
0.5669334 
0.6514073 
0.6496395 
0.6271765 
0.6966507 
0.6904333 
0.6570759 
0.6322952 
0.5456479 
0.4430240 
0.5372445 
0.4729574 
0.5687239 
0.5121885 
0.5026260 
0.4755962 
0.4453947 
0.5028084 
0.5648041 
0.5571299 
0.6239755 
0.5353400 
0.5976389 
0.6428927 
0.6228616 
0.6235560 
0.5557760 
0.4326680 
0.4859311 
0.4929492 
0.4502132 
0.5153064 
0.5099136 
0.4819584 
0.5826515 
0.4459699 
0.4796525 
0.4942542 
0.3939500 
0.4464571 
0.4922118 
0.5771041 
0.5667470 
0.6590282 
0.6099183 
0.6982222 
0.7078035 
0.6819950 
0.5913689 
0.6464341 
0.5416174 
0.5563679 
0.4446137 
0.4590133 
0.4649691 
0.3951017 
0.5082025 
0.5513865 
0.4478266 
0.5511031 
0.5173701 
0.5503038 
0.5967287 
0.5509349 
0.5078127 
0.4526207 
0.4656470 
0.4910880 
0.4977211 
0.4965952 
0.4691334 
0.5005567 
0.4766652 
0.5093494 
0.5401377 
0.5210964 
0.4560823 
0.4790987 
0.5856109 
0.5919085 
0.5989408 
0.5177443 
0.6139120 
0.5121515 
0.5651914 
0.6081010 
0.5339517 
0.5822395 
0.5252015 
0.5122317 
0.5644288 
0.5046198 
0.5020396 
0.5017790 
0.5688124 
0.5305979 
0.4917920 
0.4425479 
0.5055049 
0.5733737 
0.6213604 
0.5761006 
0.6600492 
0.6060734 
0.5726132 
0.6107624 
0.6028103 
0.6081990 
0.5801146 
0.5742906 
0.5952760 
0.6354186 
0.5839109 
0.5888962 
0.6776436 
0.6403901 
0.6355866 
0.5945098 
0.6110944 
0.6227868 
0.6869664 
0.7138816 
0.7429342 
0.6803255 
0.7635160 
0.6955554 
0.6888976 
0.6703826 
0.5769756 
0.6326023 
0.6212414 
0.5742264 
0.5722660 
0.5087449 
0.5121897 
0.5700557 
0.5856692 
0.5328934 
0.6264051 
0.6434290 
0.7057062 
0.6966882 
0.6754964 
0.6941444 
0.7355994 
0.7603315 
0.8308242 
0.8795141 
0.8920809 
0.7804527 
0.7566864 
0.6182622 
0.4467118 
0.4904401 
0.4824411 
0.4635881 
0.4716444 
0.3563136 
0.3666708 
0.3547341 
0.3810971 
0.3325515 
0.4037487 
0.4797460 
0.5620631 
0.6092927 
0.6172698 
0.6067704 
0.6079899 
0.5347527 
0.5876711 
0.5363630 
0.5046397 
0.6006163 
0.5452740 
0.4661066 
0.4494943 
0.3989544 
0.4384493 
0.4390835 
0.4144732 
0.4249212 
0.4717851 
0.4571626 
0.4569915 
0.4065037 
0.4297353 
0.3454494 
0.3076099 
0.3017139 
0.3415651 
0.2690389 
0.3153243 
0.3894289 
0.3838165 
0.4911662 
0.4312392 
0.4618632 
0.4512480 
0.4230134 
0.4581616 
0.4545059 
0.4546515 
0.5354408 
0.5687536 
0.4769948 
0.4568188 
0.4664448 
0.4249017 
0.3846321 
0.3733512 
0.4000126 
0.4003695 
0.4159524 
0.3380774 
0.4416913 
0.5067716 
0.4864789 
0.4983520 
0.4704261 
0.5378096 
0.5505277 
0.6496788 
0.6076929 
0.5753989 
0.5166625 
0.5048255 
0.4972440 
0.4479587 
0.3417163 
0.2840370 
0.2358374 
0.2563975 
0.2405118 
0.2603152 
0.3158557 
0.3772471 
0.3604297 
0.3631515 
0.4978354 
0.5004818 
0.6111895 
0.4785698 
0.5314951 
0.5298162 
0.6055794 
0.5427405 
0.5614499 
0.4110618 
0.4566678 
0.4491475 
0.3694955 
0.4256216 
0.3381433 
0.3235793 
0.4020168 
0.4055673 
0.3885338 
0.3474139 
0.4015431 
0.3779705 
0.4885673 
0.5243023 
0.5369128 
0.5524814 
0.5333260 
0.6031359 
0.5589907 
0.5082303 
0.5429187 
0.5108839 
0.5920399 
0.4384971 
0.4293611 
0.4633714 
0.4232932 
0.3910795 
0.4640307 
0.4647401 
0.4703209 
0.4091587 
0.3428689 
0.3211611 
0.3653388 
0.3166908 
0.3329538 
0.3445088 
0.3505128 
0.4306607 
0.4515276 
0.4919964 
0.4693672 
0.4336032 
0.3999297 
0.4178444 
0.4052164 
0.4334220 
0.4384874 
0.5132709 
0.4719525 
0.4943560 
0.5049356 
0.4642540 
0.4235940 
0.4744389 
0.4999994 
0.4953194 
0.5483968 
0.5178647 
0.4780713 
0.4124824 
0.3822907 
0.3363792 
0.3812558 
0.4041119 
0.4128438 
0.3694690 
0.3378934 
0.4449575 
0.4290588 
0.3959156 
0.4384298 
0.3828816 
0.4942267 
0.3624345 
0.4285182 
0.4627736 
0.4139631 
0.4452404 
0.3500385 
0.4321287 
0.3455825 
0.3849327 
0.3609911 
0.4047436 
0.3709104 
0.3516405 
0.4317605 
0.3408779 
0.3996695 
0.3868986 
0.3979697 
0.4272734 
0.3377767 
0.4287144 
0.4282737 
0.4720998 
0.4853903 
0.4881904 
0.5633966 
0.4742840 
0.4177212 
0.3780397 
0.4349881 
0.3679445 
0.3250862 
0.3123467 
0.3231449 
0.2838393 
0.3170231 
0.2605831 
0.3844559 
0.3494537 
0.4196571 
0.4310355 
0.4056429 
0.3801127 
0.4118401 
0.3523329 
0.4237169 
0.3532090 
0.2556645 
0.3079652 
0.4128160 
0.3326101 
0.3156072 
0.4196365 
0.4056838 
0.2794111 
0.3782343 
0.3611491 
0.2869259 
0.3164369 
0.3214388 
0.3310407 
0.3611494 
0.3373617 
0.3381192 
0.3958722 
0.3466856 
0.4077176 
0.4000636 
0.4117171 
0.3240860 
0.3506626 
0.2784712 
0.3136307 
0.3816758 
0.3545433 
0.3148424 
0.3005660 
0.3880755 
0.3832274 
0.5170817 
0.3213215 
0.3885697 
0.3065155 
0.3450873 
0.2969353 
0.3242053 
0.3591889 
0.3517489 
0.3146149 
0.2968857 
0.3044925 
0.2681655 
0.2187249 
0.2640828 
0.3205456 
0.3034694 
0.3172124 
0.3326842 
0.4046213 
0.3564868 
0.3455915 
0.3972053 
0.2459194 
0.3622945 
0.3279807 
0.2336167 
0.4208784 
0.2434219 
0.2916042 
0.3266723 
0.2970007 
0.3235337 
0.3198392 
0.1931420 
0.3174394 
0.2524430 
0.4136031 
0.2291037 
0.3865714 
0.3144568 
0.3930898 
0.2369704 
0.2626218 
0.2161035 
0.1849699 
0.3060667 
0.1618771 
0.1409908 
0.2065706 
0.3013127 
0.1791119 
0.2040462 
0.2971370 
0.3051762 
0.3190590 
0.2984500 
0.3084430 
0.3218210 
0.2883132 
0.3006703 
0.3806927 
0.3550011 
0.3381091 
0.3175112 
0.4195544 
0.3266906 
0.4275147 
0.4172053 
0.4049865 
0.4608861 
0.4155443 
0.3756788 
0.3381808 
0.4138042 
0.3062366 
0.3790578 
0.4316102 
0.2893787 
0.4718430 
0.3508592 
0.3951175 
0.3754090 
0.3381911 
0.4006816 
0.3614119 
0.4457100 
0.3874672 
0.4001519 
0.4002229 
0.3246368 
0.3888312 
0.2472784 
0.4062158 
0.3603458 
0.3984818 
0.2705530 
0.4094749 
0.3032602 
0.2732796 
0.1985610 
0.1996421 
0.2942601 
0.1368090 
0.2098918 
0.2193814 
0.0823256 
0.1415735 
0.1550060 
0.0953765 
0.1639428 
0.1448692 
0.1156371 
0.1873618 
0.0881733 
0.2025205 
0.2366713 
0.1829582 
0.1961056 
0.1516270 
0.1343137 
0.2018529 
0.2867793 
0.2599947 
0.2784131 
0.3143220 
0.3188303 
0.2020864 
0.1855471 
0.2619691 
0.2905724 
0.3052551 
0.3176944 
0.2583233 
0.2238007 
0.1315224 
0.2158081 
0.1276443 
0.1623256 
0.1662282 
0.2140080 
0.2096002 
0.2296658 
0.2196319 
0.1591553 
0.2798553 
0.0777380 
0.2236776 
0.1621147 
0.1804755 
0.2858388 
0.1537940 
0.2077495 
0.1560932 
0.2599639 
0.2082171 
0.2044651 
0.1433927 
0.2015697 
0.1943326 
0.1079454 
0.2006086 
0.1227908 
0.2647380 
0.2211756 
0.2595661 
0.2313137 
0.2100200 
0.3045670 
0.2681366 
0.2651146 
0.2047839 
0.2080365 
0.2356638 
0.1387739 
0.1271417 
0.0444485 
0.1063453 
0.1126929 
0.1350385 
0.2061265 
0.2475550 
0.2070000 
0.2616494 
0.2383212 
0.1175070 
0.2149908 
0.2430683 
0.2529586 
0.1067279 
0.2634614 
0.2401029 
0.1487013 
0.1901538 
0.1799325 
0.0461662 
0.0327607 
0.0557141 
0.1092363 
0.0779829 
0.1648154 
0.0834316 
0.0780456 
0.1343027 
0.0816596 
0.0908929 
0.1298412 
0.0901570 
0.1344262 
0.1698142 
0.1231697 
0.1498310 
0.0695633 
0.1587217 
0.1383734 
0.0954755 
0.0944371 
0.1170951 
0.1626169 
0.1548661 
0.2002135 
0.1789348 
0.1734747 
0.0986043 
0.0640319 
0.1674859 
0.1852963 
0.1512967 
0.1602663 
0.1629430 
0.1909436 
0.1643163 
0.2604196 
0.1778047 
0.2296948 
0.2102133 
0.1586554 
0.2359928 
0.2352890 
0.1977228 
0.2107514 
0.1515749 
0.0840453 
0.2271074 
0.1319507 
0.1308961 
0.0968686 
0.1090000 
0.0000000 
0.1723468 
0.1981735 
0.1776946 
0.1949932 
0.2454235 
0.2087063 
0.1287574 
0.1573030 
0.2019189 
0.1729910 
