0.0000200 
-0.0000849 
0.0001891 
0.2917771 
0.1782551 
0.0400254 
1.0000000 
0.9886602 
0.9641802 
0.9419394 
0.9379862 
0.9494102 
0.9623268 
0.9726138 
0.9675346 
0.9451492 
0.9319498 
0.9099136 
0.8776885 
0.8755181 
0.8758271 
0.8745744 
0.8899999 
0.8652420 
0.8803134 
0.8770478 
0.8864978 
0.8961517 
0.8975346 
0.8973012 
0.8960138 
0.8861922 
0.8772066 
0.9031527 
0.9240390 
0.9368471 
0.9475803 
0.9556871 
0.9626651 
0.9646421 
0.9735765 
0.9875286 
0.9701989 
0.9504664 
0.9351820 
0.9228925 
0.9208133 
0.9322792 
0.9126938 
0.9148268 
0.8952178 
0.8681659 
0.8570190 
0.8464236 
0.8320318 
0.8187134 
0.8202675 
0.7988833 
0.7945980 
0.8142852 
0.8377647 
0.8513600 
0.8732447 
0.8740645 
0.8486133 
0.8581691 
0.8547557 
0.8627873 
0.8705407 
0.9033066 
0.9136292 
0.8905021 
0.9205998 
0.9401581 
0.9373096 
0.9294094 
0.9094028 
0.9029300 
0.9135636 
0.9363795 
0.9416268 
0.9198007 
0.9366235 
0.9250178 
0.9024413 
0.8960095 
0.8983755 
0.8766765 
0.8466075 
0.8403676 
0.8578330 
0.8324111 
0.8257500 
0.8170740 
0.8241473 
0.8275788 
0.8397008 
0.8396214 
0.8290432 
0.8261016 
0.8406404 
0.8434340 
0.8368972 
0.8448665 
0.8733650 
0.9029426 
0.9001964 
0.8868589 
0.8827099 
0.8654727 
0.8697120 
0.8478600 
0.8443091 
0.8539430 
0.8586806 
0.8841845 
0.8743728 
0.8672074 
0.8734714 
0.8551083 
0.8354680 
0.8386547 
0.8398841 
0.8550192 
0.8473010 
0.8690873 
0.8661928 
0.8550689 
0.8592643 
0.8514348 
0.8273781 
0.8258349 
0.8113529 
0.8135364 
0.8284108 
0.8336330 
0.8429285 
0.8463869 
0.8614918 
0.8577548 
0.8738104 
0.8843198 
0.8788284 
0.8712745 
0.8816425 
0.8700764 
0.8426387 
0.8150434 
0.7891836 
0.7991208 
0.8129749 
0.8200433 
0.8315001 
0.8256176 
0.8258867 
0.8348742 
0.8412925 
0.8448949 
0.8262098 
0.8288404 
0.8520955 
0.8671881 
0.8710003 
0.8723951 
0.8758038 
0.8530870 
0.8225587 
0.8280673 
0.8505352 
0.8602730 
0.8613075 
0.8532313 
0.8501573 
0.8583870 
0.8469955 
0.8238893 
0.8042846 
0.7989763 
0.8069137 
0.8045476 
0.8038780 
0.8046525 
0.8066866 
0.8136028 
0.7877252 
0.7821595 
0.7850938 
0.7912108 
0.7839586 
0.8218309 
0.8401594 
0.8468446 
0.8400029 
0.8196202 
0.8124951 
0.8263698 
0.8385160 
0.8439150 
0.8284657 
0.8338937 
0.8308815 
0.8201025 
0.8115286 
0.8041394 
0.8186563 
0.8375153 
0.8361486 
0.8219163 
0.8179670 
0.8129866 
0.8119847 
0.8099723 
0.8184275 
0.8087804 
0.7925366 
0.8046223 
0.8354079 
0.8511164 
0.8459199 
0.8161121 
0.8166728 
0.8189793 
0.8336367 
0.8359706 
0.8610846 
0.8491905 
0.8227597 
0.8107208 
0.7985549 
0.8233664 
0.8419431 
0.8764917 
0.8947902 
0.8905105 
0.8492694 
0.8246898 
0.8129322 
0.8098294 
0.8260167 
0.8300957 
0.8168940 
0.8221758 
0.8162506 
0.8214598 
0.8219588 
0.8084873 
0.7961469 
0.7914211 
0.8291907 
0.8431757 
0.8301002 
0.8131581 
0.8238864 
0.8228979 
0.8335352 
0.8244272 
0.8222912 
0.8093566 
0.8180410 
0.8341702 
0.8231299 
0.8114106 
0.8351789 
0.8547862 
0.8458175 
0.8349027 
0.8163479 
0.8220060 
0.8247434 
0.8335588 
0.8222219 
0.7968867 
0.7964352 
0.7903536 
0.8015958 
0.7879043 
0.7768580 
0.7924434 
0.8206531 
0.8254967 
0.8254461 
0.8190510 
0.8308839 
0.8577326 
0.8765712 
0.8727642 
0.8336340 
0.8218914 
0.8244042 
0.8317046 
0.8066654 
0.8083829 
0.8250280 
0.8483605 
0.8487771 
0.8131064 
0.7810165 
0.7869712 
0.8070862 
0.8253059 
0.8247043 
0.8096780 
0.7931523 
0.7996807 
0.8029197 
0.7935100 
0.7630600 
0.7606192 
0.7739694 
0.7919262 
0.7902608 
0.7895155 
0.7920612 
0.7906424 
0.7938055 
0.8066288 
0.7957153 
0.7945662 
0.7875064 
0.7842428 
0.7786878 
0.7732253 
0.7756580 
0.7938126 
0.8078176 
0.7954722 
0.8018850 
0.8165323 
0.8195311 
0.8099352 
0.8144290 
0.8326394 
0.8183733 
0.8057803 
0.7807377 
0.7844190 
0.7780827 
0.7708332 
0.7990952 
0.8219205 
0.8160884 
0.8162167 
0.8411145 
0.8508690 
0.8233229 
0.8009522 
0.7740569 
0.7831049 
0.8075513 
0.8059638 
0.7940360 
0.7790755 
0.7985216 
0.8091264 
0.8001272 
0.8016187 
0.7902280 
0.7928827 
0.7776738 
0.7617041 
0.7712265 
0.7863536 
0.7763872 
0.7811159 
0.7954556 
0.8196194 
0.8035346 
0.7646785 
0.7467856 
0.7567884 
0.7682745 
0.7633435 
0.7553147 
0.7427247 
0.7604830 
0.7766015 
0.7649647 
0.7675395 
0.7545593 
0.7688928 
0.7722652 
0.7616334 
0.7550603 
0.7582864 
0.7572544 
0.7864389 
0.7872673 
0.7794214 
0.7570321 
0.7696408 
0.7441917 
0.7390413 
0.7295578 
0.7275478 
0.7266666 
0.7513710 
0.7566461 
0.7487420 
0.7468992 
0.7504088 
0.7568073 
0.7694115 
0.7463769 
0.7133121 
0.7013637 
0.7053179 
0.7255255 
0.7446870 
0.7469298 
0.7599724 
0.7586348 
0.7700159 
0.7631387 
0.7316745 
0.7248334 
0.7339022 
0.7320443 
0.7383847 
0.7461178 
0.7470269 
0.7516069 
0.7564209 
0.7435782 
0.7123013 
0.6963597 
0.6957714 
0.7256287 
0.7562081 
0.7755133 
0.7659810 
0.7623847 
0.7627681 
0.7526774 
0.7277980 
0.7090501 
0.6890085 
0.6807508 
0.6891452 
0.7320606 
0.7239185 
0.7303691 
0.7389694 
0.7378079 
0.7457290 
0.7475407 
0.7389958 
0.7213590 
0.7118541 
0.7357349 
0.7383748 
0.7337035 
0.7257748 
0.7357299 
0.7560038 
0.7557192 
0.7416474 
0.7088280 
0.7135976 
0.7176074 
0.7171404 
0.7391637 
0.7251231 
0.7308855 
0.7374276 
0.7426456 
0.7483567 
0.7436982 
0.7422398 
0.7566002 
0.7730305 
0.7812113 
0.7577133 
0.7672320 
0.7700138 
0.7705264 
0.7570235 
0.7329260 
0.7446578 
0.7531162 
0.7677777 
0.7666728 
0.7605559 
0.7267810 
0.7138084 
0.7080901 
0.7272832 
0.7362400 
0.7462153 
0.7599421 
0.7605054 
0.7760878 
0.7771176 
0.7447473 
0.7085153 
0.7011974 
0.7016613 
0.7208793 
0.7583409 
0.7327647 
0.7266997 
0.7376696 
0.7559624 
0.7624682 
0.7400439 
0.7152691 
0.7019347 
0.7004432 
0.7422142 
0.7696176 
0.7786124 
0.7523260 
0.7468216 
0.7311986 
0.7559502 
0.7527107 
0.7419899 
0.7275965 
0.7314778 
0.7313525 
0.7269363 
0.7162336 
0.7332376 
0.7589143 
0.7588577 
0.7568363 
0.7523405 
0.7557542 
0.7560435 
0.7380508 
0.7101812 
0.6909362 
0.7005838 
0.7250004 
0.7529292 
0.7776423 
0.7867001 
0.7788645 
0.7843244 
0.7939381 
0.7778598 
0.7600334 
0.7225760 
0.7225094 
0.7067079 
0.7193397 
0.7432422 
0.7406793 
0.7583698 
0.7701436 
0.7890228 
0.8176218 
0.8021259 
0.7502285 
0.7286383 
0.7291695 
0.7183430 
0.6859798 
0.6937654 
0.6733500 
0.6598858 
0.6808480 
0.6854643 
0.6925181 
0.7081240 
0.7301195 
0.7888143 
0.8154980 
0.8222925 
0.8318977 
0.8272807 
0.8345604 
0.8315172 
0.8206756 
0.8097954 
0.7779156 
0.7571642 
0.7338105 
0.7136536 
0.6958036 
0.6810399 
0.6828969 
0.6867718 
0.6869192 
0.6947094 
0.7028503 
0.7006963 
0.7187049 
0.7241132 
0.7367515 
0.7409170 
0.7469703 
0.7489058 
0.7718724 
0.7599478 
0.7719141 
0.7833722 
0.7802409 
0.7826765 
0.7628186 
0.7246662 
0.7174589 
0.7437619 
0.7520846 
0.7444055 
0.7152915 
0.6922120 
0.6858945 
0.7071976 
0.7217999 
0.7317056 
0.7167964 
0.7249711 
0.7485045 
0.7638699 
0.7628232 
0.7439591 
0.7266697 
0.7360980 
0.7432320 
0.7460220 
0.7444246 
0.7080218 
0.6884518 
0.7006208 
0.7126048 
0.7336789 
0.7346291 
0.7194416 
0.7150662 
0.7156295 
0.7185692 
0.7117482 
0.6868118 
0.6748774 
0.6788825 
0.7010520 
0.7190256 
0.7217961 
0.6954909 
0.6897093 
0.6996756 
0.7255533 
0.7553543 
0.7366782 
0.7324838 
0.7284425 
0.7332468 
0.7157883 
0.6978826 
0.6837577 
0.6795905 
0.6764499 
0.6855258 
0.6620983 
0.6795337 
0.7211780 
0.7248765 
0.7195378 
0.6973935 
0.7113162 
0.7259536 
0.7195195 
0.7057627 
0.7104227 
0.6886414 
0.6878451 
0.7256842 
0.7349197 
0.7405737 
0.7191304 
0.7116310 
0.7065271 
0.7039284 
0.6923492 
0.6705889 
0.6599550 
0.6378572 
0.6494680 
0.6704930 
0.6867705 
0.6760308 
0.6703627 
0.6880241 
0.6890175 
0.6879303 
0.6868180 
0.6796461 
0.6974924 
0.6981631 
0.6898433 
0.6824989 
0.6688466 
0.6724665 
0.6555183 
0.6323269 
0.6258356 
0.6477126 
0.6600703 
0.6496241 
0.6407040 
0.6552644 
0.6498318 
0.6453022 
0.6349901 
0.6329852 
0.6307813 
0.6164190 
0.6197185 
0.6348278 
0.6687268 
0.7025670 
0.6818793 
0.6752386 
0.6613794 
0.6737292 
0.6680563 
0.6416102 
0.6270446 
0.6213185 
0.6379107 
0.6473575 
0.6415447 
0.6249723 
0.6060949 
0.6021050 
0.6414362 
0.6597743 
0.6562572 
0.6205033 
0.6158278 
0.6279235 
0.6650432 
0.6767127 
0.6597942 
0.6350181 
0.6342886 
0.6734055 
0.7069469 
0.7006458 
0.6808469 
0.6452193 
0.6483163 
0.6747476 
0.6581720 
0.6475220 
0.6114936 
0.5751994 
0.5763471 
0.5935344 
0.6149922 
0.6173443 
0.6010602 
0.6110626 
0.6280612 
0.6268395 
0.6309270 
0.6232414 
0.6334331 
0.6745791 
0.6766884 
0.6605601 
0.6613617 
0.6231485 
0.6155695 
0.6248427 
0.6313656 
0.6533499 
0.6678525 
0.6492432 
0.6440500 
0.6591930 
0.6600922 
0.6671515 
0.6601057 
0.6497101 
0.6461275 
0.6473190 
0.6516370 
0.6577878 
0.6208437 
0.6146531 
0.6121958 
0.6378896 
0.6555936 
0.6339087 
0.6109221 
0.6093441 
0.6024763 
0.6225219 
0.6269048 
0.6135372 
0.6275232 
0.6448883 
0.6524310 
0.6452922 
0.6348651 
0.6198190 
0.6260299 
0.6215378 
0.6147816 
0.6292628 
0.6438724 
0.6484508 
0.6584159 
0.6670024 
0.6356818 
0.6303651 
0.6473824 
0.6432672 
0.6462181 
0.6451132 
0.6305046 
0.6358920 
0.6420441 
0.6523881 
0.6672270 
0.6703359 
0.6681250 
0.6760604 
0.6680243 
0.6470203 
0.6263857 
0.6126551 
0.6243693 
0.6242357 
0.6385077 
0.6528008 
0.6462892 
0.6215871 
0.6018902 
0.5899111 
0.5904610 
0.5937320 
0.6084446 
0.6161426 
0.6105026 
0.6027002 
0.5893002 
0.5888978 
0.6167281 
0.6222893 
0.6338913 
0.6278442 
0.6332662 
0.6450109 
0.6540563 
0.6661005 
0.6537732 
0.6287580 
0.6065041 
0.6134210 
0.6114816 
0.6256067 
0.6255521 
0.6209692 
0.6317497 
0.6290010 
0.6328028 
0.6207879 
0.5995454 
0.5814937 
0.5954021 
0.6122523 
0.6146087 
0.6038182 
0.6054665 
0.5873492 
0.6076846 
0.6295888 
0.6375240 
0.6322417 
0.6206265 
0.5947385 
0.5927058 
0.6156208 
0.6323679 
0.6362889 
0.6272713 
0.6170170 
0.6040226 
0.5937054 
0.5850953 
0.5829260 
0.5954352 
0.6091600 
0.6347754 
0.6547600 
0.6469531 
0.6331010 
0.5948855 
0.5677512 
0.5511079 
0.5545174 
0.5680187 
0.5927602 
0.6026494 
0.6122968 
0.6229330 
0.6415505 
0.6344922 
0.6200927 
0.6272576 
0.6281570 
0.6266836 
0.6055946 
0.5918186 
0.5946698 
0.6022945 
0.6233536 
0.6369520 
0.6276555 
0.6223506 
0.5997446 
0.5909245 
0.5866539 
0.5750015 
0.5952305 
0.5869622 
0.5669501 
0.5806754 
0.5968035 
0.6095187 
0.6077046 
0.5978983 
0.5851856 
0.5731874 
0.5707458 
0.5985764 
0.5969770 
0.5782625 
0.5526970 
0.5458752 
0.5667358 
0.5824158 
0.5783768 
0.5631360 
0.5317506 
0.5102857 
0.5032114 
0.5192342 
0.5442926 
0.5644888 
0.5716987 
0.5816702 
0.5879004 
0.5892438 
0.6079689 
0.6144925 
0.6014662 
0.5891356 
0.5906287 
0.6004980 
0.6026242 
0.5986797 
0.5849615 
0.5794518 
0.5684222 
0.5729739 
0.5795711 
0.5724015 
0.5643328 
0.5882804 
0.5865284 
0.5886917 
0.6079442 
0.6209710 
0.6243810 
0.6139445 
0.6004911 
0.5909270 
0.5746111 
0.5815633 
0.5777826 
0.5837773 
0.5853103 
0.5894191 
0.6114757 
0.6176030 
0.6014771 
0.5932522 
0.5986621 
0.6031093 
0.5980980 
0.6013241 
0.5706836 
0.5537838 
0.5605492 
0.5783623 
0.5976938 
0.5954532 
0.5851926 
0.5795436 
0.5905994 
0.5888559 
0.5699010 
0.5565770 
0.5592648 
0.5613873 
0.5604258 
0.5798631 
0.5957024 
0.5729956 
0.5686777 
0.5726916 
0.5616839 
0.5622320 
0.5542962 
0.5521971 
0.5377671 
0.5387042 
0.5519008 
0.5445292 
0.5401483 
0.5415035 
0.5455408 
0.5446086 
0.5418134 
0.5389286 
0.5268253 
0.5376773 
0.5377070 
0.5440698 
0.5559932 
0.5554870 
0.5658745 
0.5803920 
0.5990020 
0.5861753 
0.5709627 
0.5488933 
0.4996816 
0.4901114 
0.4897705 
0.4961135 
0.5248220 
0.5493979 
0.5843028 
0.6139165 
0.6274931 
0.6329710 
0.6249049 
0.6032267 
0.5944287 
0.5808303 
0.5556790 
0.5222119 
0.5059358 
0.4961271 
0.5171825 
0.5355549 
0.5644989 
0.5887434 
0.6026276 
0.6051520 
0.6070570 
0.5685012 
0.5178393 
0.4968516 
0.4915908 
0.4934205 
0.5042929 
0.5257476 
0.5661900 
0.6117034 
0.6568393 
0.6757453 
0.6805136 
0.6648080 
0.6226556 
0.5670723 
0.5453641 
0.5110493 
0.4917422 
0.4815439 
0.4589154 
0.4703419 
0.4954219 
0.5356254 
0.5714753 
0.5920910 
0.5992549 
0.5945891 
0.5603463 
0.5439206 
0.5168277 
0.4805191 
0.4558569 
0.4751939 
0.5047736 
0.5340299 
0.5429652 
0.5787585 
0.6066917 
0.6158086 
0.6061527 
0.5955666 
0.6089688 
0.6239320 
0.6167553 
0.5937012 
0.5601398 
0.5176277 
0.4892194 
0.4769684 
0.4800830 
0.4837608 
0.5128461 
0.5161297 
0.5008482 
0.4969999 
0.5015918 
0.5214638 
0.5800821 
0.6191005 
0.6160361 
0.6101420 
0.5624523 
0.5244439 
0.5157407 
0.4896188 
0.4701376 
0.4742060 
0.4763627 
0.4599655 
0.4629499 
0.4774161 
0.4852699 
0.4986972 
0.5078235 
0.5256216 
0.5638826 
0.5620481 
0.5319013 
0.5167352 
0.5048641 
0.4805318 
0.4557063 
0.4559152 
0.4397740 
0.4293237 
0.4392358 
0.4646505 
0.4683968 
0.4719359 
0.4661777 
0.4901000 
0.5114887 
0.5147658 
0.5191021 
0.5418928 
0.5304787 
0.4860909 
0.4752282 
0.4734552 
0.4372695 
0.4168977 
0.4411886 
0.4443663 
0.4221542 
0.4364907 
0.4489705 
0.4781293 
0.4812982 
0.4831356 
0.4981718 
0.5170753 
0.5244247 
0.5235990 
0.5177697 
0.5311838 
0.4992989 
0.4735988 
0.4889919 
0.4917239 
0.4574189 
0.4655162 
0.4904196 
0.4829678 
0.4638199 
0.4766404 
0.5067726 
0.5114709 
0.5152135 
0.5233721 
0.5546992 
0.5739442 
0.5729348 
0.5564016 
0.5650353 
0.5751024 
0.5484695 
0.5386364 
0.5877982 
0.5878879 
0.5364826 
0.5049097 
0.5198289 
0.5075763 
0.5134670 
0.5189261 
0.5564941 
0.5782682 
0.5771789 
0.5582650 
0.5593908 
0.5709646 
0.5592606 
0.5261172 
0.5355644 
0.5404899 
0.5228367 
0.4761302 
0.4788610 
0.4977296 
0.4860027 
0.4621503 
0.4756605 
0.4817348 
0.4989829 
0.4782136 
0.4780028 
0.4810733 
0.4798765 
0.4497285 
0.4201383 
0.4253270 
0.4324595 
0.4245578 
0.4108985 
0.4067209 
0.4297165 
0.4510586 
0.4556974 
0.4549677 
0.4699235 
0.4706677 
0.4658761 
0.4650520 
0.4982520 
0.4865786 
0.4617672 
0.4353925 
0.4215061 
0.4292215 
0.4175811 
0.4073382 
0.4072374 
0.4156852 
0.4268353 
0.4245318 
0.4314583 
0.4373236 
0.4272741 
0.3970674 
0.3919718 
0.4214702 
0.4309304 
0.4420685 
0.4308234 
0.4453583 
0.4559907 
0.4848645 
0.4859945 
0.4643788 
0.4379319 
0.4074841 
0.3856754 
0.3910032 
0.4013109 
0.4051870 
0.3864805 
0.3723551 
0.3945757 
0.4238468 
0.4343377 
0.4275239 
0.4335352 
0.4559573 
0.4523636 
0.4393951 
0.4185535 
0.4098984 
0.4146368 
0.4239246 
0.4144284 
0.3959932 
0.3852680 
0.3693255 
0.3816389 
0.4053217 
0.4134555 
0.4275043 
0.4112220 
0.4040652 
0.4100978 
0.4190180 
0.4022887 
0.3964629 
0.3992237 
0.4134206 
0.4365043 
0.4476707 
0.4581249 
0.4507041 
0.4498476 
0.4388264 
0.4208997 
0.4060805 
0.4045557 
0.3956901 
0.4031591 
0.4279541 
0.4409428 
0.4523786 
0.4617457 
0.4541176 
0.4561923 
0.4705484 
0.4728917 
0.4605799 
0.4456894 
0.4454610 
0.4498607 
0.4569208 
0.4588183 
0.4567418 
0.4571378 
0.4496917 
0.4502951 
0.4627386 
0.4580478 
0.4640913 
0.4525088 
0.4435199 
0.4610138 
0.4862734 
0.4959697 
0.5052942 
0.5197237 
0.5217020 
0.5182037 
0.5348940 
0.5385688 
0.5367033 
0.5349177 
0.5325426 
0.5204471 
0.4968706 
0.4980244 
0.4936598 
0.4799916 
0.4785389 
0.4825360 
0.4865784 
0.4828231 
0.4946257 
0.4941332 
0.5014148 
0.5005965 
0.4956321 
0.4960308 
0.5010822 
0.4954381 
0.4808324 
0.4654632 
0.4912930 
0.4970553 
0.4874758 
0.4732670 
0.4561249 
0.4597160 
0.4753018 
0.4990850 
0.5132198 
0.5077208 
0.4831091 
0.4660505 
0.4550014 
0.4631329 
0.4694072 
0.4836196 
0.4830335 
0.4850465 
0.4690906 
0.4762181 
0.4760423 
0.4690017 
0.4492658 
0.4314250 
0.4235634 
0.4371082 
0.4450014 
0.4669877 
0.4772648 
0.4782026 
0.4710699 
0.4667218 
0.4700048 
0.4663665 
0.4723345 
0.4872151 
0.4853434 
0.4570845 
0.4519731 
0.4532047 
0.4592819 
0.4342882 
0.4346660 
0.4299028 
0.4229834 
0.4343997 
0.4619568 
0.4555771 
0.4286661 
0.4089022 
0.3833632 
0.3838667 
0.3831169 
0.3992396 
0.4143162 
0.4143460 
0.4035239 
0.4000702 
0.3937795 
0.3856360 
0.3964924 
0.4048691 
0.3949228 
0.3998523 
0.4107393 
0.4240010 
0.4265052 
0.4226257 
0.4130129 
0.3969020 
0.3965669 
0.4090877 
0.4114505 
0.4181530 
0.4231833 
0.4358711 
0.4304194 
0.4046147 
0.4012777 
0.3998652 
0.4073801 
0.4148544 
0.3925735 
0.3807781 
0.3780579 
0.3759273 
0.3757731 
0.3774246 
0.3957657 
0.3923897 
0.3923361 
0.3883032 
0.3931224 
0.3984249 
0.3785582 
0.3723879 
0.3751661 
0.3975158 
0.4208811 
0.4260442 
0.4075060 
0.3911580 
0.3928973 
0.3843151 
0.4060060 
0.4063945 
0.3934562 
0.3890963 
0.3736244 
0.3892638 
0.4221923 
0.4550996 
0.4549808 
0.4469819 
0.4350097 
0.4288848 
0.4161816 
0.4239202 
0.4320326 
0.4150924 
0.3997432 
0.3842720 
0.3798624 
0.3859320 
0.3900252 
0.3683801 
0.3532437 
0.3423133 
0.3425551 
0.3351730 
0.3248818 
0.3258678 
0.3219409 
0.3351116 
0.3576088 
0.3563709 
0.3755593 
0.3766281 
0.3825779 
0.3952029 
0.4035602 
0.4205181 
0.4361288 
0.4234212 
0.4090198 
0.3993133 
0.4157805 
0.4264094 
0.4242163 
0.3906698 
0.3620739 
0.3559798 
0.3740360 
0.4030428 
0.3939575 
0.3644739 
0.3578429 
0.3514492 
0.3410931 
0.3500598 
0.3444798 
0.3318181 
0.3385726 
0.3444784 
0.3345988 
0.3468658 
0.3634299 
0.3877464 
0.3650964 
0.3446074 
0.3624702 
0.3922193 
0.4020195 
0.4014983 
0.3954005 
0.3841321 
0.3822686 
0.3848309 
0.3777925 
0.3767604 
0.3803178 
0.3874988 
0.3872579 
0.3870445 
0.3845077 
0.3614613 
0.3507031 
0.3754720 
0.3832204 
0.3633626 
0.3495071 
0.3321444 
0.3192757 
0.3416827 
0.3725717 
0.3713555 
0.3614885 
0.3597508 
0.3618241 
0.3601263 
0.3571441 
0.3748737 
0.3818899 
0.3663474 
0.3503785 
0.3655475 
0.3748360 
0.3807279 
0.3847856 
0.3813591 
0.3829461 
0.3905798 
0.3828059 
0.3739329 
0.3655964 
0.3701338 
0.3753327 
0.3842006 
0.3538992 
0.3384439 
0.3398040 
0.3485476 
0.3559194 
0.3493407 
0.3360411 
0.3316025 
0.3389755 
0.3391113 
0.3459460 
0.3467967 
0.3489884 
0.3678855 
0.3844404 
0.3995034 
0.4184853 
0.4098707 
0.4009358 
0.4018588 
0.3968587 
0.3978114 
0.3749195 
0.3529672 
0.3300605 
0.3141644 
0.3168949 
0.3243372 
0.3188857 
0.3356887 
0.3285951 
0.3216434 
0.3190587 
0.3256869 
0.3375635 
0.3360883 
0.3277947 
0.3252485 
0.3222648 
0.3152483 
0.3320732 
0.3387456 
0.3542957 
0.3492255 
0.3473542 
0.3345664 
0.3392615 
0.3214926 
0.3276549 
0.3278503 
0.3301638 
0.3179952 
0.2993197 
0.2895360 
0.2924735 
0.3038275 
0.3324794 
0.3354072 
0.3300516 
0.3280388 
0.3343514 
0.3376743 
0.3331419 
0.2992962 
0.2870240 
0.2889989 
0.3008905 
0.3126584 
0.2912726 
0.2903387 
0.3081005 
0.3143943 
0.3257563 
0.3371415 
0.3522976 
0.3686364 
0.3599221 
0.3460758 
0.3475277 
0.3429697 
0.3468527 
0.3382862 
0.2886621 
0.2682548 
0.2472689 
0.2530623 
0.2809669 
0.2985346 
0.2884566 
0.2959482 
0.3064120 
0.3172608 
0.3367305 
0.3476156 
0.3556764 
0.3717443 
0.3494734 
0.3367296 
0.3147738 
0.2799830 
0.2647180 
0.2483383 
0.2283240 
0.2237907 
0.2418559 
0.2519142 
0.2757715 
0.2984894 
0.3031508 
0.3122359 
0.3131508 
0.3286560 
0.3283593 
0.3310067 
0.3248165 
0.3113946 
0.2950308 
0.2827979 
0.2570780 
0.2570247 
0.2680483 
0.2931224 
0.3108991 
0.3208008 
0.3208512 
0.3241095 
0.3209675 
0.3156851 
0.3117446 
0.3085712 
0.3125117 
0.3110938 
0.2995380 
0.3003609 
0.2934851 
0.2841513 
0.2714172 
0.2784814 
0.2807207 
0.2681117 
0.2771866 
0.2806716 
0.2728575 
0.2838700 
0.2956393 
0.2959050 
0.3162072 
0.3380181 
0.3483972 
0.3403445 
0.3380358 
0.3418055 
0.3086832 
0.3010866 
0.2835196 
0.2781951 
0.2601439 
0.2391042 
0.2158575 
0.2131066 
0.2184280 
0.2410551 
0.2528272 
0.2573670 
0.2713163 
0.2684740 
0.2667173 
0.2772064 
0.2830353 
0.2907688 
0.2984429 
0.3133825 
0.3140774 
0.3040080 
0.3006662 
0.2926868 
0.2943647 
0.3024946 
0.2988488 
0.2903757 
0.2873086 
0.2839056 
0.2706971 
0.2730319 
0.2792475 
0.2893384 
0.2949365 
0.3101749 
0.3354648 
0.3429135 
0.3437035 
0.3381917 
0.3116043 
0.2842036 
0.2918735 
0.3018495 
0.3050578 
0.3240133 
0.3290752 
0.3298776 
0.3235700 
0.3133541 
0.3041897 
0.2888049 
0.2788770 
0.2693431 
0.2475584 
0.2497368 
0.2628122 
0.2736767 
0.3004956 
0.3174975 
0.3385125 
0.3634667 
0.3622238 
0.3377862 
0.2982848 
0.2758524 
0.2819663 
0.2931175 
0.3113951 
0.2986826 
0.2883643 
0.2907352 
0.2825244 
0.2604330 
0.2387895 
0.2190676 
0.2253589 
0.2415145 
0.2494979 
0.2542519 
0.2546475 
0.2586012 
0.2826431 
0.2982573 
0.3023871 
0.3033940 
0.3063323 
0.3144510 
0.3116979 
0.3128661 
0.2936452 
0.2900812 
0.2986467 
0.2803778 
0.2608768 
0.2438270 
0.2337641 
0.2392172 
0.2543972 
0.2402285 
0.2468374 
0.2675605 
0.2689209 
0.2891272 
0.2806797 
0.2819427 
0.2900195 
0.3011791 
0.3050769 
0.3102663 
0.2950681 
0.2781642 
0.2870712 
0.3037283 
0.3049273 
0.2924310 
0.2821275 
0.2533713 
0.2345778 
0.2355399 
0.2280493 
0.2126690 
0.2124083 
0.2044502 
0.2133902 
0.2111794 
0.2013808 
0.1937513 
0.1968490 
0.2059393 
0.2139114 
0.2205793 
0.2104305 
0.2161196 
0.2371284 
0.2562064 
0.2573124 
0.2479649 
0.2394739 
0.2324079 
0.2324537 
0.2307043 
0.2216213 
0.2172659 
0.2250888 
0.2115753 
0.2057272 
0.1990649 
0.1993880 
0.1881553 
0.1949738 
0.2018121 
0.2110996 
0.2075960 
0.1927333 
0.1973544 
0.2224318 
0.2386147 
0.2587913 
0.2766387 
0.2733853 
0.2615285 
0.2671845 
0.2582338 
0.2551762 
0.2591979 
0.2703067 
0.2638329 
0.2650978 
0.2678189 
0.2606795 
0.2478534 
0.2460192 
0.2398734 
0.2474698 
0.2541482 
0.2590992 
0.2442208 
0.2398831 
0.2515652 
0.2563043 
0.2813990 
0.2755947 
0.2704229 
0.2612423 
0.2375694 
0.2349328 
0.2237488 
0.2495623 
0.2827025 
0.2871329 
0.2908751 
0.2736457 
0.2576008 
0.2477892 
0.2591396 
0.2638577 
0.2565884 
0.2600067 
0.2700615 
0.2662476 
0.2636397 
0.2485760 
0.2594119 
0.2629337 
0.2645391 
0.2628543 
0.2648150 
0.2440957 
0.2246440 
0.2266855 
0.2465064 
0.2659058 
0.2594664 
0.2421289 
0.2292908 
0.2221459 
0.2163700 
0.2328298 
0.2302484 
0.2153701 
0.2163197 
0.2293430 
0.2127746 
0.2002490 
0.2009614 
0.1939789 
0.1961243 
0.1939155 
0.1894093 
0.1840165 
0.1865020 
0.2008864 
0.2255692 
0.2378543 
0.2363064 
0.2259521 
0.2100522 
0.2004463 
0.2105486 
0.2315896 
0.2626806 
0.2706425 
0.2649697 
0.2497471 
0.2394100 
0.2395948 
0.2473131 
0.2642359 
0.2754739 
0.2754399 
0.2719718 
0.2544268 
0.2414188 
0.2283499 
0.2306870 
0.2498676 
0.2556815 
0.2527722 
0.2259045 
0.1844755 
0.1665516 
0.1550346 
0.1650951 
0.1855074 
0.2022790 
0.2191955 
0.2159027 
0.1932781 
0.1790963 
0.1795709 
0.2002541 
0.2255507 
0.2402749 
0.2396499 
0.2276897 
0.2151013 
0.2086584 
0.2193159 
0.2377560 
0.2498113 
0.2558180 
0.2485376 
0.2343358 
0.2123272 
0.1903557 
0.1842825 
0.1940258 
0.1920776 
0.1909162 
0.1853655 
0.1647576 
0.1492872 
0.1400691 
0.1475106 
0.1718260 
0.2051670 
0.2134659 
0.2008294 
0.1786901 
0.1489826 
0.1385985 
0.1450765 
0.1486922 
0.1597953 
0.1515726 
0.1480116 
0.1518883 
0.1440653 
0.1497392 
0.1587900 
0.1736600 
0.1767961 
0.1852562 
0.2055021 
0.2171778 
0.2131088 
0.2055746 
0.2061310 
0.1927514 
0.1812376 
0.1775998 
0.1928843 
0.1856039 
0.1645564 
0.1480096 
0.1510533 
0.1511290 
0.1505991 
0.1532089 
0.1584740 
0.1697836 
0.1558260 
0.1671614 
0.1536691 
0.1353256 
0.1296138 
0.1262000 
0.1322494 
0.1399798 
0.1559614 
0.1536777 
0.1366161 
0.1345397 
0.1524470 
0.1588260 
0.1737969 
0.1772204 
0.1705263 
0.1781108 
0.1834703 
0.1884416 
0.2001745 
0.2155760 
0.2175597 
0.2152373 
0.2112978 
0.2182327 
0.2081594 
0.2039015 
0.1844820 
0.1748259 
0.1718991 
0.1800467 
0.1706517 
0.1553058 
0.1416233 
0.1403067 
0.1492883 
0.1608298 
0.1664906 
0.1595056 
0.1562049 
0.1575171 
0.1614741 
0.1570106 
0.1520196 
0.1409660 
0.1502387 
0.1459561 
0.1518788 
0.1592547 
0.1769268 
0.1841599 
0.1774857 
0.1669708 
0.1576453 
0.1530036 
0.1528231 
0.1439254 
0.1345080 
0.1497495 
0.1658380 
0.1830019 
0.1852925 
0.1958833 
0.2003679 
0.1974689 
0.1819955 
0.1893126 
0.1761576 
0.1645128 
0.1535370 
0.1487967 
0.1394978 
0.1249716 
0.1415318 
0.1613689 
0.1775394 
0.1832549 
0.1756120 
0.1638266 
0.1566942 
0.1556130 
0.1409491 
0.1331268 
0.1329148 
0.1150194 
0.1159647 
0.1190684 
0.1259432 
0.1386954 
0.1632852 
0.1565990 
0.1571115 
0.1428125 
0.1378978 
0.1300047 
0.1125836 
0.1146915 
0.1173079 
0.1185048 
0.1362735 
0.1464470 
0.1616651 
0.1637708 
0.1682286 
0.1545896 
0.1452910 
0.1269141 
0.1275203 
0.1232020 
0.1245707 
0.1246198 
0.1206669 
0.1221737 
0.1252535 
0.1095247 
0.1059084 
0.1252658 
0.1453113 
0.1443875 
0.1518028 
0.1679382 
0.1837254 
0.1725119 
0.1700283 
0.1579924 
0.1483816 
0.1422177 
0.1325835 
0.1264068 
0.1265590 
0.1346333 
0.1533972 
0.1615058 
0.1669780 
0.1544349 
0.1504585 
0.1470609 
0.1443043 
0.1390470 
0.1457698 
0.1468683 
0.1337801 
0.1215038 
0.1263800 
0.1179763 
0.1173481 
0.1388123 
0.1479478 
0.1529000 
0.1656256 
0.1619803 
0.1504126 
0.1427348 
0.1528788 
0.1706691 
0.1624213 
0.1369661 
0.1240173 
0.1039743 
0.1045020 
0.1252027 
0.1270353 
0.1296961 
0.1257535 
0.1259921 
0.1382743 
0.1263604 
0.1377029 
0.1420391 
0.1380578 
0.1261018 
0.1263069 
0.1104923 
0.1151809 
0.1075467 
0.1117698 
0.1242126 
0.1294472 
0.1413935 
0.1392586 
0.1360983 
0.1283016 
0.1206407 
0.1110162 
0.1168991 
0.1314424 
0.1296127 
0.1275591 
0.1204246 
0.1123300 
0.1195666 
0.1161946 
0.1263809 
0.1253791 
0.0958572 
0.0844727 
0.0694081 
0.0679660 
0.0748713 
0.0740301 
0.0917716 
0.0922322 
0.0952426 
0.0924391 
0.0909233 
0.0839062 
0.0842799 
0.0990836 
0.0965576 
0.1020735 
0.1292162 
0.1225840 
0.1210853 
0.1221039 
0.1114725 
0.1057207 
0.0975288 
0.1089822 
0.1296199 
0.1336131 
0.1384556 
0.1287512 
0.1278287 
0.1205553 
0.1040386 
0.0689264 
0.0443130 
0.0478167 
0.0694087 
0.1009652 
0.1227882 
0.1378420 
0.1434952 
0.1289602 
0.1200031 
0.1208788 
0.1083634 
0.0959683 
0.0920490 
0.0817732 
0.0824567 
0.1096222 
0.1209307 
0.1307719 
0.1289610 
0.1280142 
0.1299833 
0.1125859 
0.1098692 
0.1049002 
0.0931202 
0.0880588 
0.0864662 
0.0823474 
0.0809024 
0.0662503 
0.0660250 
0.0580126 
0.0574874 
0.0714575 
0.0964603 
0.0926854 
0.0788696 
0.0586025 
0.0392477 
0.0415762 
0.0521079 
0.0747092 
0.0843555 
0.0778666 
0.0736331 
0.0619419 
0.0726809 
0.0797655 
0.0800834 
0.0807683 
0.0760867 
0.0740141 
0.0707950 
0.0802640 
0.0692983 
0.0657210 
0.0697216 
0.0609993 
0.0661811 
0.0677299 
0.0802127 
0.0737956 
0.0825374 
0.1042069 
0.1268519 
0.1323628 
0.1319069 
0.1247710 
0.1131489 
0.1072486 
0.1106961 
0.1193863 
0.1252089 
0.1084716 
0.0992883 
0.0907503 
0.0935616 
0.0854325 
0.0669576 
0.0846001 
0.0924066 
0.0805932 
0.0870761 
0.0832554 
0.0814647 
0.0625310 
0.0517913 
0.0472112 
0.0555201 
0.0565571 
0.0515918 
0.0483103 
0.0555149 
0.0684147 
0.0702644 
0.0549587 
0.0401579 
0.0377455 
0.0381531 
0.0436007 
0.0513353 
0.0549185 
0.0564127 
0.0455830 
0.0429811 
0.0550392 
0.0668568 
0.0845998 
0.0944119 
0.0972460 
0.0863145 
0.0639384 
0.0584499 
0.0716276 
0.0976733 
0.1139511 
0.1206308 
0.1277869 
0.1261854 
0.1034104 
0.0928287 
0.0922875 
0.0885402 
0.1005901 
0.1164723 
0.1226292 
0.1160909 
0.0978355 
0.0738925 
0.0509208 
0.0456454 
0.0473146 
0.0424132 
0.0417977 
0.0407598 
0.0498729 
0.0502657 
0.0429417 
0.0224144 
0.0367833 
0.0407210 
0.0505286 
0.0795344 
0.0998256 
0.1029710 
0.1202209 
0.1134855 
0.1135566 
0.1010664 
0.0915949 
0.0758617 
0.0695512 
0.0641671 
0.0674211 
0.0804215 
0.0784943 
0.0719695 
0.0514482 
0.0399368 
0.0578409 
0.0739449 
0.0831357 
0.1086280 
0.1189302 
0.1362029 
0.1410821 
0.1228602 
0.1119461 
0.1006307 
0.1119538 
0.1221056 
0.1384261 
0.1343588 
0.1013250 
0.0771877 
0.0506948 
0.0224111 
0.0213166 
0.0288757 
0.0335679 
0.0338655 
0.0351433 
0.0241850 
0.0244743 
0.0351260 
0.0520690 
0.0913087 
0.0982898 
0.1025556 
0.0837121 
0.0617441 
0.0329686 
0.0082169 
0.0062177 
0.0079849 
0.0264470 
0.0451293 
0.0399467 
0.0241934 
0.0197567 
0.0251733 
0.0362432 
0.0614484 
0.1038396 
0.1216579 
0.1134674 
0.0966103 
0.0944195 
0.0856200 
0.0877125 
0.1079664 
0.1275267 
0.1121223 
0.1101732 
0.0936274 
0.0588935 
0.0270056 
0.0000000 
0.0002433 
0.0076648 
0.0064646 
0.0126317 
