0.0000947 
-0.0000869 
0.0001694 
0.1406466 
0.1548797 
-0.0361674 
0.7923405 
0.8069694 
0.8087404 
0.8221300 
0.7938507 
0.7903824 
0.7971894 
0.7708631 
0.7375420 
0.7662725 
0.7705661 
0.7740286 
0.7705414 
0.7728006 
0.7970107 
0.8192104 
0.8607597 
0.8905248 
0.9076888 
0.9282063 
0.9405046 
0.9605929 
0.9267908 
0.8446794 
0.7961036 
0.7364991 
0.7634397 
0.7824219 
0.7637144 
0.7702237 
0.7733313 
0.7878214 
0.7819181 
0.7640867 
0.7306222 
0.7083382 
0.7545566 
0.7306032 
0.7213959 
0.7234120 
0.6836584 
0.7358186 
0.7555351 
0.7192067 
0.7131356 
0.7268687 
0.7447911 
0.7555068 
0.7582564 
0.7336469 
0.7484320 
0.7765188 
0.8263535 
0.8901086 
0.9348302 
0.9622114 
1.0000000 
0.9373566 
0.8450247 
0.8066141 
0.7422788 
0.7178432 
0.7366628 
0.7466524 
0.7413955 
0.7655359 
0.7582821 
0.7462871 
0.7620844 
0.7809331 
0.7459536 
0.7306794 
0.7163393 
0.6850324 
0.7007623 
0.7179370 
0.6899599 
0.6867217 
0.7017646 
0.7154480 
0.7040357 
0.6918664 
0.6970205 
0.7276685 
0.7209635 
0.7302339 
0.7713091 
0.7543868 
0.7472874 
0.7800179 
0.7942808 
0.8182672 
0.8401120 
0.8410893 
0.8366722 
0.8268476 
0.8163757 
0.7714866 
0.7705356 
0.7307650 
0.6868907 
0.6722682 
0.6513917 
0.6524121 
0.6633767 
0.6924808 
0.7139957 
0.7235952 
0.7167777 
0.7227130 
0.7395718 
0.7379698 
0.7438692 
0.7444291 
0.7471069 
0.7316650 
0.6947955 
0.7050756 
0.7031384 
0.7177032 
0.7318535 
0.7607481 
0.7622550 
0.7613224 
0.7475247 
0.7306911 
0.7077310 
0.6808331 
0.6579326 
0.6551751 
0.6983210 
0.7206321 
0.7175509 
0.6953101 
0.7004504 
0.6692493 
0.6569323 
0.6533461 
0.6598788 
0.6629808 
0.6497831 
0.6284359 
0.6159424 
0.6451928 
0.6652005 
0.6610129 
0.6363853 
0.6397328 
0.6576390 
0.6693065 
0.6989732 
0.6782121 
0.6763612 
0.6945800 
0.6792836 
0.6400712 
0.6485813 
0.6848111 
0.6723832 
0.6605359 
0.6466995 
0.6372693 
0.6500118 
0.6611250 
0.6442275 
0.6362338 
0.6562876 
0.6976054 
0.7028270 
0.6739930 
0.6622031 
0.6776939 
0.7025573 
0.7210381 
0.7577759 
0.7620721 
0.7248639 
0.7068839 
0.6867358 
0.6953904 
0.7215795 
0.7078044 
0.6535824 
0.6475032 
0.6568090 
0.6547358 
0.6513207 
0.6565320 
0.6675846 
0.6842331 
0.6843918 
0.6640016 
0.6511690 
0.6644589 
0.6648530 
0.6807437 
0.6936910 
0.7135655 
0.6881475 
0.6768628 
0.6623276 
0.6449536 
0.6560613 
0.6476396 
0.6407258 
0.6309451 
0.6178759 
0.6302136 
0.6590877 
0.6626768 
0.6696926 
0.6821989 
0.6705914 
0.6688649 
0.6514126 
0.6275070 
0.6128701 
0.6225298 
0.6316520 
0.6545885 
0.6638135 
0.6252935 
0.6147459 
0.6300533 
0.6672752 
0.6844193 
0.6847316 
0.6569121 
0.6339581 
0.5985971 
0.5797338 
0.6251766 
0.6831850 
0.7019929 
0.6792811 
0.6797647 
0.6465884 
0.5843114 
0.5804370 
0.6010322 
0.5802925 
0.5979917 
0.6007503 
0.5981728 
0.6076669 
0.5883360 
0.5651392 
0.5536676 
0.5476652 
0.5299216 
0.5477980 
0.6002353 
0.6430853 
0.6847969 
0.6677319 
0.6494491 
0.6327264 
0.6284826 
0.5933556 
0.5821158 
0.5853428 
0.6120204 
0.6160363 
0.6035622 
0.5992318 
0.6090036 
0.5978271 
0.5985231 
0.5922198 
0.5685854 
0.5566667 
0.5752554 
0.5643516 
0.5466953 
0.5250146 
0.5156185 
0.5117561 
0.5426745 
0.5709900 
0.5976662 
0.5757809 
0.5655267 
0.5650712 
0.5950663 
0.5869535 
0.5814752 
0.5828921 
0.5598169 
0.5545612 
0.5792726 
0.5846511 
0.5972010 
0.6154348 
0.6176161 
0.6605482 
0.6802921 
0.6546593 
0.6093429 
0.5377884 
0.5370265 
0.5327635 
0.5389150 
0.5507733 
0.5953549 
0.6202866 
0.6394884 
0.6301951 
0.5776602 
0.5559654 
0.5428499 
0.5319656 
0.5492252 
0.5457534 
0.5491346 
0.5751641 
0.5821594 
0.6026976 
0.6330476 
0.6295273 
0.6306853 
0.5957760 
0.5601989 
0.5475577 
0.5245150 
0.5296534 
0.5772108 
0.6020316 
0.6164836 
0.6286593 
0.6305305 
0.6047500 
0.5404327 
0.5465419 
0.5267437 
0.5457847 
0.5607114 
0.5487012 
0.5612050 
0.5474551 
0.5664199 
0.5611280 
0.5727305 
0.6067444 
0.6250204 
0.6036403 
0.6030480 
0.5533823 
0.5203184 
0.5306954 
0.5418877 
0.5596325 
0.5981803 
0.5985061 
0.6117812 
0.6021673 
0.6119555 
0.6195302 
0.5964678 
0.5790966 
0.5672578 
0.5368642 
0.5297286 
0.5128797 
0.5213255 
0.5360966 
0.5576916 
0.5617272 
0.5491360 
0.5599938 
0.5541291 
0.5393793 
0.5251382 
0.5547280 
0.5565263 
0.5352338 
0.5057509 
0.5053612 
0.5215467 
0.5235275 
0.5368937 
0.5410041 
0.5693812 
0.5561285 
0.5586871 
0.5403411 
0.5246975 
0.5087195 
0.4986957 
0.4843733 
0.4801672 
0.4940434 
0.5108585 
0.4990275 
0.5320722 
0.5281108 
0.5488751 
0.5817417 
0.5711142 
0.5727516 
0.5690502 
0.5505469 
0.5441848 
0.5175820 
0.5261901 
0.5009196 
0.5010911 
0.4782312 
0.4887887 
0.5052957 
0.4890080 
0.4687151 
0.4998671 
0.5375666 
0.5352963 
0.5138138 
0.5052326 
0.5266597 
0.5607219 
0.5494642 
0.5490286 
0.5312786 
0.5036146 
0.4767962 
0.4664484 
0.4282729 
0.4334990 
0.4713773 
0.5211978 
0.5172401 
0.5195567 
0.5114566 
0.5107388 
0.5227027 
0.5230566 
0.5093272 
0.4926759 
0.4641981 
0.4293042 
0.4293529 
0.4267396 
0.4403189 
0.4353533 
0.4553755 
0.4522565 
0.4384186 
0.4386044 
0.4767126 
0.4936134 
0.5181611 
0.5050920 
0.4885771 
0.4426533 
0.4448280 
0.4828146 
0.5058446 
0.5151024 
0.5156486 
0.5336895 
0.5211002 
0.5039375 
0.4916651 
0.5029569 
0.5054551 
0.5134018 
0.5040824 
0.4938706 
0.4781592 
0.4618069 
0.4857146 
0.4912856 
0.4793906 
0.4714722 
0.4766177 
0.4915833 
0.5227208 
0.5526111 
0.5528238 
0.5358247 
0.5006914 
0.4789539 
0.4860999 
0.5128241 
0.5138703 
0.4850671 
0.4675917 
0.4739460 
0.4775250 
0.4789457 
0.4585585 
0.4455844 
0.4365377 
0.4556363 
0.4540812 
0.4560514 
0.4773742 
0.4838342 
0.4423664 
0.4342305 
0.4244099 
0.4107712 
0.4073595 
0.4076178 
0.4079789 
0.4254374 
0.4429572 
0.4423123 
0.4452197 
0.4203782 
0.4068387 
0.4254592 
0.4441900 
0.4393094 
0.4379310 
0.4477718 
0.4344746 
0.4043023 
0.4084574 
0.4268037 
0.4524911 
0.4664267 
0.4805164 
0.4821279 
0.4527987 
0.4235315 
0.4363103 
0.4626177 
0.4682886 
0.4575454 
0.4612194 
0.4659840 
0.4866170 
0.5179926 
0.5603442 
0.5245635 
0.4770388 
0.4650932 
0.4667511 
0.4775536 
0.4726295 
0.4492906 
0.4209196 
0.4198520 
0.4267293 
0.4429281 
0.4769558 
0.4790410 
0.4553210 
0.4089512 
0.3850651 
0.3740265 
0.3949584 
0.4149297 
0.4172946 
0.4290888 
0.4154035 
0.4244230 
0.4318730 
0.4556385 
0.4706145 
0.4623790 
0.4556222 
0.4408469 
0.4422308 
0.4582564 
0.4612620 
0.4756240 
0.4754577 
0.4455216 
0.4533948 
0.4713924 
0.4666707 
0.4645395 
0.4656562 
0.4673389 
0.4547160 
0.4546292 
0.4295090 
0.4162063 
0.4361158 
0.4478000 
0.4547976 
0.4461409 
0.4392329 
0.4365404 
0.4155236 
0.4274031 
0.4088748 
0.4002102 
0.4116463 
0.4181749 
0.4278397 
0.4476527 
0.4549652 
0.4252866 
0.4111419 
0.4403067 
0.4310687 
0.4327490 
0.4204970 
0.4104678 
0.4195484 
0.4059157 
0.4319831 
0.4552499 
0.4277251 
0.4478324 
0.4081877 
0.4346950 
0.4542785 
0.4303798 
0.4395249 
0.4652489 
0.4630153 
0.4549472 
0.4177204 
0.3991754 
0.3769309 
0.4081406 
0.4514617 
0.4585284 
0.4642788 
0.4278877 
0.3755878 
0.3829429 
0.4048616 
0.4204497 
0.4241265 
0.4084535 
0.3803240 
0.3602045 
0.3712296 
0.3952221 
0.4213435 
0.4692832 
0.4432205 
0.4353377 
0.4367055 
0.3923870 
0.3800336 
0.4078485 
0.4279754 
0.4246472 
0.4035979 
0.3663385 
0.3456624 
0.3458088 
0.3633610 
0.3625631 
0.3579220 
0.3588451 
0.3269230 
0.3134151 
0.3350542 
0.3819137 
0.4496207 
0.4695887 
0.4641539 
0.4559237 
0.4276550 
0.3800043 
0.4049626 
0.4193943 
0.3952693 
0.3785633 
0.3745980 
0.3695160 
0.3554905 
0.3509208 
0.3223515 
0.3273692 
0.3321916 
0.3612578 
0.3863151 
0.3859294 
0.3965306 
0.4381662 
0.4775227 
0.4983277 
0.4811761 
0.4393982 
0.4169526 
0.3863440 
0.3615677 
0.3323599 
0.3348080 
0.3463541 
0.3746597 
0.3574788 
0.3464984 
0.3225098 
0.3293011 
0.3540598 
0.3562022 
0.3619277 
0.3796738 
0.3889230 
0.4212722 
0.4099976 
0.4120130 
0.4100350 
0.4484659 
0.4457017 
0.3823421 
0.3429648 
0.3515398 
0.3565449 
0.3205026 
0.2796191 
0.2871980 
0.3035858 
0.2859149 
0.2926209 
0.3088853 
0.3384192 
0.3541774 
0.3262561 
0.2987916 
0.2882640 
0.3122368 
0.3223437 
0.3009696 
0.2816590 
0.2990701 
0.3511841 
0.3794833 
0.4028271 
0.4105127 
0.4237283 
0.4660672 
0.4619234 
0.4489859 
0.4161621 
0.3816126 
0.3418193 
0.3137300 
0.2862572 
0.2788862 
0.2835520 
0.2840285 
0.2641614 
0.2925627 
0.3049172 
0.3327354 
0.3477491 
0.3477673 
0.3608716 
0.3502114 
0.3495514 
0.3633342 
0.3743454 
0.3899292 
0.3601851 
0.3755872 
0.3921887 
0.3869015 
0.3917790 
0.3543946 
0.3703189 
0.3728321 
0.3515928 
0.3459960 
0.3060177 
0.2777668 
0.2552413 
0.2823178 
0.2955792 
0.2633953 
0.2664031 
0.2879834 
0.2633017 
0.2875099 
0.3045063 
0.3420567 
0.3659627 
0.3730735 
0.3806457 
0.3787749 
0.3773720 
0.3784898 
0.3635242 
0.3452986 
0.3398862 
0.3507912 
0.3556935 
0.3270288 
0.3245241 
0.3044812 
0.3139064 
0.2905779 
0.3043702 
0.3296334 
0.3364732 
0.3260148 
0.3255689 
0.3266724 
0.3070636 
0.2865749 
0.2535604 
0.2644790 
0.2446889 
0.2486035 
0.2834715 
0.2783234 
0.2723563 
0.2719007 
0.2705393 
0.3074272 
0.3006406 
0.2872922 
0.2698280 
0.2791674 
0.2702006 
0.2740903 
0.2881790 
0.2848164 
0.2706375 
0.2948756 
0.2998571 
0.3254175 
0.3358653 
0.3352230 
0.3229261 
0.3224059 
0.3289713 
0.3317325 
0.3313876 
0.2912435 
0.2564891 
0.2634290 
0.2857277 
0.2668143 
0.2535582 
0.2403808 
0.2618296 
0.2871918 
0.3263857 
0.3345872 
0.3319580 
0.3226830 
0.3372263 
0.3456781 
0.3116516 
0.2831838 
0.2655846 
0.2868574 
0.3016627 
0.3097130 
0.3160868 
0.3008792 
0.2887819 
0.3167060 
0.3414000 
0.3544736 
0.3240923 
0.2925371 
0.2790951 
0.2869956 
0.2907290 
0.2826201 
0.2970457 
0.3018729 
0.3110715 
0.2931530 
0.3086844 
0.2947534 
0.2830115 
0.2847815 
0.2463306 
0.2440435 
0.2431221 
0.2508548 
0.2503653 
0.2829096 
0.2944983 
0.2666293 
0.2570120 
0.2545826 
0.2690888 
0.2512803 
0.2573839 
0.2662652 
0.2430350 
0.2632968 
0.2806746 
0.3025964 
0.2944353 
0.2693014 
0.2645550 
0.2774803 
0.2756339 
0.2552547 
0.2516697 
0.2472616 
0.2520991 
0.2715190 
0.2835915 
0.2597969 
0.2598070 
0.2579482 
0.2565839 
0.2409289 
0.2517607 
0.2533986 
0.2500101 
0.2524820 
0.2248868 
0.2344371 
0.2281334 
0.2322637 
0.2414345 
0.2379696 
0.2141595 
0.2105738 
0.2112630 
0.2163759 
0.2303066 
0.2415366 
0.2413072 
0.2399598 
0.2318185 
0.2393603 
0.2467697 
0.2656872 
0.2758645 
0.2611098 
0.2425504 
0.2343724 
0.2433440 
0.2329592 
0.2320726 
0.2230140 
0.2084475 
0.2184729 
0.2166631 
0.2125124 
0.2172299 
0.2244537 
0.2122897 
0.2255441 
0.2200995 
0.2218478 
0.2149812 
0.2423804 
0.2653208 
0.2628943 
0.2462219 
0.2431488 
0.2463889 
0.2396571 
0.2235888 
0.2139786 
0.2188254 
0.2137442 
0.2051779 
0.2018866 
0.2318247 
0.2481234 
0.2323268 
0.2172343 
0.2209535 
0.2219250 
0.2119911 
0.2105440 
0.2039856 
0.2204377 
0.2453744 
0.2260528 
0.2284983 
0.2605610 
0.2716120 
0.2712754 
0.2600966 
0.2543026 
0.2441039 
0.2333121 
0.2367100 
0.2343392 
0.2434428 
0.2540249 
0.2287953 
0.2169015 
0.2364166 
0.2474481 
0.2340886 
0.2343570 
0.2487543 
0.2699767 
0.2493191 
0.2266819 
0.2396051 
0.2559726 
0.2494557 
0.2271414 
0.2265144 
0.2364742 
0.2398108 
0.2374379 
0.2381569 
0.2653732 
0.2638658 
0.2640498 
0.2303651 
0.2161870 
0.2283406 
0.2474601 
0.2459902 
0.2211913 
0.2362251 
0.2592943 
0.2542659 
0.2159973 
0.2390790 
0.2491429 
0.2313676 
0.2068065 
0.2342682 
0.2620245 
0.2656938 
0.2375950 
0.2241214 
0.2501655 
0.2350898 
0.2180981 
0.2237149 
0.2520349 
0.2506715 
0.2381848 
0.2359025 
0.2361842 
0.2101231 
0.2077411 
0.2362123 
0.2721325 
0.2444400 
0.2077715 
0.1984671 
0.2159414 
0.2286321 
0.2001211 
0.1985781 
0.2402192 
0.2670817 
0.2491968 
0.2327701 
0.2077503 
0.1868863 
0.1492448 
0.1289117 
0.1613603 
0.1864044 
0.1869802 
0.2027148 
0.2259982 
0.2341194 
0.2125080 
0.1702084 
0.1565276 
0.1627719 
0.1874116 
0.1888390 
0.1785853 
0.1788067 
0.1679335 
0.1930861 
0.1796740 
0.1875457 
0.1844831 
0.1887108 
0.1785208 
0.1863030 
0.2060359 
0.2104074 
0.1934479 
0.1710316 
0.1672923 
0.1799408 
0.1640978 
0.1494602 
0.1626051 
0.1512489 
0.1468313 
0.1829065 
0.1721582 
0.1769657 
0.1537283 
0.1596304 
0.1566195 
0.1538092 
0.1425778 
0.1601650 
0.1797048 
0.1640360 
0.1471152 
0.1416201 
0.1445498 
0.1602616 
0.1692748 
0.1804825 
0.1896066 
0.1848242 
0.2135796 
0.2417582 
0.2456812 
0.2395316 
0.2188258 
0.2186980 
0.2161799 
0.2327610 
0.2638199 
0.2358379 
0.2134252 
0.1736821 
0.1448055 
0.1612732 
0.1508950 
0.1920115 
0.2276135 
0.2315764 
0.2479699 
0.2356271 
0.2108762 
0.1534971 
0.1456034 
0.1513110 
0.1528139 
0.1450598 
0.1346114 
0.1304712 
0.1294051 
0.1549126 
0.1547103 
0.1545605 
0.1594243 
0.1903931 
0.1876267 
0.1704565 
0.1359204 
0.1206449 
0.1277250 
0.1469711 
0.1701739 
0.1675294 
0.1682709 
0.1647732 
0.1781767 
0.1564792 
0.1415411 
0.1528430 
0.1530224 
0.1719583 
0.1660442 
0.1583144 
0.1444526 
0.1611941 
0.1570849 
0.1420124 
0.1361251 
0.1349381 
0.1546138 
0.1648112 
0.1651384 
0.1580475 
0.1624349 
0.1674369 
0.1913698 
0.1973496 
0.2060523 
0.2063634 
0.1872507 
0.1625691 
0.1368029 
0.1288429 
0.1443276 
0.1258547 
0.1023763 
0.0854157 
0.0658087 
0.0740264 
0.1084158 
0.1296307 
0.1626113 
0.1763759 
0.1773687 
0.2084326 
0.2243045 
0.2346416 
0.2454273 
0.2315126 
0.2032575 
0.1557400 
0.1170002 
0.0839223 
0.1125199 
0.1360269 
0.1437165 
0.1301879 
0.0800313 
0.0541973 
0.0473114 
0.0769799 
0.0988578 
0.1376898 
0.1433611 
0.1368131 
0.1491170 
0.1925990 
0.2082042 
0.2081894 
0.1963081 
0.1834235 
0.1596782 
0.1439645 
0.1483637 
0.1412899 
0.1432063 
0.1273089 
0.0991776 
0.0877709 
0.0928449 
0.0809975 
0.0834101 
0.0783838 
0.0777270 
0.0567315 
0.0657389 
0.1015445 
0.1181213 
0.1465601 
0.1678250 
0.1657809 
0.1576606 
0.1666305 
0.1741779 
0.1523117 
0.1305785 
0.1098266 
0.0950673 
0.0934013 
0.1061583 
0.1164091 
0.1356557 
0.1355465 
0.1266254 
0.1021212 
0.0928246 
0.1154349 
0.1310478 
0.1021157 
0.0808751 
0.0808984 
0.0742148 
0.0924504 
0.1074060 
0.1277360 
0.1477482 
0.1298530 
0.1004740 
0.0594452 
0.0489847 
0.0426539 
0.0683602 
0.0826917 
0.0836427 
0.0833433 
0.0876608 
0.1001706 
0.0995084 
0.1040368 
0.1016125 
0.0950689 
0.0881185 
0.0894078 
0.1074742 
0.1014872 
0.1110822 
0.0849645 
0.0737201 
0.0593532 
0.0470583 
0.0505496 
0.0609382 
0.0730896 
0.0733595 
0.0676824 
0.0529200 
0.0725964 
0.0842855 
0.0785119 
0.0946315 
0.1125919 
0.0957523 
0.1122879 
0.0972363 
0.0886835 
0.0990501 
0.0748015 
0.0631431 
0.0635642 
0.0537402 
0.0777273 
0.0895561 
0.0845162 
0.0687202 
0.0482932 
0.0559841 
0.0791761 
0.0857574 
0.0751121 
0.0696227 
0.0303766 
0.0327120 
0.0498294 
0.0861664 
0.0760144 
0.0422379 
0.0306435 
0.0312609 
0.0486122 
0.0265100 
0.0229977 
0.0303530 
0.0324200 
0.0417826 
0.0493247 
0.0338728 
0.0273729 
0.0245688 
0.0182955 
0.0336318 
0.0347306 
0.0398745 
0.0524837 
0.0257940 
0.0318410 
0.0393702 
0.0384726 
0.0147136 
0.0281723 
0.0278983 
0.0225358 
0.0177170 
0.0239863 
0.0302233 
0.0353148 
0.0079334 
0.0020803 
0.0140881 
0.0101419 
0.0013240 
0.0096955 
0.0022503 
0.0000000 
0.0089980 
0.0352794 
0.0478911 
0.0653883 
0.0620884 
0.0634350 
0.0664951 
0.0586287 
