-0.0001299 
-0.0001128 
-0.0001453 
0.1049459 
-0.1640603 
-0.4153855 
0.8983352 
0.8773858 
0.8945347 
0.9010623 
0.9012980 
0.9045548 
0.9278789 
0.9365518 
0.9286434 
0.9248737 
0.9380029 
0.9406236 
0.9198797 
0.9108300 
0.9267430 
0.9058064 
0.8987118 
0.9071285 
0.9153312 
0.9259745 
0.9251543 
0.9248025 
0.9284665 
0.9209834 
0.8971811 
0.9046147 
0.9079835 
0.9336382 
0.9403393 
0.9480975 
0.9569505 
0.9457531 
0.9717461 
0.9849590 
0.9847547 
1.0000000 
0.9853157 
0.9891074 
0.9761179 
0.9602486 
0.9430662 
0.9602506 
0.9608165 
0.9621355 
0.9705945 
0.9752570 
0.9656915 
0.9618763 
0.9764313 
0.9645222 
0.9454426 
0.9306894 
0.9378395 
0.9396075 
0.9248913 
0.9354949 
0.9383365 
0.9462490 
0.9466176 
0.9483090 
0.9445033 
0.9279524 
0.9361147 
0.9251960 
0.9071813 
0.8909824 
0.9004080 
0.8844451 
0.9058574 
0.8936802 
0.8974479 
0.8978764 
0.8983483 
0.8677788 
0.8596172 
0.8671576 
0.8523580 
0.8602291 
0.8780332 
0.8543149 
0.8739563 
0.8585023 
0.8713857 
0.8726977 
0.8752978 
0.8601509 
0.8714907 
0.8559715 
0.8397062 
0.8451819 
0.8520779 
0.8701284 
0.8875434 
0.8756951 
0.8569296 
0.8705228 
0.8563630 
0.8679573 
0.8736679 
0.8619813 
0.8481350 
0.8527632 
0.8679260 
0.8392354 
0.8292670 
0.8396254 
0.8345314 
0.8429923 
0.8423212 
0.8406358 
0.8392781 
0.8421847 
0.8400982 
0.8246129 
0.8302047 
0.8288216 
0.8207780 
0.8199416 
0.8104158 
0.8385584 
0.8216200 
0.8320650 
0.8458372 
0.8386507 
0.8388327 
0.8384559 
0.8599396 
0.8542436 
0.8433403 
0.8280907 
0.8395454 
0.8368143 
0.8480929 
0.8313785 
0.8381405 
0.8317572 
0.8424665 
0.8399058 
0.8374131 
0.8332882 
0.8256104 
0.8488889 
0.8264187 
0.8336983 
0.8357337 
0.8316766 
0.8013064 
0.8047336 
0.8105842 
0.7755535 
0.7722947 
0.7605797 
0.7675129 
0.7774492 
0.7752617 
0.7545565 
0.7485357 
0.7528818 
0.7617817 
0.7707498 
0.7644104 
0.7768067 
0.7752547 
0.7767245 
0.7815693 
0.7704651 
0.7772709 
0.7768356 
0.7769612 
0.7456080 
0.7609320 
0.7710075 
0.7621568 
0.7523329 
0.7661806 
0.7908953 
0.7853177 
0.7833519 
0.7688096 
0.7655817 
0.7451887 
0.7702898 
0.7788901 
0.7880050 
0.7894927 
0.7841544 
0.7751730 
0.7760205 
0.7837058 
0.7689173 
0.7707023 
0.7720405 
0.7681228 
0.7604179 
0.7574462 
0.7706318 
0.7825675 
0.7909169 
0.7750808 
0.7793320 
0.7744109 
0.7591445 
0.7698286 
0.7535643 
0.7664642 
0.7755459 
0.7714541 
0.7588649 
0.7700477 
0.7889656 
0.7806319 
0.7693126 
0.7702170 
0.7679668 
0.7814174 
0.7694370 
0.7918381 
0.7752593 
0.7663329 
0.7894841 
0.7913562 
0.7834080 
0.7872192 
0.7821472 
0.8054123 
0.7952393 
0.7874976 
0.7838070 
0.7858102 
0.7915041 
0.7792054 
0.7838044 
0.7970634 
0.8080674 
0.8054237 
0.8037975 
0.8105528 
0.7985717 
0.7745263 
0.7772784 
0.7732268 
0.7884754 
0.7792786 
0.7776261 
0.7826682 
0.7722664 
0.7759825 
0.7595526 
0.7612716 
0.7521140 
0.7539412 
0.7338156 
0.7262089 
0.7498208 
0.7689481 
0.7803962 
0.7650893 
0.7587386 
0.7486279 
0.7388229 
0.7343016 
0.7330601 
0.7395048 
0.7414273 
0.7331281 
0.7185059 
0.7233316 
0.7360915 
0.7274631 
0.7096661 
0.7138324 
0.7099773 
0.6993552 
0.6702182 
0.6957687 
0.6963188 
0.6933419 
0.6933907 
0.6902897 
0.6992209 
0.7099645 
0.7010210 
0.7156964 
0.7261641 
0.7082493 
0.7356333 
0.7270811 
0.7303862 
0.7343192 
0.6925195 
0.6854610 
0.6973296 
0.6870108 
0.6939395 
0.7059354 
0.7097888 
0.7271016 
0.7124611 
0.7043396 
0.7075853 
0.7166605 
0.7157200 
0.7274417 
0.7218159 
0.7351629 
0.7216842 
0.7320286 
0.7259262 
0.7339168 
0.7253037 
0.7338609 
0.7381831 
0.7262189 
0.7274698 
0.7443785 
0.7552506 
0.7601691 
0.7471848 
0.7367568 
0.7228059 
0.7075636 
0.7026052 
0.7030357 
0.7105284 
0.6921605 
0.7027736 
0.6972597 
0.6887961 
0.6998988 
0.7026645 
0.6875692 
0.6548849 
0.6728985 
0.6647103 
0.6797431 
0.6908667 
0.6691316 
0.7074581 
0.6834555 
0.6806691 
0.6726057 
0.6753568 
0.6665120 
0.6740359 
0.6567718 
0.6569008 
0.6754950 
0.6666581 
0.6522652 
0.6655664 
0.6734461 
0.6956436 
0.6845188 
0.6710914 
0.6599032 
0.6731895 
0.6849496 
0.6802143 
0.6780051 
0.6782018 
0.6699479 
0.6812953 
0.6794105 
0.6886233 
0.6786093 
0.6601777 
0.6553066 
0.6785840 
0.6763907 
0.6942438 
0.6963984 
0.6665956 
0.6735003 
0.6623457 
0.6723692 
0.6690852 
0.6621463 
0.6643406 
0.6568032 
0.6459840 
0.6421438 
0.6364596 
0.6575106 
0.6579261 
0.6621296 
0.6465017 
0.6471021 
0.6372754 
0.6416411 
0.6463978 
0.6438343 
0.6459187 
0.6482583 
0.6665777 
0.6573128 
0.6487780 
0.6502200 
0.6549147 
0.6434303 
0.6434493 
0.6449926 
0.6299348 
0.6475459 
0.6582807 
0.6452624 
0.6484914 
0.6433758 
0.6195024 
0.6315475 
0.6403527 
0.6257029 
0.6342779 
0.5944902 
0.5914718 
0.6028745 
0.5845282 
0.6024395 
0.6020347 
0.5945310 
0.6265877 
0.6375841 
0.6509544 
0.6436671 
0.6588885 
0.6438276 
0.6469202 
0.6545000 
0.6457751 
0.6953176 
0.6848565 
0.6781162 
0.6565469 
0.6478809 
0.6558529 
0.6554646 
0.6613245 
0.6518064 
0.6621451 
0.6839477 
0.6503818 
0.6570879 
0.6506156 
0.6588527 
0.6415492 
0.6422162 
0.6470173 
0.6468764 
0.6630704 
0.6770396 
0.6798210 
0.6610699 
0.6658827 
0.6551669 
0.6470137 
0.6527379 
0.6369663 
0.6492075 
0.6412835 
0.6451374 
0.6450925 
0.6405158 
0.6467780 
0.6536632 
0.6561027 
0.6572983 
0.6630235 
0.6560375 
0.6750689 
0.6843091 
0.6730626 
0.6643111 
0.6794415 
0.6856888 
0.6915645 
0.7088042 
0.6968108 
0.6993818 
0.7040197 
0.7065333 
0.6861185 
0.6907669 
0.7046570 
0.7213951 
0.7235982 
0.7155786 
0.6971993 
0.6881311 
0.7009232 
0.6937710 
0.6926847 
0.7094966 
0.7008048 
0.7184930 
0.7098268 
0.7242689 
0.7250519 
0.7369566 
0.7286536 
0.7352208 
0.7233531 
0.7021002 
0.6589559 
0.6411494 
0.6356056 
0.6883880 
0.7292783 
0.7468070 
0.7676338 
0.7683696 
0.7705814 
0.7661360 
0.7558135 
0.7551644 
0.7580662 
0.7581808 
0.7558380 
0.7534659 
0.7542350 
0.7399720 
0.7404115 
0.7358572 
0.7421707 
0.7440289 
0.7480162 
0.7613227 
0.7773529 
0.7939337 
0.7873656 
0.7785558 
0.7805255 
0.7743703 
0.7564846 
0.7643553 
0.7781033 
0.7867938 
0.7822405 
0.7806319 
0.7829728 
0.7890842 
0.7861308 
0.7945318 
0.8007517 
0.7982040 
0.8143003 
0.8254945 
0.8174435 
0.8049387 
0.7922628 
0.7959641 
0.7737110 
0.7759255 
0.7699808 
0.7822725 
0.7875255 
0.7891088 
0.7843587 
0.7748910 
0.7688935 
0.7508994 
0.7504421 
0.7484996 
0.7478038 
0.7454337 
0.7543603 
0.7637301 
0.7705556 
0.7800472 
0.7713553 
0.7655232 
0.7745611 
0.7747498 
0.7860637 
0.7886915 
0.7805955 
0.8094694 
0.7853966 
0.7799119 
0.7868152 
0.8011587 
0.7944742 
0.7879696 
0.7892881 
0.7848573 
0.7982027 
0.7884773 
0.7912646 
0.7842117 
0.7755573 
0.7838203 
0.7738318 
0.7714842 
0.7683444 
0.7902958 
0.7673627 
0.7613713 
0.7580762 
0.7613596 
0.7684672 
0.7685933 
0.7593863 
0.7617918 
0.7726654 
0.7739632 
0.7955418 
0.7756633 
0.7973122 
0.7860561 
0.7720067 
0.7689162 
0.7842255 
0.7749385 
0.7515062 
0.7425323 
0.7398301 
0.7365576 
0.7134280 
0.7107446 
0.7344050 
0.7576198 
0.7814381 
0.7573039 
0.7567822 
0.7645336 
0.7519486 
0.7551047 
0.7665545 
0.7702165 
0.7541725 
0.7480910 
0.7349046 
0.7332391 
0.7254376 
0.7074361 
0.7101841 
0.7119626 
0.7328871 
0.7249570 
0.7268134 
0.7084809 
0.7117085 
0.7305400 
0.7165091 
0.7476384 
0.7672815 
0.7509764 
0.7565154 
0.7868680 
0.7824151 
0.7821106 
0.7830441 
0.7814438 
0.7667854 
0.7610336 
0.7624382 
0.7547508 
0.7631845 
0.7467074 
0.7653202 
0.7586768 
0.7671022 
0.7717012 
0.7662831 
0.7971612 
0.7676659 
0.7843326 
0.7860287 
0.7778747 
0.7740164 
0.7694291 
0.7718660 
0.7545407 
0.7629930 
0.7463545 
0.7393708 
0.7537574 
0.7429900 
0.7559049 
0.7649669 
0.7466967 
0.7446885 
0.7564386 
0.7356302 
0.7538609 
0.7580334 
0.7486388 
0.7269863 
0.7467125 
0.7175095 
0.7168748 
0.7180867 
0.7251388 
0.7259295 
0.7374055 
0.7353701 
0.7346511 
0.7085904 
0.7048457 
0.7125557 
0.7381158 
0.7327848 
0.7216703 
0.7246751 
0.7148471 
0.7124004 
0.7301072 
0.7275972 
0.7185562 
0.7364054 
0.7492002 
0.7414541 
0.7293636 
0.7231266 
0.7251155 
0.7258904 
0.7325465 
0.7520939 
0.7406982 
0.7446147 
0.7260084 
0.7241662 
0.7154800 
0.7352241 
0.7197288 
0.7240704 
0.7261475 
0.7329121 
0.7428089 
0.7287974 
0.7465599 
0.7457655 
0.7456677 
0.7328221 
0.7226117 
0.7347908 
0.7405346 
0.7430705 
0.7362376 
0.7508219 
0.7386391 
0.7397495 
0.7612445 
0.7666007 
0.7710256 
0.7672572 
0.7450642 
0.7165290 
0.6960057 
0.7080940 
0.7044432 
0.7179964 
0.7183183 
0.7032845 
0.7138706 
0.7277944 
0.7187616 
0.7311359 
0.7429057 
0.7441637 
0.7522258 
0.7587616 
0.7438002 
0.7541906 
0.7294082 
0.7331244 
0.7593916 
0.7627917 
0.7610837 
0.7609006 
0.7622111 
0.7574683 
0.7754550 
0.7785178 
0.7975724 
0.7777186 
0.7578722 
0.7307191 
0.7436475 
0.7173310 
0.7370119 
0.7083347 
0.6929289 
0.6963692 
0.7089949 
0.7154809 
0.6891473 
0.7082691 
0.7223238 
0.6984985 
0.7048360 
0.6997707 
0.6950013 
0.6997041 
0.6877268 
0.6898931 
0.6946558 
0.7012622 
0.6927879 
0.7017402 
0.6998272 
0.6917226 
0.6961796 
0.7143770 
0.7080718 
0.7312300 
0.7274980 
0.7138183 
0.7230406 
0.7322293 
0.7401926 
0.7429823 
0.7248056 
0.7447550 
0.7465884 
0.7418550 
0.7454516 
0.7461729 
0.7388943 
0.7457989 
0.7414624 
0.7410113 
0.7405194 
0.7319259 
0.7541589 
0.7522700 
0.7553466 
0.7520012 
0.7384039 
0.7422742 
0.7448019 
0.7321650 
0.7570571 
0.7556599 
0.7303759 
0.7237223 
0.7294909 
0.7214521 
0.7195950 
0.7356589 
0.7154820 
0.7330128 
0.7387331 
0.7461103 
0.7313855 
0.7086188 
0.7231259 
0.7150735 
0.7122963 
0.7090941 
0.7028665 
0.6939203 
0.6978672 
0.7093887 
0.7202683 
0.7348752 
0.7358306 
0.7343043 
0.7289823 
0.7216430 
0.7083245 
0.7099354 
0.6919622 
0.6769493 
0.6502967 
0.6376488 
0.6471316 
0.6536509 
0.6422404 
0.6360747 
0.6570832 
0.6518843 
0.6357335 
0.6146771 
0.6184413 
0.6276759 
0.6434119 
0.6482088 
0.6494212 
0.6503337 
0.6681890 
0.6568407 
0.6496803 
0.6305163 
0.6591378 
0.6498929 
0.6684909 
0.6508646 
0.6412944 
0.6385558 
0.6441946 
0.6676360 
0.6622165 
0.6424926 
0.6392100 
0.6604594 
0.6561552 
0.6409540 
0.6425481 
0.6585650 
0.6829431 
0.6861577 
0.6856837 
0.6815044 
0.6648941 
0.6561199 
0.6639979 
0.6311604 
0.6255844 
0.6402444 
0.6286933 
0.6463968 
0.6411200 
0.6368137 
0.6587922 
0.6740984 
0.6752971 
0.6546824 
0.6431760 
0.6582009 
0.6509852 
0.6554873 
0.6450271 
0.6581509 
0.6991629 
0.6975185 
0.6902680 
0.6752952 
0.6646965 
0.6589924 
0.6476954 
0.6390095 
0.6270689 
0.6477783 
0.6451376 
0.6672703 
0.6663741 
0.6536469 
0.6431574 
0.6352028 
0.6399348 
0.6516494 
0.6545786 
0.6686803 
0.6687845 
0.6765739 
0.6720347 
0.6671393 
0.6485438 
0.6497681 
0.6539673 
0.6581166 
0.6362900 
0.6406040 
0.6572622 
0.6779522 
0.6555026 
0.6614694 
0.6554406 
0.6737084 
0.6746329 
0.6880191 
0.6796150 
0.6757058 
0.6736698 
0.6886576 
0.6857963 
0.6932873 
0.6977471 
0.6909003 
0.6949399 
0.6796842 
0.6769051 
0.6723412 
0.6733419 
0.6834310 
0.6639189 
0.6668774 
0.6743664 
0.6839874 
0.6842686 
0.6891493 
0.6784228 
0.6786636 
0.7053799 
0.6963449 
0.7042737 
0.7162275 
0.6771129 
0.6639980 
0.6641778 
0.6693257 
0.6868107 
0.6984606 
0.7101998 
0.7189990 
0.7143285 
0.7068547 
0.7029071 
0.7179984 
0.7093246 
0.7031770 
0.7163820 
0.7342247 
0.7221950 
0.7037821 
0.7149269 
0.7034226 
0.6904222 
0.7125461 
0.7078626 
0.7240032 
0.7270817 
0.7294277 
0.7231493 
0.7260885 
0.7120204 
0.6973876 
0.6905663 
0.6879269 
0.6996109 
0.6928963 
0.6958149 
0.6847161 
0.6826623 
0.6807873 
0.6975700 
0.6958942 
0.6904451 
0.6908696 
0.6941939 
0.6962263 
0.7063027 
0.6982005 
0.7020353 
0.6884825 
0.6989562 
0.6837732 
0.6866837 
0.7012185 
0.7032452 
0.7026072 
0.6967028 
0.6941780 
0.6862567 
0.7026530 
0.6967288 
0.6876742 
0.6823183 
0.6732261 
0.6926956 
0.6933728 
0.7086704 
0.7085792 
0.6994691 
0.6906037 
0.6992597 
0.6961408 
0.7072782 
0.7139911 
0.7049040 
0.7225550 
0.7294760 
0.7196368 
0.7216463 
0.7087526 
0.7214678 
0.7100813 
0.7165490 
0.7098144 
0.7114094 
0.7143292 
0.7198219 
0.7346073 
0.7461888 
0.7372185 
0.7251751 
0.7290957 
0.7207276 
0.7379423 
0.7320482 
0.7389977 
0.7400556 
0.7476706 
0.7296285 
0.7393716 
0.7356419 
0.7528506 
0.7700849 
0.7647359 
0.7677481 
0.7787730 
0.7809959 
0.7593309 
0.7596687 
0.7533330 
0.7482803 
0.7716143 
0.7955709 
0.7986407 
0.7998008 
0.8114122 
0.8079413 
0.8001268 
0.7954442 
0.7933325 
0.7765727 
0.7851913 
0.7993593 
0.7849410 
0.7747955 
0.7644195 
0.7701676 
0.7704588 
0.7843215 
0.7663923 
0.7702442 
0.7779790 
0.8044013 
0.7994127 
0.8187890 
0.8384811 
0.8405396 
0.8249772 
0.8069284 
0.7873146 
0.7831796 
0.7881210 
0.7901590 
0.7707133 
0.7822618 
0.7873445 
0.7894706 
0.8070102 
0.8010900 
0.8107306 
0.8144978 
0.8252323 
0.8077058 
0.8127277 
0.8011745 
0.8171386 
0.8351923 
0.8460362 
0.8513644 
0.8370453 
0.8080668 
0.8093335 
0.8202014 
0.8214655 
0.8107650 
0.8088702 
0.8027192 
0.7820237 
0.7928732 
0.7756261 
0.7650886 
0.7780191 
0.7768630 
0.7832014 
0.7959658 
0.7925860 
0.7983824 
0.7991528 
0.8013609 
0.7832995 
0.7951648 
0.7894366 
0.7902046 
0.7837640 
0.7979271 
0.8069644 
0.7878677 
0.7624428 
0.7761326 
0.7773499 
0.7811955 
0.7640676 
0.7855927 
0.7895604 
0.7862051 
0.7881690 
0.7879324 
0.7738020 
0.7745333 
0.7828422 
0.7952665 
0.7860035 
0.7730353 
0.7727856 
0.7782846 
0.7828626 
0.7794513 
0.7863319 
0.8222414 
0.8254678 
0.8246948 
0.8260793 
0.8571090 
0.8315144 
0.8276523 
0.8192371 
0.8161976 
0.8241499 
0.8249566 
0.8139355 
0.8003465 
0.7973284 
0.7945558 
0.7816581 
0.8070395 
0.8055496 
0.8178980 
0.8273257 
0.8330240 
0.8269612 
0.8233021 
0.8071255 
0.7928670 
0.8013801 
0.7975360 
0.7740557 
0.7814031 
0.8003748 
0.8044973 
0.7931820 
0.7975615 
0.8077239 
0.8054419 
0.8157903 
0.8190168 
0.7928446 
0.7894632 
0.7815328 
0.7869906 
0.7959090 
0.7871038 
0.7852691 
0.7680507 
0.7929285 
0.8009371 
0.8004980 
0.8077770 
0.8182883 
0.8204809 
0.8360600 
0.8505098 
0.8492230 
0.8545583 
0.8413348 
0.8495673 
0.8350832 
0.8155938 
0.8080665 
0.8186986 
0.8090700 
0.8117525 
0.8290770 
0.8385544 
0.8278347 
0.8169682 
0.8353089 
0.8416658 
0.8520758 
0.8395767 
0.8178758 
0.8118932 
0.8188005 
0.8331038 
0.8362739 
0.8174612 
0.8229029 
0.8084531 
0.7932962 
0.7790740 
0.7627634 
0.7845677 
0.8075266 
0.8410053 
0.8366178 
0.8297793 
0.8350704 
0.8166335 
0.8154469 
0.8186344 
0.7957058 
0.8050921 
0.8472321 
0.8475890 
0.8379024 
0.8391277 
0.8423098 
0.8290029 
0.8385946 
0.8153102 
0.8087350 
0.7791302 
0.7711563 
0.7839731 
0.8016571 
0.8047358 
0.8155464 
0.8110549 
0.7948881 
0.7849829 
0.7741951 
0.7612041 
0.7678485 
0.7502758 
0.7516223 
0.7792792 
0.7703830 
0.7719288 
0.7650516 
0.7616952 
0.7671303 
0.7769345 
0.7625302 
0.7460747 
0.7132079 
0.6983737 
0.7129004 
0.7217639 
0.7160325 
0.7152474 
0.7177319 
0.7152562 
0.7298588 
0.7142987 
0.7137224 
0.7176992 
0.7341954 
0.7304746 
0.7298026 
0.7135580 
0.7162526 
0.7227125 
0.7190443 
0.7139690 
0.6929081 
0.7003833 
0.7107822 
0.7163329 
0.7073983 
0.7255482 
0.7501169 
0.7417951 
0.7456347 
0.7572961 
0.7556747 
0.7481947 
0.7687942 
0.7640223 
0.7697371 
0.7775906 
0.7775663 
0.7629710 
0.7509936 
0.7578730 
0.7552450 
0.7650962 
0.7589047 
0.7519332 
0.7521379 
0.7389347 
0.7651242 
0.7761470 
0.7730632 
0.7577825 
0.7563268 
0.7556225 
0.7498896 
0.7564206 
0.7499251 
0.7582704 
0.7394732 
0.7505367 
0.7509499 
0.7553989 
0.7620784 
0.7577715 
0.7520770 
0.7523189 
0.7627641 
0.7556408 
0.7475478 
0.7615404 
0.7486339 
0.7446838 
0.7436495 
0.7396144 
0.7315467 
0.7318604 
0.7185401 
0.7096565 
0.7160242 
0.7163015 
0.7246585 
0.7227365 
0.7534016 
0.7709590 
0.7992900 
0.8130037 
0.8107476 
0.8094904 
0.8005072 
0.7874638 
0.8027989 
0.8022116 
0.8105088 
0.7948097 
0.8044001 
0.7911352 
0.7998067 
0.7945233 
0.7853090 
0.7817271 
0.7691399 
0.7683784 
0.7666005 
0.7711561 
0.7637632 
0.7676926 
0.7687545 
0.7860289 
0.7692835 
0.7830580 
0.7762334 
0.7577277 
0.7590119 
0.7775074 
0.7785334 
0.7853517 
0.7831851 
0.7759235 
0.7811592 
0.7882617 
0.7888105 
0.7937783 
0.8010300 
0.7951823 
0.7966875 
0.7868147 
0.7690653 
0.7556800 
0.7550984 
0.7694126 
0.7814083 
0.7869344 
0.7740532 
0.7771120 
0.7862010 
0.7621754 
0.7746629 
0.7874713 
0.7893805 
0.7839916 
0.7662676 
0.7557612 
0.7622062 
0.7498002 
0.7475515 
0.7640487 
0.7686437 
0.7564318 
0.7376969 
0.7368406 
0.7411313 
0.7485815 
0.7424897 
0.7547556 
0.7348937 
0.7310296 
0.7335559 
0.7445611 
0.7341828 
0.7327977 
0.7400917 
0.7416601 
0.7667492 
0.7757478 
0.7669856 
0.7696306 
0.7782261 
0.7822923 
0.7807878 
0.7813992 
0.7858916 
0.7745161 
0.7727461 
0.7810081 
0.7887338 
0.7757642 
0.7583578 
0.7429365 
0.7384386 
0.7281274 
0.7198242 
0.7090637 
0.7031720 
0.7121892 
0.7104084 
0.7211301 
0.7235661 
0.6871034 
0.6873730 
0.6699527 
0.7094913 
0.6979396 
0.6953082 
0.6768249 
0.6819925 
0.6696752 
0.6673651 
0.6543544 
0.6400517 
0.6257870 
0.6356646 
0.6502749 
0.6655383 
0.6652252 
0.6652867 
0.6363851 
0.6425901 
0.6381333 
0.6237502 
0.6474855 
0.6551253 
0.6552678 
0.6376949 
0.6554019 
0.6514928 
0.6617441 
0.6772979 
0.6741115 
0.6782677 
0.6758345 
0.6745700 
0.6817233 
0.6875967 
0.6800331 
0.6795242 
0.6944257 
0.6923644 
0.6869220 
0.6881076 
0.6818530 
0.6426526 
0.6425241 
0.6488224 
0.6404868 
0.6273309 
0.6198721 
0.6252046 
0.6440421 
0.6689828 
0.6553980 
0.6607377 
0.6781937 
0.6547995 
0.6757608 
0.6556800 
0.6609169 
0.6714884 
0.6747784 
0.6478614 
0.6519185 
0.6476781 
0.6517943 
0.6540656 
0.6448662 
0.6494309 
0.6566836 
0.6468232 
0.6309355 
0.6495848 
0.6562439 
0.6606700 
0.6707783 
0.6623019 
0.6555756 
0.6824184 
0.7190884 
0.7264393 
0.7150667 
0.7000291 
0.7069294 
0.7041121 
0.6889818 
0.6802343 
0.6860186 
0.6857928 
0.6813283 
0.6877294 
0.6912171 
0.6750964 
0.6506495 
0.6726315 
0.6791475 
0.6991656 
0.6927012 
0.6485917 
0.6467314 
0.6491366 
0.6536911 
0.6374591 
0.6417153 
0.6294935 
0.6486524 
0.6425811 
0.6158509 
0.6117510 
0.6063396 
0.6144065 
0.6193529 
0.6005804 
0.6035469 
0.5962546 
0.5838633 
0.6094928 
0.5898762 
0.5848675 
0.5988723 
0.6121156 
0.5637232 
0.5677773 
0.5634174 
0.5651502 
0.5742160 
0.5804996 
0.5621610 
0.5505229 
0.5440926 
0.5572002 
0.5523597 
0.5761794 
0.5701800 
0.5853419 
0.5957299 
0.5936459 
0.5871097 
0.5868070 
0.5874529 
0.5850857 
0.5636694 
0.5540285 
0.5640575 
0.5707015 
0.5761926 
0.5631127 
0.5529381 
0.5565196 
0.5624085 
0.5846586 
0.6199948 
0.5994339 
0.6085562 
0.6070499 
0.6009191 
0.5889545 
0.5918018 
0.5849951 
0.5816160 
0.5792340 
0.5762415 
0.5880910 
0.6014433 
0.5880222 
0.5731967 
0.5849933 
0.5773591 
0.5833029 
0.5891416 
0.5894838 
0.5856099 
0.5883437 
0.5797075 
0.5880307 
0.5993647 
0.5981593 
0.5818166 
0.5862529 
0.5709384 
0.5659473 
0.5637456 
0.5695228 
0.5872967 
0.5868591 
0.6058514 
0.5964030 
0.6173676 
0.6116878 
0.6138546 
0.6212353 
0.6043592 
0.6060807 
0.6209432 
0.6151422 
0.6262012 
0.5958548 
0.5959142 
0.6001469 
0.6101078 
0.6101495 
0.6287259 
0.6189037 
0.6159470 
0.6288649 
0.6132240 
0.6289830 
0.6137167 
0.6146890 
0.6136741 
0.6115836 
0.6030745 
0.6005442 
0.5694058 
0.5866998 
0.5958244 
0.5866554 
0.6222223 
0.6184857 
0.6227252 
0.5916670 
0.6236979 
0.6425023 
0.6447236 
0.6700476 
0.7026861 
0.7043976 
0.6895572 
0.6550293 
0.6224598 
0.5881264 
0.5700754 
0.5767008 
0.5827140 
0.5994101 
0.5991138 
0.6183278 
0.6208748 
0.6180917 
0.5986121 
0.5992777 
0.5923486 
0.6130461 
0.6069970 
0.6144937 
0.6249575 
0.5991515 
0.6173728 
0.6154436 
0.6190588 
0.6213942 
0.6205961 
0.6209978 
0.6366269 
0.6243236 
0.6329423 
0.6176355 
0.6120415 
0.6013363 
0.5962434 
0.5946856 
0.6016433 
0.6171721 
0.6397172 
0.6521701 
0.6372108 
0.6182636 
0.6072828 
0.6098298 
0.6090586 
0.6101235 
0.6104102 
0.6163835 
0.6339399 
0.6317452 
0.6197095 
0.6205947 
0.6126095 
0.6063661 
0.6275872 
0.6439734 
0.6533725 
0.6465945 
0.6516987 
0.6511492 
0.6425387 
0.6425708 
0.6527331 
0.6501152 
0.6459919 
0.6674663 
0.6729506 
0.6718669 
0.6564507 
0.6491886 
0.6616768 
0.6666849 
0.6792335 
0.6687382 
0.6776757 
0.6643889 
0.6740311 
0.6684522 
0.6763029 
0.6649970 
0.6669519 
0.6797630 
0.6779716 
0.6803041 
0.6835431 
0.6913685 
0.6859011 
0.6751564 
0.6799442 
0.6660091 
0.6696118 
0.6640117 
0.6414451 
0.6548124 
0.6573454 
0.6600468 
0.6653078 
0.6663233 
0.6816148 
0.6964749 
0.7037213 
0.7150068 
0.6985769 
0.6971518 
0.6956253 
0.6951315 
0.6907107 
0.7018107 
0.7188928 
0.7207898 
0.7103840 
0.6881768 
0.7077127 
0.6856206 
0.6782296 
0.6637683 
0.6657288 
0.6824060 
0.6685895 
0.6595776 
0.6508224 
0.6392110 
0.6483574 
0.6987793 
0.7001789 
0.7102731 
0.6987852 
0.6755890 
0.6697652 
0.6873557 
0.6846543 
0.6691302 
0.6109666 
0.6147084 
0.6092473 
0.6211606 
0.6293145 
0.6104272 
0.6137924 
0.6016795 
0.6146027 
0.5981469 
0.6031228 
0.6270517 
0.6497631 
0.6475452 
0.6522602 
0.6735963 
0.6660942 
0.6860891 
0.6844387 
0.6795056 
0.6805725 
0.6798529 
0.6737343 
0.6923263 
0.6925618 
0.6813454 
0.6781582 
0.6938384 
0.7139776 
0.6960691 
0.6804089 
0.6805524 
0.6562322 
0.6552545 
0.6535825 
0.6386502 
0.6555912 
0.6789511 
0.6743318 
0.6912796 
0.6885324 
0.6906251 
0.6868814 
0.7017059 
0.7145022 
0.7185406 
0.7182926 
0.7267870 
0.7206088 
0.7084694 
0.7163083 
0.7009707 
0.7177910 
0.7241990 
0.7057364 
0.7140259 
0.7047334 
0.7394838 
0.7155989 
0.6899451 
0.6939445 
0.6923998 
0.6924138 
0.7061982 
0.7146442 
0.6911645 
0.6938256 
0.7030443 
0.6938767 
0.6745074 
0.7026426 
0.6926371 
0.6994120 
0.6980849 
0.6943261 
0.6952385 
0.6875977 
0.7058800 
0.7012088 
0.6936015 
0.6967258 
0.7119153 
0.7065369 
0.7221454 
0.7076105 
0.6996941 
0.6905469 
0.6932740 
0.6868820 
0.7038441 
0.6968688 
0.6923964 
0.6980016 
0.6996993 
0.7066045 
0.7063600 
0.7124565 
0.7017532 
0.6891217 
0.6926018 
0.7003847 
0.6882754 
0.6668349 
0.6645849 
0.6695750 
0.6741510 
0.6718001 
0.6647638 
0.6871550 
0.6860545 
0.7026541 
0.6942108 
0.6980518 
0.7155451 
0.7106021 
0.7246171 
0.7175968 
0.6979936 
0.6980295 
0.6915285 
0.6987593 
0.6875042 
0.6855103 
0.6988132 
0.7186608 
0.7242950 
0.6860133 
0.6918794 
0.6654548 
0.6576850 
0.6591532 
0.6351663 
0.6370040 
0.6354708 
0.6309373 
0.6600059 
0.6638293 
0.6763831 
0.6855014 
0.6925591 
0.6765603 
0.6787456 
0.6769781 
0.6824977 
0.6939555 
0.6961123 
0.6780182 
0.6795152 
0.6411480 
0.6401617 
0.6370155 
0.6390828 
0.6405669 
0.6439121 
0.6321411 
0.6381002 
0.6283167 
0.6201448 
0.6301308 
0.6254984 
0.6310228 
0.6528042 
0.6571776 
0.6509521 
0.6484926 
0.6495146 
0.6590326 
0.6754229 
0.7010930 
0.7342810 
0.7335372 
0.7305596 
0.7342037 
0.7184858 
0.6974998 
0.6708843 
0.6746173 
0.6764976 
0.6674092 
0.6709525 
0.6699247 
0.6500387 
0.6431614 
0.6311289 
0.6274499 
0.6443383 
0.6669980 
0.6539514 
0.6347809 
0.6432816 
0.6503178 
0.6342298 
0.6287421 
0.6292940 
0.6261207 
0.6315317 
0.6268777 
0.6302626 
0.6086171 
0.5771671 
0.5818761 
0.5687354 
0.5710945 
0.5669556 
0.5758631 
0.5795610 
0.5911820 
0.5975534 
0.6036621 
0.5840875 
0.5996103 
0.5970586 
0.6154458 
0.6142086 
0.6034548 
0.6120172 
0.5994450 
0.6023910 
0.5989654 
0.5911211 
0.5997705 
0.5858155 
0.5709630 
0.5765231 
0.5637701 
0.5463448 
0.5840148 
0.5706140 
0.5706873 
0.5694144 
0.5939051 
0.5895269 
0.5902424 
0.5684828 
0.5693525 
0.5569274 
0.5515471 
0.5421603 
0.5346250 
0.5296853 
0.5244729 
0.5492353 
0.5368873 
0.5425272 
0.5499197 
0.5796730 
0.5730163 
0.5735405 
0.5768827 
0.5545915 
0.5474755 
0.5404787 
0.5260617 
0.5254318 
0.5355569 
0.5179632 
0.5304710 
0.5147214 
0.5191903 
0.5228066 
0.5052503 
0.5038602 
0.4902617 
0.4882694 
0.4743003 
0.4868426 
0.4808109 
0.4802391 
0.4703644 
0.4358443 
0.4423985 
0.4356046 
0.4316384 
0.4468343 
0.4378485 
0.4279200 
0.3892376 
0.4123839 
0.4224583 
0.4143740 
0.4234156 
0.4152168 
0.4190827 
0.4070137 
0.4080792 
0.4134514 
0.4419109 
0.4481777 
0.4442265 
0.4371174 
0.4255891 
0.4311941 
0.4380146 
0.4465000 
0.4375439 
0.4401631 
0.4451780 
0.4273313 
0.4069176 
0.3906788 
0.3975067 
0.3897186 
0.3946790 
0.4225203 
0.4105391 
0.3938020 
0.3809396 
0.3792198 
0.3725378 
0.3617873 
0.3368515 
0.3454759 
0.3476641 
0.3298484 
0.3187692 
0.3281353 
0.3228390 
0.3460022 
0.3146455 
0.3321393 
0.3544316 
0.3653460 
0.3588781 
0.3487664 
0.3641920 
0.3643204 
0.3349607 
0.3396752 
0.3230824 
0.3156935 
0.3058607 
0.2956696 
0.3058593 
0.3117528 
0.3202905 
0.3288656 
0.3327299 
0.3091424 
0.2814326 
0.3040486 
0.3363895 
0.3619275 
0.3475671 
0.3458196 
0.3394131 
0.3113107 
0.2826221 
0.2897156 
0.2851565 
0.2891228 
0.2885969 
0.2652585 
0.2644750 
0.2711710 
0.2864813 
0.2914383 
0.2790346 
0.2747842 
0.2757316 
0.2638701 
0.2630806 
0.2801824 
0.2837374 
0.2638379 
0.2727201 
0.2529269 
0.2466107 
0.2476205 
0.2400718 
0.2359214 
0.2063599 
0.2034842 
0.1979138 
0.2017997 
0.2176247 
0.2100433 
0.2001117 
0.1746206 
0.1796307 
0.1701107 
0.1610293 
0.1396504 
0.1498206 
0.1381813 
0.1294750 
0.1453113 
0.1505090 
0.1293177 
0.1324168 
0.1248397 
0.1161705 
0.1038929 
0.1305105 
0.1273449 
0.1465492 
0.1380019 
0.1285777 
0.1238148 
0.1399578 
0.1330833 
0.1144556 
0.1076926 
0.1406580 
0.1371855 
0.1367647 
0.1445623 
0.1351714 
0.1613164 
0.1487376 
0.1339598 
0.1339677 
0.1449466 
0.1265797 
0.1157807 
0.0990112 
0.0964547 
0.0936960 
0.1086550 
0.0868056 
0.0840627 
0.0626289 
0.0476080 
0.0664577 
0.0405603 
0.0563919 
0.0400701 
0.0271470 
0.0158995 
0.0045851 
0.0000000 
0.0298340 
0.0156510 
0.0126640 
0.0085767 
0.0099789 
0.0126597 
0.0161987 
0.0159268 
0.0332963 
0.0390431 
0.0642091 
0.0631228 
0.0580576 
0.0424036 
0.0448073 
0.0589119 
0.0475521 
0.0568299 
0.0415788 
0.0401098 
0.0310695 
0.0314900 
0.0298682 
0.0135419 
0.0300070 
0.0393088 
0.0312095 
0.0150190 
0.0253601 
0.0320718 
0.0313397 
0.0200447 
0.0333773 
0.0374484 
0.0396890 
0.0564654 
0.0454601 
0.0373139 
0.0443669 
0.0587283 
0.0534902 
0.0561729 
0.0652158 
0.0728507 
0.0755831 
0.0669763 
0.0986225 
0.0761673 
0.0755668 
0.0703217 
0.0611265 
0.0730478 
0.0852181 
0.0853792 
0.0643118 
0.0367160 
0.0427469 
0.0563003 
0.0685947 
0.0633697 
0.0824680 
0.0750116 
0.0777471 
0.1039535 
0.0733919 
0.0730238 
0.0794650 
0.0832545 
0.0606233 
0.0781920 
0.0804500 
0.0882083 
0.0670563 
0.0531732 
0.0843667 
0.0857037 
0.0990826 
0.0876615 
0.0880824 
0.1049985 
0.1029392 
0.1129149 
0.1165603 
0.1304021 
0.1512046 
0.1504107 
0.0977319 
0.0631796 
0.0685345 
0.0745768 
0.0723393 
0.0711622 
0.0769842 
0.0859587 
0.0890467 
0.0802574 
0.0541089 
0.0429234 
0.0614661 
0.0726721 
0.0837467 
0.0495842 
0.0641663 
0.0707646 
0.0572275 
0.0603502 
0.0590279 
0.0606369 
0.0524087 
0.0635961 
0.0827720 
0.0819508 
0.0889886 
0.0883863 
0.0763667 
0.0784174 
0.1029447 
0.1122555 
0.1032509 
0.1148023 
0.1011018 
0.0969748 
0.1039076 
0.0875781 
0.0846050 
0.0932592 
0.0690435 
0.0697819 
0.0770127 
0.0770961 
0.0789356 
0.0776146 
0.0542872 
0.0314014 
0.0363053 
0.0295099 
0.0402536 
0.0527824 
0.0327889 
0.0405945 
0.0282296 
0.0152954 
0.0183607 
0.0348702 
0.0224077 
0.0368836 
0.0343202 
0.0672617 
0.0577225 
0.0623426 
0.0467381 
0.0502698 
0.0591431 
0.0515139 
0.0585337 
0.0575651 
0.0599738 
0.0574137 
0.0528060 
0.0475497 
0.0453548 
0.0381680 
0.0307462 
0.0253905 
0.0357574 
0.0276904 
0.0241727 
0.0330518 
0.0375366 
0.0355754 
0.0497677 
0.0730206 
