0.0000610 
0.0001680 
0.0001822 
0.3365335 
0.2524358 
0.4002072 
0.9400957 
0.9273672 
0.9551477 
0.9738569 
0.9807068 
0.9764477 
0.9475890 
0.9541283 
0.9063659 
0.8975920 
0.9130119 
0.9407429 
0.9742693 
0.9860666 
1.0000000 
0.9695085 
0.9192228 
0.9022507 
0.8837650 
0.8866543 
0.8745030 
0.8839316 
0.9041572 
0.9122810 
0.8906520 
0.8481886 
0.8295906 
0.8296846 
0.8433216 
0.8290425 
0.7303138 
0.6824830 
0.6592996 
0.6776585 
0.7432711 
0.8192634 
0.8541017 
0.8521966 
0.8165583 
0.7724868 
0.7742214 
0.7537216 
0.7663467 
0.7935310 
0.7989706 
0.7862679 
0.7902142 
0.8631606 
0.8639956 
0.8196172 
0.7930570 
0.7689091 
0.7527142 
0.7698749 
0.7493493 
0.7728758 
0.8325161 
0.8493324 
0.8978338 
0.9308509 
0.9524761 
0.9102421 
0.8245484 
0.8020011 
0.7753183 
0.7601369 
0.8031473 
0.8193193 
0.8229074 
0.7986315 
0.7772880 
0.8010013 
0.7771553 
0.7599364 
0.7963720 
0.8279197 
0.8516260 
0.8070703 
0.8205621 
0.8827812 
0.8294561 
0.7565389 
0.7679019 
0.7913235 
0.8182127 
0.8267689 
0.7827456 
0.7840001 
0.7902435 
0.7590782 
0.7362936 
0.7409661 
0.7533388 
0.7983968 
0.8201970 
0.8064333 
0.7794886 
0.7837588 
0.8140798 
0.8240002 
0.8486280 
0.8655330 
0.8820712 
0.8764605 
0.8705414 
0.8288812 
0.8223085 
0.8466392 
0.7689966 
0.7697671 
0.7662841 
0.7473317 
0.6909521 
0.6747851 
0.6623346 
0.6616850 
0.6934116 
0.6993388 
0.7131607 
0.6980197 
0.7243503 
0.7458573 
0.7541532 
0.7908910 
0.7558382 
0.7778322 
0.8268320 
0.8423664 
0.8416132 
0.8208359 
0.7509704 
0.7055848 
0.7142466 
0.7388728 
0.7553328 
0.7795759 
0.7480047 
0.6958694 
0.6868461 
0.6872541 
0.7202745 
0.7776683 
0.8211006 
0.7906557 
0.7160046 
0.7261035 
0.7646432 
0.8280252 
0.8420178 
0.8169357 
0.8058378 
0.8351981 
0.9047241 
0.9566357 
0.9412072 
0.8704162 
0.7992024 
0.7429468 
0.7520651 
0.8312917 
0.8758060 
0.8210285 
0.7422489 
0.7233894 
0.7483849 
0.8222384 
0.8969134 
0.8513217 
0.7721336 
0.6805645 
0.7246420 
0.7686390 
0.7776178 
0.7574913 
0.6827754 
0.6359379 
0.6443537 
0.6950355 
0.7490751 
0.7315009 
0.6488976 
0.5721358 
0.5575986 
0.5768264 
0.5944094 
0.6346108 
0.6017247 
0.5624234 
0.6038021 
0.6946885 
0.7145473 
0.6868434 
0.6817623 
0.6619832 
0.6134882 
0.6094922 
0.6991440 
0.6369542 
0.6440172 
0.6559922 
0.6747247 
0.6215498 
0.5813974 
0.5410775 
0.5159801 
0.4992796 
0.5471551 
0.6355820 
0.6595649 
0.7085547 
0.7115768 
0.6740304 
0.6494050 
0.6026618 
0.6693162 
0.6976072 
0.7159316 
0.7284769 
0.6942835 
0.6825745 
0.6158029 
0.5949255 
0.5719416 
0.6333883 
0.7162313 
0.7347358 
0.7196626 
0.7271648 
0.7050407 
0.6787063 
0.6782235 
0.7034092 
0.7253115 
0.7086181 
0.7038954 
0.6684883 
0.6753768 
0.6939535 
0.7538694 
0.7632118 
0.7564278 
0.7507029 
0.7834762 
0.7872183 
0.8227422 
0.8133584 
0.8179838 
0.8533474 
0.9151310 
0.9243613 
0.8569149 
0.7983958 
0.7647210 
0.7739954 
0.8016528 
0.7884988 
0.7889214 
0.7785334 
0.8204792 
0.8345945 
0.8226692 
0.7855915 
0.7662954 
0.7752262 
0.7720068 
0.7816966 
0.7449831 
0.7089158 
0.6759844 
0.6637945 
0.6428639 
0.6622415 
0.6652954 
0.6583247 
0.6421959 
0.6757657 
0.7212967 
0.7037965 
0.6706825 
0.7467707 
0.7245372 
0.7435557 
0.7575082 
0.7378712 
0.7130995 
0.7043578 
0.6957567 
0.6665353 
0.6219077 
0.6111114 
0.6177799 
0.6273408 
0.6476316 
0.6937703 
0.7189518 
0.7274744 
0.7115648 
0.7076615 
0.6882890 
0.6872231 
0.6661047 
0.6618512 
0.6838312 
0.6554348 
0.6377174 
0.6205081 
0.6202866 
0.6233705 
0.6268331 
0.6356803 
0.6385381 
0.6501929 
0.6675919 
0.6676760 
0.6582047 
0.6767399 
0.6939588 
0.6977015 
0.6914126 
0.6647180 
0.6626245 
0.6869717 
0.6877190 
0.7013461 
0.6660054 
0.7134617 
0.7079167 
0.7194644 
0.7278438 
0.7189462 
0.7122146 
0.6767071 
0.6618804 
0.6590600 
0.6678533 
0.6822210 
0.6931231 
0.7086072 
0.6992948 
0.7221256 
0.7317091 
0.7728499 
0.7873397 
0.7775954 
0.7766416 
0.7929873 
0.7763772 
0.7548099 
0.7285143 
0.7272560 
0.7548877 
0.7727476 
0.7750360 
0.7800119 
0.7470431 
0.7127834 
0.6724396 
0.6425563 
0.6581205 
0.7055432 
0.7264723 
0.7720661 
0.8121860 
0.8208934 
0.7999700 
0.8044219 
0.7796949 
0.7451962 
0.7013242 
0.6414764 
0.6446952 
0.6723771 
0.6968326 
0.7146536 
0.7231059 
0.6723260 
0.6753030 
0.6933744 
0.6722175 
0.6963653 
0.7013034 
0.7033865 
0.6996162 
0.6819997 
0.6565929 
0.5779120 
0.5769437 
0.5829343 
0.5913306 
0.5963993 
0.5759054 
0.5485537 
0.5393683 
0.5250883 
0.4973524 
0.5351755 
0.5717953 
0.5709707 
0.6304923 
0.5918666 
0.5723260 
0.5681811 
0.5520005 
0.5528647 
0.6093630 
0.6120086 
0.6301339 
0.6428932 
0.6102444 
0.6128113 
0.6373017 
0.6613489 
0.6723472 
0.6706313 
0.6617207 
0.6572141 
0.6267214 
0.5936173 
0.5916694 
0.6236560 
0.6518744 
0.6596927 
0.6862319 
0.7050858 
0.7123713 
0.7029199 
0.7587624 
0.7775199 
0.8128738 
0.7969393 
0.7830936 
0.7717476 
0.7532589 
0.7167296 
0.6894521 
0.6907054 
0.6982269 
0.6949056 
0.7282828 
0.7368795 
0.7109805 
0.6913980 
0.6755764 
0.6567463 
0.6646776 
0.6969635 
0.6946672 
0.6838683 
0.6461926 
0.6050715 
0.5914600 
0.6651344 
0.7163140 
0.7335651 
0.6950503 
0.6768609 
0.7220954 
0.7521473 
0.7505731 
0.7776675 
0.7049194 
0.6762304 
0.7157689 
0.7719218 
0.7492708 
0.7099083 
0.6165824 
0.5957349 
0.6464999 
0.7174049 
0.7475154 
0.7033166 
0.7029412 
0.6930701 
0.7596267 
0.7329228 
0.7012333 
0.6235078 
0.5555160 
0.6014330 
0.6827394 
0.7298848 
0.7035875 
0.6409453 
0.6414890 
0.7171090 
0.7847053 
0.7805158 
0.6867278 
0.5560419 
0.5467757 
0.6003693 
0.6471743 
0.6643051 
0.5772632 
0.5632296 
0.6127857 
0.7115730 
0.8052052 
0.8022164 
0.7092936 
0.6389010 
0.6324806 
0.6769143 
0.6770403 
0.6613319 
0.6378156 
0.6695743 
0.7248500 
0.8356748 
0.8576103 
0.8076732 
0.7111025 
0.7146442 
0.6858373 
0.6792617 
0.6396030 
0.5989228 
0.6111159 
0.6357821 
0.6510117 
0.6757581 
0.7152986 
0.7080547 
0.6853556 
0.6539375 
0.6596897 
0.6552717 
0.6463769 
0.5923760 
0.5686106 
0.5898096 
0.6187045 
0.6316473 
0.6049444 
0.6071494 
0.6507753 
0.7078146 
0.7086631 
0.6947092 
0.6613445 
0.6411997 
0.6567834 
0.6429060 
0.6225375 
0.6144447 
0.6599605 
0.6818664 
0.7215337 
0.7221937 
0.7259684 
0.7172277 
0.7016941 
0.6670724 
0.6638120 
0.6760075 
0.6590537 
0.6428649 
0.6519406 
0.6365065 
0.6365056 
0.6843516 
0.6836333 
0.6032448 
0.5817626 
0.6059274 
0.6502184 
0.6774225 
0.6959438 
0.6814606 
0.6854492 
0.7158142 
0.7188923 
0.7184835 
0.6887780 
0.7099386 
0.7407479 
0.7505102 
0.7521635 
0.7996204 
0.8106623 
0.7751055 
0.7848026 
0.8067782 
0.7949191 
0.7665658 
0.7475167 
0.6885722 
0.6464798 
0.6668000 
0.6992674 
0.7306697 
0.7044144 
0.6491316 
0.6286316 
0.6314150 
0.5996587 
0.5676434 
0.5135104 
0.5105024 
0.5206850 
0.5456203 
0.5373466 
0.5323605 
0.4993676 
0.4662753 
0.4493766 
0.4821793 
0.4530017 
0.4522080 
0.4644830 
0.4845958 
0.4845527 
0.5188039 
0.5812384 
0.5799374 
0.5752180 
0.5887853 
0.5652616 
0.5425255 
0.5040305 
0.4693074 
0.4644420 
0.4619807 
0.4892518 
0.4940667 
0.5322988 
0.5569019 
0.5990638 
0.6133024 
0.5957997 
0.5412867 
0.5280632 
0.5238871 
0.5478812 
0.5716341 
0.6170934 
0.6452840 
0.6671160 
0.6954812 
0.6815958 
0.6956471 
0.6316263 
0.6756533 
0.6642271 
0.6779706 
0.7263111 
0.7565398 
0.7710669 
0.7586435 
0.7497040 
0.7304546 
0.6725575 
0.5985622 
0.5651709 
0.5774019 
0.6036072 
0.6560686 
0.6889513 
0.7294249 
0.8312779 
0.8952171 
0.9056126 
0.8561207 
0.8511688 
0.8014654 
0.6994820 
0.6359249 
0.5766632 
0.5105906 
0.4504389 
0.5014602 
0.5713291 
0.6216530 
0.7242855 
0.8078304 
0.8688772 
0.8499116 
0.7655205 
0.7055448 
0.6054006 
0.5131497 
0.4111363 
0.3484786 
0.3265353 
0.3592781 
0.4085886 
0.4890445 
0.5866763 
0.6494602 
0.7272951 
0.7572136 
0.7522752 
0.7150860 
0.6749745 
0.5856184 
0.5033647 
0.4676442 
0.4322950 
0.4271392 
0.4544120 
0.5135535 
0.5610765 
0.6112855 
0.6682508 
0.7229194 
0.7898671 
0.7949115 
0.7855353 
0.7706087 
0.7578121 
0.7567931 
0.7848147 
0.7898578 
0.7765377 
0.7885166 
0.7874552 
0.7876929 
0.8323459 
0.8024171 
0.7681792 
0.7643787 
0.7464992 
0.7106245 
0.6807684 
0.7127072 
0.7062573 
0.6718834 
0.6620004 
0.6510924 
0.6498686 
0.6811689 
0.7294123 
0.7437974 
0.7248345 
0.6857376 
0.5695548 
0.4982516 
0.4972668 
0.5177404 
0.5506575 
0.5987528 
0.6244534 
0.5768751 
0.5236547 
0.4925256 
0.4561384 
0.4603206 
0.4912760 
0.5024842 
0.5215457 
0.5444242 
0.5635315 
0.5654892 
0.5520094 
0.5662363 
0.6024152 
0.6631063 
0.7004738 
0.7182082 
0.6918727 
0.6763030 
0.6202550 
0.6495203 
0.6800056 
0.7354551 
0.7618840 
0.7591216 
0.7611974 
0.7795883 
0.7882159 
0.7535661 
0.7269413 
0.7174836 
0.7159539 
0.6631948 
0.7050328 
0.6798866 
0.6620338 
0.6828842 
0.6451818 
0.6522019 
0.6874309 
0.7082061 
0.7249041 
0.7100855 
0.6676809 
0.6573443 
0.5911306 
0.5854020 
0.5991564 
0.5830791 
0.5701046 
0.5749964 
0.5628700 
0.5586240 
0.5713136 
0.5608460 
0.5593611 
0.5682210 
0.5780242 
0.6049277 
0.5825495 
0.5797369 
0.5872294 
0.5729671 
0.5735464 
0.5459892 
0.5590165 
0.5584267 
0.5788642 
0.5692116 
0.5948886 
0.5835545 
0.5493028 
0.5707698 
0.5314427 
0.5462311 
0.5459797 
0.5545920 
0.6107059 
0.6139996 
0.6150896 
0.6243879 
0.6489407 
0.6596232 
0.6404236 
0.6449746 
0.6418554 
0.6614176 
0.6754506 
0.6866657 
0.6917328 
0.6787770 
0.6428714 
0.6575266 
0.6426256 
0.6498629 
0.6463107 
0.6835773 
0.6907280 
0.7452092 
0.7214799 
0.6633202 
0.6502817 
0.6364636 
0.6173258 
0.6026133 
0.5834736 
0.6045348 
0.5802316 
0.5846816 
0.6223789 
0.6324349 
0.6404271 
0.6809136 
0.6836182 
0.7111310 
0.7219622 
0.7293976 
0.6898977 
0.6274921 
0.6452850 
0.6177672 
0.6273520 
0.6289088 
0.6000146 
0.6113267 
0.5924014 
0.5639228 
0.5448315 
0.5255119 
0.5234840 
0.4851211 
0.5075849 
0.5092031 
0.5175936 
0.5150486 
0.5359943 
0.5437179 
0.5679454 
0.5693016 
0.6164000 
0.6485501 
0.6267797 
0.6777482 
0.7075724 
0.6763765 
0.6782708 
0.6974533 
0.7212524 
0.6736553 
0.7131585 
0.6924534 
0.6895084 
0.7049951 
0.7201418 
0.7542559 
0.7649258 
0.7857515 
0.8098987 
0.7877671 
0.8230803 
0.7996130 
0.7954416 
0.7919031 
0.7223296 
0.6991874 
0.6804236 
0.6359452 
0.6162186 
0.6019133 
0.5974270 
0.6292345 
0.6199328 
0.6188246 
0.5995664 
0.5749219 
0.5658944 
0.5430787 
0.5184297 
0.5413862 
0.5106521 
0.4806644 
0.4591571 
0.4170999 
0.4138481 
0.4518710 
0.4342327 
0.4466744 
0.4762753 
0.4992201 
0.5015054 
0.5399056 
0.5047013 
0.4633188 
0.4517207 
0.4316181 
0.4196115 
0.4473385 
0.4582811 
0.4702053 
0.4598470 
0.4682020 
0.4498689 
0.4321388 
0.4064391 
0.4147487 
0.4090790 
0.4210015 
0.4732852 
0.4978457 
0.5355839 
0.5715906 
0.5564285 
0.5891918 
0.6193010 
0.6305626 
0.5955066 
0.6012623 
0.6363494 
0.6471066 
0.6721229 
0.6697301 
0.6733133 
0.6794854 
0.6975929 
0.7932688 
0.8579907 
0.8806451 
0.8860532 
0.8821808 
0.8481403 
0.8649762 
0.8324064 
0.8261625 
0.7827367 
0.7757312 
0.7430061 
0.8151392 
0.7746112 
0.7547151 
0.7062837 
0.6751959 
0.6321510 
0.5840362 
0.5660936 
0.5117999 
0.5250130 
0.5521577 
0.5597795 
0.5578547 
0.5438855 
0.5325040 
0.5304378 
0.4936535 
0.4913343 
0.4965904 
0.4962135 
0.4693181 
0.4554006 
0.4633644 
0.4339363 
0.4215778 
0.3947457 
0.3501422 
0.3513354 
0.3931756 
0.4185681 
0.3747806 
0.3894880 
0.3625492 
0.3277872 
0.3764207 
0.3865610 
0.3731388 
0.3721656 
0.3708757 
0.3851083 
0.4299282 
0.5090396 
0.5370350 
0.5272841 
0.5305354 
0.5460906 
0.5830790 
0.6249709 
0.6200253 
0.6109249 
0.5803494 
0.5989877 
0.6501303 
0.7112823 
0.7497984 
0.7420642 
0.7101729 
0.6978837 
0.7416757 
0.7636499 
0.7735854 
0.7611314 
0.7363909 
0.7511564 
0.7789048 
0.7966715 
0.8113823 
0.8054379 
0.8195148 
0.8494224 
0.9305265 
0.9728330 
0.9781360 
0.9430353 
0.8763627 
0.8471622 
0.8156848 
0.7713059 
0.7178561 
0.6989964 
0.7019841 
0.6984203 
0.6967071 
0.7230385 
0.7121519 
0.6871837 
0.6511973 
0.6401997 
0.6132880 
0.5251614 
0.4607058 
0.4223455 
0.4218663 
0.4300941 
0.4242732 
0.4638863 
0.4987841 
0.4972986 
0.4330363 
0.4097698 
0.4096916 
0.4435982 
0.4951477 
0.4673691 
0.4492283 
0.4432497 
0.4354659 
0.4168768 
0.4358241 
0.4292344 
0.4224938 
0.4374090 
0.4384969 
0.4606961 
0.4874145 
0.5553157 
0.5626294 
0.5430281 
0.4992474 
0.4792428 
0.4806420 
0.4656155 
0.4680197 
0.5401477 
0.5960951 
0.6036032 
0.5344410 
0.5264343 
0.5850275 
0.6428946 
0.6844063 
0.6778516 
0.6774461 
0.6552948 
0.6513449 
0.6825936 
0.7392429 
0.7861477 
0.8027250 
0.8126457 
0.7975464 
0.7676258 
0.7476620 
0.7464201 
0.8408241 
0.8938081 
0.9511072 
0.9665986 
0.9975258 
0.9789903 
0.9475896 
0.8898033 
0.9015245 
0.8924170 
0.8533334 
0.8278951 
0.8110772 
0.7967905 
0.7961263 
0.7705592 
0.7374546 
0.7320674 
0.7356041 
0.6837454 
0.6021009 
0.5743307 
0.5751016 
0.6213085 
0.5937839 
0.5758376 
0.5881363 
0.6111367 
0.5921527 
0.5605759 
0.5484983 
0.5336053 
0.5048026 
0.4533587 
0.4598624 
0.4992380 
0.5261127 
0.5322714 
0.5250655 
0.5108804 
0.5045475 
0.5118025 
0.5020150 
0.5455359 
0.5513615 
0.5349898 
0.5305496 
0.5473754 
0.5299566 
0.5622285 
0.5437167 
0.5593910 
0.5494181 
0.4812853 
0.4243798 
0.3653946 
0.3731387 
0.3877662 
0.4628228 
0.5718580 
0.6078121 
0.6139681 
0.6020601 
0.5760656 
0.5069435 
0.4453366 
0.4096734 
0.3764220 
0.3757259 
0.4524732 
0.5259906 
0.5503192 
0.5309493 
0.5350252 
0.5255596 
0.5012500 
0.5015997 
0.5004847 
0.4974581 
0.4905180 
0.4782663 
0.4761035 
0.4677846 
0.4910826 
0.4772697 
0.4582173 
0.4499888 
0.4670081 
0.4739931 
0.4688539 
0.4721646 
0.4590460 
0.4176917 
0.4139952 
0.4459087 
0.4755577 
0.5015004 
0.5337175 
0.5633886 
0.5687517 
0.5669920 
0.5577821 
0.5551608 
0.5249451 
0.4912801 
0.4958772 
0.5197020 
0.5327115 
0.5568076 
0.5757206 
0.5933717 
0.5930815 
0.6075328 
0.6270897 
0.6574087 
0.6790339 
0.7302958 
0.7517988 
0.7509790 
0.7666702 
0.7516969 
0.7476638 
0.7405910 
0.7195204 
0.7462337 
0.7056173 
0.7034763 
0.7107434 
0.7329413 
0.7540336 
0.7767699 
0.7929446 
0.7526474 
0.7359270 
0.7200350 
0.7262925 
0.7352427 
0.7498105 
0.7580390 
0.7719023 
0.7602337 
0.7532424 
0.6630239 
0.6350287 
0.6936173 
0.6624851 
0.6488552 
0.6510789 
0.6187112 
0.6404101 
0.6053229 
0.5954385 
0.6038415 
0.5901361 
0.5542846 
0.5182839 
0.4947658 
0.4643804 
0.4537561 
0.4599678 
0.4359077 
0.4508299 
0.4715188 
0.4583686 
0.4202827 
0.3876804 
0.3881320 
0.3532520 
0.3704893 
0.3977145 
0.3872250 
0.4013902 
0.4016644 
0.3832414 
0.4067976 
0.4079455 
0.3662504 
0.4048482 
0.4590195 
0.5669606 
0.5909076 
0.6434816 
0.6892325 
0.6959619 
0.6920920 
0.6796184 
0.6176967 
0.5257051 
0.4422975 
0.4297418 
0.4203009 
0.4399322 
0.4065208 
0.4153862 
0.4220995 
0.4108488 
0.4058085 
0.4268848 
0.4284737 
0.4014777 
0.4027364 
0.4065456 
0.3885399 
0.3907877 
0.4085563 
0.4240062 
0.4142034 
0.4155714 
0.4006227 
0.3741348 
0.4271707 
0.4343575 
0.4799956 
0.4612707 
0.5264611 
0.5546295 
0.6163774 
0.6570460 
0.7001131 
0.6923350 
0.6918902 
0.6701669 
0.6909202 
0.6765636 
0.6261922 
0.6025833 
0.5966346 
0.5685758 
0.5836661 
0.5935746 
0.6122624 
0.5966117 
0.5622408 
0.5484656 
0.5638611 
0.5601507 
0.5736341 
0.5983102 
0.6466639 
0.6785232 
0.6972427 
0.6893754 
0.7048395 
0.7085111 
0.6920426 
0.6847661 
0.6626957 
0.6281065 
0.6033469 
0.6187345 
0.6137570 
0.6527387 
0.7122951 
0.7746505 
0.8468878 
0.8941396 
0.9210513 
0.9261180 
0.9129053 
0.8926117 
0.8490115 
0.7935620 
0.7128450 
0.6342917 
0.5577604 
0.4972923 
0.4725842 
0.4891128 
0.5099891 
0.5598012 
0.6148236 
0.6772632 
0.7270081 
0.7503956 
0.7905769 
0.8341566 
0.8612195 
0.8267281 
0.7798414 
0.7109922 
0.6251307 
0.5201229 
0.4503834 
0.4173326 
0.3888793 
0.3920869 
0.4493656 
0.5206409 
0.5847793 
0.6692010 
0.7508575 
0.7546850 
0.7499630 
0.7457067 
0.7712914 
0.7545168 
0.7015037 
0.6070271 
0.5501348 
0.5007418 
0.4233790 
0.3727440 
0.3588921 
0.3719238 
0.4134502 
0.4635879 
0.5125228 
0.5788188 
0.5871660 
0.5405181 
0.5123546 
0.4968507 
0.4610479 
0.4535701 
0.4001260 
0.3536998 
0.2807278 
0.2469648 
0.2243066 
0.2350842 
0.2294425 
0.2611414 
0.3225531 
0.3694065 
0.4365556 
0.4637252 
0.5078319 
0.4792297 
0.4366057 
0.3921951 
0.3531153 
0.2886550 
0.2812554 
0.2449569 
0.2255576 
0.2072534 
0.1942488 
0.2176048 
0.2768210 
0.3301886 
0.3537201 
0.3412800 
0.3587603 
0.3675146 
0.3385351 
0.3421029 
0.3435463 
0.3298526 
0.3074345 
0.2995943 
0.3134399 
0.3472117 
0.3480091 
0.3609493 
0.3643478 
0.3521920 
0.3511852 
0.3201936 
0.3579724 
0.3918053 
0.4288508 
0.4547690 
0.4689693 
0.4726619 
0.4460399 
0.4376274 
0.4677246 
0.4994510 
0.4857065 
0.4779075 
0.4825094 
0.4483627 
0.4655994 
0.4692808 
0.4854116 
0.5225284 
0.5111497 
0.5445541 
0.5530846 
0.5512605 
0.5902338 
0.6041665 
0.5880579 
0.5763226 
0.5780639 
0.5970485 
0.6440039 
0.6300270 
0.6124356 
0.5803800 
0.5895711 
0.5915762 
0.6156438 
0.6319101 
0.6255039 
0.6328469 
0.6018874 
0.5875673 
0.5872128 
0.6143615 
0.6166677 
0.6330919 
0.6068447 
0.5860699 
0.5207949 
0.5504259 
0.5745336 
0.6110781 
0.6146803 
0.6080834 
0.5531783 
0.5713434 
0.5960946 
0.6085369 
0.6572034 
0.6418716 
0.6114225 
0.6158775 
0.6271640 
0.6611631 
0.6832910 
0.6759034 
0.5563180 
0.5234654 
0.5137472 
0.5201247 
0.5484656 
0.5855296 
0.5838452 
0.5765615 
0.5864695 
0.5625248 
0.5610459 
0.5717800 
0.5745909 
0.5641803 
0.5338757 
0.5112661 
0.4970166 
0.4963702 
0.5045337 
0.5622165 
0.5830319 
0.6089389 
0.6026304 
0.5996188 
0.5814750 
0.5786575 
0.5612734 
0.5561437 
0.5651538 
0.5250898 
0.4500403 
0.4156539 
0.4157839 
0.4145157 
0.4040357 
0.4296867 
0.4540378 
0.4507115 
0.4636585 
0.4993875 
0.5456773 
0.5478619 
0.5796058 
0.6225303 
0.6318301 
0.6251397 
0.6504378 
0.6382022 
0.6222501 
0.6062853 
0.6103276 
0.5987299 
0.5821937 
0.5601709 
0.4798896 
0.4575086 
0.4717635 
0.4853942 
0.4901678 
0.4984862 
0.5217958 
0.5294041 
0.5263203 
0.5326063 
0.5510321 
0.5405549 
0.5325414 
0.4992092 
0.5091826 
0.5074470 
0.4999330 
0.5271467 
0.5335165 
0.5256110 
0.5159160 
0.4906468 
0.4833685 
0.4753983 
0.5041075 
0.5092617 
0.4693355 
0.4819808 
0.5056178 
0.5078063 
0.4812614 
0.4767843 
0.4724243 
0.4510214 
0.4642432 
0.4588903 
0.4698920 
0.4713248 
0.4724313 
0.4480163 
0.4298716 
0.4251150 
0.4223410 
0.3852701 
0.3537656 
0.3517448 
0.3786177 
0.3788398 
0.4047802 
0.4262270 
0.4313388 
0.4497470 
0.4734512 
0.4823395 
0.4734359 
0.4970698 
0.5241789 
0.5256399 
0.5219790 
0.5235372 
0.5159909 
0.5139378 
0.5028880 
0.5249483 
0.4697614 
0.4623192 
0.5094101 
0.4790798 
0.4894846 
0.4894235 
0.4445738 
0.4468157 
0.4505868 
0.4407606 
0.4429146 
0.4513137 
0.4661993 
0.4633339 
0.4535284 
0.4485841 
0.4561888 
0.4315128 
0.3796594 
0.3528128 
0.3397023 
0.3619370 
0.3630976 
0.3855082 
0.4183115 
0.4635971 
0.4712877 
0.4783100 
0.4764414 
0.4962959 
0.5238339 
0.5327950 
0.4961975 
0.4665165 
0.4066523 
0.3641729 
0.3175208 
0.3069215 
0.3494221 
0.3873089 
0.4444454 
0.4436869 
0.4329160 
0.4065406 
0.4118693 
0.4375594 
0.4194649 
0.3952144 
0.3903200 
0.4209876 
0.4199729 
0.4201874 
0.3431134 
0.3704678 
0.3366084 
0.3421714 
0.3392150 
0.3299427 
0.3256390 
0.3466548 
0.3864189 
0.4597489 
0.5070807 
0.5383592 
0.5457418 
0.5344523 
0.5310244 
0.4690358 
0.4156993 
0.3899476 
0.3518299 
0.3033128 
0.3377660 
0.3342843 
0.3387576 
0.3916974 
0.4361993 
0.4390600 
0.4536475 
0.4395832 
0.4557281 
0.4339084 
0.4229865 
0.4157618 
0.4224197 
0.4533826 
0.4664117 
0.4572728 
0.4680050 
0.4769197 
0.4937914 
0.5089200 
0.4781990 
0.4828050 
0.4833181 
0.4931546 
0.4977189 
0.5027817 
0.5051077 
0.4900080 
0.5030661 
0.4680872 
0.4385551 
0.4168081 
0.4224402 
0.4375210 
0.4314873 
0.4570102 
0.4662050 
0.4955667 
0.4730774 
0.4749338 
0.4418810 
0.4139657 
0.3999148 
0.4148486 
0.4283999 
0.4393667 
0.4398321 
0.4165692 
0.4467527 
0.4094375 
0.4151291 
0.4023897 
0.4010086 
0.3866817 
0.3889659 
0.3823254 
0.3800170 
0.3889537 
0.3887447 
0.3786854 
0.3945137 
0.4107657 
0.4293903 
0.4568534 
0.4694131 
0.4869436 
0.4797241 
0.4755148 
0.4953628 
0.5134567 
0.5189698 
0.4787455 
0.4750151 
0.4920019 
0.4848589 
0.4963921 
0.5398607 
0.5348490 
0.5358324 
0.5080405 
0.4891226 
0.4631119 
0.4394039 
0.4103292 
0.4278688 
0.4242026 
0.4320480 
0.4467087 
0.4917063 
0.5238937 
0.5813766 
0.5876797 
0.6071800 
0.6131032 
0.6282486 
0.6181310 
0.6034785 
0.5886272 
0.5675909 
0.5891166 
0.5538751 
0.5206405 
0.4925853 
0.5147717 
0.4762781 
0.5130048 
0.5180756 
0.5236295 
0.5292152 
0.4769842 
0.4759085 
0.4592794 
0.4414801 
0.4284594 
0.4488677 
0.4529914 
0.4800890 
0.4765577 
0.4393359 
0.4406354 
0.4689673 
0.4600746 
0.4500608 
0.4498448 
0.4624191 
0.4375472 
0.4644630 
0.4819042 
0.4661382 
0.4256613 
0.4206042 
0.4047974 
0.4128831 
0.4336403 
0.4555282 
0.4662183 
0.4862716 
0.4776145 
0.4719654 
0.4746458 
0.4887257 
0.4690622 
0.4854180 
0.4786886 
0.4641229 
0.4761527 
0.4513164 
0.4519723 
0.4569345 
0.4298984 
0.4043208 
0.3963738 
0.3952078 
0.3710297 
0.3645278 
0.3502705 
0.3619391 
0.3548859 
0.3761171 
0.3913119 
0.4524758 
0.4867541 
0.5174936 
0.5216642 
0.5097996 
0.5421110 
0.5728812 
0.5817853 
0.6034036 
0.6173441 
0.6309778 
0.5977527 
0.5814400 
0.5512975 
0.5261644 
0.4796094 
0.4085704 
0.1744316 
0.1351370 
0.1167083 
0.1008992 
0.0542330 
0.0348978 
0.0069082 
0.0000000 
0.0046381 
0.0799920 
0.1382505 
0.1725003 
0.2221796 
0.2975125 
0.3422123 
0.3885508 
0.4378560 
0.4787404 
0.4956750 
0.4896638 
0.4665270 
0.4427236 
0.4205665 
0.4169945 
0.4093599 
0.4256727 
0.4351628 
0.4555590 
0.4675241 
0.4671208 
0.4541221 
0.4501526 
0.4669245 
0.4861841 
0.4734677 
0.4965199 
0.5052582 
0.4919992 
0.5076772 
0.5293809 
0.5246428 
0.4883344 
0.4664181 
0.4458881 
0.4617055 
0.4828014 
0.4983791 
0.5116367 
0.4724377 
0.4616616 
0.4967977 
0.5264786 
0.5553449 
0.5731398 
0.5723220 
0.5452314 
0.5188851 
0.5011813 
0.5271922 
0.5332393 
0.5253716 
0.5114521 
0.4765726 
0.4407456 
0.4343789 
0.4215221 
0.4208646 
0.4338939 
0.3974671 
0.3730456 
0.3461808 
0.3502064 
0.3181262 
0.3318977 
0.3480295 
0.3695040 
0.4170048 
0.4438716 
0.4404381 
0.4360345 
0.4307426 
0.3970831 
0.3637521 
0.3733979 
0.3964884 
0.4062192 
0.4264446 
0.4196359 
0.4399618 
0.4506247 
0.4450423 
0.4593690 
0.4791226 
0.4626643 
0.4482289 
0.4370793 
0.4080644 
0.3920400 
0.3782315 
0.3391047 
0.2908626 
0.2895384 
0.2898363 
0.3069303 
0.3350947 
0.3660952 
0.4018732 
0.4334998 
0.4633662 
0.4620633 
0.4712932 
0.4741070 
0.4504601 
0.4443455 
0.4526504 
0.4555815 
0.4564450 
0.4451186 
0.4603210 
0.4867429 
0.4862857 
0.4645447 
0.4283085 
0.4139929 
0.4048707 
0.3552289 
0.3669437 
0.3569877 
0.3741299 
0.3979847 
0.4397816 
0.4800118 
0.5134093 
0.5063352 
0.5090575 
0.5089199 
0.5106464 
0.4823337 
0.4726388 
0.4829321 
0.5188424 
0.5298034 
0.5328785 
0.5547297 
0.5210063 
0.5369661 
0.5308037 
0.4935172 
0.4608197 
0.4287431 
0.4146003 
0.3944140 
0.3637218 
0.3674400 
0.3818114 
0.3623616 
0.3816728 
0.3853219 
0.4066468 
0.4358037 
0.4276075 
0.4658770 
0.4824759 
0.4785159 
0.4556730 
0.4297464 
0.4352935 
0.4337096 
0.4465672 
0.4400837 
0.4179008 
0.4401318 
0.4527308 
0.4542601 
0.4529399 
0.4294085 
0.4427928 
0.4421219 
0.4329671 
0.4287844 
0.4332273 
0.3977813 
0.3985615 
0.3634281 
0.3550317 
0.3084292 
0.2957177 
0.2772552 
0.2526092 
0.2249344 
0.2161314 
0.2329201 
0.2393885 
0.2659600 
0.2969304 
0.3226037 
0.3366703 
0.3508893 
0.3663122 
0.4110300 
0.4023114 
0.4019183 
0.4013188 
0.3968531 
0.3730677 
0.3745397 
0.3801116 
0.3548431 
0.3501493 
0.3750835 
0.4188148 
0.4563829 
0.4709029 
0.5074689 
0.5590452 
0.5427027 
0.5508519 
0.5343503 
0.4897168 
0.4546005 
0.4198456 
0.3906588 
0.3226307 
0.3168621 
0.3242634 
0.3706938 
0.4171680 
0.4227345 
0.4555407 
0.4429737 
0.4662069 
0.4621246 
0.4624493 
0.4699978 
0.4534768 
0.4295790 
0.4215982 
0.4269729 
0.3981018 
0.3724740 
0.3879501 
0.4350745 
0.4291943 
0.4252597 
0.4239778 
0.4167135 
0.4263313 
0.4301663 
0.4502557 
0.4943714 
0.5038898 
0.4995372 
0.5023791 
0.5087576 
0.4688688 
0.4460294 
0.4605944 
0.4487647 
0.4747999 
0.4737595 
0.3985502 
0.3984297 
0.4121974 
0.4043055 
0.3890363 
0.4055743 
0.4121583 
0.4046981 
0.3823140 
0.3864852 
0.3984958 
0.4039754 
0.4024180 
0.4124014 
0.4348875 
0.4804032 
0.4939882 
0.5024716 
0.5466857 
0.5344125 
0.5677263 
0.5476190 
0.5311391 
0.4831974 
0.4379188 
0.3989393 
0.3496690 
0.3366394 
0.3091686 
0.3169880 
0.3524608 
0.3413162 
0.3695074 
0.4274977 
0.4470395 
0.4867895 
0.4788113 
0.4232379 
0.3831467 
0.3244484 
0.2673069 
0.2074628 
0.1457670 
0.1271337 
0.1509746 
0.1552619 
0.2295056 
0.3210221 
0.3891222 
0.4982939 
0.6462535 
0.7022371 
0.7649327 
0.7947755 
0.7833329 
0.7406876 
0.6441653 
0.5342556 
0.4234632 
0.3311063 
0.2552155 
0.2169026 
0.2235661 
0.2515372 
0.3250769 
0.4095724 
0.5039184 
0.5367280 
0.5924254 
0.6387503 
0.6080564 
0.5784187 
0.5149512 
0.4393710 
0.3801489 
0.3160849 
0.2292124 
0.1874812 
0.1991391 
0.2133859 
0.2631716 
0.3001366 
0.3757427 
0.4825160 
0.5555933 
0.6166367 
0.6179035 
0.5985912 
0.5462029 
0.4588331 
0.3900869 
0.3391930 
0.3030768 
0.2988532 
0.3140882 
0.3734965 
0.3967735 
0.3617366 
0.3512512 
0.4184777 
0.4894362 
0.5024582 
0.4974233 
0.4897927 
0.4646056 
0.4351954 
0.3742913 
0.3436705 
0.3374303 
0.3168505 
0.3297358 
0.3364914 
0.3671455 
0.4203600 
0.4642384 
0.4782604 
0.5189178 
0.5307367 
0.5266759 
0.5020863 
0.4389909 
0.4087261 
0.4158823 
0.4360376 
0.4546324 
0.4611907 
0.4247508 
0.3835495 
0.3420520 
0.2977895 
0.3150262 
0.3472849 
0.3967395 
0.4735965 
0.4686093 
0.4728953 
0.4462418 
0.4109617 
0.3607703 
0.3110068 
0.3076643 
0.3444321 
0.4187968 
0.4855212 
0.5297589 
0.5595806 
0.5370780 
0.4488629 
0.4072685 
0.3533197 
0.3485450 
0.3504811 
0.4103841 
0.4697717 
0.4639073 
0.4523681 
0.4179517 
0.4041733 
0.3666943 
0.3520564 
0.3573150 
0.3779819 
0.4127996 
0.5001760 
0.5199587 
0.4888901 
0.4493322 
0.4063445 
0.3563389 
0.3453362 
0.3153711 
0.3149914 
0.3359133 
0.3676570 
0.4414142 
0.4397976 
0.4320084 
0.4437831 
0.3950391 
0.4283013 
0.4390935 
0.4767359 
0.4917313 
0.4833661 
0.4688735 
0.4491522 
0.4069627 
0.3562282 
0.3570344 
0.3338463 
0.3642088 
0.3650110 
0.4041721 
0.4361347 
0.4310842 
0.4459361 
0.4166507 
0.3925976 
0.3751304 
0.3947456 
0.4175117 
0.4428060 
0.4418891 
0.4078335 
0.4365163 
0.4286521 
0.4041793 
0.3961611 
0.3490057 
0.3212459 
0.3160253 
0.3467805 
0.3863666 
0.4000854 
0.4035489 
0.3946532 
0.4111393 
0.3931631 
0.3880899 
0.3581981 
0.3288536 
0.3068490 
0.2882254 
0.2816645 
0.2849818 
0.2611732 
0.2394214 
0.2290618 
0.2020977 
0.1916504 
0.1790735 
0.2043352 
0.2465422 
0.3056322 
0.3304209 
0.3393194 
0.3619700 
0.3794888 
0.3856785 
0.4036514 
0.4044026 
0.4039851 
0.3819610 
0.3660859 
0.3378480 
0.3424050 
0.3518333 
0.3584673 
0.3477839 
0.3276527 
0.3226868 
0.2999676 
0.2989514 
0.3171530 
0.3133207 
0.3494383 
0.3877922 
0.4080574 
0.4410024 
0.4353010 
0.4153615 
0.3729784 
0.3607777 
0.3847716 
0.3705442 
0.3758390 
0.3657064 
0.3364347 
0.3433924 
0.3286454 
0.3205119 
0.2983050 
0.2955248 
0.2897180 
0.2675497 
0.2945914 
0.2763905 
0.2768444 
