-0.0000413 
0.0001513 
0.0001657 
0.0821829 
0.0952066 
0.5018016 
0.9767541 
0.9798703 
0.9764295 
0.9832457 
0.9887107 
0.9904780 
1.0000000 
0.9874786 
0.9921204 
0.9991785 
0.9893930 
0.9738774 
0.9623981 
0.9647698 
0.9678128 
0.9629188 
0.9625746 
0.9654677 
0.9482292 
0.9259290 
0.9116403 
0.9214850 
0.9544249 
0.9459133 
0.9342323 
0.9267804 
0.9226174 
0.9128440 
0.9039518 
0.8875007 
0.8842225 
0.8757163 
0.8828256 
0.8804129 
0.8891569 
0.9019632 
0.9216141 
0.9240041 
0.9103241 
0.8980559 
0.8961637 
0.9010517 
0.9174584 
0.9330627 
0.9238836 
0.9084398 
0.9009060 
0.8988633 
0.8953764 
0.8843403 
0.8719648 
0.8846932 
0.8762164 
0.8820793 
0.8724826 
0.8633815 
0.8595765 
0.8632896 
0.8695238 
0.8688838 
0.8668267 
0.8607820 
0.8676240 
0.8712743 
0.8518195 
0.8447118 
0.8398253 
0.8466717 
0.8628724 
0.8690934 
0.8659421 
0.8826668 
0.8986045 
0.8720823 
0.8506024 
0.8580354 
0.8594540 
0.8576350 
0.8506073 
0.8544711 
0.8674533 
0.8604154 
0.8454359 
0.8432126 
0.8241000 
0.8216419 
0.8382361 
0.8372942 
0.8267348 
0.8148117 
0.8129735 
0.8152398 
0.8027979 
0.7846384 
0.7967298 
0.8204944 
0.8416779 
0.8552120 
0.8489679 
0.8557666 
0.8678295 
0.8597276 
0.8374403 
0.8352909 
0.8263368 
0.8245231 
0.8377715 
0.8450074 
0.8544128 
0.8579487 
0.8608542 
0.8634217 
0.8496740 
0.8288741 
0.8366265 
0.8548154 
0.8634448 
0.8640838 
0.8534716 
0.8497632 
0.8495136 
0.8397853 
0.8418386 
0.8458615 
0.8474988 
0.8473492 
0.8497766 
0.8472292 
0.8351969 
0.8165483 
0.8002410 
0.7930276 
0.7867758 
0.7887466 
0.7981691 
0.8052836 
0.8051011 
0.8034846 
0.8129843 
0.8194669 
0.8162941 
0.8140912 
0.8287933 
0.8254574 
0.8292842 
0.8306459 
0.8352013 
0.8341778 
0.8426286 
0.8569209 
0.8501897 
0.8455491 
0.8428699 
0.8458957 
0.8399516 
0.8318635 
0.8330757 
0.8309552 
0.8232098 
0.8225110 
0.8145932 
0.8041258 
0.8090876 
0.8049246 
0.7891706 
0.7893914 
0.7984521 
0.7937824 
0.7865820 
0.7881451 
0.7910817 
0.7991783 
0.7990413 
0.8122520 
0.8188498 
0.8161627 
0.8056774 
0.7631220 
0.7627829 
0.7601724 
0.7582323 
0.7502824 
0.7474579 
0.7677776 
0.7711294 
0.7633767 
0.7640609 
0.7684673 
0.7592259 
0.7637562 
0.7717275 
0.7918420 
0.7827165 
0.7927865 
0.8073937 
0.8070691 
0.8058113 
0.8041165 
0.8092015 
0.8102383 
0.8096192 
0.8136058 
0.7975742 
0.7939328 
0.7881553 
0.7778899 
0.7776143 
0.7870344 
0.7758168 
0.7755785 
0.7633339 
0.7568477 
0.7438629 
0.7457688 
0.7531596 
0.7415042 
0.7535573 
0.7492799 
0.7430873 
0.7559982 
0.7612951 
0.7680969 
0.7693559 
0.7588104 
0.7410663 
0.7651946 
0.7488756 
0.7448822 
0.7521339 
0.7585405 
0.7488405 
0.7496908 
0.7415025 
0.7377876 
0.7466694 
0.7457302 
0.7470843 
0.7216796 
0.7158083 
0.7235132 
0.7206429 
0.7259191 
0.7317039 
0.7308456 
0.7274083 
0.7196591 
0.7281146 
0.7301462 
0.7272975 
0.7221798 
0.7291282 
0.7360362 
0.7423334 
0.7398484 
0.7353263 
0.7307026 
0.7335236 
0.7238937 
0.7125561 
0.7194188 
0.7187325 
0.7122465 
0.7218963 
0.7249202 
0.7367806 
0.7344103 
0.7358657 
0.7332421 
0.7314788 
0.7300494 
0.7405935 
0.7255945 
0.7232448 
0.7183636 
0.6982840 
0.6900051 
0.6848766 
0.6880668 
0.6824862 
0.6838718 
0.6814149 
0.6797958 
0.6835235 
0.6782721 
0.6677235 
0.6553811 
0.6596552 
0.6615991 
0.6657784 
0.6630866 
0.6516558 
0.6441219 
0.6523145 
0.6692217 
0.6828111 
0.6896162 
0.6918143 
0.6962566 
0.7025053 
0.7061254 
0.6968300 
0.6928736 
0.6847274 
0.6795860 
0.6870311 
0.7048190 
0.7172153 
0.7202529 
0.7207752 
0.7012727 
0.6951334 
0.7007506 
0.7017944 
0.7028100 
0.6977087 
0.7060388 
0.7069562 
0.6882393 
0.6829290 
0.6791997 
0.6809731 
0.6602513 
0.6545833 
0.6433237 
0.6441492 
0.6421193 
0.6165591 
0.6150277 
0.6214906 
0.6313430 
0.6414836 
0.6243095 
0.6327822 
0.6368739 
0.6412037 
0.6321938 
0.6324064 
0.6417555 
0.6432020 
0.6557370 
0.6404481 
0.6469047 
0.6373433 
0.6305668 
0.6349214 
0.6425782 
0.6540000 
0.6648548 
0.6744093 
0.6739703 
0.6642638 
0.6749352 
0.6678138 
0.6554042 
0.6530368 
0.6497757 
0.6364836 
0.6356483 
0.6352928 
0.6294409 
0.6232199 
0.6226006 
0.6214373 
0.6311943 
0.6321949 
0.6415287 
0.6511404 
0.6448377 
0.6490692 
0.6518291 
0.6445200 
0.6317271 
0.6223444 
0.6188648 
0.6251582 
0.6368313 
0.6308113 
0.6232197 
0.6244786 
0.6206348 
0.6017328 
0.6013743 
0.6022284 
0.6153264 
0.6160566 
0.6078997 
0.6166795 
0.6167739 
0.6039127 
0.6112040 
0.6208658 
0.6152717 
0.6160005 
0.6084620 
0.6067719 
0.6198211 
0.6091016 
0.6107566 
0.6143924 
0.6149386 
0.6100636 
0.6110903 
0.6108713 
0.6093299 
0.6124505 
0.6118412 
0.6153487 
0.6060533 
0.6110806 
0.6215446 
0.6098546 
0.5972650 
0.6005762 
0.5968739 
0.6040421 
0.6198755 
0.6273016 
0.6138886 
0.5995687 
0.6033828 
0.5867363 
0.5868424 
0.5881169 
0.5854798 
0.5781611 
0.5763483 
0.5733036 
0.5719435 
0.5715026 
0.5712437 
0.5841941 
0.5772156 
0.5781432 
0.5888598 
0.6001151 
0.6020864 
0.6055661 
0.5937393 
0.5885796 
0.5801297 
0.5772554 
0.5720372 
0.5737078 
0.5734739 
0.5651439 
0.5739367 
0.5814784 
0.5871329 
0.5921719 
0.5921537 
0.6004850 
0.6108336 
0.6094108 
0.6061709 
0.6059632 
0.6010170 
0.5890364 
0.5945741 
0.5684750 
0.5720255 
0.5763817 
0.5832220 
0.5803611 
0.5797927 
0.5826128 
0.5775167 
0.5792206 
0.5732417 
0.5668550 
0.5468481 
0.5529743 
0.5559624 
0.5484727 
0.5539967 
0.5507572 
0.5493163 
0.5425334 
0.5395638 
0.5342066 
0.5328034 
0.5388719 
0.5520963 
0.5517350 
0.5444508 
0.5468132 
0.5479339 
0.5419173 
0.5335653 
0.5260563 
0.5285222 
0.5272090 
0.5289107 
0.5339671 
0.5326646 
0.5368005 
0.5321302 
0.5163880 
0.5045237 
0.5027667 
0.4977368 
0.4917743 
0.4834682 
0.4880910 
0.4772819 
0.4710803 
0.4743282 
0.4567482 
0.4703076 
0.4914418 
0.4904544 
0.5728295 
0.5701854 
0.5672724 
0.5701526 
0.5459407 
0.5384196 
0.5295368 
0.5383920 
0.5366382 
0.5243290 
0.5167292 
0.5151308 
0.5138943 
0.5233820 
0.5267341 
0.5382266 
0.5342192 
0.5147495 
0.5184051 
0.5285939 
0.5127619 
0.5120921 
0.5193777 
0.5254660 
0.5256838 
0.5187292 
0.5193083 
0.5241317 
0.5225101 
0.5349429 
0.5415799 
0.5426102 
0.5387656 
0.5358099 
0.5269057 
0.5145454 
0.5057390 
0.5161226 
0.5275734 
0.5251950 
0.5078804 
0.4971168 
0.5018975 
0.5066858 
0.4980879 
0.4957261 
0.4870112 
0.4834825 
0.4884559 
0.4875407 
0.4838546 
0.4869399 
0.4762186 
0.4806792 
0.4720249 
0.4589113 
0.4732544 
0.4704549 
0.4817376 
0.4974721 
0.4871677 
0.4801689 
0.4840570 
0.4775434 
0.4764600 
0.4711626 
0.4672289 
0.4810511 
0.4893929 
0.4874892 
0.4844231 
0.4796383 
0.4710664 
0.4577913 
0.4558133 
0.4514465 
0.4492099 
0.4590360 
0.4640832 
0.4737001 
0.4711423 
0.4676339 
0.4695662 
0.4599101 
0.4624382 
0.4593516 
0.4494004 
0.4399237 
0.4392042 
0.4426523 
0.4428118 
0.4528915 
0.4580288 
0.4597596 
0.4562688 
0.4504285 
0.4518572 
0.4605344 
0.4500236 
0.4333819 
0.4256588 
0.4196928 
0.4099530 
0.4184997 
0.4269277 
0.4397341 
0.4475290 
0.4525197 
0.4577005 
0.4560194 
0.4528786 
0.4672796 
0.4638054 
0.4616000 
0.4671520 
0.4594585 
0.4444894 
0.4392036 
0.4404336 
0.4409114 
0.4339477 
0.4382117 
0.4401082 
0.4442155 
0.4475625 
0.4567505 
0.4538997 
0.4530864 
0.4310274 
0.4341245 
0.4389874 
0.4339031 
0.4197978 
0.4216476 
0.4161814 
0.4048217 
0.4045375 
0.4042498 
0.4087984 
0.4152273 
0.4068582 
0.4111359 
0.4119079 
0.4049983 
0.4086650 
0.4137176 
0.4095706 
0.4051480 
0.4062529 
0.4079819 
0.4071882 
0.4051087 
0.4047138 
0.4019815 
0.4082941 
0.4058733 
0.4007733 
0.3949505 
0.3839386 
0.3883614 
0.3842663 
0.3937587 
0.3994575 
0.3962775 
0.3822420 
0.3867267 
0.3757359 
0.3949873 
0.3956103 
0.4027371 
0.3967651 
0.3889556 
0.3929690 
0.3825740 
0.3896465 
0.3939037 
0.4069744 
0.4026028 
0.4196212 
0.4144736 
0.4003387 
0.3924698 
0.3907129 
0.3818171 
0.3839658 
0.3755084 
0.3693080 
0.3834163 
0.3819918 
0.3751733 
0.3713454 
0.3679132 
0.3696054 
0.3811097 
0.3941820 
0.3955866 
0.3818065 
0.3750104 
0.3690041 
0.3582870 
0.3551055 
0.3631672 
0.3575240 
0.3630810 
0.3732797 
0.3835303 
0.3943354 
0.4088354 
0.4168454 
0.4175815 
0.4094506 
0.4033321 
0.3763696 
0.3397127 
0.3246208 
0.3187522 
0.3222347 
0.3323677 
0.3352984 
0.3465880 
0.3515196 
0.3725154 
0.3719635 
0.3691214 
0.3716745 
0.3556928 
0.3499017 
0.3501592 
0.3441719 
0.3333257 
0.3360247 
0.3429927 
0.3443534 
0.3511545 
0.3533642 
0.3578292 
0.3544177 
0.3515756 
0.3527685 
0.3512201 
0.3511500 
0.3382452 
0.3391718 
0.3383532 
0.3384163 
0.3447671 
0.3530335 
0.3633660 
0.3631024 
0.3693655 
0.3611016 
0.3527666 
0.3376330 
0.3422804 
0.3388984 
0.3397998 
0.3422820 
0.3412070 
0.3589341 
0.3453346 
0.3347172 
0.3269486 
0.3359007 
0.3154712 
0.3163117 
0.3118717 
0.3213888 
0.3022527 
0.3054531 
0.3008433 
0.2978150 
0.2989027 
0.3063808 
0.3100505 
0.3005939 
0.2903672 
0.2945072 
0.3011865 
0.3031391 
0.2975130 
0.2945542 
0.2915616 
0.2803770 
0.2729626 
0.2663430 
0.2596116 
0.2578451 
0.2652332 
0.2730955 
0.2738170 
0.2902478 
0.2872427 
0.2931042 
0.2978422 
0.3034668 
0.2973503 
0.3004994 
0.2829284 
0.2777468 
0.2763172 
0.2849860 
0.2958181 
0.3124425 
0.3310518 
0.3333899 
0.3257578 
0.3143174 
0.3037101 
0.2832562 
0.2683974 
0.2679371 
0.2538193 
0.2701285 
0.2683078 
0.2642997 
0.2788045 
0.2763302 
0.2777471 
0.2859760 
0.2887557 
0.2914641 
0.2733922 
0.2627887 
0.2735367 
0.2748644 
0.2869499 
0.2961031 
0.2968845 
0.2989620 
0.3021514 
0.2989001 
0.2858594 
0.2743262 
0.2674858 
0.2740630 
0.2806835 
0.2898083 
0.2755821 
0.2713712 
0.2732879 
0.2749619 
0.2756759 
0.2944408 
0.2963025 
0.3150435 
0.3246762 
0.3177357 
0.3221067 
0.3242200 
0.3247295 
0.3216033 
0.3312326 
0.3270295 
0.3208210 
0.3111878 
0.3021435 
0.2860695 
0.2604609 
0.2667232 
0.2715967 
0.2751113 
0.2708806 
0.2719685 
0.2848317 
0.2989216 
0.2943011 
0.2974733 
0.2929258 
0.2939070 
0.2858627 
0.2769706 
0.2664268 
0.2651564 
0.2588481 
0.2569503 
0.2480448 
0.2483533 
0.2410729 
0.2395275 
0.2383466 
0.2435302 
0.2501225 
0.2577312 
0.2508696 
0.2496497 
0.2490331 
0.2545730 
0.2613341 
0.2760012 
0.2836348 
0.2943234 
0.2911026 
0.2787599 
0.2699383 
0.2534060 
0.2457314 
0.2390043 
0.2363933 
0.2462650 
0.2338294 
0.2390735 
0.2288820 
0.2353310 
0.2387209 
0.2388340 
0.2293019 
0.2259717 
0.2257305 
0.2351034 
0.2345432 
0.2320754 
0.2405538 
0.2477872 
0.2377302 
0.2406272 
0.2309320 
0.2253308 
0.2137479 
0.2120959 
0.2219038 
0.2389019 
0.2438850 
0.2544486 
0.2592053 
0.2562528 
0.2563927 
0.2616792 
0.2573289 
0.2557652 
0.2579889 
0.2594372 
0.2603754 
0.2559779 
0.2653515 
0.2528124 
0.2497323 
0.2525502 
0.2504036 
0.2398252 
0.2439778 
0.2344546 
0.2453934 
0.2401109 
0.2330938 
0.2392630 
0.2361670 
0.2374114 
0.2290373 
0.2391216 
0.2487893 
0.2568822 
0.2517153 
0.2480314 
0.2460215 
0.2460903 
0.2614183 
0.2668125 
0.2691612 
0.2594613 
0.2576863 
0.2520580 
0.2556550 
0.2514382 
0.2502140 
0.2551909 
0.2556263 
0.2562150 
0.2572625 
0.2437998 
0.2533433 
0.2522676 
0.2570657 
0.2501500 
0.2542104 
0.2435082 
0.2416650 
0.2518930 
0.2501772 
0.2467985 
0.2383577 
0.2232530 
0.2271070 
0.2273104 
0.2334440 
0.2382392 
0.2332717 
0.2394344 
0.2390530 
0.2370561 
0.2325633 
0.2377674 
0.2365768 
0.2275723 
0.2178415 
0.2244959 
0.2208580 
0.2226805 
0.2370100 
0.2353640 
0.2337209 
0.2383074 
0.2450311 
0.2523727 
0.2527660 
0.2485905 
0.2453928 
0.2365442 
0.2262307 
0.2202711 
0.2099485 
0.2210307 
0.2138706 
0.2077839 
0.1979940 
0.1931394 
0.1919440 
0.1932817 
0.1980695 
0.2055834 
0.2029333 
0.2077932 
0.2012556 
0.1996134 
0.2023362 
0.1912368 
0.1935626 
0.1906587 
0.1859876 
0.1810192 
0.1729769 
0.1719069 
0.1756584 
0.1873345 
0.1973501 
0.2035226 
0.2074498 
0.2021901 
0.2050261 
0.2054402 
0.2000724 
0.2017325 
0.1981716 
0.1976589 
0.1857850 
0.1821527 
0.1708906 
0.1775413 
0.1872417 
0.2058253 
0.1988827 
0.1992335 
0.2058474 
0.1918384 
0.1862641 
0.1872482 
0.1938016 
0.2009426 
0.2030345 
0.1922073 
0.1879740 
0.1804719 
0.1723707 
0.1742898 
0.1762618 
0.1774457 
0.1787623 
0.1720493 
0.1615747 
0.1573990 
0.1551911 
0.1659587 
0.1715964 
0.1728908 
0.1672108 
0.1678754 
0.1678492 
0.1656245 
0.1722741 
0.1734893 
0.1646150 
0.1605044 
0.1487398 
0.1424302 
0.1477386 
0.1397771 
0.1388662 
0.1374048 
0.1457079 
0.1527799 
0.1576152 
0.1616121 
0.1585121 
0.1584537 
0.1474818 
0.1552433 
0.1446812 
0.1430094 
0.1413103 
0.1273717 
0.1291678 
0.1189902 
0.1192620 
0.1183789 
0.1225274 
0.1235833 
0.1313522 
0.1350590 
0.1416067 
0.1444459 
0.1418144 
0.1424353 
0.1482950 
0.1430021 
0.1479164 
0.1461811 
0.1714555 
0.1570877 
0.1609917 
0.1574253 
0.1537993 
0.1539448 
0.1601185 
0.1590049 
0.1542243 
0.1486143 
0.1524324 
0.1345845 
0.1332909 
0.1316376 
0.1281135 
0.1356285 
0.1396957 
0.1397872 
0.1389949 
0.1436540 
0.1348896 
0.1439558 
0.1421406 
0.1310862 
0.1272167 
0.1247876 
0.1187254 
0.1183711 
0.1218097 
0.1115967 
0.1105678 
0.1132787 
0.1163265 
0.1112302 
0.1079782 
0.0995106 
0.1010991 
0.1025756 
0.1110428 
0.1078426 
0.1077579 
0.1090646 
0.1105029 
0.1163250 
0.1223506 
0.1300836 
0.1244544 
0.1301285 
0.1299927 
0.1296853 
0.1227836 
0.1231106 
0.0791469 
0.0775303 
0.0889331 
0.0881221 
0.0875564 
0.0736082 
0.0597728 
0.0572721 
0.0523576 
0.0559813 
0.0535361 
0.0455544 
0.0371322 
0.0340600 
0.0359289 
0.0632280 
0.0748137 
0.0847228 
0.0932028 
0.0969911 
0.1000483 
0.0985131 
0.0915895 
0.0803863 
0.0792467 
0.0744032 
0.0639299 
0.0624876 
0.0507771 
0.0454304 
0.0368847 
0.0373831 
0.0324054 
0.0319118 
0.0375410 
0.0392972 
0.0332764 
0.0274839 
0.0177132 
0.0113456 
0.0122125 
0.0068977 
0.0038314 
0.0000000 
0.0188910 
0.0191889 
0.0263954 
0.0306789 
0.0383855 
0.0411799 
0.0435417 
0.0481733 
0.0492111 
0.0358362 
0.0323402 
0.0294265 
0.0299457 
0.0150977 
0.0170469 
0.0094197 
0.0144597 
0.0125701 
0.0040817 
