0.0001402 
0.0000146 
-0.0000690 
0.3188628 
-0.1064209 
0.0598033 
0.9720534 
0.9778710 
0.9831783 
0.9834918 
0.9782770 
0.9799828 
0.9752644 
0.9817312 
0.9718927 
0.9788940 
0.9853990 
0.9845090 
0.9798507 
0.9800626 
0.9865016 
0.9790966 
0.9835470 
0.9857149 
0.9855848 
0.9847943 
0.9886355 
0.9881852 
0.9825961 
0.9825672 
0.9789467 
0.9841799 
0.9815322 
0.9770531 
0.9804141 
0.9911110 
0.9938098 
0.9987969 
0.9994346 
0.9936200 
1.0000000 
0.9985545 
0.9992812 
0.9993530 
0.9972479 
0.9872558 
0.9949737 
0.9899598 
0.9869881 
0.9722705 
0.9758980 
0.9816252 
0.9769816 
0.9772166 
0.9726152 
0.9665880 
0.9613668 
0.9572730 
0.9549421 
0.9506492 
0.9493392 
0.9482210 
0.9530085 
0.9569963 
0.9592972 
0.9520392 
0.9501974 
0.9406137 
0.9338298 
0.9348864 
0.9286561 
0.9243971 
0.9291964 
0.9295203 
0.9371095 
0.9406100 
0.9363068 
0.9274469 
0.9327330 
0.9133367 
0.9067990 
0.9159914 
0.9195832 
0.9320741 
0.9261322 
0.9318540 
0.9304557 
0.9324850 
0.9282941 
0.9274263 
0.9323345 
0.9375304 
0.9515566 
0.9613699 
0.9536349 
0.9543270 
0.9348113 
0.9300120 
0.9119790 
0.9117944 
0.9128813 
0.9058138 
0.8958433 
0.9137511 
0.9301245 
0.9336766 
0.9289959 
0.9167189 
0.9178849 
0.9007092 
0.9092473 
0.9097747 
0.9167095 
0.9006747 
0.8997232 
0.9097056 
0.9157952 
0.9192444 
0.9078789 
0.9110774 
0.9155209 
0.9201232 
0.9175816 
0.9072290 
0.9020510 
0.8971688 
0.8981357 
0.9061736 
0.9084205 
0.8963079 
0.9084472 
0.9117881 
0.9142718 
0.9216054 
0.9206859 
0.9179007 
0.9257918 
0.9198769 
0.9177935 
0.9268940 
0.9287625 
0.9226329 
0.9252347 
0.9206953 
0.9331775 
0.9329715 
0.9431338 
0.9427524 
0.9363632 
0.9360198 
0.9284144 
0.9224108 
0.9141623 
0.9078657 
0.9097053 
0.9328273 
0.9348279 
0.9381894 
0.9398853 
0.9402846 
0.9303260 
0.9235895 
0.9116216 
0.9171049 
0.9252154 
0.9229940 
0.9289626 
0.9340967 
0.9367722 
0.9332985 
0.9274206 
0.9392370 
0.9416763 
0.9456458 
0.9560942 
0.9575839 
0.9510842 
0.9411480 
0.9366512 
0.9200534 
0.9176284 
0.9153460 
0.9087940 
0.9053669 
0.9004498 
0.9058593 
0.9007733 
0.9011136 
0.8937685 
0.8947539 
0.8937574 
0.8848282 
0.8891407 
0.8888972 
0.8719464 
0.8702383 
0.8811229 
0.8883573 
0.8858242 
0.8854547 
0.8808834 
0.8845135 
0.8978252 
0.8991677 
0.8955738 
0.8930547 
0.8809721 
0.8858048 
0.8845988 
0.8986860 
0.8940918 
0.8784385 
0.8798954 
0.8875977 
0.8848468 
0.8882426 
0.8779189 
0.8758957 
0.8866574 
0.8822253 
0.8846085 
0.8816028 
0.8717524 
0.8766861 
0.8816719 
0.8827764 
0.8872736 
0.8912060 
0.8780045 
0.8690679 
0.8608407 
0.8530877 
0.8437019 
0.8564291 
0.8484552 
0.8438901 
0.8477907 
0.8476161 
0.8518490 
0.8554274 
0.8579413 
0.8577775 
0.8550584 
0.8577684 
0.8470786 
0.8577985 
0.8680796 
0.8611314 
0.8712451 
0.8715364 
0.8725436 
0.8690427 
0.8542424 
0.8559387 
0.8529785 
0.8395226 
0.8374772 
0.8537588 
0.8617544 
0.8582940 
0.8566546 
0.8597885 
0.8546198 
0.8544579 
0.8525265 
0.8446986 
0.8496963 
0.8552727 
0.8539594 
0.8414680 
0.8490984 
0.8674480 
0.8732186 
0.8617303 
0.8532511 
0.8470753 
0.8461232 
0.8504678 
0.8472949 
0.8500041 
0.8558233 
0.8628209 
0.8639447 
0.8674079 
0.8546745 
0.8535288 
0.8680546 
0.8702283 
0.8639543 
0.8663094 
0.8633276 
0.8663732 
0.8745053 
0.8686224 
0.8633934 
0.8600021 
0.8627088 
0.8635343 
0.8583490 
0.8558780 
0.8583933 
0.8699778 
0.8655494 
0.8599658 
0.8546963 
0.8586146 
0.8572142 
0.8604738 
0.8521645 
0.8607614 
0.8620369 
0.8658708 
0.8458530 
0.8337462 
0.8470816 
0.8530362 
0.8607811 
0.8698218 
0.8654256 
0.8697763 
0.8697436 
0.8715161 
0.8661215 
0.8619815 
0.8505711 
0.8535975 
0.8512346 
0.8496167 
0.8451693 
0.8670074 
0.8648584 
0.8709544 
0.8574679 
0.8681925 
0.8626186 
0.8674494 
0.8637564 
0.8502169 
0.8478314 
0.8467528 
0.8547883 
0.8567971 
0.8636096 
0.8606982 
0.8711366 
0.8682095 
0.8620877 
0.8498146 
0.8444182 
0.8411724 
0.8298544 
0.8481317 
0.8476662 
0.8589450 
0.8581973 
0.8664175 
0.8675470 
0.8679098 
0.8620269 
0.8632002 
0.8621016 
0.8678461 
0.8683924 
0.8641214 
0.8728634 
0.8646828 
0.8603068 
0.8624705 
0.8619068 
0.8609132 
0.8528151 
0.8579492 
0.8531901 
0.8608482 
0.8625837 
0.8607254 
0.8496472 
0.8599958 
0.8780127 
0.8727033 
0.8789833 
0.8751852 
0.8702281 
0.8742334 
0.8634442 
0.8526522 
0.8489869 
0.8567298 
0.8625974 
0.8670286 
0.8690501 
0.8754200 
0.8740827 
0.8668152 
0.8580640 
0.8607208 
0.8600913 
0.8584987 
0.8514130 
0.8544966 
0.8413118 
0.8424951 
0.8462068 
0.8569176 
0.8576905 
0.8557073 
0.8596785 
0.8476320 
0.8468138 
0.8535120 
0.8489727 
0.8538465 
0.8585014 
0.8571408 
0.8550105 
0.8694555 
0.8561972 
0.8566263 
0.8523415 
0.8495300 
0.8428776 
0.8578938 
0.8585068 
0.8648754 
0.8664067 
0.8632549 
0.8693267 
0.8658880 
0.8718826 
0.8747187 
0.8656618 
0.8700712 
0.8657442 
0.8648005 
0.8711581 
0.8712034 
0.8685517 
0.8701252 
0.8789950 
0.8846289 
0.8730062 
0.8753411 
0.8847044 
0.8683025 
0.8697598 
0.8655878 
0.8551254 
0.8473702 
0.8385048 
0.8374688 
0.8312043 
0.8452765 
0.8442997 
0.8591002 
0.8560803 
0.8457042 
0.8387844 
0.8517384 
0.8626770 
0.8564281 
0.8634048 
0.8452890 
0.8420105 
0.8447837 
0.8374445 
0.8286204 
0.8399153 
0.8510789 
0.8488772 
0.8539197 
0.8485289 
0.8488622 
0.8471441 
0.8433739 
0.8416949 
0.8474402 
0.8464488 
0.8448619 
0.8612420 
0.8676627 
0.8644188 
0.8543899 
0.8530547 
0.8589495 
0.8696745 
0.8748313 
0.8592805 
0.8799422 
0.8748039 
0.8814446 
0.8837101 
0.8742316 
0.8783559 
0.8821024 
0.8775469 
0.8765153 
0.8866395 
0.8819137 
0.8827108 
0.8791844 
0.8857915 
0.8807522 
0.8846039 
0.8773862 
0.8673484 
0.8687390 
0.8598722 
0.8608796 
0.8598427 
0.8654120 
0.8641170 
0.8587180 
0.8677483 
0.8715522 
0.8668285 
0.8623270 
0.8708357 
0.8787187 
0.8703651 
0.8716085 
0.8699211 
0.8657929 
0.8685145 
0.8672947 
0.8741202 
0.8624936 
0.8643454 
0.8540195 
0.8586719 
0.8574566 
0.8590623 
0.8600381 
0.8592183 
0.8667237 
0.8621442 
0.8637016 
0.8757088 
0.8816761 
0.8892047 
0.8808659 
0.8485012 
0.8456933 
0.8473578 
0.8465204 
0.8404932 
0.8375684 
0.8407002 
0.8410037 
0.8447881 
0.8490103 
0.8542187 
0.8520652 
0.8588147 
0.8505100 
0.8635514 
0.8558998 
0.8555409 
0.8649626 
0.8556526 
0.8568895 
0.8645144 
0.8724684 
0.8742248 
0.8678941 
0.8668866 
0.8647871 
0.8619696 
0.8554390 
0.8632203 
0.8581645 
0.8566986 
0.8602034 
0.8591436 
0.8493544 
0.8478853 
0.8526356 
0.8508522 
0.8460950 
0.8522018 
0.8472376 
0.8474517 
0.8499378 
0.8535696 
0.8515852 
0.8430379 
0.8379458 
0.8310772 
0.8317735 
0.8328625 
0.8346165 
0.8432155 
0.8401996 
0.8396723 
0.8294963 
0.8332544 
0.8389679 
0.8264829 
0.8247754 
0.8298617 
0.8286919 
0.8266681 
0.8333295 
0.8342121 
0.8380587 
0.8399821 
0.8399116 
0.8408963 
0.8418122 
0.8447517 
0.8478886 
0.8393439 
0.8394371 
0.8339589 
0.8384603 
0.8552150 
0.8601668 
0.8537171 
0.8590039 
0.8518419 
0.8536089 
0.8432447 
0.8485743 
0.8450060 
0.8462467 
0.8493114 
0.8531425 
0.8525372 
0.8598493 
0.8509718 
0.8565550 
0.8597111 
0.8620837 
0.8554999 
0.8520408 
0.8507723 
0.8526718 
0.8485807 
0.8483848 
0.8496417 
0.8497344 
0.8494717 
0.8363130 
0.8476638 
0.8397178 
0.8425677 
0.8413021 
0.8436827 
0.8447920 
0.8517337 
0.8486776 
0.8355976 
0.8462601 
0.8471236 
0.8388977 
0.8405424 
0.8422427 
0.8471496 
0.8396897 
0.8354959 
0.8411216 
0.8470388 
0.8388844 
0.8344063 
0.8409382 
0.8385189 
0.8358894 
0.8414071 
0.8474110 
0.8540665 
0.8564226 
0.8532879 
0.8476101 
0.8568888 
0.8620489 
0.8496412 
0.8506935 
0.8452631 
0.8480015 
0.8432950 
0.8332185 
0.8295751 
0.8298829 
0.8336283 
0.8406586 
0.8310263 
0.8300921 
0.8264861 
0.8303909 
0.8336349 
0.8257428 
0.8283596 
0.8215223 
0.8235769 
0.8257459 
0.8308347 
0.8394726 
0.8357859 
0.8308185 
0.8398096 
0.8382993 
0.8326645 
0.8264025 
0.8215605 
0.8194060 
0.8402653 
0.8396883 
0.8380820 
0.8381661 
0.8215200 
0.8202889 
0.8340310 
0.8335686 
0.8378731 
0.8326026 
0.8439797 
0.8413196 
0.8381390 
0.8406593 
0.8352337 
0.8387591 
0.8377077 
0.8333906 
0.8340053 
0.8280913 
0.8339179 
0.8289415 
0.8273014 
0.8347059 
0.8262438 
0.8236132 
0.8218959 
0.8119100 
0.8190066 
0.8166055 
0.8230842 
0.8195427 
0.8251898 
0.8220513 
0.8126726 
0.8200793 
0.8229811 
0.8225617 
0.8177495 
0.8270040 
0.8221692 
0.8155901 
0.8221378 
0.8208471 
0.8289477 
0.8280672 
0.8310796 
0.8341670 
0.8232030 
0.8210501 
0.8206512 
0.8168110 
0.8204161 
0.8181543 
0.8119543 
0.8135607 
0.8105036 
0.8138684 
0.8142496 
0.8216760 
0.8202453 
0.8132999 
0.8124994 
0.8088310 
0.8070894 
0.8048174 
0.8101553 
0.8146364 
0.8176503 
0.8213385 
0.8274437 
0.8123194 
0.8200373 
0.8210476 
0.8287142 
0.8270708 
0.8314547 
0.8158744 
0.8220042 
0.8088100 
0.8064242 
0.8025775 
0.7950691 
0.7869669 
0.8084422 
0.8134968 
0.8018051 
0.8071376 
0.8094464 
0.8173934 
0.8197443 
0.8230721 
0.8303645 
0.8286155 
0.8279381 
0.8242234 
0.8248725 
0.8150177 
0.8210179 
0.8163501 
0.8300707 
0.8163256 
0.8252921 
0.8359521 
0.8371630 
0.8358253 
0.8401102 
0.8371209 
0.8409803 
0.8313783 
0.8324000 
0.8265466 
0.8207060 
0.8182779 
0.8094053 
0.8049640 
0.7881841 
0.7823290 
0.7708890 
0.7758310 
0.7771862 
0.7741829 
0.7778070 
0.8196066 
0.8400301 
0.8562298 
0.8518132 
0.8548194 
0.8589791 
0.8601051 
0.8488563 
0.8408700 
0.8271390 
0.8122731 
0.8029696 
0.8062399 
0.7965194 
0.7961042 
0.7982057 
0.7993483 
0.7991023 
0.8120182 
0.8557388 
0.8551523 
0.8482594 
0.8421503 
0.8464315 
0.8388942 
0.8342454 
0.8309433 
0.8301247 
0.8313284 
0.8341478 
0.8256914 
0.8443050 
0.8398136 
0.8368657 
0.8351529 
0.8410494 
0.8398994 
0.8396590 
0.8440102 
0.8308439 
0.8178028 
0.8178457 
0.8224643 
0.8203545 
0.8251883 
0.8215975 
0.8277565 
0.8316608 
0.8244782 
0.8225451 
0.8265792 
0.8261746 
0.8261044 
0.8245486 
0.8214473 
0.8093210 
0.8045399 
0.8116356 
0.8135777 
0.8153741 
0.8037063 
0.8091547 
0.8014908 
0.8092090 
0.8086156 
0.8041322 
0.8067535 
0.8012688 
0.8009912 
0.8017674 
0.7902583 
0.8024256 
0.7994429 
0.7999804 
0.7998384 
0.7985107 
0.8039561 
0.8049073 
0.8061898 
0.8062562 
0.8022611 
0.8064878 
0.8088160 
0.8015617 
0.8040246 
0.7979592 
0.7971716 
0.8041558 
0.7918410 
0.7966662 
0.8056505 
0.8112772 
0.8188462 
0.8181435 
0.8187906 
0.8179567 
0.8168083 
0.8187290 
0.8235867 
0.8186927 
0.8216975 
0.8212992 
0.8142860 
0.8079110 
0.8145127 
0.8062076 
0.8115318 
0.8098253 
0.8091808 
0.8133932 
0.8114217 
0.8057304 
0.8076287 
0.8120702 
0.8104751 
0.8086182 
0.8053973 
0.8127109 
0.8217587 
0.8247148 
0.8303524 
0.8312595 
0.8326129 
0.8321528 
0.8214972 
0.8172879 
0.8207760 
0.8201597 
0.8204419 
0.8129086 
0.8103447 
0.8093873 
0.8085661 
0.8021478 
0.8112049 
0.8151861 
0.7997457 
0.8013323 
0.8066695 
0.8012615 
0.7998968 
0.8041626 
0.7945095 
0.7898522 
0.7929841 
0.7846123 
0.7871348 
0.7804459 
0.7773586 
0.7764328 
0.7747642 
0.7748966 
0.7805070 
0.7703182 
0.7820862 
0.7827041 
0.7747949 
0.7728003 
0.7742893 
0.7750347 
0.7784325 
0.7734507 
0.7807956 
0.7737235 
0.7543242 
0.7558139 
0.7354788 
0.7407522 
0.7439763 
0.7403053 
0.7400765 
0.7394710 
0.7424005 
0.7477204 
0.7440211 
0.7427622 
0.7463553 
0.7474085 
0.7415217 
0.7426876 
0.7468165 
0.7486863 
0.7422084 
0.7482432 
0.7392913 
0.7447684 
0.7416471 
0.7476891 
0.7361849 
0.7354405 
0.7231743 
0.7136204 
0.7134949 
0.7185544 
0.7290893 
0.7266920 
0.7482808 
0.7568646 
0.7624839 
0.7683625 
0.7682736 
0.7662549 
0.7527561 
0.7604659 
0.7673156 
0.7606748 
0.7759274 
0.7740173 
0.7800280 
0.7945410 
0.7904647 
0.7932897 
0.7740183 
0.7539374 
0.7581774 
0.7764679 
0.7682201 
0.7708828 
0.7688975 
0.7712894 
0.7676114 
0.7775413 
0.7754137 
0.7748842 
0.7713697 
0.7727404 
0.7670753 
0.7790102 
0.7971887 
0.8016484 
0.8093951 
0.8092504 
0.8081716 
0.8135106 
0.8043992 
0.8040477 
0.8008834 
0.8065358 
0.8012877 
0.7946534 
0.7953015 
0.7923322 
0.7950037 
0.7946828 
0.8113625 
0.8177224 
0.8126134 
0.8035670 
0.8024535 
0.7997195 
0.7907682 
0.7888778 
0.7827701 
0.7909080 
0.7886551 
0.7904516 
0.7884506 
0.7848612 
0.7846520 
0.7851415 
0.7794678 
0.7747441 
0.7953376 
0.7937782 
0.7783884 
0.7658815 
0.7749680 
0.7759373 
0.7666487 
0.7718644 
0.7581479 
0.7613888 
0.7499452 
0.7599855 
0.7646556 
0.7673546 
0.7738711 
0.7727998 
0.7781036 
0.7791608 
0.7708743 
0.7636183 
0.7637832 
0.7678018 
0.7636706 
0.7642378 
0.7603362 
0.7599810 
0.7613672 
0.7686605 
0.7731276 
0.7615459 
0.7655218 
0.7585501 
0.7571535 
0.7548484 
0.7594011 
0.7893989 
0.7935648 
0.7934481 
0.7943905 
0.7979422 
0.7983342 
0.7916663 
0.7833602 
0.7686616 
0.7681896 
0.7725928 
0.7814812 
0.7808294 
0.7782093 
0.7741497 
0.7831671 
0.7863802 
0.7849058 
0.7809624 
0.7849398 
0.7709905 
0.7685168 
0.7746868 
0.7904706 
0.7916057 
0.7904942 
0.7914031 
0.7889422 
0.7920986 
0.7798061 
0.7664602 
0.7683696 
0.7583406 
0.7677029 
0.7554421 
0.7483098 
0.7391415 
0.7470110 
0.7403003 
0.7386253 
0.7351134 
0.7268296 
0.7369762 
0.7456131 
0.7548846 
0.7576730 
0.7574468 
0.7495275 
0.7575323 
0.7576200 
0.7570962 
0.7572074 
0.7513726 
0.7454930 
0.7465434 
0.7476425 
0.7480949 
0.7505781 
0.7563700 
0.7515880 
0.7553173 
0.7423784 
0.7396389 
0.7374076 
0.7319174 
0.7348488 
0.7344118 
0.7332770 
0.7390511 
0.7449921 
0.7379430 
0.7361785 
0.7378574 
0.7366903 
0.7712062 
0.7748392 
0.7769792 
0.7796691 
0.7793856 
0.7880402 
0.7754826 
0.7736815 
0.7666966 
0.7608986 
0.7606133 
0.7596255 
0.7575799 
0.7521124 
0.7553651 
0.7506928 
0.7516957 
0.7539119 
0.7474948 
0.7532981 
0.7509429 
0.7480982 
0.7501760 
0.7441315 
0.7437555 
0.7505906 
0.7423530 
0.7560065 
0.7440983 
0.7336477 
0.7351565 
0.7392233 
0.7290447 
0.7338792 
0.7327834 
0.7321646 
0.7512756 
0.7498639 
0.7523529 
0.7629929 
0.7530644 
0.7574043 
0.7535357 
0.7520137 
0.7401083 
0.7423943 
0.7410599 
0.7364156 
0.7362514 
0.7367954 
0.7376947 
0.7377766 
0.7469537 
0.7449615 
0.7506402 
0.7432104 
0.7486027 
0.7467018 
0.7363070 
0.7369055 
0.7378550 
0.7505679 
0.7419353 
0.7397651 
0.7334566 
0.7321222 
0.7355196 
0.7292883 
0.7266515 
0.7368603 
0.7372485 
0.7369920 
0.7343018 
0.7416229 
0.7299742 
0.7357749 
0.7404020 
0.7393389 
0.7335212 
0.7382217 
0.7405042 
0.7315033 
0.7372246 
0.7299119 
0.7286309 
0.7332118 
0.7385114 
0.7398397 
0.7298369 
0.7158362 
0.7143071 
0.7206051 
0.7242187 
0.7406568 
0.7320284 
0.7329670 
0.7369492 
0.7357617 
0.7270729 
0.7307409 
0.7147561 
0.7107119 
0.7143481 
0.7228499 
0.7298119 
0.7324863 
0.7286318 
0.7245968 
0.7247321 
0.7257272 
0.7144855 
0.7069822 
0.7138231 
0.7145977 
0.7153778 
0.7177567 
0.7263724 
0.7276620 
0.7235202 
0.7251588 
0.7303525 
0.7312537 
0.7330326 
0.7322940 
0.7291959 
0.7141641 
0.7044548 
0.7124754 
0.7366960 
0.7429030 
0.7428572 
0.7448295 
0.7436019 
0.7443744 
0.7363563 
0.7249047 
0.7364076 
0.7418833 
0.7410673 
0.7413418 
0.7322577 
0.7374572 
0.7301941 
0.7385222 
0.7317193 
0.7311169 
0.7282682 
0.7331489 
0.7345269 
0.7309526 
0.7419881 
0.7368335 
0.7215759 
0.7356619 
0.7321587 
0.7274372 
0.7274735 
0.7376807 
0.7276874 
0.7283771 
0.7366657 
0.7396594 
0.7349839 
0.7319219 
0.7257703 
0.7332314 
0.7316691 
0.7217772 
0.7299864 
0.7245922 
0.7216321 
0.7304622 
0.7313384 
0.7334583 
0.7314333 
0.7281444 
0.7337674 
0.7342301 
0.7359205 
0.7476787 
0.7560319 
0.7484576 
0.7516703 
0.7524207 
0.7504948 
0.7249767 
0.7253417 
0.7318085 
0.7178166 
0.7031471 
0.7142614 
0.7095209 
0.7126361 
0.7160290 
0.7200976 
0.7258401 
0.7263865 
0.7235900 
0.7272469 
0.7232269 
0.7235322 
0.7180045 
0.7272905 
0.7214641 
0.7234030 
0.7347226 
0.7568488 
0.7596042 
0.7682196 
0.7623852 
0.7667207 
0.7572863 
0.7420217 
0.7376937 
0.7434841 
0.7347394 
0.7247420 
0.7283673 
0.7300482 
0.7201111 
0.7213587 
0.7223351 
0.7239011 
0.7205795 
0.7174527 
0.7177353 
0.7173391 
0.7210429 
0.7211103 
0.7208126 
0.7210032 
0.7141094 
0.7210063 
0.7245400 
0.7261136 
0.7193085 
0.7294844 
0.7312805 
0.7267068 
0.7090808 
0.7040317 
0.7081180 
0.7105246 
0.7099219 
0.7093092 
0.7166115 
0.7331312 
0.7334518 
0.7189802 
0.7111002 
0.7078022 
0.7075410 
0.7072377 
0.7107052 
0.7037404 
0.6961225 
0.7081786 
0.7130293 
0.7049724 
0.7032737 
0.7073200 
0.7163027 
0.7243380 
0.7216644 
0.7196210 
0.7307809 
0.7302507 
0.7330213 
0.7265490 
0.7337665 
0.7293206 
0.7193835 
0.7233876 
0.7261644 
0.7273751 
0.7222126 
0.7198295 
0.7143669 
0.7156367 
0.7241092 
0.7279288 
0.7253545 
0.7293165 
0.7162093 
0.7248202 
0.7247123 
0.7107470 
0.7316578 
0.7207265 
0.7219378 
0.7278509 
0.7463641 
0.7407720 
0.7333698 
0.7352209 
0.7331254 
0.7289484 
0.7437559 
0.7364849 
0.7449566 
0.7460447 
0.7440627 
0.7277613 
0.7314402 
0.7075187 
0.7171537 
0.7341058 
0.7270171 
0.7216194 
0.7305991 
0.7116149 
0.7217848 
0.7116657 
0.7466413 
0.7366979 
0.7432198 
0.7431139 
0.7419898 
0.7416526 
0.7427056 
0.7302597 
0.7097872 
0.7036495 
0.7006675 
0.7147913 
0.7349230 
0.7255102 
0.7285723 
0.7217844 
0.7203645 
0.7209883 
0.7331741 
0.7386666 
0.7392554 
0.7368094 
0.7345916 
0.7412602 
0.7361520 
0.7322874 
0.7209629 
0.7251967 
0.7391412 
0.7297816 
0.7265504 
0.7256073 
0.7431001 
0.7318417 
0.7410820 
0.7487946 
0.7429367 
0.7480875 
0.7434677 
0.7463625 
0.7103874 
0.7153227 
0.7182489 
0.7172010 
0.7122169 
0.7128083 
0.7180490 
0.7362015 
0.7387127 
0.7414275 
0.7284856 
0.7367294 
0.7312217 
0.7374810 
0.7369609 
0.7392331 
0.7481718 
0.7457540 
0.7408343 
0.7438781 
0.7313551 
0.7326860 
0.7327599 
0.7293131 
0.7509316 
0.7497251 
0.7342647 
0.7287497 
0.7156275 
0.7306503 
0.7374779 
0.7391985 
0.7355091 
0.7299664 
0.7300562 
0.7230794 
0.7226433 
0.7352005 
0.7312053 
0.7311124 
0.7192047 
0.7110144 
0.6971872 
0.7130011 
0.7184009 
0.7163121 
0.7133499 
0.7180774 
0.7235449 
0.7276948 
0.7373225 
0.7401877 
0.7310464 
0.7206119 
0.6864348 
0.6814772 
0.6803901 
0.6728057 
0.6856776 
0.7014830 
0.7095580 
0.7178577 
0.7287270 
0.7181394 
0.7108490 
0.7263221 
0.7219990 
0.7077780 
0.7010177 
0.7025643 
0.7081886 
0.6909864 
0.7018018 
0.6944866 
0.6937369 
0.6917990 
0.6996682 
0.7082752 
0.7200320 
0.7189282 
0.7191622 
0.7161148 
0.7130683 
0.7024198 
0.6965757 
0.6924862 
0.6909034 
0.6991702 
0.6998372 
0.7099083 
0.7014943 
0.7045075 
0.6932236 
0.6901808 
0.6912669 
0.6884775 
0.6912494 
0.6906239 
0.6863765 
0.6999413 
0.7189199 
0.7260604 
0.7303581 
0.7284059 
0.7181818 
0.7014430 
0.7027569 
0.7033052 
0.6996221 
0.6905069 
0.6891799 
0.6956899 
0.6988941 
0.7079732 
0.7094500 
0.7045306 
0.6910916 
0.6885509 
0.6986893 
0.6963579 
0.6955541 
0.6900149 
0.6878301 
0.6871358 
0.6910136 
0.6956277 
0.6968678 
0.6962424 
0.7018857 
0.6938526 
0.6866241 
0.6745412 
0.6840892 
0.6910246 
0.6931159 
0.6887302 
0.6875428 
0.6896897 
0.6917911 
0.6910407 
0.6955940 
0.7039605 
0.6942688 
0.7056135 
0.6988831 
0.6959276 
0.6987291 
0.6838130 
0.6923919 
0.6933211 
0.6950811 
0.6934575 
0.6954360 
0.7078637 
0.7055411 
0.7029227 
0.7081613 
0.7075460 
0.7021689 
0.6920239 
0.6926746 
0.6750476 
0.6799122 
0.6882192 
0.6786206 
0.6805983 
0.6824427 
0.6930708 
0.7067495 
0.7072128 
0.7101337 
0.7150157 
0.7260940 
0.7173080 
0.7269945 
0.7234257 
0.7155978 
0.7280049 
0.7364212 
0.7370401 
0.7415214 
0.7541979 
0.7455486 
0.7306865 
0.7116184 
0.6771098 
0.6774605 
0.6730591 
0.6736021 
0.6869229 
0.6791842 
0.6637082 
0.6612560 
0.6426429 
0.6367947 
0.6494346 
0.6453963 
0.6405763 
0.6527091 
0.6370161 
0.6400568 
0.6360896 
0.6396918 
0.6434198 
0.6602232 
0.6648843 
0.6635146 
0.6630037 
0.6584267 
0.6657035 
0.6816768 
0.6809797 
0.6804929 
0.6754217 
0.6746791 
0.6809633 
0.6874903 
0.6868513 
0.6866458 
0.7057370 
0.7107046 
0.6928395 
0.6889901 
0.6954905 
0.6854447 
0.6828166 
0.6692431 
0.6760322 
0.6870942 
0.6773297 
0.6902449 
0.6852817 
0.6924882 
0.6889922 
0.6947419 
0.6832149 
0.7115923 
0.7017771 
0.6778073 
0.6865524 
0.6966856 
0.6934348 
0.6793077 
0.6948852 
0.6860286 
0.7072223 
0.6780728 
0.6845199 
0.6787140 
0.6804324 
0.6922666 
0.6821724 
0.6962906 
0.6793796 
0.7034071 
0.6953270 
0.6688964 
0.6830400 
0.6884375 
0.6952107 
0.6838445 
0.6905650 
0.6795658 
0.6734294 
0.6855108 
0.6803010 
0.6795739 
0.6872537 
0.6786438 
0.6780611 
0.6895780 
0.6798208 
0.6974088 
0.6736070 
0.6906060 
0.6822485 
0.6879165 
0.6915400 
0.6811536 
0.6865103 
0.6950135 
0.6834523 
0.6824982 
0.6794752 
0.6708860 
0.6908701 
0.6836843 
0.6820215 
0.6897037 
0.6931900 
0.6971406 
0.6867900 
0.6927986 
0.6961127 
0.6770911 
0.6719628 
0.6813083 
0.6936065 
0.6868311 
0.6813819 
0.6737292 
0.6582430 
0.6778420 
0.6903397 
0.7009738 
0.7014234 
0.6948959 
0.6960979 
0.6933984 
0.6913170 
0.6835956 
0.7021952 
0.6917062 
0.7084785 
0.6986025 
0.6882214 
0.6932469 
0.6971009 
0.6927457 
0.7016486 
0.6931444 
0.6915512 
0.6850653 
0.7011312 
0.6934596 
0.6857624 
0.6981001 
0.7049200 
0.7023022 
0.7024177 
0.6774391 
0.6676877 
0.6753506 
0.6933161 
0.7045697 
0.7087483 
0.6940355 
0.6885688 
0.7069287 
0.7005333 
0.6959702 
0.7068207 
0.6967757 
0.6916795 
0.6836580 
0.6626652 
0.6533980 
0.6814544 
0.6745366 
0.6735565 
0.6665877 
0.6777105 
0.6937186 
0.7042978 
0.6972759 
0.6763671 
0.6918493 
0.7193024 
0.7167336 
0.7209073 
0.6931007 
0.6641455 
0.6716962 
0.6661268 
0.6544483 
0.6709515 
0.6604322 
0.6717148 
0.6828268 
0.6855871 
0.6854685 
0.6911171 
0.6827943 
0.6826826 
0.6630171 
0.6583489 
0.6673758 
0.6664228 
0.6718281 
0.6663952 
0.6367233 
0.6540579 
0.6357162 
0.6654571 
0.6515202 
0.6528528 
0.6314100 
0.6428185 
0.6436505 
0.6364016 
0.6434271 
0.6448984 
0.6264112 
0.6367879 
0.6533706 
0.6248903 
0.6466382 
0.6431436 
0.6212206 
0.6157662 
0.6382292 
0.6518863 
0.6431385 
0.6598320 
0.6523710 
0.6518860 
0.6540916 
0.6645750 
0.6616126 
0.6573491 
0.6276862 
0.6357912 
0.6637208 
0.6789002 
0.6401528 
0.6403043 
0.6517247 
0.6470979 
0.6513842 
0.6182577 
0.6263885 
0.6177724 
0.6344436 
0.6350488 
0.6352134 
0.6270128 
0.6255599 
0.6280969 
0.6124517 
0.6152597 
0.5935699 
0.6212252 
0.6188436 
0.6227931 
0.6154841 
0.6124005 
0.6029075 
0.6087814 
0.5912020 
0.6056980 
0.5827918 
0.5628136 
0.5764735 
0.5714710 
0.5620476 
0.5896865 
0.5969633 
0.5869797 
0.5780074 
0.5754963 
0.5936196 
0.5947318 
0.6066918 
0.5980170 
0.5964741 
0.5815978 
0.5894872 
0.6012587 
0.5796946 
0.5932594 
0.5738890 
0.5818518 
0.5944820 
0.5917378 
0.5943056 
0.5882245 
0.6135623 
0.5866148 
0.6253220 
0.5971097 
0.6094555 
0.5955684 
0.6096080 
0.6089425 
0.6011165 
0.5995853 
0.6220424 
0.5991528 
0.5789162 
0.5877930 
0.5925866 
0.5894834 
0.6072339 
0.5849559 
0.5935685 
0.5844279 
0.5915353 
0.5957963 
0.6031935 
0.5932468 
0.5807576 
0.5893124 
0.5885912 
0.5882110 
0.5732072 
0.5832114 
0.5937558 
0.5855654 
0.5761214 
0.5718616 
0.5791934 
0.5600059 
0.5769772 
0.5691112 
0.5724974 
0.5475746 
0.5711735 
0.5751179 
0.5756884 
0.5650219 
0.5779309 
0.5737211 
0.5618639 
0.5863630 
0.5741539 
0.5773525 
0.5890807 
0.5676892 
0.5569811 
0.5574090 
0.5704049 
0.5685489 
0.5579295 
0.5632674 
0.5559907 
0.5521788 
0.5314521 
0.5595452 
0.5512269 
0.5453743 
0.5346575 
0.5327659 
0.5627887 
0.5458066 
0.5449207 
0.5399170 
0.5461313 
0.5560202 
0.5441942 
0.5586956 
0.5516361 
0.5157274 
0.5170260 
0.5464079 
0.5285647 
0.5354659 
0.5367981 
0.5194275 
0.5274852 
0.5339094 
0.5415873 
0.5338538 
0.5280864 
0.5161676 
0.5130728 
0.5337405 
0.5263429 
0.5205213 
0.5198364 
0.5214524 
0.5381016 
0.5400462 
0.5262616 
0.5310347 
0.5354963 
0.5257926 
0.5035846 
0.5431647 
0.5366567 
0.5347996 
0.5290135 
0.5147982 
0.5255594 
0.5105476 
0.5031453 
0.5193501 
0.5281397 
0.5322918 
0.5206551 
0.4958124 
0.5092598 
0.5297916 
0.5069102 
0.5196736 
0.5185211 
0.5208144 
0.5326511 
0.5061264 
0.4912309 
0.4879651 
0.4821503 
0.4999119 
0.5094698 
0.5114196 
0.4937363 
0.5024533 
0.5107051 
0.4900119 
0.4928788 
0.4999092 
0.4814119 
0.4999809 
0.5111397 
0.5038654 
0.5083497 
0.4912117 
0.4966347 
0.4835864 
0.5030036 
0.4883677 
0.4824648 
0.5121172 
0.4756000 
0.4700177 
0.4815545 
0.5073886 
0.4846911 
0.4985205 
0.5192020 
0.4880485 
0.4977782 
0.4903928 
0.4817242 
0.4982723 
0.4799591 
0.5033618 
0.4787496 
0.5010758 
0.4914465 
0.4956306 
0.4862063 
0.4723261 
0.4767480 
0.4672898 
0.4686699 
0.4656447 
0.4682655 
0.4656046 
0.4683127 
0.4688823 
0.4689399 
0.4617984 
0.4569863 
0.4531575 
0.4702105 
0.4803789 
0.4744248 
0.4742975 
0.4811537 
0.4727839 
0.4975795 
0.4810776 
0.5019382 
0.4979102 
0.5091055 
0.4888284 
0.4812271 
0.4719392 
0.4598149 
0.4449869 
0.4381612 
0.4568471 
0.4565244 
0.4611615 
0.4592598 
0.4432972 
0.4512802 
0.4512572 
0.4794419 
0.4553775 
0.4557462 
0.4596153 
0.4572659 
0.4465080 
0.4551295 
0.4492821 
0.4325325 
0.4361488 
0.4386389 
0.4582496 
0.4501807 
0.4446563 
0.4591105 
0.4338134 
0.4246192 
0.4330357 
0.4435622 
0.4560957 
0.4278758 
0.4581953 
0.4462591 
0.4595339 
0.4449728 
0.4596288 
0.4534719 
0.4403959 
0.4548913 
0.4630700 
0.4249494 
0.4181990 
0.4364563 
0.4225749 
0.4246351 
0.4198650 
0.4011754 
0.4091941 
0.4020778 
0.4055852 
0.4359020 
0.4292250 
0.4375436 
0.4151548 
0.3904821 
0.4146692 
0.4254331 
0.4236035 
0.4147190 
0.4215103 
0.4091843 
0.4375565 
0.4133226 
0.4289349 
0.4157308 
0.4334129 
0.4257877 
0.3850878 
0.4008550 
0.4159968 
0.4101577 
0.4094734 
0.4030699 
0.3869460 
0.3810187 
0.3910123 
0.4008201 
0.4021437 
0.4038708 
0.4113484 
0.3958839 
0.4157371 
0.4091339 
0.3910362 
0.4063494 
0.4041238 
0.4128863 
0.3917814 
0.4145863 
0.3933016 
0.3746335 
0.4049789 
0.3892976 
0.4071267 
0.4024918 
0.3863247 
0.4024800 
0.3934175 
0.3754433 
0.3956106 
0.3718084 
0.3652825 
0.3826338 
0.3758450 
0.3968979 
0.3808189 
0.3689628 
0.3466382 
0.3612474 
0.3582869 
0.4013765 
0.3857846 
0.3732592 
0.3663599 
0.3568447 
0.3811940 
0.3714994 
0.3681562 
0.3865417 
0.3983815 
0.4223644 
0.3837373 
0.3829101 
0.3805198 
0.3876409 
0.4102484 
0.4012558 
0.4130362 
0.3770164 
0.4029111 
0.3919797 
0.3695522 
0.4022783 
0.3896483 
0.4053297 
0.3932537 
0.3827075 
0.4044039 
0.4057925 
0.3995958 
0.3586444 
0.3543670 
0.3726539 
0.3669344 
0.3620448 
0.3500732 
0.3639009 
0.3733028 
0.3705593 
0.3802274 
0.3548754 
0.3656909 
0.3774333 
0.3743390 
0.3587444 
0.3835866 
0.3578817 
0.3757019 
0.3482241 
0.3565864 
0.3489149 
0.3829508 
0.3691971 
0.3840878 
0.3674637 
0.3912171 
0.3729280 
0.4014221 
0.3905090 
0.4058043 
0.3770930 
0.3944109 
0.3561318 
0.3476730 
0.3635704 
0.3244014 
0.3680135 
0.3718402 
0.3472742 
0.3371757 
0.3494359 
0.3387272 
0.3321937 
0.3263690 
0.3387747 
0.3537635 
0.3615586 
0.3648505 
0.3183453 
0.3305009 
0.3314953 
0.3291954 
0.3376811 
0.3192947 
0.3231394 
0.3255102 
0.3169463 
0.2960983 
0.2922897 
0.3021747 
0.3057654 
0.3120828 
0.3327676 
0.3294731 
0.3229395 
0.3030985 
0.3403003 
0.3392948 
0.3145291 
0.2991740 
0.3303468 
0.3263107 
0.3151050 
0.3286013 
0.3194147 
0.3203874 
0.3336133 
0.3121264 
0.3079952 
0.3074072 
0.3204828 
0.2979182 
0.2958938 
0.3022739 
0.3072328 
0.3158303 
0.3225821 
0.2971797 
0.3116764 
0.3004143 
0.2978997 
0.2791754 
0.2952852 
0.2952031 
0.2901587 
0.3038266 
0.2876218 
0.2757113 
0.2817979 
0.2782071 
0.2928768 
0.3048657 
0.3032078 
0.2906402 
0.2964258 
0.2963213 
0.2902582 
0.3150043 
0.2972698 
0.3331425 
0.3395982 
0.3351932 
0.3364121 
0.3320311 
0.3390429 
0.3181398 
0.3149932 
0.2940214 
0.3192525 
0.3194425 
0.3402164 
0.3617290 
0.3387066 
0.3500857 
0.3222961 
0.3150219 
0.3430051 
0.3403039 
0.3156150 
0.2910128 
0.3223347 
0.3101326 
0.3273448 
0.3361639 
0.3024486 
0.2873821 
0.3011931 
0.3093887 
0.2663413 
0.3134248 
0.3124632 
0.2898264 
0.3048945 
0.2792573 
0.2719482 
0.2743465 
0.2772254 
0.2493233 
0.2940045 
0.2898655 
0.2624073 
0.3089782 
0.2775852 
0.2544818 
0.3028677 
0.2622571 
0.2487333 
0.2742696 
0.2576371 
0.2631902 
0.2677520 
0.2634701 
0.2620587 
0.2641166 
0.3008540 
0.2850091 
0.2330971 
0.2722691 
0.2517587 
0.2588705 
0.2380384 
0.2581748 
0.2834262 
0.3024330 
0.2393457 
0.2693771 
0.2913783 
0.2634213 
0.2492318 
0.2625853 
0.2485217 
0.2427053 
0.2470169 
0.2788929 
0.2720588 
0.2488156 
0.2333973 
0.2249824 
0.2500287 
0.2482474 
0.2550363 
0.2421913 
0.2575713 
0.2582670 
0.2443896 
0.2545215 
0.2538845 
0.2606149 
0.2607232 
0.2448285 
0.2692882 
0.2449470 
0.2523093 
0.2480143 
0.2704058 
0.2626458 
0.2508852 
0.2277320 
0.2336924 
0.2451976 
0.2302678 
0.2271003 
0.2448769 
0.2642192 
0.2598762 
0.2379482 
0.2599901 
0.2353363 
0.2200161 
0.2103229 
0.2302144 
0.2331758 
0.2243917 
0.2397701 
0.2363157 
0.2507803 
0.2290399 
0.2344823 
0.2352434 
0.2471293 
0.2550469 
0.2096830 
0.2465552 
0.2446564 
0.2154357 
0.2604966 
0.2510460 
0.2509847 
0.2593171 
0.2304220 
0.2337690 
0.2412129 
0.2448988 
0.2295334 
0.1944188 
0.1975088 
0.2209085 
0.2370024 
0.2530136 
0.2315933 
0.1910397 
0.1865943 
0.2180204 
0.2487203 
0.2331332 
0.2105968 
0.2155976 
0.2001676 
0.1927774 
0.2197490 
0.2343920 
0.2033294 
0.1978486 
0.1946269 
0.1810762 
0.1811315 
0.2022610 
0.1794418 
0.1924758 
0.2088334 
0.1910019 
0.1941069 
0.1954752 
0.1840180 
0.1603105 
0.1606200 
0.1804136 
0.1767798 
0.1772891 
0.2166999 
0.2102075 
0.1898352 
0.1667367 
0.1883801 
0.2237529 
0.2068164 
0.2040574 
0.1697209 
0.1786526 
0.1659166 
0.1904979 
0.1718751 
0.1444701 
0.1569698 
0.1594226 
0.1564938 
0.1888702 
0.1874467 
0.1941055 
0.1885769 
0.1932728 
0.1512186 
0.1836429 
0.1661549 
0.1641879 
0.1634483 
0.1706329 
0.1640657 
0.1822676 
0.1895889 
0.1741733 
0.1888185 
0.1927814 
0.1574423 
0.1639697 
0.1907680 
0.1789845 
0.1879719 
0.1978904 
0.1980232 
0.1763582 
0.2034343 
0.1894745 
0.1807631 
0.2097955 
0.1848780 
0.1813257 
0.2300274 
0.2148317 
0.2317170 
0.2234297 
0.1550139 
0.1869052 
0.1761175 
0.1584781 
0.1713965 
0.1550752 
0.1552197 
0.1888677 
0.1567447 
0.1891128 
0.1641595 
0.1812026 
0.1803629 
0.1966073 
0.1702863 
0.1734485 
0.1592091 
0.1752646 
0.1675761 
0.1547798 
0.1690262 
0.1626014 
0.1462988 
0.1510142 
0.1464903 
0.1514714 
0.1374614 
0.1499307 
0.1424970 
0.1471014 
0.1503255 
0.1498009 
0.1498030 
0.1236808 
0.1376903 
0.1565196 
0.1525410 
0.1598262 
0.1390048 
0.1273930 
0.1296144 
0.1411440 
0.1627382 
0.1677263 
0.1535459 
0.1370042 
0.1522408 
0.1527972 
0.1374906 
0.1300018 
0.1558104 
0.1593404 
0.1414235 
0.1504590 
0.1617670 
0.1512315 
0.1506116 
0.1220518 
0.1406158 
0.1457419 
0.1509411 
0.1554180 
0.1442176 
0.1380339 
0.1282037 
0.1587347 
0.1642375 
0.1589818 
0.1513047 
0.1553678 
0.1210099 
0.1337687 
0.1211896 
0.1303660 
0.1572170 
0.1597272 
0.1510646 
0.1569600 
0.1220281 
0.1416075 
0.1144868 
0.1229196 
0.1482019 
0.1321014 
0.1275317 
0.1367293 
0.1184386 
0.1408590 
0.1271075 
0.1462673 
0.1432055 
0.1797760 
0.1385632 
0.1527723 
0.1201729 
0.1408066 
0.1080666 
0.1181375 
0.1415725 
0.1252350 
0.1358372 
0.1086134 
0.1498824 
0.0915534 
0.0886606 
0.1083425 
0.1275005 
0.1250675 
0.1038674 
0.1267010 
0.1095480 
0.0968132 
0.0588424 
0.1043318 
0.0978048 
0.0783018 
0.0606563 
0.0737165 
0.0769956 
0.0798592 
0.0768469 
0.0685560 
0.1009139 
0.0922941 
0.0870413 
0.0892481 
0.0893625 
0.0817431 
0.0811970 
0.0665922 
0.0817742 
0.0839232 
0.0941542 
0.0896898 
0.0701475 
0.0800075 
0.0791506 
0.0987537 
0.0787061 
0.0808601 
0.1050552 
0.0696435 
0.0744769 
0.0853992 
0.0951270 
0.1102743 
0.1154663 
0.0988083 
0.1074518 
0.1084527 
0.0694530 
0.0817635 
0.0729189 
0.0904225 
0.0878729 
0.0786712 
0.0847923 
0.0890509 
0.1006193 
0.1170234 
0.0872448 
0.0896611 
0.0800368 
0.0682161 
0.0629493 
0.0692499 
0.0431494 
0.0767002 
0.0833505 
0.1155108 
0.1003428 
0.0861740 
0.0853606 
0.0774424 
0.1003700 
0.0758216 
0.0824133 
0.0677758 
0.0611866 
0.0563893 
0.0808142 
0.0913316 
0.0796722 
0.0569590 
0.0878061 
0.0548048 
0.0677092 
0.0477728 
0.0830541 
0.0679331 
0.0567575 
0.0497832 
0.0780103 
0.0797747 
0.0336119 
0.0541807 
0.0844389 
0.0452640 
0.0453384 
0.0525696 
0.0987698 
0.0719660 
0.0376896 
0.0544716 
0.0668304 
0.0692231 
0.0391223 
0.0459171 
0.0388064 
0.0490542 
0.0556184 
0.0495980 
0.0087445 
0.0135579 
0.0567692 
0.0464323 
0.0375196 
0.0632662 
0.0411307 
0.0482976 
0.0542363 
0.0589568 
0.0246888 
0.0118618 
0.0518958 
0.0521206 
0.0417747 
0.0373057 
0.0610905 
0.0299930 
0.0339088 
0.0477470 
0.0346710 
0.0526495 
0.0811596 
0.0253209 
0.0509449 
0.0534453 
0.0397145 
0.0831811 
0.0555773 
0.0397027 
0.0170333 
0.0397856 
0.0454613 
0.0440676 
0.0432373 
0.0436747 
0.0233122 
0.0116686 
0.0443472 
0.0562989 
0.0571044 
0.0315762 
0.0325819 
0.0182395 
0.0288600 
0.0194360 
0.0106582 
0.0051308 
0.0162740 
0.0097627 
0.0083917 
0.0419962 
0.0149789 
0.0063335 
0.0333223 
0.0225921 
0.0097651 
0.0172127 
0.0076430 
0.0000000 
0.0421006 
0.0563009 
0.0297762 
0.0288849 
