-0.0001975 
-0.0000232 
0.0000927 
0.4204113 
0.2253919 
-0.0175098 
0.9679389 
0.9535922 
0.9382060 
0.9606971 
0.9569934 
0.9628165 
0.9563631 
0.9607190 
0.9555254 
0.9382534 
0.9388178 
0.9539368 
0.9470980 
0.9325756 
0.9259252 
0.9217167 
0.9521200 
0.9409949 
0.9244598 
0.9350333 
0.9293915 
0.9443797 
0.9771491 
0.9817520 
0.9530986 
0.9477918 
0.9617794 
0.9692511 
0.9465475 
0.9463647 
0.9293499 
0.9148176 
0.9394691 
0.9647113 
0.9432550 
0.9483362 
0.9202278 
0.9022166 
0.9494567 
0.9962944 
0.9834134 
0.9701275 
0.9226235 
0.8626223 
0.8812363 
0.8993275 
0.9076549 
0.9372010 
0.9209727 
0.8863686 
0.8992060 
0.9330308 
0.9603382 
0.9892886 
0.9726306 
0.9491691 
0.9339744 
0.9222018 
0.9525602 
0.9714917 
0.9597692 
0.9559458 
0.9758295 
0.9870337 
1.0000000 
0.9718423 
0.9212049 
0.9196725 
0.9237599 
0.9109369 
0.9211577 
0.9370284 
0.9169629 
0.9157606 
0.9146996 
0.9122357 
0.9055095 
0.9276764 
0.9374894 
0.9048493 
0.8694064 
0.8764014 
0.8816351 
0.8833492 
0.8915616 
0.9100543 
0.9080425 
0.8943103 
0.9105030 
0.9262570 
0.9410317 
0.9322253 
0.9404990 
0.9235341 
0.8997480 
0.9257984 
0.9298293 
0.9172822 
0.8930042 
0.8609278 
0.8517232 
0.8636794 
0.8917129 
0.9049908 
0.9176857 
0.9423894 
0.9555083 
0.9221346 
0.9248027 
0.9344053 
0.9202690 
0.8850988 
0.8703635 
0.8647907 
0.8682870 
0.8676753 
0.8808490 
0.9093311 
0.9103465 
0.8906945 
0.8634743 
0.8441561 
0.8421808 
0.8415762 
0.8303863 
0.8534936 
0.8649148 
0.8589869 
0.8360047 
0.8039498 
0.8079148 
0.8186358 
0.8229542 
0.8284691 
0.8458834 
0.8682004 
0.9067518 
0.9201404 
0.8867050 
0.8622098 
0.8549847 
0.8710225 
0.8826604 
0.8954326 
0.8989952 
0.8796207 
0.8712815 
0.8707909 
0.8744906 
0.8986379 
0.9093214 
0.9051982 
0.8844856 
0.8775599 
0.9002350 
0.9090944 
0.8982035 
0.8531708 
0.8288340 
0.8545880 
0.8804439 
0.9172787 
0.9567307 
0.9786410 
0.9584386 
0.8989448 
0.8568806 
0.8265674 
0.8425642 
0.8535789 
0.8517392 
0.8515760 
0.8460674 
0.8497288 
0.8506684 
0.8264256 
0.8109479 
0.8166105 
0.8341959 
0.8595535 
0.8490929 
0.8535102 
0.8637909 
0.8779863 
0.8837588 
0.8691018 
0.8506364 
0.8401514 
0.8132511 
0.8022277 
0.8159173 
0.8348301 
0.8481981 
0.8422667 
0.8792954 
0.9072004 
0.8812889 
0.8554759 
0.8622386 
0.8419379 
0.8272351 
0.8016380 
0.8007492 
0.8127008 
0.8044853 
0.8171899 
0.8499997 
0.8696210 
0.8741254 
0.8953622 
0.8952697 
0.8981274 
0.8627556 
0.8506010 
0.8700100 
0.8698264 
0.8786975 
0.8941014 
0.9089037 
0.9254366 
0.9491123 
0.9165604 
0.9031530 
0.9040099 
0.8792102 
0.8489529 
0.8348308 
0.8396768 
0.8750832 
0.8536168 
0.8556880 
0.8608114 
0.8770462 
0.8656013 
0.8483793 
0.8355802 
0.8410040 
0.8320881 
0.8217894 
0.8135852 
0.8180667 
0.8044313 
0.7977388 
0.7972199 
0.8115760 
0.7919855 
0.8084839 
0.8239124 
0.8293793 
0.8370677 
0.8633672 
0.8816248 
0.8830275 
0.8684073 
0.8513234 
0.8614555 
0.8488555 
0.8408960 
0.8391660 
0.8573935 
0.8549795 
0.8606495 
0.8528763 
0.8472380 
0.8529281 
0.8455302 
0.8506940 
0.8624197 
0.8543454 
0.8326043 
0.8275155 
0.8187942 
0.8134621 
0.8205482 
0.8303546 
0.8296991 
0.8210918 
0.8231303 
0.8419155 
0.8288043 
0.8251399 
0.8292662 
0.8241249 
0.8193584 
0.8362245 
0.8567833 
0.8414800 
0.8204987 
0.8143366 
0.8365729 
0.8297046 
0.8107656 
0.8104471 
0.8021343 
0.7918145 
0.8109196 
0.8003476 
0.7810158 
0.7982396 
0.8018364 
0.7968755 
0.8128924 
0.8114037 
0.8241495 
0.8384933 
0.8351342 
0.8188835 
0.8030288 
0.7850608 
0.8051398 
0.8024238 
0.8156544 
0.8319385 
0.8099738 
0.8137836 
0.8367153 
0.8220825 
0.8072935 
0.8167500 
0.7967586 
0.8077534 
0.8264493 
0.7832796 
0.8093535 
0.8044428 
0.7634336 
0.7851630 
0.7931676 
0.7796427 
0.8111292 
0.8231299 
0.7869282 
0.7810687 
0.7898374 
0.7904873 
0.7995972 
0.8088150 
0.7973572 
0.7896876 
0.8017280 
0.7821540 
0.7681778 
0.7718376 
0.7733440 
0.7809417 
0.8247930 
0.8505060 
0.8440693 
0.8378287 
0.8290186 
0.8144020 
0.7985789 
0.7667855 
0.7773247 
0.7791876 
0.7897629 
0.8013341 
0.8165355 
0.8353039 
0.8341440 
0.8102641 
0.8018495 
0.7716863 
0.7419986 
0.7414809 
0.7513462 
0.7592281 
0.7562982 
0.7521118 
0.7652625 
0.7961485 
0.8179373 
0.8143231 
0.7960220 
0.7819982 
0.7640172 
0.7579793 
0.7615879 
0.7669139 
0.7745875 
0.7740009 
0.7746119 
0.7763991 
0.7855538 
0.7688590 
0.7559158 
0.7706526 
0.7719199 
0.7736927 
0.7794298 
0.7878409 
0.7899293 
0.7921059 
0.7887990 
0.7734811 
0.7781919 
0.7711544 
0.7847689 
0.7715498 
0.7729123 
0.7745528 
0.7821797 
0.8077242 
0.8220629 
0.8204763 
0.7985740 
0.7872576 
0.7640084 
0.7765467 
0.7807435 
0.7657853 
0.7496694 
0.7569209 
0.7800414 
0.8179155 
0.8119668 
0.7920394 
0.7767511 
0.7790405 
0.7823148 
0.7742403 
0.7627089 
0.7599614 
0.7674687 
0.7767046 
0.7762112 
0.7723050 
0.7621344 
0.7596543 
0.7625767 
0.7621094 
0.7569541 
0.7721792 
0.7607763 
0.7493497 
0.7522390 
0.7457829 
0.7563072 
0.7703974 
0.7750625 
0.7753303 
0.7668322 
0.7585431 
0.7620604 
0.7597034 
0.7545518 
0.7542295 
0.7528387 
0.7494451 
0.7436971 
0.7536161 
0.7498670 
0.7409561 
0.7467714 
0.7534401 
0.7550399 
0.7541798 
0.7450096 
0.7239641 
0.7216922 
0.7332414 
0.7405959 
0.7349496 
0.7425703 
0.7323900 
0.7420382 
0.7535934 
0.7368036 
0.7293333 
0.7193786 
0.7282143 
0.7490197 
0.7645716 
0.7556383 
0.7497099 
0.7405304 
0.7564045 
0.7895176 
0.7797822 
0.7478204 
0.7413069 
0.7553187 
0.7733975 
0.7793740 
0.7574797 
0.7310736 
0.7306760 
0.7311329 
0.7391162 
0.7595850 
0.7645606 
0.7535913 
0.7394581 
0.7438864 
0.7679553 
0.7992841 
0.7917233 
0.7809221 
0.7634955 
0.7563625 
0.7729219 
0.7902560 
0.7883956 
0.7546445 
0.7195757 
0.7082994 
0.7335435 
0.7532389 
0.7762270 
0.7595872 
0.7151559 
0.6870988 
0.6976019 
0.7189759 
0.7509967 
0.7583751 
0.7447998 
0.7199722 
0.7129202 
0.7220039 
0.7649586 
0.8016232 
0.7952440 
0.7519848 
0.7393455 
0.7445291 
0.7490993 
0.7611879 
0.7731411 
0.7879406 
0.7810038 
0.7368533 
0.7069946 
0.7091537 
0.7413053 
0.7459907 
0.7427677 
0.7443696 
0.7379514 
0.7222155 
0.7288487 
0.7208575 
0.7221997 
0.7383604 
0.7237598 
0.7254428 
0.7210882 
0.7409267 
0.7357562 
0.7190077 
0.7129932 
0.7361247 
0.7676806 
0.7803214 
0.7643640 
0.7628842 
0.7558908 
0.7482127 
0.7573405 
0.7448350 
0.7522660 
0.7514279 
0.7172468 
0.7120480 
0.7263866 
0.7260427 
0.7360321 
0.7162607 
0.7073312 
0.7175934 
0.7216454 
0.7244924 
0.7329434 
0.7287778 
0.7133669 
0.7245454 
0.7241950 
0.7443681 
0.7391987 
0.7383602 
0.7293703 
0.7251548 
0.7204701 
0.7365121 
0.7459339 
0.7437465 
0.7250956 
0.7250104 
0.7275625 
0.7343929 
0.7379634 
0.7370286 
0.7421134 
0.7383163 
0.7276967 
0.7432924 
0.7268076 
0.7120252 
0.6953541 
0.7074686 
0.7175162 
0.7196971 
0.7297005 
0.7344976 
0.7013203 
0.7059465 
0.6979367 
0.6989190 
0.7028959 
0.6895349 
0.6908075 
0.7026279 
0.6942458 
0.6862489 
0.6805666 
0.6890615 
0.6857870 
0.6972342 
0.7031716 
0.6991746 
0.6935665 
0.6858169 
0.6759516 
0.6731093 
0.6902273 
0.7169693 
0.7225111 
0.7107451 
0.7005549 
0.7128268 
0.7087692 
0.7053555 
0.7179658 
0.7262576 
0.7244351 
0.7166988 
0.7089749 
0.7083868 
0.7226196 
0.7150483 
0.7077926 
0.7000639 
0.6979090 
0.6902325 
0.6915044 
0.6853756 
0.6680977 
0.6864395 
0.6933935 
0.6918378 
0.7060579 
0.7113133 
0.7013226 
0.6810286 
0.7013811 
0.7075640 
0.7145674 
0.7128161 
0.7256856 
0.7155351 
0.7053858 
0.6853885 
0.6898524 
0.6988242 
0.7115516 
0.6909282 
0.6879071 
0.6765644 
0.6846950 
0.6800124 
0.6826742 
0.6669362 
0.6398426 
0.6330473 
0.6486248 
0.6605522 
0.6573886 
0.6632154 
0.6698619 
0.6680462 
0.6619553 
0.6624772 
0.6637739 
0.6788815 
0.6746567 
0.6782246 
0.6941619 
0.6829514 
0.6920797 
0.6995484 
0.7065621 
0.6952078 
0.6891765 
0.6892689 
0.6913684 
0.6809669 
0.6790343 
0.6682959 
0.6769852 
0.6619764 
0.6443873 
0.6645550 
0.6537728 
0.6483403 
0.6671165 
0.6459019 
0.6401659 
0.6482480 
0.6638816 
0.6718577 
0.6643998 
0.6576198 
0.6485318 
0.6250505 
0.6219285 
0.6484134 
0.6626681 
0.6647236 
0.6719793 
0.6634823 
0.6622577 
0.6611057 
0.6477385 
0.6548656 
0.6525169 
0.6506442 
0.6518379 
0.6384439 
0.6244167 
0.6377400 
0.6627434 
0.6671305 
0.6525209 
0.6587870 
0.6789141 
0.6700626 
0.6646121 
0.6680034 
0.6516279 
0.6238138 
0.6309847 
0.6588816 
0.6563252 
0.6441097 
0.6465270 
0.6649950 
0.6466700 
0.6175459 
0.6281845 
0.6374353 
0.6482979 
0.6247413 
0.6240383 
0.6516768 
0.6573865 
0.6545180 
0.6561874 
0.6576728 
0.6549042 
0.6570889 
0.6441974 
0.6498475 
0.6452422 
0.6359120 
0.6452371 
0.6558111 
0.6633178 
0.6546630 
0.6318482 
0.6168942 
0.6281197 
0.6380027 
0.6444214 
0.6503666 
0.6469694 
0.6414811 
0.6413676 
0.6281200 
0.6473785 
0.6626759 
0.6670240 
0.6753836 
0.6738577 
0.6536206 
0.6235558 
0.6336505 
0.6503516 
0.6418898 
0.6207730 
0.6277131 
0.6240227 
0.6268094 
0.6292686 
0.6428082 
0.6580382 
0.6504650 
0.6638078 
0.6570762 
0.6603048 
0.6559328 
0.6624297 
0.6494924 
0.6344523 
0.6362228 
0.6629114 
0.6883331 
0.6663856 
0.6291850 
0.5987897 
0.5921161 
0.6033490 
0.6083576 
0.5954283 
0.6035077 
0.6183012 
0.6104526 
0.6117723 
0.6293701 
0.6376745 
0.6445575 
0.6483865 
0.6495652 
0.6575285 
0.6534768 
0.6425346 
0.6413692 
0.6327347 
0.6263690 
0.6080984 
0.6109680 
0.6165331 
0.6315356 
0.6204095 
0.6017844 
0.5947039 
0.6245860 
0.6484030 
0.6457363 
0.6194545 
0.6251610 
0.6280646 
0.6298732 
0.6295706 
0.6277395 
0.6486401 
0.6432122 
0.6280343 
0.6139889 
0.6043268 
0.6099976 
0.6167105 
0.6212444 
0.6342326 
0.6401377 
0.6466187 
0.6412518 
0.6604996 
0.6747554 
0.6579761 
0.6350832 
0.6243776 
0.6258694 
0.6214758 
0.6072371 
0.6041399 
0.6067081 
0.6138502 
0.6297940 
0.6282947 
0.6371435 
0.6338519 
0.6173825 
0.6013585 
0.6128198 
0.6116436 
0.5986276 
0.6059004 
0.6000660 
0.5933668 
0.5836225 
0.5952802 
0.5984489 
0.6345747 
0.6460381 
0.6527278 
0.6400359 
0.6333138 
0.6280788 
0.6187668 
0.6051368 
0.6047217 
0.6118908 
0.6082918 
0.6204513 
0.6399521 
0.6346273 
0.6311781 
0.6095621 
0.6117171 
0.6310348 
0.6593466 
0.6691470 
0.6642441 
0.6341365 
0.6184626 
0.6104751 
0.6236664 
0.6350055 
0.6330801 
0.6212874 
0.6165608 
0.6058592 
0.6055961 
0.6177729 
0.6135547 
0.6210632 
0.6192123 
0.6027487 
0.5769856 
0.5907146 
0.6071925 
0.6295505 
0.6480059 
0.6428865 
0.6404009 
0.6351849 
0.6238341 
0.6291176 
0.6139474 
0.5951321 
0.5842476 
0.5829064 
0.6003887 
0.6087393 
0.5957157 
0.5963575 
0.5879274 
0.5865389 
0.5902757 
0.5963136 
0.5939885 
0.5775300 
0.5569998 
0.5496126 
0.5526385 
0.5511621 
0.5552234 
0.5663911 
0.5866098 
0.5922650 
0.5770979 
0.5744948 
0.5791138 
0.5929076 
0.6033444 
0.6106047 
0.6278642 
0.6331285 
0.6342310 
0.6291129 
0.6167491 
0.6076214 
0.6148167 
0.6143787 
0.6188316 
0.6263975 
0.6333374 
0.6154971 
0.5948791 
0.5859343 
0.5886128 
0.5873209 
0.5856953 
0.5739716 
0.5478228 
0.5398188 
0.5594010 
0.5630725 
0.5528612 
0.5583719 
0.5579007 
0.5780951 
0.5783547 
0.5660942 
0.5320827 
0.5444929 
0.5774445 
0.5952340 
0.5941043 
0.5972963 
0.6106315 
0.6174888 
0.6002518 
0.5919430 
0.6114497 
0.6208566 
0.6222800 
0.6146101 
0.6018393 
0.5845762 
0.5791766 
0.5930625 
0.5804062 
0.5489932 
0.5427123 
0.5466856 
0.5534821 
0.5369768 
0.5098757 
0.5065659 
0.5292935 
0.5364005 
0.5312132 
0.5381584 
0.5336577 
0.5354965 
0.5365310 
0.5594308 
0.5838545 
0.5969306 
0.5896931 
0.5745112 
0.5846626 
0.5899422 
0.6022028 
0.6055368 
0.5873811 
0.5721239 
0.5652939 
0.5629023 
0.5857457 
0.5530185 
0.5220104 
0.5055248 
0.5307224 
0.5415575 
0.5381768 
0.5361212 
0.5239249 
0.5017033 
0.4841164 
0.4835833 
0.4838426 
0.4819704 
0.4861156 
0.4899995 
0.4985303 
0.5124079 
0.5314750 
0.5431445 
0.5695540 
0.5875307 
0.5941245 
0.5949576 
0.5977300 
0.5920467 
0.5988418 
0.5991348 
0.5955793 
0.5894872 
0.5967843 
0.5839280 
0.5521458 
0.5462987 
0.5639013 
0.5601931 
0.5589070 
0.5655436 
0.5562447 
0.5352154 
0.5425748 
0.5436600 
0.5503734 
0.5592012 
0.5410535 
0.5213452 
0.5103928 
0.5199600 
0.5284217 
0.5409267 
0.5573373 
0.5566877 
0.5730733 
0.5905073 
0.5867025 
0.5781475 
0.5634561 
0.5436574 
0.5438884 
0.5461152 
0.5450711 
0.5421357 
0.5421715 
0.5366832 
0.5385532 
0.5294186 
0.5286598 
0.5190606 
0.5118090 
0.5178101 
0.5352763 
0.5371260 
0.5207354 
0.5072865 
0.5110686 
0.5124694 
0.5193531 
0.5148278 
0.5225774 
0.5636530 
0.5581645 
0.5478917 
0.5558509 
0.5584508 
0.5470289 
0.5589622 
0.5813878 
0.5686524 
0.5428069 
0.5375577 
0.5506897 
0.5478429 
0.5316196 
0.5248597 
0.5341565 
0.5412846 
0.5242688 
0.5197571 
0.5240928 
0.5115315 
0.4901812 
0.4965918 
0.5202502 
0.5262054 
0.5198825 
0.5135660 
0.5090556 
0.5075977 
0.4997916 
0.5225580 
0.5397058 
0.5240105 
0.5232043 
0.5407774 
0.5355343 
0.5085619 
0.5028448 
0.5117976 
0.5186784 
0.5186686 
0.5173881 
0.5263503 
0.5257295 
0.5124293 
0.5163791 
0.5304134 
0.5305715 
0.5236379 
0.5143534 
0.5086018 
0.5067060 
0.5108957 
0.5137379 
0.5211870 
0.5178983 
0.5155961 
0.5342269 
0.5428693 
0.5368874 
0.5198052 
0.5130075 
0.5171967 
0.5178605 
0.5063420 
0.5073853 
0.5073415 
0.5214976 
0.5074055 
0.5089315 
0.5143868 
0.5154812 
0.5118581 
0.5086448 
0.5136966 
0.5197600 
0.5112937 
0.4861093 
0.4691499 
0.4700054 
0.4775478 
0.4856946 
0.5003195 
0.5019110 
0.5102727 
0.5184119 
0.5299769 
0.5421002 
0.5249005 
0.5170311 
0.5122775 
0.5115304 
0.5253649 
0.5387834 
0.5295109 
0.5303245 
0.5356427 
0.5336998 
0.5205807 
0.5198851 
0.5088286 
0.4996450 
0.5013739 
0.5148871 
0.5168603 
0.5295961 
0.5255007 
0.5288590 
0.5347419 
0.5424173 
0.5436283 
0.5153240 
0.4908362 
0.4801878 
0.4428956 
0.4326223 
0.4369460 
0.4528755 
0.4659235 
0.5018604 
0.5154880 
0.5312371 
0.5556494 
0.5763261 
0.5649326 
0.5503242 
0.5397867 
0.5312472 
0.5221289 
0.5027242 
0.4741309 
0.4637216 
0.4827938 
0.5032616 
0.5063338 
0.5121146 
0.5252768 
0.5310405 
0.5173084 
0.4995996 
0.5003565 
0.4911560 
0.4906773 
0.4784813 
0.4711047 
0.4629072 
0.4668301 
0.4666257 
0.4757459 
0.4815332 
0.4691382 
0.4718195 
0.4747584 
0.4590639 
0.4581758 
0.4688590 
0.4739053 
0.4776285 
0.4929216 
0.5041161 
0.5071820 
0.5121572 
0.5153324 
0.5134505 
0.5068295 
0.4921536 
0.4918645 
0.4737038 
0.4580738 
0.4381620 
0.4285420 
0.4213263 
0.4261816 
0.4454704 
0.4593945 
0.4836618 
0.5054604 
0.5239282 
0.5363947 
0.5343970 
0.5073651 
0.4915240 
0.4615771 
0.4321386 
0.4206810 
0.4264101 
0.4443542 
0.4465685 
0.4494529 
0.4622176 
0.4967760 
0.5044249 
0.5140073 
0.4973769 
0.4534962 
0.4420052 
0.4419920 
0.4387024 
0.4328723 
0.4360639 
0.4190446 
0.4063074 
0.4146918 
0.4307566 
0.4468213 
0.4369490 
0.4397473 
0.4520213 
0.4528962 
0.4442323 
0.4470567 
0.4462200 
0.4549364 
0.4643080 
0.4816963 
0.4833511 
0.4868597 
0.4730018 
0.4566330 
0.4459187 
0.4478105 
0.4456061 
0.4303054 
0.4274275 
0.4265026 
0.4366824 
0.4431668 
0.4339278 
0.4286431 
0.4237535 
0.4308093 
0.4432906 
0.4545803 
0.4573120 
0.4657627 
0.4493321 
0.4471457 
0.4414110 
0.4321571 
0.4235386 
0.4026006 
0.3913917 
0.4016877 
0.4161257 
0.4283906 
0.4447539 
0.4408533 
0.4399422 
0.4357008 
0.4421641 
0.4405147 
0.4454012 
0.4564312 
0.4482928 
0.4432315 
0.4531178 
0.4544161 
0.4381653 
0.4270298 
0.4307672 
0.4255646 
0.4361038 
0.4223426 
0.4031329 
0.3905030 
0.3885958 
0.3822144 
0.4088445 
0.4390835 
0.4489771 
0.4355841 
0.4257681 
0.4405170 
0.4451130 
0.4367578 
0.4325221 
0.4292156 
0.4327494 
0.4417900 
0.4468292 
0.4562189 
0.4642128 
0.4654599 
0.4588399 
0.4570988 
0.4536787 
0.4482785 
0.4402896 
0.4543615 
0.4699129 
0.4617650 
0.4554586 
0.4366231 
0.4258633 
0.4167347 
0.4052634 
0.4190141 
0.4448606 
0.4658194 
0.4558865 
0.4581286 
0.4360301 
0.4217997 
0.4266630 
0.4498297 
0.4604341 
0.4669511 
0.4734809 
0.4451351 
0.4245169 
0.4161432 
0.4018073 
0.3933825 
0.3933738 
0.3913204 
0.3859806 
0.3838211 
0.3934001 
0.4020366 
0.4044651 
0.4018627 
0.4137761 
0.4432069 
0.4357757 
0.4369930 
0.4383368 
0.4265663 
0.4263659 
0.4164422 
0.3962964 
0.3775684 
0.3958976 
0.4384829 
0.4542380 
0.4503477 
0.4424219 
0.4557603 
0.4642804 
0.4559902 
0.4344022 
0.4163120 
0.4031101 
0.4092601 
0.4103684 
0.3802328 
0.3554518 
0.3509192 
0.3824744 
0.4001300 
0.3994853 
0.4016865 
0.4231090 
0.4314917 
0.4311585 
0.4226346 
0.4362648 
0.4447931 
0.4670667 
0.4573090 
0.4278556 
0.4246779 
0.4355731 
0.4353494 
0.4216767 
0.4125486 
0.4028171 
0.4016256 
0.3856801 
0.3713214 
0.3868009 
0.4013157 
0.4124471 
0.3999695 
0.3752355 
0.3832770 
0.4253329 
0.4447902 
0.4309944 
0.4223144 
0.4271646 
0.4299249 
0.4199182 
0.4005162 
0.3937401 
0.3950757 
0.3904479 
0.3917530 
0.3922590 
0.3933305 
0.3756553 
0.3435576 
0.3464726 
0.3599249 
0.3686540 
0.3761812 
0.3568761 
0.3513532 
0.3679368 
0.3803396 
0.3888159 
0.3934001 
0.3896205 
0.3946986 
0.4017925 
0.4146242 
0.4258734 
0.4420538 
0.4409571 
0.4271579 
0.4185283 
0.4141530 
0.3943542 
0.3836504 
0.3658906 
0.3595213 
0.3636926 
0.3648626 
0.3650818 
0.3616029 
0.3734030 
0.3869430 
0.3991325 
0.3952710 
0.3907217 
0.3921584 
0.4066552 
0.4291909 
0.4441243 
0.4526852 
0.4398686 
0.4188284 
0.4049152 
0.4015238 
0.3949570 
0.4106353 
0.4074207 
0.3834737 
0.3883461 
0.3815331 
0.3802544 
0.3866642 
0.3949974 
0.3892458 
0.3700909 
0.3691203 
0.3707827 
0.3916793 
0.4024151 
0.3954491 
0.3867983 
0.3768219 
0.3798402 
0.4068132 
0.4116275 
0.4185196 
0.4257705 
0.4349566 
0.4167130 
0.3947605 
0.3803846 
0.3755068 
0.3682055 
0.3746520 
0.3744835 
0.3800869 
0.3746543 
0.3666518 
0.3624239 
0.3559271 
0.3611365 
0.3852819 
0.3931699 
0.3880386 
0.4061324 
0.4214808 
0.4413511 
0.4328335 
0.4110862 
0.3972098 
0.3927356 
0.3877190 
0.3873146 
0.3646798 
0.3631682 
0.3594310 
0.3633311 
0.3656126 
0.3675017 
0.3765059 
0.3715802 
0.3729453 
0.4078315 
0.4338403 
0.4435408 
0.4346463 
0.4100878 
0.3933669 
0.4046676 
0.4060653 
0.3939845 
0.3680449 
0.3570736 
0.3593915 
0.3471672 
0.3474791 
0.3438628 
0.3567769 
0.3801035 
0.3891631 
0.3965115 
0.4047103 
0.4131617 
0.4124699 
0.4175253 
0.4225732 
0.4135254 
0.4100287 
0.3968532 
0.3905583 
0.3854819 
0.3798787 
0.3617677 
0.3297066 
0.3070156 
0.2777520 
0.2775824 
0.3007876 
0.3375877 
0.3640256 
0.3850669 
0.4234425 
0.4565238 
0.4789517 
0.4823341 
0.4661696 
0.4562227 
0.4332148 
0.4207996 
0.4089809 
0.3838133 
0.3613394 
0.3452429 
0.3422519 
0.3195869 
0.2855225 
0.2664786 
0.2927648 
0.3073283 
0.3243189 
0.3334856 
0.3329785 
0.3438841 
0.3704729 
0.4214224 
0.4645908 
0.4938703 
0.4921658 
0.4835099 
0.4700506 
0.4430530 
0.4152630 
0.3944933 
0.3941811 
0.3774116 
0.3668338 
0.3294715 
0.3014622 
0.2962957 
0.3012345 
0.3076717 
0.3208850 
0.3298131 
0.3450657 
0.3527736 
0.3497450 
0.3499099 
0.3672677 
0.3956535 
0.4339638 
0.4761058 
0.4836647 
0.4666630 
0.4246480 
0.3885783 
0.3683224 
0.3738445 
0.3758148 
0.3718059 
0.3669304 
0.3538891 
0.3185442 
0.3015555 
0.3072509 
0.3175166 
0.3398424 
0.3448010 
0.3397441 
0.3364973 
0.3523221 
0.3747376 
0.3863151 
0.3962169 
0.4140415 
0.4274717 
0.4400989 
0.4290976 
0.4047722 
0.3781481 
0.3602890 
0.3708827 
0.3998159 
0.4201293 
0.4215915 
0.3934762 
0.3785230 
0.3565099 
0.3436830 
0.3478210 
0.3564217 
0.3654535 
0.3506718 
0.3206717 
0.3144549 
0.3260530 
0.3313969 
0.3340165 
0.3289525 
0.3374636 
0.3455166 
0.3525012 
0.3535254 
0.3611107 
0.3657899 
0.3781603 
0.4146063 
0.4257506 
0.4170326 
0.3967379 
0.3713193 
0.3423844 
0.3168056 
0.3018554 
0.3089873 
0.3194658 
0.3195953 
0.3179108 
0.3267705 
0.3308360 
0.3344062 
0.3376552 
0.3389918 
0.3365790 
0.3377917 
0.3329753 
0.3302071 
0.3337207 
0.3437109 
0.3432175 
0.3524234 
0.3859398 
0.4117217 
0.4430657 
0.4733624 
0.4744680 
0.4632906 
0.4448434 
0.4219330 
0.4003877 
0.3828994 
0.3632639 
0.3384596 
0.3223640 
0.3117065 
0.3017872 
0.2790893 
0.2695961 
0.2656883 
0.2672090 
0.2803291 
0.2842590 
0.2864271 
0.2896085 
0.2957467 
0.3008782 
0.3137134 
0.3141636 
0.3227810 
0.3408424 
0.3517526 
0.3650179 
0.3707414 
0.3927449 
0.4196707 
0.4339391 
0.4328373 
0.4309862 
0.4094275 
0.3880477 
0.3681350 
0.3366931 
0.3125682 
0.2892469 
0.2707097 
0.2566584 
0.2537127 
0.2426207 
0.2317461 
0.2405260 
0.2486394 
0.2457016 
0.2635467 
0.2762563 
0.2811781 
0.2949581 
0.2969266 
0.3047825 
0.3346059 
0.3553150 
0.3472195 
0.3473087 
0.3622382 
0.3669024 
0.3821598 
0.4063617 
0.4088275 
0.4067822 
0.4177960 
0.4014480 
0.3869701 
0.3661355 
0.3567272 
0.3558604 
0.3511116 
0.3329317 
0.3213297 
0.3120163 
0.2856608 
0.2625689 
0.2652987 
0.2637761 
0.2638729 
0.2507093 
0.2486807 
0.2413403 
0.2413311 
0.2357663 
0.2491029 
0.2703304 
0.2924682 
0.2942229 
0.2706179 
0.2608013 
0.2766822 
0.2950190 
0.2936546 
0.2970148 
0.3249815 
0.3398029 
0.3238724 
0.3073291 
0.3157030 
0.3250670 
0.3092870 
0.2769775 
0.2612082 
0.2596319 
0.2630315 
0.2557672 
0.2426643 
0.2372629 
0.2497956 
0.2573278 
0.2344971 
0.2181294 
0.2187686 
0.2465646 
0.2568945 
0.2681751 
0.2618380 
0.2692382 
0.2698345 
0.2641250 
0.2545004 
0.2542031 
0.2695268 
0.2827743 
0.2820535 
0.2739139 
0.2874769 
0.3078574 
0.3159677 
0.2990767 
0.3027195 
0.3219654 
0.3313327 
0.3230773 
0.2964111 
0.2768100 
0.2704297 
0.2688231 
0.2518686 
0.2409784 
0.2427369 
0.2507392 
0.2589439 
0.2475750 
0.2444243 
0.2279204 
0.2423602 
0.2538248 
0.2442855 
0.2301539 
0.2290669 
0.2414589 
0.2653011 
0.2646653 
0.2478405 
0.2362839 
0.2582403 
0.2996336 
0.3146644 
0.3097250 
0.3036121 
0.3086999 
0.3110772 
0.3029930 
0.2775896 
0.2461575 
0.2320348 
0.2254621 
0.2289356 
0.2330368 
0.2229950 
0.2089637 
0.2014139 
0.2096270 
0.2217222 
0.2231736 
0.2210490 
0.2151696 
0.2061514 
0.2363986 
0.2612617 
0.2916683 
0.3064382 
0.3080815 
0.3144748 
0.3192723 
0.3219774 
0.3271149 
0.3233726 
0.3137463 
0.3109781 
0.3103581 
0.3050609 
0.2960836 
0.2931186 
0.2869255 
0.2834443 
0.2672362 
0.2418713 
0.2170106 
0.2007214 
0.1968795 
0.1990858 
0.2079081 
0.2158619 
0.2289872 
0.2437627 
0.2741210 
0.2995385 
0.3048487 
0.3125016 
0.3186459 
0.3213100 
0.3201623 
0.2983175 
0.2772087 
0.2782578 
0.2802763 
0.2618420 
0.2602291 
0.2465796 
0.2242087 
0.2101522 
0.2109506 
0.2178363 
0.2138292 
0.2164753 
0.2039966 
0.1845878 
0.1948608 
0.2077389 
0.2293622 
0.2551758 
0.2572563 
0.2629938 
0.2704549 
0.2730904 
0.2812089 
0.2806541 
0.2761625 
0.2565093 
0.2425123 
0.2471386 
0.2352395 
0.2335014 
0.2179666 
0.2006849 
0.1997197 
0.2071055 
0.2099703 
0.2059769 
0.2073028 
0.2079304 
0.1978533 
0.2024986 
0.2294836 
0.2431307 
0.2644734 
0.2711104 
0.2810244 
0.2837944 
0.2697155 
0.2681739 
0.2539447 
0.2463515 
0.2456138 
0.2304228 
0.2159669 
0.2044436 
0.1975124 
0.2031378 
0.2012455 
0.2037378 
0.2069614 
0.2028389 
0.2016565 
0.2089888 
0.2214163 
0.2360775 
0.2303234 
0.2294798 
0.2341256 
0.2446810 
0.2531655 
0.2560372 
0.2571690 
0.2567354 
0.2544522 
0.2539393 
0.2543145 
0.2639478 
0.2597949 
0.2624357 
0.2578934 
0.2680384 
0.2589905 
0.2537086 
0.2376156 
0.2199712 
0.2053819 
0.1937734 
0.1783438 
0.1764350 
0.1802476 
0.1849137 
0.1911893 
0.1941811 
0.1992437 
0.2106175 
0.2322340 
0.2430512 
0.2503034 
0.2490140 
0.2404480 
0.2301997 
0.2375351 
0.2409810 
0.2453569 
0.2433356 
0.2361781 
0.2236529 
0.2126812 
0.2209855 
0.2424995 
0.2421916 
0.2330145 
0.2198191 
0.2006147 
0.1834940 
0.1966477 
0.2013191 
0.2040421 
0.2046298 
0.2042256 
0.2063339 
0.2186424 
0.2325731 
0.2344938 
0.2402784 
0.2387292 
0.2451263 
0.2582080 
0.2608951 
0.2639965 
0.2692209 
0.2583936 
0.2397283 
0.2317978 
0.2399188 
0.2432992 
0.2355996 
0.2216346 
0.2107534 
0.2034648 
0.2052763 
0.1943918 
0.1907208 
0.2045873 
0.2180764 
0.2319597 
0.2275702 
0.2177954 
0.2069288 
0.2035791 
0.2116167 
0.2130117 
0.2079524 
0.2075199 
0.2052648 
0.1960218 
0.2036660 
0.2133454 
0.2174481 
0.2224821 
0.2259992 
0.2381718 
0.2422740 
0.2515094 
0.2468694 
0.2371513 
0.2244679 
0.2043097 
0.1915046 
0.1904455 
0.1850397 
0.1616595 
0.1480758 
0.1448123 
0.1390787 
0.1629549 
0.1903267 
0.2052367 
0.2211456 
0.2095177 
0.2153436 
0.2026845 
0.2062854 
0.2002499 
0.1969165 
0.1884351 
0.1873964 
0.1929722 
0.1963806 
0.1915914 
0.1919885 
0.1952492 
0.1968857 
0.1961268 
0.1933239 
0.1960517 
0.1999082 
0.2240638 
0.2355467 
0.2369601 
0.2336629 
0.2303702 
0.2318279 
0.2333157 
0.2209032 
0.2105133 
0.2084977 
0.2010236 
0.1898136 
0.1846394 
0.1851283 
0.1759979 
0.1843401 
0.1912658 
0.1842406 
0.1919600 
0.1994803 
0.2065122 
0.2064104 
0.1998924 
0.2124942 
0.2177545 
0.2211751 
0.2118575 
0.2025795 
0.1980245 
0.1932506 
0.1780374 
0.1761514 
0.1589749 
0.1559751 
0.1640359 
0.1658775 
0.1586902 
0.1541129 
0.1481011 
0.1557641 
0.1730153 
0.1813990 
0.1831220 
0.1798914 
0.1717009 
0.1761646 
0.1740822 
0.1779012 
0.1837084 
0.1806982 
0.1833510 
0.1798320 
0.1783605 
0.1718814 
0.1690228 
0.1539141 
0.1480949 
0.1241943 
0.1322328 
0.1473629 
0.1528545 
0.1600320 
0.1628925 
0.1580260 
0.1646636 
0.1619761 
0.1511108 
0.1537458 
0.1634106 
0.1716420 
0.1784108 
0.1709658 
0.1686309 
0.1630074 
0.1646780 
0.1860979 
0.1962465 
0.2089487 
0.2080367 
0.1930604 
0.1893757 
0.1884049 
0.1906854 
0.1992801 
0.1854795 
0.1855918 
0.1771769 
0.1668600 
0.1569288 
0.1482528 
0.1521178 
0.1457080 
0.1491079 
0.1593577 
0.1597652 
0.1519034 
0.1451898 
0.1480490 
0.1601647 
0.1591447 
0.1646709 
0.1638528 
0.1603487 
0.1692649 
0.1852515 
0.1823960 
0.1659053 
0.1611076 
0.1502684 
0.1506458 
0.1451772 
0.1466139 
0.1413080 
0.1428646 
0.1438520 
0.1575435 
0.1649314 
0.1603264 
0.1577602 
0.1627452 
0.1618690 
0.1441233 
0.1358274 
0.1262312 
0.1225175 
0.1359476 
0.1478270 
0.1458260 
0.1379243 
0.1360712 
0.1288220 
0.1284795 
0.1327818 
0.1302978 
0.1338023 
0.1324995 
0.1316295 
0.1252186 
0.1211983 
0.1162290 
0.1192053 
0.1292927 
0.1401902 
0.1463625 
0.1410992 
0.1380336 
0.1252334 
0.1216404 
0.1299244 
0.1432942 
0.1550839 
0.1585779 
0.1471203 
0.1389366 
0.1278548 
0.1200062 
0.1266686 
0.1439340 
0.1597144 
0.1740891 
0.1582065 
0.1429107 
0.1387602 
0.1456337 
0.1670443 
0.1667961 
0.1685807 
0.1605460 
0.1492712 
0.1393801 
0.1401223 
0.1314992 
0.1372598 
0.1433372 
0.1405840 
0.1386298 
0.1205238 
0.1200372 
0.1305808 
0.1390040 
0.1625438 
0.1480042 
0.1386240 
0.1273887 
0.1189172 
0.1261908 
0.1336926 
0.1320200 
0.1228430 
0.1157050 
0.1090826 
0.0941102 
0.0844205 
0.0860203 
0.0996213 
0.1030266 
0.1082371 
0.1012557 
0.1020457 
0.0989435 
0.1011804 
0.1039247 
0.1108200 
0.1149879 
0.1205493 
0.1186432 
0.1224253 
0.1296162 
0.1462512 
0.1353614 
0.1172965 
0.1047864 
0.0870289 
0.0881926 
0.1014446 
0.1089735 
0.1171030 
0.1214732 
0.1133507 
0.1205527 
0.1159084 
0.1109143 
0.0954972 
0.0932356 
0.0831391 
0.0716265 
0.0643568 
0.0647167 
0.0705459 
0.0788414 
0.0870699 
0.0950945 
0.1038883 
0.1026104 
0.1138245 
0.1122665 
0.1033176 
0.1028228 
0.1013099 
0.1048888 
0.1048371 
0.0985872 
0.0992713 
0.1072803 
0.1167402 
0.1264736 
0.1308735 
0.1274684 
0.1234201 
0.0953116 
0.0871851 
0.0900304 
0.0958924 
0.1001962 
0.0984665 
0.1271783 
0.1323743 
0.1246901 
0.1273957 
0.1187755 
0.1262967 
0.1142161 
0.0933346 
0.0917134 
0.0919462 
0.0899213 
0.0865360 
0.0809237 
0.0974523 
0.0955260 
0.1100156 
0.1237425 
0.1267074 
0.1177733 
0.0873243 
0.0611536 
0.0630990 
0.0697110 
0.0704664 
0.0694638 
0.0797798 
0.1012340 
0.1051535 
0.1087296 
0.1124396 
0.1032828 
0.0801528 
0.0621274 
0.0645388 
0.0873922 
0.1056403 
0.1064205 
0.1314040 
0.1427018 
0.1462086 
0.1249111 
0.0991462 
0.0840651 
0.0764097 
0.0671855 
0.0651311 
0.0769810 
0.1006112 
0.1202014 
0.1314265 
0.1189614 
0.1178680 
0.0909824 
0.0781005 
0.0589830 
0.0623406 
0.0640614 
0.0672896 
0.0721786 
0.0845748 
0.0933864 
0.0930665 
0.0874282 
0.0598756 
0.0435912 
0.0425434 
0.0416638 
0.0589061 
0.0660923 
0.0707868 
0.0693957 
0.0570513 
0.0499937 
0.0588800 
0.0702628 
0.0837941 
0.0998639 
0.1077480 
0.1059981 
0.1077926 
0.1058901 
0.0957776 
0.0744023 
0.0527112 
0.0524887 
0.0684060 
0.1001005 
0.1217100 
0.1310446 
0.1232951 
0.1151831 
0.0920456 
0.0646118 
0.0402657 
0.0412044 
0.0586705 
0.0838670 
0.0958394 
0.1082314 
0.1109390 
0.0959403 
0.0867637 
0.0779352 
0.0620999 
0.0542041 
0.0588485 
0.0763778 
0.0809237 
0.0633018 
0.0528304 
0.0335840 
0.0350591 
0.0389262 
0.0418315 
0.0617574 
0.0849382 
0.0932788 
0.1027272 
0.1058935 
0.0968002 
0.0740062 
0.0398399 
0.0323975 
0.0374782 
0.0473199 
0.0690065 
0.0834254 
0.0846107 
0.0813937 
0.0513379 
0.0357625 
0.0233327 
0.0220810 
0.0370253 
0.0675795 
0.0754952 
0.0822414 
0.0716530 
0.0716351 
0.0556152 
0.0368675 
0.0248168 
0.0091298 
0.0214913 
0.0327596 
0.0420608 
0.0389443 
0.0344241 
0.0283250 
0.0183974 
0.0150219 
0.0284675 
0.0420099 
0.0479258 
0.0433315 
0.0409292 
0.0404166 
0.0393007 
0.0146134 
0.0000000 
0.0022451 
0.0049179 
0.0082776 
0.0121884 
0.0180029 
0.0305921 
0.0541041 
0.0586199 
0.0484207 
0.0459413 
0.0543134 
0.0648464 
0.0582336 
0.0340394 
0.0302843 
0.0303150 
0.0278646 
0.0254133 
0.0212555 
0.0262991 
0.0285197 
0.0299897 
0.0307401 
0.0435204 
0.0602855 
0.0638071 
0.0599903 
0.0563195 
0.0481572 
0.0437870 
0.0514004 
0.0581670 
0.0566709 
