-0.0000300 
0.0000209 
-0.0001642 
-0.1831941 
-0.1102949 
-0.0104661 
0.9949637 
0.9983422 
0.9993097 
1.0000000 
0.9893326 
0.9957648 
0.9879298 
0.9861403 
0.9784315 
0.9785811 
0.9849503 
0.9958138 
0.9949624 
0.9947083 
0.9956016 
0.9861120 
0.9889630 
0.9822032 
0.9857943 
0.9822952 
0.9826532 
0.9901365 
0.9885842 
0.9794637 
0.9766535 
0.9791795 
0.9809764 
0.9784166 
0.9853091 
0.9828554 
0.9766072 
0.9798704 
0.9841436 
0.9803867 
0.9785630 
0.9820352 
0.9739847 
0.9661300 
0.9647353 
0.9633631 
0.9596460 
0.9620500 
0.9615570 
0.9614227 
0.9634461 
0.9654643 
0.9588374 
0.9547124 
0.9497862 
0.9508978 
0.9589468 
0.9618071 
0.9614643 
0.9492275 
0.9346245 
0.9361233 
0.9376224 
0.9478738 
0.9560307 
0.9543313 
0.9529200 
0.9486508 
0.9470201 
0.9373692 
0.9387182 
0.9521146 
0.9554875 
0.9565782 
0.9505558 
0.9434419 
0.9416965 
0.9424680 
0.9492930 
0.9565833 
0.9519929 
0.9554155 
0.9445940 
0.9372769 
0.9371888 
0.9385981 
0.9489308 
0.9497410 
0.9454101 
0.9360395 
0.9393262 
0.9430476 
0.9393290 
0.9442048 
0.9429438 
0.9420797 
0.9372745 
0.9338719 
0.9301211 
0.9359592 
0.9465515 
0.9438434 
0.9350686 
0.9355962 
0.9361239 
0.9371837 
0.9293620 
0.9240975 
0.9218605 
0.9286161 
0.9295960 
0.9255216 
0.9239716 
0.9126415 
0.9252035 
0.9327843 
0.9255650 
0.9216107 
0.9154929 
0.9196099 
0.9211143 
0.9219517 
0.9153408 
0.9181148 
0.9170113 
0.9069144 
0.9009555 
0.9041111 
0.8997056 
0.9009207 
0.9019947 
0.9107070 
0.9084469 
0.9088970 
0.9090401 
0.8987691 
0.9067490 
0.9062529 
0.9031805 
0.8964854 
0.8948899 
0.8906646 
0.8964882 
0.9004234 
0.8983158 
0.8990330 
0.8972970 
0.8932997 
0.9003513 
0.9049541 
0.9058157 
0.9024305 
0.9001447 
0.9033793 
0.9108802 
0.8981165 
0.8968846 
0.8902726 
0.8899971 
0.9136768 
0.9140310 
0.9090733 
0.9029905 
0.9004130 
0.9001338 
0.9048170 
0.8994473 
0.8985865 
0.8973545 
0.9073187 
0.9051587 
0.8943033 
0.8930257 
0.8918104 
0.9035446 
0.9065402 
0.8978983 
0.8957105 
0.8912378 
0.8921382 
0.8999678 
0.8902729 
0.8954796 
0.8884211 
0.8900265 
0.8965975 
0.8828127 
0.8860691 
0.8847567 
0.8962982 
0.8943248 
0.8914686 
0.8790805 
0.8878632 
0.8909809 
0.8855979 
0.8823722 
0.8778523 
0.8736033 
0.8778272 
0.8816010 
0.8783325 
0.8714586 
0.8686241 
0.8762473 
0.8798230 
0.8718798 
0.8711722 
0.8665550 
0.8739935 
0.8693605 
0.8609049 
0.8602349 
0.8649857 
0.8647165 
0.8579216 
0.8537505 
0.8596643 
0.8749149 
0.8718692 
0.8581705 
0.8610286 
0.8760898 
0.8778113 
0.8737049 
0.8778309 
0.8794963 
0.8926789 
0.8708936 
0.8612915 
0.8651011 
0.8827218 
0.8699088 
0.8655950 
0.8714856 
0.8709458 
0.8504557 
0.8558923 
0.8613192 
0.8788070 
0.8798053 
0.8695222 
0.8748332 
0.8804464 
0.8837953 
0.8781988 
0.8784227 
0.8819933 
0.8825732 
0.8715488 
0.8691573 
0.8736593 
0.8787984 
0.8759220 
0.8769160 
0.8763544 
0.8734427 
0.8714099 
0.8663885 
0.8679891 
0.8735539 
0.8574242 
0.8566319 
0.8619772 
0.8593712 
0.8540143 
0.8545018 
0.8577096 
0.8622505 
0.8617809 
0.8513424 
0.8573109 
0.8516356 
0.8416373 
0.8467202 
0.8490605 
0.8477294 
0.8487006 
0.8552212 
0.8546456 
0.8486194 
0.8430928 
0.8487318 
0.8594054 
0.8536069 
0.8546548 
0.8533286 
0.8465934 
0.8436952 
0.8399824 
0.8354318 
0.8281261 
0.8219099 
0.8300965 
0.8364543 
0.8404088 
0.8420160 
0.8406093 
0.8388266 
0.8336515 
0.8267248 
0.8279540 
0.8309510 
0.8239786 
0.8240525 
0.8221847 
0.8151005 
0.8112238 
0.8156312 
0.8142342 
0.8052377 
0.8071165 
0.8075432 
0.8042845 
0.8072467 
0.8083337 
0.8087910 
0.8110947 
0.8171678 
0.8151372 
0.8214748 
0.8189535 
0.8213097 
0.8102616 
0.8028003 
0.8085701 
0.8048701 
0.8095431 
0.8077314 
0.8161325 
0.8117963 
0.8186599 
0.8225175 
0.8184037 
0.8166489 
0.8208279 
0.8252196 
0.8166652 
0.8215401 
0.8165486 
0.8226357 
0.8255521 
0.8281354 
0.8313264 
0.8341881 
0.8364342 
0.8345892 
0.8356696 
0.8367837 
0.8354580 
0.8316674 
0.8323215 
0.8392367 
0.8364655 
0.8423470 
0.8293718 
0.8311636 
0.8335954 
0.8321580 
0.8266915 
0.8182533 
0.8200238 
0.8166267 
0.8212744 
0.8256600 
0.8270052 
0.8195158 
0.8249102 
0.8295296 
0.8209952 
0.8283523 
0.8102862 
0.8202634 
0.8171117 
0.8151506 
0.8226181 
0.8112954 
0.8236861 
0.8102136 
0.8155517 
0.8076381 
0.7971582 
0.7898041 
0.7857667 
0.7937028 
0.7802100 
0.7861425 
0.7906821 
0.7833982 
0.7892825 
0.7839943 
0.7797128 
0.7893422 
0.7803334 
0.7841234 
0.7897525 
0.7939544 
0.7961982 
0.7818483 
0.7877309 
0.7846101 
0.7786892 
0.7901466 
0.7845706 
0.7815283 
0.7772720 
0.7693644 
0.7711706 
0.7683187 
0.7705116 
0.7833063 
0.7811016 
0.7762950 
0.7783033 
0.7746892 
0.7776755 
0.7887445 
0.7769864 
0.7769076 
0.7863609 
0.7695558 
0.7790618 
0.7856229 
0.7719185 
0.7756881 
0.7812710 
0.7696122 
0.7725670 
0.7790852 
0.7678854 
0.7725571 
0.7851399 
0.7717481 
0.7809530 
0.7860671 
0.7847786 
0.7795506 
0.7880276 
0.7849683 
0.7869529 
0.7940291 
0.7833606 
0.7767797 
0.7686033 
0.7762947 
0.7736793 
0.7700584 
0.7686412 
0.7760463 
0.7809872 
0.7726309 
0.7680903 
0.7720745 
0.7745087 
0.7758990 
0.7754717 
0.7682028 
0.7704021 
0.7766497 
0.7762330 
0.7670606 
0.7835665 
0.7796897 
0.7732461 
0.7682349 
0.7799262 
0.7646294 
0.7601426 
0.7734886 
0.7693805 
0.7600209 
0.7778855 
0.7765636 
0.7581977 
0.7595997 
0.7644027 
0.7527456 
0.7499100 
0.7627565 
0.7611492 
0.7543742 
0.7606535 
0.7665242 
0.7488503 
0.7497351 
0.7550490 
0.7584188 
0.7509567 
0.7475481 
0.7617940 
0.7604150 
0.7495338 
0.7530428 
0.7649964 
0.7694183 
0.7540983 
0.7621650 
0.7702809 
0.7664657 
0.7602873 
0.7596832 
0.7652518 
0.7537771 
0.7556853 
0.7506612 
0.7437699 
0.7416039 
0.7492714 
0.7532448 
0.7455880 
0.7325089 
0.7441172 
0.7497760 
0.7434446 
0.7321216 
0.7380716 
0.7503429 
0.7540179 
0.7379913 
0.7368589 
0.7436526 
0.7483021 
0.7429008 
0.7356969 
0.7341273 
0.7417194 
0.7475048 
0.7359230 
0.7414483 
0.7416678 
0.7375464 
0.7456970 
0.7508566 
0.7448961 
0.7430676 
0.7380324 
0.7420701 
0.7431936 
0.7415784 
0.7362426 
0.7314814 
0.7313827 
0.7353937 
0.7264691 
0.7237021 
0.7223677 
0.7275973 
0.7316453 
0.7344309 
0.7325946 
0.7284279 
0.7224174 
0.7221058 
0.7317586 
0.7342240 
0.7286307 
0.7202779 
0.7147283 
0.7207637 
0.7308172 
0.7339801 
0.7410364 
0.7340834 
0.7284600 
0.7348328 
0.7393503 
0.7350458 
0.7358867 
0.7335766 
0.7269873 
0.7197186 
0.7190454 
0.7325812 
0.7404692 
0.7357099 
0.7204375 
0.7042321 
0.7060506 
0.7196708 
0.7239299 
0.7277126 
0.7305682 
0.7240078 
0.7220816 
0.7295597 
0.7345761 
0.7399434 
0.7422031 
0.7288868 
0.7222675 
0.7215220 
0.7164014 
0.7212583 
0.7241991 
0.7270651 
0.7300824 
0.7331588 
0.7240305 
0.7188487 
0.7203343 
0.7162790 
0.7103324 
0.7140252 
0.7172246 
0.7143275 
0.7150086 
0.7165430 
0.7199030 
0.7187822 
0.7209104 
0.7091272 
0.7146461 
0.7113187 
0.7103197 
0.7098593 
0.7079665 
0.7119834 
0.7094216 
0.7091258 
0.7046988 
0.7030777 
0.7034295 
0.7069041 
0.7112946 
0.7079913 
0.7061338 
0.7020672 
0.7066911 
0.7104426 
0.7025572 
0.6995751 
0.7052268 
0.7036376 
0.7052186 
0.7048303 
0.7006598 
0.7002947 
0.6988391 
0.6996240 
0.6970495 
0.6964019 
0.6894074 
0.6943074 
0.6916661 
0.6898332 
0.6967471 
0.6900887 
0.6896493 
0.6872428 
0.6853725 
0.6824715 
0.6816784 
0.6920076 
0.6994156 
0.6949188 
0.6895602 
0.6824341 
0.6745164 
0.6797870 
0.6787307 
0.6789712 
0.6787139 
0.6736722 
0.6841753 
0.6949106 
0.7011462 
0.6984928 
0.6881224 
0.6881544 
0.6906254 
0.6966166 
0.7021764 
0.6968339 
0.6950686 
0.6906796 
0.6896623 
0.6756615 
0.6748855 
0.6701547 
0.6726670 
0.6749882 
0.6821215 
0.6872680 
0.6941280 
0.6893477 
0.6975800 
0.6974037 
0.6929490 
0.6810464 
0.6788089 
0.6797330 
0.6793426 
0.6809391 
0.6815275 
0.6770809 
0.6686209 
0.6708614 
0.6690027 
0.6698961 
0.6687466 
0.6774930 
0.6719602 
0.6760579 
0.6762496 
0.6794586 
0.6752502 
0.6771638 
0.6796408 
0.6742485 
0.6717684 
0.6734100 
0.6660675 
0.6653709 
0.6587829 
0.6569314 
0.6547307 
0.6489582 
0.6521864 
0.6569138 
0.6556689 
0.6665133 
0.6661708 
0.6678086 
0.6693097 
0.6700445 
0.6625521 
0.6617690 
0.6556332 
0.6471938 
0.6470483 
0.6428190 
0.6382254 
0.6398339 
0.6437308 
0.6426914 
0.6391607 
0.6441231 
0.6503837 
0.6514617 
0.6454660 
0.6417619 
0.6425959 
0.6378363 
0.6476812 
0.6466311 
0.6376268 
0.6375145 
0.6452782 
0.6609791 
0.6595841 
0.6570010 
0.6533890 
0.6437748 
0.6493224 
0.6457501 
0.6418950 
0.6396708 
0.6426058 
0.6507095 
0.6537331 
0.6425659 
0.6349137 
0.6366486 
0.6511942 
0.6603576 
0.6570850 
0.6514019 
0.6508112 
0.6460027 
0.6463810 
0.6415335 
0.6407912 
0.6312825 
0.6298485 
0.6404075 
0.6385322 
0.6394987 
0.6331968 
0.6349996 
0.6419108 
0.6465900 
0.6294245 
0.6365519 
0.6345181 
0.6392760 
0.6394708 
0.6341042 
0.6258927 
0.6390339 
0.6461584 
0.6392145 
0.6445936 
0.6474312 
0.6498448 
0.6507692 
0.6475994 
0.6387442 
0.6408432 
0.6401302 
0.6308769 
0.6332519 
0.6287108 
0.6265160 
0.6356104 
0.6383972 
0.6328482 
0.6452736 
0.6462956 
0.6455913 
0.6427165 
0.6434801 
0.6385694 
0.6498306 
0.6431422 
0.6337568 
0.6283668 
0.6286678 
0.6291373 
0.6235615 
0.6175763 
0.6185736 
0.6257111 
0.6238805 
0.6151630 
0.6032484 
0.6123358 
0.6287211 
0.6130803 
0.6088210 
0.6137534 
0.6230125 
0.6237268 
0.6097122 
0.6018657 
0.6095655 
0.6156494 
0.6033334 
0.5861746 
0.5969585 
0.6075856 
0.5939197 
0.5978763 
0.6010666 
0.6011852 
0.5858232 
0.5908259 
0.5988767 
0.6044149 
0.6004056 
0.5884582 
0.5952205 
0.6019548 
0.5923647 
0.5827147 
0.5895818 
0.5978302 
0.5918252 
0.6049390 
0.6112403 
0.6062253 
0.6105509 
0.6073095 
0.6121514 
0.6163863 
0.6212358 
0.6259934 
0.6277207 
0.6239938 
0.6104282 
0.6077648 
0.6249107 
0.6248516 
0.6128649 
0.6142234 
0.6209431 
0.6188646 
0.6170519 
0.6142194 
0.6219868 
0.6169529 
0.6035729 
0.6048967 
0.6126131 
0.5979754 
0.5914413 
0.6045870 
0.6136771 
0.5926327 
0.5950013 
0.6042826 
0.5974976 
0.5907062 
0.5905916 
0.5993528 
0.5990174 
0.5814883 
0.5856434 
0.6007405 
0.5959839 
0.5921941 
0.5952721 
0.5918588 
0.5820612 
0.5787474 
0.5876731 
0.5890275 
0.5835056 
0.5830793 
0.5827349 
0.5689999 
0.5719281 
0.5812561 
0.5871097 
0.5780884 
0.5780987 
0.5758830 
0.5717222 
0.5655039 
0.5755061 
0.5817910 
0.5729811 
0.5694486 
0.5757925 
0.5773596 
0.5727008 
0.5716100 
0.5746564 
0.5769672 
0.5742860 
0.5737372 
0.5672507 
0.5640690 
0.5606434 
0.5614296 
0.5656466 
0.5658899 
0.5646408 
0.5649078 
0.5556658 
0.5562595 
0.5610468 
0.5614950 
0.5663450 
0.5650995 
0.5656057 
0.5742235 
0.5747989 
0.5825132 
0.5800993 
0.5698277 
0.5649938 
0.5610165 
0.5580327 
0.5483627 
0.5551637 
0.5571211 
0.5571651 
0.5637523 
0.5553968 
0.5574907 
0.5605858 
0.5600519 
0.5684216 
0.5657605 
0.5578674 
0.5736549 
0.5633387 
0.5518477 
0.5525623 
0.5591027 
0.5583340 
0.5640305 
0.5626292 
0.5555741 
0.5538107 
0.5535299 
0.5593727 
0.5689492 
0.5601913 
0.5623561 
0.5594019 
0.5539239 
0.5522599 
0.5558053 
0.5617389 
0.5532434 
0.5535071 
0.5565526 
0.5524612 
0.5527439 
0.5504188 
0.5409870 
0.5325131 
0.5265905 
0.5286836 
0.5230074 
0.5341444 
0.5363242 
0.5344758 
0.5350280 
0.5364304 
0.5329010 
0.5336841 
0.5363885 
0.5381924 
0.5363487 
0.5306744 
0.5339235 
0.5372714 
0.5273947 
0.5188752 
0.5237993 
0.5303193 
0.5287298 
0.5256544 
0.5303991 
0.5316447 
0.5288478 
0.5343691 
0.5414901 
0.5345845 
0.5439727 
0.5412853 
0.5321508 
0.5350285 
0.5401156 
0.5333475 
0.5294863 
0.5305965 
0.5298436 
0.5254887 
0.5264878 
0.5311275 
0.5284338 
0.5248147 
0.5312878 
0.5350340 
0.5281493 
0.5287951 
0.5233444 
0.5226189 
0.5221637 
0.5230223 
0.5246021 
0.5267618 
0.5274452 
0.5189966 
0.5205942 
0.5199874 
0.5257020 
0.5196593 
0.5207165 
0.5192759 
0.5163338 
0.5281480 
0.5343920 
0.5341126 
0.5294619 
0.5252383 
0.5203580 
0.5176563 
0.5096483 
0.5124278 
0.5192137 
0.5204484 
0.5178685 
0.5179072 
0.5206146 
0.5234432 
0.5281978 
0.5309673 
0.5312009 
0.5310000 
0.5258376 
0.5146875 
0.5216234 
0.5221228 
0.5135353 
0.5141903 
0.5181684 
0.5211424 
0.5096420 
0.5120680 
0.5191168 
0.5279548 
0.5252095 
0.5237168 
0.5300359 
0.5294892 
0.5261924 
0.5216851 
0.5222578 
0.5285172 
0.5278563 
0.5214505 
0.5222236 
0.5204894 
0.5156308 
0.5195319 
0.5073788 
0.5048863 
0.4996447 
0.5027539 
0.5029893 
0.5039261 
0.5046387 
0.5105058 
0.5088891 
0.5090112 
0.5134468 
0.5165631 
0.5043220 
0.4921210 
0.4902404 
0.4882204 
0.4914120 
0.4912595 
0.4907702 
0.4935340 
0.4916647 
0.4910143 
0.4976832 
0.4942500 
0.4952707 
0.5056990 
0.5030869 
0.5027441 
0.4956668 
0.4927203 
0.4974503 
0.4961501 
0.4953502 
0.4943984 
0.4960889 
0.4967907 
0.4873338 
0.4781390 
0.4713485 
0.4749253 
0.4765103 
0.4710886 
0.4687927 
0.4600397 
0.4648225 
0.4623778 
0.4601045 
0.4631254 
0.4632280 
0.4662535 
0.4661574 
0.4702970 
0.4673668 
0.4729016 
0.4710417 
0.4629358 
0.4672825 
0.4628277 
0.4693270 
0.4734901 
0.4752930 
0.4696894 
0.4685830 
0.4752905 
0.4765432 
0.4799919 
0.4751720 
0.4668980 
0.4659514 
0.4622145 
0.4603208 
0.4621726 
0.4669320 
0.4685177 
0.4629105 
0.4618312 
0.4613625 
0.4600130 
0.4535799 
0.4512068 
0.4494632 
0.4505137 
0.4456126 
0.4483325 
0.4352812 
0.4374330 
0.4333078 
0.4309722 
0.4333103 
0.4375383 
0.4398779 
0.4436728 
0.4447854 
0.4547839 
0.4646298 
0.4697867 
0.4654449 
0.4651563 
0.4658311 
0.4863739 
0.4952635 
0.4948422 
0.4879538 
0.4834729 
0.4741527 
0.4733735 
0.4612382 
0.4597514 
0.4663013 
0.4724507 
0.4667624 
0.4641989 
0.4609960 
0.4599966 
0.4588300 
0.4630473 
0.4670648 
0.4787054 
0.4739490 
0.4818031 
0.4850562 
0.4831696 
0.4834815 
0.4771940 
0.4853744 
0.4824258 
0.4737011 
0.4720950 
0.4731851 
0.4760997 
0.4770672 
0.4707566 
0.4738178 
0.4702117 
0.4667523 
0.4725258 
0.4618267 
0.4527922 
0.4537165 
0.4580173 
0.4594414 
0.4445214 
0.4366449 
0.4305194 
0.4350833 
0.4422181 
0.4431187 
0.4360502 
0.4345386 
0.4404102 
0.4398180 
0.4353071 
0.4301935 
0.4322706 
0.4245842 
0.4251250 
0.4192543 
0.4061665 
0.4118514 
0.4133591 
0.4138488 
0.4169045 
0.4171824 
0.4178460 
0.4147403 
0.4204145 
0.4194424 
0.4025098 
0.4055268 
0.4046542 
0.4128315 
0.4162593 
0.3996674 
0.3901721 
0.3933123 
0.4109943 
0.4256930 
0.4136632 
0.4076183 
0.4127833 
0.4234882 
0.4435045 
0.4298503 
0.4112633 
0.4059031 
0.4043466 
0.4223859 
0.4265345 
0.4074582 
0.4010054 
0.4105563 
0.4276341 
0.4521774 
0.4356552 
0.4230513 
0.4174881 
0.4224954 
0.4358111 
0.4380249 
0.4215327 
0.4225516 
0.4244982 
0.4342872 
0.4483505 
0.4397015 
0.4350334 
0.4432420 
0.4407453 
0.4463406 
0.4491529 
0.4377081 
0.4314943 
0.4337152 
0.4307009 
0.4292611 
0.4155604 
0.3979801 
0.3983930 
0.4057692 
0.4041395 
0.4024321 
0.3979363 
0.3916853 
0.3948002 
0.4007499 
0.4036449 
0.3953187 
0.3851181 
0.3910495 
0.4018169 
0.4079138 
0.3972589 
0.3915191 
0.3888344 
0.3884861 
0.4009803 
0.4130623 
0.4082706 
0.3950918 
0.3792247 
0.3801454 
0.3880216 
0.4038072 
0.3926494 
0.3781082 
0.3672065 
0.3685924 
0.3885954 
0.4022285 
0.4080465 
0.3915327 
0.3735267 
0.3796194 
0.3928015 
0.4015330 
0.4074072 
0.3940031 
0.3654629 
0.3656779 
0.3715978 
0.3785375 
0.3931744 
0.4005338 
0.3962069 
0.3894685 
0.3855848 
0.3873516 
0.3950666 
0.4067974 
0.4074112 
0.3935210 
0.3871670 
0.3874580 
0.3847978 
0.3804964 
0.3968789 
0.3980163 
0.3904055 
0.3855155 
0.3845795 
0.3805042 
0.3844366 
0.3927343 
0.3952716 
0.3835813 
0.3828502 
0.3841796 
0.3809281 
0.3845378 
0.4007500 
0.4067150 
0.4007723 
0.3940613 
0.3903509 
0.3828990 
0.3779528 
0.3846822 
0.3822609 
0.3705296 
0.3702923 
0.3715563 
0.3632021 
0.3620379 
0.3608452 
0.3661707 
0.3698171 
0.3828322 
0.3881706 
0.3856492 
0.3816531 
0.3735370 
0.3614994 
0.3545326 
0.3589920 
0.3637380 
0.3644493 
0.3634309 
0.3588156 
0.3549019 
0.3551919 
0.3567738 
0.3565274 
0.3606218 
0.3598633 
0.3539131 
0.3500188 
0.3507895 
0.3502184 
0.3531376 
0.3576783 
0.3556295 
0.3468459 
0.3438474 
0.3448292 
0.3451050 
0.3495687 
0.3557281 
0.3675655 
0.3666720 
0.3570364 
0.3517039 
0.3533026 
0.3546459 
0.3522516 
0.3656291 
0.3681913 
0.3651716 
0.3549333 
0.3459898 
0.3408730 
0.3435991 
0.3431148 
0.3528707 
0.3672910 
0.3660267 
0.3537184 
0.3445223 
0.3341767 
0.3353091 
0.3401416 
0.3482346 
0.3562054 
0.3556292 
0.3608538 
0.3565086 
0.3447181 
0.3305671 
0.3305562 
0.3403997 
0.3468769 
0.3481089 
0.3534680 
0.3574994 
0.3654654 
0.3628204 
0.3532652 
0.3373469 
0.3365877 
0.3377400 
0.3412385 
0.3429677 
0.3495683 
0.3529792 
0.3618659 
0.3644452 
0.3598679 
0.3509070 
0.3411888 
0.3413112 
0.3434448 
0.3465279 
0.3417985 
0.3435865 
0.3507605 
0.3529607 
0.3519675 
0.3490448 
0.3411875 
0.3375321 
0.3389358 
0.3366217 
0.3291087 
0.3333344 
0.3376329 
0.3530333 
0.3561195 
0.3507603 
0.3449508 
0.3382868 
0.3316111 
0.3247577 
0.3237836 
0.3276422 
0.3279151 
0.3340822 
0.3366967 
0.3400319 
0.3438743 
0.3418682 
0.3300121 
0.3231812 
0.3179008 
0.3207234 
0.3224662 
0.3207764 
0.3239489 
0.3271116 
0.3232741 
0.3265884 
0.3250375 
0.3246551 
0.3263192 
0.3215749 
0.3189031 
0.3142132 
0.3115162 
0.3080242 
0.3100574 
0.3126217 
0.3149482 
0.3211914 
0.3265959 
0.3287329 
0.3239616 
0.3287574 
0.3214310 
0.3145156 
0.3163888 
0.3213682 
0.3214876 
0.3218897 
0.3239631 
0.3053368 
0.3039242 
0.3067957 
0.2997225 
0.2919617 
0.2983815 
0.3010452 
0.2937624 
0.2991101 
0.3034991 
0.3022134 
0.2988256 
0.3060479 
0.3116676 
0.3035403 
0.3009245 
0.3071856 
0.3077218 
0.3028776 
0.3075921 
0.3016789 
0.2958385 
0.2942477 
0.2932828 
0.2971514 
0.2932661 
0.2864121 
0.2855648 
0.2892951 
0.2921769 
0.2954610 
0.2984716 
0.2923926 
0.2879260 
0.2835103 
0.2861815 
0.2858210 
0.2787858 
0.2719202 
0.2707775 
0.2752772 
0.2678958 
0.2713658 
0.2806655 
0.2786621 
0.2827591 
0.2857339 
0.2905152 
0.2875210 
0.2869440 
0.2965645 
0.3034786 
0.2971307 
0.2942170 
0.2769485 
0.2748981 
0.2712541 
0.2725662 
0.2808687 
0.2857566 
0.2848210 
0.2890433 
0.2894851 
0.2904749 
0.2847318 
0.2864754 
0.2807198 
0.2786791 
0.2769782 
0.2827043 
0.2843524 
0.2790132 
0.2750686 
0.2754320 
0.2701048 
0.2712769 
0.2757232 
0.2747691 
0.2694069 
0.2718455 
0.2808805 
0.2852316 
0.2827313 
0.2807401 
0.2759524 
0.2736176 
0.2742890 
0.2727574 
0.2719062 
0.2741564 
0.2753705 
0.2666406 
0.2675412 
0.2672430 
0.2699029 
0.2755846 
0.2707986 
0.2722568 
0.2696861 
0.2677444 
0.2634316 
0.2578614 
0.2544342 
0.2536884 
0.2553603 
0.2605362 
0.2632346 
0.2646148 
0.2572967 
0.2551041 
0.2553133 
0.2528468 
0.2491989 
0.2480299 
0.2499480 
0.2485211 
0.2429919 
0.2516840 
0.2608817 
0.2596606 
0.2580089 
0.2549519 
0.2575068 
0.2574816 
0.2499959 
0.2490189 
0.2544207 
0.2544564 
0.2594283 
0.2542510 
0.2512147 
0.2554399 
0.2543047 
0.2479555 
0.2492455 
0.2443689 
0.2407128 
0.2412689 
0.2430983 
0.2403583 
0.2373959 
0.2428838 
0.2425086 
0.2500146 
0.2523284 
0.2498314 
0.2508388 
0.2517852 
0.2492892 
0.2549806 
0.2531441 
0.2473368 
0.2447045 
0.2450387 
0.2460184 
0.2515435 
0.2520744 
0.2532427 
0.2526201 
0.2402382 
0.2355119 
0.2400746 
0.2426556 
0.2440488 
0.2380737 
0.2344748 
0.2314023 
0.2328813 
0.2349053 
0.2412709 
0.2460291 
0.2441688 
0.2420285 
0.2446265 
0.2465279 
0.2502194 
0.2536852 
0.2523743 
0.2550337 
0.2533134 
0.2623365 
0.2686989 
0.2649551 
0.2584637 
0.2502793 
0.2289676 
0.2274328 
0.2248532 
0.2223725 
0.2264520 
0.2248234 
0.2319532 
0.2283910 
0.2257620 
0.2284316 
0.2354592 
0.2243425 
0.2142426 
0.2153095 
0.2138329 
0.2201311 
0.2218314 
0.2235131 
0.2248738 
0.2219728 
0.2171076 
0.2162830 
0.2188322 
0.2197312 
0.2221335 
0.2235818 
0.2204492 
0.2234229 
0.2220929 
0.2167074 
0.2180251 
0.2127293 
0.2147223 
0.2160033 
0.2192349 
0.2189836 
0.2182491 
0.2147568 
0.2090849 
0.2067825 
0.2045123 
0.2031998 
0.2047562 
0.2071113 
0.2114008 
0.2091727 
0.2107889 
0.2114484 
0.2070229 
0.2045812 
0.2044654 
0.2120220 
0.2106999 
0.2030616 
0.2041558 
0.2025096 
0.1946337 
0.1976008 
0.1993672 
0.2001185 
0.1944553 
0.1973530 
0.2027477 
0.2054719 
0.2039394 
0.1994631 
0.1945901 
0.2027124 
0.2033335 
0.2057867 
0.2141603 
0.2092010 
0.2009864 
0.2012755 
0.1970154 
0.1954589 
0.1939172 
0.1953607 
0.1940909 
0.1942837 
0.1962292 
0.1897720 
0.1881583 
0.1910574 
0.1905680 
0.1938876 
0.1998672 
0.1997311 
0.1922403 
0.1883955 
0.1827136 
0.1923274 
0.1929577 
0.1902573 
0.1926470 
0.1893989 
0.1853109 
0.1815762 
0.1802981 
0.1835204 
0.1911123 
0.1865527 
0.1828477 
0.1781572 
0.1720013 
0.1768162 
0.1824883 
0.1851887 
0.1926241 
0.1901389 
0.1861542 
0.1847846 
0.1897685 
0.1921041 
0.1920496 
0.1903625 
0.1840124 
0.1739620 
0.1735633 
0.1825080 
0.1825385 
0.1849891 
0.1817045 
0.1823505 
0.1743932 
0.1772837 
0.1822058 
0.1784686 
0.1762831 
0.1676657 
0.1634221 
0.1574272 
0.1600887 
0.1588066 
0.1591283 
0.1613552 
0.1663346 
0.1644513 
0.1703151 
0.1664919 
0.1644145 
0.1697900 
0.1672497 
0.1674003 
0.1691609 
0.1623551 
0.1625271 
0.1623309 
0.1645551 
0.1675404 
0.1729830 
0.1709296 
0.1695511 
0.1715842 
0.1732654 
0.1772691 
0.1764331 
0.1723718 
0.1693144 
0.1627772 
0.1590985 
0.1625209 
0.1643502 
0.1572825 
0.1490799 
0.1579658 
0.1595343 
0.1630975 
0.1593493 
0.1516598 
0.1460572 
0.1538306 
0.1566395 
0.1617633 
0.1629160 
0.1604851 
0.1553832 
0.1576361 
0.1649185 
0.1618509 
0.1572824 
0.1502616 
0.1470478 
0.1508746 
0.1511013 
0.1627793 
0.1500073 
0.1440218 
0.1396352 
0.1385422 
0.1466418 
0.1484804 
0.1512533 
0.1525423 
0.1476617 
0.1463618 
0.1517543 
0.1621811 
0.1684730 
0.1579582 
0.1470003 
0.1438747 
0.1455842 
0.1462023 
0.1421086 
0.1411337 
0.1375263 
0.1359824 
0.1354763 
0.1417834 
0.1477914 
0.1482615 
0.1450353 
0.1425431 
0.1405535 
0.1413266 
0.1407644 
0.1480219 
0.1498938 
0.1487148 
0.1519904 
0.1475900 
0.1444318 
0.1470902 
0.1464934 
0.1393474 
0.1414724 
0.1389514 
0.1344142 
0.1308516 
0.1288406 
0.1250192 
0.1393362 
0.1463748 
0.1352484 
0.1327731 
0.1367405 
0.1326884 
0.1288585 
0.1400987 
0.1428469 
0.1336286 
0.1316631 
0.1381370 
0.1374487 
0.1309881 
0.1373518 
0.1346975 
0.1323414 
0.1459944 
0.1528414 
0.1470281 
0.1313197 
0.1248701 
0.1196500 
0.1189569 
0.1178750 
0.1167059 
0.1122951 
0.1109316 
0.1195890 
0.1236613 
0.1150305 
0.1053453 
0.1101072 
0.1107587 
0.1182254 
0.1224248 
0.1195788 
0.1095444 
0.1142034 
0.1224505 
0.1227396 
0.1130685 
0.1070785 
0.1109763 
0.1167927 
0.1166052 
0.1160021 
0.1056507 
0.1046761 
0.1151462 
0.1240428 
0.1229015 
0.1123989 
0.1106770 
0.1072155 
0.1109985 
0.1163451 
0.1128950 
0.1124880 
0.1189968 
0.1203929 
0.1183708 
0.1117663 
0.1153245 
0.1210979 
0.1164541 
0.1145776 
0.1085138 
0.1117515 
0.1016234 
0.1035397 
0.1068227 
0.1025140 
0.1046533 
0.1084821 
0.1104302 
0.1062330 
0.0972758 
0.0889150 
0.0959078 
0.1064111 
0.1005467 
0.0936347 
0.0980325 
0.0956846 
0.0883579 
0.0878146 
0.0849291 
0.0793951 
0.0821543 
0.0838670 
0.0886874 
0.0920596 
0.0897155 
0.0836623 
0.0868199 
0.0929962 
0.0840075 
0.0808576 
0.0864134 
0.0909509 
0.0876381 
0.0756049 
0.0736185 
0.0829499 
0.0882664 
0.0834833 
0.0811579 
0.0846846 
0.0887077 
0.0904443 
0.0869522 
0.0913443 
0.0939060 
0.0877409 
0.0780135 
0.0747555 
0.0719666 
0.0729371 
0.0793570 
0.0811155 
0.0782514 
0.0822744 
0.0745040 
0.0725718 
0.0774370 
0.0828087 
0.0809798 
0.0791661 
0.0822066 
0.0843917 
0.0769989 
0.0731726 
0.0687464 
0.0677752 
0.0675488 
0.0642790 
0.0641478 
0.0721766 
0.0756492 
0.0748922 
0.0730721 
0.0799120 
0.0830306 
0.0857821 
0.0774391 
0.0656669 
0.0669779 
0.0737160 
0.0824808 
0.0770718 
0.0767278 
0.0787357 
0.0821573 
0.0886882 
0.0896581 
0.0883940 
0.0883175 
0.0865434 
0.0822187 
0.0759745 
0.0776439 
0.0847611 
0.0838654 
0.0809560 
0.0805808 
0.0854738 
0.0870266 
0.0841465 
0.0825672 
0.0767097 
0.0681583 
0.0564221 
0.0552997 
0.0534981 
0.0525025 
0.0546292 
0.0586957 
0.0558925 
0.0528243 
0.0495536 
0.0537858 
0.0546747 
0.0457901 
0.0334757 
0.0342904 
0.0442899 
0.0489156 
0.0491326 
0.0522235 
0.0536131 
0.0667784 
0.0688158 
0.0599701 
0.0487937 
0.0445185 
0.0474569 
0.0506138 
0.0588881 
0.0534652 
0.0461357 
0.0489735 
0.0514422 
0.0505283 
0.0454572 
0.0489720 
0.0544507 
0.0592444 
0.0566023 
0.0491867 
0.0427534 
0.0393434 
0.0431926 
0.0490734 
0.0498259 
0.0498596 
0.0453253 
0.0522266 
0.0575874 
0.0580655 
0.0539377 
0.0504410 
0.0431764 
0.0402086 
0.0381688 
0.0352329 
0.0307857 
0.0193792 
0.0196320 
0.0210403 
0.0218183 
0.0236254 
0.0230387 
0.0263120 
0.0271455 
0.0266106 
0.0270018 
0.0326246 
0.0380718 
0.0400919 
0.0330800 
0.0212606 
0.0250828 
0.0359189 
0.0428626 
0.0494025 
0.0461782 
0.0380250 
0.0340533 
0.0430469 
0.0530909 
0.0537304 
0.0474560 
0.0399932 
0.0420419 
0.0344493 
0.0324921 
0.0316996 
0.0352066 
0.0316499 
0.0307058 
0.0200591 
0.0191308 
0.0240759 
0.0294150 
0.0283498 
0.0106432 
0.0062001 
0.0115060 
0.0162244 
0.0216582 
0.0180954 
0.0216680 
0.0199854 
0.0147392 
0.0049928 
0.0000000 
0.0011179 
0.0087152 
0.0178390 
0.0146479 
0.0147571 
0.0194611 
0.0198766 
0.0168786 
0.0055479 
0.0017144 
0.0097841 
0.0247510 
0.0236808 
0.0118101 
0.0162727 
0.0237110 
0.0334635 
0.0253860 
0.0207027 
0.0223829 
0.0224686 
0.0283365 
0.0239661 
0.0291719 
0.0358520 
0.0368144 
0.0344468 
0.0259752 
0.0259590 
0.0316022 
0.0330804 
