-0.0000943 
0.0000313 
0.0000823 
-0.5041038 
0.1869888 
0.2659763 
0.0162008 
0.0222205 
0.0222129 
0.0100866 
0.0276155 
0.0324698 
0.0301809 
0.0436008 
0.0388600 
0.0385696 
0.0478203 
0.0409050 
0.0354909 
0.0481644 
0.0369097 
0.0369693 
0.0270421 
0.0342949 
0.0266984 
0.0197317 
0.0086578 
0.0083232 
0.0187087 
0.0292103 
0.0248539 
0.0257624 
0.0324237 
0.0324585 
0.0342258 
0.0622055 
0.0552510 
0.0622829 
0.0688920 
0.0608892 
0.0725536 
0.0698292 
0.0605169 
0.0491958 
0.0416281 
0.0474204 
0.0366734 
0.0587436 
0.0397820 
0.0427260 
0.0247030 
0.0255401 
0.0380383 
0.0368675 
0.0585275 
0.0506023 
0.0380408 
0.0309825 
0.0403551 
0.0454293 
0.0468083 
0.0449177 
0.0479182 
0.0527768 
0.0495259 
0.0372259 
0.0233919 
0.0139215 
0.0205003 
0.0301131 
0.0169068 
0.0149579 
0.0036499 
0.0804612 
0.0837015 
0.0578464 
0.0413549 
0.0420283 
0.0334471 
0.0209931 
0.0244377 
0.0357467 
0.0335968 
0.0245475 
0.0126822 
0.0131695 
0.0141161 
0.0000000 
0.0071893 
0.0029091 
0.0245250 
0.0371492 
0.0381943 
0.0357534 
0.0359504 
0.0281165 
0.0286239 
0.0366607 
0.0265702 
0.0382458 
0.0419635 
0.0249444 
0.0293250 
0.0303353 
0.0273200 
0.0225288 
0.0244452 
0.0300322 
0.0245007 
0.0355979 
0.0286730 
0.0336776 
0.0307147 
0.0380544 
0.0342317 
0.0368712 
0.0496610 
0.0624199 
0.0413960 
0.0400272 
0.0420802 
0.0495421 
0.0430444 
0.0483908 
0.0503787 
0.0372193 
0.0382090 
0.0347441 
0.0099963 
0.0108528 
0.0178458 
0.0389969 
0.0561884 
0.0492206 
0.0512337 
0.0500879 
0.0480334 
0.0438374 
0.0389116 
0.0365821 
0.0246610 
0.0287549 
0.0290726 
0.0138529 
0.0070547 
0.0126070 
0.0109157 
0.0123025 
0.0059034 
0.0159406 
0.0381237 
0.0425421 
0.0325373 
0.0175001 
0.0195795 
0.0076663 
0.0129447 
0.0189695 
0.0312255 
0.0283467 
0.0398179 
0.0362889 
0.0476839 
0.0524578 
0.0429249 
0.0419448 
0.0349451 
0.0319442 
0.0319042 
0.0462902 
0.0509875 
0.0528197 
0.0667825 
0.0665283 
0.0561743 
0.0488859 
0.0505288 
0.0361560 
0.0435967 
0.0270649 
0.0430017 
0.0894235 
0.1095599 
0.1004813 
0.0966729 
0.0898954 
0.0628702 
0.0622373 
0.0593963 
0.0790800 
0.0778942 
0.0787296 
0.0647456 
0.0621245 
0.0515666 
0.0488041 
0.0697390 
0.0580272 
0.0499131 
0.0594457 
0.0507235 
0.0717664 
0.0681423 
0.0743579 
0.0832191 
0.0829822 
0.1187570 
0.1379152 
0.1305010 
0.1159521 
0.0889693 
0.0800660 
0.0881875 
0.0926895 
0.0961244 
0.1112040 
0.1014449 
0.1033515 
0.1001002 
0.1139650 
0.1066724 
0.1125562 
0.1055521 
0.1030546 
0.1009347 
0.1077526 
0.1044398 
0.1126861 
0.1158303 
0.1144598 
0.1312401 
0.1324152 
0.1294415 
0.1180500 
0.1221021 
0.1163065 
0.1121117 
0.0905123 
0.1110261 
0.1052938 
0.0928980 
0.1008664 
0.1123423 
0.1029974 
0.1055969 
0.1218877 
0.1135384 
0.1171073 
0.1209136 
0.1425456 
0.1472435 
0.1337609 
0.1319538 
0.1405937 
0.1447387 
0.1522651 
0.1606956 
0.1694397 
0.1507766 
0.1264378 
0.1087286 
0.1061797 
0.0997198 
0.1092379 
0.1127195 
0.1295136 
0.1496295 
0.1464503 
0.1333118 
0.1358554 
0.1472789 
0.1401139 
0.1244711 
0.1404075 
0.1219013 
0.1350392 
0.1371155 
0.1482001 
0.1519990 
0.1591403 
0.1471365 
0.1609646 
0.1607687 
0.1391605 
0.1280493 
0.1267891 
0.1224787 
0.1251414 
0.1232490 
0.1210098 
0.1452138 
0.1466159 
0.1330689 
0.1496314 
0.1867895 
0.1768381 
0.1671912 
0.1501450 
0.1538077 
0.1494743 
0.1371625 
0.1506825 
0.1606001 
0.1568234 
0.1648917 
0.1598639 
0.1590717 
0.1651104 
0.1695282 
0.1765867 
0.1812266 
0.1782221 
0.1767503 
0.1669057 
0.1790203 
0.1779403 
0.1773982 
0.1844361 
0.2027918 
0.1899992 
0.2043628 
0.2106467 
0.2211048 
0.2124112 
0.1992294 
0.2268918 
0.2278369 
0.2025586 
0.1982429 
0.2189555 
0.2084951 
0.2255674 
0.2225802 
0.2285883 
0.2314323 
0.2481101 
0.2572925 
0.2359552 
0.2396775 
0.2352920 
0.2377729 
0.2425372 
0.2573708 
0.2740030 
0.2801150 
0.2673058 
0.2453701 
0.2392092 
0.2413262 
0.2432950 
0.2455196 
0.2308144 
0.2268562 
0.2442069 
0.2422990 
0.2412321 
0.2286144 
0.2310370 
0.2160261 
0.2219433 
0.2168354 
0.2301781 
0.2215041 
0.2213916 
0.2244986 
0.2357253 
0.2241337 
0.2196782 
0.2183530 
0.2095419 
0.2006132 
0.1972436 
0.2104665 
0.2301635 
0.2210844 
0.2302879 
0.2390826 
0.2488932 
0.2693505 
0.2627354 
0.2603282 
0.2559258 
0.2513293 
0.2555162 
0.2463091 
0.2403446 
0.2409713 
0.2409811 
0.2521903 
0.2627032 
0.2634795 
0.2673172 
0.2707113 
0.2607761 
0.2811780 
0.2875601 
0.3013888 
0.3070279 
0.2958674 
0.3017391 
0.3098871 
0.3074042 
0.3079995 
0.3055311 
0.3007615 
0.3070678 
0.3069572 
0.2916814 
0.2776917 
0.2684412 
0.2670515 
0.2678474 
0.2788082 
0.2641081 
0.2619656 
0.2638242 
0.2709543 
0.2642754 
0.2639044 
0.2773015 
0.2689928 
0.2798487 
0.2865612 
0.2986316 
0.3140004 
0.3203036 
0.3296994 
0.3237035 
0.3383303 
0.3284739 
0.3318226 
0.3390540 
0.3365478 
0.3299237 
0.3319197 
0.3377747 
0.3384794 
0.3353807 
0.3491475 
0.3513944 
0.3529039 
0.3639039 
0.3553740 
0.3504556 
0.3495230 
0.3326931 
0.3370559 
0.3373149 
0.3353292 
0.3266688 
0.3157951 
0.3214406 
0.3167509 
0.3066518 
0.3016050 
0.2964962 
0.2962772 
0.3083636 
0.3015062 
0.2940493 
0.2939505 
0.2765798 
0.2779368 
0.2866531 
0.2799595 
0.2751305 
0.2817897 
0.2798976 
0.2918215 
0.3051455 
0.2929839 
0.2918180 
0.2795404 
0.2695360 
0.2746925 
0.2748638 
0.2844974 
0.2837061 
0.2807086 
0.2943085 
0.3147873 
0.3203147 
0.2958485 
0.3066955 
0.3115115 
0.3115658 
0.3034375 
0.3282728 
0.3344151 
0.3588708 
0.3582662 
0.3501230 
0.3408505 
0.3491767 
0.3418319 
0.3323042 
0.3318035 
0.3534982 
0.3693604 
0.3455697 
0.3352469 
0.3563294 
0.3567970 
0.3478106 
0.3496987 
0.3469991 
0.3451907 
0.3492396 
0.3457466 
0.3480716 
0.3366107 
0.3411992 
0.3601399 
0.3477421 
0.3418221 
0.3315015 
0.3279285 
0.3414011 
0.3324356 
0.3212919 
0.3374909 
0.3530814 
0.3342445 
0.3367360 
0.3317908 
0.3408463 
0.3411132 
0.3323492 
0.3351569 
0.3191091 
0.3207697 
0.3284216 
0.3383819 
0.3345562 
0.3332666 
0.3383747 
0.3487601 
0.3543214 
0.3377845 
0.3255529 
0.3317962 
0.3389525 
0.3421323 
0.3400136 
0.3383674 
0.3417512 
0.3458872 
0.3518758 
0.3508789 
0.3569013 
0.3467065 
0.3287211 
0.3220306 
0.3326777 
0.3469605 
0.3373163 
0.3499428 
0.3674060 
0.3646178 
0.3627776 
0.3528229 
0.3544542 
0.3593192 
0.3684387 
0.3700969 
0.3917532 
0.3906110 
0.3808563 
0.3682922 
0.3780172 
0.3764515 
0.3545799 
0.3547720 
0.3360579 
0.3338126 
0.3270446 
0.3291230 
0.3331061 
0.3334748 
0.3142697 
0.3264856 
0.3233972 
0.3301365 
0.3478379 
0.3447104 
0.3502272 
0.3608235 
0.3630850 
0.3617147 
0.3696996 
0.3747824 
0.3567222 
0.3668749 
0.3736037 
0.3751046 
0.3835012 
0.3920415 
0.3955110 
0.4019652 
0.3891666 
0.3950619 
0.3973329 
0.4023322 
0.3911814 
0.4012278 
0.4004651 
0.4188565 
0.4080885 
0.4402574 
0.4364928 
0.4253586 
0.4298675 
0.4120437 
0.4306770 
0.4101745 
0.4190104 
0.4178209 
0.4290705 
0.4303283 
0.4285412 
0.4195514 
0.4181648 
0.4172441 
0.4198922 
0.4184739 
0.4440754 
0.4438130 
0.4487867 
0.4330996 
0.4400303 
0.4523624 
0.4613975 
0.4503915 
0.4479562 
0.4440673 
0.4413154 
0.4529639 
0.4415330 
0.4340428 
0.4407737 
0.4593303 
0.4614074 
0.4776127 
0.4662177 
0.4585205 
0.4567446 
0.4665344 
0.4660466 
0.4500518 
0.4432012 
0.4598602 
0.4741896 
0.4833159 
0.5091691 
0.5123286 
0.5117320 
0.5181109 
0.5181158 
0.5046461 
0.4941296 
0.5012857 
0.4961090 
0.4891975 
0.5056006 
0.4971828 
0.4923291 
0.4927868 
0.4938271 
0.4997845 
0.4731829 
0.4847953 
0.4856450 
0.4918691 
0.4938294 
0.5108492 
0.5162311 
0.5155656 
0.5008773 
0.4983872 
0.5000952 
0.4916222 
0.4940133 
0.5021588 
0.5014086 
0.5082071 
0.5014101 
0.5036835 
0.4953215 
0.4746179 
0.4718171 
0.4786330 
0.4896356 
0.4828030 
0.4759723 
0.4923972 
0.4863563 
0.4928189 
0.4770337 
0.5153761 
0.5191432 
0.5252323 
0.5192483 
0.5349359 
0.5197994 
0.5191002 
0.5206597 
0.5237312 
0.5238833 
0.5181343 
0.5087843 
0.5137295 
0.5037707 
0.4914303 
0.4787438 
0.4886701 
0.4800341 
0.4784050 
0.5074162 
0.5244300 
0.5191234 
0.5173628 
0.5190853 
0.5162518 
0.5410149 
0.5412627 
0.5267921 
0.5123003 
0.5072569 
0.4986488 
0.4934423 
0.4976601 
0.5078143 
0.5240707 
0.5179604 
0.5220046 
0.5214335 
0.5358843 
0.5355078 
0.5308391 
0.5302566 
0.5206801 
0.5142493 
0.5262165 
0.5338967 
0.5426239 
0.5324352 
0.5398003 
0.5373350 
0.5499854 
0.5565543 
0.5447273 
0.5480062 
0.5337853 
0.5308657 
0.5404716 
0.5361317 
0.5166724 
0.5217012 
0.5197778 
0.5241797 
0.5231110 
0.5275624 
0.5363749 
0.5434087 
0.5499579 
0.5548660 
0.5431717 
0.5414612 
0.5378710 
0.5713011 
0.4887890 
0.5309900 
0.5393579 
0.5437397 
0.5521561 
0.5486366 
0.5609702 
0.5502318 
0.5592134 
0.5609874 
0.5486749 
0.5070720 
0.5217844 
0.5063493 
0.4970522 
0.4915729 
0.4730601 
0.4786538 
0.5031593 
0.5167575 
0.5111923 
0.5178162 
0.5160136 
0.5242363 
0.5207055 
0.5201234 
0.5115545 
0.5235570 
0.5232455 
0.5268503 
0.5394632 
0.5253948 
0.5215139 
0.5172160 
0.5335940 
0.5274708 
0.5534855 
0.5536395 
0.5584939 
0.5596451 
0.5695703 
0.5706831 
0.5671857 
0.5798211 
0.5788913 
0.5747181 
0.5963759 
0.6101113 
0.6134480 
0.6042982 
0.6019157 
0.5950392 
0.5890475 
0.6104942 
0.5956672 
0.6056335 
0.6116592 
0.6128221 
0.6032056 
0.6094224 
0.6075327 
0.6252628 
0.6137106 
0.5890760 
0.5851816 
0.5768548 
0.5644690 
0.5455369 
0.5209082 
0.5181921 
0.4957043 
0.4961362 
0.4966494 
0.5100478 
0.4996472 
0.5175564 
0.5199149 
0.5302652 
0.5180602 
0.5083995 
0.5271567 
0.5187237 
0.5129187 
0.4934997 
0.4994564 
0.5029143 
0.4871281 
0.4845287 
0.4848443 
0.4885510 
0.4801899 
0.4906956 
0.4869941 
0.4856068 
0.5106891 
0.5209307 
0.5242477 
0.5211067 
0.5208193 
0.5120372 
0.5144656 
0.5241800 
0.5227654 
0.5220654 
0.5226705 
0.5044624 
0.5091161 
0.5073575 
0.5019126 
0.5054028 
0.5102710 
0.5094244 
0.5064828 
0.5086185 
0.5157413 
0.5690363 
0.6278867 
0.6418924 
0.6837011 
0.7135605 
0.7286964 
0.7491133 
0.7515469 
0.7415053 
0.7388423 
0.7173007 
0.7073836 
0.6954760 
0.7043750 
0.7024627 
0.6793030 
0.6811843 
0.6804755 
0.6871343 
0.6826162 
0.6762783 
0.6856392 
0.6702180 
0.6679438 
0.6696926 
0.6445175 
0.6282787 
0.6249665 
0.6227329 
0.6370736 
0.6248396 
0.6308322 
0.6495762 
0.6285109 
0.6457395 
0.6473379 
0.6411224 
0.6329000 
0.6453447 
0.6503808 
0.6401674 
0.6272747 
0.6243750 
0.6249566 
0.6321834 
0.6367190 
0.6342384 
0.6122522 
0.6283866 
0.6148161 
0.6003859 
0.5904827 
0.6119957 
0.6301875 
0.6339426 
0.6320329 
0.6368721 
0.6442602 
0.6402730 
0.6479327 
0.6489701 
0.6751390 
0.6679639 
0.6796395 
0.6776443 
0.6752688 
0.6737622 
0.6681513 
0.6665927 
0.6657768 
0.6558296 
0.6444464 
0.6407001 
0.6283109 
0.6289089 
0.6300707 
0.6319899 
0.6260809 
0.6248593 
0.6286258 
0.6352449 
0.6297604 
0.6204467 
0.6270009 
0.6146727 
0.6106944 
0.6307477 
0.6195438 
0.6175447 
0.6095638 
0.6064629 
0.5926252 
0.6038756 
0.6028564 
0.6185041 
0.6044032 
0.6113401 
0.5980321 
0.6022376 
0.5849494 
0.6024207 
0.6126863 
0.6345236 
0.6256184 
0.6345820 
0.6397358 
0.6321454 
0.6501588 
0.6238208 
0.6252375 
0.6326339 
0.6501484 
0.6639913 
0.6618937 
0.6512869 
0.6563920 
0.6355606 
0.6373030 
0.6491537 
0.6550549 
0.6441117 
0.6414459 
0.6387353 
0.6361043 
0.6337614 
0.6411050 
0.6261966 
0.6347150 
0.6424836 
0.6282175 
0.6394735 
0.6336211 
0.6469016 
0.6328608 
0.6401690 
0.6414367 
0.6515435 
0.6479273 
0.6554261 
0.6561696 
0.6443260 
0.6605895 
0.6568853 
0.6544272 
0.6465814 
0.6672209 
0.6640487 
0.6553097 
0.6537822 
0.6443338 
0.6524454 
0.6517125 
0.6554805 
0.6454191 
0.6430100 
0.6390034 
0.6378126 
0.6420609 
0.6392371 
0.6505564 
0.6441006 
0.6521230 
0.6760830 
0.6648635 
0.6656816 
0.6607064 
0.6570122 
0.6707417 
0.6655456 
0.6897035 
0.7174288 
0.7297628 
0.7443354 
0.7586145 
0.7610974 
0.7568173 
0.7586342 
0.7472592 
0.7453199 
0.7364121 
0.7311924 
0.7307782 
0.7309804 
0.7320970 
0.7377228 
0.7310611 
0.7304991 
0.7225546 
0.7455619 
0.7590837 
0.7498990 
0.7482958 
0.7277415 
0.7338493 
0.7345049 
0.7448043 
0.7487831 
0.7363306 
0.7350246 
0.7339594 
0.7315085 
0.7308192 
0.7386299 
0.7467481 
0.7449771 
0.7530839 
0.7516219 
0.7578513 
0.7683129 
0.7776480 
0.7756117 
0.7795656 
0.7538775 
0.7654216 
0.7631927 
0.7694797 
0.7734182 
0.7730509 
0.7792362 
0.7664907 
0.7704451 
0.7751765 
0.7741934 
0.7734051 
0.7729835 
0.7903518 
0.7904169 
0.7888402 
0.7725191 
0.7840947 
0.7875661 
0.7747421 
0.7729562 
0.7722401 
0.7574647 
0.7478892 
0.7713145 
0.7769387 
0.7940711 
0.7991414 
0.7935735 
0.7780507 
0.7822984 
0.7824186 
0.7796782 
0.7757513 
0.7684227 
0.7746863 
0.7632273 
0.7532878 
0.7690707 
0.7546009 
0.7633895 
0.7628733 
0.7746901 
0.7716824 
0.7746484 
0.7560976 
0.7500393 
0.7399707 
0.7376769 
0.7402266 
0.7545263 
0.7621120 
0.7563389 
0.7566247 
0.7458827 
0.7533500 
0.7512135 
0.7454964 
0.7444780 
0.7409383 
0.7436603 
0.7452291 
0.7597392 
0.7553087 
0.7599098 
0.7605926 
0.7578342 
0.7481354 
0.7444668 
0.7490972 
0.7412604 
0.7298262 
0.7261092 
0.7184552 
0.7108018 
0.7191339 
0.7384518 
0.7485793 
0.7537875 
0.7518052 
0.7417134 
0.7499915 
0.7432008 
0.7653529 
0.7624335 
0.7581492 
0.7534643 
0.7463365 
0.7367416 
0.7381189 
0.7389018 
0.7590106 
0.7525499 
0.7412057 
0.7419873 
0.7617880 
0.7585821 
0.7516095 
0.7528289 
0.7580224 
0.7470523 
0.8087586 
0.8275153 
0.8464044 
0.8405585 
0.8147412 
0.8127378 
0.7984269 
0.7885894 
0.7862324 
0.7973178 
0.7985968 
0.7789005 
0.7745305 
0.7896226 
0.8143254 
0.8089979 
0.7916055 
0.7828302 
0.7957331 
0.7868087 
0.7834476 
0.7966932 
0.7978134 
0.7966739 
0.7804779 
0.7923488 
0.7791510 
0.7889547 
0.7791585 
0.7799456 
0.7820659 
0.7725862 
0.7851322 
0.7893691 
0.7771428 
0.7953903 
0.8158907 
0.8027441 
0.7862523 
0.7843776 
0.7853143 
0.8127594 
0.8097419 
0.8002787 
0.7953031 
0.8029239 
0.8040025 
0.8021471 
0.7950497 
0.7981910 
0.7945945 
0.8058548 
0.8127652 
0.8145828 
0.8154994 
0.7986991 
0.7994251 
0.7942955 
0.7930396 
0.8005082 
0.8121250 
0.8029358 
0.8101876 
0.8008189 
0.8101377 
0.7911544 
0.8033281 
0.7927947 
0.7821147 
0.7766904 
0.7803034 
0.7703130 
0.7632858 
0.7651196 
0.7625876 
0.7607620 
0.7525737 
0.7471300 
0.7478177 
0.7642125 
0.7615190 
0.7594344 
0.7674314 
0.7841605 
0.7845805 
0.7876572 
0.7847783 
0.7857677 
0.7711703 
0.7737718 
0.7640173 
0.7688647 
0.7688768 
0.7875208 
0.7963806 
0.8022214 
0.8036613 
0.7883059 
0.7784952 
0.7959457 
0.8030345 
0.8013469 
0.7925714 
0.7867993 
0.7966058 
0.8028108 
0.8013376 
0.8061768 
0.7954964 
0.8010164 
0.8055583 
0.7920878 
0.7940182 
0.7950824 
0.7926567 
0.7882924 
0.8058123 
0.7981317 
0.7787944 
0.7834992 
0.8007995 
0.8044804 
0.7968374 
0.7926058 
0.7877777 
0.7916653 
0.8103953 
0.8133638 
0.8240992 
0.8353762 
0.8319584 
0.8153031 
0.8026873 
0.8347544 
0.8226982 
0.8182044 
0.8334920 
0.8343472 
0.8305451 
0.8341163 
0.8221539 
0.8167544 
0.8122646 
0.8186650 
0.8127158 
0.8256180 
0.8234782 
0.8215614 
0.8301685 
0.8434478 
0.8435396 
0.8454744 
0.8415669 
0.8614050 
0.8856140 
0.8630772 
0.8574577 
0.8726416 
0.8652561 
0.8787287 
0.8739753 
0.8780206 
0.8709469 
0.8786339 
0.8858986 
0.8683385 
0.8835817 
0.8763114 
0.8744461 
0.8644503 
0.8592995 
0.8477027 
0.8448506 
0.8456582 
0.8439989 
0.8606194 
0.8712624 
0.8593566 
0.8622910 
0.8641069 
0.8591241 
0.8552423 
0.8565923 
0.8737777 
0.8750615 
0.8721352 
0.8672426 
0.8776496 
0.8693477 
0.8773268 
0.8769175 
0.8648184 
0.8791495 
0.8657328 
0.8746157 
0.8786458 
0.8819635 
0.8815263 
0.8876089 
0.8860394 
0.8844863 
0.8868834 
0.9036411 
0.8967166 
0.8917215 
0.9124807 
0.9357158 
0.9515328 
0.9515473 
0.9500110 
0.9426128 
0.9350626 
0.8801814 
0.8685101 
0.8731933 
0.8808289 
0.8904028 
0.8977200 
0.8914286 
0.8823027 
0.8810996 
0.8837321 
0.8922157 
0.8893036 
0.8659534 
0.8717826 
0.8875529 
0.9134741 
0.9225090 
0.9312406 
0.9002732 
0.8857217 
0.8783829 
0.8925299 
0.9059061 
0.9038992 
0.8905203 
0.8885284 
0.9067861 
0.9123134 
0.9099160 
0.9052925 
0.9052004 
0.9111578 
0.8965526 
0.8958595 
0.8987014 
0.8907398 
0.8999331 
0.8981177 
0.9025896 
0.9115409 
0.9103128 
0.9246801 
0.9278073 
0.9172907 
0.9139332 
0.9316930 
0.9320241 
0.9334138 
0.9106785 
0.9367399 
0.9442245 
0.9263886 
0.9201730 
0.9126061 
0.9066882 
0.9184032 
0.9079555 
0.9189481 
0.9186631 
0.9124845 
0.9170730 
0.9144304 
0.9286156 
0.9310774 
0.9321929 
0.9291904 
0.9262943 
0.9351871 
0.9242822 
0.9226057 
0.9326952 
0.9459511 
0.9462736 
0.9469000 
0.9480137 
0.9330201 
0.9286122 
0.9414028 
0.9411161 
0.9417843 
0.9241488 
0.9070913 
0.9133674 
0.9109529 
0.9016536 
0.9093951 
0.9119524 
0.9173273 
0.9265870 
0.9178656 
0.9047995 
0.9067665 
0.9021483 
0.9158411 
0.9158126 
0.9229571 
0.9355788 
0.9283654 
0.9221190 
0.9091278 
0.9193313 
0.9286314 
0.9193706 
0.9245430 
0.9263654 
0.9344474 
0.9337760 
0.9212699 
0.9256084 
0.9304503 
0.9228533 
0.9371009 
0.9348163 
0.9539661 
0.9445959 
0.9356206 
0.9237047 
0.9126436 
0.8984527 
0.8986852 
0.9343528 
0.9442095 
0.9466412 
0.9303404 
0.9441494 
0.9655849 
0.9690700 
0.9750656 
0.9818359 
0.9668923 
0.9588020 
0.9771116 
0.9720811 
0.9791087 
0.9797926 
0.9759450 
0.9982068 
0.9917272 
1.0000000 
0.9970381 
0.9975209 
0.9398679 
0.9363832 
0.9162280 
0.9254009 
0.9399736 
0.9352208 
0.9497512 
0.9588894 
0.9704256 
0.9624996 
0.9793802 
0.9773806 
0.9606111 
0.9709412 
0.9535466 
0.9600300 
0.9620195 
0.9491180 
0.9497084 
0.9604146 
0.9466243 
0.9501013 
0.9599172 
0.9691418 
0.9619690 
