-0.0000086 
0.0000304 
-0.0000718 
0.2754045 
-0.1251400 
-0.0939416 
0.6189069 
0.5999040 
0.5978834 
0.6090638 
0.5918412 
0.5715498 
0.5882078 
0.5991231 
0.5737327 
0.5793556 
0.6072652 
0.6006692 
0.5719466 
0.5767023 
0.5709033 
0.5675738 
0.5827774 
0.5894960 
0.5684225 
0.5813041 
0.5874793 
0.5958998 
0.5861351 
0.6053446 
0.5900691 
0.5936823 
0.5895838 
0.5875666 
0.5734612 
0.5773241 
0.5513255 
0.5580393 
0.5617044 
0.5649125 
0.5835578 
0.5691191 
0.5766867 
0.5735549 
0.5610628 
0.5612012 
0.5513777 
0.5551127 
0.5718525 
0.5656990 
0.5527704 
0.5731187 
0.5566444 
0.5447577 
0.5620839 
0.5797587 
0.5710325 
0.5849288 
0.5083921 
0.5272857 
0.5392237 
0.5534905 
0.5740050 
0.5990783 
0.5984956 
0.6048142 
0.5805081 
0.5739864 
0.5856854 
0.5809404 
0.5797142 
0.5814335 
0.5860589 
0.5883596 
0.6045691 
0.5839615 
0.5767365 
0.5768792 
0.5616967 
0.5475433 
0.5520266 
0.5599459 
0.5651127 
0.5730669 
0.5807594 
0.6051293 
0.5899411 
0.5897023 
0.5769852 
0.5700149 
0.5713117 
0.5784644 
0.5911474 
0.5596968 
0.5642850 
0.5896306 
0.5841027 
0.5546447 
0.5733984 
0.5800958 
0.5596614 
0.5282957 
0.5172569 
0.5406025 
0.5483860 
0.5420450 
0.5237868 
0.5358240 
0.5260958 
0.5252282 
0.5155534 
0.5031104 
0.5264767 
0.5146004 
0.5184685 
0.5173724 
0.5265163 
0.5310208 
0.5393952 
0.5696116 
0.5607333 
0.5675613 
0.5584501 
0.5639571 
0.5905011 
0.5750012 
0.5748495 
0.5632681 
0.5592997 
0.5660704 
0.5714831 
0.5630068 
0.5578448 
0.5709537 
0.5686751 
0.5886478 
0.6065163 
0.5773786 
0.5568278 
0.5608130 
0.5837125 
0.5738953 
0.5772592 
0.5519608 
0.5769961 
0.5925416 
0.6211740 
0.6473217 
0.6263641 
0.6097985 
0.5799555 
0.6064781 
0.6053272 
0.6038574 
0.5928927 
0.6078199 
0.6086155 
0.6070998 
0.5913700 
0.5793429 
0.6149646 
0.6171287 
0.5816715 
0.6019370 
0.6120533 
0.6210240 
0.6324644 
0.6387602 
0.6166670 
0.6011186 
0.6003289 
0.5990818 
0.6023591 
0.6103899 
0.6117560 
0.6179030 
0.6268704 
0.6394830 
0.6128420 
0.6095320 
0.6062176 
0.5929967 
0.5878101 
0.6111003 
0.6108602 
0.6138772 
0.6183811 
0.6029739 
0.5933010 
0.5835794 
0.5781785 
0.5781859 
0.5577827 
0.5463768 
0.5668285 
0.5622281 
0.5352026 
0.5297448 
0.5422075 
0.5603544 
0.5884979 
0.5970623 
0.5893525 
0.5900477 
0.5915340 
0.6132381 
0.6224003 
0.6063775 
0.5965127 
0.6034418 
0.5881846 
0.5763896 
0.5948169 
0.5834050 
0.5723981 
0.6078241 
0.6139810 
0.6178449 
0.6120274 
0.6161180 
0.6282632 
0.6304519 
0.6448908 
0.6480081 
0.6430639 
0.6437142 
0.6310529 
0.6317902 
0.6479812 
0.6661246 
0.6526647 
0.6408137 
0.6346461 
0.6147303 
0.6356035 
0.6679565 
0.6710874 
0.6624638 
0.6631498 
0.6876784 
0.7037150 
0.6897641 
0.6825947 
0.6928521 
0.6957699 
0.6984480 
0.7053844 
0.6997428 
0.7075424 
0.6949176 
0.7191031 
0.7281813 
0.7229542 
0.6985905 
0.6931792 
0.7121026 
0.7162223 
0.7558821 
0.7536344 
0.7264068 
0.7268580 
0.7028468 
0.7165671 
0.7402690 
0.7264887 
0.7107660 
0.6888082 
0.6769024 
0.6734523 
0.6911756 
0.6965370 
0.6856389 
0.6614848 
0.6549285 
0.6313701 
0.6258556 
0.6176027 
0.6157270 
0.6168572 
0.6372418 
0.6342152 
0.6250894 
0.6376479 
0.6335935 
0.6429066 
0.6397610 
0.6434075 
0.6463833 
0.6708784 
0.6789092 
0.6599085 
0.6512419 
0.6589957 
0.6519273 
0.6493598 
0.6360600 
0.6110795 
0.5984543 
0.5820144 
0.5989691 
0.6043527 
0.6026240 
0.6095476 
0.6140598 
0.6115932 
0.6006406 
0.5819539 
0.5919054 
0.6081858 
0.6153121 
0.6227600 
0.6345830 
0.6127903 
0.6946149 
0.7284767 
0.7391593 
0.7904622 
0.7968852 
0.7990089 
0.7690096 
0.7486702 
0.7423969 
0.7431439 
0.7188301 
0.7433974 
0.7381849 
0.7168811 
0.6976615 
0.6842269 
0.6719759 
0.6472983 
0.6280785 
0.6288574 
0.6309272 
0.6596381 
0.6665291 
0.6685987 
0.6430310 
0.6532141 
0.6569798 
0.6615920 
0.6411435 
0.6409336 
0.6324944 
0.6264152 
0.6290696 
0.6293768 
0.5924679 
0.5849708 
0.5651747 
0.5956354 
0.6024248 
0.6253536 
0.6283489 
0.6172139 
0.5969509 
0.5896207 
0.6221146 
0.6108733 
0.6011686 
0.6138358 
0.6352173 
0.6455045 
0.6516480 
0.6678879 
0.6896019 
0.6665352 
0.6725737 
0.6675022 
0.6979691 
0.6605612 
0.6655432 
0.6753973 
0.6676317 
0.6735893 
0.6703649 
0.6933234 
0.6856987 
0.6719412 
0.6822064 
0.6744864 
0.6724967 
0.6709615 
0.6851101 
0.6678214 
0.6622916 
0.6688141 
0.6642526 
0.6761835 
0.6683898 
0.6541464 
0.6699843 
0.6677414 
0.6677698 
0.6904783 
0.6899196 
0.6490339 
0.6691019 
0.6741609 
0.7107130 
0.7121051 
0.7170434 
0.6817803 
0.6728133 
0.6882469 
0.6667725 
0.6759386 
0.6777990 
0.6676469 
0.6677239 
0.6624142 
0.6491515 
0.6757832 
0.6737156 
0.6760717 
0.7118814 
0.7133129 
0.7168041 
0.6800116 
0.6622741 
0.6859030 
0.6805393 
0.6960953 
0.7009913 
0.7000955 
0.7080334 
0.7225390 
0.7115121 
0.7083179 
0.7107411 
0.7128440 
0.6886367 
0.7050455 
0.7125073 
0.7217134 
0.6936362 
0.6893109 
0.7194777 
0.7164155 
0.7075617 
0.7013605 
0.7186267 
0.7178912 
0.7088307 
0.7078568 
0.6931574 
0.7006279 
0.7269494 
0.7222934 
0.7215475 
0.6978441 
0.6953813 
0.6936380 
0.6980231 
0.7003282 
0.6902455 
0.6842098 
0.6873291 
0.6781152 
0.6905521 
0.7289991 
0.7060444 
0.6916153 
0.6660052 
0.6747772 
0.6714638 
0.6613838 
0.6733958 
0.6361242 
0.6409933 
0.6581385 
0.6424316 
0.6525698 
0.6712130 
0.6685951 
0.6633699 
0.6690239 
0.6436064 
0.6442278 
0.6954849 
0.6953385 
0.6814956 
0.6551168 
0.6415065 
0.6571587 
0.6663371 
0.6831346 
0.7283013 
0.7328761 
0.7294772 
0.7295318 
0.7341824 
0.7522010 
0.7663181 
0.7615118 
0.7413318 
0.7737439 
0.7724796 
0.7663868 
0.7804728 
0.7755765 
0.7950656 
0.7870306 
0.7863571 
0.7797824 
0.7343073 
0.7316950 
0.7309080 
0.7523895 
0.7601503 
0.7271425 
0.7257223 
0.7338079 
0.7371626 
0.7359880 
0.7288975 
0.7475750 
0.7424746 
0.7367966 
0.7410009 
0.7597631 
0.7516424 
0.7889533 
0.7475519 
0.7193082 
0.7145847 
0.7534063 
0.7366305 
0.7289459 
0.7347386 
0.7367232 
0.7237037 
0.7150978 
0.7257365 
0.7186188 
0.7215545 
0.7273369 
0.7614224 
0.7347217 
0.7428997 
0.7350653 
0.7517861 
0.7694995 
0.7714412 
0.7675166 
0.7736379 
0.7495605 
0.7570343 
0.7438327 
0.7533847 
0.7494552 
0.7311500 
0.7337161 
0.7313155 
0.7427735 
0.7483806 
0.7619557 
0.7670096 
0.7601943 
0.7729393 
0.7634298 
0.7721357 
0.7665450 
0.7676165 
0.7733244 
0.7746498 
0.7696648 
0.7788095 
0.7746573 
0.7877993 
0.7788374 
0.7666707 
0.7973443 
0.7872698 
0.7628022 
0.7661362 
0.7375651 
0.7515808 
0.7512362 
0.7505909 
0.7646599 
0.7606793 
0.7646423 
0.7600112 
0.7413956 
0.7360043 
0.7504256 
0.7493076 
0.7232522 
0.7462223 
0.7343391 
0.6918294 
0.6906804 
0.6844966 
0.6714460 
0.7040018 
0.7039992 
0.6989010 
0.7138604 
0.7195701 
0.7071534 
0.7176719 
0.7078926 
0.7161432 
0.6858910 
0.7257537 
0.7427347 
0.7313238 
0.7273175 
0.7173206 
0.7008922 
0.7369639 
0.7331802 
0.7500012 
0.7333869 
0.7315007 
0.7424140 
0.7713652 
0.7609277 
0.7568877 
0.7740301 
0.7956904 
0.8028365 
0.8016177 
0.7926812 
0.7938425 
0.8089776 
0.7918464 
0.7814631 
0.7785259 
0.7718232 
0.7425190 
0.7578944 
0.7352350 
0.7265004 
0.7396189 
0.7422175 
0.7286426 
0.7482458 
0.7522241 
0.7359670 
0.7394648 
0.7453273 
0.7430731 
0.7278058 
0.7236938 
0.7071452 
0.6987131 
0.7088506 
0.7247465 
0.7331401 
0.7277341 
0.7705331 
0.7680649 
0.7955340 
0.8102386 
0.8035380 
0.8057720 
0.8009362 
0.8129158 
0.8075205 
0.8091243 
0.8103989 
0.8015139 
0.8080192 
0.8040489 
0.8046455 
0.7901082 
0.8029044 
0.8012617 
0.7895099 
0.7717954 
0.7913780 
0.8010440 
0.8207272 
0.8303470 
0.8234664 
0.8155643 
0.8000005 
0.8116223 
0.8093514 
0.8033803 
0.7866037 
0.7960563 
0.7891522 
0.7611404 
0.7629446 
0.7590475 
0.7560138 
0.7528468 
0.7373910 
0.7581910 
0.7505336 
0.7480942 
0.7478103 
0.7489327 
0.7663914 
0.7698085 
0.7820204 
0.7846013 
0.7861732 
0.7694716 
0.7609361 
0.7665259 
0.7680239 
0.7933494 
0.7907000 
0.8027565 
0.7870533 
0.8013607 
0.8211273 
0.8162147 
0.8240137 
0.7861306 
0.7873321 
0.7870396 
0.7901461 
0.7992745 
0.8060704 
0.8298148 
0.8497545 
0.8421425 
0.8660802 
0.8678260 
0.8590552 
0.8398353 
0.8068436 
0.7858544 
0.7667138 
0.7301562 
0.7205743 
0.7035298 
0.7164476 
0.7333896 
0.7372099 
0.7577755 
0.7685015 
0.7831371 
0.7835008 
0.7948048 
0.8056587 
0.8508313 
0.8728423 
0.8689738 
0.8691822 
0.8479652 
0.7982978 
0.7797314 
0.7819040 
0.7900692 
0.8067856 
0.8249553 
0.8333048 
0.8344913 
0.8110228 
0.8153310 
0.8143699 
0.8135804 
0.8435152 
0.8429375 
0.8474047 
0.8239406 
0.8125849 
0.8334909 
0.8289125 
0.8256138 
0.8339821 
0.8254662 
0.8367972 
0.8549088 
0.8638434 
0.8695049 
0.8817947 
0.8875384 
0.8953752 
0.8776047 
0.8953111 
0.8808549 
0.8884466 
0.8885241 
0.8680253 
0.8445118 
0.8537992 
0.8422652 
0.8469329 
0.8431047 
0.8267665 
0.8214197 
0.8466715 
0.8390486 
0.8580239 
0.8570820 
0.8467225 
0.8968388 
0.8827285 
0.9037733 
0.8913704 
0.9098747 
0.9137156 
0.9081105 
0.8871460 
0.8754983 
0.8875545 
0.8824011 
0.9087418 
0.9295373 
0.9289924 
0.9481148 
0.9474377 
0.9627735 
1.0000000 
0.9781027 
0.9638652 
0.8918644 
0.8724140 
0.8453166 
0.8308417 
0.8033960 
0.7722128 
0.7526696 
0.7672461 
0.7576108 
0.7589085 
0.7571659 
0.7651259 
0.7651689 
0.7991094 
0.7956541 
0.7812113 
0.7968084 
0.7854711 
0.8208471 
0.8098143 
0.8174361 
0.8105223 
0.8038383 
0.8021897 
0.8162148 
0.8267537 
0.8357666 
0.8287250 
0.8298654 
0.8390941 
0.8424221 
0.8222878 
0.8193181 
0.8181645 
0.8090189 
0.8007219 
0.7777939 
0.7868825 
0.7846000 
0.7902316 
0.7674133 
0.7822429 
0.7853801 
0.7715835 
0.7811861 
0.7778235 
0.7957968 
0.7827391 
0.7951995 
0.7931098 
0.7667185 
0.7691386 
0.7712177 
0.7636586 
0.7863133 
0.7940792 
0.7890066 
0.7928201 
0.8150393 
0.8029980 
0.7901031 
0.7949585 
0.8122845 
0.8080743 
0.8173456 
0.7825955 
0.7991973 
0.8180730 
0.7995434 
0.7942493 
0.7932143 
0.7672343 
0.7678125 
0.7578032 
0.7444847 
0.7601999 
0.7372116 
0.7494184 
0.7116719 
0.7019949 
0.6971401 
0.7047880 
0.6818837 
0.6752005 
0.6456177 
0.6404449 
0.6095316 
0.6211283 
0.6248904 
0.6544081 
0.6440021 
0.6296642 
0.6223915 
0.6057476 
0.5981480 
0.6073403 
0.5897732 
0.5782344 
0.5786516 
0.5635681 
0.5787056 
0.5914249 
0.5438862 
0.5538574 
0.5403513 
0.5687333 
0.5692065 
0.5622245 
0.5553618 
0.5386743 
0.5370540 
0.5374107 
0.5524977 
0.5402538 
0.5368270 
0.5480363 
0.5398478 
0.5442493 
0.5264327 
0.5183801 
0.5139643 
0.5168466 
0.5160298 
0.4924555 
0.4833283 
0.4828257 
0.4866299 
0.4894623 
0.4930573 
0.4828495 
0.4652586 
0.4618433 
0.4562367 
0.4774425 
0.4591875 
0.4442400 
0.4386921 
0.4497551 
0.4289157 
0.4274730 
0.4120297 
0.4097058 
0.3760695 
0.3912456 
0.4153615 
0.3971690 
0.4102586 
0.4337218 
0.4323847 
0.4116377 
0.4040168 
0.4171207 
0.4112999 
0.4191201 
0.4124010 
0.3871441 
0.3643888 
0.3815255 
0.3965577 
0.3890291 
0.3925907 
0.3891545 
0.3960541 
0.3850321 
0.3657047 
0.3665489 
0.4104025 
0.3973888 
0.3996590 
0.3887801 
0.3955027 
0.4058027 
0.4095294 
0.3991286 
0.4187160 
0.4405113 
0.4457739 
0.4077681 
0.3918785 
0.3641404 
0.3804777 
0.3923051 
0.4064428 
0.4158053 
0.4315952 
0.4284902 
0.4060571 
0.4611427 
0.4583119 
0.4427525 
0.4743154 
0.4529654 
0.4594253 
0.4551742 
0.4736749 
0.4789855 
0.4736143 
0.4877157 
0.4989910 
0.4863532 
0.4882021 
0.4820769 
0.4838143 
0.5037466 
0.5270284 
0.4952794 
0.4962858 
0.4907963 
0.4754461 
0.4754663 
0.4573918 
0.4647851 
0.4365502 
0.4641187 
0.4536128 
0.4486882 
0.4345016 
0.4328367 
0.4406251 
0.4488442 
0.4536292 
0.4238315 
0.4069419 
0.4371924 
0.4152061 
0.4256117 
0.3949930 
0.3653476 
0.3513272 
0.3557207 
0.3617291 
0.3999605 
0.3858877 
0.3564016 
0.3537780 
0.3363088 
0.3733148 
0.3497449 
0.3494556 
0.3416332 
0.3397493 
0.3566066 
0.3822455 
0.3864323 
0.3929899 
0.4123973 
0.4252076 
0.3943505 
0.4196546 
0.4064106 
0.4173589 
0.4382378 
0.4592310 
0.4745409 
0.4688588 
0.4594420 
0.4291883 
0.4633175 
0.4655490 
0.4699862 
0.4712501 
0.4626428 
0.4738366 
0.4683830 
0.4422514 
0.4233315 
0.4248056 
0.4304187 
0.4507557 
0.4122186 
0.4297714 
0.4208652 
0.4136702 
0.4327501 
0.4257970 
0.4318552 
0.4134465 
0.4219394 
0.4344066 
0.4265321 
0.4339129 
0.4103610 
0.4160338 
0.3965881 
0.3760654 
0.3870621 
0.3671145 
0.3388803 
0.3401513 
0.3365013 
0.3452582 
0.3564254 
0.3391303 
0.3546284 
0.3275299 
0.3485974 
0.3286076 
0.3246735 
0.3294730 
0.3859693 
0.3782375 
0.3881626 
0.3919348 
0.3735260 
0.3805020 
0.3910304 
0.4010398 
0.3825366 
0.3732386 
0.3991154 
0.3948971 
0.4025970 
0.4043739 
0.3938666 
0.3848845 
0.3719305 
0.3958868 
0.3833997 
0.3925906 
0.3629492 
0.3859038 
0.3954534 
0.4079497 
0.4030179 
0.4160542 
0.4061821 
0.4212143 
0.4022820 
0.4073330 
0.4218977 
0.4167318 
0.3799185 
0.3915245 
0.4122752 
0.4058674 
0.4267167 
0.3993681 
0.3969811 
0.3841385 
0.3878053 
0.3722914 
0.3488634 
0.3661087 
0.3594007 
0.3268283 
0.3182726 
0.3221879 
0.3211221 
0.3442810 
0.3343841 
0.3284543 
0.3311431 
0.3146027 
0.3255586 
0.3386057 
0.3277951 
0.3077674 
0.3290752 
0.3263016 
0.3488544 
0.3437125 
0.3333943 
0.3446467 
0.3374821 
0.2966549 
0.3129968 
0.3067096 
0.3132848 
0.3162391 
0.2963176 
0.2904746 
0.3021770 
0.2993522 
0.2743909 
0.2732373 
0.3213575 
0.3247774 
0.3195251 
0.3066924 
0.3031015 
0.3186054 
0.3307993 
0.3273845 
0.3139975 
0.3006461 
0.3703828 
0.3795852 
0.4038464 
0.3975750 
0.3767337 
0.3419354 
0.3166630 
0.3160646 
0.3075250 
0.2829536 
0.2968218 
0.2905463 
0.2954969 
0.2973591 
0.3033341 
0.2976792 
0.2845191 
0.2992631 
0.3160912 
0.3094889 
0.2751643 
0.2732583 
0.2658415 
0.2605544 
0.2640181 
0.2754566 
0.2665345 
0.2566237 
0.2675219 
0.2653116 
0.2563324 
0.2548015 
0.2469986 
0.2573152 
0.2640495 
0.2533311 
0.2501411 
0.2577793 
0.2625909 
0.2537339 
0.2408842 
0.2633402 
0.2670614 
0.2411554 
0.2527347 
0.2504965 
0.2220699 
0.2356453 
0.2472291 
0.2476151 
0.2857308 
0.2463516 
0.2629769 
0.2734596 
0.2995019 
0.2730285 
0.2728290 
0.2636679 
0.2640525 
0.2729442 
0.2935661 
0.2864995 
0.2948889 
0.2970886 
0.2891499 
0.2804590 
0.2687116 
0.2604950 
0.2702477 
0.2714268 
0.2942979 
0.2896652 
0.2911102 
0.3029050 
0.2823210 
0.2729458 
0.3049124 
0.3114117 
0.3347930 
0.3370205 
0.3325227 
0.3254414 
0.3476837 
0.3527160 
0.3573308 
0.3350524 
0.3522029 
0.3470366 
0.3190905 
0.3191472 
0.3100571 
0.3352083 
0.3091057 
0.3397645 
0.3349058 
0.3195522 
0.3207453 
0.3103011 
0.3078066 
0.3098448 
0.2958130 
0.2942741 
0.3317500 
0.3032610 
0.3150306 
0.3154887 
0.3025984 
0.3055340 
0.3018508 
0.3010690 
0.2828997 
0.2803849 
0.2767691 
0.2676656 
0.2716039 
0.2756928 
0.2685928 
0.2813429 
0.2743658 
0.2724919 
0.2963312 
0.2999260 
0.3038125 
0.2890345 
0.2782384 
0.2761517 
0.2732351 
0.2805806 
0.2871751 
0.3051928 
0.3039177 
0.3112051 
0.2882500 
0.2830839 
0.2882808 
0.2835125 
0.2872800 
0.3001443 
0.2900799 
0.3013878 
0.2802502 
0.2820860 
0.2832432 
0.3002541 
0.3009758 
0.2788048 
0.2879551 
0.2890413 
0.3151008 
0.3019752 
0.3109681 
0.3049492 
0.3266860 
0.3191993 
0.3014440 
0.2882102 
0.2541177 
0.2576722 
0.2730635 
0.2862570 
0.2923232 
0.2990549 
0.2813539 
0.2643337 
0.2617512 
0.2785481 
0.2949709 
0.2860458 
0.2925254 
0.3024294 
0.3034087 
0.3009196 
0.3046534 
0.2794518 
0.2853767 
0.2841825 
0.2856307 
0.2815046 
0.2757444 
0.2606966 
0.2756538 
0.2537246 
0.2568089 
0.2685860 
0.2667186 
0.2572788 
0.2642118 
0.2613105 
0.2363409 
0.2470731 
0.2302410 
0.2069280 
0.2089410 
0.1974824 
0.1927527 
0.1750876 
0.1688028 
0.1519536 
0.1662589 
0.1734655 
0.1582554 
0.1818941 
0.1746101 
0.1846607 
0.1812919 
0.2161920 
0.2380724 
0.2836211 
0.2681245 
0.2729719 
0.2575000 
0.2382683 
0.2035057 
0.2010266 
0.1826368 
0.1876400 
0.1831996 
0.1924664 
0.1724688 
0.1566439 
0.1668313 
0.1516136 
0.1651006 
0.1497296 
0.1620624 
0.1840681 
0.1885901 
0.2043282 
0.1866904 
0.1665318 
0.1821190 
0.1751198 
0.1997929 
0.2101425 
0.2216434 
0.2067645 
0.1801064 
0.1647972 
0.1677511 
0.1802946 
0.1830786 
0.1923587 
0.1926095 
0.1883200 
0.1717323 
0.1691695 
0.1589628 
0.1744897 
0.1854142 
0.1688669 
0.1730577 
0.1797994 
0.1796522 
0.1687457 
0.1743543 
0.1832907 
0.1853643 
0.1986302 
0.1736591 
0.1774159 
0.2028070 
0.2310952 
0.2183925 
0.2143347 
0.2038347 
0.2160235 
0.2310788 
0.2061136 
0.1990223 
0.2067667 
0.1780023 
0.1701070 
0.1919122 
0.1966801 
0.1761449 
0.1592315 
0.1629097 
0.1530720 
0.1297466 
0.1536119 
0.1544992 
0.1608077 
0.1702406 
0.1524594 
0.1554570 
0.1382909 
0.1462813 
0.1573878 
0.1360714 
0.1519235 
0.1630362 
0.1524920 
0.1364088 
0.1393198 
0.1682659 
0.1625753 
0.1583858 
0.1652382 
0.1506501 
0.1581953 
0.1581161 
0.1405289 
0.1263443 
0.1418344 
0.1270010 
0.1178056 
0.1205505 
0.1200383 
0.1384707 
0.1464711 
0.1367188 
0.1310936 
0.1367112 
0.1528857 
0.1640419 
0.1798255 
0.1657044 
0.1600157 
0.1505294 
0.1712011 
0.1764677 
0.1908947 
0.1616572 
0.1820852 
0.1948499 
0.2036734 
0.2097190 
0.1918106 
0.1811521 
0.1754772 
0.1744592 
0.1803379 
0.1825375 
0.1742755 
0.1836998 
0.1653688 
0.1568427 
0.1716601 
0.1934606 
0.2127175 
0.2220209 
0.2053601 
0.1844532 
0.1802195 
0.1797247 
0.1939307 
0.1797001 
0.1594030 
0.1764361 
0.1985929 
0.1809175 
0.1489112 
0.1534151 
0.0852666 
0.0874688 
0.0987811 
0.1106556 
0.1139011 
0.1057244 
0.1062037 
0.1095616 
0.1129494 
0.1144712 
0.0925408 
0.0922802 
0.0805079 
0.0695735 
0.0728277 
0.0543259 
0.0596227 
0.0426034 
0.0047577 
0.0163972 
0.0000000 
0.0192237 
0.0163315 
0.0284566 
0.0198781 
0.0138280 
0.0104707 
0.0058891 
0.0214131 
0.0339046 
0.0414640 
0.0443414 
0.0108648 
0.0130789 
0.0461962 
0.0345406 
0.0410620 
0.0640224 
0.0546670 
0.0516348 
0.0669696 
0.0603051 
0.0641251 
0.0772859 
0.0720687 
0.0899252 
0.1019071 
0.0866050 
0.0732550 
0.0732788 
0.0940809 
0.1122658 
0.1216171 
0.1314962 
0.0761533 
0.0507903 
0.0594534 
0.0410544 
0.0462005 
0.0656369 
0.0661319 
0.0729356 
0.0955735 
0.0538851 
0.0299969 
0.0549262 
0.0759718 
0.0650392 
0.0499373 
0.0473502 
0.0488427 
0.0602770 
0.0583015 
0.0518019 
0.0488575 
