0.0000443 
0.0001667 
0.0000987 
-0.2727670 
-0.0049070 
-0.4571589 
0.9998269 
1.0000000 
0.9995134 
0.9989928 
0.9976767 
0.9962378 
0.9965553 
0.9933305 
0.9900009 
0.9900083 
0.9913824 
0.9933710 
0.9935430 
0.9909671 
0.9916187 
0.9868134 
0.9860027 
0.9870217 
0.9853479 
0.9826376 
0.9808111 
0.9798584 
0.9779951 
0.9784158 
0.9784802 
0.9775936 
0.9731822 
0.9692089 
0.9717617 
0.9723988 
0.9718301 
0.9718499 
0.9712911 
0.9722104 
0.9731541 
0.9726654 
0.9721920 
0.9674526 
0.9685204 
0.9676834 
0.9661318 
0.9633187 
0.9628262 
0.9619701 
0.9619773 
0.9593356 
0.9557318 
0.9549908 
0.9493916 
0.9539754 
0.9526365 
0.9540349 
0.9529477 
0.9532715 
0.9546417 
0.9529912 
0.9515626 
0.9482487 
0.9481571 
0.9463321 
0.9432433 
0.9434990 
0.9422335 
0.9427880 
0.9443184 
0.9385511 
0.9401135 
0.9365838 
0.9361295 
0.9334076 
0.9354777 
0.9314111 
0.9321518 
0.9279657 
0.9263226 
0.9278785 
0.9286045 
0.9282876 
0.9278283 
0.9271647 
0.9269010 
0.9211821 
0.9186715 
0.9178115 
0.9163986 
0.9164569 
0.9138910 
0.9125165 
0.9101912 
0.9035823 
0.9075901 
0.9022785 
0.9042277 
0.9015273 
0.8998234 
0.8996024 
0.9065643 
0.9090688 
0.9097915 
0.9126522 
0.9107216 
0.9093918 
0.9093995 
0.9049797 
0.9036484 
0.9040269 
0.9008203 
0.9013478 
0.8994703 
0.8978893 
0.8972915 
0.8960487 
0.8946741 
0.8954472 
0.8967038 
0.8921873 
0.8912372 
0.8904491 
0.8925962 
0.8912017 
0.8897572 
0.8906094 
0.8898211 
0.8921510 
0.8878245 
0.8886059 
0.8880438 
0.8836763 
0.8845310 
0.8834647 
0.8821051 
0.8821314 
0.8817804 
0.8845084 
0.8811550 
0.8767427 
0.8736066 
0.8736286 
0.8677503 
0.8664794 
0.8663013 
0.8667262 
0.8692534 
0.8667659 
0.8653821 
0.8664265 
0.8660592 
0.8671934 
0.8658854 
0.8666502 
0.8665030 
0.8651185 
0.8636919 
0.8588184 
0.8612496 
0.8625352 
0.8628241 
0.8652219 
0.8649964 
0.8653288 
0.8636821 
0.8629005 
0.8603587 
0.8573670 
0.8581306 
0.8565823 
0.8563552 
0.8594780 
0.8554391 
0.8574390 
0.8591966 
0.8574389 
0.8509370 
0.8491480 
0.8487227 
0.8485996 
0.8493694 
0.8464426 
0.8469853 
0.8463345 
0.8471648 
0.8431612 
0.8412821 
0.8405134 
0.8424821 
0.8426560 
0.8415905 
0.8406709 
0.8380718 
0.8391638 
0.8357487 
0.8342688 
0.8355784 
0.8347101 
0.8368062 
0.8321611 
0.8308756 
0.8305248 
0.8333693 
0.8305920 
0.8280505 
0.8278964 
0.8287498 
0.8278267 
0.8285305 
0.8264965 
0.8259314 
0.8239603 
0.8242201 
0.8225935 
0.8197708 
0.8197535 
0.8202603 
0.8200602 
0.8245038 
0.8221836 
0.8202669 
0.8190603 
0.8170920 
0.8184016 
0.8159154 
0.8134083 
0.8165344 
0.8137779 
0.8148490 
0.8134922 
0.8127263 
0.8114499 
0.8094068 
0.8087808 
0.8046624 
0.8057493 
0.8054408 
0.8072196 
0.8065411 
0.8058689 
0.8035300 
0.8035006 
0.8013324 
0.8013812 
0.7998863 
0.7994768 
0.8006539 
0.7993829 
0.7990372 
0.7964941 
0.7976942 
0.7967667 
0.7967062 
0.7924705 
0.7908883 
0.7886140 
0.7915880 
0.7919732 
0.7948124 
0.7942733 
0.7950304 
0.7947395 
0.7915712 
0.7917794 
0.7894099 
0.7869933 
0.7837041 
0.7840457 
0.7813540 
0.7794078 
0.7789924 
0.7765222 
0.7759024 
0.7743749 
0.7762501 
0.7768212 
0.7729423 
0.7700127 
0.7664442 
0.7700054 
0.7708308 
0.7717144 
0.7687544 
0.7716314 
0.7661912 
0.7672955 
0.7679862 
0.7669562 
0.7647019 
0.7636908 
0.7619009 
0.7598833 
0.7606645 
0.7605209 
0.7604663 
0.7593842 
0.7615378 
0.7577289 
0.7565018 
0.7561983 
0.7570580 
0.7525303 
0.7520671 
0.7541741 
0.7530763 
0.7524894 
0.7525176 
0.7545656 
0.7519353 
0.7513813 
0.7505864 
0.7505268 
0.7505465 
0.7504443 
0.7522343 
0.7495899 
0.7477118 
0.7476505 
0.7492432 
0.7498542 
0.7467077 
0.7466120 
0.7439067 
0.7457932 
0.7416357 
0.7392376 
0.7406624 
0.7413880 
0.7404256 
0.7369605 
0.7378641 
0.7365102 
0.7359208 
0.7339518 
0.7363065 
0.7346640 
0.7345977 
0.7314975 
0.7337094 
0.7301524 
0.7310442 
0.7327330 
0.7310388 
0.7318409 
0.7293054 
0.7282773 
0.7270025 
0.7282371 
0.7266757 
0.7283286 
0.7272437 
0.7301443 
0.7267761 
0.7284694 
0.7259125 
0.7280708 
0.7260564 
0.7273382 
0.7252641 
0.7223166 
0.7233627 
0.7223865 
0.7189004 
0.7188408 
0.7188672 
0.7186907 
0.7174180 
0.7175914 
0.7178707 
0.7149095 
0.7156670 
0.7131470 
0.7116785 
0.7116816 
0.7118777 
0.7101315 
0.7142283 
0.7122827 
0.7101320 
0.7106861 
0.7106904 
0.7132114 
0.7133780 
0.7097219 
0.7097601 
0.7072227 
0.7062332 
0.7072836 
0.7073583 
0.7050491 
0.7063654 
0.7038898 
0.7035838 
0.7047859 
0.7042749 
0.7011100 
0.7033816 
0.7001045 
0.6973715 
0.6969251 
0.6966573 
0.6984100 
0.6959559 
0.6954580 
0.6972687 
0.6935462 
0.6926112 
0.6930865 
0.6929608 
0.6915735 
0.6902384 
0.6884903 
0.6899576 
0.6911059 
0.6849036 
0.6854995 
0.6833921 
0.6811892 
0.6832222 
0.6865672 
0.6847493 
0.6823095 
0.6822856 
0.6826185 
0.6833508 
0.6824257 
0.6836003 
0.6812128 
0.6810686 
0.6819054 
0.6803558 
0.6785433 
0.6759907 
0.6765541 
0.6789885 
0.6760811 
0.6784799 
0.6749338 
0.6731021 
0.6751499 
0.6745679 
0.6721376 
0.6733387 
0.6721621 
0.6700216 
0.6705796 
0.6695920 
0.6685513 
0.6652444 
0.6634280 
0.6627963 
0.6623442 
0.6615757 
0.6606460 
0.6593454 
0.6628352 
0.6621965 
0.6627344 
0.6617067 
0.6554350 
0.6583641 
0.6574587 
0.6543483 
0.6509476 
0.6521624 
0.6520914 
0.6533419 
0.6536327 
0.6515438 
0.6488691 
0.6513851 
0.6505024 
0.6480854 
0.6466780 
0.6463417 
0.6481513 
0.6485206 
0.6461440 
0.6445215 
0.6458766 
0.6463386 
0.6426888 
0.6424488 
0.6396246 
0.6394372 
0.6422854 
0.6412224 
0.6395333 
0.6410248 
0.6427295 
0.6433083 
0.6414227 
0.6394368 
0.6408177 
0.6389028 
0.6412417 
0.6377922 
0.6367920 
0.6359357 
0.6382908 
0.6371040 
0.6319060 
0.6327482 
0.6322208 
0.6308397 
0.6312060 
0.6280097 
0.6297133 
0.6281251 
0.6294167 
0.6295515 
0.6294840 
0.6270319 
0.6293905 
0.6284160 
0.6235238 
0.6247809 
0.6242913 
0.6245592 
0.6229168 
0.6251348 
0.6230435 
0.6233900 
0.6206990 
0.6215758 
0.6200305 
0.6187917 
0.6171924 
0.6172685 
0.6158814 
0.6178813 
0.6157933 
0.6163477 
0.6110879 
0.6139192 
0.6154377 
0.6124456 
0.6142748 
0.6106423 
0.6104012 
0.6082780 
0.6090326 
0.6066019 
0.6040074 
0.6052614 
0.6046825 
0.6054256 
0.6038967 
0.6030446 
0.6033810 
0.6018043 
0.6015932 
0.6021632 
0.6012710 
0.5986352 
0.6017122 
0.5999687 
0.6007606 
0.6001877 
0.5989226 
0.5961133 
0.5974773 
0.5968357 
0.5956289 
0.5938487 
0.5952033 
0.5938777 
0.5946656 
0.5939402 
0.5926304 
0.5924803 
0.5918704 
0.5908617 
0.5925766 
0.5916207 
0.5882399 
0.5877939 
0.5873423 
0.5856589 
0.5854867 
0.5876497 
0.5866700 
0.5879747 
0.5865011 
0.5856309 
0.5823078 
0.5840726 
0.5858924 
0.5820760 
0.5835295 
0.5792410 
0.5787364 
0.5751942 
0.5731794 
0.5726124 
0.5728662 
0.5717995 
0.5719558 
0.5713193 
0.5684150 
0.5669734 
0.5693616 
0.5684513 
0.5682522 
0.5674374 
0.5689098 
0.5695447 
0.5665502 
0.5637197 
0.5656064 
0.5639175 
0.5643689 
0.5631036 
0.5636084 
0.5630631 
0.5640681 
0.5617992 
0.5605355 
0.5603862 
0.5600980 
0.5609241 
0.5595518 
0.5615177 
0.5624302 
0.5604993 
0.5614093 
0.5617931 
0.5605776 
0.5604106 
0.5609368 
0.5632442 
0.5592060 
0.5578788 
0.5568740 
0.5595056 
0.5570672 
0.5559020 
0.5554283 
0.5528015 
0.5513082 
0.5519996 
0.5505031 
0.5493037 
0.5473278 
0.5473682 
0.5483800 
0.5433621 
0.5425690 
0.5381027 
0.5373671 
0.5376141 
0.5359828 
0.5348649 
0.5344696 
0.5347738 
0.5344615 
0.5329532 
0.5344430 
0.5336270 
0.5307213 
0.5294358 
0.5289359 
0.5287334 
0.5268788 
0.5276372 
0.5291946 
0.5267106 
0.5267192 
0.5264596 
0.5265956 
0.5270086 
0.5269097 
0.5253134 
0.5250861 
0.5211833 
0.5214512 
0.5218664 
0.5229822 
0.5236558 
0.5230509 
0.5217835 
0.5215496 
0.5226937 
0.5231946 
0.5240358 
0.5201739 
0.5195935 
0.5208149 
0.5198328 
0.5208636 
0.5198202 
0.5206160 
0.5200523 
0.5206525 
0.5200875 
0.5204371 
0.5223851 
0.5219221 
0.5201571 
0.5151746 
0.5149967 
0.5138015 
0.5166655 
0.5144227 
0.5149674 
0.5151375 
0.5122412 
0.5115201 
0.5116285 
0.5093214 
0.5114181 
0.5089107 
0.5081297 
0.5067628 
0.5093980 
0.5113702 
0.5081464 
0.5105678 
0.5110141 
0.5123194 
0.5126585 
0.5107829 
0.5109384 
0.5084969 
0.5064944 
0.5078441 
0.5058780 
0.5036600 
0.5010070 
0.5003781 
0.5012007 
0.5016867 
0.5018378 
0.4997860 
0.5002028 
0.4989714 
0.4985263 
0.4973468 
0.4972340 
0.4960298 
0.4930371 
0.4942911 
0.4928321 
0.4908441 
0.4928431 
0.4896710 
0.4898518 
0.4911521 
0.4896464 
0.4893214 
0.4884558 
0.4898732 
0.4852878 
0.4862706 
0.4868464 
0.4857222 
0.4855807 
0.4866358 
0.4875770 
0.4848857 
0.4840736 
0.4848667 
0.4852965 
0.4856101 
0.4847986 
0.4871455 
0.4820880 
0.4820120 
0.4829399 
0.4794187 
0.4805117 
0.4772001 
0.4781145 
0.4778053 
0.4787569 
0.4805123 
0.4805065 
0.4811833 
0.4786692 
0.4764737 
0.4783511 
0.4760532 
0.4760022 
0.4754721 
0.4744961 
0.4752364 
0.4771335 
0.4774215 
0.4759417 
0.4762958 
0.4776408 
0.4779728 
0.4769148 
0.4791872 
0.4794835 
0.4815063 
0.4791584 
0.4788732 
0.4783369 
0.4785126 
0.4790167 
0.4799845 
0.4825865 
0.4797340 
0.4818611 
0.4832783 
0.4810921 
0.4809644 
0.4819633 
0.4815888 
0.4846973 
0.4833775 
0.4865249 
0.4882807 
0.4892399 
0.4902223 
0.4898607 
0.4902448 
0.4905933 
0.4920454 
0.4938030 
0.4935284 
0.4969564 
0.5004241 
0.5023957 
0.4989771 
0.4997895 
0.4993507 
0.4991637 
0.4999019 
0.5011679 
0.4971418 
0.4972644 
0.4990419 
0.4950197 
0.4964129 
0.4964134 
0.4979122 
0.4983304 
0.4977243 
0.4915029 
0.4918766 
0.4842782 
0.4816784 
0.4774384 
0.4772909 
0.4508112 
0.4316698 
0.4278796 
0.4309504 
0.4288016 
0.4270308 
0.4265659 
0.4240154 
0.4256260 
0.4220052 
0.4240103 
0.4235693 
0.4227260 
0.4236416 
0.4233028 
0.4266139 
0.4267641 
0.4267290 
0.4229074 
0.4196830 
0.4204853 
0.4232831 
0.4226890 
0.4198763 
0.4195859 
0.4207616 
0.4247601 
0.4225458 
0.4178953 
0.4176050 
0.4180396 
0.4204745 
0.4143591 
0.4128092 
0.4061014 
0.4054913 
0.4097253 
0.4115837 
0.4064662 
0.4082477 
0.4112766 
0.4088240 
0.4107038 
0.4089863 
0.4093597 
0.4101233 
0.4132288 
0.4111465 
0.4107930 
0.4058896 
0.4046698 
0.4042346 
0.4057539 
0.4029280 
0.4004970 
0.4036985 
0.4034958 
0.4014871 
0.4022822 
0.4048137 
0.4035015 
0.4011546 
0.3980434 
0.3965742 
0.3966540 
0.3965455 
0.3971724 
0.3951328 
0.3936922 
0.3943562 
0.3933088 
0.3929933 
0.3923555 
0.3899559 
0.3878746 
0.3873711 
0.3880291 
0.3892368 
0.3868067 
0.3887191 
0.3913214 
0.3913946 
0.3913369 
0.3897544 
0.3894416 
0.3904859 
0.3913593 
0.3912501 
0.3915410 
0.3901903 
0.3881479 
0.3886678 
0.3895497 
0.3907245 
0.3931660 
0.3923612 
0.3921659 
0.3930873 
0.3933297 
0.3943888 
0.3926105 
0.3922842 
0.3924301 
0.3917951 
0.3885749 
0.3883362 
0.3888186 
0.3873189 
0.3855692 
0.3848092 
0.3842303 
0.3832187 
0.3837216 
0.3849936 
0.3857483 
0.3844340 
0.3833945 
0.3822672 
0.3797582 
0.3773729 
0.3777208 
0.3749482 
0.3753886 
0.3756592 
0.3763210 
0.3779608 
0.3787682 
0.3792653 
0.3800275 
0.3811393 
0.3813341 
0.3814868 
0.3802871 
0.3815183 
0.3807256 
0.3767420 
0.3745823 
0.3731356 
0.3716348 
0.3695920 
0.3707657 
0.3675362 
0.3662678 
0.3650966 
0.3676839 
0.3642636 
0.3642714 
0.3646764 
0.3658472 
0.3651736 
0.3652311 
0.3634827 
0.3628958 
0.3599871 
0.3580403 
0.3573375 
0.3558466 
0.3550309 
0.3537826 
0.3537586 
0.3531756 
0.3510936 
0.3523822 
0.3520665 
0.3549059 
0.3573721 
0.3560945 
0.3561509 
0.3550680 
0.3535539 
0.3504436 
0.3500957 
0.3495321 
0.3499353 
0.3475033 
0.3462103 
0.3438552 
0.3433893 
0.3455468 
0.3452940 
0.3461096 
0.3475251 
0.3462983 
0.3464648 
0.3467334 
0.3458237 
0.3448323 
0.3457549 
0.3452474 
0.3453282 
0.3465600 
0.3431508 
0.3434467 
0.3440077 
0.3439549 
0.3439643 
0.3435481 
0.3441914 
0.3431534 
0.3417176 
0.3408358 
0.3423803 
0.3423129 
0.3403912 
0.3408208 
0.3408362 
0.3423645 
0.3433655 
0.3433625 
0.3432524 
0.3443740 
0.3443640 
0.3462919 
0.3455466 
0.3439334 
0.3421495 
0.3435618 
0.3429953 
0.3422307 
0.3425419 
0.3397554 
0.3398051 
0.3411631 
0.3418889 
0.3419498 
0.3405474 
0.3397576 
0.3385054 
0.3387929 
0.3365835 
0.3363563 
0.3335779 
0.3324870 
0.3330286 
0.3297974 
0.3275957 
0.3266113 
0.3274268 
0.3283156 
0.3272392 
0.3281139 
0.3294332 
0.3266716 
0.3276246 
0.3285155 
0.3290085 
0.3283250 
0.3273451 
0.3261774 
0.3239760 
0.3244481 
0.3226444 
0.3235485 
0.3236014 
0.3218553 
0.3222180 
0.3227671 
0.3197024 
0.3229089 
0.3199494 
0.3191510 
0.3216205 
0.3203725 
0.3201391 
0.3212515 
0.3202931 
0.3211007 
0.3209026 
0.3215205 
0.3207181 
0.3183357 
0.3196032 
0.3186789 
0.3205165 
0.3186225 
0.3182491 
0.3184010 
0.3195477 
0.3177024 
0.3172115 
0.3131730 
0.3143127 
0.3147421 
0.3146328 
0.3144359 
0.3155821 
0.3139118 
0.3162735 
0.3173083 
0.3185647 
0.3143254 
0.3157148 
0.3163653 
0.3173767 
0.3155345 
0.3141638 
0.3116540 
0.3127061 
0.3135033 
0.3141011 
0.3127058 
0.3104552 
0.3108429 
0.3103396 
0.3097201 
0.3103137 
0.3095605 
0.3088202 
0.3083634 
0.3083925 
0.3075806 
0.3070131 
0.3052615 
0.3050773 
0.3037566 
0.3030745 
0.3053817 
0.3046273 
0.3030173 
0.3034071 
0.3025566 
0.3011414 
0.3017262 
0.3007304 
0.3032591 
0.3019907 
0.2992207 
0.3007893 
0.2997158 
0.2982192 
0.2949034 
0.2950428 
0.2961519 
0.2970093 
0.2919120 
0.2895569 
0.2925902 
0.2926237 
0.2938197 
0.2941373 
0.2936243 
0.2905960 
0.2900435 
0.2906016 
0.2911988 
0.2912695 
0.2905939 
0.2881987 
0.2874044 
0.2858670 
0.2893517 
0.2900808 
0.2913142 
0.2920543 
0.2920112 
0.2896341 
0.2863546 
0.2832837 
0.2817676 
0.2813960 
0.2809824 
0.2839203 
0.2833668 
0.2821096 
0.2812122 
0.2817465 
0.2795304 
0.2778508 
0.2793567 
0.2816674 
0.2819722 
0.2802774 
0.2797088 
0.2804410 
0.2785973 
0.2801552 
0.2785561 
0.2795586 
0.2759093 
0.2772467 
0.2753163 
0.2775788 
0.2727080 
0.2755165 
0.2742853 
0.2743395 
0.2741998 
0.2731593 
0.2738620 
0.2725024 
0.2723431 
0.2732435 
0.2736230 
0.2721009 
0.2722865 
0.2707028 
0.2710029 
0.2722421 
0.2735631 
0.2697807 
0.2684718 
0.2702265 
0.2722340 
0.2703694 
0.2703877 
0.2682296 
0.2673101 
0.2694695 
0.2662322 
0.2662590 
0.2664538 
0.2676414 
0.2657037 
0.2640906 
0.2622278 
0.2620175 
0.2614567 
0.2594297 
0.2597998 
0.2604958 
0.2611935 
0.2599998 
0.2574388 
0.2572298 
0.2588383 
0.2589857 
0.2586367 
0.2572986 
0.2582568 
0.2568653 
0.2564385 
0.2532639 
0.2539980 
0.2565112 
0.2558054 
0.2539467 
0.2530385 
0.2524127 
0.2531081 
0.2521476 
0.2511129 
0.2523303 
0.2512455 
0.2540580 
0.2536739 
0.2530238 
0.2510229 
0.2523778 
0.2496288 
0.2520016 
0.2486463 
0.2479146 
0.2467713 
0.2483626 
0.2482463 
0.2478160 
0.2455585 
0.2450077 
0.2478653 
0.2452589 
0.2444402 
0.2449972 
0.2428251 
0.2434699 
0.2429079 
0.2430982 
0.2437665 
0.2422968 
0.2400754 
0.2384793 
0.2409129 
0.2398235 
0.2409513 
0.2414311 
0.2389411 
0.2391485 
0.2390934 
0.2375486 
0.2368820 
0.2362210 
0.2344045 
0.2351330 
0.2358488 
0.2375052 
0.2360725 
0.2340992 
0.2362862 
0.2351371 
0.2346450 
0.2375043 
0.2361193 
0.2359194 
0.2364626 
0.2351096 
0.2327246 
0.2352175 
0.2335238 
0.2336195 
0.2338033 
0.2319065 
0.2315199 
0.2308151 
0.2305914 
0.2308854 
0.2303506 
0.2291018 
0.2254513 
0.2264973 
0.2281711 
0.2321643 
0.2299466 
0.2287271 
0.2263912 
0.2260802 
0.2257230 
0.2254595 
0.2262380 
0.2246915 
0.2242639 
0.2241928 
0.2235429 
0.2221615 
0.2225906 
0.2213576 
0.2204286 
0.2190725 
0.2202945 
0.2198222 
0.2204897 
0.2194226 
0.2168207 
0.2152677 
0.2161071 
0.2159707 
0.2156356 
0.2163104 
0.2147734 
0.2115835 
0.2107856 
0.2113396 
0.2128934 
0.2124478 
0.2113999 
0.2116377 
0.2088655 
0.2066745 
0.2085378 
0.2081952 
0.2070566 
0.2094549 
0.2057767 
0.2060608 
0.2054342 
0.2039504 
0.2024195 
0.2055459 
0.2067723 
0.2116349 
0.2124185 
0.2095014 
0.2093285 
0.2073417 
0.2000854 
0.2037143 
0.2012880 
0.1998033 
0.2011821 
0.1991542 
0.2053868 
0.2039234 
0.2022622 
0.2020221 
0.2006140 
0.1997788 
0.1962870 
0.1973961 
0.1988641 
0.1959280 
0.1962587 
0.1946738 
0.1958676 
0.1948916 
0.1950093 
0.1928551 
0.1942704 
0.1946498 
0.1932549 
0.1907827 
0.1922100 
0.1915480 
0.1914062 
0.1933110 
0.1942911 
0.1937933 
0.1935324 
0.1912699 
0.1910485 
0.1886988 
0.1897282 
0.1906670 
0.1920451 
0.1911935 
0.1894510 
0.1905333 
0.1879966 
0.1877223 
0.1859700 
0.1865049 
0.1893300 
0.1854838 
0.1861420 
0.1843667 
0.1846654 
0.1842484 
0.1816217 
0.1830981 
0.1822579 
0.1793135 
0.1824696 
0.1845566 
0.1837330 
0.1839329 
0.1843909 
0.1842920 
0.1823760 
0.1832978 
0.1841222 
0.1821043 
0.1817728 
0.1841530 
0.1810640 
0.1789560 
0.1812430 
0.1810550 
0.1833687 
0.1824889 
0.1793562 
0.1798520 
0.1809523 
0.1802625 
0.1813896 
0.1795235 
0.1772701 
0.1768509 
0.1767741 
0.1753391 
0.1762802 
0.1785419 
0.1769624 
0.1748275 
0.1782937 
0.1755207 
0.1745184 
0.1751132 
0.1718740 
0.1729651 
0.1739940 
0.1733628 
0.1713678 
0.1738499 
0.1720658 
0.1697300 
0.1704675 
0.1702340 
0.1692265 
0.1689641 
0.1705236 
0.1697639 
0.1671866 
0.1689882 
0.1677262 
0.1664846 
0.1677524 
0.1683342 
0.1659025 
0.1688310 
0.1701380 
0.1693198 
0.1682190 
0.1699640 
0.1672392 
0.1676521 
0.1709743 
0.1678128 
0.1667089 
0.1662938 
0.1676487 
0.1661533 
0.1667907 
0.1673633 
0.1674511 
0.1652385 
0.1661458 
0.1646111 
0.1618232 
0.1616474 
0.1609090 
0.1624352 
0.1628862 
0.1596267 
0.1587069 
0.1617960 
0.1627018 
0.1553423 
0.1563530 
0.1579049 
0.1587014 
0.1590906 
0.1581520 
0.1564565 
0.1568465 
0.1577593 
0.1566605 
0.1562840 
0.1590047 
0.1588329 
0.1540020 
0.1519277 
0.1498185 
0.1510547 
0.1501580 
0.1490981 
0.1466493 
0.1457574 
0.1479076 
0.1498104 
0.1523046 
0.1525585 
0.1493372 
0.1482566 
0.1493665 
0.1490929 
0.1518778 
0.1502451 
0.1508053 
0.1512081 
0.1506645 
0.1484812 
0.1479888 
0.1490643 
0.1516953 
0.1521566 
0.1527877 
0.1506122 
0.1480209 
0.1484027 
0.1504229 
0.1490699 
0.1484996 
0.1473941 
0.1486150 
0.1470296 
0.1439662 
0.1442511 
0.1433445 
0.1445564 
0.1472879 
0.1445984 
0.1416377 
0.1408396 
0.1407888 
0.1419085 
0.1450662 
0.1448652 
0.1441258 
0.1424049 
0.1414051 
0.1415982 
0.1435052 
0.1426083 
0.1417502 
0.1392458 
0.1367934 
0.1378038 
0.1364510 
0.1378288 
0.1375821 
0.1388794 
0.1374044 
0.1354764 
0.1358379 
0.1374608 
0.1363083 
0.1349195 
0.1351636 
0.1362643 
0.1345926 
0.1328201 
0.1315174 
0.1306535 
0.1302392 
0.1304803 
0.1293317 
0.1300289 
0.1310370 
0.1322128 
0.1309503 
0.1292421 
0.1300250 
0.1293522 
0.1282587 
0.1281631 
0.1274091 
0.1282523 
0.1281103 
0.1273627 
0.1244820 
0.1235114 
0.1226630 
0.1244882 
0.1246747 
0.1220917 
0.1208043 
0.1210565 
0.1224125 
0.1247326 
0.1244415 
0.1221966 
0.1219189 
0.1218018 
0.1221565 
0.1211365 
0.1235105 
0.1230647 
0.1199514 
0.1183379 
0.1161310 
0.1166097 
0.1153566 
0.1168322 
0.1172496 
0.1160889 
0.1155240 
0.1175242 
0.1177742 
0.1181057 
0.1147349 
0.1129389 
0.1113502 
0.1117979 
0.1126068 
0.1124770 
0.1144398 
0.1124299 
0.1146380 
0.1160730 
0.1168199 
0.1152726 
0.1148450 
0.1136782 
0.1134392 
0.1127101 
0.1157423 
0.1158880 
0.1149155 
0.1125023 
0.1121079 
0.1129393 
0.1146785 
0.1156958 
0.1130261 
0.1107088 
0.1090312 
0.1105178 
0.1081865 
0.1101478 
0.1098988 
0.1096701 
0.1087124 
0.1089290 
0.1087034 
0.1090912 
0.1098287 
0.1077153 
0.1075350 
0.1100955 
0.1095986 
0.1088445 
0.1087870 
0.1081160 
0.1096661 
0.1119572 
0.1132508 
0.1139194 
0.1139781 
0.1132339 
0.1089215 
0.1034889 
0.0967753 
0.0995218 
0.0991047 
0.0996871 
0.0976996 
0.0974059 
0.0965665 
0.0955141 
0.0949646 
0.0958960 
0.0962537 
0.0943674 
0.0948932 
0.0929160 
0.0941662 
0.0952360 
0.0944283 
0.0927364 
0.0938553 
0.0946919 
0.0938040 
0.0941741 
0.0948414 
0.0949822 
0.0934349 
0.0934006 
0.0914971 
0.0914792 
0.0922045 
0.0921888 
0.0921440 
0.0912640 
0.0899740 
0.0881580 
0.0893118 
0.0893581 
0.0873069 
0.0868353 
0.0874428 
0.0877588 
0.0884247 
0.0865466 
0.0864552 
0.0852465 
0.0850782 
0.0843725 
0.0841324 
0.0840153 
0.0841119 
0.0850549 
0.0871953 
0.0876625 
0.0871864 
0.0858716 
0.0846260 
0.0819367 
0.0811163 
0.0784567 
0.0800146 
0.0831453 
0.0845298 
0.0844505 
0.0840905 
0.0821493 
0.0800556 
0.0804514 
0.0810735 
0.0818076 
0.0814669 
0.0797841 
0.0804915 
0.0802317 
0.0778784 
0.0776123 
0.0778183 
0.0779017 
0.0779195 
0.0761549 
0.0766013 
0.0774569 
0.0766063 
0.0777581 
0.0783210 
0.0768579 
0.0755658 
0.0721481 
0.0731133 
0.0727001 
0.0724207 
0.0714855 
0.0714781 
0.0732261 
0.0743257 
0.0734257 
0.0741487 
0.0743261 
0.0747504 
0.0728864 
0.0726247 
0.0696100 
0.0697058 
0.0704986 
0.0707284 
0.0700547 
0.0713533 
0.0708941 
0.0710433 
0.0710554 
0.0717369 
0.0731132 
0.0700991 
0.0698884 
0.0703775 
0.0703118 
0.0699510 
0.0712232 
0.0694580 
0.0674582 
0.0675868 
0.0693669 
0.0687635 
0.0679234 
0.0686455 
0.0667323 
0.0654922 
0.0656030 
0.0643652 
0.0632617 
0.0620036 
0.0627098 
0.0623680 
0.0628280 
0.0636816 
0.0632933 
0.0628327 
0.0610982 
0.0624567 
0.0644520 
0.0640620 
0.0628376 
0.0622019 
0.0626266 
0.0627346 
0.0640051 
0.0614347 
0.0606334 
0.0608736 
0.0606687 
0.0589703 
0.0587288 
0.0576423 
0.0571071 
0.0572294 
0.0575202 
0.0568339 
0.0586056 
0.0601317 
0.0590528 
0.0563486 
0.0582385 
0.0592900 
0.0591592 
0.0580121 
0.0585556 
0.0569737 
0.0594638 
0.0585584 
0.0600735 
0.0605667 
0.0587398 
0.0567630 
0.0578999 
0.0591871 
0.0594847 
0.0581163 
0.0562618 
0.0573755 
0.0570740 
0.0556345 
0.0545912 
0.0558397 
0.0552323 
0.0542999 
0.0552673 
0.0546223 
0.0565524 
0.0550098 
0.0551722 
0.0550443 
0.0541475 
0.0563010 
0.0553266 
0.0553650 
0.0544370 
0.0533473 
0.0525217 
0.0539987 
0.0522880 
0.0514572 
0.0495632 
0.0491693 
0.0496605 
0.0498339 
0.0494746 
0.0505280 
0.0507126 
0.0494291 
0.0489928 
0.0484766 
0.0500478 
0.0498680 
0.0489796 
0.0492938 
0.0480097 
0.0472889 
0.0475213 
0.0479322 
0.0474949 
0.0455695 
0.0461432 
0.0465250 
0.0473833 
0.0487509 
0.0491855 
0.0483255 
0.0463533 
0.0463250 
0.0455198 
0.0469560 
0.0467418 
0.0437711 
0.0433734 
0.0415820 
0.0421192 
0.0431775 
0.0425989 
0.0427986 
0.0433254 
0.0420265 
0.0426592 
0.0423712 
0.0416462 
0.0401966 
0.0412634 
0.0411466 
0.0412693 
0.0412064 
0.0403186 
0.0395560 
0.0405919 
0.0401739 
0.0410939 
0.0402497 
0.0389068 
0.0373317 
0.0349134 
0.0341374 
0.0341544 
0.0319711 
0.0316633 
0.0311927 
0.0317367 
0.0316617 
0.0324438 
0.0322806 
0.0315307 
0.0344470 
0.0344417 
0.0350153 
0.0352737 
0.0338740 
0.0327085 
0.0314927 
0.0322860 
0.0333198 
0.0309167 
0.0285608 
0.0286172 
0.0283495 
0.0280579 
0.0276495 
0.0285391 
0.0279956 
0.0285050 
0.0274699 
0.0265586 
0.0261553 
0.0263700 
0.0273545 
0.0270915 
0.0280582 
0.0291172 
0.0285116 
0.0276514 
0.0270671 
0.0250278 
0.0259235 
0.0247295 
0.0241514 
0.0242906 
0.0239153 
0.0242357 
0.0223385 
0.0199217 
0.0201382 
0.0211180 
0.0208639 
0.0201227 
0.0211195 
0.0214972 
0.0206508 
0.0191420 
0.0197868 
0.0206969 
0.0218591 
0.0213037 
0.0213232 
0.0201101 
0.0211654 
0.0193346 
0.0188412 
0.0172579 
0.0192042 
0.0198905 
0.0194108 
0.0186652 
0.0159679 
0.0167359 
0.0182316 
0.0174193 
0.0156140 
0.0154391 
0.0169463 
0.0177367 
0.0167392 
0.0159862 
0.0178111 
0.0178676 
0.0167946 
0.0147767 
0.0149047 
0.0142710 
0.0146264 
0.0143179 
0.0142290 
0.0149554 
0.0140795 
0.0138914 
0.0150139 
0.0157454 
0.0141488 
0.0122395 
0.0130705 
0.0106688 
0.0113759 
0.0095746 
0.0114275 
0.0111918 
0.0120174 
0.0110777 
0.0093645 
0.0076599 
0.0093971 
0.0099774 
0.0116348 
0.0085695 
0.0086024 
0.0085500 
0.0093765 
0.0104794 
0.0101271 
0.0099622 
0.0108750 
0.0116329 
0.0083303 
0.0072123 
0.0078556 
0.0066473 
0.0054388 
0.0048953 
0.0043544 
0.0056253 
0.0072774 
0.0077903 
0.0069310 
0.0071420 
0.0081660 
0.0054903 
0.0045038 
0.0046168 
0.0062343 
0.0080587 
0.0075144 
0.0060181 
0.0028277 
0.0038229 
0.0041395 
0.0041423 
0.0052600 
0.0042285 
0.0021288 
0.0022994 
0.0039761 
0.0048817 
0.0023783 
0.0026340 
0.0024198 
0.0004518 
0.0000735 
0.0000000 
