0.0001374 
-0.0001416 
-0.0000905 
0.3236440 
-0.2437314 
-0.0802539 
0.0637887 
0.0670839 
0.0544522 
0.0486056 
0.0222816 
0.0332395 
0.0305876 
0.0553166 
0.0452482 
0.0520080 
0.0748666 
0.1002649 
0.0869505 
0.0957965 
0.1067260 
0.0940765 
0.0920325 
0.0984350 
0.1151329 
0.1093118 
0.1167605 
0.1395594 
0.1375204 
0.1046900 
0.0808613 
0.0265064 
0.0544544 
0.0486876 
0.0763390 
0.0678383 
0.0474801 
0.0578102 
0.0955334 
0.0582347 
0.0334535 
0.0518548 
0.0498338 
0.0657552 
0.0493935 
0.0514191 
0.0505980 
0.0435501 
0.0541403 
0.0683884 
0.0344251 
0.0178014 
0.0296238 
0.0433076 
0.0621869 
0.0425142 
0.0431139 
0.0280835 
0.0251607 
0.0303254 
0.0224351 
0.0253863 
0.0254455 
0.0520336 
0.0731770 
0.0598335 
0.0649858 
0.0416961 
0.0374760 
0.0506407 
0.0502704 
0.0449146 
0.0936161 
0.1115526 
0.1717509 
0.1564060 
0.1113750 
0.1345531 
0.1376333 
0.1155204 
0.1201509 
0.1218839 
0.1752010 
0.2014703 
0.1484827 
0.1650325 
0.1547939 
0.1555500 
0.1531326 
0.1722831 
0.1712221 
0.1684285 
0.1733578 
0.1646302 
0.1758111 
0.1674015 
0.1132965 
0.0872439 
0.1081242 
0.0893060 
0.0714636 
0.0441393 
0.0470916 
0.0657402 
0.0465936 
0.0216222 
0.0112541 
0.0210894 
0.0614386 
0.0334238 
0.0461596 
0.0443610 
0.0459572 
0.0455068 
0.0130306 
0.0167675 
0.0153518 
0.0061376 
0.0000000 
0.0428697 
0.0197576 
0.0000746 
0.0116594 
0.0583933 
0.0485285 
0.0987091 
0.1022813 
0.0823628 
0.0847067 
0.0818892 
0.0834788 
0.0814881 
0.0845834 
0.0728648 
0.0673208 
0.0793813 
0.0871471 
0.0814238 
0.0854120 
0.1048254 
0.1485463 
0.1384338 
0.1664701 
0.1810229 
0.1810328 
0.1809678 
0.1888037 
0.1790856 
0.1853807 
0.1854740 
0.1790279 
0.2230660 
0.2122218 
0.1864861 
0.1747888 
0.1447665 
0.1575227 
0.1566199 
0.1639752 
0.1602668 
0.1743248 
0.1610431 
0.1636069 
0.1740159 
0.1639950 
0.1772119 
0.1600941 
0.1682373 
0.1726209 
0.1862015 
0.1768378 
0.1859827 
0.1821362 
0.1851824 
0.1831841 
0.1755836 
0.1584554 
0.1738395 
0.1588796 
0.1458634 
0.1693482 
0.1772593 
0.1396886 
0.1147232 
0.1206389 
0.1190410 
0.1360241 
0.1294652 
0.1039379 
0.1014442 
0.1032423 
0.0776993 
0.0792346 
0.0886314 
0.1050809 
0.0963069 
0.1063256 
0.0670000 
0.0672195 
0.0718495 
0.1050841 
0.0994693 
0.1251939 
0.1313235 
0.1257303 
0.1636577 
0.1827109 
0.1571473 
0.1643134 
0.1476370 
0.1290276 
0.1171010 
0.1242091 
0.1218061 
0.1083053 
0.1350224 
0.1380791 
0.1695513 
0.1624858 
0.1788163 
0.1783362 
0.1404204 
0.1268730 
0.1423059 
0.1557717 
0.1647745 
0.1857973 
0.1882336 
0.1984519 
0.2097092 
0.2007732 
0.2254802 
0.2247642 
0.2252593 
0.2414343 
0.2426622 
0.2419163 
0.2426047 
0.2448934 
0.1944156 
0.1805920 
0.1662445 
0.1711126 
0.1662674 
0.2130487 
0.2475011 
0.2356230 
0.2191254 
0.2377786 
0.1919762 
0.1719163 
0.1737536 
0.1504214 
0.1784374 
0.1975312 
0.1765909 
0.1888153 
0.1852098 
0.1896064 
0.1795940 
0.1657871 
0.1550789 
0.1675408 
0.1887915 
0.2074129 
0.1904527 
0.1920491 
0.2155945 
0.2059564 
0.1935471 
0.1831163 
0.1942070 
0.1903296 
0.2345775 
0.2354164 
0.2481959 
0.2592778 
0.2393966 
0.2031124 
0.1991356 
0.1937130 
0.1685689 
0.1712809 
0.2122278 
0.2277060 
0.2218722 
0.2446419 
0.2399596 
0.2470047 
0.2531563 
0.2471310 
0.2110422 
0.1845719 
0.2025065 
0.2082298 
0.1977851 
0.2069794 
0.2077471 
0.2355568 
0.2948518 
0.3270613 
0.3229597 
0.3368909 
0.3111718 
0.3103566 
0.2900888 
0.3057173 
0.2890205 
0.2739545 
0.2961573 
0.2875556 
0.2840185 
0.2755692 
0.2761218 
0.3058031 
0.3165806 
0.3118202 
0.3098078 
0.3286169 
0.3375531 
0.3069026 
0.3293477 
0.3263245 
0.3141779 
0.2930784 
0.1861127 
0.1123061 
0.0447999 
0.0016094 
0.0313607 
0.0605917 
0.0854783 
0.0866782 
0.0861559 
0.0920808 
0.1097002 
0.0839260 
0.0597206 
0.0573949 
0.0514159 
0.0776054 
0.0896824 
0.1083654 
0.1425458 
0.1354494 
0.1554980 
0.1550821 
0.1611141 
0.1569330 
0.1427795 
0.1939264 
0.2083195 
0.2219136 
0.1816354 
0.1520908 
0.1403199 
0.1297460 
0.1718477 
0.1509718 
0.1506898 
0.1569816 
0.1493840 
0.1746641 
0.1551594 
0.1819323 
0.1917910 
0.1972551 
0.2496780 
0.2709490 
0.2631639 
0.2551250 
0.3065339 
0.3179766 
0.3200666 
0.3167165 
0.2300168 
0.2241080 
0.2159074 
0.2228919 
0.2673930 
0.2369287 
0.2405965 
0.2436944 
0.2300122 
0.2014872 
0.2091526 
0.1877222 
0.1975676 
0.2396708 
0.2469044 
0.2577239 
0.2817077 
0.3191897 
0.3133751 
0.3237524 
0.3333510 
0.3575231 
0.3680821 
0.3537281 
0.4087848 
0.3960821 
0.3835273 
0.3486782 
0.3974700 
0.3681006 
0.3729327 
0.3542904 
0.3880011 
0.3958828 
0.3498890 
0.3279562 
0.3156100 
0.3282789 
0.3099693 
0.3395429 
0.3146047 
0.2604914 
0.2747436 
0.2671822 
0.2480084 
0.2534952 
0.2827963 
0.2843961 
0.2716788 
0.2812245 
0.2959608 
0.2663348 
0.2587995 
0.2402634 
0.2486301 
0.2589610 
0.2946964 
0.2932268 
0.3028981 
0.3535110 
0.3676467 
0.3457691 
0.3128081 
0.3022299 
0.2895122 
0.2973630 
0.3185005 
0.3120393 
0.2982659 
0.3308507 
0.3119411 
0.2898900 
0.3189733 
0.3374637 
0.3575433 
0.3322045 
0.3683888 
0.3555753 
0.3546742 
0.3638738 
0.3570794 
0.3450612 
0.3686602 
0.3957484 
0.3701354 
0.3789752 
0.3377184 
0.3581833 
0.3708396 
0.3748619 
0.3406061 
0.3216191 
0.3428327 
0.3214948 
0.3685179 
0.3844120 
0.3878536 
0.3703141 
0.3659163 
0.3794930 
0.3703509 
0.3557029 
0.3817181 
0.3779904 
0.3742855 
0.3774295 
0.4258691 
0.3923729 
0.4007089 
0.4190105 
0.3920513 
0.4227831 
0.4346950 
0.4614894 
0.4543622 
0.4530185 
0.4590690 
0.4511195 
0.4714743 
0.4780143 
0.4533346 
0.4505372 
0.4487654 
0.4376669 
0.4438545 
0.4547866 
0.4518864 
0.3981276 
0.4096285 
0.4047118 
0.3691372 
0.3550633 
0.3842144 
0.3942398 
0.3667663 
0.3695817 
0.3764128 
0.3846249 
0.4039007 
0.4058671 
0.3717451 
0.3631268 
0.3138604 
0.3380970 
0.3955828 
0.4035683 
0.4112794 
0.3985371 
0.3824748 
0.3758128 
0.3680856 
0.3669629 
0.3437440 
0.3402271 
0.3216894 
0.3161065 
0.3378894 
0.3179507 
0.2848275 
0.3088095 
0.3216006 
0.3381501 
0.3740196 
0.3613781 
0.3602321 
0.3798646 
0.3608604 
0.3739488 
0.3760098 
0.3579798 
0.3358229 
0.3545439 
0.3479949 
0.3755053 
0.3761380 
0.4178130 
0.4170472 
0.4278411 
0.4229401 
0.3978030 
0.3581736 
0.3732644 
0.3920067 
0.3744476 
0.3843761 
0.4452778 
0.4417010 
0.4578286 
0.4536699 
0.4566444 
0.4447356 
0.4512346 
0.4547645 
0.4498462 
0.4673713 
0.4872147 
0.4755473 
0.4839316 
0.4629516 
0.4979718 
0.4817964 
0.4858884 
0.4806513 
0.4923997 
0.4537312 
0.4563052 
0.4569043 
0.4801873 
0.4785285 
0.4876113 
0.4902304 
0.4729782 
0.4675508 
0.4540503 
0.4546530 
0.4876428 
0.4777812 
0.5049830 
0.4944148 
0.4447412 
0.4104656 
0.4235375 
0.4050425 
0.3826041 
0.3896496 
0.3869540 
0.3910997 
0.3999150 
0.3924465 
0.4166061 
0.4046926 
0.4024519 
0.4188049 
0.4238417 
0.4457116 
0.4142310 
0.4293984 
0.3988374 
0.4131532 
0.4430679 
0.4087584 
0.4174433 
0.4289849 
0.4153698 
0.4053081 
0.4046833 
0.4269039 
0.3904051 
0.4174504 
0.4300335 
0.4505165 
0.4674435 
0.4824614 
0.5011861 
0.5224132 
0.5346552 
0.5245001 
0.4627521 
0.4380880 
0.4433594 
0.4287659 
0.4644659 
0.4906984 
0.4724051 
0.4880619 
0.5101307 
0.5235719 
0.5138402 
0.4944230 
0.4968838 
0.4784091 
0.5094125 
0.4986818 
0.4892536 
0.4794085 
0.4962858 
0.4470110 
0.4742762 
0.4631426 
0.4722338 
0.4679473 
0.4781928 
0.4797131 
0.5169686 
0.5137425 
0.5271590 
0.5240547 
0.5188376 
0.5478156 
0.5199124 
0.5346168 
0.5281831 
0.5697292 
0.5621664 
0.5687969 
0.5684462 
0.5626073 
0.5571428 
0.5691154 
0.5973113 
0.5561853 
0.5448002 
0.5612923 
0.5449746 
0.5268481 
0.4960720 
0.5103737 
0.5393754 
0.5554368 
0.5325021 
0.5842914 
0.5393925 
0.5377806 
0.5230959 
0.5289021 
0.5305450 
0.5092650 
0.4991063 
0.5167321 
0.5004140 
0.4660390 
0.4865800 
0.4590017 
0.4840004 
0.4632351 
0.4627845 
0.4485569 
0.4335294 
0.4672454 
0.4874654 
0.4807434 
0.5095530 
0.5258899 
0.4983743 
0.4945493 
0.5398060 
0.4787810 
0.4798066 
0.4884961 
0.5244698 
0.5274308 
0.5005130 
0.5330834 
0.5366398 
0.5544486 
0.5493517 
0.5618933 
0.5633816 
0.5778063 
0.5922359 
0.5782507 
0.5605622 
0.5880362 
0.5709812 
0.5636425 
0.5799190 
0.5585205 
0.5412534 
0.5608050 
0.5568557 
0.5663124 
0.5806936 
0.5871980 
0.5911579 
0.6132987 
0.6216273 
0.5980999 
0.6085287 
0.6213244 
0.6246002 
0.5903896 
0.6210449 
0.6300626 
0.6177386 
0.6027566 
0.5756293 
0.5840190 
0.5661072 
0.5841932 
0.6146263 
0.5972054 
0.5374471 
0.5152902 
0.5402605 
0.5820091 
0.5922841 
0.6059030 
0.5878671 
0.6067306 
0.5943733 
0.6022222 
0.6134291 
0.5992894 
0.5886982 
0.6228200 
0.6260803 
0.5794025 
0.5629651 
0.6004216 
0.6360230 
0.5994920 
0.6046021 
0.5823288 
0.5986757 
0.5829674 
0.5895887 
0.5519052 
0.5903618 
0.5710413 
0.5674970 
0.6075644 
0.5791795 
0.5833392 
0.6224465 
0.6104841 
0.5866716 
0.5931508 
0.5809475 
0.5858264 
0.5646555 
0.5419810 
0.5827386 
0.5800265 
0.5990823 
0.6006760 
0.6338941 
0.5924485 
0.5988238 
0.6191029 
0.6565240 
0.6276279 
0.6395547 
0.6604443 
0.6070042 
0.6330319 
0.6757142 
0.6512576 
0.6236279 
0.5762978 
0.6082623 
0.6568461 
0.6571223 
0.6179952 
0.6173319 
0.6055511 
0.6168420 
0.5879922 
0.5694997 
0.6174178 
0.5963746 
0.5954508 
0.6283826 
0.6232094 
0.6208027 
0.6397947 
0.6355077 
0.6425570 
0.6309358 
0.6227766 
0.5988030 
0.6053629 
0.6064749 
0.6092452 
0.6152884 
0.6282865 
0.6326313 
0.6531399 
0.6549721 
0.6188587 
0.6323210 
0.6602020 
0.6586122 
0.6454557 
0.6555369 
0.6367592 
0.6272170 
0.5870999 
0.5580833 
0.5565523 
0.5345034 
0.5578931 
0.5539841 
0.5494466 
0.6197624 
0.6329248 
0.6165519 
0.6182254 
0.6302719 
0.6053222 
0.6133576 
0.6190070 
0.5744395 
0.5571400 
0.5564718 
0.5562394 
0.5907075 
0.6013868 
0.5806112 
0.5722006 
0.5931261 
0.5770698 
0.5611159 
0.5417977 
0.5383318 
0.5511753 
0.5657549 
0.5638192 
0.5605939 
0.5588476 
0.5673925 
0.5575552 
0.5761087 
0.5971027 
0.5818906 
0.5844897 
0.5841227 
0.5858799 
0.5908943 
0.6105914 
0.6071685 
0.5917454 
0.5866397 
0.6204910 
0.6060045 
0.6151721 
0.6055256 
0.6106269 
0.5910542 
0.6096179 
0.6270187 
0.6279912 
0.6116591 
0.6164074 
0.6236949 
0.6159660 
0.6310282 
0.6080741 
0.6041452 
0.6012184 
0.6054188 
0.5551625 
0.5727425 
0.5660742 
0.5585809 
0.5801216 
0.5745130 
0.5571780 
0.5930923 
0.5882910 
0.5941251 
0.6455994 
0.6284153 
0.6622976 
0.6915260 
0.7123183 
0.7462458 
0.7140265 
0.6982412 
0.7146637 
0.6991683 
0.6340460 
0.6721951 
0.6571341 
0.6524929 
0.6546651 
0.6438144 
0.6835681 
0.6841063 
0.6619940 
0.6566103 
0.6551313 
0.6426849 
0.6668380 
0.6815444 
0.6887502 
0.6735342 
0.6595162 
0.6417595 
0.6265909 
0.5982816 
0.6346148 
0.6165052 
0.6090937 
0.6372902 
0.6525365 
0.6981147 
0.7333613 
0.7146925 
0.7057225 
0.6867191 
0.6930249 
0.6398003 
0.6487343 
0.6655698 
0.6451441 
0.6683970 
0.6827614 
0.6476333 
0.6142560 
0.6414767 
0.6170690 
0.6004793 
0.6012326 
0.5962668 
0.5924656 
0.5772133 
0.5897024 
0.5961500 
0.5788624 
0.5892109 
0.5995163 
0.5971424 
0.6378082 
0.6156432 
0.6043921 
0.5944421 
0.5618422 
0.5473275 
0.5302206 
0.5432371 
0.5698714 
0.5680218 
0.5731502 
0.5476359 
0.5680931 
0.5874789 
0.5929631 
0.6087175 
0.6119918 
0.6137623 
0.6215294 
0.5692290 
0.5957437 
0.5878984 
0.5880177 
0.5801199 
0.6138620 
0.5965088 
0.6143233 
0.6046777 
0.6015071 
0.6515947 
0.6573077 
0.6198663 
0.6287535 
0.6225670 
0.5844091 
0.6169871 
0.6336782 
0.6362594 
0.5740506 
0.6029326 
0.6091661 
0.6124755 
0.6161140 
0.6286494 
0.6224245 
0.6134494 
0.6111489 
0.6004822 
0.5867533 
0.6134615 
0.6218616 
0.6158333 
0.6297722 
0.5969106 
0.5810980 
0.5739082 
0.5917255 
0.5932986 
0.5913226 
0.5701255 
0.5467154 
0.6029068 
0.6054492 
0.5922921 
0.5839915 
0.5878403 
0.5885626 
0.6334095 
0.6559956 
0.6671439 
0.6942258 
0.6933178 
0.6456269 
0.6474666 
0.6377384 
0.6362963 
0.6352939 
0.6401043 
0.6482148 
0.6292495 
0.6039654 
0.5966846 
0.5837758 
0.6228101 
0.5945922 
0.5925507 
0.5832064 
0.5831294 
0.6003211 
0.6080016 
0.6091315 
0.6032203 
0.5920768 
0.6361405 
0.6499622 
0.6207655 
0.6185758 
0.5902980 
0.5816895 
0.6207168 
0.6483385 
0.6444355 
0.6271475 
0.6289636 
0.6360390 
0.6242610 
0.6343280 
0.6466818 
0.6394214 
0.6716113 
0.6529223 
0.6507776 
0.6216280 
0.6769097 
0.6759894 
0.7113129 
0.7280875 
0.7246614 
0.7233253 
0.7646887 
0.7328971 
0.7454181 
0.7429845 
0.7821423 
0.7871802 
0.7913698 
0.8023269 
0.7678964 
0.7421250 
0.7402452 
0.7183086 
0.7271772 
0.7103195 
0.7278469 
0.7610222 
0.7577132 
0.7490191 
0.7213308 
0.7155525 
0.7133959 
0.7099748 
0.6912330 
0.6907459 
0.6639876 
0.6612986 
0.6369012 
0.6957831 
0.7128305 
0.7189116 
0.7419326 
0.7066854 
0.6998217 
0.7409656 
0.7317511 
0.7366025 
0.7227586 
0.7173150 
0.7002387 
0.7416127 
0.7369560 
0.7186543 
0.7093616 
0.6904661 
0.6815839 
0.6921442 
0.7087870 
0.6888009 
0.6671541 
0.6614650 
0.6723502 
0.6808597 
0.6143893 
0.6218809 
0.5926513 
0.5680747 
0.5817464 
0.5906511 
0.5974179 
0.5595984 
0.5745199 
0.5382242 
0.5407214 
0.5303581 
0.5503663 
0.5097414 
0.5488524 
0.5536127 
0.5969655 
0.6425696 
0.6114709 
0.5981855 
0.6344559 
0.6175835 
0.6234152 
0.6193082 
0.6066823 
0.5892120 
0.5879139 
0.5813798 
0.5734211 
0.5783210 
0.5976936 
0.5986234 
0.6235675 
0.6509817 
0.6516462 
0.6594244 
0.6681135 
0.6949214 
0.6958154 
0.7002313 
0.7867856 
0.7775826 
0.7813498 
0.8007904 
0.8171072 
0.7806808 
0.7888005 
0.7623060 
0.7312480 
0.7460632 
0.7539426 
0.7348258 
0.7437009 
0.7599170 
0.7511759 
0.7364234 
0.7475304 
0.7356215 
0.7312078 
0.7468040 
0.7530029 
0.8049132 
0.8208890 
0.8108625 
0.8198128 
0.8582714 
0.8784223 
0.8358820 
0.8311487 
0.8733650 
0.9055627 
0.8978893 
0.8443391 
0.8155800 
0.8172528 
0.8358059 
0.8385912 
0.8185050 
0.7876790 
0.8161602 
0.8134284 
0.8044802 
0.7868404 
0.7942999 
0.7539418 
0.7771567 
0.7853012 
0.7761703 
0.7814641 
0.7700176 
0.7866966 
0.7830876 
0.7855532 
0.7598556 
0.7801679 
0.7395701 
0.7446249 
0.7607561 
0.7338446 
0.7634098 
0.7303867 
0.7572290 
0.7780718 
0.7794381 
0.7752500 
0.7870546 
0.7903338 
0.8079751 
0.7834451 
0.7828418 
0.8141987 
0.8329114 
0.8491567 
0.8433653 
0.8428700 
0.8288858 
0.8501822 
0.8237150 
0.8279347 
0.8361395 
0.8602763 
0.8829661 
0.9077077 
0.9086131 
0.9210169 
0.9324018 
0.9377977 
0.9099297 
0.8821558 
0.8697436 
0.8725671 
0.8684339 
0.8985235 
0.9677055 
0.9520257 
0.9320806 
0.9451735 
0.9449299 
0.9217892 
0.9102450 
0.8853037 
0.8974866 
0.9002416 
0.8843021 
0.8512307 
0.8753386 
0.8272251 
0.8467335 
0.8338420 
0.8062457 
0.8213862 
0.7722812 
0.7848649 
0.7885693 
0.7961641 
0.7811632 
0.8277305 
0.8279387 
0.8014684 
0.7873195 
0.8169653 
0.8288440 
0.8315862 
0.8412765 
0.8249895 
0.8228215 
0.8149239 
0.8241644 
0.8278490 
0.8250341 
0.8089831 
0.7945087 
0.7918091 
0.7807584 
0.7681699 
0.7717920 
0.7883008 
0.7987738 
0.7912614 
0.7964485 
0.7829197 
0.7551511 
0.7764042 
0.7848966 
0.7677594 
0.7806900 
0.7506271 
0.7591000 
0.7905017 
0.7610010 
0.7447426 
0.7688695 
0.7588026 
0.7286044 
0.7478815 
0.8042879 
0.7735590 
0.8019646 
0.8211151 
0.8807584 
0.8877735 
0.8662497 
0.7654273 
0.7401825 
0.6901826 
0.6762771 
0.6767549 
0.6559307 
0.6924257 
0.7303068 
0.7375620 
0.7169575 
0.7268474 
0.7459548 
0.7400855 
0.7420044 
0.7673443 
0.7227419 
0.7332467 
0.7829370 
0.7963901 
0.7582401 
0.7683992 
0.7819165 
0.7951671 
0.7789823 
0.7836389 
0.7845778 
0.7595885 
0.7906221 
0.7863287 
0.7787942 
0.7681691 
0.7791486 
0.7928007 
0.7868236 
0.7401847 
0.7071624 
0.7332227 
0.7209204 
0.7114971 
0.7137193 
0.7428369 
0.7514762 
0.7820430 
0.7956443 
0.8302224 
0.8861727 
0.9129929 
0.9197073 
0.9442523 
0.9164613 
0.8645813 
0.8136778 
0.8234359 
0.7988657 
0.7772574 
0.7655978 
0.7640315 
0.7568528 
0.7541717 
0.7705063 
0.7749487 
0.7663302 
0.7606815 
0.7762183 
0.7798546 
0.7950729 
0.7727459 
0.7191247 
0.7150316 
0.7076505 
0.7525363 
0.7490244 
0.7545212 
0.7568774 
0.7451137 
0.7294117 
0.7408979 
0.6880264 
0.6721738 
0.7369315 
0.7615987 
0.7561770 
0.7779082 
0.7745962 
0.7537087 
0.7769360 
0.7991283 
0.8169423 
0.7966889 
0.7663153 
0.7841059 
0.8187060 
0.8304417 
0.8406129 
0.8487735 
0.8800974 
0.8758894 
0.8442148 
0.8854166 
0.8697380 
0.8864125 
0.8648638 
0.8583043 
0.8847193 
0.8446649 
0.7703280 
0.7982574 
0.8271233 
0.8205547 
0.7946864 
0.7925682 
0.7882577 
0.7886593 
0.8250772 
0.8004764 
0.7728693 
0.7594471 
0.7774255 
0.7688580 
0.7791160 
0.8024782 
0.7699691 
0.7921852 
0.7659479 
0.7571938 
0.7653509 
0.8129876 
0.8312011 
0.8378573 
0.8379912 
0.8182819 
0.8399831 
0.8512930 
0.8566341 
0.8616329 
0.9037317 
0.8692165 
0.8562179 
0.8412137 
0.8159797 
0.8497047 
0.8388631 
0.8051442 
0.8221083 
0.7904329 
0.7523718 
0.7791069 
0.7959171 
0.8193099 
0.8215320 
0.8066391 
0.8525803 
0.8493249 
0.8282592 
0.7978845 
0.8278150 
0.8168110 
0.8410525 
0.8616394 
0.8585666 
0.8412950 
0.8797267 
0.8623200 
0.8722850 
0.8688797 
0.8391798 
0.7927652 
0.8730609 
0.8591478 
0.8715745 
0.9162505 
0.9275177 
0.9088066 
0.9035445 
0.9248144 
0.9110262 
0.8995077 
0.8923719 
0.9451071 
0.9122773 
0.9061323 
0.8824078 
0.8551652 
0.8683184 
0.8496865 
0.8484559 
0.8876868 
0.9139401 
0.9325371 
0.8938475 
0.8734353 
0.7846369 
0.7943518 
0.8043114 
0.7696527 
0.7784275 
0.7838810 
0.7746855 
0.7811513 
0.7995886 
0.7785180 
0.7475532 
0.7980165 
0.8219380 
0.8338564 
0.8048451 
0.7781943 
0.7900368 
0.7591557 
0.7395148 
0.7671737 
0.7791998 
0.8081719 
0.8184031 
0.8213832 
0.8127479 
0.8104331 
0.7961062 
0.7798088 
0.7992623 
0.7962645 
0.7868100 
0.7752132 
0.7368786 
0.7131906 
0.7033297 
0.7288171 
0.7533008 
0.7825772 
0.8420812 
0.8589164 
0.8675355 
0.8233299 
0.8354054 
0.8396949 
0.8689667 
0.8614676 
0.9053549 
0.8842819 
0.8819381 
0.8809300 
0.8984963 
0.8940811 
0.8936855 
0.8972939 
0.8221131 
0.8056044 
0.8071929 
0.8267047 
0.8260720 
0.8702785 
0.8819707 
0.9074767 
0.9238791 
0.9144072 
0.9332600 
0.9538046 
0.9652195 
0.9399347 
0.9395142 
0.9418286 
0.9044752 
0.8879726 
0.8849864 
0.8805516 
0.8540317 
0.8432039 
0.8631400 
0.8205847 
0.8469693 
0.8041917 
0.7798942 
0.8159983 
0.8162071 
0.8042345 
0.7869108 
0.7343447 
0.7416834 
0.7246978 
0.6970265 
0.6984796 
0.7352994 
0.7346396 
0.7281799 
0.7157350 
0.7141444 
0.7053394 
0.7142361 
0.7074638 
0.6840637 
0.7139041 
0.7240978 
0.7206711 
0.6889614 
0.6668715 
0.6567046 
0.6654925 
0.7384343 
0.7858731 
0.7462382 
0.7088812 
0.7145194 
0.7123820 
0.7020911 
0.7175647 
0.6988516 
0.7064772 
0.6915455 
0.6740939 
0.7071675 
0.7650472 
0.7809843 
0.7617054 
0.7785491 
0.7537970 
0.7419742 
0.7545854 
0.7921672 
0.7651697 
0.7856486 
0.7915849 
0.8185264 
0.8315218 
0.8366361 
0.8480595 
0.8457427 
0.8374885 
0.8548302 
0.8482945 
0.8539846 
0.8422457 
0.8289124 
0.8600700 
0.8495788 
0.8887344 
0.8645296 
0.8710149 
0.8822240 
0.8753805 
0.8748953 
0.8490561 
0.8576996 
0.8410805 
0.8745672 
0.8471517 
0.8436216 
0.8253689 
0.8633470 
0.8647344 
0.8368953 
0.8028919 
0.7901173 
0.8181807 
0.8512725 
0.8493185 
0.8327779 
0.8382868 
0.8656421 
0.8935153 
0.8462987 
0.8243728 
0.8220370 
0.8343386 
0.8413862 
0.8694385 
0.8450844 
0.8272532 
0.8775430 
0.9257326 
0.9479323 
0.9897586 
1.0000000 
0.9900988 
0.9834503 
0.9628964 
0.9043222 
0.7930482 
0.7459603 
0.7662373 
0.7655863 
0.7625733 
0.7477494 
0.7288713 
0.7071094 
0.6994213 
0.7414524 
0.7558925 
0.7847424 
0.8014060 
0.8134002 
0.8401896 
0.8090308 
0.7988940 
0.7563752 
0.7027801 
0.6412820 
0.6273113 
0.6527513 
0.6553185 
0.6685663 
0.6815675 
0.6922232 
0.6927892 
0.7450758 
0.7541348 
0.7853142 
0.8042751 
0.7520581 
0.7653865 
0.7183599 
0.7294415 
0.6847099 
0.6921543 
0.7225170 
0.7269472 
0.7637748 
0.7645714 
0.7672943 
0.7521121 
0.7342795 
0.7540909 
0.7605337 
0.7750690 
0.7435353 
0.7515535 
0.7774314 
0.8006587 
0.8611201 
0.8738094 
0.8456720 
0.8496978 
0.8303729 
0.8056026 
0.8134534 
0.8340508 
0.8419988 
0.8349771 
0.8621059 
0.8806489 
0.9057250 
0.8871822 
0.8564697 
0.8391563 
0.8544480 
0.8272900 
0.7981209 
0.8299101 
0.8380525 
0.8318557 
0.8250351 
0.8717505 
0.8610330 
0.8683115 
0.8581468 
0.8498900 
0.8409379 
0.8236253 
0.8262662 
0.8267347 
0.8503904 
0.8361335 
0.8187516 
0.8268857 
0.8272876 
0.8660186 
0.8548603 
0.8323200 
0.8455513 
0.8567860 
0.8325049 
0.8127292 
0.8046949 
0.8070649 
0.7873589 
0.7756715 
0.7801875 
0.7764614 
0.7869854 
0.7883383 
0.8035709 
0.8611935 
0.8640306 
0.8384919 
0.8251227 
0.8383203 
0.8100144 
0.8153441 
0.8212246 
0.8080653 
0.8292847 
0.8192860 
0.7983532 
0.7927605 
0.7873368 
0.7576916 
0.8554159 
0.8349727 
0.8661846 
0.8634631 
0.8462601 
0.8017367 
0.8029288 
0.8128247 
0.8042459 
0.8218639 
0.8498405 
0.8304328 
0.8818838 
0.8874875 
0.9099381 
0.9021917 
0.8774491 
0.9178934 
0.9178635 
0.9121021 
0.9760195 
0.9660230 
0.9398181 
0.9658399 
0.9645749 
0.9570783 
0.9656661 
0.9444687 
0.9219669 
0.8929695 
0.8772280 
0.9039739 
0.9110434 
0.9021584 
0.8944902 
0.8974361 
0.9079479 
0.8729734 
0.8617049 
0.8365659 
0.8261891 
0.7838670 
0.7910866 
0.7879254 
0.7933038 
0.7931605 
0.8434865 
0.8577963 
0.8949032 
0.9125361 
0.8809953 
0.8889745 
0.8975391 
0.8844518 
0.8599158 
0.8336151 
0.8227525 
0.8217027 
0.8100512 
0.7772930 
0.7481894 
0.7741231 
0.7934783 
0.7924186 
0.8362566 
0.8291039 
0.8732725 
0.8741681 
0.8523024 
0.8352309 
0.8458103 
0.8252014 
0.8647322 
0.8664897 
0.8838927 
0.8968780 
0.9055828 
0.9022501 
0.9534009 
0.9541300 
0.9443341 
0.9420256 
0.9443279 
0.8856204 
0.8565944 
0.8574133 
0.8770552 
0.8862921 
0.9037643 
0.8904661 
0.8952952 
0.9097953 
0.9010224 
0.8990282 
0.8636023 
0.8710590 
0.8771381 
0.8942051 
0.8941092 
0.8737695 
0.8704364 
0.9166696 
0.9465471 
0.9518966 
0.9508094 
0.9807633 
0.9556275 
0.9752753 
0.9584342 
0.9696416 
0.9926733 
0.9777134 
0.9860680 
0.9305807 
0.9032642 
0.9374619 
0.9466419 
0.9405962 
0.9442991 
0.9318529 
0.9731435 
0.9510146 
0.9205746 
0.9153343 
0.9170587 
0.9327808 
0.9324947 
0.9277492 
0.9247893 
0.9541259 
0.9632297 
0.9716149 
0.9685036 
0.9896724 
0.9668295 
0.9248845 
0.8830330 
0.8532674 
0.8330127 
0.8456744 
0.8506720 
0.8613848 
0.8700250 
0.9050505 
0.8890241 
0.8527505 
0.8671740 
0.8764485 
0.9181593 
0.9195059 
0.9559678 
0.9464755 
0.9307790 
0.9536065 
0.9295834 
0.9332817 
0.9345177 
0.9257988 
0.9596229 
0.9391042 
0.8919030 
0.9098789 
0.9316880 
0.9364290 
0.9293548 
0.9110324 
0.9239051 
0.8930795 
0.9347564 
0.9470804 
0.9529675 
0.9438987 
0.9452265 
0.9591936 
0.9764785 
0.9565357 
0.9418262 
0.9595127 
0.9330669 
0.9281552 
0.9198930 
0.9085554 
0.9557236 
0.9087144 
0.9007184 
0.9099363 
0.9103457 
0.9111611 
0.8280172 
0.8245143 
0.8345565 
0.8584573 
0.8501126 
0.8613108 
0.8742273 
0.8668485 
0.8647255 
0.8678858 
0.8692016 
0.8823372 
0.8975516 
0.9127615 
0.9147311 
0.9260916 
0.9236133 
0.9132489 
0.9004300 
0.8566501 
0.8565803 
0.8736444 
0.8705190 
0.8857237 
0.8787743 
0.9084841 
0.9005345 
0.9120553 
0.8920623 
0.9322764 
0.9316995 
0.9284558 
0.9284894 
0.9557492 
0.9528057 
0.9106656 
0.9444398 
0.9260142 
0.9299560 
0.9052466 
0.9038041 
0.9455384 
0.9461330 
0.9517975 
0.9655278 
0.9602353 
0.9328179 
0.9558949 
0.9110255 
0.8663716 
0.8725141 
0.9003850 
0.8794229 
0.8853620 
0.8610228 
0.9050640 
0.9042929 
0.9139668 
0.8684100 
0.8361530 
0.8291742 
0.8261935 
0.8370463 
0.8744100 
0.8571507 
0.8862937 
0.9234372 
0.9400107 
0.9205010 
0.9034975 
0.8822110 
0.9129005 
0.8697215 
0.8698074 
0.8627495 
0.9025138 
0.9187383 
0.9255846 
0.9235298 
0.8966400 
0.8861301 
0.9418363 
0.9367924 
