0.0000187 
0.0001401 
0.0001710 
-0.2144650 
-0.2537410 
0.5171256 
0.9613645 
0.9571217 
0.9470809 
0.9439371 
0.9448476 
0.9644396 
0.9986274 
1.0000000 
0.9960904 
0.9967975 
0.9947955 
0.9952182 
0.9849558 
0.9836757 
0.9841744 
0.9778693 
0.9686639 
0.9657460 
0.9679283 
0.9618474 
0.9456973 
0.9346370 
0.9233871 
0.9289505 
0.9159969 
0.9219712 
0.9191455 
0.9227926 
0.9304257 
0.9369446 
0.9333469 
0.9390184 
0.9406936 
0.9366698 
0.9299270 
0.9211370 
0.9243550 
0.9255426 
0.9309835 
0.9411278 
0.9543949 
0.9560538 
0.9491363 
0.9369259 
0.9193860 
0.9093090 
0.9074448 
0.9109094 
0.9205028 
0.9241720 
0.9432909 
0.9604820 
0.9589439 
0.9604727 
0.9562072 
0.9471514 
0.9256615 
0.9200866 
0.9093247 
0.9061540 
0.9037645 
0.9221377 
0.9180879 
0.9189377 
0.9213077 
0.9268805 
0.9135689 
0.8898110 
0.8809599 
0.8670437 
0.8654561 
0.8490572 
0.8533351 
0.8578047 
0.8615209 
0.8775977 
0.8842327 
0.8727394 
0.8653063 
0.8504596 
0.8559816 
0.8596543 
0.8568837 
0.8668182 
0.8738989 
0.8642206 
0.8630773 
0.8660281 
0.8610929 
0.8674111 
0.8635621 
0.8415987 
0.8486389 
0.8549845 
0.8558491 
0.8716136 
0.8648853 
0.8922805 
0.9003023 
0.8860051 
0.8620127 
0.8598146 
0.8633067 
0.8556209 
0.8410868 
0.8399331 
0.8407192 
0.8306939 
0.8322733 
0.8406730 
0.8610116 
0.8716578 
0.8717131 
0.8643325 
0.8653298 
0.8701448 
0.8603867 
0.8479059 
0.8331375 
0.8291357 
0.8302206 
0.8111928 
0.8178988 
0.8348239 
0.8474359 
0.8650938 
0.8663142 
0.8594344 
0.8655342 
0.8665626 
0.8568791 
0.8484233 
0.8498918 
0.8363809 
0.8234695 
0.8312673 
0.8473765 
0.8540744 
0.8577488 
0.8591422 
0.8665954 
0.8678204 
0.8596600 
0.8450139 
0.8446583 
0.8263387 
0.8181838 
0.8050756 
0.8070158 
0.8132697 
0.8176736 
0.8245100 
0.8298880 
0.8305657 
0.8294782 
0.8323873 
0.8301809 
0.8206123 
0.8204228 
0.8116822 
0.8177472 
0.8202536 
0.8170691 
0.8123337 
0.8079289 
0.7988386 
0.7904903 
0.7982497 
0.7993597 
0.7985613 
0.7978250 
0.8007894 
0.8009311 
0.8097861 
0.8025773 
0.8021205 
0.8034261 
0.7932300 
0.7943765 
0.8034419 
0.7980401 
0.8084148 
0.8020163 
0.8022527 
0.7905831 
0.7873310 
0.7945247 
0.7965884 
0.8000357 
0.8022808 
0.8161778 
0.8078607 
0.8044362 
0.8072804 
0.8049496 
0.8143165 
0.8107079 
0.7978326 
0.7912807 
0.7941058 
0.8039551 
0.8076001 
0.8156929 
0.8260107 
0.8083941 
0.8064289 
0.8020692 
0.7987065 
0.7970138 
0.7936830 
0.7871691 
0.7940067 
0.7973468 
0.7956802 
0.7986748 
0.7966539 
0.7959920 
0.7898603 
0.7935405 
0.7937599 
0.7906559 
0.7946962 
0.7982398 
0.8109273 
0.8088737 
0.8065640 
0.8090935 
0.8071562 
0.8032669 
0.7979649 
0.7919298 
0.7896794 
0.7852317 
0.7932263 
0.7912762 
0.7741093 
0.7808672 
0.7730731 
0.7665499 
0.7653946 
0.7693809 
0.7663577 
0.7695128 
0.7564835 
0.7623555 
0.7567773 
0.7619059 
0.7638126 
0.7641823 
0.7558397 
0.7599342 
0.7645851 
0.7730086 
0.7817794 
0.7713907 
0.7629628 
0.7616683 
0.7687212 
0.7653236 
0.7674287 
0.7621951 
0.7631894 
0.7753057 
0.7679025 
0.7597033 
0.7498331 
0.7520740 
0.7626712 
0.7563944 
0.7680999 
0.7717028 
0.7720042 
0.7739338 
0.7657308 
0.7664272 
0.7649970 
0.7730478 
0.7748840 
0.7704289 
0.7806090 
0.7770512 
0.7704100 
0.7657846 
0.7641600 
0.7611635 
0.7639325 
0.7638846 
0.7666011 
0.7491794 
0.7499065 
0.7462754 
0.7580363 
0.7546862 
0.7380941 
0.7266850 
0.7249930 
0.7339860 
0.7353086 
0.7374912 
0.7332732 
0.7395659 
0.7344858 
0.7388069 
0.7492424 
0.7530160 
0.7511604 
0.7505924 
0.7505195 
0.7549761 
0.7606959 
0.7571962 
0.7440610 
0.7439034 
0.7409413 
0.7529147 
0.7588703 
0.7591018 
0.7575117 
0.7604743 
0.7568118 
0.7540014 
0.7513666 
0.7569500 
0.7571403 
0.7415981 
0.7385056 
0.7307921 
0.7365757 
0.7447239 
0.7377237 
0.7416452 
0.7358248 
0.7240313 
0.7281503 
0.7340404 
0.7167092 
0.7150052 
0.7205586 
0.7193213 
0.7284833 
0.7369980 
0.7266018 
0.7261350 
0.7234186 
0.7226008 
0.7288126 
0.7261990 
0.7310209 
0.7172825 
0.7151811 
0.7288934 
0.7343934 
0.7280467 
0.7242903 
0.7339959 
0.7313562 
0.7267303 
0.7301019 
0.7276498 
0.7367328 
0.7276553 
0.7333692 
0.7374601 
0.7276359 
0.7264811 
0.7234453 
0.7166788 
0.7191862 
0.7126754 
0.7083755 
0.6958829 
0.7014512 
0.7019527 
0.6962350 
0.7002016 
0.7202722 
0.7230728 
0.7187178 
0.7294401 
0.7208673 
0.7168581 
0.7132902 
0.7130043 
0.7009714 
0.7000442 
0.6943092 
0.6927129 
0.6937547 
0.6838398 
0.6956075 
0.7049339 
0.7063610 
0.7034361 
0.6974508 
0.6778091 
0.6845216 
0.6799426 
0.6865022 
0.6810115 
0.6703407 
0.6790417 
0.6748008 
0.6571924 
0.6629794 
0.6637299 
0.6645339 
0.6645920 
0.6549249 
0.6601754 
0.6690121 
0.6564117 
0.6642400 
0.6603537 
0.6661277 
0.6586583 
0.6664508 
0.6786718 
0.6777568 
0.6767241 
0.6841017 
0.6832049 
0.6937770 
0.6859168 
0.6702079 
0.6713734 
0.6800356 
0.6862146 
0.6795524 
0.6790411 
0.6765513 
0.6882110 
0.6839990 
0.6865847 
0.6865476 
0.6998985 
0.6983507 
0.6811256 
0.6627318 
0.6678668 
0.6776320 
0.6758610 
0.6608080 
0.6571635 
0.6663715 
0.6648929 
0.6638331 
0.6608576 
0.6510243 
0.6640829 
0.6735621 
0.6667564 
0.6644834 
0.6533124 
0.6710552 
0.6919112 
0.6893293 
0.6892151 
0.6627191 
0.6656040 
0.6741290 
0.6832652 
0.6700668 
0.6567532 
0.6546269 
0.6531229 
0.6548955 
0.6526927 
0.6419588 
0.6416456 
0.6460835 
0.6573838 
0.6616809 
0.6426072 
0.6429771 
0.6440194 
0.6397426 
0.6361778 
0.6442029 
0.6332279 
0.6330006 
0.6350230 
0.6430995 
0.6331603 
0.6343395 
0.6348230 
0.6383748 
0.6470948 
0.6480723 
0.6298397 
0.6268692 
0.6388931 
0.6455714 
0.6423014 
0.6410541 
0.6282920 
0.6403323 
0.6419292 
0.6364963 
0.6363256 
0.6226778 
0.6159259 
0.6171129 
0.6285135 
0.6362673 
0.6277748 
0.6309259 
0.6236629 
0.6226991 
0.6303437 
0.6307209 
0.6346322 
0.6416761 
0.6314628 
0.6268767 
0.6153920 
0.6051425 
0.6087684 
0.6089988 
0.6191268 
0.6270905 
0.6337920 
0.6324571 
0.6144456 
0.6160171 
0.5963739 
0.5938701 
0.5856929 
0.5798798 
0.5774136 
0.5847800 
0.5864792 
0.5870779 
0.5917219 
0.5907365 
0.5943787 
0.5918338 
0.5980385 
0.5949350 
0.6026591 
0.5922787 
0.5823096 
0.5856676 
0.5857036 
0.5796387 
0.5793818 
0.5671957 
0.5671880 
0.5589773 
0.5658806 
0.5724624 
0.5745697 
0.5929503 
0.6024900 
0.5974035 
0.6036887 
0.6004966 
0.5933592 
0.5805602 
0.5881945 
0.5799756 
0.5740258 
0.5690182 
0.5683458 
0.5606476 
0.5703534 
0.5684515 
0.5680449 
0.5678825 
0.5805190 
0.5748440 
0.5598103 
0.5586518 
0.5626465 
0.5516618 
0.5612724 
0.5573011 
0.5355062 
0.5300011 
0.5516807 
0.5485929 
0.5439512 
0.5372510 
0.5435660 
0.5435351 
0.5396828 
0.5419736 
0.5453900 
0.5388465 
0.5403193 
0.5445145 
0.5412526 
0.5476473 
0.5617319 
0.5613513 
0.5670747 
0.5585626 
0.5525533 
0.5491244 
0.5483376 
0.5520567 
0.5490863 
0.5526974 
0.5481952 
0.5477376 
0.5370009 
0.5462101 
0.5403554 
0.5496761 
0.5523371 
0.5415108 
0.5423811 
0.5330778 
0.5388503 
0.5293864 
0.5270214 
0.5304780 
0.5180654 
0.5195444 
0.5220693 
0.5242197 
0.5171403 
0.5201475 
0.5152086 
0.5179222 
0.5121342 
0.5156203 
0.5318337 
0.5336895 
0.5320129 
0.5333633 
0.5338565 
0.5306818 
0.5214123 
0.5196995 
0.5235533 
0.5202874 
0.5276480 
0.5254795 
0.5153213 
0.5241089 
0.5171407 
0.5167449 
0.5238788 
0.5183251 
0.5222497 
0.5078446 
0.5044390 
0.5150643 
0.5176349 
0.5179275 
0.5196077 
0.5170781 
0.5199658 
0.5205981 
0.5232541 
0.5254513 
0.5094482 
0.5137126 
0.5144230 
0.5066177 
0.5027748 
0.5185827 
0.5223861 
0.5354885 
0.5300157 
0.5331920 
0.5317370 
0.5203677 
0.5180735 
0.5209761 
0.5121457 
0.5128921 
0.5180815 
0.5213588 
0.5040504 
0.5015780 
0.5015533 
0.5135038 
0.5101087 
0.5101972 
0.5027030 
0.4974630 
0.4861766 
0.4644540 
0.4715042 
0.4790634 
0.4864534 
0.4793845 
0.4817128 
0.4742474 
0.4710210 
0.4634939 
0.4677214 
0.4649398 
0.4689951 
0.4688116 
0.4615034 
0.4546513 
0.4468225 
0.4518750 
0.4662868 
0.4665588 
0.4633194 
0.4661162 
0.4650441 
0.4577057 
0.4460701 
0.4417709 
0.4486854 
0.4627781 
0.4668856 
0.4604452 
0.4656655 
0.4547032 
0.4430893 
0.4524462 
0.4576341 
0.4673386 
0.4736780 
0.4720323 
0.4591366 
0.4606556 
0.4533460 
0.4401058 
0.4422535 
0.4538312 
0.4723776 
0.4795791 
0.4847256 
0.4792628 
0.4565946 
0.4523906 
0.4435272 
0.4605488 
0.4648635 
0.4635456 
0.4850329 
0.4901479 
0.4753202 
0.4381146 
0.4262104 
0.4321259 
0.4514891 
0.4656012 
0.4803682 
0.5144084 
0.5041826 
0.4794026 
0.4455646 
0.4240122 
0.4302382 
0.4380275 
0.4493873 
0.4751135 
0.4961076 
0.4991504 
0.4782525 
0.4440482 
0.4213581 
0.4060205 
0.4062420 
0.4207330 
0.4291451 
0.4562552 
0.4822726 
0.4743445 
0.4622909 
0.4364626 
0.4340891 
0.4178727 
0.4250768 
0.4293038 
0.4397805 
0.4521550 
0.4651742 
0.4494681 
0.4359784 
0.4141503 
0.4125527 
0.4077959 
0.4097244 
0.4106404 
0.4263121 
0.4394033 
0.4398808 
0.4298558 
0.4206917 
0.4225148 
0.4140099 
0.4102065 
0.4067857 
0.4062158 
0.4061339 
0.4076989 
0.4024777 
0.3970018 
0.4034983 
0.4057062 
0.4000982 
0.3906762 
0.4027168 
0.3990459 
0.3968816 
0.3936774 
0.4080087 
0.4080680 
0.4100160 
0.4063275 
0.4056204 
0.4084541 
0.4003806 
0.4022875 
0.4015360 
0.3918491 
0.3875608 
0.3818245 
0.3542405 
0.3492297 
0.3368833 
0.3394124 
0.3539016 
0.3585075 
0.3706117 
0.3801900 
0.3780066 
0.3840952 
0.3762033 
0.3836059 
0.3701197 
0.3713608 
0.3640706 
0.3599357 
0.3557563 
0.3563806 
0.3564341 
0.3631141 
0.3645925 
0.3555925 
0.3462365 
0.3532926 
0.3483123 
0.3477796 
0.3373559 
0.3254666 
0.3321620 
0.3234561 
0.3305024 
0.3439639 
0.3455208 
0.3359579 
0.3340622 
0.3302715 
0.3353653 
0.3391280 
0.3404088 
0.3481064 
0.3475286 
0.3445210 
0.3419618 
0.3424028 
0.3390826 
0.3420177 
0.3380716 
0.3374889 
0.3425985 
0.3368057 
0.3342844 
0.3345860 
0.3427417 
0.3449087 
0.3554344 
0.3708155 
0.3436448 
0.3406036 
0.3465288 
0.3337446 
0.3253844 
0.3239864 
0.3339890 
0.3334739 
0.3338868 
0.3345466 
0.3302884 
0.3296424 
0.3278271 
0.3256786 
0.3252704 
0.3148589 
0.3133803 
0.3253461 
0.3260176 
0.3274154 
0.3332383 
0.3322993 
0.3273149 
0.3154268 
0.3194833 
0.3184330 
0.3177180 
0.3134691 
0.3144762 
0.3198342 
0.3205951 
0.3138322 
0.3101956 
0.3064870 
0.3119479 
0.3060779 
0.3041753 
0.3017561 
0.2995410 
0.3015227 
0.3045019 
0.3101316 
0.2937768 
0.2883956 
0.2886686 
0.2982633 
0.2965838 
0.2924563 
0.2859584 
0.2899529 
0.2864750 
0.2783622 
0.2781870 
0.2693330 
0.2693617 
0.2758871 
0.2755250 
0.2655919 
0.2624340 
0.2565355 
0.2561224 
0.2504518 
0.2540358 
0.2586334 
0.2624477 
0.2545087 
0.2553266 
0.2638630 
0.2729630 
0.2723081 
0.2709962 
0.2770260 
0.2691280 
0.2537347 
0.2537883 
0.2561441 
0.2595809 
0.2440960 
0.2503145 
0.2555825 
0.2562676 
0.2550320 
0.2468255 
0.2461167 
0.2475328 
0.2426086 
0.2329495 
0.2345072 
0.2400688 
0.2401680 
0.2369909 
0.2302891 
0.2332088 
0.2406536 
0.2387886 
0.2249171 
0.2214441 
0.2160487 
0.2165674 
0.2120324 
0.2099241 
0.2198569 
0.2173274 
0.2113100 
0.2170009 
0.2203793 
0.2271910 
0.2214626 
0.2174709 
0.2260438 
0.2276442 
0.2244434 
0.2294233 
0.2234719 
0.2272852 
0.2045818 
0.2038183 
0.2110759 
0.2108158 
0.2120979 
0.2054541 
0.2065841 
0.2130991 
0.2094593 
0.2117731 
0.2092628 
0.2088859 
0.2106916 
0.2018883 
0.2074756 
0.2069620 
0.2035511 
0.2035433 
0.2017981 
0.2051394 
0.2150032 
0.2052070 
0.2016380 
0.2087220 
0.2129477 
0.2087230 
0.2143305 
0.2220688 
0.2137616 
0.2145519 
0.2095891 
0.1983937 
0.1963146 
0.2060437 
0.2073344 
0.2071218 
0.2126926 
0.2040373 
0.2061198 
0.2037558 
0.2022893 
0.2132093 
0.2142266 
0.2162857 
0.2089700 
0.2046448 
0.2003378 
0.1977813 
0.1870466 
0.1893154 
0.1966484 
0.1965282 
0.2001654 
0.1776386 
0.1706611 
0.1659747 
0.1713395 
0.1777519 
0.1729134 
0.1765218 
0.1722216 
0.1841368 
0.1917836 
0.1852865 
0.1823246 
0.1767430 
0.1759781 
0.1774709 
0.1806710 
0.1816243 
0.1761365 
0.1659837 
0.1668424 
0.1736748 
0.1801034 
0.1737889 
0.1645432 
0.1744356 
0.1807660 
0.1862834 
0.1847541 
0.1841899 
0.1714350 
0.1728915 
0.1670993 
0.1713783 
0.1812301 
0.1865730 
0.1792812 
0.1672165 
0.1609571 
0.1630997 
0.1673125 
0.1822793 
0.1746790 
0.1623637 
0.1587949 
0.1553721 
0.1574124 
0.1592570 
0.1627133 
0.1576041 
0.1540314 
0.1514850 
0.1525489 
0.1525124 
0.1547946 
0.1666323 
0.1635627 
0.1544803 
0.1409558 
0.1169950 
0.1154381 
0.1300946 
0.1498710 
0.1636234 
0.1609674 
0.1603280 
0.1501361 
0.1347934 
0.1437584 
0.1639033 
0.1634677 
0.1607818 
0.1513582 
0.1465263 
0.1406338 
0.1420687 
0.1546909 
0.1834267 
0.1774893 
0.1799695 
0.1727921 
0.1641746 
0.1509086 
0.1570430 
0.1674356 
0.1671490 
0.1644461 
0.1668853 
0.1667591 
0.1534639 
0.1412546 
0.1456780 
0.1543387 
0.1549164 
0.1660002 
0.1613910 
0.1533444 
0.1437753 
0.1384994 
0.1360061 
0.1350758 
0.1439539 
0.1406978 
0.1373577 
0.1365294 
0.1318345 
0.1295182 
0.1352573 
0.1381290 
0.1227924 
0.1159373 
0.1068448 
0.1043533 
0.1080426 
0.1050064 
0.1012068 
0.1033519 
0.1075328 
0.1173782 
0.1194585 
0.1015905 
0.0960716 
0.0968391 
0.0912973 
0.0853216 
0.0818373 
0.0828819 
0.0841717 
0.0822653 
0.0848966 
0.0826185 
0.0782765 
0.0748372 
0.0735366 
0.0754693 
0.0715399 
0.0683836 
0.0731566 
0.0683875 
0.0652689 
0.0677623 
0.0676961 
0.0642866 
0.0658054 
0.0701122 
0.0671165 
0.0688513 
0.0744684 
0.0717498 
0.0819153 
0.0642002 
0.0669599 
0.0570534 
0.0764727 
0.0796975 
0.0825512 
0.0784458 
0.0810478 
0.0747117 
0.0744799 
0.0722373 
0.0753258 
0.0772629 
0.0759325 
0.0697985 
0.0674893 
0.0646231 
0.0633119 
0.0593632 
0.0598538 
0.0596298 
0.0614482 
0.0647904 
0.0564886 
0.0684170 
0.0662574 
0.0614091 
0.0658208 
0.0607765 
0.0649175 
0.0583203 
0.0552750 
0.0560976 
0.0572237 
0.0548425 
0.0633111 
0.0615238 
0.0539467 
0.0546685 
0.0599084 
0.0593204 
0.0573429 
0.0628992 
0.0597040 
0.0546633 
0.0516408 
0.0502777 
0.0482904 
0.0434679 
0.0406369 
0.0403240 
0.0373810 
0.0332915 
0.0332971 
0.0320540 
0.0395935 
0.0424752 
0.0444884 
0.0408813 
0.0419578 
0.0423289 
0.0373871 
0.0408874 
0.0381040 
0.0447073 
0.0430304 
0.0445622 
0.0429166 
0.0330589 
0.0330484 
0.0348324 
0.0438745 
0.0436828 
0.0460295 
0.0450425 
0.0430377 
0.0416070 
0.0452613 
0.0415668 
0.0423531 
0.0510809 
0.0490017 
0.0576487 
0.0573709 
0.0598174 
0.0547628 
0.0523622 
0.0485435 
0.0442429 
0.0402981 
0.0371478 
0.0315623 
0.0214968 
0.0159608 
0.0210452 
0.0248204 
0.0316845 
0.0276616 
0.0270530 
0.0240111 
0.0242363 
0.0153809 
0.0218206 
0.0161848 
0.0178780 
0.0151164 
0.0082153 
0.0072290 
0.0101070 
0.0000000 
0.0135812 
