0.0001970 
0.0001217 
0.0000993 
-0.2364215 
-0.2557210 
0.2241255 
0.0180803 
0.0329730 
0.0292382 
0.0206715 
0.0353347 
0.0335173 
0.0374797 
0.0451333 
0.0328562 
0.0305375 
0.0405062 
0.0369695 
0.0289840 
0.0318000 
0.0301649 
0.0265623 
0.0334968 
0.0350262 
0.0375112 
0.0356879 
0.0354510 
0.0296113 
0.0268832 
0.0246360 
0.0319652 
0.0362194 
0.0295603 
0.0417673 
0.0363205 
0.0525161 
0.0361707 
0.0482016 
0.0288100 
0.0268490 
0.0210763 
0.0314942 
0.0402075 
0.0324960 
0.0247188 
0.0307319 
0.0322229 
0.0529863 
0.0525911 
0.0284561 
0.0000000 
0.0223677 
0.0170037 
0.0336238 
0.0499266 
0.0345150 
0.0333999 
0.0511676 
0.0429945 
0.0416759 
0.0425579 
0.0375098 
0.0441947 
0.0430333 
0.0503248 
0.0428759 
0.0489980 
0.0430242 
0.0491049 
0.0520521 
0.0521019 
0.0549800 
0.0547286 
0.0529174 
0.0589856 
0.0625564 
0.0671821 
0.0579838 
0.0627790 
0.0595094 
0.0656118 
0.0661183 
0.0746326 
0.0811992 
0.0677740 
0.0796170 
0.0786310 
0.0883461 
0.0838999 
0.0757300 
0.0848842 
0.0860971 
0.0916642 
0.0880075 
0.1011494 
0.1074635 
0.1098027 
0.1144980 
0.1134070 
0.1169511 
0.1187741 
0.1154881 
0.1208489 
0.1213589 
0.0998255 
0.1041538 
0.1079361 
0.1285600 
0.1408815 
0.1333289 
0.1327236 
0.1337853 
0.1390605 
0.1405396 
0.1279918 
0.1368937 
0.1430144 
0.1410179 
0.1394719 
0.1379297 
0.1518079 
0.1492620 
0.1517898 
0.1461333 
0.1462070 
0.1517449 
0.1617956 
0.1603573 
0.1588929 
0.1646158 
0.1585385 
0.1693149 
0.1627612 
0.1507933 
0.1524739 
0.1542709 
0.1613363 
0.1590450 
0.1719417 
0.1826836 
0.1832655 
0.1835918 
0.1916510 
0.1905614 
0.1770066 
0.1884136 
0.1937519 
0.2010545 
0.2045789 
0.1992817 
0.2045993 
0.1957859 
0.2068352 
0.1977541 
0.2042032 
0.2019219 
0.2083566 
0.2104284 
0.2107505 
0.2175704 
0.2106126 
0.2241806 
0.2234694 
0.2190415 
0.2297351 
0.2353838 
0.2439872 
0.2452506 
0.2330071 
0.2321135 
0.2548592 
0.2507839 
0.2503662 
0.2570608 
0.2484894 
0.2447097 
0.2468886 
0.2509513 
0.2595395 
0.2646599 
0.2558529 
0.2644895 
0.2590798 
0.2675647 
0.2641156 
0.2595628 
0.2712506 
0.2811650 
0.2771355 
0.2734492 
0.2718830 
0.2710702 
0.2664642 
0.2712608 
0.2656502 
0.2781561 
0.2857577 
0.2741994 
0.2768102 
0.2846182 
0.2876626 
0.2896031 
0.2912190 
0.2913129 
0.3012245 
0.3075033 
0.3090349 
0.3043939 
0.2966271 
0.3022519 
0.3113664 
0.3013684 
0.2972495 
0.2949600 
0.2903080 
0.2965392 
0.2948962 
0.2837338 
0.2840175 
0.2894073 
0.2914335 
0.3021725 
0.3028923 
0.2942887 
0.2900383 
0.2996504 
0.3090366 
0.3064771 
0.3068117 
0.3019856 
0.3079132 
0.3124302 
0.3127212 
0.3067798 
0.3182412 
0.3205031 
0.3255451 
0.3219716 
0.3269106 
0.3250838 
0.3316474 
0.3479463 
0.3477558 
0.3508611 
0.3525730 
0.3557351 
0.3441130 
0.3479104 
0.3553568 
0.3553906 
0.3380700 
0.3184651 
0.3271084 
0.3113827 
0.3227131 
0.3217495 
0.3114600 
0.3218045 
0.3188043 
0.3323741 
0.3419781 
0.3473059 
0.3487164 
0.3402103 
0.3544128 
0.3537833 
0.3594771 
0.3747808 
0.3637327 
0.3725339 
0.3670521 
0.3622048 
0.3598888 
0.3552805 
0.3696395 
0.3731431 
0.3644204 
0.3694442 
0.3846096 
0.3861859 
0.3973796 
0.4125641 
0.4051403 
0.4017964 
0.4177980 
0.4066793 
0.3964011 
0.3987894 
0.4018773 
0.4040470 
0.4099819 
0.3977818 
0.3775060 
0.3934484 
0.3859531 
0.3732863 
0.3725276 
0.3975956 
0.3822316 
0.3557873 
0.3762328 
0.4134744 
0.3863947 
0.3710502 
0.3852418 
0.3843881 
0.3953340 
0.4033165 
0.4164945 
0.4227822 
0.4417168 
0.4245139 
0.4276406 
0.4363522 
0.4158793 
0.3978447 
0.3996840 
0.3901861 
0.3984511 
0.3945966 
0.3950170 
0.3981698 
0.3626477 
0.3621448 
0.3583587 
0.3655798 
0.3647328 
0.3766452 
0.3693473 
0.3815895 
0.3851823 
0.4183215 
0.4516679 
0.4565738 
0.4542213 
0.4387202 
0.4385434 
0.4264919 
0.4328750 
0.4363143 
0.4486389 
0.4507135 
0.4550712 
0.4647122 
0.4748038 
0.4738641 
0.4618079 
0.4530200 
0.4481318 
0.4575356 
0.4578662 
0.4563429 
0.4524956 
0.4441972 
0.4302376 
0.4384472 
0.4270471 
0.4211694 
0.4152931 
0.4185243 
0.4183550 
0.4343821 
0.4362397 
0.4253925 
0.4336028 
0.4416287 
0.4541479 
0.4708858 
0.4679053 
0.4650423 
0.4680931 
0.4627183 
0.4542094 
0.4594021 
0.4667529 
0.4734479 
0.4718899 
0.4803682 
0.4839279 
0.4808809 
0.4902856 
0.4879930 
0.4893003 
0.4977356 
0.4987089 
0.4992076 
0.4849027 
0.4806697 
0.4866672 
0.4910613 
0.4875260 
0.4875165 
0.4929648 
0.4876976 
0.4841258 
0.4813922 
0.4805842 
0.4802067 
0.4794342 
0.4860749 
0.4858383 
0.4853882 
0.4990224 
0.5115023 
0.5005630 
0.4973669 
0.5010416 
0.4994384 
0.4934043 
0.4881262 
0.4857371 
0.4936771 
0.4895195 
0.4768615 
0.4721395 
0.4702303 
0.4849421 
0.4778668 
0.4822612 
0.4777978 
0.4785035 
0.4869410 
0.4957869 
0.4962163 
0.4960304 
0.4862148 
0.4937146 
0.4956445 
0.4919070 
0.5061176 
0.5125120 
0.5108893 
0.5258071 
0.5243858 
0.5299900 
0.5451882 
0.5504037 
0.5603618 
0.5554484 
0.5572125 
0.5527834 
0.5544898 
0.5532722 
0.5468716 
0.5551375 
0.5423612 
0.5397784 
0.5412125 
0.5463356 
0.5430238 
0.5406216 
0.5393223 
0.5424070 
0.5315546 
0.5359942 
0.5335533 
0.5349953 
0.5336913 
0.5349502 
0.5290239 
0.5395500 
0.5310568 
0.5283269 
0.5402139 
0.5354799 
0.5356239 
0.5383683 
0.5473306 
0.5307452 
0.5489502 
0.5527741 
0.5528406 
0.5486234 
0.5474624 
0.5426026 
0.5389613 
0.5303885 
0.5368295 
0.5262918 
0.5432544 
0.5427828 
0.5427189 
0.5369875 
0.5341504 
0.5408981 
0.5367468 
0.5388038 
0.5525881 
0.5601171 
0.5563967 
0.5635622 
0.5733235 
0.5719138 
0.5628212 
0.5670119 
0.5690015 
0.5686794 
0.5659446 
0.5746456 
0.5728499 
0.5653800 
0.5737086 
0.5724415 
0.5716395 
0.5753688 
0.5700456 
0.5659274 
0.5604607 
0.5571198 
0.5511621 
0.5488232 
0.5511113 
0.5358400 
0.5359644 
0.5475919 
0.5383044 
0.5470563 
0.5581814 
0.5532182 
0.5509674 
0.5521191 
0.5657455 
0.5555177 
0.5309242 
0.5365167 
0.5502739 
0.5596163 
0.5621600 
0.5579893 
0.5679554 
0.5731914 
0.5565278 
0.5688176 
0.5690807 
0.5622575 
0.5565667 
0.5634915 
0.5709894 
0.5640854 
0.5635207 
0.5631675 
0.5648878 
0.5636198 
0.5601620 
0.5687870 
0.5594239 
0.5651808 
0.5629645 
0.5705922 
0.5737597 
0.5877616 
0.5821848 
0.5892908 
0.5858936 
0.5913023 
0.5791065 
0.5863074 
0.5751948 
0.5823589 
0.5883857 
0.5850127 
0.5820144 
0.5806710 
0.5806527 
0.5793535 
0.5845269 
0.5783260 
0.5729913 
0.5514457 
0.5569245 
0.5638890 
0.5758158 
0.5810358 
0.5724562 
0.5593196 
0.5593189 
0.5721093 
0.5620160 
0.5654745 
0.5494791 
0.5711993 
0.5587825 
0.5480144 
0.5524439 
0.5575636 
0.5578749 
0.5471579 
0.5443606 
0.5589918 
0.5679358 
0.5548951 
0.5628363 
0.5588211 
0.5674168 
0.5589778 
0.5577290 
0.5589025 
0.5625069 
0.5627869 
0.5608265 
0.5610709 
0.5582656 
0.5573086 
0.5602211 
0.5555556 
0.5500115 
0.5581183 
0.5667310 
0.5605232 
0.5689160 
0.5451969 
0.5614129 
0.5519340 
0.5564913 
0.5409250 
0.5298390 
0.5417583 
0.5329400 
0.5314270 
0.5349178 
0.5335608 
0.5300599 
0.5284913 
0.5384161 
0.5428363 
0.5313468 
0.5349145 
0.5386809 
0.5528868 
0.5605987 
0.5546396 
0.5478022 
0.5436763 
0.5486913 
0.5555381 
0.5408113 
0.5482761 
0.5422679 
0.5441639 
0.5455482 
0.5612554 
0.5486251 
0.5476201 
0.5628517 
0.5392956 
0.5394345 
0.5545681 
0.5384293 
0.5170872 
0.5140034 
0.5334353 
0.5185696 
0.5271223 
0.5454247 
0.5461482 
0.5403776 
0.5361588 
0.5370048 
0.5394877 
0.5333345 
0.5314903 
0.5361462 
0.5217276 
0.5319518 
0.5223696 
0.5089358 
0.5206165 
0.5156309 
0.5226207 
0.5157403 
0.5295403 
0.5258952 
0.5368207 
0.5361233 
0.5427801 
0.5387880 
0.5248321 
0.5330076 
0.5376199 
0.5369274 
0.5364527 
0.5230556 
0.5426410 
0.5323871 
0.5194195 
0.5391576 
0.5181709 
0.5249210 
0.5379174 
0.5174570 
0.5230301 
0.5294971 
0.5166988 
0.5107131 
0.5203323 
0.5088230 
0.5237391 
0.5357741 
0.5256638 
0.5268984 
0.5232832 
0.5078541 
0.5071675 
0.5235127 
0.5136122 
0.5155670 
0.5085481 
0.5049434 
0.5173557 
0.4943750 
0.4967601 
0.5028026 
0.5182689 
0.4972102 
0.5110810 
0.5074182 
0.5140223 
0.5141263 
0.5231477 
0.5251559 
0.5220761 
0.5174269 
0.5153887 
0.5193586 
0.5233937 
0.5119185 
0.4995368 
0.5088174 
0.5183659 
0.5282677 
0.5241912 
0.5292431 
0.5436066 
0.5440967 
0.5401617 
0.5330599 
0.5370925 
0.5512791 
0.5454128 
0.5454833 
0.5451668 
0.5542147 
0.5360672 
0.5468889 
0.5391781 
0.5364636 
0.5481876 
0.5466055 
0.5576257 
0.5591279 
0.5532496 
0.5598260 
0.5435010 
0.5536678 
0.5519518 
0.5706505 
0.5722887 
0.5632656 
0.5665714 
0.5848411 
0.5893354 
0.5958829 
0.6031235 
0.6193137 
0.6181817 
0.6120864 
0.6074220 
0.6155803 
0.6091693 
0.6145976 
0.6180134 
0.6322107 
0.6194369 
0.6159068 
0.6340390 
0.6173330 
0.6245614 
0.6310822 
0.6316731 
0.6330728 
0.6215682 
0.6149326 
0.6171577 
0.6118228 
0.6104190 
0.6242127 
0.6201475 
0.6189210 
0.6319235 
0.6349983 
0.6271564 
0.6286085 
0.6289924 
0.6309395 
0.6347388 
0.6423497 
0.6378903 
0.6924454 
0.7008844 
0.6840467 
0.6751815 
0.6592191 
0.6536855 
0.6603490 
0.6748414 
0.6650568 
0.6904897 
0.6900597 
0.6795253 
0.6648857 
0.6678454 
0.6520377 
0.6666680 
0.6684087 
0.6715017 
0.6843793 
0.6778580 
0.6826527 
0.6786472 
0.6791145 
0.6809964 
0.6840351 
0.6952624 
0.7016733 
0.7055451 
0.7137994 
0.7211053 
0.7310405 
0.7195745 
0.7374766 
0.7233264 
0.7347053 
0.7331841 
0.7342445 
0.7416636 
0.7294486 
0.7326821 
0.7488526 
0.7345326 
0.7425154 
0.7344576 
0.7386637 
0.7399911 
0.7398205 
0.7595942 
0.7682083 
0.7659018 
0.7604467 
0.7628473 
0.7534655 
0.7473216 
0.7470334 
0.7490184 
0.7689012 
0.7729164 
0.7700252 
0.7555377 
0.7515539 
0.7697378 
0.7714398 
0.7733628 
0.7742366 
0.7813617 
0.7848051 
0.7837393 
0.7933707 
0.7955490 
0.7886435 
0.7814055 
0.7890239 
0.7921105 
0.7929727 
0.7874701 
0.7907809 
0.7894568 
0.7795052 
0.7830040 
0.7887156 
0.7842844 
0.8012941 
0.8085005 
0.8134671 
0.8000528 
0.8063322 
0.8056227 
0.8062463 
0.8162739 
0.8165313 
0.8091994 
0.8076264 
0.8071156 
0.8107434 
0.8124773 
0.8128849 
0.8214851 
0.8198240 
0.8139867 
0.8142830 
0.8210229 
0.8363472 
0.8165276 
0.8229900 
0.8241369 
0.8425958 
0.8437774 
0.8341161 
0.8299485 
0.8323718 
0.8460609 
0.8416302 
0.8373339 
0.8350981 
0.8401671 
0.8445034 
0.8478869 
0.8404918 
0.8498947 
0.8469598 
0.8384079 
0.8473765 
0.8471434 
0.8473958 
0.8453234 
0.8476449 
0.8492747 
0.8502788 
0.8537860 
0.8668919 
0.8649329 
0.8493389 
0.8441061 
0.8601677 
0.8701833 
0.8733499 
0.8741212 
0.8659642 
0.8451378 
0.8561329 
0.8515548 
0.8617117 
0.8571360 
0.8669752 
0.8629711 
0.8676194 
0.8610734 
0.8717853 
0.8683769 
0.8752712 
0.8810845 
0.8753269 
0.8709915 
0.8950036 
0.8748235 
0.8776731 
0.8720755 
0.8686831 
0.8688827 
0.8915333 
0.8736638 
0.8682004 
0.8704236 
0.8790865 
0.8897411 
0.8983896 
0.8877299 
0.8901108 
0.9064720 
0.9104964 
0.9174026 
0.9107771 
0.9078803 
0.9030194 
0.8947137 
0.9004958 
0.9186397 
0.9131754 
0.8996959 
0.8997660 
0.8841143 
0.9049925 
0.8984596 
0.9157126 
0.9134169 
0.9114953 
0.9003972 
0.9069815 
0.9071763 
0.9153863 
0.9102062 
0.9140802 
0.9093877 
0.9220600 
0.9292552 
0.9067412 
0.9097963 
0.9097751 
0.9227792 
0.9286981 
0.9389413 
0.9275030 
0.9216684 
0.9058356 
0.8986388 
0.9067273 
0.9118184 
0.9196362 
0.9158014 
0.9093111 
0.9213592 
0.9144149 
0.9068038 
0.9108389 
0.9119845 
0.9216607 
0.9203789 
0.9246651 
0.9246753 
0.9188951 
0.9099343 
0.9168865 
0.9151058 
0.9106849 
0.9137838 
0.9119928 
0.9115241 
0.9224229 
0.9283276 
0.9191208 
0.9262657 
0.9354452 
0.9375053 
0.9264058 
0.9313285 
0.9169981 
0.9159206 
0.9236936 
0.9401122 
0.9349854 
0.9266750 
0.9402226 
0.9308857 
0.9256197 
0.9335697 
0.9338272 
0.9056627 
0.9053398 
0.9265564 
0.9275557 
0.9281649 
0.9295420 
0.9289487 
0.9269171 
0.9292560 
0.9257131 
0.9353932 
0.9418061 
0.9561364 
0.9594996 
0.9595712 
0.9585575 
0.9555196 
0.9529489 
0.9451768 
0.9464428 
0.9491946 
0.9495473 
0.9702373 
0.9635535 
0.9533861 
0.9631540 
0.9591858 
0.9528728 
0.9633037 
0.9628371 
0.9547688 
0.9610633 
0.9685856 
0.9677858 
0.9665517 
0.9640201 
0.9662423 
0.9645666 
0.9576655 
0.9571769 
0.9622685 
0.9381161 
0.9537310 
0.9584515 
0.9528209 
0.9489621 
0.9497762 
0.9490745 
0.9559776 
0.9590384 
0.9696213 
0.9703372 
0.9659821 
0.9622451 
0.9677807 
0.9650751 
0.9678204 
0.9541120 
0.9492677 
0.9496562 
0.9587836 
0.9584832 
0.9591941 
0.9561705 
0.9616269 
0.9607980 
0.9583736 
0.9635233 
0.9646500 
0.9569942 
0.9673568 
0.9669944 
0.9670076 
0.9516191 
0.9505524 
0.9391918 
0.9387890 
0.9611137 
0.9581590 
0.9649083 
0.9751223 
0.9674894 
0.9534707 
0.9666638 
0.9591611 
0.9759145 
0.9850692 
1.0000000 
0.9766785 
0.9856545 
0.9653426 
0.9668520 
0.9588981 
0.9630845 
0.9697456 
0.9790028 
0.9652315 
0.9695245 
0.9697338 
0.9656416 
0.9652799 
0.9733702 
0.9776086 
0.9888072 
0.9884240 
0.9861208 
0.9980195 
0.9785723 
0.9823597 
0.9693169 
0.9692820 
0.9750034 
0.9731000 
0.9670022 
0.9583225 
0.9598309 
0.9671498 
0.9632690 
0.9701081 
0.9722689 
0.9677755 
0.9579709 
0.9680243 
0.9654160 
0.9611042 
0.9621000 
0.9595712 
0.9634775 
0.9694090 
0.9637512 
0.9739928 
0.9752690 
0.9749976 
0.9631388 
0.9641630 
0.9655475 
0.9774404 
0.9701479 
0.9714973 
0.9626470 
0.9580579 
0.9549242 
0.9580448 
0.9501729 
0.9465734 
0.9465852 
0.9396486 
0.9399952 
0.9393530 
0.9469012 
0.9415697 
0.9431036 
0.9412472 
0.9360225 
0.9635999 
0.9774378 
0.9796621 
0.9936628 
0.9816317 
0.9643764 
0.9594419 
0.9483686 
0.9555338 
0.9549397 
0.9525607 
0.9498206 
0.9509324 
0.9497401 
0.9439912 
0.9402505 
0.9515320 
0.9473204 
0.9474487 
0.9504746 
0.9599020 
0.9662842 
0.9618594 
0.9563903 
0.9475309 
0.9536923 
0.9468101 
0.9417014 
0.9394591 
0.9449810 
0.9588453 
0.9541764 
0.9496635 
0.9539931 
0.9530749 
0.9564825 
0.9634722 
0.9629325 
0.9576809 
0.9513544 
0.9580623 
0.9595299 
0.9631088 
0.9682423 
0.9575715 
0.9548496 
0.9548848 
0.9655307 
0.9558722 
0.9478217 
0.9432740 
0.9462432 
0.9566808 
0.9574607 
0.9583615 
0.9493317 
0.9529089 
0.9560132 
0.9441108 
0.9494922 
0.9521713 
0.9437552 
0.9534144 
0.9728208 
0.9642899 
0.9635399 
0.9802838 
0.9542401 
0.9453814 
0.9472907 
0.9392022 
0.9714645 
0.9846360 
0.9359372 
0.9283735 
0.9375260 
0.9376641 
0.9420971 
0.9523460 
0.9313104 
0.9292790 
0.9330463 
0.9244984 
0.9473431 
0.9536341 
0.9378402 
0.9292897 
0.9370925 
0.9264508 
0.9255262 
0.9381640 
0.9305464 
0.9324171 
0.9442928 
0.9411029 
0.9313317 
0.9401831 
0.9456270 
0.9280239 
0.9285693 
0.9302887 
0.9318595 
0.9293186 
0.9235354 
0.9227799 
0.9326839 
0.9350076 
0.9305347 
0.9353059 
0.9278746 
0.9204985 
0.9371780 
0.9140093 
0.9183209 
0.9195353 
0.9164310 
0.9179320 
0.9261723 
0.9088821 
0.9231246 
0.9340592 
0.9281157 
0.9373770 
0.9260958 
0.9152893 
0.9111890 
0.9166526 
0.9043776 
0.9144199 
0.9082306 
0.9084520 
0.8936347 
0.8970589 
0.8859722 
0.8902372 
0.9081775 
0.9050288 
0.9064159 
0.9036128 
0.9066281 
0.8826951 
0.8845734 
0.8934905 
0.8922378 
0.8893013 
0.8849499 
0.8816599 
0.8884078 
0.8864633 
0.8997751 
0.9006769 
0.9017128 
0.8882720 
0.8955494 
0.9041844 
0.8999101 
0.8853016 
0.8831838 
0.8957779 
0.9091130 
0.9013026 
0.9067004 
0.9105961 
0.9027538 
0.9015920 
0.8971735 
0.8955804 
0.8784936 
0.8852140 
0.8887073 
0.8921610 
0.8894397 
0.8871425 
0.8929049 
0.8958126 
0.8932094 
0.8989413 
0.9042619 
0.9015996 
0.8951106 
0.9062582 
0.9034347 
0.8981106 
0.8995885 
0.9022034 
0.9050189 
0.9055658 
0.9039138 
0.8990844 
0.8996158 
0.9188862 
0.8968258 
0.8954454 
0.9118705 
0.9045986 
0.8962239 
0.9044946 
0.9117516 
0.9021589 
0.9002201 
0.9052296 
0.8957222 
0.9128755 
0.9183143 
0.9241085 
0.9284527 
0.9312236 
0.9518646 
0.9524568 
0.9376918 
0.9357921 
0.9330897 
0.9202710 
0.9102233 
0.9000991 
0.9052455 
0.9073159 
0.8986382 
0.8987120 
0.8956546 
0.8892243 
0.8940477 
0.9087770 
0.9137097 
0.8897836 
0.8831382 
0.8809922 
0.8908274 
0.8963714 
0.9038360 
0.9030030 
0.8991305 
0.9046821 
0.9066306 
0.8975644 
0.8898106 
0.8852922 
0.8952433 
0.9011371 
0.8943639 
0.8869263 
0.9043408 
0.9002836 
0.9043681 
0.8862370 
0.8743334 
0.8836251 
0.8858896 
0.8801875 
0.8717627 
0.8889348 
0.8928644 
0.9010568 
0.8881657 
0.8700366 
0.8819350 
0.8729427 
0.8713260 
0.8749086 
0.8864769 
0.8998709 
0.8917878 
0.8879385 
0.8859999 
0.8845994 
0.8904218 
0.8802805 
0.8803495 
0.8758442 
0.8779883 
0.8802381 
0.8911389 
0.8900185 
0.8774232 
0.8897699 
0.8907539 
0.8977584 
0.8883432 
0.8939638 
0.8929358 
0.8929865 
0.8805332 
0.8800474 
0.8923186 
0.8912249 
0.8985273 
0.8939416 
0.8923997 
0.8896367 
0.8928339 
0.8894478 
0.8849409 
0.8899246 
0.8842931 
0.8853573 
0.8738950 
0.8635779 
0.8640667 
0.8617914 
0.8635897 
0.8673218 
0.8833460 
0.8746667 
0.8694193 
0.8655044 
0.8550617 
0.8569071 
0.8547430 
0.8659655 
0.8708712 
0.8685945 
0.8657510 
0.8727744 
0.8778778 
0.8772277 
0.8747429 
0.8738300 
0.8825532 
0.8763324 
0.8774602 
0.8795584 
0.8800960 
0.8743756 
0.8792039 
0.8709028 
0.8667242 
0.8681225 
0.8661324 
0.8687408 
0.8684816 
0.8595534 
0.8845786 
0.8815386 
0.8798208 
0.8804102 
0.8781840 
0.8795474 
0.8801257 
0.8773187 
0.8688468 
0.8652999 
0.8676736 
0.8739852 
0.8730709 
0.8721796 
0.8799095 
0.8741492 
0.8780564 
0.8787552 
0.8876263 
0.8830313 
0.8800981 
0.8751665 
0.8545129 
0.8544704 
0.8506148 
0.8534844 
0.8515191 
0.8584497 
0.8531412 
0.8576131 
0.8612672 
0.8564024 
0.8592943 
0.8567975 
0.8560007 
0.8629844 
0.8540120 
0.8632692 
0.8561212 
0.8563521 
0.8690626 
0.8655512 
0.8586472 
0.8626516 
0.8617587 
0.8556941 
0.8541261 
0.8412159 
0.8502828 
0.8448915 
0.8466538 
0.8458700 
0.8554709 
0.8509316 
0.8402914 
0.8445803 
0.8465562 
0.8507460 
0.8432804 
0.8424008 
0.8467729 
0.8448140 
0.8482900 
0.8394656 
0.8345101 
0.8401488 
0.8431419 
0.8437535 
0.8389400 
0.8440977 
0.8408669 
0.8358639 
0.8451859 
0.8326924 
0.8456264 
0.8471806 
0.8300048 
0.8242299 
0.8263785 
0.8272768 
0.8293993 
0.8299731 
0.8248128 
0.8225170 
0.8307193 
0.8233896 
0.8039952 
0.8180395 
0.8191692 
0.8189359 
0.8189201 
0.8170556 
0.8200055 
0.8302509 
0.8128147 
0.8128888 
0.8136290 
0.7986292 
0.8380995 
0.8257657 
0.8216951 
0.8316068 
0.8245275 
0.8318062 
0.8354325 
0.8239277 
0.8309446 
0.8342660 
0.8246991 
0.8279637 
0.8189619 
0.8261230 
0.8379531 
0.8205415 
0.8197438 
0.8213430 
0.8197895 
0.8188585 
0.8198136 
0.8158496 
0.8048804 
0.8081852 
0.8140001 
0.8046654 
0.8004440 
0.8012009 
0.7979671 
0.8037977 
0.8035803 
0.8192202 
0.8077139 
0.8046580 
0.8056120 
0.8057950 
0.8080624 
0.8064667 
0.7963963 
0.7968078 
0.7852926 
0.7877440 
0.7978821 
0.7934157 
0.7903755 
0.7873549 
0.7909553 
0.7993584 
0.8047108 
0.7945134 
0.7974020 
0.8054376 
0.7990997 
0.7911880 
0.7963918 
0.7987089 
0.8020218 
0.8019575 
0.8060869 
0.8096554 
0.8147720 
0.8160379 
0.8049913 
0.8078065 
0.8073849 
0.8105292 
0.8202477 
0.8246854 
0.8167516 
0.8142687 
0.8107804 
0.8122010 
0.8111508 
0.8119076 
0.8116238 
0.8140292 
0.7992070 
0.8027737 
0.8092358 
0.8086715 
0.8036706 
0.8028723 
0.7914199 
0.7875255 
0.7848528 
0.7846349 
0.7855731 
0.7943843 
0.7910149 
0.7842283 
0.7752140 
0.7779053 
0.7861302 
0.7896055 
0.7869402 
0.7742896 
0.7846740 
0.7879614 
0.7774678 
0.7802038 
0.7774812 
0.7906136 
0.8043367 
0.7980007 
0.8073706 
0.8134826 
0.8012759 
0.7929380 
0.7884574 
0.7590417 
0.7471908 
0.7541683 
0.7470136 
0.7552184 
0.7555213 
0.7667759 
0.7578183 
0.7560434 
0.7641269 
0.7647927 
0.7641510 
0.7598490 
0.7588758 
0.7647761 
0.7642586 
0.7638198 
0.7525453 
0.7573855 
0.7629002 
0.7592286 
0.7706620 
0.7785999 
0.7838762 
0.7854603 
0.7858120 
0.7799746 
0.7714686 
0.7729294 
0.7717907 
0.7730617 
0.7847278 
0.7784818 
0.7692425 
0.7639599 
0.7624505 
0.7696965 
0.7709029 
0.7718874 
0.7724695 
0.7749653 
0.7706499 
0.7677656 
0.7718888 
0.7790053 
0.7760429 
0.7751941 
0.7859565 
0.7700624 
0.7620670 
0.7738737 
0.7607595 
0.7624204 
0.7496884 
0.7528371 
0.7559126 
0.7504575 
0.7565288 
0.7602382 
0.7718195 
0.7592858 
0.7599188 
0.7590179 
0.7703600 
0.7586494 
0.7619107 
0.7613603 
0.7746566 
0.7736430 
0.7673638 
0.7769469 
0.7701630 
0.7641748 
0.7752415 
0.7620792 
0.7508090 
0.7395773 
0.7491835 
0.7476679 
0.7490569 
0.7459494 
0.7466100 
0.7341563 
0.7370087 
0.7429626 
0.7338031 
0.7414876 
0.7406444 
0.7523942 
0.7556114 
0.7485968 
0.7428634 
0.7454722 
0.7440382 
0.7406031 
0.7455037 
0.7501477 
0.7451021 
0.7320716 
0.7343010 
0.7335244 
0.7313208 
0.7315377 
0.7371946 
0.7452854 
0.7441183 
0.7325549 
0.7379766 
0.7373209 
0.7397946 
0.7353888 
0.7343954 
0.7452644 
0.7355968 
0.7419417 
0.7474468 
0.7361338 
0.7247100 
0.7339061 
0.7437602 
0.7361323 
0.7382097 
0.7355035 
0.7214788 
0.7097633 
0.7227643 
0.7273692 
0.7215351 
0.7294003 
0.7276057 
0.7248607 
0.7207869 
0.7175802 
0.7195509 
0.7186371 
0.7111797 
0.7063383 
0.7108484 
0.7072857 
0.7037332 
0.7056563 
0.7092942 
0.7196447 
0.7203774 
0.7138077 
0.7161476 
0.7174156 
0.7155706 
0.7127716 
0.7144500 
0.7089906 
0.6947535 
0.7075846 
0.6975741 
0.6973734 
0.7046831 
0.7056805 
0.7026001 
0.7112142 
0.7119791 
0.7093765 
0.7078902 
0.7088846 
0.7123130 
0.6945902 
0.7029430 
0.6973137 
0.7040466 
0.7116625 
0.7005213 
0.6980297 
0.7035213 
0.7123182 
0.7072337 
0.7156056 
0.7142024 
0.7034049 
0.7021165 
0.7023327 
0.6937409 
0.7133029 
0.7054728 
0.7020271 
0.7133486 
0.7060368 
0.7161954 
0.7178893 
0.7245791 
0.7216520 
0.7047183 
0.7082264 
0.7077157 
0.7065302 
0.7097124 
0.7170139 
0.7152919 
0.7025325 
0.7035895 
0.7155702 
0.7144209 
0.7195818 
0.7123026 
0.7105117 
0.7004361 
0.6884691 
0.6952466 
0.7112090 
0.7015844 
0.6999381 
0.6964386 
0.6897851 
0.6920121 
0.6868386 
0.6849005 
0.6800992 
0.6771777 
0.6699013 
0.6734612 
0.6742763 
0.6756215 
0.6780644 
0.6782006 
0.6803882 
0.6822661 
0.6892916 
0.6823852 
0.6894604 
0.6794986 
0.6864489 
0.6822541 
0.6813938 
0.6793489 
0.6806566 
0.6821503 
0.6773629 
0.6807293 
0.6813101 
0.6817854 
0.6873959 
0.6945113 
0.7073545 
0.6965298 
0.7001047 
0.7061678 
0.7001274 
0.6979561 
0.7000055 
0.7012028 
0.7095766 
0.7022905 
0.6877897 
0.7024398 
0.7049005 
0.6965220 
0.6739595 
0.6633358 
0.6509236 
0.6537716 
0.6511133 
0.6540091 
0.6473685 
0.6487783 
0.6492776 
0.6460671 
0.6459127 
0.6395655 
0.6480421 
0.6602877 
0.6646582 
0.6670111 
0.6571406 
0.6612489 
0.6542861 
0.6451818 
0.6427482 
0.6434648 
0.6407002 
0.6407070 
0.6507716 
0.6519262 
0.6432684 
0.6469659 
0.6497793 
0.6533576 
0.6503167 
0.6494856 
0.6438238 
0.6446090 
0.6463886 
0.6462069 
0.6372139 
0.6446444 
0.6425624 
0.6519488 
0.6529321 
0.6581309 
0.6594524 
0.6600569 
0.6555338 
0.6548852 
0.6603727 
0.6519656 
0.6478063 
0.6542264 
0.6527392 
0.6409920 
0.6472742 
0.6476301 
0.6438313 
0.6475651 
0.6447225 
0.6459968 
0.6461269 
0.6485406 
0.6417357 
0.6445747 
0.6463530 
0.6464829 
0.6406609 
0.6353920 
0.6361754 
0.6453782 
0.6497634 
0.6455468 
0.6311588 
0.6307810 
0.6246155 
0.6221151 
0.6221791 
0.6320726 
0.6403433 
0.6399214 
0.6458071 
0.6457601 
0.6408674 
0.6445811 
0.6491414 
0.6382760 
0.6381564 
0.6343423 
0.6302444 
0.6278728 
0.6229505 
0.6273989 
0.6276590 
0.6301371 
0.6245776 
0.6199923 
0.6293498 
0.6348507 
0.6357923 
0.6265532 
0.6346411 
0.6260898 
0.6232157 
0.6212979 
0.6186185 
0.6056949 
0.6105280 
0.6039367 
0.6093756 
0.6086540 
0.6167872 
0.6108266 
0.6037323 
0.5953397 
0.5859098 
0.5862844 
0.5846484 
0.5884384 
0.5847053 
0.5976983 
0.6159939 
0.6154349 
0.6173073 
0.6111977 
0.6188719 
0.6189232 
0.6120088 
0.6126728 
0.6141950 
0.6311340 
0.6363923 
0.6237679 
0.6241245 
0.6148917 
0.6154769 
0.6110849 
0.5967758 
0.5775733 
0.5736259 
0.5837505 
0.5972553 
0.6083972 
0.6088918 
0.6197729 
0.6211332 
0.6005582 
0.6004228 
0.6009179 
0.5975082 
0.5959130 
0.5941102 
0.5880932 
0.5774848 
0.5897314 
0.5957027 
0.6053573 
0.6003129 
0.5889415 
0.5888002 
0.5928995 
0.5922517 
0.5965992 
0.6004395 
0.5962227 
0.5969621 
0.5966879 
0.6137121 
0.6270912 
0.6212096 
0.6158212 
0.6068107 
0.6045488 
0.6096119 
0.6052869 
0.6035886 
0.5962515 
0.5929573 
0.5676524 
0.5485099 
0.5407389 
0.5575203 
0.5670832 
0.5699517 
0.5671002 
0.5346396 
0.5439277 
0.5509600 
0.5841144 
0.5850559 
0.5702957 
0.5538738 
0.5381765 
0.5478373 
0.5720783 
0.5826978 
0.5752433 
0.5681638 
0.5699410 
0.5654156 
0.5864017 
0.5995170 
0.5998615 
0.5801405 
0.5707509 
0.5665631 
0.5728175 
0.5780089 
0.5793047 
0.5909174 
0.5749441 
0.5699994 
0.5760660 
0.5680320 
0.5691867 
0.5745935 
0.5833302 
0.5793148 
0.5786302 
0.5686189 
0.5618446 
0.5651860 
0.5659649 
0.5755190 
0.5611464 
0.5498988 
0.5508365 
0.5541478 
0.5480704 
0.5467964 
0.5561806 
0.5544932 
0.5544728 
0.5491959 
0.5455792 
0.5485021 
0.5430371 
0.5365679 
0.5380769 
0.5409882 
0.5454080 
0.5445520 
0.5495954 
0.5482016 
0.5543163 
0.5523679 
0.5574059 
0.5509048 
0.5475266 
0.5459134 
0.5398614 
0.5415368 
0.5426393 
0.5378541 
0.5390599 
0.5450351 
0.5482473 
0.5483908 
0.5497845 
0.5448577 
0.5422144 
0.5427268 
0.5394803 
0.5410838 
0.5284587 
0.5342197 
0.5353921 
0.5290529 
0.5268645 
0.5360259 
0.5440006 
0.5489590 
0.5472306 
0.5483145 
0.5364710 
0.5329600 
0.5310120 
0.5242708 
0.5121749 
0.5110812 
0.4981532 
0.4959857 
0.5012148 
0.5019038 
0.5013788 
0.5056880 
0.5157596 
0.5196972 
0.5275284 
0.5239124 
0.5339541 
0.5073237 
0.5040312 
0.5115445 
0.5102165 
0.5051075 
0.5071873 
0.5075706 
0.5081409 
0.5106670 
0.5090110 
0.5138558 
0.5210789 
0.5249816 
0.5304282 
0.5228153 
0.5234182 
0.5224575 
0.5227741 
0.5167781 
0.5118518 
0.5126206 
0.5167528 
0.5159055 
0.5193950 
0.5212127 
0.5245434 
0.5233722 
0.5304669 
0.5305036 
0.5152103 
0.5166413 
0.5159659 
0.5194166 
0.5268116 
0.5256763 
0.5201724 
0.5223086 
0.5211527 
0.5151174 
0.5141777 
0.5142831 
0.5209704 
0.5103714 
0.5107423 
0.5178273 
0.5087487 
0.5178061 
0.5067429 
0.5028017 
0.4965090 
0.4986743 
0.5033571 
0.5030584 
0.5018055 
0.4969511 
0.4998691 
0.5039149 
0.5058974 
0.5046494 
0.5036048 
0.4994624 
0.4973232 
0.4974782 
0.5000896 
0.4955081 
0.4911869 
0.4869780 
0.4791677 
0.4810002 
0.4854478 
0.4749853 
0.4654134 
0.4685621 
0.4685336 
0.4627599 
0.4636223 
0.4677222 
0.4656192 
0.4759924 
0.4766784 
0.4774483 
0.4733846 
0.4789155 
0.4776977 
0.4794090 
0.4862299 
0.4857215 
0.4852163 
0.4897732 
0.4867959 
0.4898639 
0.4853406 
0.4864791 
0.4860297 
0.4856777 
0.4946007 
0.4963579 
0.4872691 
0.4958927 
0.4949717 
0.4799637 
0.4810096 
0.4760940 
0.4675052 
0.4681773 
0.4678803 
0.4722767 
0.4692688 
0.4725510 
0.4681795 
0.4672558 
0.4801120 
0.4804212 
0.4763459 
0.4697544 
0.4725102 
0.4701987 
0.4679149 
0.4633568 
0.4586238 
0.4617978 
0.4543216 
0.4569887 
0.4597301 
0.4509431 
0.4454658 
0.4471571 
0.4484220 
0.4394677 
0.4411230 
0.4476363 
0.4418444 
0.4230317 
0.4416276 
0.4491609 
0.4484200 
0.4582880 
0.4598910 
0.4597618 
0.4569242 
0.4642887 
0.4593908 
0.4590230 
0.4577107 
0.4570727 
0.4513462 
0.4495176 
0.4444533 
0.4539997 
0.4578810 
0.4590507 
0.4576554 
0.4553059 
0.4636820 
0.4536651 
0.4612702 
0.4594088 
0.4617141 
0.4681412 
0.4623922 
0.4587825 
0.4661368 
0.4606103 
0.4688301 
0.4664822 
0.4698183 
0.4787669 
0.4803007 
0.4772452 
0.4693708 
0.4679840 
0.4611358 
0.4616280 
0.4562948 
0.4526857 
0.4582833 
0.4582281 
0.4560603 
0.4556560 
0.4569902 
0.4647946 
0.4698378 
0.4658723 
0.4613571 
0.4543694 
0.4510417 
0.4491055 
0.4547778 
0.4538297 
0.4539720 
0.4616095 
0.4677694 
0.4772523 
0.4618418 
0.4526994 
0.4481879 
0.4547141 
0.4526845 
0.4494763 
0.4466971 
0.4477839 
0.4416069 
0.4433033 
0.4417405 
0.4462961 
0.4564585 
0.4571479 
0.4561051 
0.4539714 
0.4400037 
0.4375516 
0.4353977 
0.4476481 
0.4353097 
0.4333649 
0.4284230 
0.4339957 
0.4424030 
0.4395435 
0.4212783 
0.4367932 
0.4365935 
0.4380490 
0.4357137 
0.4238106 
0.4275915 
0.4373896 
0.4365176 
0.4284631 
0.4210383 
0.4337879 
0.4396286 
0.4295322 
0.4333074 
0.4301200 
0.4433838 
0.4413554 
0.4448747 
0.4392209 
0.4286113 
0.4384274 
0.4314838 
0.4382684 
0.4326134 
0.4355054 
0.4281219 
0.4245896 
0.4244554 
0.4238107 
0.4211795 
0.4197453 
0.4288939 
0.4132892 
0.4123283 
0.4177740 
0.4196105 
0.4187625 
0.4169272 
0.4144806 
0.4110797 
0.4163029 
0.4108950 
0.4018999 
0.4005662 
0.4163256 
0.4229051 
0.4212612 
0.4155843 
0.4175024 
0.3980800 
0.4094768 
0.4120038 
0.4121819 
0.4106873 
0.4100258 
0.4007978 
0.4021161 
0.3964620 
