-0.0001232 
0.0000894 
0.0001714 
0.2512891 
0.2253072 
0.1267792 
0.9188249 
0.9441909 
0.9380067 
0.9039312 
0.8510153 
0.8043385 
0.7521249 
0.7683177 
0.7638808 
0.7584513 
0.7842613 
0.8494563 
0.9252886 
1.0000000 
0.9931856 
0.8966251 
0.8202020 
0.8046096 
0.7738055 
0.7323223 
0.7419761 
0.7782765 
0.7852374 
0.8174805 
0.8920490 
0.9454434 
0.9259700 
0.8732672 
0.8114275 
0.7802265 
0.7480517 
0.7215795 
0.7359681 
0.8088491 
0.8577591 
0.8438998 
0.8870590 
0.8810278 
0.8600601 
0.8253616 
0.8047814 
0.8140620 
0.7956157 
0.7740340 
0.7998441 
0.8450026 
0.8798783 
0.8824389 
0.8658115 
0.8773811 
0.8913271 
0.8756718 
0.8478052 
0.8381545 
0.7999408 
0.7777767 
0.8088947 
0.8772496 
0.9146853 
0.9104080 
0.8383681 
0.7757566 
0.7654678 
0.7810016 
0.7782765 
0.7865613 
0.7976523 
0.7992951 
0.8231457 
0.8252852 
0.8440543 
0.8081305 
0.7516240 
0.7282451 
0.7164611 
0.7378841 
0.7750681 
0.8077199 
0.8376623 
0.8454537 
0.8693159 
0.8870462 
0.8718684 
0.8097521 
0.7557377 
0.7306258 
0.7451655 
0.7785039 
0.7966697 
0.8141205 
0.8020222 
0.7838894 
0.7847016 
0.8070135 
0.8173295 
0.7916683 
0.7298270 
0.6948941 
0.7017473 
0.7268125 
0.7319878 
0.7296419 
0.7460128 
0.7689513 
0.7723520 
0.7490955 
0.7248461 
0.7111312 
0.6992077 
0.7074829 
0.7492070 
0.7623581 
0.7466697 
0.7292967 
0.7097975 
0.6991837 
0.7129347 
0.7091531 
0.6912361 
0.6996594 
0.6996049 
0.6912166 
0.6871662 
0.6820337 
0.6478372 
0.6523054 
0.6416600 
0.6473915 
0.6349504 
0.5852692 
0.5911871 
0.6063418 
0.6409226 
0.6386925 
0.6244032 
0.6100753 
0.6276284 
0.6227222 
0.6450084 
0.6420460 
0.6441654 
0.6494394 
0.6560961 
0.6649028 
0.6615560 
0.6285583 
0.6115473 
0.6190150 
0.6535244 
0.6617535 
0.6134295 
0.5969513 
0.6410494 
0.6686847 
0.6644205 
0.6376299 
0.5944447 
0.6191215 
0.6488887 
0.6486273 
0.6341951 
0.6155456 
0.6081409 
0.6522572 
0.6400564 
0.6304434 
0.6291772 
0.6386828 
0.6731535 
0.6881318 
0.6410328 
0.6371661 
0.6382575 
0.6661116 
0.6907729 
0.6888709 
0.6516830 
0.6395395 
0.6664391 
0.7024771 
0.7286720 
0.6877337 
0.6620232 
0.6890649 
0.6859722 
0.7179370 
0.7122812 
0.6464587 
0.6417841 
0.6643356 
0.6628395 
0.6603353 
0.6380372 
0.6285479 
0.6563195 
0.6534239 
0.6530305 
0.6718213 
0.6673353 
0.6582109 
0.6532443 
0.6393844 
0.6686238 
0.6844376 
0.6537751 
0.6205955 
0.6022879 
0.6090661 
0.6880633 
0.7299494 
0.7106610 
0.6815411 
0.6515700 
0.6605756 
0.7191359 
0.7046010 
0.6387337 
0.6223922 
0.6154853 
0.6296425 
0.6948090 
0.7138672 
0.6903796 
0.7084136 
0.6668727 
0.6144652 
0.6481370 
0.6946594 
0.6772947 
0.6485155 
0.6080570 
0.6178274 
0.6955839 
0.7186542 
0.6935921 
0.6964729 
0.6771894 
0.6339516 
0.6130682 
0.6403969 
0.6456121 
0.6639839 
0.6585893 
0.6250265 
0.6026115 
0.6204381 
0.6253558 
0.6531745 
0.7000551 
0.6759652 
0.6505609 
0.6288046 
0.6065963 
0.6333262 
0.6531702 
0.6484117 
0.6339693 
0.6189978 
0.6011503 
0.6255821 
0.6424758 
0.6502547 
0.6545648 
0.6599278 
0.6402314 
0.6090073 
0.5871278 
0.5835485 
0.5777671 
0.5787915 
0.6007576 
0.5697514 
0.5775085 
0.5699977 
0.5696089 
0.6314014 
0.6665393 
0.6109170 
0.5830785 
0.5889752 
0.6070545 
0.6052510 
0.6102109 
0.5975873 
0.5818809 
0.6215989 
0.6357139 
0.6197201 
0.5979871 
0.5876104 
0.5657066 
0.5262259 
0.5278717 
0.5355779 
0.5055061 
0.5121134 
0.5377279 
0.5542513 
0.5885787 
0.5886552 
0.5895683 
0.5869843 
0.6040913 
0.6164123 
0.5814579 
0.5687096 
0.5658815 
0.5643864 
0.5524062 
0.5749856 
0.6027374 
0.5909124 
0.5459728 
0.5260447 
0.5331004 
0.5415379 
0.5529950 
0.5360206 
0.5364164 
0.5707630 
0.5744464 
0.5769566 
0.5545324 
0.5139632 
0.4855393 
0.5007730 
0.5217094 
0.5295696 
0.5111679 
0.5182914 
0.4931127 
0.5125881 
0.5574172 
0.5683719 
0.5708997 
0.5807875 
0.5678083 
0.5306241 
0.5132842 
0.5238279 
0.5095663 
0.5133211 
0.5405000 
0.6079742 
0.6050268 
0.5746622 
0.5329738 
0.4962712 
0.4616221 
0.4660047 
0.5019908 
0.5461323 
0.5395935 
0.5271595 
0.5253461 
0.5210327 
0.4823972 
0.5022845 
0.5454409 
0.5781733 
0.5829190 
0.6123032 
0.5974146 
0.5898254 
0.5647192 
0.5549043 
0.5693896 
0.5467449 
0.5315669 
0.5530767 
0.5632288 
0.5519997 
0.5142345 
0.5132023 
0.5032941 
0.5109858 
0.5271245 
0.5352017 
0.5193553 
0.5272068 
0.5323193 
0.5492967 
0.5733985 
0.5442116 
0.5303877 
0.5303245 
0.5334547 
0.5209584 
0.5185705 
0.5285294 
0.5541341 
0.5551110 
0.5489181 
0.5336322 
0.4888339 
0.4463159 
0.4324642 
0.4411449 
0.4805448 
0.5111064 
0.5288433 
0.5467389 
0.5402005 
0.5080696 
0.4754511 
0.4440442 
0.4659845 
0.4718125 
0.4882965 
0.5193223 
0.5140237 
0.5222915 
0.5290416 
0.4958323 
0.4930676 
0.5163943 
0.5231992 
0.5238949 
0.5299809 
0.5309442 
0.5083054 
0.4980582 
0.4842562 
0.5257761 
0.5412760 
0.5153757 
0.5361181 
0.5456638 
0.5225176 
0.4842456 
0.4717675 
0.4897293 
0.5412624 
0.5439653 
0.5347836 
0.5528400 
0.5425225 
0.4762075 
0.4731957 
0.4740069 
0.4749697 
0.4874376 
0.4732193 
0.4570704 
0.4938474 
0.5205330 
0.4755189 
0.4714464 
0.5164031 
0.5293446 
0.5397357 
0.5491070 
0.5219359 
0.4980971 
0.5023955 
0.4745946 
0.4916578 
0.5318380 
0.5127254 
0.4867276 
0.4927922 
0.5172303 
0.5097990 
0.5181176 
0.5142300 
0.4794601 
0.4559401 
0.4572221 
0.4612302 
0.4588818 
0.4871971 
0.4895810 
0.5183311 
0.5298258 
0.5503358 
0.5061077 
0.4965353 
0.4965013 
0.4750755 
0.4799591 
0.5280069 
0.5580292 
0.5432649 
0.5537829 
0.5070166 
0.5219219 
0.5839700 
0.5748685 
0.5359156 
0.5240708 
0.5270046 
0.5421766 
0.5665549 
0.5777193 
0.5785792 
0.5966564 
0.6188771 
0.6132624 
0.5996631 
0.6086700 
0.6124175 
0.5718003 
0.5607221 
0.5594732 
0.5166037 
0.5105480 
0.5246808 
0.5231701 
0.4972581 
0.4866911 
0.4605478 
0.4590139 
0.4838063 
0.5226513 
0.5465486 
0.5264345 
0.5330719 
0.5373147 
0.5135950 
0.5063829 
0.5480559 
0.5752821 
0.5886682 
0.5753382 
0.5399913 
0.5317415 
0.5546442 
0.5839306 
0.5660059 
0.5359128 
0.5217914 
0.5073249 
0.4891631 
0.4896326 
0.5042041 
0.5304159 
0.4944304 
0.4681783 
0.4587890 
0.4555410 
0.4731779 
0.4906390 
0.4890783 
0.4935225 
0.5149767 
0.4981116 
0.4783080 
0.4708779 
0.4973527 
0.4877307 
0.4991204 
0.5150552 
0.5179124 
0.5039085 
0.4968859 
0.4971357 
0.5163130 
0.5283576 
0.5181975 
0.5025398 
0.5042567 
0.4931886 
0.4883253 
0.4791411 
0.4719854 
0.4859963 
0.5074337 
0.5290457 
0.5075632 
0.4989859 
0.4843180 
0.4637641 
0.4711799 
0.4980508 
0.5273956 
0.5061018 
0.4889729 
0.5205198 
0.5240572 
0.4818088 
0.4651676 
0.4622137 
0.4523810 
0.4647939 
0.4684335 
0.4432213 
0.4177378 
0.4287995 
0.4627193 
0.4748985 
0.4624097 
0.4867816 
0.5400599 
0.5154550 
0.4920925 
0.4863610 
0.4908830 
0.4949931 
0.5048369 
0.5052603 
0.4892972 
0.4707362 
0.4842176 
0.4791862 
0.4476637 
0.4403117 
0.4467166 
0.4658455 
0.4570116 
0.4139645 
0.3699535 
0.3818288 
0.3683016 
0.3867245 
0.4468810 
0.5074209 
0.5268382 
0.5009320 
0.4687632 
0.4711011 
0.4648282 
0.4389995 
0.4456873 
0.4428758 
0.4498098 
0.4500506 
0.4462579 
0.4804155 
0.4911826 
0.4768849 
0.4776915 
0.4611982 
0.4507973 
0.4537784 
0.4523760 
0.4569172 
0.4597750 
0.4213595 
0.4025654 
0.4204330 
0.4323475 
0.4305604 
0.4118672 
0.4188616 
0.4095346 
0.4036147 
0.3917745 
0.3929859 
0.4228613 
0.4236274 
0.4280682 
0.4708999 
0.4868445 
0.4797237 
0.4111756 
0.3801686 
0.3611106 
0.3792760 
0.3809565 
0.3961374 
0.4440406 
0.4731222 
0.4792459 
0.4719005 
0.4631040 
0.4317742 
0.4074378 
0.3724200 
0.3891586 
0.4270406 
0.4417246 
0.4556062 
0.4357090 
0.4340055 
0.4141740 
0.4136410 
0.4039654 
0.4003259 
0.4009790 
0.3957441 
0.4085820 
0.3895187 
0.3931679 
0.3893390 
0.3852343 
0.3813996 
0.3799166 
0.4191017 
0.4303120 
0.4490816 
0.4172007 
0.4069754 
0.4389388 
0.4584616 
0.4512348 
0.4196923 
0.4124118 
0.3986412 
0.3942314 
0.3510200 
0.3213395 
0.3604959 
0.3676302 
0.3541330 
0.3750191 
0.4195497 
0.4500695 
0.4219787 
0.3967348 
0.3742908 
0.3456333 
0.3012989 
0.3058801 
0.3541348 
0.3628396 
0.3762046 
0.3615199 
0.3708189 
0.3683301 
0.3589491 
0.3803394 
0.3825635 
0.4046167 
0.4051778 
0.4184504 
0.4326078 
0.4031829 
0.3664941 
0.3563726 
0.3731646 
0.3729047 
0.3597642 
0.3420016 
0.3295585 
0.3325792 
0.3336728 
0.3614560 
0.3912172 
0.4127296 
0.4120253 
0.3928456 
0.3968584 
0.3911540 
0.3726640 
0.3899725 
0.4036295 
0.3980779 
0.3694174 
0.3484878 
0.3486270 
0.3481470 
0.3536758 
0.3620949 
0.3689409 
0.3831935 
0.3687583 
0.3594392 
0.3512427 
0.3229611 
0.2903513 
0.2891178 
0.2956603 
0.3007701 
0.2840252 
0.2980285 
0.2855590 
0.2974512 
0.3153237 
0.3218236 
0.3426414 
0.3537430 
0.3600330 
0.3596332 
0.3374796 
0.3054060 
0.2919195 
0.3086506 
0.2890262 
0.2954951 
0.3028184 
0.3139034 
0.3220992 
0.3176634 
0.3148995 
0.3251798 
0.3276851 
0.3366550 
0.3549894 
0.3271540 
0.3109730 
0.3104302 
0.3253101 
0.3502062 
0.3359337 
0.3234688 
0.3108313 
0.2855071 
0.2773176 
0.3020435 
0.3371128 
0.3702231 
0.3877095 
0.3648271 
0.3548031 
0.3513545 
0.3396060 
0.3604973 
0.3640493 
0.3644136 
0.3806172 
0.4044088 
0.4033729 
0.3874226 
0.3830026 
0.3754909 
0.3704801 
0.3599884 
0.3672900 
0.3619363 
0.3561425 
0.3578959 
0.3600682 
0.3519012 
0.3447115 
0.3454395 
0.3459764 
0.3319604 
0.3299777 
0.3330853 
0.3502943 
0.3571949 
0.3683870 
0.3818259 
0.4009488 
0.4170683 
0.4349429 
0.4213203 
0.4020254 
0.3631013 
0.3569417 
0.3444883 
0.3372198 
0.3264093 
0.3329244 
0.3317712 
0.3233304 
0.3220957 
0.3258522 
0.3104604 
0.3018292 
0.3093227 
0.3210969 
0.3444671 
0.3596980 
0.3358720 
0.3307994 
0.3021218 
0.2875300 
0.2928208 
0.3071891 
0.3017440 
0.3000124 
0.3032560 
0.2814806 
0.2999909 
0.2878689 
0.2817392 
0.2675357 
0.2676750 
0.2753333 
0.2864820 
0.2823345 
0.2654048 
0.2578037 
0.2592881 
0.2339592 
0.2435575 
0.2312653 
0.2525865 
0.2469363 
0.2535984 
0.2255031 
0.2225142 
0.2122162 
0.2012055 
0.2020747 
0.2082903 
0.2366646 
0.2417440 
0.2418124 
0.2355625 
0.2267079 
0.2361244 
0.2383157 
0.2026127 
0.1847840 
0.1915796 
0.2201560 
0.2343933 
0.2232885 
0.2116243 
0.2272002 
0.2428609 
0.2413014 
0.2333342 
0.2386378 
0.2414789 
0.2442194 
0.2580999 
0.2230814 
0.2103407 
0.2260598 
0.2499485 
0.2714440 
0.2632396 
0.2365359 
0.2334489 
0.2290379 
0.2246645 
0.2372073 
0.2438211 
0.2782902 
0.2897949 
0.2805423 
0.2743130 
0.2514804 
0.2398231 
0.2384050 
0.2333561 
0.2211059 
0.2326675 
0.2382282 
0.2175914 
0.1932606 
0.1655656 
0.1650912 
0.1701577 
0.1710433 
0.1492105 
0.1612600 
0.1821167 
0.2112070 
0.2188406 
0.1992535 
0.1851159 
0.1564320 
0.1404389 
0.1604331 
0.1616094 
0.1584513 
0.1536764 
0.1617117 
0.2027847 
0.2354138 
0.2469713 
0.2389638 
0.2112432 
0.2195501 
0.2295660 
0.2330023 
0.1987103 
0.2043032 
0.2138866 
0.2227124 
0.2192116 
0.2178693 
0.2055497 
0.2358547 
0.2348172 
0.2266562 
0.2136736 
0.2382559 
0.2334725 
0.2389524 
0.2230540 
0.2417802 
0.2305795 
0.2106619 
0.2094291 
0.2266067 
0.2370533 
0.2284826 
0.2205840 
0.2245859 
0.2241420 
0.2342362 
0.2258291 
0.2054180 
0.1864212 
0.1637539 
0.1623347 
0.1693615 
0.2022611 
0.2070056 
0.2103494 
0.1961133 
0.2074401 
0.2193450 
0.2140491 
0.1839575 
0.1783916 
0.1881308 
0.1835223 
0.1643070 
0.1735443 
0.1711896 
0.1791054 
0.1903113 
0.2004123 
0.1932860 
0.1909036 
0.1952728 
0.2002031 
0.2029835 
0.1927092 
0.2017622 
0.2100275 
0.1928203 
0.1851346 
0.1971649 
0.2226431 
0.2071845 
0.1850895 
0.1821201 
0.2110837 
0.2066693 
0.2015534 
0.2160638 
0.2208580 
0.2263789 
0.2180180 
0.2078477 
0.2151891 
0.1984532 
0.1760697 
0.1866824 
0.2120447 
0.2255423 
0.1955970 
0.2025475 
0.2234579 
0.2240616 
0.1947644 
0.1806072 
0.2101352 
0.2255362 
0.2231846 
0.2405162 
0.2746112 
0.2693571 
0.2598395 
0.2391354 
0.2444520 
0.2121967 
0.2028445 
0.1898956 
0.2111494 
0.2257348 
0.1909319 
0.2115297 
0.2327310 
0.2115809 
0.1937731 
0.1780218 
0.1952950 
0.1867212 
0.1695492 
0.1786896 
0.1892434 
0.1870692 
0.1888192 
0.1939355 
0.2229830 
0.2076479 
0.1907211 
0.2073678 
0.2095833 
0.1951186 
0.1823899 
0.1773933 
0.1789260 
0.1832894 
0.1825934 
0.2108715 
0.1997217 
0.1605938 
0.1590290 
0.1736503 
0.1715775 
0.1255309 
0.1248902 
0.1192276 
0.1161761 
0.1416960 
0.1757831 
0.1814009 
0.1430815 
0.1224799 
0.1449252 
0.1497411 
0.1554687 
0.1337980 
0.1416324 
0.1348671 
0.1421609 
0.1603676 
0.1468965 
0.1141998 
0.0893466 
0.0863952 
0.0908908 
0.0778215 
0.0623229 
0.0714561 
0.0701384 
0.0982449 
0.1226441 
0.1214505 
0.1354043 
0.1415130 
0.1390286 
0.1301933 
0.1236888 
0.1475119 
0.1635179 
0.1734226 
0.1636224 
0.1580684 
0.1883566 
0.1863773 
0.1732175 
0.1849003 
0.1923346 
0.2036590 
0.2218418 
0.2359622 
0.2325718 
0.2408724 
0.2445408 
0.2745494 
0.2538000 
0.2564387 
0.2566046 
0.2422723 
0.2410649 
0.2306259 
0.2460685 
0.2328354 
0.2134570 
0.2141192 
0.2092777 
0.2073062 
0.2329669 
0.2501703 
0.2647124 
0.2685720 
0.2481142 
0.2169345 
0.1935290 
0.1784272 
0.1866055 
0.2031611 
0.2095414 
0.2255962 
0.2221300 
0.2104501 
0.2067690 
0.2166337 
0.2362353 
0.2333988 
0.2263225 
0.2285908 
0.2335693 
0.2300269 
0.2247047 
0.1956588 
0.2143718 
0.2028113 
0.2054223 
0.1874877 
0.1781332 
0.1768097 
0.1910859 
0.1817459 
0.1810841 
0.1601394 
0.1548601 
0.1498898 
0.1487577 
0.1492783 
0.1354714 
0.1426080 
0.1956950 
0.2116003 
0.1984268 
0.1886442 
0.1971677 
0.1885065 
0.1543846 
0.1353147 
0.1175191 
0.1265246 
0.1276956 
0.1110137 
0.1327875 
0.1466102 
0.1751641 
0.1733598 
0.1789401 
0.1720471 
0.1908726 
0.1887024 
0.1864070 
0.1759075 
0.1619836 
0.1555018 
0.1739758 
0.1699673 
0.1686781 
0.1642723 
0.1494979 
0.1450738 
0.1358414 
0.1184250 
0.1344250 
0.1586146 
0.1794363 
0.1935421 
0.2344627 
0.2463439 
0.2666921 
0.2647251 
0.2355248 
0.2254649 
0.2420220 
0.2442617 
0.2741974 
0.2889501 
0.2902736 
0.2875095 
0.2835115 
0.2750571 
0.2720296 
0.2649251 
0.2743571 
0.2806862 
0.3112030 
0.3189409 
0.3487431 
0.3537705 
0.3184492 
0.3081335 
0.3135365 
0.2967377 
0.3150505 
0.3066663 
0.2781089 
0.2722624 
0.2811040 
0.2669687 
0.2380512 
0.2202436 
0.1736406 
0.1505313 
0.1808674 
0.1950089 
0.1897719 
0.1812943 
0.1880348 
0.2007462 
0.2032245 
0.2115848 
0.2154299 
0.2048718 
0.1939313 
0.1900912 
0.2125843 
0.2182880 
0.2053669 
0.1860095 
0.1551413 
0.1358479 
0.1503075 
0.1799071 
0.1800707 
0.1788969 
0.1601939 
0.1562188 
0.1529903 
0.1693167 
0.1699714 
0.1736669 
0.1724143 
0.1741813 
0.1624746 
0.1459637 
0.1642338 
0.1621845 
0.1578871 
0.1659647 
0.1918156 
0.2083748 
0.2247407 
0.2434281 
0.2515167 
0.2615464 
0.2357103 
0.2292464 
0.2391960 
0.2367539 
0.2142280 
0.1948600 
0.2123389 
0.2130700 
0.2243109 
0.2253345 
0.2077449 
0.1740103 
0.1460270 
0.1501008 
0.1612753 
0.1802087 
0.1797765 
0.2027416 
0.1950773 
0.1894752 
0.2049584 
0.2184006 
0.2196387 
0.2006282 
0.2153749 
0.2316838 
0.2383502 
0.2639828 
0.2702546 
0.2638188 
0.2415323 
0.2488872 
0.2374577 
0.2471486 
0.2684542 
0.2848524 
0.2878759 
0.2742934 
0.2428869 
0.2397032 
0.2496802 
0.2323870 
0.1938265 
0.1692863 
0.1361309 
0.1085969 
0.0829005 
0.0976618 
0.1100855 
0.1198419 
0.1357629 
0.1626071 
0.1773904 
0.1783898 
0.1795700 
0.1993296 
0.2253208 
0.2317954 
0.2392093 
0.2583625 
0.2496584 
0.2390455 
0.2482211 
0.2491386 
0.2512952 
0.2446602 
0.2474089 
0.2295196 
0.2225819 
0.2173901 
0.2343929 
0.2225085 
0.2207246 
0.2162598 
0.1831927 
0.1465666 
0.1083629 
0.0578123 
0.0567286 
0.0697739 
0.0771574 
0.0928062 
0.0986055 
0.1039512 
0.1144876 
0.1154373 
0.1019430 
0.0843348 
0.0800733 
0.0644833 
0.0465597 
0.0731189 
0.1073090 
0.1186130 
0.1089933 
0.0868118 
0.0653987 
0.0309842 
0.0000000 
0.0185685 
0.0325822 
0.0429881 
0.0855837 
0.1115828 
0.1348436 
0.1545326 
0.1697681 
0.1801436 
0.1821484 
0.1774111 
0.2164728 
0.2332292 
0.2510447 
0.2614655 
0.2791752 
0.3028536 
0.3267541 
0.3495219 
0.3358057 
0.3181323 
0.3205974 
0.3330565 
0.3477115 
0.3557455 
0.3698454 
0.3659516 
0.3499876 
0.3314991 
0.3360640 
0.3331039 
0.3368283 
0.3392376 
0.3412678 
0.3315072 
