0.0000432 
-0.0001619 
0.0001269 
0.1105442 
-0.0297333 
-0.3130013 
0.9913162 
0.9930999 
0.9919936 
0.9977929 
0.9964928 
0.9941970 
0.9977511 
0.9973034 
0.9906854 
0.9897493 
0.9923323 
0.9860845 
0.9829241 
0.9850039 
0.9890907 
0.9838600 
0.9877933 
0.9874138 
0.9861582 
0.9886133 
0.9894009 
0.9941654 
0.9852766 
0.9839519 
0.9862617 
0.9846765 
0.9855509 
0.9841920 
0.9844733 
0.9855475 
0.9831422 
0.9891651 
0.9857594 
0.9887555 
0.9856960 
0.9860555 
0.9892831 
0.9959348 
0.9927194 
0.9941367 
0.9909695 
0.9884184 
0.9849563 
0.9830257 
0.9822781 
0.9850327 
0.9847825 
0.9869894 
0.9887519 
0.9859492 
0.9836340 
0.9879491 
0.9879446 
0.9851291 
0.9906482 
0.9938886 
0.9935019 
0.9972103 
0.9992917 
0.9986730 
0.9997762 
0.9998120 
0.9954697 
0.9988165 
0.9975862 
0.9974358 
0.9970464 
0.9948429 
1.0000000 
0.9968436 
0.9933072 
0.9950677 
0.9937807 
0.9918627 
0.9925998 
0.9955614 
0.9939000 
0.9871563 
0.9798443 
0.9797686 
0.9782320 
0.9696144 
0.9682050 
0.9733178 
0.9743231 
0.9750739 
0.9774256 
0.9733314 
0.9763909 
0.9747311 
0.9739825 
0.9715903 
0.9750869 
0.9785226 
0.9770729 
0.9720449 
0.9666800 
0.9603798 
0.9597485 
0.9620856 
0.9580711 
0.9695004 
0.9720143 
0.9699058 
0.9620271 
0.9580632 
0.9570870 
0.9553450 
0.9506694 
0.9572462 
0.9572939 
0.9555884 
0.9529229 
0.9561596 
0.9554923 
0.9533600 
0.9540883 
0.9584435 
0.9577918 
0.9593713 
0.9588305 
0.9639372 
0.9602587 
0.9622231 
0.9634149 
0.9608926 
0.9528343 
0.9560267 
0.9569791 
0.9559658 
0.9563864 
0.9550878 
0.9537903 
0.9576190 
0.9581020 
0.9525290 
0.9534851 
0.9534277 
0.9565410 
0.9590138 
0.9617445 
0.9666556 
0.9713452 
0.9672503 
0.9630804 
0.9578867 
0.9531869 
0.9481082 
0.9531278 
0.9531798 
0.9486610 
0.9548003 
0.9530221 
0.9557352 
0.9544959 
0.9545385 
0.9524084 
0.9528078 
0.9571202 
0.9585698 
0.9543222 
0.9509023 
0.9514099 
0.9548679 
0.9527903 
0.9523003 
0.9495185 
0.9478596 
0.9477818 
0.9545226 
0.9532478 
0.9478230 
0.9421416 
0.9511297 
0.9519425 
0.9513465 
0.9507591 
0.9489258 
0.9486044 
0.9492892 
0.9469771 
0.9499925 
0.9509357 
0.9515170 
0.9511600 
0.9472901 
0.9501011 
0.9500252 
0.9438100 
0.9378909 
0.9428264 
0.9497468 
0.9452733 
0.9418523 
0.9387908 
0.9395760 
0.9353954 
0.9314169 
0.9337669 
0.9346944 
0.9349160 
0.9419768 
0.9465672 
0.9430223 
0.9438364 
0.9448889 
0.9489106 
0.9501858 
0.9464567 
0.9479758 
0.9450279 
0.9459612 
0.9445970 
0.9372076 
0.9412270 
0.9413766 
0.9407558 
0.9481944 
0.9497317 
0.9509608 
0.9488448 
0.9475193 
0.9442021 
0.9427801 
0.9409114 
0.9407663 
0.9383733 
0.9402995 
0.9405310 
0.9363920 
0.9365640 
0.9337205 
0.9359079 
0.9352044 
0.9393206 
0.9400789 
0.9376584 
0.9355503 
0.9333491 
0.9306574 
0.9337095 
0.9353171 
0.9394019 
0.9381508 
0.9335188 
0.9345430 
0.9318890 
0.9309835 
0.9316209 
0.9298177 
0.9316169 
0.9350769 
0.9337729 
0.9308446 
0.9280742 
0.9315297 
0.9324511 
0.9355935 
0.9371815 
0.9413694 
0.9376793 
0.9348032 
0.9370612 
0.9342731 
0.9294368 
0.9301695 
0.9301443 
0.9325965 
0.9328219 
0.9342926 
0.9343511 
0.9332833 
0.9306041 
0.9284836 
0.9299923 
0.9313649 
0.9337525 
0.9336329 
0.9252953 
0.9227079 
0.9166981 
0.9163058 
0.9269873 
0.9269204 
0.9250224 
0.9225573 
0.9230699 
0.9200160 
0.9203264 
0.9192131 
0.9181515 
0.9192232 
0.9107303 
0.9002096 
0.8958930 
0.9037426 
0.9038057 
0.9043886 
0.9029894 
0.9000791 
0.9102645 
0.9174801 
0.9192990 
0.9224123 
0.9200225 
0.9183786 
0.9205439 
0.9208899 
0.9200918 
0.9226759 
0.9229362 
0.9224472 
0.9218345 
0.9262930 
0.9259726 
0.9274182 
0.9267232 
0.9299513 
0.9327870 
0.9339180 
0.9290642 
0.9270134 
0.9299587 
0.9298326 
0.9292812 
0.9327371 
0.9302537 
0.9306324 
0.9320397 
0.9384702 
0.9391472 
0.9279471 
0.9243625 
0.9227338 
0.9276352 
0.9299649 
0.9330855 
0.9352963 
0.9335755 
0.9384022 
0.9361656 
0.9385686 
0.9308677 
0.9280926 
0.9294202 
0.9308906 
0.9325210 
0.9330530 
0.9326619 
0.9346735 
0.9347923 
0.9395730 
0.9412332 
0.9433938 
0.9344961 
0.9362070 
0.9362042 
0.9290320 
0.9280203 
0.9297233 
0.9260722 
0.9250363 
0.9268806 
0.9289677 
0.9297152 
0.9279306 
0.9289065 
0.9269983 
0.9307814 
0.9320390 
0.9297522 
0.9322995 
0.9324873 
0.9333623 
0.9311247 
0.9304857 
0.9343714 
0.9347326 
0.9284950 
0.9254993 
0.9222258 
0.9216849 
0.9205259 
0.9251038 
0.9212640 
0.9239303 
0.9264205 
0.9225892 
0.9251930 
0.9266547 
0.9224678 
0.9199819 
0.9233671 
0.9203743 
0.9259000 
0.9251081 
0.9268773 
0.9272366 
0.9241001 
0.9277923 
0.9273707 
0.9241196 
0.9245330 
0.9224544 
0.9185942 
0.9207864 
0.9252490 
0.9253494 
0.9260308 
0.9304585 
0.9244229 
0.9277329 
0.9281808 
0.9278792 
0.9278937 
0.9265837 
0.9249841 
0.9253788 
0.9279155 
0.9285738 
0.9266130 
0.9311004 
0.9307837 
0.9293551 
0.9263781 
0.9273886 
0.9239055 
0.9213813 
0.9210574 
0.9272164 
0.9223900 
0.9225456 
0.9233475 
0.9209203 
0.9213639 
0.9187382 
0.9209085 
0.9170046 
0.9217341 
0.9173635 
0.9177595 
0.9206812 
0.9222719 
0.9285136 
0.9249784 
0.9225806 
0.9205142 
0.9249428 
0.9274915 
0.9291279 
0.9283992 
0.9309070 
0.9287269 
0.9294977 
0.9306186 
0.9282553 
0.9302824 
0.9402359 
0.9362505 
0.9354427 
0.9320369 
0.9380858 
0.9316459 
0.9261326 
0.9303934 
0.9331851 
0.9326829 
0.9297279 
0.9260279 
0.9213945 
0.9262085 
0.9186865 
0.9232116 
0.9260722 
0.9273408 
0.9303396 
0.9284783 
0.9320069 
0.9263256 
0.9234041 
0.9210162 
0.9243331 
0.9243928 
0.9243655 
0.9252463 
0.9273797 
0.9243008 
0.9196948 
0.9246519 
0.9254326 
0.9245709 
0.9249705 
0.9221182 
0.9233323 
0.9249052 
0.9299363 
0.9285719 
0.9243306 
0.9241280 
0.9194511 
0.9229073 
0.9213485 
0.9230750 
0.9262232 
0.9201272 
0.9270643 
0.9227895 
0.9225472 
0.9222152 
0.9184716 
0.9218643 
0.9191055 
0.9174495 
0.9162657 
0.9238245 
0.9198382 
0.9169756 
0.9242973 
0.9219988 
0.9255554 
0.9210851 
0.9133833 
0.9121535 
0.9078233 
0.9116966 
0.9121888 
0.9173721 
0.9159164 
0.9106577 
0.9121790 
0.9141231 
0.9179096 
0.9208956 
0.9214491 
0.9258447 
0.9234926 
0.9235978 
0.9178232 
0.9192827 
0.9175343 
0.9210219 
0.9241179 
0.9257672 
0.9242572 
0.9313784 
0.9337138 
0.9345121 
0.9311135 
0.9325951 
0.9259529 
0.9318438 
0.9321235 
0.9316502 
0.9323948 
0.9318454 
0.9299738 
0.9309797 
0.9319142 
0.9332942 
0.9283688 
0.9290331 
0.9284699 
0.9284015 
0.9317561 
0.9298624 
0.9288052 
0.9335401 
0.9328285 
0.9292680 
0.9306821 
0.9323432 
0.9349743 
0.9306931 
0.9303893 
0.9314260 
0.9286477 
0.9303185 
0.9332924 
0.9323436 
0.9246813 
0.9222544 
0.9196723 
0.9204680 
0.9226656 
0.9235879 
0.9192684 
0.9182896 
0.9201156 
0.9199275 
0.9216504 
0.9144048 
0.9148731 
0.9188936 
0.9145268 
0.9142353 
0.9098607 
0.9100194 
0.9090841 
0.9070989 
0.9102020 
0.9092334 
0.9106564 
0.9103649 
0.9086748 
0.9068232 
0.9083436 
0.9077861 
0.9082658 
0.9177914 
0.9220430 
0.9234812 
0.9265731 
0.9217580 
0.9234767 
0.9259487 
0.9227087 
0.9258284 
0.9270573 
0.9249095 
0.9224368 
0.9224031 
0.9246582 
0.9252180 
0.9256657 
0.9278212 
0.9321269 
0.9305414 
0.9295361 
0.9295071 
0.9261450 
0.9257264 
0.9205338 
0.9186912 
0.9172924 
0.9163841 
0.9174873 
0.9151446 
0.9125282 
0.9130463 
0.9159036 
0.9164737 
0.9136443 
0.9152857 
0.9132907 
0.9100447 
0.9123228 
0.9156086 
0.9178743 
0.9177741 
0.9209136 
0.9245606 
0.9207055 
0.9197294 
0.9188276 
0.9172665 
0.9173657 
0.9157297 
0.9182536 
0.9212715 
0.9227125 
0.9221132 
0.9213481 
0.9234284 
0.9210831 
0.9228132 
0.9252430 
0.9223900 
0.9212224 
0.9181035 
0.9193186 
0.9173807 
0.9203108 
0.9210249 
0.9210164 
0.9240111 
0.9223614 
0.9211154 
0.9238029 
0.9206246 
0.9254040 
0.9234845 
0.9228671 
0.9230701 
0.9235479 
0.9231194 
0.9255505 
0.9242720 
0.9245038 
0.9261781 
0.9247523 
0.9262234 
0.9243728 
0.9259536 
0.9295683 
0.9312557 
0.9200271 
0.9212410 
0.9213156 
0.9238247 
0.9224010 
0.9260817 
0.9247498 
0.9256968 
0.9247342 
0.9236302 
0.9157825 
0.9186919 
0.9135700 
0.9128869 
0.9199236 
0.9232050 
0.9234958 
0.9229773 
0.9289482 
0.9277016 
0.9272500 
0.9291225 
0.9315472 
0.9283881 
0.9272908 
0.9224097 
0.9288426 
0.9296611 
0.9286571 
0.9255465 
0.9277946 
0.9284885 
0.9271769 
0.9307633 
0.9324985 
0.9319007 
0.9313517 
0.9330636 
0.9364461 
0.9292129 
0.9299507 
0.9271812 
0.9297997 
0.9332643 
0.9258029 
0.9273793 
0.9331085 
0.9345048 
0.9334823 
0.9329805 
0.9332013 
0.9308057 
0.9292586 
0.9293544 
0.9305049 
0.9290115 
0.9242259 
0.9276058 
0.9259640 
0.9230296 
0.9251220 
0.9218201 
0.9257547 
0.9199349 
0.9184325 
0.9168277 
0.9202122 
0.9191961 
0.9174780 
0.9234824 
0.9225926 
0.9232697 
0.9150922 
0.9144348 
0.9080376 
0.9104881 
0.9077216 
0.9068433 
0.9073839 
0.9120649 
0.9054730 
0.9084365 
0.9027843 
0.9031172 
0.9072859 
0.9047284 
0.9078423 
0.9053893 
0.9105616 
0.9085782 
0.9086973 
0.9086440 
0.9130600 
0.9073403 
0.9051587 
0.9117560 
0.9103678 
0.9086023 
0.9108048 
0.9137285 
0.9069823 
0.9083456 
0.9114928 
0.9135139 
0.9106625 
0.9072556 
0.9175579 
0.9103940 
0.9122148 
0.9160644 
0.9150757 
0.9128967 
0.9129310 
0.9132361 
0.9117503 
0.9084755 
0.9071771 
0.9090444 
0.9108901 
0.9113027 
0.9086823 
0.9202528 
0.9209801 
0.9194606 
0.9122340 
0.9135451 
0.9124362 
0.9127629 
0.9127790 
0.9127519 
0.9160964 
0.9146970 
0.9138245 
0.9103344 
0.9117854 
0.9152816 
0.9181018 
0.9153316 
0.9219500 
0.9150574 
0.9165114 
0.9199787 
0.9198724 
0.9192063 
0.9233664 
0.9250665 
0.9206538 
0.9233626 
0.9176025 
0.9147003 
0.9145857 
0.9113480 
0.9076389 
0.9074681 
0.9123976 
0.9141535 
0.9128370 
0.9144071 
0.9117894 
0.9143325 
0.9148627 
0.9131282 
0.9149124 
0.9166958 
0.9213171 
0.9185809 
0.9157910 
0.9151627 
0.9149543 
0.9159033 
0.9173594 
0.9173636 
0.9171343 
0.9218555 
0.9194033 
0.9192511 
0.9138459 
0.9147804 
0.9180890 
0.9212186 
0.9195493 
0.9168865 
0.9149655 
0.9182006 
0.9135982 
0.9134723 
0.9099752 
0.9158603 
0.9153256 
0.9114897 
0.9136072 
0.9138313 
0.9135242 
0.9115757 
0.9162637 
0.9110038 
0.9117613 
0.9141312 
0.9162467 
0.9114154 
0.9069034 
0.9084755 
0.9077213 
0.9096511 
0.9106514 
0.9145981 
0.9136213 
0.9091196 
0.9012327 
0.8991213 
0.8982256 
0.9008462 
0.8984082 
0.9012915 
0.8939890 
0.8966488 
0.8956879 
0.8957607 
0.8956795 
0.8975744 
0.8970147 
0.8940694 
0.8940337 
0.8914354 
0.8931365 
0.8886488 
0.8886420 
0.8868579 
0.8892658 
0.8853556 
0.8845571 
0.8822223 
0.8851540 
0.8777104 
0.8714920 
0.8696580 
0.8722346 
0.8723163 
0.8730391 
0.8730059 
0.8720203 
0.8752840 
0.8759506 
0.8749558 
0.8771785 
0.8792945 
0.8797164 
0.8781172 
0.8774019 
0.8753486 
0.8743254 
0.8745494 
0.8767005 
0.8818464 
0.8853324 
0.8854022 
0.8825990 
0.8857019 
0.8831081 
0.8879489 
0.8892773 
0.8903251 
0.8860377 
0.8855442 
0.8873110 
0.8836711 
0.8856382 
0.8855449 
0.8854972 
0.8826228 
0.8891400 
0.8813404 
0.8784535 
0.8797989 
0.8792307 
0.8782791 
0.8761230 
0.8787871 
0.8808289 
0.8812383 
0.8857145 
0.8830710 
0.8818551 
0.8800017 
0.8834988 
0.8808302 
0.8852489 
0.8840882 
0.8821415 
0.8839757 
0.8835658 
0.8817922 
0.8806880 
0.8783672 
0.8759822 
0.8750943 
0.8768613 
0.8764957 
0.8748081 
0.8753249 
0.8749021 
0.8701964 
0.8738095 
0.8734668 
0.8674507 
0.8658240 
0.8694019 
0.8676566 
0.8668316 
0.8653263 
0.8664248 
0.8677297 
0.8655877 
0.8649721 
0.8639129 
0.8637151 
0.8656776 
0.8618126 
0.8653212 
0.8654000 
0.8615199 
0.8594667 
0.8562426 
0.8604101 
0.8577728 
0.8606983 
0.8581619 
0.8602004 
0.8544843 
0.8540936 
0.8540735 
0.8562646 
0.8643240 
0.8672777 
0.8674639 
0.8632062 
0.8639175 
0.8665545 
0.8648287 
0.8614073 
0.8583556 
0.8611866 
0.8603180 
0.8602641 
0.8611756 
0.8637013 
0.8664259 
0.8664356 
0.8650850 
0.8618949 
0.8603244 
0.8576172 
0.8560027 
0.8590316 
0.8649493 
0.8682576 
0.8712756 
0.8688661 
0.8695906 
0.8685278 
0.8629364 
0.8665445 
0.8652254 
0.8708365 
0.8722644 
0.8715934 
0.8735259 
0.8669575 
0.8667798 
0.8693019 
0.8637406 
0.8669451 
0.8667171 
0.8623183 
0.8644656 
0.8616305 
0.8617183 
0.8611538 
0.8614991 
0.8585382 
0.8584143 
0.8545697 
0.8551593 
0.8506088 
0.8524611 
0.8586442 
0.8674480 
0.8679264 
0.8673768 
0.8622420 
0.8600306 
0.8598401 
0.8627093 
0.8565220 
0.8531391 
0.8527247 
0.8457153 
0.8451818 
0.8480691 
0.8470055 
0.8471490 
0.8527789 
0.8528739 
0.8552577 
0.8553605 
0.8569989 
0.8591004 
0.8565198 
0.8503386 
0.8521580 
0.8506484 
0.8497732 
0.8558234 
0.8552867 
0.8613136 
0.8584196 
0.8576653 
0.8551985 
0.8592451 
0.8600535 
0.8633427 
0.8676739 
0.8648819 
0.8676826 
0.8691288 
0.8651979 
0.8720360 
0.8626495 
0.8611197 
0.8601038 
0.8608174 
0.8606986 
0.8595261 
0.8575633 
0.8597074 
0.8559760 
0.8581120 
0.8612069 
0.8643421 
0.8565270 
0.8606462 
0.8565679 
0.8537268 
0.8542263 
0.8506445 
0.8544319 
0.8628142 
0.8619746 
0.8573985 
0.8615575 
0.8590572 
0.8588450 
0.8590188 
0.8584061 
0.8559122 
0.8481966 
0.8437996 
0.8436649 
0.8441591 
0.8404331 
0.8379304 
0.8437462 
0.8444740 
0.8462504 
0.8442677 
0.8454193 
0.8472915 
0.8434832 
0.8457753 
0.8466697 
0.8416065 
0.8456642 
0.8401868 
0.8387653 
0.8362821 
0.8336291 
0.8325796 
0.8375941 
0.8368024 
0.8400577 
0.8395958 
0.8442285 
0.8359409 
0.8387029 
0.8352422 
0.8362443 
0.8366271 
0.8338419 
0.8379200 
0.8384225 
0.8397146 
0.8368112 
0.8321868 
0.8274534 
0.8288673 
0.8253912 
0.8282636 
0.8408681 
0.8464350 
0.8486652 
0.8503056 
0.8483316 
0.8464557 
0.8415279 
0.8417835 
0.8415051 
0.8430063 
0.8463577 
0.8422090 
0.8426595 
0.8442017 
0.8486620 
0.8519688 
0.8519131 
0.8403732 
0.8398681 
0.8366362 
0.8361280 
0.8308696 
0.8279089 
0.8259306 
0.8228955 
0.8272708 
0.8237925 
0.8288275 
0.8273653 
0.8264339 
0.8284506 
0.8318735 
0.8345030 
0.8333986 
0.8334349 
0.8351275 
0.8433031 
0.8375327 
0.8369942 
0.8361120 
0.8356873 
0.8337526 
0.8391558 
0.8344972 
0.8373097 
0.8398792 
0.8377349 
0.8399509 
0.8404716 
0.8396237 
0.8410241 
0.8384896 
0.8432956 
0.8404315 
0.8427269 
0.8400186 
0.8402012 
0.8404077 
0.8325752 
0.8354277 
0.8353053 
0.8378061 
0.8365707 
0.8347303 
0.8333751 
0.8345028 
0.8378406 
0.8306712 
0.8276722 
0.8294778 
0.8291867 
0.8290195 
0.8279460 
0.8266771 
0.8273213 
0.8295306 
0.8309435 
0.8290995 
0.8246419 
0.8246560 
0.8222889 
0.8233334 
0.8203116 
0.8232947 
0.8226214 
0.8200944 
0.8216001 
0.8179843 
0.8151380 
0.8168181 
0.8211453 
0.8230319 
0.8234415 
0.8274162 
0.8300302 
0.8303594 
0.8295626 
0.8255774 
0.8209742 
0.8214473 
0.8173217 
0.8179620 
0.8196363 
0.8153005 
0.8172333 
0.8182697 
0.8203450 
0.8139018 
0.8174149 
0.8165718 
0.8149417 
0.8108102 
0.8108621 
0.8157371 
0.8149847 
0.8160054 
0.8157665 
0.8199901 
0.8172146 
0.8150859 
0.8166793 
0.8176692 
0.8123590 
0.8138109 
0.8104308 
0.8068653 
0.8044881 
0.8037276 
0.8017202 
0.8014388 
0.8135240 
0.8110906 
0.8152263 
0.8179427 
0.8148398 
0.8171512 
0.8189711 
0.8166717 
0.8175912 
0.8205328 
0.8187639 
0.8199309 
0.8150762 
0.8182993 
0.8147776 
0.8155713 
0.8147348 
0.8163447 
0.8123183 
0.8103032 
0.8103964 
0.8115480 
0.8068714 
0.8088876 
0.8071659 
0.8102274 
0.8087863 
0.8090698 
0.8084244 
0.8105215 
0.8092902 
0.8091314 
0.8103193 
0.8106845 
0.8132395 
0.8116179 
0.8123164 
0.8104366 
0.8113280 
0.8109235 
0.8090804 
0.8070228 
0.8105098 
0.8111555 
0.8115732 
0.8112177 
0.8102276 
0.8078688 
0.8122917 
0.8122864 
0.8153748 
0.8112157 
0.8153484 
0.8150894 
0.8159464 
0.8155355 
0.8180844 
0.8172552 
0.8131535 
0.8154787 
0.8125605 
0.8094427 
0.8125617 
0.8103417 
0.8124803 
0.8076622 
0.8099725 
0.8089353 
0.8117180 
0.8121989 
0.8135419 
0.8120415 
0.8151522 
0.8154833 
0.8179622 
0.8231398 
0.8234780 
0.8315257 
0.8311057 
0.8300226 
0.8265209 
0.8219879 
0.8125072 
0.8079458 
0.8059128 
0.8075512 
0.8078062 
0.8070652 
0.8079859 
0.8066352 
0.8046339 
0.8049957 
0.8093514 
0.8080065 
0.8084495 
0.8057546 
0.8056433 
0.8063246 
0.8017435 
0.8018092 
0.8065779 
0.8065926 
0.8082746 
0.8090767 
0.8113780 
0.8102838 
0.8090597 
0.8071948 
0.8114902 
0.8077495 
0.8017740 
0.8035409 
0.8089675 
0.8087150 
0.8098922 
0.8163207 
0.8172309 
0.8168989 
0.8165609 
0.8183727 
0.8156898 
0.8019872 
0.7965629 
0.7943934 
0.7941294 
0.7928727 
0.7945404 
0.7992460 
0.8018052 
0.8071758 
0.8111001 
0.8119649 
0.8150789 
0.8107333 
0.8098798 
0.8081889 
0.8091198 
0.8089115 
0.8108477 
0.8148466 
0.8137702 
0.8111298 
0.8130053 
0.8121695 
0.8153554 
0.8140244 
0.8137193 
0.8084157 
0.8047072 
0.8075787 
0.8032460 
0.8057082 
0.8076183 
0.8082497 
0.8121667 
0.8139366 
0.8129812 
0.8093855 
0.8060012 
0.8085080 
0.8127749 
0.8097134 
0.8105941 
0.8104888 
0.8119127 
0.8124386 
0.8096460 
0.8150620 
0.8172367 
0.8172819 
0.8126077 
0.8148763 
0.8123424 
0.8086107 
0.8106730 
0.8114853 
0.8104850 
0.8115258 
0.8123908 
0.8103614 
0.8099570 
0.8113422 
0.8097453 
0.8153659 
0.8163227 
0.8140731 
0.8123762 
0.8113046 
0.8096864 
0.8059936 
0.8053828 
0.8036698 
0.8018213 
0.8061588 
0.8044013 
0.8052234 
0.8080815 
0.8089535 
0.8043722 
0.8006823 
0.7971572 
0.8014256 
0.8024990 
0.8072349 
0.8024744 
0.8058030 
0.8046299 
0.8022252 
0.8029684 
0.8055318 
0.8060064 
0.8049227 
0.8085391 
0.8085759 
0.8068979 
0.8104976 
0.8116526 
0.8132386 
0.8149152 
0.8152813 
0.8171109 
0.8201269 
0.8137823 
0.8002834 
0.7998268 
0.7982691 
0.7972076 
0.7964440 
0.7942963 
0.7955224 
0.8020193 
0.8029568 
0.8042017 
0.8044539 
0.8042277 
0.8024079 
0.8032874 
0.8005323 
0.8003830 
0.8030600 
0.7991880 
0.7975786 
0.8016109 
0.8006645 
0.8029442 
0.8023789 
0.8003313 
0.7999468 
0.8033106 
0.8025882 
0.8019464 
0.8006052 
0.8039232 
0.8055083 
0.8043963 
0.7975915 
0.7898024 
0.7908970 
0.7952605 
0.7973905 
0.7962098 
0.8011348 
0.8066673 
0.8085012 
0.8032315 
0.8068215 
0.8122249 
0.8077082 
0.8079859 
0.8081894 
0.8102280 
0.8060525 
0.8064087 
0.8106608 
0.8108869 
0.8152177 
0.8170474 
0.8104225 
0.8063850 
0.8046395 
0.8025809 
0.7994761 
0.7958286 
0.7918791 
0.7952310 
0.7927904 
0.7897308 
0.7886706 
0.7925785 
0.7902706 
0.7892035 
0.7869036 
0.7933218 
0.7896830 
0.7849160 
0.7914053 
0.7918530 
0.7862857 
0.7844555 
0.7845030 
0.7809969 
0.7809816 
0.7760842 
0.7625903 
0.7792306 
0.7919559 
0.7933491 
0.7886178 
0.7916018 
0.7910128 
0.7933211 
0.7942343 
0.7946632 
0.7972295 
0.7955255 
0.7934332 
0.7976127 
0.7962534 
0.7976120 
0.7926886 
0.7976263 
0.7923705 
0.7888369 
0.7942393 
0.7944632 
0.7898384 
0.7874057 
0.7861536 
0.7882361 
0.7938971 
0.7932973 
0.7909927 
0.7900484 
0.7933587 
0.7940067 
0.7937695 
0.7926847 
0.7914786 
0.7933358 
0.7904236 
0.7899275 
0.7948707 
0.7938705 
0.7944705 
0.7904496 
0.7851934 
0.7840020 
0.7856852 
0.7901798 
0.7943092 
0.7922150 
0.7954393 
0.7947008 
0.7957473 
0.7948957 
0.7962747 
0.7987293 
0.7950798 
0.7912030 
0.7907510 
0.7920793 
0.7940379 
0.7942061 
0.7950681 
0.7998390 
0.7970952 
0.8024212 
0.7950209 
0.7937628 
0.7957859 
0.7978153 
0.7992294 
0.8003481 
0.7979156 
0.7968104 
0.7991213 
0.8026918 
0.8031986 
0.8021082 
0.7996847 
0.8004168 
0.7999149 
0.7973461 
0.7969195 
0.7937471 
0.7933935 
0.7950271 
0.7973335 
0.7968467 
0.7961093 
0.8000522 
0.8001946 
0.7984251 
0.7994489 
0.8015883 
0.8014344 
0.8063646 
0.8065101 
0.8060031 
0.8033164 
0.8056587 
0.8114841 
0.8144913 
0.8185907 
0.8174885 
0.8150569 
0.8114383 
0.8013678 
0.7830413 
0.7834428 
0.7832235 
0.7848566 
0.7872393 
0.7826729 
0.7828614 
0.7838123 
0.7853363 
0.7896691 
0.7896909 
0.7873256 
0.7835407 
0.7794526 
0.7805274 
0.7813516 
0.7829917 
0.7850883 
0.7838745 
0.7821982 
0.7806829 
0.7830820 
0.7837137 
0.7857265 
0.7827180 
0.7817876 
0.7780530 
0.7806054 
0.7760136 
0.7741802 
0.7724717 
0.7744946 
0.7724075 
0.7792372 
0.7835849 
0.7883504 
0.7849638 
0.7834785 
0.7837941 
0.7849969 
0.7872926 
0.7873993 
0.7888738 
0.7886485 
0.7868195 
0.7831968 
0.7774009 
0.7748471 
0.7680177 
0.7643092 
0.7634350 
0.7619505 
0.7641118 
0.7612016 
0.7637513 
0.7633194 
0.7577681 
0.7645578 
0.7659353 
0.7664632 
0.7686794 
0.7709756 
0.7715560 
0.7729144 
0.7712901 
0.7722770 
0.7697637 
0.7706865 
0.7672371 
0.7658417 
0.7695938 
0.7714860 
0.7681676 
0.7722396 
0.7738371 
0.7740321 
0.7725146 
0.7725650 
0.7715057 
0.7677628 
0.7693692 
0.7676072 
0.7690019 
0.7686906 
0.7704684 
0.7674479 
0.7676354 
0.7665315 
0.7686629 
0.7650550 
0.7662542 
0.7666541 
0.7766965 
0.7750269 
0.7772844 
0.7716291 
0.7665467 
0.7639478 
0.7592496 
0.7571832 
0.7655247 
0.7667894 
0.7691137 
0.7720537 
0.7743452 
0.7699927 
0.7690900 
0.7628821 
0.7617175 
0.7632752 
0.7641784 
0.7644855 
0.7685652 
0.7679392 
0.7635292 
0.7614300 
0.7552262 
0.7546769 
0.7585971 
0.7680551 
0.7727437 
0.7740691 
0.7753189 
0.7675322 
0.7601455 
0.7632688 
0.7704250 
0.7685954 
0.7688058 
0.7659823 
0.7621323 
0.7640398 
0.7709135 
0.7718652 
0.7727434 
0.7667314 
0.7655089 
0.7634575 
0.7616334 
0.7560737 
0.7543276 
0.7553181 
0.7489136 
0.7484729 
0.7471928 
0.7444707 
0.7396762 
0.7411389 
0.7399771 
0.7499116 
0.7541571 
0.7589986 
0.7637339 
0.7618902 
0.7621680 
0.7674736 
0.7691104 
0.7672121 
0.7630123 
0.7617483 
0.7583335 
0.7572092 
0.7510478 
0.7436097 
0.7438867 
0.7466627 
0.7469057 
0.7429083 
0.7474880 
0.7460599 
0.7492444 
0.7534216 
0.7547275 
0.7576495 
0.7577976 
0.7566024 
0.7540916 
0.7502050 
0.7519828 
0.7481352 
0.7522972 
0.7553964 
0.7561640 
0.7539899 
0.7463510 
0.7513038 
0.7474323 
0.7478585 
0.7495550 
0.7482406 
0.7511301 
0.7523635 
0.7512865 
0.7511731 
0.7499447 
0.7513411 
0.7460346 
0.7482108 
0.7542457 
0.7526018 
0.7542415 
0.7534587 
0.7509344 
0.7478042 
0.7485484 
0.7496431 
0.7526249 
0.7577557 
0.7554143 
0.7577375 
0.7553175 
0.7549909 
0.7515280 
0.7462700 
0.7428460 
0.7419211 
0.7407912 
0.7414866 
0.7402749 
0.7337350 
0.7336667 
0.7347146 
0.7328493 
0.7362211 
0.7400996 
0.7362719 
0.7354374 
0.7384540 
0.7378457 
0.7363885 
0.7341273 
0.7369869 
0.7352629 
0.7361819 
0.7344761 
0.7349061 
0.7350449 
0.7385764 
0.7393469 
0.7423488 
0.7400242 
0.7416395 
0.7426257 
0.7384748 
0.7417757 
0.7436980 
0.7460417 
0.7438405 
0.7477444 
0.7515704 
0.7512006 
0.7530814 
0.7525072 
0.7493628 
0.7415792 
0.7341857 
0.7252948 
0.7264098 
0.7278152 
0.7261249 
0.7294749 
0.7348075 
0.7378971 
0.7371058 
0.7357069 
0.7357941 
0.7380747 
0.7349419 
0.7385076 
0.7398254 
0.7462058 
0.7436257 
0.7451272 
0.7412858 
0.7388500 
0.7393088 
0.7385085 
0.7390661 
0.7373623 
0.7366346 
0.7338428 
0.7338817 
0.7351397 
0.7337256 
0.7321865 
0.7326717 
0.7312731 
0.7300124 
0.7310764 
0.7339939 
0.7423847 
0.7452518 
0.7427345 
0.7395749 
0.7421970 
0.7403297 
0.7464927 
0.7419979 
0.7393419 
0.7338070 
0.7311215 
0.7315691 
0.7296850 
0.7302493 
0.7272676 
0.7287838 
0.7315449 
0.7303250 
0.7294507 
0.7300669 
0.7328039 
0.7344020 
0.7329132 
0.7272919 
0.7312919 
0.7289020 
0.7259767 
0.7277640 
0.7241765 
0.7222767 
0.7268666 
0.7315405 
0.7293439 
0.7283353 
0.7271587 
0.7285288 
0.7237995 
0.7170531 
0.7205183 
0.7195889 
0.7213151 
0.7192989 
0.7214999 
0.7233037 
0.7192978 
0.7177138 
0.7185125 
0.7160417 
0.7143078 
0.7170314 
0.7198230 
0.7198383 
0.7188353 
0.7164222 
0.7172817 
0.7183258 
0.7114378 
0.7095876 
0.7178448 
0.7147809 
0.7155219 
0.7145645 
0.7098821 
0.7066006 
0.7085919 
0.7054953 
0.7010950 
0.7010446 
0.7038553 
0.7025242 
0.7107080 
0.7106110 
0.7176721 
0.7114487 
0.7120375 
0.7066960 
0.7008299 
0.6984290 
0.6982951 
0.6970179 
0.6918889 
0.6963429 
0.6979616 
0.7042472 
0.7070652 
0.7072078 
0.7048154 
0.7030734 
0.6968048 
0.6979848 
0.7015889 
0.6985333 
0.6975319 
0.6933671 
0.6889739 
0.6874374 
0.6889674 
0.6924232 
0.6899474 
0.6924752 
0.6871294 
0.6862603 
0.6900318 
0.6895078 
0.6886428 
0.6891264 
0.6881991 
0.6810371 
0.6822388 
0.6765312 
0.6804862 
0.6826556 
0.6833768 
0.6791166 
0.6746614 
0.6807650 
0.6786452 
0.6726677 
0.6790798 
0.6797744 
0.6786347 
0.6720995 
0.6765063 
0.6793122 
0.6847390 
0.6767011 
0.6750387 
0.6765883 
0.6808223 
0.6768393 
0.6804664 
0.6767852 
0.6793789 
0.6724933 
0.6754784 
0.6757766 
0.6773302 
0.6740058 
0.6752845 
0.6746298 
0.6702046 
0.6728151 
0.6729095 
0.6731168 
0.6713551 
0.6671372 
0.6649713 
0.6695089 
0.6673874 
0.6707211 
0.6685938 
0.6669478 
0.6695776 
0.6660258 
0.6707839 
0.6676340 
0.6667342 
0.6693310 
0.6720023 
0.6700333 
0.6677886 
0.6653013 
0.6699173 
0.6726593 
0.6705932 
0.6662437 
0.6670142 
0.6679117 
0.6632538 
0.6609662 
0.6634577 
0.6626049 
0.6649154 
0.6631324 
0.6666465 
0.6672089 
0.6587932 
0.6651758 
0.6724231 
0.6740087 
0.6752573 
0.6725559 
0.6698509 
0.6660577 
0.6651884 
0.6624108 
0.6601482 
0.6630815 
0.6605519 
0.6589594 
0.6570194 
0.6602740 
0.6588247 
0.6596386 
0.6590731 
0.6596979 
0.6667149 
0.6602423 
0.6647961 
0.6646399 
0.6631019 
0.6560479 
0.6604950 
0.6598817 
0.6603363 
0.6577652 
0.6613754 
0.6616805 
0.6517491 
0.6534035 
0.6551322 
0.6548562 
0.6616321 
0.6611494 
0.6573050 
0.6567810 
0.6546840 
0.6488123 
0.6457542 
0.6481986 
0.6453146 
0.6372810 
0.6399044 
0.6435978 
0.6411040 
0.6422965 
0.6486564 
0.6469207 
0.6406943 
0.6465666 
0.6488741 
0.6519559 
0.6532755 
0.6493815 
0.6480289 
0.6388954 
0.6369844 
0.6441960 
0.6381637 
0.6368440 
0.6392835 
0.6379534 
0.6395190 
0.6346241 
0.6377172 
0.6337970 
0.6327748 
0.6368724 
0.6398304 
0.6374437 
0.6371091 
0.6436912 
0.6416396 
0.6400422 
0.6356059 
0.6341289 
0.6366484 
0.6335843 
0.6382756 
0.6311645 
0.6294100 
0.6319533 
0.6275657 
0.6338855 
0.6403993 
0.6334493 
0.6326039 
0.6282175 
0.6305003 
0.6277036 
0.6198582 
0.6302566 
0.6329795 
0.6285985 
0.6217197 
0.6189843 
0.6205556 
0.6187416 
0.6217433 
0.6233997 
0.6273245 
0.6189624 
0.6251979 
0.6247773 
0.6296993 
0.6262732 
0.6223892 
0.6215366 
0.6197829 
0.6228682 
0.6220038 
0.6249068 
0.6262861 
0.6277709 
0.6187854 
0.6134025 
0.6152889 
0.6145042 
0.6114921 
0.6100685 
0.6083047 
0.6144882 
0.6160870 
0.6152906 
0.6128582 
0.6117165 
0.6119867 
0.6172783 
0.6060911 
0.6079157 
0.6092933 
0.6107598 
0.6138470 
0.6156321 
0.6143140 
0.6159811 
0.6154792 
0.6122675 
0.6076913 
0.6088726 
0.6097748 
0.6173471 
0.6112654 
0.6123259 
0.6020965 
0.5971742 
0.6008851 
0.6020125 
0.6033885 
0.5944540 
0.5994211 
0.5987091 
0.6078790 
0.6018084 
0.5972734 
0.5984578 
0.6041615 
0.6014625 
0.5986835 
0.6036544 
0.6090776 
0.5992011 
0.6016060 
0.5999331 
0.5998097 
0.6027342 
0.6022887 
0.6005995 
0.6019830 
0.5977633 
0.5916494 
0.5975935 
0.6058594 
0.5959996 
0.5900441 
0.5822049 
0.5759784 
0.5777166 
0.5816534 
0.5815177 
0.5782887 
0.5769689 
0.5802408 
0.5836671 
0.5781939 
0.5823085 
0.5814418 
0.5850509 
0.5823558 
0.5730992 
0.5796644 
0.5757097 
0.5742731 
0.5807506 
0.5724456 
0.5786648 
0.5771682 
0.5751729 
0.5754678 
0.5703746 
0.5705151 
0.5677682 
0.5709301 
0.5680431 
0.5753300 
0.5720692 
0.5689989 
0.5664529 
0.5660917 
0.5641059 
0.5629366 
0.5633766 
0.5616082 
0.5593081 
0.5641060 
0.5569505 
0.5530625 
0.5517150 
0.5451995 
0.5507697 
0.5494308 
0.5418599 
0.5366837 
0.5429419 
0.5420743 
0.5366145 
0.5401308 
0.5395854 
0.5405415 
0.5390673 
0.5456551 
0.5413242 
0.5449011 
0.5487200 
0.5479692 
0.5585307 
0.5563057 
0.5472619 
0.5466299 
0.5408417 
0.5445027 
0.5395374 
0.5374770 
0.5385325 
0.5370286 
0.5335231 
0.5281313 
0.5279096 
0.5386770 
0.5408619 
0.5389135 
0.5348322 
0.5363863 
0.5397900 
0.5373374 
0.5366376 
0.5379954 
0.5355908 
0.5394662 
0.5343089 
0.5385725 
0.5266899 
0.5330487 
0.5386587 
0.5329337 
0.5322031 
0.5293513 
0.5301634 
0.5298890 
0.5295512 
0.5240311 
0.5317850 
0.5305577 
0.5282710 
0.5289851 
0.5291311 
0.5269414 
0.5226917 
0.5279076 
0.5268974 
0.5190331 
0.5240064 
0.5245525 
0.5156568 
0.5179808 
0.5091606 
0.5092508 
0.5019676 
0.5126392 
0.5079819 
0.5109939 
0.5113378 
0.5166395 
0.5086664 
0.5091547 
0.5180708 
0.5098693 
0.5101991 
0.5097945 
0.5157703 
0.5000633 
0.5015871 
0.5022444 
0.5082244 
0.5062723 
0.5040425 
0.5043097 
0.5101524 
0.5073360 
0.5131513 
0.5080861 
0.5083134 
0.5128648 
0.5060004 
0.5126845 
0.5129020 
0.5060657 
0.5041987 
0.5013601 
0.5083126 
0.5053895 
0.5074475 
0.4952218 
0.4992729 
0.5008021 
0.4996001 
0.5004002 
0.4993688 
0.4964438 
0.4991842 
0.5025025 
0.4951108 
0.5003687 
0.5055255 
0.4993545 
0.4975645 
0.5030849 
0.5017272 
0.4955689 
0.5041383 
0.5005049 
0.4923609 
0.4885653 
0.4859992 
0.4919322 
0.4876527 
0.4929955 
0.4845107 
0.4886522 
0.4923195 
0.4852094 
0.4845376 
0.4811574 
0.4811204 
0.4860041 
0.4911408 
0.4860569 
0.4822898 
0.4718834 
0.4713995 
0.4746752 
0.4673793 
0.4660841 
0.4709921 
0.4711143 
0.4760670 
0.4719409 
0.4773263 
0.4747500 
0.4750619 
0.4793967 
0.4694758 
0.4751923 
0.4739159 
0.4667722 
0.4749415 
0.4703255 
0.4707660 
0.4734389 
0.4679079 
0.4713425 
0.4630692 
0.4611223 
0.4650508 
0.4623043 
0.4676868 
0.4667022 
0.4665628 
0.4691595 
0.4670887 
0.4660450 
0.4692005 
0.4622863 
0.4640148 
0.4571310 
0.4578197 
0.4580300 
0.4593404 
0.4613636 
0.4663291 
0.4623670 
0.4599183 
0.4533994 
0.4547900 
0.4492559 
0.4455573 
0.4476026 
0.4379670 
0.4397102 
0.4469906 
0.4535644 
0.4418078 
0.4469364 
0.4522670 
0.4531953 
0.4457085 
0.4467659 
0.4446834 
0.4463911 
0.4342837 
0.4440120 
0.4435366 
0.4424160 
0.4422495 
0.4372870 
0.4437560 
0.4508431 
0.4441429 
0.4413046 
0.4445669 
0.4407949 
0.4420265 
0.4388745 
0.4347818 
0.4398288 
0.4349174 
0.4344054 
0.4312540 
0.4342063 
0.4347359 
0.4351084 
0.4276517 
0.4289220 
0.4287566 
0.4320692 
0.4314677 
0.4255925 
0.4263091 
0.4264148 
0.4310618 
0.4260383 
0.4292177 
0.4343667 
0.4321229 
0.4230423 
0.4278631 
0.4232858 
0.4304430 
0.4187617 
0.4285793 
0.4204881 
0.4232660 
0.4231301 
0.4290192 
0.4205153 
0.4236631 
0.4232691 
0.4229115 
0.4258627 
0.4175779 
0.4233793 
0.4220447 
0.4301487 
0.4206589 
0.4184903 
0.4090715 
0.4114790 
0.4089003 
0.4033405 
0.4033774 
0.4029220 
0.4085155 
0.4059435 
0.4027507 
0.4042684 
0.4063110 
0.4184795 
0.4025687 
0.4111689 
0.4036806 
0.3916684 
0.4028484 
0.3934687 
0.3991410 
0.3964725 
0.3997836 
0.3981198 
0.3982982 
0.3977364 
0.4009757 
0.3918856 
0.3949728 
0.3996915 
0.3980833 
0.3958326 
0.3937514 
0.3968803 
0.3854885 
0.3859629 
0.3832688 
0.3816424 
0.3824587 
0.3796095 
0.3741753 
0.3754359 
0.3850246 
0.3774315 
0.3794236 
0.3768796 
0.3759303 
0.3685083 
0.3649228 
0.3702698 
0.3693735 
0.3728476 
0.3690828 
0.3683099 
0.3660499 
0.3674415 
0.3574834 
0.3693505 
0.3696848 
0.3659582 
0.3681925 
0.3624457 
0.3495833 
0.3651670 
0.3617354 
0.3534987 
0.3599662 
0.3565909 
0.3683650 
0.3600795 
0.3520755 
0.3631997 
0.3616168 
0.3570659 
0.3600940 
0.3513048 
0.3563987 
0.3571630 
0.3486841 
0.3465971 
0.3538421 
0.3515975 
0.3492130 
0.3609023 
0.3482495 
0.3530181 
0.3511327 
0.3485906 
0.3479367 
0.3353398 
0.3330245 
0.3442554 
0.3422377 
0.3407741 
0.3439726 
0.3440557 
0.3391555 
0.3454387 
0.3338903 
0.3451921 
0.3412211 
0.3352049 
0.3297182 
0.3337896 
0.3282015 
0.3361570 
0.3262805 
0.3323386 
0.3261359 
0.3331629 
0.3341936 
0.3366274 
0.3328014 
0.3310534 
0.3299594 
0.3250382 
0.3281507 
0.3218831 
0.3261298 
0.3148100 
0.3115099 
0.3198453 
0.3147733 
0.3225843 
0.3302965 
0.3310710 
0.3238957 
0.3248248 
0.3283717 
0.3204054 
0.3165031 
0.3266705 
0.3188971 
0.3239456 
0.3171811 
0.3225073 
0.3269696 
0.3247049 
0.3265028 
0.3266415 
0.3194634 
0.3241443 
0.3224843 
0.3086396 
0.3122488 
0.3134297 
0.3159037 
0.3121290 
0.3177909 
0.3178443 
0.3003028 
0.3027194 
0.2986164 
0.3117200 
0.3072940 
0.3025364 
0.3051673 
0.3049338 
0.3002362 
0.3080096 
0.3079689 
0.2997299 
0.2943940 
0.2934290 
0.2947405 
0.3024788 
0.3031890 
0.3015507 
0.3043800 
0.3008573 
0.3004532 
0.2942679 
0.2890213 
0.2924077 
0.2988531 
0.2934969 
0.2850766 
0.2832799 
0.2859650 
0.2899371 
0.2921693 
0.2918985 
0.2950076 
0.2970230 
0.2971041 
0.2942586 
0.2994933 
0.2899629 
0.2836739 
0.2771109 
0.2769472 
0.2723030 
0.2738273 
0.2660837 
0.2788831 
0.2694912 
0.2714442 
0.2706826 
0.2684675 
0.2724560 
0.2753779 
0.2767217 
0.2649574 
0.2714679 
0.2640288 
0.2749119 
0.2703911 
0.2718108 
0.2618147 
0.2682118 
0.2698925 
0.2612760 
0.2627988 
0.2600726 
0.2616516 
0.2606102 
0.2588842 
0.2609520 
0.2577021 
0.2578103 
0.2604791 
0.2527298 
0.2486810 
0.2517652 
0.2441590 
0.2443588 
0.2419427 
0.2428767 
0.2355539 
0.2445685 
0.2521638 
0.2528463 
0.2429568 
0.2494072 
0.2509114 
0.2494970 
0.2525286 
0.2529828 
0.2534395 
0.2501713 
0.2528790 
0.2493559 
0.2470557 
0.2399971 
0.2551302 
0.2458147 
0.2372284 
0.2384461 
0.2436004 
0.2333232 
0.2383792 
0.2470503 
0.2289880 
0.2299498 
0.2319695 
0.2332199 
0.2321399 
0.2311841 
0.2351625 
0.2302136 
0.2257860 
0.2264562 
0.2297824 
0.2196274 
0.2305356 
0.2197181 
0.2258843 
0.2182888 
0.2220248 
0.2292539 
0.2235554 
0.2213447 
0.2202598 
0.2177090 
0.2282414 
0.2210616 
0.2144277 
0.2190062 
0.2122954 
0.2185687 
0.2222996 
0.2119534 
0.2055024 
0.2115267 
0.2077818 
0.1992565 
0.2056157 
0.2160610 
0.2042461 
0.2021435 
0.2044867 
0.2023463 
0.1910527 
0.2024839 
0.1999704 
0.1966270 
0.1995644 
0.1998878 
0.2023025 
0.2016470 
0.1977804 
0.1976143 
0.2008973 
0.2051347 
0.2025438 
0.1976147 
0.2005059 
0.2073605 
0.1921068 
0.1923808 
0.1892033 
0.1870681 
0.1976351 
0.1956287 
0.1955161 
0.1893817 
0.1973835 
0.1992269 
0.2045112 
0.2054167 
0.2004496 
0.1976264 
0.1933276 
0.1952530 
0.1894388 
0.1928692 
0.1951446 
0.1881857 
0.2051219 
0.2001876 
0.1958378 
0.1877888 
0.1837637 
0.1941228 
0.1847866 
0.1829530 
0.1832148 
0.1817123 
0.1926591 
0.1829709 
0.1850771 
0.1868124 
0.1806611 
0.1873267 
0.1891539 
0.1839740 
0.1747739 
0.1851499 
0.1784672 
0.1717471 
0.1711696 
0.1743345 
0.1875320 
0.1796477 
0.1773798 
0.1812486 
0.1833675 
0.1802966 
0.1781402 
0.1717528 
0.1744284 
0.1832679 
0.1758082 
0.1738125 
0.1599315 
0.1639237 
0.1703951 
0.1716674 
0.1627756 
0.1625662 
0.1615052 
0.1647535 
0.1709396 
0.1587626 
0.1717273 
0.1644467 
0.1641579 
0.1699825 
0.1670876 
0.1563067 
0.1575943 
0.1600055 
0.1593808 
0.1505563 
0.1550992 
0.1602608 
0.1490579 
0.1536582 
0.1588258 
0.1531955 
0.1444635 
0.1533144 
0.1463757 
0.1379845 
0.1325152 
0.1355817 
0.1396717 
0.1388916 
0.1372158 
0.1362275 
0.1398113 
0.1406646 
0.1444925 
0.1315223 
0.1238683 
0.1253591 
0.1207367 
0.1283187 
0.1293044 
0.1241875 
0.1278269 
0.1185255 
0.1247624 
0.1267679 
0.1281401 
0.1191977 
0.1147840 
0.1167619 
0.1144956 
0.1115146 
0.1145543 
0.1147134 
0.1235198 
0.1151086 
0.1152398 
0.1080560 
0.1179323 
0.1208805 
0.1156720 
0.1218834 
0.1139807 
0.1166743 
0.1087015 
0.1135982 
0.1189922 
0.1186981 
0.1138964 
0.1041563 
0.1139011 
0.1091892 
0.1107385 
0.1147347 
0.1100678 
0.1159507 
0.1146099 
0.1115498 
0.1084692 
0.1215194 
0.1113410 
0.1111790 
0.1022911 
0.1092570 
0.1010606 
0.1026902 
0.0933575 
0.0968790 
0.0861104 
0.0913658 
0.0927575 
0.0902846 
0.0919784 
0.0966844 
0.0901158 
0.0874882 
0.0903638 
0.0924195 
0.0945310 
0.0885401 
0.0926297 
0.0840193 
0.0867265 
0.0846517 
0.0889891 
0.0928857 
0.0895076 
0.0896832 
0.0883696 
0.0816378 
0.0820158 
0.0800931 
0.0719804 
0.0799386 
0.0725897 
0.0721287 
0.0734108 
0.0661642 
0.0729937 
0.0691648 
0.0705178 
0.0649493 
0.0585131 
0.0583642 
0.0663199 
0.0674046 
0.0687788 
0.0629623 
0.0614214 
0.0700428 
0.0646437 
0.0694274 
0.0630073 
0.0656732 
0.0584890 
0.0588672 
0.0600264 
0.0502001 
0.0494358 
0.0494777 
0.0593869 
0.0471308 
0.0488349 
0.0532216 
0.0515426 
0.0571569 
0.0536071 
0.0472901 
0.0518164 
0.0544259 
0.0494986 
0.0535525 
0.0525919 
0.0532864 
0.0605143 
0.0556215 
0.0626239 
0.0560070 
0.0563452 
0.0670589 
0.0569600 
0.0512844 
0.0478247 
0.0544676 
0.0506374 
0.0532804 
0.0595648 
0.0546131 
0.0562289 
0.0428754 
0.0477373 
0.0532725 
0.0590774 
0.0608582 
0.0566790 
0.0518697 
0.0569544 
0.0599683 
0.0505837 
0.0536255 
0.0548718 
0.0660358 
0.0570539 
0.0561911 
0.0539053 
0.0579800 
0.0527652 
0.0493879 
0.0448103 
0.0380059 
0.0422967 
0.0417070 
0.0396047 
0.0466769 
0.0488397 
0.0338852 
0.0402898 
0.0450888 
0.0431643 
0.0426894 
0.0381422 
0.0381913 
0.0424314 
0.0403034 
0.0294936 
0.0304597 
0.0340337 
0.0457804 
0.0303535 
0.0214469 
0.0153317 
0.0398944 
0.0295951 
0.0174187 
0.0230244 
0.0315878 
0.0341885 
0.0316222 
0.0307158 
0.0319112 
0.0279559 
0.0274206 
0.0195777 
0.0106090 
0.0128458 
0.0244819 
0.0300380 
0.0159054 
0.0125875 
0.0196425 
0.0153467 
0.0090792 
0.0097415 
0.0215551 
0.0228751 
0.0155725 
0.0069479 
0.0000000 
0.0063983 
0.0156777 
0.0207109 
0.0130674 
0.0156022 
0.0136529 
0.0151764 
0.0269090 
0.0268869 
0.0220133 
0.0206870 
0.0133614 
0.0095856 
0.0099911 
0.0176064 
0.0140608 
0.0244395 
0.0179701 
0.0191595 
0.0172062 
0.0162078 
0.0091509 
0.0203681 
0.0224239 
0.0192024 
0.0173651 
0.0164083 
0.0207571 
0.0254069 
0.0379759 
0.0352114 
0.0242079 
0.0161492 
0.0109831 
0.0054136 
0.0219097 
0.0115878 
0.0172791 
0.0156532 
0.0070547 
0.0248253 
0.0151573 
0.0206771 
0.0183364 
0.0230428 
0.0219678 
0.0142206 
0.0193141 
0.0171811 
0.0207513 
0.0163148 
0.0071058 
0.0119701 
0.0064149 
0.0108905 
0.0167478 
0.0249495 
0.0192241 
0.0199798 
0.0189702 
0.0128655 
