-0.0000988 
0.0000530 
0.0001246 
0.0874840 
-0.2380266 
-0.3500841 
0.9547013 
0.9378597 
0.9379758 
0.9323283 
0.9486375 
0.9408362 
0.9371841 
0.9541622 
0.9196614 
0.9311172 
0.9475783 
0.9218923 
0.9217439 
0.9383287 
0.9199505 
0.9455782 
0.9605908 
0.9616505 
0.9709060 
0.9598528 
0.9874465 
0.9849475 
1.0000000 
0.9805413 
0.9800644 
0.9787300 
0.9587949 
0.9636321 
0.9592039 
0.9827761 
0.9688505 
0.9523988 
0.9278697 
0.9181328 
0.9277453 
0.9364825 
0.9332670 
0.9748241 
0.9863483 
0.9471963 
0.9327707 
0.9360350 
0.9365555 
0.9067993 
0.9282352 
0.9190805 
0.9058081 
0.8824847 
0.8673673 
0.8718363 
0.8871624 
0.8848134 
0.9008851 
0.9043661 
0.8841720 
0.8779594 
0.8861149 
0.8847393 
0.8845609 
0.9038987 
0.9103175 
0.8764259 
0.8656676 
0.8679053 
0.8751550 
0.8633117 
0.8628595 
0.8649568 
0.8942592 
0.8853547 
0.8998674 
0.8999904 
0.9203653 
0.9220183 
0.9258666 
0.9289842 
0.9278629 
0.9344019 
0.9501589 
0.9248292 
0.9178789 
0.9117748 
0.9189247 
0.9162880 
0.8907912 
0.8772420 
0.8901623 
0.8792846 
0.8855776 
0.8833929 
0.8805877 
0.8679342 
0.8762796 
0.8805977 
0.8777139 
0.8633355 
0.8807654 
0.8775944 
0.8726628 
0.8707240 
0.8658966 
0.8526224 
0.8599134 
0.8529413 
0.8558055 
0.8823010 
0.8592817 
0.8572315 
0.8616599 
0.8485784 
0.8365405 
0.8626976 
0.8665198 
0.8687903 
0.8611689 
0.8618106 
0.8606472 
0.8653464 
0.8673661 
0.8663849 
0.8803925 
0.8938560 
0.8782749 
0.8711402 
0.8698030 
0.8853357 
0.8741239 
0.8749735 
0.8661503 
0.8473310 
0.8482709 
0.8554545 
0.8634860 
0.8331938 
0.8284510 
0.8091021 
0.8153559 
0.8168788 
0.8451979 
0.8312089 
0.8279538 
0.8204945 
0.8229762 
0.8232373 
0.8318040 
0.8171676 
0.8213685 
0.7929672 
0.8123509 
0.8122276 
0.7959963 
0.7669102 
0.7737476 
0.7760145 
0.7807465 
0.7757089 
0.7916734 
0.7894157 
0.7990349 
0.8050566 
0.8020554 
0.8016585 
0.7772928 
0.7804377 
0.7806990 
0.7638132 
0.7660406 
0.7847347 
0.7920308 
0.7951815 
0.7990236 
0.7869529 
0.7972122 
0.7887888 
0.7912464 
0.7772097 
0.7577022 
0.7632992 
0.7526310 
0.7620209 
0.7400705 
0.7414888 
0.7432866 
0.7250928 
0.7524176 
0.7485868 
0.7476195 
0.7811557 
0.7787348 
0.7890703 
0.7802303 
0.7760344 
0.7668810 
0.7520817 
0.7686092 
0.7489228 
0.7531211 
0.7602708 
0.7734712 
0.7585029 
0.7479698 
0.7585170 
0.7787214 
0.7892884 
0.7967076 
0.8160296 
0.8209732 
0.8012108 
0.7891794 
0.8096150 
0.8183288 
0.7993949 
0.7996302 
0.8136225 
0.8199172 
0.7957555 
0.8073806 
0.8030161 
0.7923765 
0.7927125 
0.7794945 
0.7818072 
0.7762004 
0.7636125 
0.7618058 
0.7502946 
0.7427411 
0.7475442 
0.7449775 
0.7203676 
0.7354162 
0.6930160 
0.6730877 
0.6848865 
0.6958807 
0.6919594 
0.6717246 
0.6643293 
0.6739992 
0.6817394 
0.6684741 
0.6696635 
0.6355373 
0.6404222 
0.6643605 
0.6579334 
0.6547511 
0.6492353 
0.6518490 
0.6464866 
0.6536518 
0.6355977 
0.6336434 
0.6290764 
0.6301854 
0.6442094 
0.6324029 
0.6201697 
0.6132365 
0.6082458 
0.6042723 
0.6322803 
0.6274062 
0.6204365 
0.6255156 
0.6411720 
0.6340788 
0.6406845 
0.6515100 
0.6478404 
0.6287189 
0.6089756 
0.6273670 
0.6309454 
0.6352450 
0.6169771 
0.6158534 
0.6019617 
0.6446277 
0.6595303 
0.6291187 
0.6293024 
0.6282431 
0.6203703 
0.6167285 
0.6218189 
0.6274722 
0.6229401 
0.6173358 
0.6135091 
0.6214406 
0.6200896 
0.6308021 
0.6082104 
0.6104015 
0.5972142 
0.5997318 
0.5723812 
0.5614650 
0.5778986 
0.5798020 
0.5764488 
0.5867110 
0.5905499 
0.6061984 
0.6091241 
0.6033336 
0.5999582 
0.6054330 
0.5999133 
0.5925397 
0.5908948 
0.5810872 
0.6051790 
0.5971949 
0.6124761 
0.6308441 
0.6235624 
0.6144337 
0.5881791 
0.5823938 
0.5977686 
0.5924381 
0.5952054 
0.5960217 
0.5847568 
0.5981020 
0.5825794 
0.5904527 
0.5916009 
0.5887678 
0.5665135 
0.5552909 
0.5452145 
0.5492168 
0.5637587 
0.5382045 
0.5486045 
0.5538376 
0.5569709 
0.5417747 
0.5409521 
0.5458514 
0.5525691 
0.5494307 
0.5369929 
0.5225284 
0.5206207 
0.5509352 
0.5638508 
0.5374934 
0.5318415 
0.5311785 
0.5262195 
0.5283270 
0.5433565 
0.5521271 
0.5453502 
0.5340244 
0.5321934 
0.5445633 
0.5522964 
0.5782612 
0.5727158 
0.5760365 
0.5495627 
0.5505022 
0.5590663 
0.5535669 
0.5649020 
0.5704359 
0.5852715 
0.5858396 
0.5766353 
0.5688018 
0.5767296 
0.5857997 
0.5867102 
0.5953965 
0.5671191 
0.5575248 
0.5503351 
0.5667413 
0.5772562 
0.5753972 
0.5693115 
0.5738641 
0.5734821 
0.5854665 
0.5720721 
0.5885306 
0.5821342 
0.5855162 
0.6037709 
0.6039670 
0.5865405 
0.5850793 
0.6087829 
0.5981865 
0.5807956 
0.5924369 
0.5512631 
0.5501511 
0.5604448 
0.5552840 
0.5688468 
0.5695072 
0.5659211 
0.5746602 
0.5939539 
0.5964312 
0.5834887 
0.5808329 
0.5708962 
0.5507353 
0.5562923 
0.5594672 
0.5587441 
0.5432729 
0.5631167 
0.5576331 
0.5574954 
0.5646985 
0.5849627 
0.5579831 
0.5713834 
0.5751883 
0.5849897 
0.5733152 
0.5703871 
0.5693832 
0.5770126 
0.5849838 
0.5783284 
0.5676131 
0.5756022 
0.5642671 
0.5526710 
0.5737479 
0.5829582 
0.6030138 
0.6040280 
0.5854672 
0.5920134 
0.5663527 
0.5567966 
0.5603797 
0.5753887 
0.5498779 
0.5483049 
0.5306817 
0.5352739 
0.5355148 
0.5322009 
0.5223995 
0.5218771 
0.5289042 
0.5252250 
0.5258035 
0.5287196 
0.5322437 
0.5193045 
0.5299378 
0.5284031 
0.5240433 
0.5179459 
0.5182103 
0.5260464 
0.5027173 
0.4969534 
0.4958288 
0.4988329 
0.4992692 
0.4987537 
0.5113479 
0.5041194 
0.5029447 
0.4960968 
0.5023664 
0.4980804 
0.5046951 
0.5405183 
0.5456073 
0.5508242 
0.5335104 
0.5415061 
0.5620737 
0.5541868 
0.5543458 
0.5402629 
0.5278821 
0.5569861 
0.5552545 
0.5533684 
0.5463546 
0.5488654 
0.5414827 
0.5564196 
0.5595418 
0.5473128 
0.5524794 
0.5507312 
0.5470008 
0.5716979 
0.5763427 
0.5732789 
0.5773866 
0.5604760 
0.5868407 
0.5983105 
0.5738933 
0.5927743 
0.5804594 
0.5852656 
0.5805183 
0.5804156 
0.5897688 
0.5809672 
0.5970857 
0.5930983 
0.6028191 
0.5907070 
0.5917481 
0.5809112 
0.5652297 
0.5435721 
0.5581563 
0.5625377 
0.5580998 
0.5538241 
0.5550181 
0.5672103 
0.5735095 
0.5839049 
0.5625206 
0.5756774 
0.5756381 
0.5568185 
0.5572957 
0.5496972 
0.5427936 
0.5299605 
0.5579422 
0.5527700 
0.5652675 
0.5545841 
0.5445295 
0.5412882 
0.5374199 
0.5332758 
0.5204030 
0.5475061 
0.5399476 
0.5176854 
0.5439529 
0.5333583 
0.5282073 
0.5425897 
0.5685994 
0.5484113 
0.5671728 
0.5587848 
0.5401316 
0.5631480 
0.5588947 
0.5360680 
0.5373695 
0.5606441 
0.5460612 
0.5539182 
0.5217825 
0.5338483 
0.5140254 
0.5030182 
0.4869494 
0.4946420 
0.5059331 
0.5156914 
0.5190279 
0.5022744 
0.5074760 
0.5119086 
0.5130668 
0.5201421 
0.5217363 
0.5312020 
0.5251058 
0.5130300 
0.5103102 
0.5144735 
0.5096227 
0.4946156 
0.5112477 
0.5068351 
0.4962791 
0.4952094 
0.5029165 
0.5286296 
0.5280312 
0.5510122 
0.5465566 
0.5078888 
0.5088584 
0.5214882 
0.5014300 
0.5054274 
0.4870350 
0.5021792 
0.5019822 
0.4948394 
0.4989642 
0.5163065 
0.5078911 
0.4984766 
0.5018538 
0.4926354 
0.4936573 
0.5055125 
0.4989636 
0.5350794 
0.5199794 
0.5028739 
0.5148085 
0.5029393 
0.4807379 
0.4854986 
0.4778012 
0.4784510 
0.4739953 
0.4800654 
0.4670545 
0.4633739 
0.4660066 
0.4614472 
0.4436698 
0.4440295 
0.4522199 
0.4286693 
0.4261373 
0.4356463 
0.4406879 
0.4348306 
0.4273148 
0.4013599 
0.4016426 
0.3869237 
0.3994633 
0.4012023 
0.4047931 
0.4139942 
0.4361000 
0.4265377 
0.4255478 
0.4332963 
0.4385168 
0.4546898 
0.4261791 
0.4384196 
0.4595103 
0.4588373 
0.4512822 
0.4645152 
0.4608246 
0.4695389 
0.4779893 
0.4653987 
0.4384566 
0.4582749 
0.4487449 
0.4451734 
0.4209026 
0.4401077 
0.4430380 
0.4554627 
0.4340833 
0.4408926 
0.4558232 
0.4558079 
0.4554356 
0.4850659 
0.4655470 
0.4569356 
0.4776673 
0.4605161 
0.4717467 
0.4733895 
0.4594051 
0.4602429 
0.4765745 
0.4990783 
0.5066117 
0.5152874 
0.5090253 
0.5181192 
0.5013979 
0.4800312 
0.4927173 
0.4852405 
0.5005660 
0.4997300 
0.5116727 
0.5099520 
0.5080601 
0.4884802 
0.4992812 
0.4952067 
0.4909399 
0.4732267 
0.4664313 
0.4443202 
0.4467600 
0.4685051 
0.4897205 
0.4749376 
0.4721734 
0.4701613 
0.4427385 
0.4315224 
0.4412158 
0.4460652 
0.4453366 
0.4386784 
0.4223835 
0.4278463 
0.4339158 
0.4358721 
0.4331369 
0.4381901 
0.4260458 
0.4174147 
0.4560207 
0.4643677 
0.4735126 
0.4804596 
0.4688119 
0.4690314 
0.4795909 
0.4939917 
0.4855759 
0.4679054 
0.4532522 
0.4677305 
0.4783114 
0.4816111 
0.4873345 
0.4692963 
0.4542682 
0.4502024 
0.4462706 
0.4479315 
0.4628300 
0.4542032 
0.4587404 
0.4590421 
0.4607074 
0.4655182 
0.4438551 
0.4668755 
0.4615741 
0.4326832 
0.4442963 
0.4334812 
0.4299177 
0.4396446 
0.4514087 
0.4471650 
0.4296826 
0.4205699 
0.4281698 
0.4153090 
0.4211815 
0.3949555 
0.3968065 
0.3852705 
0.3911030 
0.4075874 
0.4149307 
0.4043708 
0.3864039 
0.3916469 
0.3902658 
0.4124068 
0.4363068 
0.4582093 
0.4236583 
0.4459701 
0.4375768 
0.4514885 
0.4323747 
0.4393473 
0.4270842 
0.4320558 
0.4315798 
0.4178492 
0.4312064 
0.4128059 
0.4181456 
0.4107792 
0.4242793 
0.4435787 
0.4309687 
0.4246478 
0.4184717 
0.4191932 
0.3931483 
0.3905417 
0.3988501 
0.4164216 
0.4184527 
0.4205108 
0.4119546 
0.3997806 
0.4081397 
0.4045819 
0.3956535 
0.3689935 
0.3337612 
0.3492769 
0.3451917 
0.3472195 
0.3503886 
0.3474671 
0.3596172 
0.3628357 
0.3589010 
0.3610773 
0.3523790 
0.3634870 
0.3706341 
0.3682677 
0.3822628 
0.3652139 
0.3614917 
0.3674844 
0.3686173 
0.3896499 
0.3641822 
0.3716845 
0.3735782 
0.3941021 
0.3962470 
0.3840366 
0.4040328 
0.3890582 
0.4088319 
0.3975053 
0.4091717 
0.3837619 
0.3945638 
0.3992461 
0.3847567 
0.4024673 
0.4216714 
0.4218391 
0.4007423 
0.4115576 
0.4283610 
0.4056105 
0.4304508 
0.4244178 
0.4336606 
0.4518710 
0.4129915 
0.4022651 
0.4015620 
0.3918815 
0.3779756 
0.3790098 
0.3953309 
0.3853378 
0.3858101 
0.3714248 
0.3881566 
0.3973125 
0.3947918 
0.3920181 
0.3749198 
0.3892983 
0.4041229 
0.4037188 
0.4015059 
0.3722417 
0.3893090 
0.3749958 
0.3933236 
0.3879058 
0.3862821 
0.3869419 
0.3807107 
0.3864698 
0.3833782 
0.3846947 
0.3902488 
0.4005609 
0.3904898 
0.3820497 
0.3912130 
0.4178497 
0.4080772 
0.4083653 
0.4040745 
0.4051072 
0.4021748 
0.4033032 
0.4257415 
0.4151862 
0.4130092 
0.4153090 
0.4117902 
0.3968875 
0.3980119 
0.4077963 
0.4261596 
0.4214640 
0.4102435 
0.3904463 
0.4139985 
0.3873409 
0.3817808 
0.3751838 
0.3897642 
0.3878685 
0.4017942 
0.3842134 
0.3846983 
0.3635897 
0.3462356 
0.3428532 
0.3660187 
0.3634837 
0.3522728 
0.3461350 
0.3466676 
0.3522157 
0.3154788 
0.3191217 
0.3442010 
0.3281829 
0.3270417 
0.3364077 
0.3224754 
0.3344460 
0.3149381 
0.3172249 
0.3199534 
0.3130198 
0.3150028 
0.3302339 
0.3277611 
0.3307451 
0.3360173 
0.3358989 
0.3399088 
0.3220895 
0.3310562 
0.3334313 
0.3203362 
0.3304802 
0.3446795 
0.3626574 
0.3747764 
0.3591100 
0.3302011 
0.3320447 
0.3493247 
0.3515422 
0.3377634 
0.3624450 
0.3610463 
0.3653044 
0.3689480 
0.3779999 
0.3669753 
0.3553508 
0.3476828 
0.3514394 
0.3264201 
0.3397361 
0.3424075 
0.3538976 
0.3543135 
0.3681868 
0.3705512 
0.3897188 
0.3711121 
0.3407000 
0.3321039 
0.3248917 
0.3150778 
0.3217266 
0.3254713 
0.3404823 
0.3532412 
0.3622588 
0.3852973 
0.3698614 
0.3819665 
0.3947162 
0.3932720 
0.3938565 
0.3940025 
0.3863749 
0.3804710 
0.3702485 
0.3574241 
0.3487370 
0.3371105 
0.3307866 
0.3516193 
0.3504886 
0.3729398 
0.3840369 
0.3807633 
0.3943519 
0.3835546 
0.3783573 
0.3958634 
0.3970792 
0.3906408 
0.3803374 
0.3680689 
0.4076982 
0.3937803 
0.3898090 
0.4103433 
0.4193163 
0.4219422 
0.4123958 
0.4157740 
0.4090587 
0.4191882 
0.4250057 
0.4169358 
0.3925642 
0.3949479 
0.3791411 
0.3694476 
0.3622704 
0.3649414 
0.3684037 
0.3935826 
0.4148172 
0.4101806 
0.3941871 
0.3966886 
0.3966725 
0.3936720 
0.4089454 
0.4284540 
0.4253923 
0.4438562 
0.4311840 
0.4451690 
0.4431950 
0.4430536 
0.4314131 
0.4316966 
0.4294741 
0.4414695 
0.4203894 
0.4307616 
0.4444334 
0.4434887 
0.4413153 
0.4541247 
0.4405223 
0.4464919 
0.4407864 
0.4078273 
0.3915223 
0.4025413 
0.4075193 
0.4260393 
0.4372701 
0.4618569 
0.4548099 
0.4374585 
0.4404802 
0.4297850 
0.4244125 
0.4178216 
0.4282007 
0.3756035 
0.3914008 
0.4159165 
0.4162951 
0.4237240 
0.4419792 
0.4574228 
0.4724226 
0.4705412 
0.4477036 
0.4332309 
0.4338922 
0.4400337 
0.4519031 
0.4502681 
0.4676351 
0.4679661 
0.4628032 
0.4805442 
0.4897415 
0.4555010 
0.4463709 
0.4484795 
0.4376226 
0.4366154 
0.4368148 
0.4322803 
0.4495290 
0.4466928 
0.4309018 
0.4313184 
0.4188667 
0.4012465 
0.4179171 
0.4166815 
0.4251223 
0.4451899 
0.4367385 
0.4227925 
0.4425144 
0.4368084 
0.4066543 
0.4091610 
0.4038764 
0.4069296 
0.4170543 
0.4290182 
0.4317555 
0.4221737 
0.4344378 
0.4302060 
0.4083364 
0.4039945 
0.4112598 
0.4110007 
0.4215168 
0.4164784 
0.3971428 
0.4018722 
0.4156900 
0.4089291 
0.4012761 
0.4035398 
0.4058530 
0.3939090 
0.3656701 
0.3845922 
0.3917701 
0.3880028 
0.3997862 
0.4072485 
0.3873165 
0.3523425 
0.3499885 
0.3310048 
0.3284450 
0.3345549 
0.3344802 
0.3487323 
0.3560297 
0.3378177 
0.3287896 
0.3071684 
0.3043221 
0.3309028 
0.3467435 
0.3936520 
0.3957696 
0.4248550 
0.4013993 
0.4079764 
0.3772240 
0.3701051 
0.3709215 
0.3795165 
0.3553270 
0.3632181 
0.3436876 
0.3303564 
0.3397951 
0.3619641 
0.3476298 
0.3366624 
0.3564645 
0.3667045 
0.3714435 
0.3655521 
0.3617699 
0.3550742 
0.3471585 
0.4020434 
0.3966209 
0.4227697 
0.4350651 
0.4238215 
0.4206993 
0.3972229 
0.3696158 
0.3615077 
0.3634092 
0.3842633 
0.3987497 
0.3848727 
0.3954671 
0.3854129 
0.3793710 
0.3817886 
0.3712760 
0.3898350 
0.3904630 
0.4073590 
0.4054179 
0.4074830 
0.3990243 
0.3905055 
0.3883083 
0.3975517 
0.3839533 
0.3834088 
0.3891678 
0.3803635 
0.3649630 
0.3449590 
0.3541888 
0.3600581 
0.3583337 
0.3701931 
0.3480301 
0.3353238 
0.3494659 
0.3435865 
0.3430067 
0.3252032 
0.3215247 
0.3165845 
0.3439925 
0.3360151 
0.3057978 
0.3185256 
0.3223010 
0.3105372 
0.3207092 
0.3355701 
0.3237193 
0.3317646 
0.3307456 
0.3629359 
0.3574443 
0.3410968 
0.3298451 
0.3227529 
0.3322651 
0.3366329 
0.3346727 
0.3391852 
0.3355213 
0.3317079 
0.3210186 
0.2973033 
0.3115761 
0.3031953 
0.3091802 
0.2917321 
0.3208519 
0.3225113 
0.3227286 
0.3304827 
0.3253586 
0.2811031 
0.2775646 
0.2851083 
0.2851548 
0.3025084 
0.2893049 
0.2949486 
0.2802468 
0.2929752 
0.2734306 
0.2598941 
0.2725380 
0.2863831 
0.2949855 
0.3182717 
0.3356894 
0.3334420 
0.3190990 
0.3164110 
0.3380361 
0.3145937 
0.3235224 
0.3441989 
0.3483476 
0.3406162 
0.3128283 
0.2989790 
0.3155721 
0.3018078 
0.3072037 
0.3066593 
0.3001756 
0.2806955 
0.2486004 
0.2463670 
0.2394045 
0.2441570 
0.2424385 
0.2488956 
0.2341798 
0.2242608 
0.2052958 
0.2300724 
0.2279219 
0.2135915 
0.2152322 
0.2168565 
0.2066216 
0.1983773 
0.1950346 
0.1925602 
0.2051294 
0.2025657 
0.2201633 
0.2248827 
0.2279577 
0.2113093 
0.2020374 
0.2063925 
0.1949056 
0.1988282 
0.2053755 
0.2006211 
0.1922844 
0.1986309 
0.2090799 
0.1739271 
0.1776100 
0.1685148 
0.2001172 
0.2201179 
0.2113891 
0.2176959 
0.2132421 
0.1995727 
0.1750727 
0.1816846 
0.1901128 
0.2057803 
0.2221627 
0.2214714 
0.2158832 
0.2265755 
0.2268308 
0.2261121 
0.2296855 
0.2247681 
0.2233310 
0.2228528 
0.1986118 
0.2018161 
0.1904338 
0.1713070 
0.1702964 
0.1746397 
0.1743258 
0.1851579 
0.1939991 
0.1910941 
0.1955835 
0.1817100 
0.1716710 
0.1740004 
0.1830692 
0.1788937 
0.1859527 
0.2081015 
0.1922403 
0.1908071 
0.1697965 
0.1602510 
0.1550614 
0.1562379 
0.1445150 
0.1567015 
0.1449073 
0.1478045 
0.1576000 
0.1829049 
0.1869863 
0.2032970 
0.1793640 
0.1765986 
0.1891721 
0.1907987 
0.2099589 
0.2103727 
0.2391559 
0.2532538 
0.2833855 
0.2783301 
0.2700596 
0.2770079 
0.2532706 
0.2089790 
0.1781167 
0.1938099 
0.1850246 
0.1748971 
0.1713523 
0.1766545 
0.1750725 
0.1686666 
0.1653178 
0.1420272 
0.1607223 
0.1976130 
0.2138804 
0.2067413 
0.1996807 
0.1985339 
0.1836266 
0.1915543 
0.1962026 
0.1835457 
0.1824535 
0.1858571 
0.1821985 
0.1777036 
0.1556602 
0.1703566 
0.1938113 
0.1892668 
0.1760383 
0.2013487 
0.1977321 
0.1685874 
0.1828234 
0.1820240 
0.1863813 
0.1947861 
0.1819359 
0.1734650 
0.1920391 
0.1893602 
0.1549163 
0.1515907 
0.1345873 
0.1386751 
0.1555165 
0.1419288 
0.1343710 
0.1507813 
0.1591178 
0.1519211 
0.1550842 
0.1519400 
0.1343204 
0.1281229 
0.1146214 
0.1284810 
0.1275299 
0.1380953 
0.1294903 
0.1301576 
0.1321790 
0.1480092 
0.1374858 
0.1379489 
0.1108087 
0.1098262 
0.1170711 
0.1300549 
0.1379386 
0.1542331 
0.1370571 
0.1330323 
0.1475731 
0.1599923 
0.1527273 
0.1501063 
0.1590302 
0.1607570 
0.1507088 
0.1319396 
0.1301235 
0.1264032 
0.1473880 
0.1236919 
0.1365271 
0.1556385 
0.1528959 
0.1582588 
0.1267693 
0.1029153 
0.1029831 
0.0900188 
0.0977216 
0.1296850 
0.1230772 
0.1405131 
0.1243783 
0.1478940 
0.1434532 
0.1288080 
0.1510200 
0.1544345 
0.1578968 
0.1599243 
0.1475746 
0.1325129 
0.1167477 
0.1269351 
0.1099600 
0.0860657 
0.0893661 
0.0933661 
0.0995164 
0.1085851 
0.1132898 
0.0860713 
0.0959099 
0.1098026 
0.0985026 
0.1121328 
0.1183136 
0.1242500 
0.1132551 
0.1192169 
0.1309318 
0.1429607 
0.1505411 
0.1328499 
0.1066602 
0.0901785 
0.0864993 
0.1148681 
0.1054000 
0.1155207 
0.1228062 
0.1147479 
0.1393943 
0.1433726 
0.1165386 
0.1106473 
0.0896830 
0.0895248 
0.0700920 
0.0653956 
0.0794501 
0.0952920 
0.0958435 
0.1287854 
0.1297193 
0.1288820 
0.1392125 
0.1344268 
0.1244932 
0.1141090 
0.1118946 
0.1018194 
0.1119925 
0.1019351 
0.0919871 
0.1030138 
0.0831239 
0.0902626 
0.1023531 
0.1040510 
0.1153243 
0.1069669 
0.0972304 
0.1003294 
0.1124335 
0.1215814 
0.1176062 
0.0994918 
0.0926457 
0.0944627 
0.0929832 
0.1061877 
0.0991166 
0.0986789 
0.1100933 
0.1206391 
0.1391168 
0.0999337 
0.0848852 
0.0986999 
0.0872678 
0.0877910 
0.0830532 
0.0763077 
0.0557796 
0.0609440 
0.0570850 
0.0504011 
0.0577921 
0.0611721 
0.0190973 
0.0279247 
0.0418455 
0.0413261 
0.0107263 
0.0161916 
0.0228523 
0.0330466 
0.0370073 
0.0428372 
0.0341197 
0.0453582 
0.0399544 
0.0471743 
0.0458838 
0.0523789 
0.0431494 
0.0389385 
0.0607867 
0.0533394 
0.0472372 
0.0369041 
0.0284655 
0.0445447 
0.0434566 
0.0368074 
0.0472691 
0.0544630 
0.0529763 
0.0540365 
0.0340381 
0.0300259 
0.0240700 
0.0250361 
0.0348090 
0.0423130 
0.0577550 
0.0426874 
0.0553680 
0.0553798 
0.0727941 
0.0698854 
0.0612987 
0.0636698 
0.0530424 
0.0600616 
0.0624972 
0.0522796 
0.0512007 
0.0537158 
0.0521154 
0.0613675 
0.0726595 
0.1022000 
0.0873203 
0.0921449 
0.0899571 
0.1092485 
0.0838620 
0.0762598 
0.0645644 
0.0560267 
0.0686627 
0.0554558 
0.0834737 
0.0917396 
0.1088620 
0.0961181 
0.1051168 
0.1233735 
0.1192031 
0.1147120 
0.1132413 
0.1122079 
0.1179871 
0.1008347 
0.1197936 
0.1224745 
0.1225751 
0.1252393 
0.1180401 
0.0816479 
0.0900319 
0.1032043 
0.1030257 
0.1023341 
0.0976448 
0.1072763 
0.1023145 
0.1086920 
0.1182829 
0.0939242 
0.1049410 
0.0898771 
0.0991442 
0.1132176 
0.1130591 
0.0860469 
0.0701230 
0.0762687 
0.0615484 
0.0464527 
0.0416148 
0.0501774 
0.0372163 
0.0126172 
0.0248219 
0.0121215 
0.0319744 
0.0380606 
0.0461683 
0.0353809 
0.0442170 
0.0519602 
0.0095234 
0.0000000 
0.0266235 
0.0225431 
0.0319329 
0.0734905 
0.0813453 
0.0933664 
0.1054495 
0.1223031 
0.1420308 
0.1484140 
0.1685030 
0.1618208 
0.1587090 
0.1472648 
0.1006229 
0.0352714 
0.0387640 
0.0686688 
0.0674064 
0.0653882 
0.0612775 
0.0558634 
0.0605698 
0.0512453 
0.0519803 
0.0615182 
0.0699961 
0.0612204 
0.0614313 
0.0728491 
0.0570791 
0.0610847 
0.0454090 
0.0501695 
0.0469149 
0.0388927 
0.0675795 
0.0978135 
0.1176792 
0.1208769 
0.1210633 
0.1009154 
0.1058833 
0.0983835 
0.1045295 
0.1079564 
0.1132362 
0.1168290 
0.1105015 
0.1157892 
0.1228846 
0.1068503 
0.1165990 
0.1163478 
0.1208447 
0.1244449 
0.1299576 
0.1399125 
0.1488358 
0.1444870 
0.1599717 
0.1518566 
0.1515217 
0.1279667 
0.1093918 
0.1248543 
0.1281287 
0.1157816 
0.1286295 
0.1245888 
0.1113107 
0.1013915 
0.1140054 
0.1282414 
0.1320013 
0.1502939 
0.1582512 
0.1426425 
0.1541022 
0.1468643 
0.1319446 
0.1408522 
0.1362696 
0.1165492 
0.1331944 
