-0.0001104 
0.0001845 
0.0001881 
-0.3755416 
-0.0280920 
0.1530290 
0.4107003 
0.4232521 
0.4274462 
0.4175910 
0.4082185 
0.4082378 
0.4180655 
0.4143779 
0.4044385 
0.4016920 
0.4031671 
0.3962753 
0.3930360 
0.3878201 
0.3949420 
0.3813572 
0.3773112 
0.3899403 
0.3958386 
0.3954119 
0.3854935 
0.3735876 
0.3661601 
0.3661998 
0.3628749 
0.3623826 
0.3630241 
0.3673943 
0.3707665 
0.3643107 
0.3491086 
0.3453615 
0.3545477 
0.3555854 
0.3597896 
0.3602935 
0.3599356 
0.3560180 
0.3479326 
0.3454427 
0.3483340 
0.3469465 
0.3435122 
0.3276748 
0.3233365 
0.3357909 
0.3317641 
0.3342916 
0.3324020 
0.3233967 
0.3228898 
0.3218280 
0.3167375 
0.3126601 
0.3108281 
0.3282885 
0.3271705 
0.3240710 
0.3270270 
0.3379561 
0.3307208 
0.3046546 
0.2867550 
0.2850258 
0.2918704 
0.2919125 
0.2982861 
0.2990571 
0.2944111 
0.2905556 
0.2864903 
0.2809813 
0.2721258 
0.2647078 
0.2614735 
0.2484626 
0.2529709 
0.2643956 
0.2580323 
0.2617996 
0.2736702 
0.2738818 
0.2715086 
0.2826504 
0.2839225 
0.2730823 
0.2680977 
0.2627911 
0.2670316 
0.2684255 
0.2684368 
0.2711328 
0.2653911 
0.2713301 
0.2727315 
0.2698110 
0.2546560 
0.2594404 
0.2566729 
0.2536622 
0.2538241 
0.2539434 
0.2548993 
0.2551830 
0.2623538 
0.2631731 
0.2587529 
0.2560186 
0.2495425 
0.2606267 
0.2514000 
0.2518134 
0.2409374 
0.2402570 
0.2473264 
0.2498233 
0.2404196 
0.2293326 
0.2189866 
0.2224205 
0.2243755 
0.2203564 
0.2152145 
0.2158826 
0.2169484 
0.2225439 
0.2155148 
0.2154669 
0.2235202 
0.2251051 
0.2391330 
0.2344728 
0.2324576 
0.2336508 
0.2288733 
0.2259319 
0.2271689 
0.2290814 
0.2434680 
0.2494819 
0.2511423 
0.2351155 
0.2287938 
0.2164191 
0.2087935 
0.2155699 
0.2206903 
0.2172570 
0.2108059 
0.2093356 
0.2125021 
0.2186082 
0.2227900 
0.2126699 
0.2050530 
0.2050453 
0.2019768 
0.2070935 
0.2034066 
0.2040717 
0.2059013 
0.1998425 
0.1956551 
0.1891779 
0.1965060 
0.2068851 
0.1965256 
0.1924300 
0.1983172 
0.1973183 
0.1939616 
0.1933163 
0.1854192 
0.1889710 
0.1897212 
0.1782754 
0.1748913 
0.1829310 
0.1788703 
0.1822761 
0.1832327 
0.1912672 
0.2028640 
0.1907052 
0.1809331 
0.1854935 
0.1831180 
0.1782606 
0.1891009 
0.1815752 
0.1913626 
0.1946291 
0.1914296 
0.1909234 
0.1829634 
0.1716320 
0.1692320 
0.1679076 
0.1684043 
0.1610973 
0.1626784 
0.1552251 
0.1572179 
0.1639893 
0.1618389 
0.1577531 
0.1564334 
0.1692366 
0.1747552 
0.1682725 
0.1628272 
0.1718421 
0.1772378 
0.1557389 
0.1567535 
0.1557675 
0.1570014 
0.1627008 
0.1668048 
0.1716968 
0.1647669 
0.1614859 
0.1471036 
0.1431501 
0.1451764 
0.1508713 
0.1403938 
0.1330360 
0.1375034 
0.1291717 
0.1387988 
0.1359045 
0.1404534 
0.1429239 
0.1456442 
0.1531850 
0.1572660 
0.1461495 
0.1396049 
0.1284247 
0.1332150 
0.1385460 
0.1470130 
0.1513694 
0.1434796 
0.1463504 
0.1548366 
0.1593264 
0.1476504 
0.1353606 
0.1433253 
0.1471112 
0.1464009 
0.1434495 
0.1394369 
0.1390205 
0.1407108 
0.1413949 
0.1354180 
0.1390505 
0.1385035 
0.1427037 
0.1427695 
0.1512470 
0.1490942 
0.1527018 
0.1295428 
0.1205379 
0.1282020 
0.1323836 
0.1342411 
0.1216855 
0.1230550 
0.1286944 
0.1269957 
0.1243743 
0.1259215 
0.1218530 
0.1143051 
0.1096848 
0.1078216 
0.1127026 
0.1123353 
0.1023728 
0.1029977 
0.1021601 
0.1073356 
0.1065170 
0.0999494 
0.1014392 
0.0912168 
0.0924724 
0.0920239 
0.0990697 
0.0993667 
0.0921811 
0.0945665 
0.0960139 
0.0989794 
0.1039866 
0.1034487 
0.1008380 
0.1027347 
0.1002861 
0.1006421 
0.1048283 
0.1030074 
0.0990234 
0.0998977 
0.0951064 
0.0924057 
0.1009773 
0.0917567 
0.0885555 
0.0891270 
0.0955273 
0.0900292 
0.0751621 
0.0756186 
0.0828872 
0.0770214 
0.0844204 
0.0863235 
0.0901781 
0.0892154 
0.0960375 
0.0957444 
0.0799641 
0.0746759 
0.0865409 
0.0808839 
0.0849152 
0.0822171 
0.0665764 
0.0778184 
0.0781329 
0.0828602 
0.0720300 
0.0765641 
0.0756049 
0.0635808 
0.0713732 
0.0703314 
0.0683778 
0.0702350 
0.0736899 
0.0813655 
0.0788130 
0.0704851 
0.0599984 
0.0694919 
0.0770840 
0.0824164 
0.0928015 
0.0740082 
0.0666415 
0.0617439 
0.0540283 
0.0657425 
0.0646557 
0.0615795 
0.0542475 
0.0464911 
0.0508676 
0.0343848 
0.0258594 
0.0289935 
0.0249421 
0.0177036 
0.0219593 
0.0270581 
0.0284731 
0.0337087 
0.0430960 
0.0471286 
0.0513358 
0.0526601 
0.0543907 
0.0447674 
0.0534413 
0.0506726 
0.0386610 
0.0432671 
0.0444842 
0.0441400 
0.0330814 
0.0321927 
0.0239917 
0.0248132 
0.0191398 
0.0191506 
0.0000000 
0.0009279 
0.0031265 
0.0026749 
0.0155548 
0.0226138 
0.0346704 
0.0528438 
0.0537279 
0.0542779 
0.0664478 
0.0724877 
0.0653802 
0.0681456 
0.0685785 
0.0710012 
0.0540831 
0.0470258 
0.0588984 
0.0586028 
0.0610673 
0.0574318 
0.0440318 
0.0396945 
0.0396626 
0.0421437 
0.0334923 
0.0356429 
0.0399476 
0.0499638 
0.0539803 
0.0566676 
0.0548810 
0.0714372 
0.0728648 
0.0645417 
0.0660992 
0.0553302 
0.0535661 
0.0732611 
0.0756665 
0.0673288 
0.0676819 
0.0664373 
0.0695567 
0.0744117 
0.0721462 
0.0770142 
0.0540053 
0.0567122 
0.0667397 
0.0613887 
0.0628115 
0.0576600 
0.0652993 
0.0524413 
0.0661925 
0.0799525 
0.0893028 
0.0799681 
0.0720689 
0.0766365 
0.0856166 
0.0821318 
0.0712165 
0.0595307 
0.0781776 
0.0869107 
0.0856580 
0.0770706 
0.0669480 
0.0568574 
0.0573471 
0.0642456 
0.0763192 
0.0725251 
0.0579293 
0.0676883 
0.0642514 
0.0544782 
0.0641898 
0.0643250 
0.0721444 
0.0675206 
0.0633849 
0.0613669 
0.0651743 
0.0669662 
0.0664714 
0.0586845 
0.0694668 
0.0716141 
0.0670618 
0.0621390 
0.0676290 
0.0745895 
0.0580129 
0.0619125 
0.0614735 
0.0725186 
0.0868689 
0.0922566 
0.0951692 
0.0899313 
0.0942186 
0.0887442 
0.0826754 
0.0707519 
0.0691249 
0.0651204 
0.0757286 
0.0760181 
0.0798423 
0.0861719 
0.0795039 
0.0836776 
0.0776824 
0.0801444 
0.0773758 
0.0873188 
0.0894868 
0.0989477 
0.1089760 
0.1248770 
0.1202917 
0.1194597 
0.1175796 
0.1164998 
0.1221901 
0.1268262 
0.1147046 
0.1178072 
0.1145217 
0.1123435 
0.1083326 
0.1111213 
0.1105467 
0.1130689 
0.1094896 
0.1046717 
0.1018342 
0.1068387 
0.1034291 
0.1090993 
0.1176150 
0.1124361 
0.1146575 
0.1212926 
0.1165582 
0.1274430 
0.1460067 
0.1390628 
0.1430097 
0.1461423 
0.1462765 
0.1544178 
0.1464589 
0.1463682 
0.1475066 
0.1497013 
0.1513312 
0.1463276 
0.1444739 
0.1365758 
0.1358706 
0.1274938 
0.1365948 
0.1557750 
0.1665772 
0.1624723 
0.1617030 
0.1578229 
0.1590895 
0.1603736 
0.1619198 
0.1696558 
0.1748219 
0.1747707 
0.1595301 
0.1540337 
0.1509352 
0.1569842 
0.1497022 
0.1563223 
0.1536380 
0.1480911 
0.1541149 
0.1524024 
0.1472828 
0.1416816 
0.1544652 
0.1814345 
0.1971454 
0.2029712 
0.1961247 
0.1893761 
0.1733627 
0.1754044 
0.1709505 
0.1698282 
0.1677968 
0.1733527 
0.1665354 
0.1693917 
0.1580217 
0.1431380 
0.1424776 
0.1502436 
0.1583167 
0.1761445 
0.1674333 
0.1666935 
0.1612108 
0.1619569 
0.1696414 
0.1629029 
0.1699964 
0.1683868 
0.1640234 
0.1644819 
0.1663628 
0.1550981 
0.1537630 
0.1354792 
0.1355052 
0.1230311 
0.1329569 
0.1343151 
0.1478594 
0.1429849 
0.1377044 
0.1339289 
0.1395966 
0.1529839 
0.1512757 
0.1985076 
0.1940909 
0.2042863 
0.2060284 
0.2066857 
0.1960627 
0.1897690 
0.1903026 
0.1974303 
0.1982392 
0.2148496 
0.1945435 
0.2014464 
0.1941554 
0.1854902 
0.1922468 
0.2076352 
0.2097543 
0.2016936 
0.2168794 
0.2220310 
0.2177594 
0.2201142 
0.2286644 
0.2338815 
0.2267948 
0.2156282 
0.2049680 
0.2007970 
0.2004656 
0.1798002 
0.1777363 
0.1706377 
0.1735848 
0.1794389 
0.1872959 
0.1925187 
0.1950233 
0.2107078 
0.2166482 
0.2172558 
0.2166562 
0.2138178 
0.2195989 
0.2126896 
0.2266607 
0.2162010 
0.2243850 
0.2222709 
0.2182291 
0.2152149 
0.2111146 
0.2155530 
0.2063173 
0.1928820 
0.1949404 
0.2047116 
0.2121482 
0.2077767 
0.2097092 
0.2121576 
0.2092982 
0.2153475 
0.2243732 
0.2223711 
0.2240950 
0.2319533 
0.2276979 
0.2347924 
0.2266013 
0.2181192 
0.2290450 
0.2230727 
0.2165614 
0.2024977 
0.2040824 
0.1984796 
0.2062231 
0.2236785 
0.2113605 
0.2152447 
0.2137189 
0.2198673 
0.2286919 
0.2279161 
0.2311072 
0.2371575 
0.2347319 
0.2393038 
0.2391289 
0.2299469 
0.2216553 
0.2178458 
0.2030378 
0.1997064 
0.2046772 
0.2162441 
0.2123152 
0.2049221 
0.2027776 
0.2175642 
0.2143454 
0.2232273 
0.2385405 
0.2404354 
0.2406512 
0.2210092 
0.2227984 
0.2236085 
0.2133162 
0.2004479 
0.2083866 
0.2064822 
0.1970627 
0.1961793 
0.2051409 
0.2101456 
0.2106880 
0.2102995 
0.2202757 
0.2214805 
0.2221220 
0.2130065 
0.2223060 
0.2238742 
0.2265241 
0.2363378 
0.2363360 
0.2363604 
0.2240310 
0.2187400 
0.2170395 
0.2241957 
0.2314143 
0.2266455 
0.2357678 
0.2325021 
0.2282552 
0.2308062 
0.2185372 
0.2165111 
0.2237401 
0.2306710 
0.2246865 
0.2364574 
0.2461896 
0.2391644 
0.2452309 
0.2586919 
0.2480219 
0.2502584 
0.2495987 
0.2311988 
0.2306487 
0.2331478 
0.2353202 
0.2505381 
0.2581836 
0.2576154 
0.2664526 
0.2595052 
0.2597709 
0.2510871 
0.2488184 
0.2576038 
0.2588018 
0.2490144 
0.2543245 
0.2629290 
0.2463541 
0.2345590 
0.2315583 
0.2358251 
0.2233117 
0.2311291 
0.2354102 
0.2071165 
0.2067797 
0.2037070 
0.1948097 
0.2070071 
0.2066497 
0.2026301 
0.2014159 
0.2091263 
0.2045785 
0.2039683 
0.2175015 
0.2195428 
0.2223279 
0.2273099 
0.2367892 
0.2344930 
0.2289929 
0.2218910 
0.2228464 
0.2329182 
0.2479916 
0.2413397 
0.2516818 
0.2599091 
0.2570421 
0.2592686 
0.2622943 
0.2779967 
0.2817093 
0.2814005 
0.2866975 
0.2983820 
0.3012316 
0.3020489 
0.3112255 
0.3062415 
0.2988931 
0.3033079 
0.2962031 
0.2913444 
0.2847513 
0.2781699 
0.2776818 
0.2670155 
0.2634411 
0.2682491 
0.2727031 
0.2852029 
0.2895192 
0.2980434 
0.2962278 
0.3042978 
0.3066812 
0.3088360 
0.3085993 
0.3169259 
0.3216177 
0.3133175 
0.2997668 
0.2962195 
0.2978081 
0.3029182 
0.3178331 
0.3177568 
0.3119790 
0.3137924 
0.3134667 
0.3257535 
0.3215517 
0.3232045 
0.3195816 
0.3146483 
0.3115014 
0.3040645 
0.3009545 
0.2951846 
0.2945318 
0.2976158 
0.2962492 
0.3083473 
0.2925589 
0.3018138 
0.3031225 
0.3059020 
0.3095307 
0.3111076 
0.3024975 
0.2980768 
0.2995647 
0.2998067 
0.2993887 
0.2978025 
0.2872060 
0.2859867 
0.2944429 
0.3025641 
0.2976782 
0.2896830 
0.3018629 
0.3030612 
0.2866325 
0.2911307 
0.2927336 
0.2854196 
0.2926076 
0.3023857 
0.2882967 
0.2978002 
0.2910684 
0.2931924 
0.3047567 
0.3026702 
0.2996800 
0.2980755 
0.2994243 
0.3048785 
0.3178609 
0.3070764 
0.3144124 
0.3140640 
0.3170105 
0.3207584 
0.3202488 
0.3230658 
0.3290713 
0.3152431 
0.3073216 
0.3110667 
0.3137568 
0.3124301 
0.3105764 
0.3180428 
0.3204704 
0.3183517 
0.3167561 
0.3223061 
0.3244354 
0.3288892 
0.3247827 
0.3092614 
0.3053537 
0.3039786 
0.2891848 
0.2879031 
0.2838327 
0.2888059 
0.2907987 
0.3001207 
0.3099891 
0.3301686 
0.3449749 
0.3472697 
0.3504934 
0.3468648 
0.3484066 
0.3430370 
0.3466939 
0.3466132 
0.3448661 
0.3462471 
0.3405704 
0.3362627 
0.3275419 
0.3037610 
0.3091185 
0.3100033 
0.3125842 
0.3096186 
0.3147583 
0.3037166 
0.3178209 
0.3114967 
0.3146225 
0.3128502 
0.3207888 
0.3179828 
0.3265957 
0.3262876 
0.3258693 
0.3216639 
0.3330778 
0.3275756 
0.3242220 
0.3214890 
0.3052191 
0.3057510 
0.2930520 
0.3018859 
0.3063279 
0.3151874 
0.3211274 
0.3196395 
0.3129147 
0.3154887 
0.3214659 
0.3233295 
0.3187007 
0.3171822 
0.3177939 
0.3214387 
0.3217378 
0.3157551 
0.3113312 
0.3086029 
0.3163014 
0.3218782 
0.3168637 
0.3143654 
0.3217771 
0.3248308 
0.3429390 
0.3330828 
0.3291000 
0.3369452 
0.3366657 
0.3348690 
0.3308591 
0.3345097 
0.3379427 
0.3375003 
0.3355437 
0.3428773 
0.3302424 
0.3313089 
0.3298306 
0.3345126 
0.3398334 
0.3440840 
0.3434289 
0.3383846 
0.3412001 
0.3424083 
0.3366220 
0.3333087 
0.3255294 
0.3225457 
0.3257078 
0.3300629 
0.3184416 
0.3207621 
0.3243855 
0.3305945 
0.3296995 
0.3324352 
0.3312464 
0.3356359 
0.3514230 
0.3551589 
0.3607166 
0.3505838 
0.3495558 
0.3503606 
0.3454634 
0.3355776 
0.3292038 
0.3253667 
0.3258600 
0.3272867 
0.3238121 
0.3320742 
0.3314678 
0.3389340 
0.3349907 
0.3315066 
0.3271473 
0.3269531 
0.3329212 
0.3387972 
0.3308177 
0.3381612 
0.3362698 
0.3460884 
0.3525881 
0.3396198 
0.3338912 
0.3335425 
0.3285785 
0.3415388 
0.3544013 
0.3572244 
0.3620829 
0.3574703 
0.3626468 
0.3698409 
0.3707094 
0.3602904 
0.3530839 
0.3507993 
0.3554628 
0.3670082 
0.3780646 
0.3720718 
0.3624810 
0.3573437 
0.3539515 
0.3535868 
0.3549573 
0.3662204 
0.3575690 
0.3644985 
0.3631527 
0.3646374 
0.3695418 
0.3714697 
0.3698164 
0.3580752 
0.3552099 
0.3549538 
0.3542083 
0.3549106 
0.3561688 
0.3485424 
0.3702024 
0.3808676 
0.3776712 
0.3705263 
0.3672758 
0.3724979 
0.3773928 
0.3748305 
0.3664360 
0.3626157 
0.3671366 
0.3664052 
0.3754533 
0.3779817 
0.3867725 
0.3769934 
0.3743146 
0.3729815 
0.3686480 
0.3699855 
0.3770503 
0.3839860 
0.3861765 
0.3828834 
0.3839095 
0.3831288 
0.3838826 
0.3939578 
0.3916050 
0.3925826 
0.3829880 
0.3821114 
0.3925123 
0.3833317 
0.3895080 
0.3792959 
0.3935832 
0.3860793 
0.3884417 
0.3843060 
0.3852466 
0.3809804 
0.3829391 
0.3879005 
0.3791018 
0.3805715 
0.3626705 
0.3596829 
0.3557482 
0.3612475 
0.3633590 
0.3644391 
0.3655500 
0.3545666 
0.3521585 
0.3531502 
0.3547932 
0.3636648 
0.3672707 
0.3635617 
0.3731141 
0.3733259 
0.3693532 
0.3689481 
0.3578805 
0.3597095 
0.3623814 
0.3746964 
0.3747679 
0.3733255 
0.3742627 
0.3690991 
0.3690919 
0.3696960 
0.3716261 
0.3714562 
0.3700221 
0.4024768 
0.4029057 
0.4139991 
0.4097381 
0.4111556 
0.4150783 
0.4056875 
0.3990405 
0.3922756 
0.3866143 
0.3949951 
0.4037009 
0.4013754 
0.4045582 
0.4012348 
0.4068809 
0.4158281 
0.4064673 
0.4098401 
0.4144670 
0.4192846 
0.4173680 
0.4116180 
0.4122798 
0.4144668 
0.4216354 
0.4298455 
0.4362004 
0.4350333 
0.4314596 
0.4254840 
0.4210124 
0.4269114 
0.4300558 
0.4204464 
0.4150510 
0.4513198 
0.4430718 
0.4364732 
0.4353377 
0.4289359 
0.4341532 
0.4371298 
0.4470540 
0.4360439 
0.4303697 
0.4350283 
0.4398175 
0.4423314 
0.4427427 
0.4419258 
0.4488944 
0.4440409 
0.4428173 
0.4540744 
0.4467032 
0.4528886 
0.4561526 
0.4421684 
0.4408658 
0.4447228 
0.4537423 
0.4540532 
0.4567817 
0.4534119 
0.4410671 
0.4413605 
0.4370206 
0.4219625 
0.4278824 
0.4317343 
0.4473937 
0.4528554 
0.4541572 
0.4580076 
0.4570970 
0.4612192 
0.4532385 
0.4507807 
0.4545736 
0.4586163 
0.4581846 
0.4555230 
0.4501502 
0.4478095 
0.4456306 
0.4552748 
0.4516576 
0.4468270 
0.4561768 
0.4668895 
0.4761830 
0.4745012 
0.4848466 
0.5004296 
0.5045902 
0.5043092 
0.5028272 
0.5068755 
0.5132139 
0.5110745 
0.5156797 
0.5110891 
0.5120332 
0.5190208 
0.5165438 
0.5187739 
0.5268290 
0.5167753 
0.5098072 
0.5072407 
0.5051168 
0.5196599 
0.5193419 
0.5065115 
0.5080950 
0.5210918 
0.5118810 
0.5108937 
0.5135379 
0.5389451 
0.5424663 
0.5440338 
0.5386443 
0.5339857 
0.5308127 
0.5311894 
0.5420515 
0.5276970 
0.5252303 
0.5374125 
0.5342920 
0.5403159 
0.5314681 
0.5240197 
0.5352750 
0.5447298 
0.5435168 
0.5429034 
0.5538442 
0.5576345 
0.5541967 
0.5351526 
0.5387765 
0.5477169 
0.5436162 
0.5325783 
0.5391007 
0.5473427 
0.5482804 
0.5434368 
0.5418701 
0.5402055 
0.5566571 
0.5490656 
0.5438941 
0.5382496 
0.5657171 
0.5670828 
0.5707976 
0.5603775 
0.5663834 
0.5711166 
0.5690086 
0.5651663 
0.5660359 
0.5830875 
0.5965806 
0.5980977 
0.5838435 
0.5825755 
0.5935621 
0.5930709 
0.5975456 
0.5921727 
0.5952516 
0.5905828 
0.5883460 
0.5780079 
0.5721558 
0.5771400 
0.5810391 
0.5952457 
0.5887713 
0.5887399 
0.5876837 
0.5894856 
0.5928679 
0.5738234 
0.5750138 
0.5781829 
0.5752584 
0.5692605 
0.5622755 
0.5572952 
0.5605648 
0.5724316 
0.5739483 
0.5722817 
0.5651462 
0.5658164 
0.5794171 
0.5907265 
0.5907073 
0.5863981 
0.5997783 
0.6214312 
0.6334030 
0.6263909 
0.6250312 
0.6203482 
0.6238972 
0.6190106 
0.6091198 
0.5965477 
0.5946978 
0.5903655 
0.5894099 
0.5880250 
0.5784111 
0.5741822 
0.5783517 
0.5770257 
0.5698166 
0.5657305 
0.5748154 
0.5707183 
0.5716604 
0.5802018 
0.5827730 
0.5852570 
0.5918384 
0.5869716 
0.5989158 
0.6055108 
0.5993301 
0.5973615 
0.5825828 
0.5887669 
0.5964079 
0.5925969 
0.5906328 
0.5877296 
0.5860321 
0.5917179 
0.5984289 
0.6032833 
0.6014970 
0.6034607 
0.6082617 
0.6252651 
0.6272329 
0.6356967 
0.6364453 
0.6277842 
0.6344152 
0.6407556 
0.6493073 
0.6377601 
0.6305514 
0.6304503 
0.6427499 
0.6445649 
0.6241967 
0.5877253 
0.5849646 
0.5842929 
0.5976006 
0.5969148 
0.5963487 
0.5817911 
0.5781599 
0.5937399 
0.5973790 
0.5949879 
0.5877126 
0.6000493 
0.6083250 
0.6158241 
0.6270805 
0.6265438 
0.6162088 
0.6276106 
0.6432378 
0.6635331 
0.6653352 
0.6572525 
0.6550882 
0.6558489 
0.6749984 
0.6759064 
0.6763552 
0.6666128 
0.6560313 
0.6503199 
0.6580366 
0.6619117 
0.6684038 
0.6686574 
0.6574275 
0.6648803 
0.6728476 
0.6681579 
0.6631257 
0.6590375 
0.6542430 
0.6572075 
0.6598881 
0.6727627 
0.6690176 
0.6593086 
0.6509556 
0.6553158 
0.6641046 
0.6665800 
0.6682707 
0.6657912 
0.6623013 
0.6657382 
0.6747705 
0.6754160 
0.6782320 
0.6731597 
0.6793340 
0.6778134 
0.6839265 
0.6931326 
0.6874080 
0.6729452 
0.6733965 
0.6632191 
0.6672118 
0.6729269 
0.6770116 
0.6733650 
0.6595444 
0.6590444 
0.6637022 
0.6701410 
0.6749736 
0.6747016 
0.6784089 
0.6835522 
0.6908183 
0.6927702 
0.6983759 
0.7011137 
0.6924137 
0.6976753 
0.6973966 
0.7004144 
0.7031835 
0.6998114 
0.6702965 
0.6725287 
0.6750683 
0.6784014 
0.6831324 
0.6860866 
0.6823957 
0.6787544 
0.6908432 
0.6956128 
0.7001389 
0.7037675 
0.7020775 
0.6955651 
0.6800202 
0.6953602 
0.7084497 
0.7132289 
0.7033458 
0.7022911 
0.6900745 
0.6907007 
0.6935820 
0.6875129 
0.6922627 
0.6842838 
0.6746631 
0.6765167 
0.6864254 
0.6964466 
0.6969236 
0.7024609 
0.6862867 
0.6802486 
0.6756592 
0.6868147 
0.6903520 
0.6906286 
0.6889705 
0.6848385 
0.6945105 
0.6809794 
0.6872670 
0.6983964 
0.6942513 
0.6988798 
0.6949049 
0.6896377 
0.6939366 
0.7036313 
0.7126311 
0.7136688 
0.7164500 
0.7123031 
0.6885759 
0.6824854 
0.6934401 
0.7034610 
0.6987235 
0.6941907 
0.6785772 
0.6712553 
0.6664961 
0.6735593 
0.6689158 
0.6813539 
0.6900445 
0.6896522 
0.6921079 
0.6977828 
0.7047795 
0.7148120 
0.7203108 
0.7181141 
0.7141629 
0.7083963 
0.7014318 
0.7085784 
0.7184846 
0.7125688 
0.7082125 
0.7110804 
0.7085532 
0.7083444 
0.7115910 
0.7228733 
0.7214697 
0.7175616 
0.7149561 
0.7044114 
0.7086675 
0.7134654 
0.7182388 
0.7198770 
0.7120897 
0.7108574 
0.7035068 
0.6945479 
0.6841592 
0.6885422 
0.6929863 
0.6842359 
0.6897863 
0.6840010 
0.6720475 
0.6735399 
0.6968976 
0.7001207 
0.6996381 
0.6965685 
0.6956911 
0.6952528 
0.7022049 
0.7027642 
0.7094021 
0.7016714 
0.6929880 
0.6988596 
0.7133596 
0.7217626 
0.7248905 
0.7255605 
0.7423406 
0.7447570 
0.7436288 
0.7479404 
0.7451904 
0.7449871 
0.7442378 
0.7486094 
0.7519600 
0.7587866 
0.7499484 
0.7505188 
0.7573407 
0.7525209 
0.7491375 
0.7547514 
0.7406554 
0.7372216 
0.7278995 
0.7274099 
0.7214120 
0.7286241 
0.7384181 
0.7619863 
0.7677511 
0.7636387 
0.7551179 
0.7509540 
0.7385167 
0.7335221 
0.7386389 
0.7613487 
0.7642193 
0.7674294 
0.7621846 
0.7588258 
0.7442222 
0.7330889 
0.7335570 
0.7469237 
0.7441762 
0.7540445 
0.7555292 
0.7569392 
0.7504278 
0.7405806 
0.7397465 
0.7439789 
0.7427182 
0.7504757 
0.7546223 
0.7561951 
0.7659374 
0.7700665 
0.7630439 
0.7700388 
0.7810859 
0.7846090 
0.7933421 
0.7955627 
0.7975026 
0.8042096 
0.7973196 
0.7661740 
0.7613965 
0.7604957 
0.7687173 
0.7633940 
0.7584385 
0.7563055 
0.7556723 
0.7552523 
0.7573197 
0.7588860 
0.7639546 
0.7564182 
0.7461917 
0.7393494 
0.7605146 
0.7618163 
0.7671179 
0.7792764 
0.7804742 
0.7750361 
0.7871038 
0.7868461 
0.7835746 
0.7885909 
0.7924597 
0.7903811 
0.7936617 
0.7942136 
0.7902151 
0.7892673 
0.7770733 
0.7786055 
0.7678496 
0.7725624 
0.7736153 
0.7643198 
0.7745562 
0.7817697 
0.7850887 
0.7838657 
0.7926912 
0.7866901 
0.7819450 
0.7835681 
0.7763286 
0.7742117 
0.7775211 
0.7834849 
0.7854782 
0.7900189 
0.7963670 
0.7950003 
0.7961780 
0.7935898 
0.7983363 
0.7866488 
0.7933845 
0.7937846 
0.7901620 
0.7863343 
0.7831781 
0.7767513 
0.7758282 
0.7851823 
0.7830002 
0.7855807 
0.7880448 
0.7810552 
0.7720080 
0.7824953 
0.7821306 
0.7746171 
0.7765347 
0.7787075 
0.7819241 
0.7826796 
0.7815506 
0.7784453 
0.7795916 
0.7578721 
0.7568678 
0.7512879 
0.7510473 
0.7785919 
0.7765460 
0.7811982 
0.7790703 
0.7830232 
0.7847003 
0.7929120 
0.7953829 
0.7978757 
0.8002080 
0.8015059 
0.8078582 
0.8035526 
0.8033817 
0.7978165 
0.7977579 
0.7982984 
0.7955948 
0.8051818 
0.8023219 
0.8098935 
0.8147820 
0.8042611 
0.8018971 
0.8045391 
0.8023291 
0.7909496 
0.7877844 
0.7944354 
0.7997053 
0.8066217 
0.8074200 
0.7953780 
0.8063938 
0.8076024 
0.8284622 
0.8267475 
0.8261628 
0.8150281 
0.8166649 
0.8095422 
0.8117714 
0.8118709 
0.8116245 
0.8222067 
0.8314411 
0.8302165 
0.8269766 
0.8248023 
0.8262215 
0.8281539 
0.8258787 
0.8231179 
0.8162462 
0.8213659 
0.8160771 
0.8108784 
0.8142701 
0.8276771 
0.8252845 
0.8212819 
0.8204259 
0.8207635 
0.8040890 
0.7979913 
0.8008553 
0.8009577 
0.8032043 
0.8086431 
0.8144606 
0.8253743 
0.8327189 
0.8427374 
0.8469247 
0.8493168 
0.8462946 
0.8486086 
0.8519553 
0.8487550 
0.8538739 
0.8447728 
0.8538436 
0.8540155 
0.8586522 
0.8601270 
0.8596289 
0.8553676 
0.8538161 
0.8559344 
0.8559079 
0.8604284 
0.8587030 
0.8563847 
0.8661504 
0.8566352 
0.8427721 
0.8424152 
0.8473800 
0.8441541 
0.8477004 
0.8476945 
0.8623658 
0.8472977 
0.8495349 
0.8491095 
0.8461720 
0.8388859 
0.8431742 
0.8522435 
0.8569310 
0.8463168 
0.8518396 
0.8514125 
0.8515479 
0.8476438 
0.8418265 
0.8401958 
0.8352951 
0.8283937 
0.8151758 
0.8177127 
0.8149479 
0.8142835 
0.8208298 
0.8168801 
0.8106694 
0.8154576 
0.8176033 
0.8201735 
0.8246622 
0.8265253 
0.8295829 
0.8326710 
0.8311411 
0.8340109 
0.8359603 
0.8441258 
0.8519547 
0.8415383 
0.8432558 
0.8504953 
0.8458244 
0.8456081 
0.8427132 
0.8517354 
0.8480092 
0.8453443 
0.8390313 
0.8436593 
0.8553362 
0.8613062 
0.8588922 
0.8557331 
0.8612405 
0.8627198 
0.8594329 
0.8546016 
0.8502637 
0.8482125 
0.8505381 
0.8483120 
0.8564113 
0.8538652 
0.8504358 
0.8524854 
0.8558425 
0.8596270 
0.8661781 
0.8630210 
0.8652311 
0.8527892 
0.8416469 
0.8300969 
0.8270342 
0.8291579 
0.8362705 
0.8373656 
0.8212855 
0.8229031 
0.8190614 
0.8207275 
0.8220046 
0.8414694 
0.8388570 
0.8407144 
0.8432289 
0.8508529 
0.8564628 
0.8509709 
0.8560288 
0.8601515 
0.8646466 
0.8687066 
0.8708434 
0.8638395 
0.8650827 
0.8635330 
0.8594590 
0.8580322 
0.8596645 
0.8558499 
0.8563348 
0.8473437 
0.8462515 
0.8415334 
0.8490514 
0.8464472 
0.8473631 
0.8537933 
0.8593133 
0.8538542 
0.8604332 
0.8652211 
0.8608539 
0.8622456 
0.8488971 
0.8414599 
0.8364290 
0.8284431 
0.8329457 
0.8383829 
0.8408651 
0.8505020 
0.8550600 
0.8594235 
0.8575395 
0.8575706 
0.8562115 
0.8706527 
0.8765422 
0.8804369 
0.8723561 
0.8701006 
0.8744087 
0.8773120 
0.8787794 
0.8762662 
0.8677677 
0.8637779 
0.8635199 
0.8581136 
0.8657252 
0.8711993 
0.8702759 
0.8785620 
0.8843234 
0.8831414 
0.8800215 
0.8783994 
0.8859197 
0.8756444 
0.8749444 
0.8784406 
0.8786679 
0.8767711 
0.8794710 
0.8742612 
0.8798764 
0.8795104 
0.8842320 
0.8828460 
0.8869962 
0.8813762 
0.8714055 
0.8734615 
0.8679506 
0.8657117 
0.8685400 
0.8778815 
0.8794942 
0.8812264 
0.8855438 
0.8757073 
0.8722400 
0.8785920 
0.8793198 
0.8877451 
0.8839260 
0.8830833 
0.8822060 
0.8774440 
0.8743374 
0.8650195 
0.8789829 
0.8800681 
0.8822739 
0.8861100 
0.8841743 
0.8920160 
0.8963682 
0.9005515 
0.9117326 
0.9087403 
0.9000924 
0.8871482 
0.8855940 
0.8868003 
0.8944836 
0.8919249 
0.8905226 
0.8901798 
0.8884549 
0.8853560 
0.8928417 
0.8780887 
0.8888572 
0.8922338 
0.8897716 
0.8879296 
0.8975957 
0.8964655 
0.9008645 
0.9014014 
0.8926865 
0.8945667 
0.8936532 
0.9004414 
0.8953973 
0.8951694 
0.8905755 
0.8767844 
0.8855933 
0.8851823 
0.8887103 
0.8957127 
0.8979516 
0.9039306 
0.8948224 
0.8874059 
0.8793334 
0.8857658 
0.8892410 
0.8861535 
0.8799118 
0.8842913 
0.8840328 
0.8824499 
0.8844297 
0.8809719 
0.8826729 
0.8798044 
0.8784451 
0.8796294 
0.8764278 
0.8943077 
0.8918796 
0.8977074 
0.9093641 
0.9155321 
0.9193567 
0.9098498 
0.9047202 
0.9005618 
0.8918000 
0.8912814 
0.8949551 
0.8916867 
0.8939292 
0.9068954 
0.9030655 
0.9051158 
0.9034961 
0.9024579 
0.8952355 
0.8959952 
0.8951612 
0.8846921 
0.8838690 
0.8891237 
0.8862963 
0.8873767 
0.8939282 
0.8929969 
0.8942580 
0.8827862 
0.8848830 
0.8832741 
0.8805766 
0.8808310 
0.8807927 
0.8810896 
0.8831751 
0.8762323 
0.8802240 
0.8850594 
0.8898954 
0.8861800 
0.8890427 
0.8891261 
0.8730866 
0.8715308 
0.8755924 
0.8788612 
0.8798867 
0.8784434 
0.8771960 
0.8762150 
0.8837448 
0.8871574 
0.8869832 
0.8819230 
0.8889883 
0.8921644 
0.8866259 
0.8859312 
0.8979836 
0.9037385 
0.9041185 
0.9043162 
0.8953068 
0.8963369 
0.9093563 
0.9072714 
0.9028285 
0.8908947 
0.9016656 
0.9045104 
0.9103288 
0.9191276 
0.9200726 
0.9197090 
0.9158787 
0.9245270 
0.9167477 
0.9243780 
0.9096208 
0.9093443 
0.9088300 
0.9095670 
0.9086342 
0.9143802 
0.9132250 
0.9153566 
0.9195695 
0.9087983 
0.9108595 
0.9245580 
0.9233059 
0.9300854 
0.9288491 
0.9260357 
0.9324909 
0.9310356 
0.9318859 
0.9313292 
0.9337021 
0.9279956 
0.9239342 
0.9160143 
0.9116817 
0.9150662 
0.9149131 
0.9073919 
0.9097334 
0.9177138 
0.9190584 
0.9110339 
0.9170108 
0.9160843 
0.9143610 
0.9180152 
0.9220506 
0.9284992 
0.9274281 
0.9281510 
0.9426628 
0.9447003 
0.9437579 
0.9454014 
0.9478607 
0.9595074 
0.9637164 
0.9556733 
0.9429322 
0.9422594 
0.9444860 
0.9340677 
0.9293940 
0.9190516 
0.9204981 
0.9142297 
0.9155742 
0.9083553 
0.9209254 
0.9206171 
0.9235162 
0.9271458 
0.9195006 
0.9137228 
0.9124484 
0.9158045 
0.9180035 
0.9179485 
0.9150368 
0.9155892 
0.9118298 
0.9077181 
0.9034435 
0.9151098 
0.9156658 
0.9237030 
0.9280648 
0.9323408 
0.9331987 
0.9349616 
0.9326164 
0.9374158 
0.9329933 
0.9266411 
0.9239722 
0.9240347 
0.9276135 
0.9238627 
0.9269254 
0.9238019 
0.9290173 
0.9309654 
0.9235597 
0.9232992 
0.9204847 
0.9207795 
0.9273894 
0.9291636 
0.9292850 
0.9278664 
0.9325628 
0.9340658 
0.9391759 
0.9379041 
0.9414940 
0.9415433 
0.9489832 
0.9579018 
0.9529516 
0.9557072 
0.9505516 
0.9592038 
0.9600434 
0.9571012 
0.9492679 
0.9450637 
0.9457195 
0.9494057 
0.9500173 
0.9436237 
0.9295071 
0.9275622 
0.9268278 
0.9372182 
0.9294674 
0.9324971 
0.9383105 
0.9371543 
0.9410781 
0.9451153 
0.9354080 
0.9469022 
0.9545904 
0.9519045 
0.9436165 
0.9373533 
0.9175975 
0.9112441 
0.9115862 
0.9089826 
0.9098251 
0.9147939 
0.9161166 
0.9226616 
0.9287044 
0.9226384 
0.9282541 
0.9277708 
0.9283343 
0.9272871 
0.9228010 
0.9209526 
0.9178748 
0.9207496 
0.9317743 
0.9239714 
0.9249885 
0.9404302 
0.9455036 
0.9419116 
0.9431576 
0.9323995 
0.9292883 
0.9289851 
0.9309682 
0.9343731 
0.9356450 
0.9336725 
0.9308447 
0.9464191 
0.9490376 
0.9485462 
0.9518472 
0.9533400 
0.9522235 
0.9557577 
0.9519866 
0.9541915 
0.9589673 
0.9643420 
0.9580106 
0.9605527 
0.9638806 
0.9605857 
0.9555579 
0.9545018 
0.9643548 
0.9609055 
0.9657054 
0.9624344 
0.9604462 
0.9602677 
0.9607823 
0.9578154 
0.9719371 
0.9703598 
0.9725032 
0.9629911 
0.9569315 
0.9601991 
0.9637904 
0.9573305 
0.9507043 
0.9578691 
0.9579250 
0.9555269 
0.9478250 
0.9528571 
0.9537688 
0.9566656 
0.9569374 
0.9648474 
0.9603548 
0.9686156 
0.9613552 
0.9661310 
0.9736471 
0.9732480 
0.9745733 
0.9774031 
0.9729232 
0.9797394 
0.9807092 
0.9849000 
0.9837180 
0.9906724 
0.9884961 
0.9866829 
0.9864976 
0.9922392 
0.9912042 
0.9913788 
0.9882334 
0.9788610 
0.9776805 
0.9856526 
0.9893667 
1.0000000 
0.9962340 
0.9984235 
0.9956422 
0.9890884 
0.9861728 
0.9817480 
0.9784659 
0.9824363 
0.9805216 
0.9835157 
0.9749254 
0.9825230 
0.9800239 
0.9760813 
0.9744683 
0.9742185 
0.9755135 
0.9770082 
0.9791799 
0.9801896 
0.9787883 
0.9870579 
0.9870838 
