0.0001275 
-0.0000669 
0.0000270 
-0.0454282 
0.2055135 
-0.5206036 
0.9939582 
0.9977582 
0.9888459 
0.9842660 
0.9852153 
0.9731754 
0.9799454 
0.9857755 
0.9975650 
1.0000000 
0.9844919 
0.9740796 
0.9704720 
0.9824480 
0.9742987 
0.9634931 
0.9689077 
0.9828462 
0.9865708 
0.9812843 
0.9801225 
0.9765894 
0.9887875 
0.9807280 
0.9747076 
0.9656538 
0.9742906 
0.9666223 
0.9596752 
0.9689410 
0.9714180 
0.9736545 
0.9625659 
0.9525999 
0.9501430 
0.9635786 
0.9752964 
0.9631156 
0.9618143 
0.9653625 
0.9642489 
0.9633705 
0.9562180 
0.9587541 
0.9601467 
0.9589586 
0.9536105 
0.9469208 
0.9386288 
0.9464245 
0.9516896 
0.9447536 
0.9467002 
0.9464607 
0.9478022 
0.9422664 
0.9344955 
0.9304929 
0.9393705 
0.9500856 
0.9432714 
0.9371756 
0.9356746 
0.9423899 
0.9360076 
0.9314040 
0.9225976 
0.9276413 
0.9356011 
0.9351227 
0.9289023 
0.9241443 
0.9239697 
0.9268297 
0.9231024 
0.9149739 
0.9191674 
0.9221395 
0.9267338 
0.9200363 
0.9229555 
0.9242051 
0.9175536 
0.9250642 
0.9208480 
0.9307739 
0.9182192 
0.9078280 
0.9064547 
0.9204724 
0.9327241 
0.9295082 
0.9226299 
0.9072284 
0.9148891 
0.9196193 
0.9272515 
0.9326814 
0.9167380 
0.9154299 
0.9122266 
0.9204279 
0.9217804 
0.9099584 
0.9167237 
0.9110988 
0.9082735 
0.9051031 
0.9067170 
0.9008099 
0.8973553 
0.9000203 
0.9044506 
0.9042292 
0.9046622 
0.9013680 
0.9014613 
0.9000450 
0.8932864 
0.8933881 
0.8946477 
0.9008119 
0.9046954 
0.8989337 
0.8972890 
0.8982234 
0.9024800 
0.9011335 
0.9005533 
0.8963092 
0.9001601 
0.9034567 
0.8987019 
0.8972709 
0.8930131 
0.8953329 
0.8848690 
0.8909003 
0.8878920 
0.8910908 
0.8882319 
0.8904305 
0.8875902 
0.8927492 
0.8829622 
0.8873805 
0.8939407 
0.8941574 
0.8962684 
0.9069387 
0.9108374 
0.9068897 
0.8895874 
0.8882903 
0.8924410 
0.9054190 
0.9011659 
0.8925515 
0.8766133 
0.8750511 
0.8843467 
0.8909729 
0.8848969 
0.8788577 
0.8878273 
0.8950228 
0.8958217 
0.8914458 
0.8849380 
0.8759915 
0.8636645 
0.8716050 
0.8784568 
0.8868100 
0.8935830 
0.8864851 
0.8897180 
0.8867609 
0.8774707 
0.8733636 
0.8776245 
0.8650185 
0.8656923 
0.8733209 
0.8706216 
0.8856256 
0.8926740 
0.8987124 
0.8806115 
0.8702598 
0.8613204 
0.8595667 
0.8640519 
0.8680904 
0.8731112 
0.8723772 
0.8635352 
0.8618187 
0.8672979 
0.8738404 
0.8649103 
0.8545415 
0.8466421 
0.8452264 
0.8476320 
0.8568756 
0.8605712 
0.8626837 
0.8612694 
0.8702129 
0.8616309 
0.8557181 
0.8529966 
0.8578946 
0.8569387 
0.8614278 
0.8663444 
0.8646088 
0.8696420 
0.8766064 
0.8681369 
0.8694446 
0.8645267 
0.8550445 
0.8493121 
0.8581310 
0.8558323 
0.8667647 
0.8752864 
0.8658935 
0.8615462 
0.8542974 
0.8586145 
0.8604108 
0.8532919 
0.8537686 
0.8521174 
0.8487993 
0.8525272 
0.8565009 
0.8446375 
0.8497290 
0.8425640 
0.8439701 
0.8524000 
0.8598174 
0.8594343 
0.8572742 
0.8548515 
0.8414219 
0.8373444 
0.8390713 
0.8426707 
0.8444541 
0.8456029 
0.8524461 
0.8479030 
0.8387506 
0.8366280 
0.8480930 
0.8487385 
0.8564712 
0.8529673 
0.8544852 
0.8513001 
0.8373300 
0.8248774 
0.8225006 
0.8236806 
0.8350100 
0.8395049 
0.8485050 
0.8556695 
0.8427165 
0.8307005 
0.8249016 
0.8381448 
0.8405100 
0.8370514 
0.8418103 
0.8433363 
0.8373138 
0.8326612 
0.8271564 
0.8288550 
0.8311894 
0.8283665 
0.8380675 
0.8368191 
0.8221857 
0.8178418 
0.8116576 
0.8203413 
0.8190695 
0.8202502 
0.8262381 
0.8272221 
0.8131707 
0.8053548 
0.8115965 
0.8206151 
0.8204962 
0.8222570 
0.8299319 
0.8231685 
0.8100370 
0.8094834 
0.8128551 
0.8219434 
0.8237139 
0.8299521 
0.8291447 
0.8146541 
0.8078331 
0.8107967 
0.8213294 
0.8220084 
0.8181147 
0.8181572 
0.8141518 
0.7999711 
0.7984292 
0.8100888 
0.8216239 
0.8152801 
0.8093392 
0.8121998 
0.8112925 
0.8103739 
0.8091217 
0.8117686 
0.8072996 
0.7996285 
0.7876089 
0.7890663 
0.7934451 
0.7909967 
0.7903355 
0.7984079 
0.8018948 
0.7876661 
0.7779669 
0.7842837 
0.7933826 
0.7958830 
0.7932011 
0.7954925 
0.7929325 
0.7965586 
0.8059982 
0.8120191 
0.8129365 
0.8040667 
0.7973466 
0.8030422 
0.8000302 
0.7950424 
0.7959127 
0.8043618 
0.7962090 
0.7844012 
0.7925358 
0.8118250 
0.8055247 
0.7955711 
0.7892681 
0.7991632 
0.7957659 
0.7893715 
0.7862722 
0.7878897 
0.7912591 
0.7959797 
0.7816568 
0.7787579 
0.7743655 
0.7786350 
0.7831042 
0.7777020 
0.7731422 
0.7799171 
0.7807003 
0.7800928 
0.7763148 
0.7786379 
0.7848416 
0.7899463 
0.7819600 
0.7867474 
0.7866302 
0.7926679 
0.7887102 
0.7827549 
0.7827261 
0.7880496 
0.7879554 
0.7884514 
0.7911600 
0.7860567 
0.7798250 
0.7745946 
0.7739389 
0.7818075 
0.7820175 
0.7791998 
0.7722774 
0.7782542 
0.7847736 
0.7759218 
0.7678107 
0.7613060 
0.7695118 
0.7740195 
0.7697390 
0.7696112 
0.7606111 
0.7677486 
0.7773637 
0.7781344 
0.7745992 
0.7698478 
0.7760564 
0.7833196 
0.7825026 
0.7730568 
0.7709726 
0.7759504 
0.7737792 
0.7674068 
0.7689084 
0.7680555 
0.7659052 
0.7631141 
0.7574002 
0.7624639 
0.7605258 
0.7692832 
0.7588999 
0.7624002 
0.7692296 
0.7664587 
0.7594133 
0.7558724 
0.7493854 
0.7415305 
0.7350021 
0.7415565 
0.7495882 
0.7531723 
0.7539661 
0.7538511 
0.7593460 
0.7558114 
0.7525068 
0.7541247 
0.7463612 
0.7538310 
0.7513318 
0.7331241 
0.7478392 
0.7503676 
0.7449016 
0.7551125 
0.7520336 
0.7468572 
0.7474825 
0.7457543 
0.7447846 
0.7390389 
0.7376025 
0.7348023 
0.7354313 
0.7492361 
0.7402927 
0.7429429 
0.7484753 
0.7306922 
0.7316808 
0.7416579 
0.7386958 
0.7412994 
0.7467860 
0.7411214 
0.7476236 
0.7437493 
0.7445603 
0.7447189 
0.7459448 
0.7522337 
0.7458738 
0.7339629 
0.7344185 
0.7386432 
0.7457450 
0.7387172 
0.7355162 
0.7325516 
0.7309470 
0.7320290 
0.7280953 
0.7286160 
0.7328191 
0.7316855 
0.7318739 
0.7332312 
0.7318737 
0.7343052 
0.7374507 
0.7327513 
0.7269772 
0.7284053 
0.7266929 
0.7193260 
0.7218619 
0.7318430 
0.7366057 
0.7264404 
0.7154989 
0.7105768 
0.7242567 
0.7285284 
0.7230973 
0.7189315 
0.7184442 
0.7214415 
0.7127071 
0.6991670 
0.6996402 
0.7157563 
0.7266183 
0.7213611 
0.7033393 
0.6981162 
0.7045805 
0.7107463 
0.7129040 
0.7067344 
0.6988776 
0.6987905 
0.7047171 
0.7111666 
0.7036805 
0.7004170 
0.7034241 
0.7014945 
0.7061177 
0.7044344 
0.7005163 
0.6955044 
0.7068335 
0.7071608 
0.7056501 
0.6985184 
0.6979280 
0.6983611 
0.6990980 
0.6967809 
0.6971701 
0.6951363 
0.6911480 
0.6911733 
0.6873955 
0.6930275 
0.6973707 
0.6942069 
0.6938637 
0.6996050 
0.6935768 
0.6815699 
0.6859182 
0.6958915 
0.6905285 
0.6960530 
0.6919666 
0.6906744 
0.6862954 
0.6848485 
0.6944769 
0.7033436 
0.6978694 
0.6903405 
0.6871260 
0.6854597 
0.6866058 
0.6861388 
0.6916320 
0.6932156 
0.6810421 
0.6864147 
0.7002524 
0.6941998 
0.6761011 
0.6832447 
0.6925369 
0.7004346 
0.6951925 
0.6832869 
0.6862578 
0.6889936 
0.6794893 
0.6835497 
0.6900290 
0.6689858 
0.6683856 
0.6888187 
0.6889729 
0.6731534 
0.6850519 
0.6737953 
0.6577237 
0.6663396 
0.6823488 
0.6729074 
0.6721355 
0.6734097 
0.6673826 
0.6698083 
0.6700684 
0.6626782 
0.6634413 
0.6645803 
0.6613399 
0.6676356 
0.6692852 
0.6631276 
0.6584934 
0.6628705 
0.6630395 
0.6660400 
0.6701548 
0.6699024 
0.6693888 
0.6726320 
0.6680320 
0.6643574 
0.6655563 
0.6706771 
0.6711678 
0.6684467 
0.6743221 
0.6785203 
0.6774178 
0.6692601 
0.6611417 
0.6601581 
0.6585544 
0.6663886 
0.6683070 
0.6688619 
0.6652148 
0.6617080 
0.6637592 
0.6646968 
0.6653316 
0.6687931 
0.6593173 
0.6614458 
0.6667814 
0.6638691 
0.6671040 
0.6657704 
0.6712617 
0.6726970 
0.6708098 
0.6630698 
0.6565175 
0.6555049 
0.6576379 
0.6559265 
0.6563194 
0.6522687 
0.6569284 
0.6504132 
0.6491200 
0.6509665 
0.6498261 
0.6478606 
0.6510598 
0.6455658 
0.6479257 
0.6470233 
0.6434960 
0.6457779 
0.6471879 
0.6484576 
0.6446948 
0.6411821 
0.6358283 
0.6384549 
0.6368589 
0.6459385 
0.6419207 
0.6477575 
0.6439121 
0.6437349 
0.6418619 
0.6421488 
0.6429418 
0.6476976 
0.6490148 
0.6426258 
0.6377133 
0.6376188 
0.6382686 
0.6400012 
0.6413614 
0.6438611 
0.6355140 
0.6444542 
0.6441348 
0.6448242 
0.6404508 
0.6396172 
0.6426765 
0.6421371 
0.6472332 
0.6502306 
0.6584087 
0.6506327 
0.6371737 
0.6314753 
0.6332470 
0.6355274 
0.6431009 
0.6381777 
0.6286351 
0.6235244 
0.6279197 
0.6380258 
0.6377029 
0.6337057 
0.6339991 
0.6359919 
0.6289909 
0.6334902 
0.6314391 
0.6296180 
0.6293532 
0.6365151 
0.6426899 
0.6378148 
0.6285172 
0.6248689 
0.6268104 
0.6293928 
0.6277458 
0.6276644 
0.6321305 
0.6300513 
0.6274245 
0.6279851 
0.6327817 
0.6363907 
0.6316631 
0.6330166 
0.6291978 
0.6235760 
0.6332179 
0.6380738 
0.6316672 
0.6227575 
0.6195155 
0.6199279 
0.6256874 
0.6344627 
0.6286690 
0.6297293 
0.6297602 
0.6333496 
0.6348942 
0.6270096 
0.6299013 
0.6256575 
0.6246581 
0.6243241 
0.6219422 
0.6193178 
0.6192637 
0.6232239 
0.6299051 
0.6275070 
0.6172609 
0.6205391 
0.6251013 
0.6269125 
0.6264702 
0.6219630 
0.6202394 
0.6150837 
0.6105611 
0.6058152 
0.6082619 
0.6094330 
0.6089941 
0.6072909 
0.6052066 
0.6028759 
0.6021865 
0.6083352 
0.6019330 
0.6005309 
0.6074128 
0.6088010 
0.6111781 
0.6118886 
0.6132122 
0.6203884 
0.6121691 
0.6060487 
0.6088119 
0.6150169 
0.6187933 
0.6123791 
0.6105222 
0.6110884 
0.6098366 
0.6044563 
0.5985290 
0.5972794 
0.5944907 
0.5990879 
0.6017231 
0.6025334 
0.6018704 
0.5978715 
0.6031823 
0.5990039 
0.5989105 
0.6007194 
0.5992369 
0.5978024 
0.5959616 
0.5941873 
0.5954994 
0.5949346 
0.6011401 
0.6006927 
0.5944964 
0.5854193 
0.5830541 
0.5850897 
0.5905816 
0.5877850 
0.5902606 
0.5890548 
0.5775009 
0.5713314 
0.5766964 
0.5803963 
0.5829014 
0.5853306 
0.5783403 
0.5816917 
0.5822932 
0.5861336 
0.5863127 
0.5910571 
0.5935992 
0.5921710 
0.5915014 
0.5934038 
0.5842997 
0.5878532 
0.5880458 
0.5975360 
0.5998411 
0.5929694 
0.5926088 
0.5979300 
0.5977840 
0.5932598 
0.5918922 
0.5955669 
0.6023352 
0.6043848 
0.5962817 
0.5914738 
0.5950848 
0.5999124 
0.5967548 
0.5988266 
0.5947648 
0.6064057 
0.6056527 
0.5971227 
0.5958640 
0.5942070 
0.5897066 
0.5926775 
0.5883634 
0.5847762 
0.5866923 
0.5869907 
0.5844082 
0.5830037 
0.5742496 
0.5764135 
0.5813625 
0.5792669 
0.5752479 
0.5790877 
0.5786406 
0.5756308 
0.5670340 
0.5742519 
0.5769207 
0.5780123 
0.5718768 
0.5712258 
0.5641141 
0.5664970 
0.5726075 
0.5700883 
0.5641803 
0.5655191 
0.5669928 
0.5676133 
0.5642733 
0.5690643 
0.5725257 
0.5743513 
0.5754701 
0.5695716 
0.5691659 
0.5695666 
0.5668042 
0.5615713 
0.5637727 
0.5583905 
0.5580938 
0.5552632 
0.5582048 
0.5587556 
0.5613260 
0.5544960 
0.5519094 
0.5546865 
0.5571042 
0.5587628 
0.5550890 
0.5541703 
0.5605479 
0.5619193 
0.5646994 
0.5633621 
0.5602358 
0.5620552 
0.5629867 
0.5616736 
0.5561349 
0.5475362 
0.5471110 
0.5558374 
0.5506057 
0.5515129 
0.5527343 
0.5526666 
0.5539662 
0.5603531 
0.5616409 
0.5574122 
0.5520218 
0.5525939 
0.5539755 
0.5525899 
0.5541272 
0.5474002 
0.5466441 
0.5473110 
0.5464326 
0.5474560 
0.5523437 
0.5548565 
0.5596135 
0.5579167 
0.5574997 
0.5527094 
0.5478085 
0.5442987 
0.5493735 
0.5513254 
0.5557334 
0.5483226 
0.5485820 
0.5535125 
0.5526952 
0.5464711 
0.5361148 
0.5387600 
0.5389530 
0.5471924 
0.5468465 
0.5422566 
0.5386033 
0.5360760 
0.5405310 
0.5445050 
0.5446586 
0.5391638 
0.5346917 
0.5310424 
0.5300912 
0.5309942 
0.5353588 
0.5323677 
0.5324190 
0.5387150 
0.5414200 
0.5393035 
0.5367004 
0.5411632 
0.5399277 
0.5417753 
0.5421928 
0.5318024 
0.5253955 
0.5218424 
0.5206003 
0.5252972 
0.5321222 
0.5337803 
0.5311100 
0.5328944 
0.5335412 
0.5375707 
0.5318953 
0.5242483 
0.5181267 
0.5200728 
0.5278623 
0.5329627 
0.5334250 
0.5325203 
0.5310156 
0.5344852 
0.5265901 
0.5261694 
0.5284802 
0.5266641 
0.5222263 
0.5224134 
0.5249411 
0.5274208 
0.5278504 
0.5236999 
0.5161158 
0.5166363 
0.5247676 
0.5305887 
0.5362957 
0.5356180 
0.5306218 
0.5276570 
0.5263742 
0.5336427 
0.5343609 
0.5274438 
0.5183459 
0.5155988 
0.5130971 
0.5138437 
0.5172935 
0.5155474 
0.5164639 
0.5186163 
0.5196654 
0.5203801 
0.5222048 
0.5243438 
0.5257123 
0.5201690 
0.5149259 
0.5187268 
0.5168390 
0.5217497 
0.5249591 
0.5166864 
0.5091690 
0.5069053 
0.5263817 
0.5264471 
0.5394274 
0.5375619 
0.5367937 
0.5309925 
0.5260028 
0.5262019 
0.5301015 
0.5371919 
0.5390022 
0.5349224 
0.5241619 
0.5211406 
0.5229234 
0.5313299 
0.5329619 
0.5366502 
0.5311445 
0.5309512 
0.5317115 
0.5330050 
0.5320030 
0.5369088 
0.5360257 
0.5377758 
0.5323931 
0.5269825 
0.5244034 
0.5132905 
0.5167382 
0.5169628 
0.5071796 
0.4938727 
0.4942288 
0.5018912 
0.5052978 
0.5004272 
0.4977679 
0.5073035 
0.5071014 
0.5021349 
0.5040177 
0.5015709 
0.5000667 
0.4956722 
0.4957689 
0.4979250 
0.5069498 
0.5099310 
0.5093360 
0.4937931 
0.4900948 
0.4969804 
0.4976321 
0.4877705 
0.4892306 
0.4928146 
0.4985558 
0.4933664 
0.4882195 
0.5002818 
0.5065802 
0.5097682 
0.4945611 
0.4838160 
0.4936146 
0.4989462 
0.4998805 
0.4809364 
0.4725104 
0.4738900 
0.4879325 
0.4939499 
0.4951413 
0.4782901 
0.4755528 
0.4865259 
0.4721759 
0.4581391 
0.4801681 
0.4989271 
0.4728427 
0.4609400 
0.4663621 
0.4679165 
0.4561427 
0.4623982 
0.4823923 
0.4880961 
0.4756654 
0.4770665 
0.4816949 
0.4821906 
0.4705021 
0.4643147 
0.4650103 
0.4659711 
0.4735059 
0.4792656 
0.4647221 
0.4680139 
0.4681542 
0.4624379 
0.4609631 
0.4609335 
0.4741164 
0.4801944 
0.4777979 
0.4639158 
0.4536572 
0.4466489 
0.4442997 
0.4614446 
0.4706020 
0.4821623 
0.4819743 
0.4808155 
0.4665044 
0.4576036 
0.4560469 
0.4582927 
0.4611742 
0.4610572 
0.4642723 
0.4616920 
0.4593287 
0.4593554 
0.4580134 
0.4530435 
0.4533194 
0.4580386 
0.4664513 
0.4664389 
0.4674513 
0.4644029 
0.4593031 
0.4556368 
0.4599956 
0.4618569 
0.4647837 
0.4666375 
0.4668953 
0.4591338 
0.4494650 
0.4507745 
0.4552144 
0.4572051 
0.4555955 
0.4593657 
0.4582894 
0.4514987 
0.4511184 
0.4468276 
0.4502602 
0.4504820 
0.4558389 
0.4563587 
0.4543456 
0.4528392 
0.4517291 
0.4510549 
0.4428367 
0.4454898 
0.4441115 
0.4444878 
0.4486081 
0.4523210 
0.4465621 
0.4482129 
0.4491989 
0.4434923 
0.4452801 
0.4456010 
0.4464263 
0.4419960 
0.4406117 
0.4462138 
0.4497296 
0.4530244 
0.4528522 
0.4497888 
0.4469359 
0.4457723 
0.4474557 
0.4450755 
0.4439372 
0.4371929 
0.4470008 
0.4504031 
0.4482581 
0.4490459 
0.4532612 
0.4465511 
0.4463934 
0.4509331 
0.4510071 
0.4508682 
0.4467162 
0.4452474 
0.4370079 
0.4436613 
0.4428747 
0.4429361 
0.4433729 
0.4440086 
0.4491646 
0.4482438 
0.4522046 
0.4501381 
0.4462794 
0.4424396 
0.4434908 
0.4432767 
0.4399349 
0.4401063 
0.4428234 
0.4443905 
0.4525372 
0.4519842 
0.4510455 
0.4504293 
0.4510369 
0.4534428 
0.4487328 
0.4391724 
0.4366698 
0.4344206 
0.4368473 
0.4449245 
0.4430468 
0.4328665 
0.4248048 
0.4341702 
0.4509346 
0.4547276 
0.4431023 
0.4357558 
0.4243780 
0.4320279 
0.4460198 
0.4487639 
0.4411540 
0.4268551 
0.4183346 
0.4305119 
0.4445968 
0.4530814 
0.4425819 
0.4260182 
0.4160405 
0.4222703 
0.4319379 
0.4339346 
0.4331820 
0.4308270 
0.4359074 
0.4349709 
0.4251278 
0.4213457 
0.4276109 
0.4372489 
0.4423307 
0.4445001 
0.4367826 
0.4220819 
0.4292287 
0.4275732 
0.4293157 
0.4313194 
0.4341436 
0.4337494 
0.4354155 
0.4337466 
0.4344551 
0.4284623 
0.4221538 
0.4172740 
0.4158147 
0.4137836 
0.4200157 
0.4190834 
0.4165710 
0.4147178 
0.4222060 
0.4249143 
0.4262126 
0.4277573 
0.4253462 
0.4232530 
0.4231742 
0.4244087 
0.4259996 
0.4244282 
0.4222472 
0.4229820 
0.4156270 
0.4120673 
0.4137794 
0.4206817 
0.4234504 
0.4228103 
0.4134881 
0.4120668 
0.4041381 
0.4072451 
0.4089052 
0.4153171 
0.4076927 
0.4110257 
0.4149608 
0.4194744 
0.4167357 
0.4163320 
0.4191274 
0.4168950 
0.4148252 
0.4086010 
0.4184763 
0.4219665 
0.4181245 
0.4133454 
0.4228841 
0.4375249 
0.4377889 
0.4274388 
0.4160269 
0.4027176 
0.3899287 
0.3921611 
0.4031026 
0.4209606 
0.4227078 
0.4043986 
0.3911458 
0.3939860 
0.4026652 
0.4075331 
0.3970213 
0.3929515 
0.3914796 
0.3965152 
0.4015115 
0.3995089 
0.3938551 
0.3893835 
0.3909952 
0.3930998 
0.3963506 
0.4012018 
0.4005575 
0.3941204 
0.3922956 
0.3845207 
0.3872114 
0.3924540 
0.3944773 
0.3866618 
0.3840703 
0.3915204 
0.3959463 
0.3950203 
0.3929761 
0.3996772 
0.4015211 
0.3949886 
0.3922064 
0.3909225 
0.3869857 
0.3887753 
0.3867515 
0.3890406 
0.3851000 
0.3813178 
0.3835146 
0.3854261 
0.3834150 
0.3842501 
0.3836709 
0.3825812 
0.3747901 
0.3752549 
0.3806058 
0.3849814 
0.3867945 
0.3894428 
0.3939170 
0.3907952 
0.3892239 
0.3927878 
0.3854686 
0.3784608 
0.3766757 
0.3763748 
0.3762978 
0.3814573 
0.3800680 
0.3830475 
0.3754095 
0.3775317 
0.3785198 
0.3766590 
0.3709574 
0.3716032 
0.3721885 
0.3784222 
0.3784966 
0.3775081 
0.3802423 
0.3836801 
0.3879037 
0.3854983 
0.3826907 
0.3821992 
0.3794158 
0.3742070 
0.3733313 
0.3710763 
0.3746305 
0.3691413 
0.3659822 
0.3677427 
0.3623933 
0.3554032 
0.3614765 
0.3590582 
0.3643962 
0.3639964 
0.3671329 
0.3655131 
0.3669783 
0.3670629 
0.3682956 
0.3670313 
0.3647665 
0.3681082 
0.3708687 
0.3656649 
0.3652888 
0.3677758 
0.3701261 
0.3654851 
0.3685426 
0.3717733 
0.3678139 
0.3682484 
0.3671339 
0.3614299 
0.3582965 
0.3621471 
0.3619766 
0.3618777 
0.3651870 
0.3673525 
0.3663149 
0.3695970 
0.3677064 
0.3629441 
0.3699428 
0.3691276 
0.3681019 
0.3637355 
0.3636227 
0.3681027 
0.3684332 
0.3700166 
0.3540703 
0.3497763 
0.3508558 
0.3541115 
0.3567322 
0.3589110 
0.3613661 
0.3606406 
0.3601064 
0.3607437 
0.3606712 
0.3606662 
0.3625704 
0.3603740 
0.3551128 
0.3546672 
0.3512840 
0.3526103 
0.3484961 
0.3466207 
0.3553073 
0.3493529 
0.3502330 
0.3541575 
0.3520005 
0.3542975 
0.3534695 
0.3514551 
0.3545883 
0.3581298 
0.3547442 
0.3539932 
0.3511739 
0.3476926 
0.3474336 
0.3518437 
0.3500043 
0.3404719 
0.3380890 
0.3487942 
0.3464218 
0.3437519 
0.3421471 
0.3448007 
0.3442515 
0.3438659 
0.3468232 
0.3495358 
0.3469393 
0.3451912 
0.3489363 
0.3491865 
0.3481408 
0.3491924 
0.3433791 
0.3371674 
0.3391796 
0.3384276 
0.3420775 
0.3450821 
0.3454961 
0.3440814 
0.3473203 
0.3438768 
0.3375261 
0.3389622 
0.3401655 
0.3357057 
0.3311675 
0.3377584 
0.3385167 
0.3352692 
0.3395381 
0.3347201 
0.3299987 
0.3269262 
0.3238513 
0.3268878 
0.3332928 
0.3362700 
0.3297047 
0.3304571 
0.3354889 
0.3349003 
0.3345639 
0.3390124 
0.3387271 
0.3370333 
0.3364926 
0.3352292 
0.3370549 
0.3319957 
0.3327079 
0.3353197 
0.3343971 
0.3324534 
0.3313608 
0.3361267 
0.3345297 
0.3304113 
0.3300163 
0.3285757 
0.3276334 
0.3255983 
0.3236521 
0.3291532 
0.3299689 
0.3291183 
0.3233211 
0.3265869 
0.3314681 
0.3264259 
0.3269026 
0.3277358 
0.3255505 
0.3244460 
0.3185235 
0.3157625 
0.3265674 
0.3279889 
0.3243970 
0.3293784 
0.3299085 
0.3273641 
0.3232503 
0.3262058 
0.3264441 
0.3270118 
0.3250823 
0.3264103 
0.3227939 
0.3203194 
0.3192832 
0.3216360 
0.3284217 
0.3314926 
0.3323400 
0.3285653 
0.3242171 
0.3244176 
0.3197393 
0.3165317 
0.3128567 
0.3175695 
0.3188124 
0.3225236 
0.3200373 
0.3170622 
0.3090911 
0.3119399 
0.3078242 
0.3085096 
0.3154415 
0.3236962 
0.3233417 
0.3137023 
0.3108841 
0.3106124 
0.3223971 
0.3277481 
0.3392794 
0.3360096 
0.3301894 
0.3199856 
0.3122186 
0.3074336 
0.3106612 
0.3168929 
0.3137033 
0.3079579 
0.3003576 
0.2874716 
0.2938791 
0.3137613 
0.3312281 
0.3369199 
0.3279801 
0.3173373 
0.3116565 
0.3106744 
0.3269241 
0.3343506 
0.3397903 
0.3426209 
0.3328516 
0.3155795 
0.3069409 
0.3018083 
0.2948991 
0.2932794 
0.3008181 
0.3065695 
0.3059495 
0.2978117 
0.2910989 
0.2932971 
0.2882630 
0.2869872 
0.2921580 
0.2949933 
0.2938597 
0.2918904 
0.2823565 
0.2819019 
0.2878746 
0.2951087 
0.3014327 
0.3072433 
0.3030910 
0.2999630 
0.3003677 
0.2993726 
0.3011878 
0.3021249 
0.3019744 
0.3036531 
0.3039607 
0.3058393 
0.3021233 
0.2966899 
0.2941727 
0.2909709 
0.2906913 
0.2925465 
0.2936720 
0.2921397 
0.2952212 
0.2967515 
0.2931201 
0.2865675 
0.2879619 
0.2892941 
0.2916797 
0.2906311 
0.2917907 
0.2914628 
0.2983013 
0.2966831 
0.2864622 
0.2822680 
0.2827649 
0.2844160 
0.2899568 
0.2954110 
0.2946382 
0.2937322 
0.2928318 
0.2941828 
0.2960243 
0.2951711 
0.2978681 
0.2866065 
0.2879044 
0.2892344 
0.2844579 
0.2883466 
0.2904313 
0.2873116 
0.2852577 
0.2893340 
0.2896768 
0.2886269 
0.2866915 
0.2880843 
0.2927284 
0.2956815 
0.2910527 
0.2941928 
0.2961566 
0.2960315 
0.2892026 
0.2922974 
0.2890190 
0.2824617 
0.2811013 
0.2787342 
0.2789801 
0.2887429 
0.2894990 
0.2949587 
0.2978407 
0.3010091 
0.3037995 
0.2980545 
0.2933958 
0.2964955 
0.2885254 
0.2824190 
0.2812536 
0.2833898 
0.2865347 
0.2899831 
0.2915492 
0.2920473 
0.2896064 
0.2885417 
0.2915235 
0.2950911 
0.2901323 
0.2858054 
0.2810494 
0.2750026 
0.2758037 
0.2751766 
0.2898888 
0.2928736 
0.2887206 
0.2875454 
0.2774002 
0.2774534 
0.2774473 
0.2824665 
0.2762380 
0.2754996 
0.2751564 
0.2756104 
0.2757689 
0.2779605 
0.2835125 
0.2883730 
0.2789201 
0.2731618 
0.2741109 
0.2800795 
0.2768191 
0.2791953 
0.2831676 
0.2864248 
0.2869776 
0.2825212 
0.2722474 
0.2730273 
0.2744287 
0.2741147 
0.2766192 
0.2705967 
0.2691725 
0.2721350 
0.2752522 
0.2787951 
0.2771159 
0.2798150 
0.2793339 
0.2757122 
0.2686300 
0.2624119 
0.2656512 
0.2686103 
0.2712594 
0.2708329 
0.2735654 
0.2754437 
0.2760231 
0.2869200 
0.2851625 
0.2761013 
0.2782832 
0.2763900 
0.2749952 
0.2735841 
0.2752859 
0.2741906 
0.2745081 
0.2736667 
0.2707807 
0.2785299 
0.2775580 
0.2733891 
0.2706225 
0.2688908 
0.2737301 
0.2696909 
0.2665184 
0.2692079 
0.2693404 
0.2732570 
0.2737611 
0.2780751 
0.2757697 
0.2782995 
0.2748197 
0.2691348 
0.2650211 
0.2635443 
0.2626007 
0.2681686 
0.2703932 
0.2756269 
0.2721129 
0.2721993 
0.2701116 
0.2661777 
0.2684161 
0.2684813 
0.2675913 
0.2682687 
0.2614943 
0.2596437 
0.2572950 
0.2575135 
0.2595802 
0.2636895 
0.2691528 
0.2792338 
0.2775369 
0.2815428 
0.2849359 
0.2781710 
0.2719450 
0.2730547 
0.2661639 
0.2611800 
0.2599326 
0.2660671 
0.2676655 
0.2660559 
0.2672875 
0.2679613 
0.2713998 
0.2681233 
0.2738292 
0.2735091 
0.2711733 
0.2652147 
0.2593229 
0.2547715 
0.2594555 
0.2617201 
0.2653915 
0.2687585 
0.2653901 
0.2751908 
0.2780080 
0.2701948 
0.2666878 
0.2601648 
0.2553405 
0.2559705 
0.2574142 
0.2538150 
0.2574217 
0.2524762 
0.2527749 
0.2578779 
0.2488126 
0.2563623 
0.2508839 
0.2404092 
0.2327550 
0.2328782 
0.2395024 
0.2449926 
0.2458171 
0.2499713 
0.2544354 
0.2590692 
0.2593158 
0.2535021 
0.2484428 
0.2511674 
0.2502756 
0.2481398 
0.2486070 
0.2509961 
0.2518643 
0.2577874 
0.2571204 
0.2550915 
0.2544191 
0.2535625 
0.2527102 
0.2471883 
0.2452989 
0.2447968 
0.2473278 
0.2437867 
0.2412547 
0.2432037 
0.2432976 
0.2439370 
0.2420116 
0.2425220 
0.2388439 
0.2402678 
0.2407620 
0.2401611 
0.2393572 
0.2398726 
0.2396133 
0.2407337 
0.2424159 
0.2479033 
0.2482350 
0.2489330 
0.2483685 
0.2442234 
0.2336230 
0.2307743 
0.2277035 
0.2281499 
0.2291283 
0.2334671 
0.2375303 
0.2386530 
0.2393652 
0.2396091 
0.2372111 
0.2372502 
0.2400884 
0.2388634 
0.2358808 
0.2309914 
0.2262215 
0.2237710 
0.2256539 
0.2247526 
0.2273171 
0.2240615 
0.2267202 
0.2248213 
0.2278306 
0.2282561 
0.2250552 
0.2282146 
0.2314387 
0.2334660 
0.2321259 
0.2278886 
0.2227248 
0.2233239 
0.2292978 
0.2317862 
0.2246788 
0.2199053 
0.2204287 
0.2254661 
0.2309540 
0.2267763 
0.2261894 
0.2277564 
0.2279333 
0.2320309 
0.2228984 
0.2131864 
0.2073409 
0.2112229 
0.2100278 
0.2109577 
0.2070181 
0.2061258 
0.2044144 
0.2136442 
0.2121964 
0.2108134 
0.2121251 
0.2205660 
0.2177579 
0.2166378 
0.2228960 
0.2268070 
0.2289735 
0.2317744 
0.2313001 
0.2251930 
0.2191355 
0.2197412 
0.2213888 
0.2212074 
0.2211585 
0.2220386 
0.2233571 
0.2205811 
0.2177302 
0.2201606 
0.2158139 
0.2145003 
0.2113722 
0.2159378 
0.2247785 
0.2269892 
0.2248576 
0.2178228 
0.2105735 
0.2094128 
0.2010211 
0.2007161 
0.2037015 
0.2041089 
0.2045224 
0.1983603 
0.2045763 
0.2023409 
0.2039794 
0.2079583 
0.2083704 
0.2043518 
0.1982046 
0.1950831 
0.1944539 
0.1935155 
0.1952268 
0.1927418 
0.1922081 
0.1966020 
0.1996223 
0.2012009 
0.2007274 
0.1980412 
0.2013133 
0.1979435 
0.1921623 
0.1897376 
0.1866708 
0.1887563 
0.1933085 
0.1997569 
0.2095359 
0.2082986 
0.2135015 
0.2159039 
0.2192774 
0.2121059 
0.2073688 
0.2021536 
0.1992390 
0.1968635 
0.1947635 
0.1950220 
0.2030486 
0.2106527 
0.2090948 
0.2058722 
0.2064632 
0.2071224 
0.2095788 
0.2063922 
0.2035840 
0.1988451 
0.1992719 
0.1955896 
0.1992119 
0.1960887 
0.1940722 
0.1946539 
0.1907844 
0.1933356 
0.1938834 
0.1915602 
0.1970735 
0.1985175 
0.2000555 
0.1960454 
0.1932020 
0.1945837 
0.1955878 
0.1929668 
0.1913907 
0.1914138 
0.1881874 
0.1854173 
0.1881669 
0.1894535 
0.1937157 
0.2000861 
0.2002526 
0.2014620 
0.1983616 
0.1949138 
0.1934247 
0.1892523 
0.1892899 
0.1915842 
0.1885978 
0.1888029 
0.1934421 
0.1979471 
0.1934090 
0.1935736 
0.1945581 
0.1989727 
0.2005798 
0.1979950 
0.2030306 
0.1988920 
0.1975227 
0.1974413 
0.1961014 
0.1925745 
0.1908587 
0.1937372 
0.1928026 
0.1879178 
0.1815788 
0.1830833 
0.1811731 
0.1885934 
0.1917362 
0.1907876 
0.1903227 
0.1917137 
0.1932638 
0.1918709 
0.1904372 
0.1869058 
0.1866420 
0.1893082 
0.1835219 
0.1854403 
0.1808748 
0.1777055 
0.1776466 
0.1806522 
0.1833704 
0.1860196 
0.1938181 
0.2014633 
0.1975609 
0.1907136 
0.1894331 
0.1871682 
0.1862989 
0.1864925 
0.1830886 
0.1841438 
0.1889136 
0.1860920 
0.1779313 
0.1810194 
0.1822827 
0.1828886 
0.1850234 
0.1813883 
0.1889641 
0.1899457 
0.1859598 
0.1909166 
0.1866061 
0.1874133 
0.1895092 
0.1858590 
0.1843963 
0.1795019 
0.1749010 
0.1708394 
0.1662783 
0.1618534 
0.1649386 
0.1677378 
0.1799044 
0.1836711 
0.1889956 
0.1915720 
0.1883498 
0.1866476 
0.1791301 
0.1731586 
0.1714021 
0.1784855 
0.1793226 
0.1771858 
0.1764560 
0.1687078 
0.1659012 
0.1737370 
0.1756863 
0.1810362 
0.1800098 
0.1772415 
0.1735086 
0.1677506 
0.1677693 
0.1737854 
0.1797937 
0.1831323 
0.1796760 
0.1746726 
0.1807637 
0.1839959 
0.1770422 
0.1696750 
0.1738873 
0.1778757 
0.1754572 
0.1664022 
0.1622755 
0.1616866 
0.1706239 
0.1827871 
0.1827838 
0.1693560 
0.1572973 
0.1560868 
0.1617466 
0.1761114 
0.1871046 
0.1857254 
0.1783676 
0.1703226 
0.1654680 
0.1626513 
0.1613987 
0.1616357 
0.1629546 
0.1637467 
0.1547452 
0.1525548 
0.1575642 
0.1625412 
0.1613602 
0.1634750 
0.1653028 
0.1603193 
0.1614809 
0.1664673 
0.1715523 
0.1745378 
0.1669576 
0.1636410 
0.1626597 
0.1655041 
0.1597256 
0.1571045 
0.1600823 
0.1624151 
0.1667297 
0.1721608 
0.1759215 
0.1749685 
0.1695585 
0.1606408 
0.1560061 
0.1516064 
0.1521707 
0.1494447 
0.1448719 
0.1460547 
0.1469000 
0.1436136 
0.1419835 
0.1444025 
0.1463683 
0.1458857 
0.1455441 
0.1460677 
0.1470569 
0.1469095 
0.1479617 
0.1520949 
0.1489226 
0.1481672 
0.1535195 
0.1578574 
0.1559300 
0.1548754 
0.1552152 
0.1537819 
0.1525748 
0.1533781 
0.1545045 
0.1544464 
0.1546272 
0.1522875 
0.1509995 
0.1532930 
0.1533947 
0.1540684 
0.1588073 
0.1592626 
0.1578987 
0.1556986 
0.1573381 
0.1555572 
0.1508831 
0.1491734 
0.1485374 
0.1542960 
0.1530422 
0.1486831 
0.1510556 
0.1529833 
0.1539143 
0.1460180 
0.1482988 
0.1473115 
0.1491480 
0.1560683 
0.1546261 
0.1478851 
0.1478137 
0.1530748 
0.1584367 
0.1548485 
0.1535005 
0.1529578 
0.1522645 
0.1535025 
0.1477031 
0.1445038 
0.1445679 
0.1430475 
0.1422534 
0.1440864 
0.1479801 
0.1494880 
0.1472717 
0.1522522 
0.1529503 
0.1565171 
0.1501480 
0.1451349 
0.1436874 
0.1450322 
0.1490298 
0.1503167 
0.1525115 
0.1535259 
0.1458701 
0.1430201 
0.1442683 
0.1453157 
0.1443688 
0.1436368 
0.1439691 
0.1410959 
0.1425109 
0.1416407 
0.1396580 
0.1407046 
0.1318492 
0.1374109 
0.1391253 
0.1389918 
0.1419044 
0.1435839 
0.1431129 
0.1428866 
0.1460658 
0.1439868 
0.1416747 
0.1453308 
0.1412350 
0.1384124 
0.1420259 
0.1426316 
0.1412345 
0.1438399 
0.1474895 
0.1496273 
0.1417971 
0.1391668 
0.1418479 
0.1389726 
0.1399211 
0.1417767 
0.1409593 
0.1334483 
0.1343025 
0.1353412 
0.1379382 
0.1372357 
0.1343738 
0.1295334 
0.1298993 
0.1267520 
0.1286376 
0.1334432 
0.1334329 
0.1313839 
0.1334476 
0.1321563 
0.1323532 
0.1351490 
0.1269665 
0.1237415 
0.1220873 
0.1231192 
0.1268295 
0.1254026 
0.1268333 
0.1289912 
0.1272973 
0.1271500 
0.1262278 
0.1246853 
0.1250234 
0.1263578 
0.1283427 
0.1281954 
0.1313258 
0.1299632 
0.1302908 
0.1386364 
0.1329887 
0.1342203 
0.1336411 
0.1268035 
0.1247768 
0.1232305 
0.1233398 
0.1280468 
0.1292432 
0.1289675 
0.1271628 
0.1305366 
0.1353123 
0.1301672 
0.1340407 
0.1325448 
0.1257263 
0.1293352 
0.1262273 
0.1294066 
0.1316868 
0.1295702 
0.1311021 
0.1274152 
0.1221924 
0.1231000 
0.1196770 
0.1195944 
0.1228194 
0.1200901 
0.1221666 
0.1148286 
0.1078261 
0.1138097 
0.1114759 
0.1101712 
0.1101475 
0.1096443 
0.1150325 
0.1145742 
0.1148349 
0.1217957 
0.1227097 
0.1191416 
0.1181688 
0.1160628 
0.1136536 
0.1101250 
0.1088309 
0.1088158 
0.1080590 
0.1082776 
0.1073668 
0.1091262 
0.1154014 
0.1189069 
0.1220691 
0.1223488 
0.1172507 
0.1112451 
0.1079665 
0.1116336 
0.1129132 
0.1093350 
0.1047156 
0.1014753 
0.1008202 
0.1027077 
0.1035039 
0.1012755 
0.1025267 
0.1034927 
0.1035646 
0.1031823 
0.1040028 
0.1077349 
0.1067926 
0.1031442 
0.0991043 
0.0951771 
0.0966680 
0.1019966 
0.0995210 
0.0959031 
0.0924524 
0.0945520 
0.0968952 
0.0942537 
0.0975390 
0.1033657 
0.1033973 
0.0996649 
0.0954692 
0.0954260 
0.0934909 
0.0971098 
0.1002487 
0.1029018 
0.0976510 
0.0932649 
0.0929548 
0.0933957 
0.0945543 
0.0952167 
0.0928029 
0.0901060 
0.0880236 
0.0934097 
0.0975307 
0.0958583 
0.0960777 
0.0980400 
0.0964129 
0.0902212 
0.0935204 
0.0965880 
0.0967555 
0.0927998 
0.0893991 
0.0868062 
0.0867090 
0.0886672 
0.0914717 
0.0875091 
0.0916986 
0.0917993 
0.0975171 
0.1003148 
0.0974857 
0.0984949 
0.0990205 
0.0919607 
0.0842871 
0.0901462 
0.0970937 
0.1042515 
0.1035109 
0.0844206 
0.0775054 
0.0778505 
0.0759658 
0.0751869 
0.0786514 
0.0862716 
0.0906875 
0.0882377 
0.0850724 
0.0850600 
0.0919629 
0.0936900 
0.0870292 
0.0842675 
0.0871792 
0.0872563 
0.0860366 
0.0849472 
0.0866453 
0.0893111 
0.0871454 
0.0864338 
0.0816701 
0.0787313 
0.0817177 
0.0801675 
0.0794408 
0.0800094 
0.0782213 
0.0803280 
0.0773690 
0.0714775 
0.0690746 
0.0738896 
0.0777539 
0.0748154 
0.0716590 
0.0748259 
0.0762259 
0.0748809 
0.0777743 
0.0745622 
0.0747389 
0.0767472 
0.0803555 
0.0778426 
0.0731508 
0.0714839 
0.0759813 
0.0808376 
0.0758163 
0.0716695 
0.0695757 
0.0692549 
0.0733223 
0.0715073 
0.0699918 
0.0715228 
0.0687967 
0.0713018 
0.0717624 
0.0681413 
0.0624006 
0.0610819 
0.0683263 
0.0669591 
0.0672551 
0.0673541 
0.0642304 
0.0626737 
0.0671157 
0.0664194 
0.0668118 
0.0672768 
0.0736303 
0.0744841 
0.0751585 
0.0673438 
0.0649131 
0.0665740 
0.0659902 
0.0676023 
0.0717346 
0.0777143 
0.0774874 
0.0771195 
0.0786687 
0.0751747 
0.0738062 
0.0775571 
0.0782848 
0.0756954 
0.0796538 
0.0765246 
0.0760522 
0.0756282 
0.0716493 
0.0698973 
0.0716985 
0.0697015 
0.0706884 
0.0780638 
0.0781723 
0.0736898 
0.0747928 
0.0769949 
0.0734301 
0.0741731 
0.0752434 
0.0704601 
0.0675357 
0.0640432 
0.0631854 
0.0635983 
0.0650801 
0.0632522 
0.0622356 
0.0636417 
0.0651502 
0.0643091 
0.0595163 
0.0638911 
0.0710745 
0.0719633 
0.0690627 
0.0667978 
0.0676048 
0.0620894 
0.0605082 
0.0560196 
0.0535654 
0.0565679 
0.0553605 
0.0590213 
0.0610997 
0.0608851 
0.0555536 
0.0524729 
0.0477223 
0.0472239 
0.0470782 
0.0447547 
0.0448436 
0.0518390 
0.0519979 
0.0538665 
0.0500087 
0.0454926 
0.0435765 
0.0427354 
0.0456916 
0.0479510 
0.0454719 
0.0459718 
0.0388789 
0.0402799 
0.0421764 
0.0543905 
0.0612971 
0.0597619 
0.0599257 
0.0626279 
0.0644557 
0.0658371 
0.0632234 
0.0614738 
0.0634646 
0.0624268 
0.0525601 
0.0462813 
0.0462471 
0.0423270 
0.0399913 
0.0517443 
0.0541591 
0.0506563 
0.0533128 
0.0492047 
0.0438641 
0.0437779 
0.0424629 
0.0433878 
0.0387019 
0.0345808 
0.0337159 
0.0380816 
0.0319598 
0.0328727 
0.0354771 
0.0390396 
0.0524193 
0.0631434 
0.0675161 
0.0687544 
0.0616185 
0.0538673 
0.0441728 
0.0384647 
0.0288469 
0.0286739 
0.0332961 
0.0376651 
0.0378401 
0.0441375 
0.0448852 
0.0422671 
0.0377237 
0.0349708 
0.0336411 
0.0290791 
0.0346695 
0.0352183 
0.0371794 
0.0383004 
0.0356954 
0.0304909 
0.0238202 
0.0158249 
0.0113082 
0.0128500 
0.0172163 
0.0197373 
0.0177710 
0.0183732 
0.0207040 
0.0242793 
0.0231385 
0.0262213 
0.0258397 
0.0279513 
0.0337395 
0.0306418 
0.0318852 
0.0325778 
0.0248747 
0.0197901 
0.0200364 
0.0234508 
0.0224555 
0.0259536 
0.0271052 
0.0305803 
0.0297605 
0.0251885 
0.0257462 
0.0249182 
0.0245923 
0.0247101 
0.0217222 
0.0257341 
0.0263534 
0.0244124 
0.0295331 
0.0395908 
0.0399132 
0.0415674 
0.0402123 
0.0351730 
0.0314257 
0.0273750 
0.0307334 
0.0235480 
0.0192289 
0.0181734 
0.0200452 
0.0208896 
0.0233444 
0.0241107 
0.0219700 
0.0237044 
0.0254600 
0.0236348 
0.0255397 
0.0307807 
0.0275179 
0.0232585 
0.0229350 
0.0250084 
0.0274577 
0.0287904 
0.0204463 
0.0163895 
0.0124132 
0.0105085 
0.0133311 
0.0171887 
0.0224762 
0.0198123 
0.0183121 
0.0145331 
0.0104615 
0.0149812 
0.0183903 
0.0210765 
0.0228324 
0.0238426 
0.0263491 
0.0306170 
0.0299599 
0.0295428 
0.0282360 
0.0277024 
0.0266363 
0.0204211 
0.0195269 
0.0235692 
0.0225778 
0.0259020 
0.0295774 
0.0324580 
0.0356979 
0.0348560 
0.0267423 
0.0239166 
0.0241981 
0.0242375 
0.0275580 
0.0271850 
0.0299285 
0.0314734 
0.0345893 
0.0315550 
0.0285025 
0.0227055 
0.0162794 
0.0108941 
0.0064818 
0.0045439 
0.0037386 
0.0095778 
0.0159154 
0.0156072 
0.0167671 
0.0128395 
0.0123104 
0.0100920 
0.0052303 
0.0083827 
0.0084622 
0.0073513 
0.0094085 
0.0188513 
0.0194600 
0.0161294 
0.0156695 
0.0189518 
0.0150351 
0.0113473 
0.0062166 
0.0036101 
0.0020676 
0.0000000 
0.0054928 
0.0120488 
0.0075213 
0.0094687 
0.0129555 
0.0121663 
0.0172934 
0.0231353 
0.0156491 
0.0179677 
0.0172624 
0.0203342 
0.0195625 
0.0229106 
0.0204551 
0.0111589 
0.0103544 
0.0069706 
0.0121319 
0.0202531 
0.0207763 
0.0215219 
0.0181229 
