-0.0001339 
-0.0000433 
-0.0000514 
0.2484088 
-0.2020121 
0.0711879 
0.8458482 
0.8466108 
0.8462401 
0.8452229 
0.8392016 
0.8385906 
0.8362117 
0.8374033 
0.8331044 
0.8335069 
0.8366974 
0.8403134 
0.8335592 
0.8346163 
0.8352502 
0.8319273 
0.8329464 
0.8439428 
0.8345752 
0.8316494 
0.8259232 
0.8219136 
0.8219746 
0.8126720 
0.8105399 
0.8051171 
0.8073689 
0.8060280 
0.8054026 
0.8111103 
0.8114004 
0.8137008 
0.8218549 
0.8264457 
0.8302035 
0.8336684 
0.8368033 
0.8402859 
0.8412768 
0.8402187 
0.8474809 
0.8557049 
0.8548319 
0.8569657 
0.8556990 
0.8540188 
0.8558792 
0.8546057 
0.8550761 
0.8556236 
0.8532060 
0.8500012 
0.8509361 
0.8533485 
0.8501661 
0.8517984 
0.8479755 
0.8504926 
0.8507893 
0.8494870 
0.8438405 
0.8387845 
0.8354377 
0.8375517 
0.8389618 
0.8382354 
0.8488994 
0.8503157 
0.8573856 
0.8562873 
0.8569708 
0.8587417 
0.8602638 
0.8560287 
0.8587078 
0.8615827 
0.8616740 
0.8598424 
0.8598918 
0.8609857 
0.8550024 
0.8574734 
0.8547654 
0.8536275 
0.8572037 
0.8563582 
0.8564666 
0.8508565 
0.8459840 
0.8495995 
0.8578192 
0.8590548 
0.8679948 
0.8704449 
0.8860125 
0.8843987 
0.8750501 
0.8764238 
0.8717711 
0.8761349 
0.8737875 
0.8696685 
0.8736650 
0.8718187 
0.8641654 
0.8661322 
0.8699102 
0.8703866 
0.8663746 
0.8691107 
0.8660927 
0.8614663 
0.8600696 
0.8544420 
0.8556418 
0.8594338 
0.8520618 
0.8524164 
0.8503894 
0.8477427 
0.8488345 
0.8464308 
0.8448966 
0.8437845 
0.8482245 
0.8545409 
0.8562336 
0.8495101 
0.8508207 
0.8564098 
0.8648800 
0.8633086 
0.8587213 
0.8587295 
0.8599744 
0.8549530 
0.8550972 
0.8534508 
0.8575619 
0.8571875 
0.8584075 
0.8599379 
0.8607163 
0.8597464 
0.8542625 
0.8564639 
0.8604357 
0.8592723 
0.8576969 
0.8538786 
0.8582442 
0.8623226 
0.8629211 
0.8664055 
0.8639626 
0.8655615 
0.8728847 
0.8763807 
0.8822358 
0.8821967 
0.8845539 
0.8824462 
0.8816210 
0.8722787 
0.8727745 
0.8748996 
0.8759032 
0.8742245 
0.8701160 
0.8730626 
0.8699142 
0.8743211 
0.8673507 
0.8644642 
0.8635795 
0.8690242 
0.8673949 
0.8720379 
0.8673156 
0.8609942 
0.8578655 
0.8609591 
0.8573918 
0.8548735 
0.8511310 
0.8489895 
0.8478668 
0.8530578 
0.8517856 
0.8524996 
0.8434658 
0.8431300 
0.8379136 
0.8431531 
0.8423387 
0.8515013 
0.8530378 
0.8530929 
0.8586373 
0.8579895 
0.8600409 
0.8614529 
0.8620341 
0.8643264 
0.8549609 
0.8567147 
0.8561964 
0.8622598 
0.8628051 
0.8564754 
0.8586280 
0.8578145 
0.8697813 
0.8687904 
0.8748601 
0.8818907 
0.8895245 
0.8857654 
0.8948313 
0.9019238 
0.9063578 
0.9077298 
0.9045620 
0.9096350 
0.9092993 
0.9133739 
0.9041520 
0.9037426 
0.9015726 
0.8970515 
0.8940349 
0.8931203 
0.8980932 
0.8975574 
0.9036430 
0.9017506 
0.9022926 
0.8984234 
0.8989263 
0.9004482 
0.9019371 
0.9044339 
0.9074738 
0.9018906 
0.9001784 
0.8933167 
0.8793631 
0.8718916 
0.8648762 
0.8578132 
0.8515016 
0.8451212 
0.8450460 
0.8374202 
0.8292754 
0.8217790 
0.8175811 
0.8190517 
0.8132628 
0.8118430 
0.8102398 
0.8102636 
0.8076981 
0.8112546 
0.8138232 
0.8113805 
0.8149301 
0.8113358 
0.8156050 
0.8079070 
0.8010679 
0.7991967 
0.7958680 
0.7928318 
0.7921259 
0.7928919 
0.7931877 
0.7924602 
0.8007298 
0.8050924 
0.8077931 
0.8080795 
0.8117405 
0.8107226 
0.8120272 
0.8129039 
0.8159510 
0.8167261 
0.8225141 
0.8291598 
0.8360747 
0.8397408 
0.8468504 
0.8487086 
0.8534455 
0.8658759 
0.8659007 
0.8679356 
0.8672032 
0.8658616 
0.8718002 
0.8752696 
0.8769915 
0.8855889 
0.8891501 
0.8955937 
0.9083767 
0.9111365 
0.9301229 
0.9312387 
0.9288959 
0.9215966 
0.9183571 
0.9158600 
0.9160188 
0.9192817 
0.9220071 
0.9178036 
0.9175680 
0.9189315 
0.9133131 
0.9124589 
0.9164324 
0.9188947 
0.9128029 
0.9147737 
0.9127870 
0.9077144 
0.9011278 
0.9039823 
0.8918085 
0.8895102 
0.8862198 
0.8868443 
0.8954234 
0.8997525 
0.9063529 
0.9051441 
0.8993966 
0.8978807 
0.9026739 
0.9115837 
0.9092753 
0.9075787 
0.9100699 
0.9158277 
0.9151908 
0.9155191 
0.9173736 
0.9168109 
0.9124768 
0.9079375 
0.9009055 
0.8995026 
0.8909508 
0.8925498 
0.8915555 
0.8869014 
0.8912369 
0.8874599 
0.8905986 
0.8843879 
0.8817951 
0.8825140 
0.8796423 
0.8835880 
0.8853436 
0.8874455 
0.8951854 
0.8909821 
0.8832590 
0.8785222 
0.8750709 
0.8593001 
0.8457896 
0.8444098 
0.8443507 
0.8491850 
0.8442271 
0.8422441 
0.8419417 
0.8397382 
0.8403030 
0.8421612 
0.8434241 
0.8409450 
0.8460852 
0.8400553 
0.8392704 
0.8433772 
0.8419092 
0.8395363 
0.8366967 
0.8376181 
0.8368272 
0.8427511 
0.8419198 
0.8569538 
0.8588173 
0.8601133 
0.8654543 
0.8670345 
0.8653016 
0.8853070 
0.8847640 
0.8749115 
0.8683716 
0.8594908 
0.8592084 
0.8559975 
0.8515959 
0.8504202 
0.8528910 
0.8552756 
0.8516064 
0.8558918 
0.8545021 
0.8501772 
0.8435469 
0.8409564 
0.8452485 
0.8515266 
0.8581299 
0.8601100 
0.8661053 
0.8680879 
0.8700167 
0.8707868 
0.8709129 
0.8755835 
0.8804652 
0.8873129 
0.9046678 
0.9167462 
0.9212702 
0.9258480 
0.9332180 
0.9110739 
0.9162255 
0.9103994 
0.9128023 
0.9412965 
0.9413665 
0.9440338 
0.9339723 
0.9189218 
0.9067714 
0.9093750 
0.9053010 
0.9051670 
0.9047571 
0.9048750 
0.9023578 
0.9058720 
0.9050619 
0.9026494 
0.9063435 
0.9099185 
0.9087532 
0.9091262 
0.9050916 
0.9058993 
0.9022901 
0.8990182 
0.9023491 
0.9098906 
0.9199389 
0.9121095 
0.9167793 
0.9166345 
0.9231203 
0.9274367 
0.9267410 
0.9331985 
0.9258563 
0.9241780 
0.9227765 
0.9226300 
0.9126613 
0.9100302 
0.9021316 
0.9063535 
0.8946793 
0.8798450 
0.8722221 
0.8775106 
0.8757687 
0.8837323 
0.8867207 
0.9002227 
0.9242764 
0.9223058 
0.9171193 
0.9129012 
0.9104072 
0.9120314 
0.9075934 
0.9033667 
0.9042400 
0.8707836 
0.8628941 
0.8521563 
0.8513156 
0.8493933 
0.8514141 
0.8482369 
0.8492379 
0.8493003 
0.8516028 
0.8474913 
0.8516419 
0.8545489 
0.8560975 
0.8575312 
0.8690428 
0.8736384 
0.8853289 
0.8982422 
0.9021657 
0.9079930 
0.9142953 
0.9148285 
0.9275864 
0.9290080 
0.9313021 
0.9349760 
0.9373585 
0.9503995 
0.9631858 
0.9698485 
0.9718470 
0.9756074 
0.9803243 
0.9853181 
0.9897515 
0.9915843 
0.9901776 
0.9897213 
0.9855783 
0.9720860 
0.9584628 
0.9604666 
0.9531804 
0.9379928 
0.9312410 
0.9275853 
0.9239552 
0.9177375 
0.9147028 
0.9077673 
0.9025113 
0.9005128 
0.9013857 
0.9017029 
0.9007748 
0.9043415 
0.8999299 
0.8996723 
0.9003595 
0.9001493 
0.9022483 
0.8940240 
0.8868091 
0.8793641 
0.8705213 
0.8581734 
0.8543299 
0.8531126 
0.8526334 
0.8576406 
0.8586562 
0.8620551 
0.8601781 
0.8624069 
0.8644180 
0.8698928 
0.8724252 
0.8820588 
0.8829594 
0.8911790 
0.8950618 
0.9070195 
0.9159316 
0.9233564 
0.9275078 
0.9283998 
0.9281409 
0.9253790 
0.9230059 
0.9200762 
0.9230755 
0.9309955 
0.9337903 
0.9256900 
0.9277580 
0.9263633 
0.9267427 
0.9275405 
0.9225999 
0.9198927 
0.9134449 
0.9080988 
0.9024721 
0.8995760 
0.8922057 
0.8975244 
0.8956209 
0.9003744 
0.8997146 
0.8995627 
0.9012467 
0.9047963 
0.9066476 
0.9121225 
0.9183588 
0.9233710 
0.9232382 
0.9214141 
0.9258072 
0.9318145 
0.9406957 
0.9468736 
0.9618490 
0.9715295 
0.9811646 
0.9897006 
0.9808888 
0.9763402 
0.9680368 
0.9610016 
0.9509566 
0.9447840 
0.9342595 
0.9319909 
0.9197286 
0.9065587 
0.9019457 
0.8923102 
0.8886677 
0.8885125 
0.8776856 
0.8698575 
0.8653330 
0.8677807 
0.8632951 
0.8586897 
0.8563175 
0.8508413 
0.8427301 
0.8445754 
0.8425280 
0.8461926 
0.8510680 
0.8537502 
0.8625839 
0.8649960 
0.8664849 
0.8723030 
0.8747068 
0.8759051 
0.8834797 
0.8877633 
0.8994511 
0.9013864 
0.9075286 
0.9082139 
0.9095115 
0.9111301 
0.9141982 
0.9167572 
0.9285171 
0.9346863 
0.9427927 
0.9539432 
0.9558177 
0.9621757 
0.9638408 
0.9686581 
0.9748150 
0.9894410 
0.9932238 
0.9901252 
0.9982212 
0.9985385 
0.9979859 
0.9917432 
0.9926380 
0.9830098 
0.9910843 
0.9973628 
0.9999352 
0.9922152 
0.9957091 
0.9871402 
0.9881041 
0.9777525 
0.9771705 
0.9770809 
0.9781418 
0.9802034 
0.9781178 
0.9799369 
0.9712552 
0.9661594 
0.9715695 
0.9596618 
0.9647024 
0.9504288 
0.9536800 
0.9516105 
0.9576864 
0.9608626 
0.9617439 
0.9548272 
0.9530088 
0.9513713 
0.9547321 
0.9537740 
0.9617907 
0.9591734 
0.9550204 
0.9595167 
0.9545491 
0.9572734 
0.9532787 
0.9457345 
0.9465161 
0.9404810 
0.9401904 
0.9360453 
0.9333052 
0.9217339 
0.9106141 
0.9058525 
0.9002234 
0.9021725 
0.8979345 
0.9062743 
0.9006815 
0.8950280 
0.8932107 
0.8902715 
0.8905997 
0.8953030 
0.8971320 
0.9019017 
0.8984913 
0.9059980 
0.9074339 
0.9107199 
0.9057870 
0.9036910 
0.8971153 
0.8953940 
0.8919489 
0.8915825 
0.8877211 
0.8924251 
0.8919253 
0.8892426 
0.8805043 
0.8783772 
0.8777674 
0.8786746 
0.8807118 
0.8825325 
0.8805642 
0.8806801 
0.8786009 
0.8721591 
0.8753248 
0.8689948 
0.8772833 
0.8728544 
0.8753959 
0.8701707 
0.8862111 
0.8876894 
0.8953173 
0.9000901 
0.8963095 
0.8993833 
0.9097578 
0.9216387 
0.9123465 
0.9202767 
0.9245912 
0.9220732 
0.9215051 
0.9226603 
0.9261992 
0.9204187 
0.9229985 
0.9297906 
0.9322966 
0.9299488 
0.9294754 
0.9269486 
0.9355697 
0.9376074 
0.9498678 
0.9585892 
0.9509723 
0.9542533 
0.9617407 
0.9617727 
0.9698791 
0.9734876 
0.9756052 
0.9807364 
0.9870683 
0.9985347 
1.0000000 
0.9984124 
0.9927042 
0.9876415 
0.9899195 
0.9857272 
0.9688838 
0.9609217 
0.9518328 
0.9431700 
0.9432697 
0.9312753 
0.9177513 
0.9233656 
0.9190051 
0.9102608 
0.9030132 
0.9006720 
0.8932424 
0.8913658 
0.8888087 
0.8819438 
0.8746808 
0.8781461 
0.8766065 
0.8761063 
0.8656076 
0.8652214 
0.8628516 
0.8605159 
0.8548590 
0.8446704 
0.8515627 
0.8524181 
0.8530773 
0.8544802 
0.8603841 
0.8728278 
0.8807590 
0.8866460 
0.9049138 
0.9259449 
0.9380790 
0.9522032 
0.9529588 
0.9583828 
0.9649931 
0.9640177 
0.9622803 
0.9570251 
0.9560425 
0.9607353 
0.9761498 
0.9876813 
0.9880507 
0.9867730 
0.9896876 
0.9853098 
0.9864038 
0.9903751 
0.9828659 
0.9917483 
0.9896155 
0.9891683 
0.9696844 
0.9526414 
0.9482778 
0.9369042 
0.9314735 
0.9258318 
0.9242582 
0.9145807 
0.9163350 
0.9059862 
0.9010854 
0.8928673 
0.8815071 
0.8806406 
0.8819694 
0.8768236 
0.8814460 
0.8807984 
0.8803229 
0.8807793 
0.8814539 
0.8847834 
0.8880702 
0.9192509 
0.9136829 
0.9227197 
0.9351749 
0.9385854 
0.9456070 
0.9556810 
0.9629370 
0.9704098 
0.9822498 
0.9808910 
0.9528329 
0.9489515 
0.9510522 
0.9524474 
0.9466385 
0.9409107 
0.9407492 
0.9416995 
0.9445266 
0.9445932 
0.9476833 
0.9636871 
0.9670036 
0.9746608 
0.9712575 
0.9503942 
0.9382383 
0.9279559 
0.9240127 
0.9239334 
0.9176942 
0.9194565 
0.9248640 
0.9269428 
0.9199013 
0.9041086 
0.8996819 
0.8957555 
0.8959852 
0.8939286 
0.8994473 
0.8986652 
0.9040756 
0.9024553 
0.8989177 
0.8998828 
0.8989596 
0.9017430 
0.8936614 
0.8900897 
0.9029615 
0.9270955 
0.9365604 
0.9373660 
0.9381154 
0.9434854 
0.9295740 
0.9155484 
0.9193859 
0.9245274 
0.9208848 
0.9149584 
0.9139977 
0.9428025 
0.9455487 
0.9473062 
0.9428796 
0.9462419 
0.9451842 
0.9452495 
0.9487271 
0.9571242 
0.9534787 
0.9602584 
0.9221642 
0.9271844 
0.9264449 
0.9243767 
0.9202423 
0.9268789 
0.9297981 
0.9407036 
0.9399134 
0.9387990 
0.9328729 
0.9299672 
0.9366967 
0.9350083 
0.9420001 
0.9444012 
0.9558002 
0.9403874 
0.9341018 
0.9227125 
0.9278098 
0.9257752 
0.9245343 
0.9254739 
0.9354906 
0.9392547 
0.9291535 
0.9360086 
0.9372977 
0.9268215 
0.9208350 
0.9210581 
0.9182698 
0.9183759 
0.9149581 
0.9137622 
0.9091715 
0.9069690 
0.9015158 
0.9034781 
0.9017602 
0.9015185 
0.9081080 
0.9123937 
0.9161272 
0.9157652 
0.9284111 
0.9169664 
0.8984741 
0.8902367 
0.8843528 
0.8804846 
0.8774850 
0.8779538 
0.8756275 
0.8763949 
0.8769712 
0.8786978 
0.8780941 
0.8775235 
0.8758337 
0.8846203 
0.8863251 
0.8925633 
0.8920082 
0.8944337 
0.8965717 
0.8980581 
0.8958753 
0.9060250 
0.9145738 
0.9228367 
0.9293985 
0.9385999 
0.9451302 
0.9510706 
0.9486777 
0.9434434 
0.9442733 
0.9458385 
0.9457359 
0.9469113 
0.9477948 
0.9520043 
0.9582138 
0.9623434 
0.9659829 
0.9698338 
0.9672009 
0.9665636 
0.9727995 
0.9737207 
0.9780738 
0.9805931 
0.9695069 
0.9686170 
0.9607991 
0.9513805 
0.9577427 
0.9586044 
0.9642772 
0.9682062 
0.9646045 
0.9779027 
0.9802998 
0.9786952 
0.9768382 
0.9771106 
0.9733578 
0.9640263 
0.9626693 
0.9560266 
0.9574646 
0.9547194 
0.9522921 
0.9454760 
0.9416500 
0.9309410 
0.9291862 
0.9336343 
0.9340611 
0.9384861 
0.9362097 
0.9361334 
0.9327674 
0.9346695 
0.9375463 
0.9245541 
0.9177439 
0.9139083 
0.9145394 
0.9081462 
0.9043498 
0.9015494 
0.8960030 
0.8889832 
0.8836119 
0.8807839 
0.8803167 
0.8779557 
0.8752959 
0.8728498 
0.8733309 
0.8668984 
0.8665835 
0.8602646 
0.8571194 
0.8533621 
0.8502446 
0.8596902 
0.8632734 
0.8653520 
0.8689357 
0.8771895 
0.8864248 
0.8916402 
0.8972730 
0.9066177 
0.9135651 
0.9237008 
0.9306947 
0.9359748 
0.9401973 
0.9336984 
0.9293193 
0.9333012 
0.9472252 
0.9556872 
0.9582934 
0.9521516 
0.9580959 
0.9650906 
0.9730298 
0.9720815 
0.9586140 
0.9534945 
0.9557835 
0.9531397 
0.9495108 
0.9534741 
0.9488270 
0.9506236 
0.9516224 
0.9553237 
0.9569415 
0.9416397 
0.9379550 
0.9314020 
0.9240831 
0.9195136 
0.9046373 
0.9017690 
0.8980535 
0.8928271 
0.8882258 
0.8843473 
0.8749738 
0.8682350 
0.8634977 
0.8638561 
0.8662088 
0.8603033 
0.8584859 
0.8514676 
0.8539774 
0.8489517 
0.8463680 
0.8437116 
0.8333067 
0.8311850 
0.8303825 
0.8395720 
0.8461679 
0.8612858 
0.8696660 
0.8690447 
0.8651823 
0.8668369 
0.8953802 
0.9074115 
0.9108875 
0.9135806 
0.9194821 
0.9150588 
0.9073834 
0.8956146 
0.8854066 
0.8856141 
0.8900479 
0.8893124 
0.8814653 
0.8876804 
0.8872017 
0.8817940 
0.8805346 
0.8821311 
0.8827487 
0.8763226 
0.8774339 
0.8783855 
0.8731248 
0.8674799 
0.8607697 
0.8629426 
0.8541493 
0.8517665 
0.8512467 
0.8503137 
0.8521255 
0.8490275 
0.8463483 
0.8479278 
0.8569445 
0.8538886 
0.8555618 
0.8474402 
0.8444467 
0.8477491 
0.8504517 
0.8482733 
0.8470546 
0.8475206 
0.8438362 
0.8531015 
0.8565665 
0.8624094 
0.8670179 
0.8727936 
0.8736508 
0.8791019 
0.8870291 
0.8855290 
0.8879268 
0.8847530 
0.8881055 
0.8925362 
0.8865558 
0.8966482 
0.9025423 
0.9067982 
0.9093019 
0.9113779 
0.9088230 
0.9011881 
0.9054138 
0.9063088 
0.9048887 
0.9093557 
0.9072542 
0.9045365 
0.8996414 
0.9014506 
0.8981607 
0.8952948 
0.8910748 
0.8843801 
0.8732828 
0.8743774 
0.8780678 
0.8825868 
0.8832350 
0.8811708 
0.8814837 
0.8768456 
0.8755900 
0.8695004 
0.8644116 
0.8563258 
0.8524614 
0.8590929 
0.8610954 
0.8687315 
0.8653025 
0.8642607 
0.8621958 
0.8626117 
0.8605737 
0.8682878 
0.8689127 
0.8758647 
0.8780290 
0.8827231 
0.8837132 
0.8909445 
0.8857467 
0.8865770 
0.8825106 
0.8808641 
0.8932901 
0.8870821 
0.8852533 
0.8867293 
0.8844765 
0.8844087 
0.8919032 
0.8958980 
0.8943730 
0.8921118 
0.8924020 
0.8908198 
0.8942671 
0.8935561 
0.8870083 
0.8845920 
0.8777025 
0.8794606 
0.8757918 
0.8784906 
0.8803030 
0.8778713 
0.8757474 
0.8757521 
0.8701214 
0.8721668 
0.8780156 
0.8808955 
0.8751423 
0.8768326 
0.8718598 
0.8721411 
0.8717552 
0.8707198 
0.8649576 
0.8652725 
0.8618181 
0.8684029 
0.8668015 
0.8633021 
0.8639692 
0.8657449 
0.8580491 
0.8565506 
0.8565712 
0.8582712 
0.8456832 
0.8493189 
0.8474025 
0.8400966 
0.8372712 
0.8334072 
0.8320096 
0.8322078 
0.8333336 
0.8332608 
0.8361274 
0.8324372 
0.8337125 
0.8353668 
0.8319310 
0.8286228 
0.8240914 
0.8239185 
0.8218462 
0.8200184 
0.8263522 
0.8211012 
0.8138992 
0.8084008 
0.8139120 
0.8128710 
0.8143359 
0.8147224 
0.8154053 
0.8151357 
0.8190989 
0.8214208 
0.8229661 
0.8329213 
0.8357746 
0.8296740 
0.8296224 
0.8249596 
0.8222876 
0.8162259 
0.8152025 
0.8221923 
0.8253922 
0.8305354 
0.8311710 
0.8302727 
0.8367803 
0.8431934 
0.8405138 
0.8478222 
0.8523185 
0.8636041 
0.8607738 
0.8475734 
0.8378168 
0.8261219 
0.8178222 
0.8154914 
0.8245118 
0.8274176 
0.8194472 
0.8252285 
0.8229792 
0.8266303 
0.8225059 
0.8229300 
0.8264928 
0.8308826 
0.8305966 
0.8343739 
0.8344927 
0.8440465 
0.8425303 
0.8460129 
0.8473138 
0.8459728 
0.8525648 
0.8526506 
0.8592057 
0.8623545 
0.8652722 
0.8637966 
0.8680530 
0.8644835 
0.8599938 
0.8653742 
0.8669452 
0.8662282 
0.8626641 
0.8666386 
0.8661944 
0.8600181 
0.8624979 
0.8588797 
0.8591810 
0.8597498 
0.8563932 
0.8528931 
0.8441409 
0.8402177 
0.8392359 
0.8403377 
0.8323879 
0.8317198 
0.8345682 
0.8332696 
0.8311432 
0.8248584 
0.8258231 
0.8306941 
0.8315072 
0.8237122 
0.8238444 
0.8341941 
0.8290498 
0.8200700 
0.8231123 
0.8255724 
0.8270008 
0.8206846 
0.8227005 
0.8181238 
0.8184920 
0.8228408 
0.8234463 
0.8288195 
0.8276065 
0.8216775 
0.8285075 
0.8271877 
0.8338573 
0.8357543 
0.8294706 
0.8393920 
0.8435119 
0.8415002 
0.8442026 
0.8446840 
0.8442151 
0.8463807 
0.8497545 
0.8565951 
0.8588491 
0.8606036 
0.8582218 
0.8534812 
0.8414241 
0.8372935 
0.8319212 
0.8298377 
0.8295698 
0.8307811 
0.8337931 
0.8254784 
0.8243241 
0.8256174 
0.8221623 
0.8282259 
0.8238286 
0.8253584 
0.8179146 
0.8220252 
0.8203128 
0.8193551 
0.8274866 
0.8198235 
0.8145855 
0.8158993 
0.8141575 
0.8160948 
0.8133759 
0.8097680 
0.8044825 
0.8010691 
0.8023636 
0.8024888 
0.8063830 
0.8095955 
0.8093256 
0.8033933 
0.8052094 
0.8100614 
0.8050010 
0.8095558 
0.8140906 
0.8112750 
0.8126578 
0.8137010 
0.8177025 
0.8195186 
0.8198103 
0.8248212 
0.8342987 
0.8348745 
0.8370624 
0.8390045 
0.8361137 
0.8161717 
0.8191938 
0.8192472 
0.8197465 
0.8171922 
0.8171740 
0.8122224 
0.8208268 
0.8253363 
0.8194653 
0.8184803 
0.8216357 
0.8178371 
0.8196317 
0.8171898 
0.8203913 
0.8198983 
0.8183044 
0.8129110 
0.8121760 
0.8118719 
0.8113585 
0.8129507 
0.8084877 
0.8129044 
0.8084178 
0.8022196 
0.7988232 
0.7949471 
0.7956193 
0.7882378 
0.7883298 
0.7730078 
0.7603812 
0.7643957 
0.7665455 
0.7677721 
0.7677655 
0.7661242 
0.7797766 
0.7893502 
0.7890124 
0.7909537 
0.7948234 
0.7980123 
0.8032914 
0.7998195 
0.8007079 
0.7953001 
0.7962118 
0.7984391 
0.8053844 
0.8164405 
0.8172173 
0.7977047 
0.7976546 
0.7975012 
0.7992572 
0.8004738 
0.8060232 
0.8011897 
0.8056157 
0.8030726 
0.8038603 
0.7967688 
0.8022717 
0.8011702 
0.7957974 
0.7903131 
0.7941294 
0.7940118 
0.7849943 
0.7854778 
0.7846889 
0.7793559 
0.7707433 
0.7678911 
0.7704229 
0.7744622 
0.7769257 
0.7772291 
0.7814609 
0.7926526 
0.7863802 
0.7827291 
0.7781706 
0.7805104 
0.7845527 
0.7892711 
0.7907597 
0.7918945 
0.7891681 
0.7865617 
0.7881971 
0.7904359 
0.7922174 
0.7891261 
0.7827549 
0.7845836 
0.7796131 
0.7789729 
0.7739035 
0.7764184 
0.7676988 
0.7632213 
0.7627019 
0.7668175 
0.7694812 
0.7693267 
0.7638142 
0.7600307 
0.7569334 
0.7612101 
0.7645422 
0.7605394 
0.7652968 
0.7549594 
0.7576930 
0.7707132 
0.7841763 
0.7848095 
0.7779913 
0.7814642 
0.7763280 
0.7721072 
0.7752741 
0.7748249 
0.7761866 
0.7737135 
0.7769434 
0.7779760 
0.7717446 
0.7694299 
0.7702679 
0.7679386 
0.7609768 
0.7703697 
0.7677087 
0.7683498 
0.7662334 
0.7649229 
0.7687179 
0.7762751 
0.7831561 
0.7794734 
0.7800468 
0.7847782 
0.7900491 
0.7920829 
0.7943025 
0.7898135 
0.7862950 
0.7833063 
0.7843274 
0.7822387 
0.7803784 
0.7833734 
0.7847612 
0.7854432 
0.7788537 
0.7755581 
0.7670037 
0.7607904 
0.7597935 
0.7737567 
0.7693589 
0.7684007 
0.7701130 
0.7707405 
0.7712376 
0.7745174 
0.7721959 
0.7783554 
0.7858471 
0.7822417 
0.7833324 
0.7852584 
0.7912629 
0.7964528 
0.8007326 
0.8068095 
0.8106827 
0.8036357 
0.7971509 
0.7799102 
0.7486491 
0.7459464 
0.7497468 
0.7488242 
0.7495648 
0.7438091 
0.7402506 
0.7407358 
0.7347844 
0.7386924 
0.7416811 
0.7451519 
0.7462561 
0.7484040 
0.7459027 
0.7509316 
0.7491563 
0.7551593 
0.7567870 
0.7593095 
0.7606795 
0.7636627 
0.7647681 
0.7634028 
0.7610311 
0.7606693 
0.7677554 
0.7723841 
0.7674916 
0.7472576 
0.7471046 
0.7439314 
0.7465306 
0.7485329 
0.7538209 
0.7518819 
0.7439044 
0.7424151 
0.7431049 
0.7434930 
0.7413773 
0.7407935 
0.7384380 
0.7348898 
0.7417227 
0.7403506 
0.7337332 
0.7385155 
0.7387784 
0.7345973 
0.7411105 
0.7452204 
0.7450124 
0.7403204 
0.7436494 
0.7483074 
0.7368513 
0.7378236 
0.7390197 
0.7450210 
0.7406168 
0.7373295 
0.7363239 
0.7312482 
0.7245273 
0.7304515 
0.7324195 
0.7345816 
0.7339432 
0.7312596 
0.7394693 
0.7432214 
0.7383229 
0.7351545 
0.7382457 
0.7297879 
0.7259736 
0.7297362 
0.7230966 
0.7268802 
0.7251088 
0.7327662 
0.7277666 
0.7292985 
0.7361188 
0.7345309 
0.7335552 
0.7329319 
0.7353000 
0.7425425 
0.7376806 
0.7349958 
0.7409365 
0.7354055 
0.7378688 
0.7371890 
0.7337112 
0.7303360 
0.7208578 
0.7223211 
0.7246949 
0.7241311 
0.7216370 
0.7155554 
0.7189049 
0.7249331 
0.7191740 
0.7192390 
0.7162287 
0.7194663 
0.7176834 
0.7193981 
0.7193954 
0.7262429 
0.7228428 
0.7196357 
0.7150383 
0.7148083 
0.7162427 
0.7257242 
0.7294437 
0.7308269 
0.7257526 
0.7259859 
0.7188756 
0.7204219 
0.7179807 
0.7104341 
0.7119082 
0.7080888 
0.7059906 
0.7078244 
0.7095972 
0.7135201 
0.7125779 
0.7168090 
0.7173019 
0.7145167 
0.7217370 
0.7262299 
0.7364668 
0.7360335 
0.7297043 
0.7320545 
0.7297349 
0.7263955 
0.7228193 
0.7109516 
0.7011208 
0.7002005 
0.6959789 
0.6946012 
0.6914328 
0.6868354 
0.6973795 
0.6963281 
0.6971903 
0.6927196 
0.6941279 
0.6938446 
0.6870958 
0.6874823 
0.6919077 
0.6922841 
0.6904950 
0.7018961 
0.7008610 
0.7021512 
0.7077588 
0.7048322 
0.7030593 
0.7078447 
0.7128780 
0.7131729 
0.7191498 
0.7184945 
0.7178423 
0.7190094 
0.7206944 
0.7147321 
0.7142231 
0.7124819 
0.7118805 
0.7078064 
0.7078918 
0.7120200 
0.7065316 
0.7112140 
0.7070679 
0.7063065 
0.7079935 
0.7088998 
0.7109050 
0.7141202 
0.7139221 
0.7173007 
0.7121895 
0.7055286 
0.7098005 
0.7052560 
0.7051841 
0.7058998 
0.7062532 
0.7018989 
0.7045970 
0.7071681 
0.7082346 
0.7077529 
0.7059544 
0.7109427 
0.7100701 
0.7143468 
0.7064970 
0.7040670 
0.7009159 
0.7028576 
0.7006987 
0.7069977 
0.7048297 
0.7003280 
0.7052442 
0.7028696 
0.7093493 
0.7123936 
0.7189530 
0.7086690 
0.7044456 
0.7042392 
0.7079311 
0.7028970 
0.6992012 
0.7010793 
0.7004801 
0.7030762 
0.7034203 
0.7035133 
0.7033705 
0.7029779 
0.7048231 
0.7086204 
0.7077077 
0.7050880 
0.6972432 
0.6989136 
0.7013478 
0.7071637 
0.7091459 
0.7047458 
0.7003762 
0.6995568 
0.7038813 
0.7010936 
0.7010611 
0.6944567 
0.6834471 
0.6770484 
0.6691234 
0.6679978 
0.6660827 
0.6666215 
0.6644781 
0.6683404 
0.6700077 
0.6735040 
0.6732407 
0.6768221 
0.6825360 
0.6858535 
0.6972706 
0.7005719 
0.7004166 
0.6991498 
0.6990409 
0.6988227 
0.6913063 
0.6944134 
0.6906520 
0.6867704 
0.6880340 
0.6893479 
0.6913202 
0.6865314 
0.6895760 
0.6870912 
0.6846025 
0.6813564 
0.6793000 
0.6799307 
0.6817638 
0.6837505 
0.6788513 
0.6805945 
0.6828710 
0.6838625 
0.6803698 
0.6749975 
0.6746848 
0.6673964 
0.6744761 
0.6756654 
0.6690457 
0.6698493 
0.6688538 
0.6657658 
0.6675846 
0.6683669 
0.6694195 
0.6658282 
0.6686587 
0.6733757 
0.6722034 
0.6721657 
0.6745575 
0.6731486 
0.6694262 
0.6591218 
0.6613952 
0.6606222 
0.6630234 
0.6581699 
0.6599879 
0.6681778 
0.6602135 
0.6631898 
0.6647522 
0.6616306 
0.6555788 
0.6575088 
0.6582957 
0.6592035 
0.6574311 
0.6589832 
0.6633301 
0.6652260 
0.6625299 
0.6603625 
0.6574534 
0.6584136 
0.6612032 
0.6574289 
0.6586584 
0.6530785 
0.6537720 
0.6513297 
0.6499241 
0.6506488 
0.6481156 
0.6432308 
0.6528824 
0.6512758 
0.6492811 
0.6490515 
0.6462953 
0.6405468 
0.6437832 
0.6397445 
0.6431544 
0.6452465 
0.6566386 
0.6510233 
0.6514751 
0.6508620 
0.6489416 
0.6430515 
0.6349584 
0.6307267 
0.6295245 
0.6271067 
0.6299737 
0.6329722 
0.6321893 
0.6357602 
0.6393181 
0.6482823 
0.6526576 
0.6504810 
0.6447023 
0.6430558 
0.6428712 
0.6407912 
0.6440147 
0.6500647 
0.6503404 
0.6471671 
0.6471614 
0.6492718 
0.6444600 
0.6490468 
0.6472650 
0.6436972 
0.6400059 
0.6486448 
0.6472738 
0.6498103 
0.6479234 
0.6483405 
0.6413675 
0.6388270 
0.6353512 
0.6326977 
0.6302878 
0.6380005 
0.6391162 
0.6329678 
0.6191107 
0.6255148 
0.6265248 
0.6322460 
0.6318202 
0.6361647 
0.6338337 
0.6378718 
0.6367390 
0.6321690 
0.6391060 
0.6403924 
0.6332746 
0.6356554 
0.6341327 
0.6377498 
0.6442923 
0.6413577 
0.6382904 
0.6458358 
0.6445743 
0.6430827 
0.6449998 
0.6369895 
0.6403439 
0.6458724 
0.6479251 
0.6514270 
0.6561269 
0.6646976 
0.6607026 
0.6639187 
0.6561468 
0.6509647 
0.6473171 
0.6465932 
0.6508361 
0.6472811 
0.6528667 
0.6513608 
0.6464371 
0.6366065 
0.6277831 
0.6293829 
0.6324654 
0.6352582 
0.6262530 
0.6341385 
0.6279871 
0.6326479 
0.6247917 
0.6216655 
0.6304286 
0.6260913 
0.6243339 
0.6254583 
0.6239665 
0.6269080 
0.6250632 
0.6259610 
0.6248998 
0.6215992 
0.6188016 
0.6236965 
0.6261356 
0.6283405 
0.6310281 
0.6317418 
0.6385446 
0.6260500 
0.6265281 
0.6317326 
0.6286447 
0.6365722 
0.6333994 
0.6305640 
0.6324197 
0.6419347 
0.6424722 
0.6467399 
0.6473989 
0.6489139 
0.6453005 
0.6446931 
0.6406747 
0.6407877 
0.6410088 
0.6356659 
0.6370416 
0.6359365 
0.6353566 
0.6406483 
0.6358683 
0.6330183 
0.6217084 
0.6149819 
0.6180760 
0.6253041 
0.6223032 
0.6198709 
0.6232696 
0.6148993 
0.6151451 
0.6161412 
0.6177328 
0.6030492 
0.5983828 
0.6102965 
0.6077099 
0.6091744 
0.6071314 
0.6057705 
0.6090921 
0.6081080 
0.5971620 
0.5946477 
0.6052278 
0.6130532 
0.6162322 
0.6070996 
0.6137903 
0.6128501 
0.6139807 
0.6199604 
0.6195997 
0.6105779 
0.6123104 
0.6079757 
0.6139851 
0.6141651 
0.6245069 
0.6191140 
0.6135327 
0.6125249 
0.6226265 
0.6239929 
0.6045358 
0.6018908 
0.6018297 
0.6046934 
0.6039413 
0.6049851 
0.6029423 
0.6013686 
0.5944121 
0.5952823 
0.5991192 
0.5944070 
0.5988057 
0.6031275 
0.6052623 
0.5996518 
0.5974672 
0.5916031 
0.6042178 
0.5989696 
0.5938327 
0.5871531 
0.5870675 
0.5862829 
0.5872134 
0.5833650 
0.5850450 
0.5880119 
0.5834167 
0.5895353 
0.5927002 
0.5753647 
0.5758185 
0.5748703 
0.5742151 
0.5777395 
0.5730546 
0.5782057 
0.5862652 
0.5831064 
0.5818879 
0.5803461 
0.5883755 
0.5744740 
0.5829165 
0.5900248 
0.5835247 
0.5823370 
0.5815835 
0.5784104 
0.5792012 
0.5744279 
0.5750221 
0.5707604 
0.5754032 
0.5698365 
0.5622989 
0.5701677 
0.5675087 
0.5794530 
0.5724608 
0.5729161 
0.5721894 
0.5728160 
0.5679190 
0.5769151 
0.5768479 
0.5839864 
0.5852458 
0.5894606 
0.5939322 
0.5974606 
0.5827546 
0.5876194 
0.5906086 
0.5803829 
0.5815690 
0.5917180 
0.5986674 
0.5851474 
0.5894760 
0.5968002 
0.5971439 
0.5883473 
0.5946246 
0.5951936 
0.5871624 
0.5923712 
0.5840499 
0.5910850 
0.5939318 
0.5861353 
0.5805781 
0.5910932 
0.5922073 
0.5952537 
0.5904844 
0.6045874 
0.6070704 
0.6059069 
0.6088874 
0.6125736 
0.6170683 
0.6041817 
0.5988741 
0.5936193 
0.5881803 
0.5862151 
0.5855642 
0.5794096 
0.5839918 
0.5861076 
0.5847839 
0.5906704 
0.5861966 
0.5839274 
0.5883763 
0.5949138 
0.5901960 
0.5920305 
0.5984174 
0.5915705 
0.5911321 
0.5959707 
0.6003565 
0.6005308 
0.6034252 
0.6031069 
0.6063349 
0.6108285 
0.6025722 
0.5943123 
0.5832468 
0.5814546 
0.5767912 
0.5828023 
0.5837509 
0.5798061 
0.5785614 
0.5828863 
0.5768335 
0.5763845 
0.5822819 
0.5821038 
0.5830365 
0.5778399 
0.5727333 
0.5756661 
0.5755101 
0.5709033 
0.5713069 
0.5724844 
0.5690541 
0.5745424 
0.5761835 
0.5767751 
0.5738749 
0.5776676 
0.5734961 
0.5705473 
0.5704646 
0.5762667 
0.5705556 
0.5788240 
0.5698586 
0.5651075 
0.5677892 
0.5648972 
0.5673195 
0.5584458 
0.5633387 
0.5503901 
0.5588944 
0.5542610 
0.5520600 
0.5522212 
0.5499655 
0.5563004 
0.5588149 
0.5562572 
0.5581642 
0.5574525 
0.5678863 
0.5730857 
0.5647540 
0.5593038 
0.5587784 
0.5574669 
0.5517571 
0.5674164 
0.5675038 
0.5695865 
0.5572751 
0.5547853 
0.5653334 
0.5596552 
0.5457712 
0.5521141 
0.5495516 
0.5504724 
0.5446360 
0.5452182 
0.5413005 
0.5356365 
0.5353786 
0.5381217 
0.5473810 
0.5457672 
0.5390160 
0.5503032 
0.5338081 
0.5399247 
0.5289179 
0.5250848 
0.5384492 
0.5320310 
0.5290718 
0.5205179 
0.5312892 
0.5246730 
0.5222432 
0.5119400 
0.5229050 
0.5130128 
0.5259120 
0.5335484 
0.5287811 
0.5275957 
0.5362272 
0.5373759 
0.5281862 
0.5227434 
0.5212884 
0.5184592 
0.5184869 
0.5155180 
0.5145345 
0.5284192 
0.5184619 
0.5205171 
0.5300506 
0.5291742 
0.5239456 
0.5240955 
0.5386217 
0.5151383 
0.5260523 
0.5255402 
0.5058105 
0.5193312 
0.5145809 
0.5060843 
0.5070681 
0.5056151 
0.5049379 
0.4901486 
0.4922157 
0.4970177 
0.5057286 
0.5079346 
0.4940447 
0.4901248 
0.4966825 
0.4940246 
0.4904070 
0.4796598 
0.5031773 
0.5025077 
0.4999666 
0.4982135 
0.4866924 
0.4876210 
0.4884192 
0.4800812 
0.4967085 
0.4923353 
0.4953177 
0.4927366 
0.4816430 
0.4963225 
0.4863816 
0.4907951 
0.4811053 
0.4851754 
0.4959564 
0.4866187 
0.5046684 
0.5063035 
0.4855331 
0.4989572 
0.4889982 
0.4899512 
0.4966115 
0.5051182 
0.4961680 
0.4964088 
0.4927483 
0.4958026 
0.5000292 
0.4944874 
0.4942910 
0.4968705 
0.4878454 
0.4865507 
0.4865212 
0.4886703 
0.4881557 
0.4798716 
0.4845996 
0.4836731 
0.4883619 
0.4806473 
0.4856035 
0.4829716 
0.4834486 
0.4878496 
0.4817451 
0.4723159 
0.4761546 
0.4778939 
0.4846722 
0.4635157 
0.4671158 
0.4666420 
0.4792494 
0.4807570 
0.4661540 
0.4567710 
0.4604845 
0.4526377 
0.4565977 
0.4522831 
0.4510484 
0.4494103 
0.4552911 
0.4383507 
0.4232209 
0.4397883 
0.4364378 
0.4321734 
0.4303211 
0.4417395 
0.4381200 
0.4315740 
0.4424492 
0.4262325 
0.4328848 
0.4493142 
0.4448563 
0.4344896 
0.4336591 
0.4341833 
0.4411235 
0.4460578 
0.4505568 
0.4537790 
0.4462483 
0.4566661 
0.4486965 
0.4323661 
0.4419610 
0.4414875 
0.4425135 
0.4318959 
0.4349377 
0.4282988 
0.4334788 
0.4218515 
0.4287067 
0.4305894 
0.4371993 
0.4313331 
0.4118093 
0.4148114 
0.4135564 
0.4304883 
0.4310823 
0.4273537 
0.4267353 
0.4331936 
0.4389818 
0.4378862 
0.4388865 
0.4282651 
0.4289661 
0.4380514 
0.4229755 
0.4272287 
0.4248114 
0.4386545 
0.4298933 
0.4353775 
0.4165669 
0.4327841 
0.4223386 
0.4150159 
0.4134554 
0.4172067 
0.4146406 
0.4112353 
0.4108291 
0.4160683 
0.4272453 
0.4255518 
0.3956447 
0.3983279 
0.3974728 
0.3938405 
0.4052412 
0.3927237 
0.3932438 
0.3892548 
0.3962273 
0.4068127 
0.3963097 
0.3951479 
0.3988552 
0.3916734 
0.3825324 
0.3899727 
0.3980969 
0.3921117 
0.3912034 
0.3923353 
0.3948877 
0.3835660 
0.3907333 
0.3913068 
0.3828385 
0.3834730 
0.3898215 
0.3862487 
0.3893530 
0.3815720 
0.3755881 
0.3844122 
0.3722642 
0.3667440 
0.3541409 
0.3615051 
0.3726971 
0.3776916 
0.3853639 
0.3908091 
0.3783028 
0.3800627 
0.3860957 
0.3982449 
0.3902593 
0.3927981 
0.3903091 
0.3845563 
0.3752733 
0.3841424 
0.3951940 
0.3937777 
0.3804920 
0.3768504 
0.3703000 
0.3801946 
0.3714910 
0.3740894 
0.3809222 
0.3791989 
0.3726331 
0.3640931 
0.3785172 
0.3779390 
0.3702845 
0.3813505 
0.3731959 
0.3747235 
0.3651476 
0.3670274 
0.3822354 
0.3751702 
0.3758445 
0.3765424 
0.3629031 
0.3813431 
0.3774787 
0.3584428 
0.3562161 
0.3569594 
0.3622474 
0.3624725 
0.3610571 
0.3635330 
0.3518937 
0.3570772 
0.3515628 
0.3725448 
0.3663662 
0.3488842 
0.3469475 
0.3632451 
0.3567120 
0.3581411 
0.3484714 
0.3474014 
0.3562605 
0.3548053 
0.3483934 
0.3477301 
0.3512305 
0.3547373 
0.3557008 
0.3443495 
0.3294800 
0.3326802 
0.3431732 
0.3470617 
0.3345729 
0.3355362 
0.3366669 
0.3272049 
0.3409811 
0.3417040 
0.3279828 
0.3284139 
0.3216627 
0.3199044 
0.3309497 
0.3320920 
0.3251576 
0.3256432 
0.3317953 
0.3427027 
0.3447019 
0.3400285 
0.3467070 
0.3291219 
0.3259879 
0.3230997 
0.3148072 
0.3220096 
0.3344736 
0.3319467 
0.3114048 
0.3323340 
0.3318944 
0.3219953 
0.3251198 
0.3145769 
0.3138625 
0.3153716 
0.3175586 
0.3057036 
0.3082135 
0.3165007 
0.3220372 
0.3205486 
0.3103942 
0.3176043 
0.3170861 
0.3305994 
0.3247344 
0.3081451 
0.3208055 
0.3217467 
0.3106894 
0.3009735 
0.3001944 
0.3107060 
0.3130297 
0.3071662 
0.3105904 
0.2963573 
0.3058772 
0.2965900 
0.3109283 
0.3057920 
0.2962069 
0.2944662 
0.3014217 
0.2967526 
0.2880908 
0.2899968 
0.2959773 
0.3047020 
0.2929490 
0.2836636 
0.2949598 
0.2974150 
0.2824449 
0.2843227 
0.2920485 
0.2892649 
0.2857145 
0.2837612 
0.2922428 
0.2885610 
0.2693114 
0.2771957 
0.2754949 
0.2709882 
0.2654514 
0.2664983 
0.2752942 
0.2803228 
0.2801884 
0.2747639 
0.2846423 
0.2695456 
0.2838143 
0.2738449 
0.2841049 
0.2698858 
0.2754208 
0.2880769 
0.2756725 
0.2841861 
0.2753551 
0.2814732 
0.2621988 
0.2730755 
0.2611733 
0.2628733 
0.2593065 
0.2646249 
0.2745455 
0.2770264 
0.2626063 
0.2761834 
0.2826397 
0.2881438 
0.2876075 
0.2941180 
0.2675643 
0.2716314 
0.2530263 
0.2506764 
0.2530683 
0.2459844 
0.2419450 
0.2359662 
0.2359031 
0.2435244 
0.2548277 
0.2713610 
0.2635924 
0.2711108 
0.2635030 
0.2488166 
0.2580127 
0.2613413 
0.2608952 
0.2577126 
0.2655484 
0.2513425 
0.2456756 
0.2433831 
0.2358468 
0.2308054 
0.2455070 
0.2524363 
0.2364449 
0.2378765 
0.2560206 
0.2445077 
0.2372353 
0.2405491 
0.2436641 
0.2313677 
0.2295208 
0.2537284 
0.2437343 
0.2583814 
0.2629109 
0.2554609 
0.2426855 
0.2659109 
0.2565753 
0.2630814 
0.2516544 
0.2514924 
0.2464392 
0.2572339 
0.2515788 
0.2488284 
0.2534234 
0.2471447 
0.2451194 
0.2673138 
0.2715752 
0.2528639 
0.2506092 
0.2535102 
0.2347189 
0.2424080 
0.2446004 
0.2483069 
0.2431312 
0.2397311 
0.2429991 
0.2440196 
0.2474859 
0.2291426 
0.2271332 
0.2387461 
0.2424432 
0.2375142 
0.2447515 
0.2541873 
0.2555138 
0.2561757 
0.2556842 
0.2561824 
0.2494317 
0.2214570 
0.2515095 
0.2247859 
0.2273782 
0.2324876 
0.2251178 
0.2396472 
0.2530364 
0.2411895 
0.2434099 
0.2405760 
0.2355485 
0.2341934 
0.2372019 
0.2316828 
0.2330104 
0.2209416 
0.2250222 
0.2308739 
0.2329794 
0.2193129 
0.2283290 
0.2409543 
0.2303201 
0.2320636 
0.2099857 
0.2069068 
0.2281696 
0.2113182 
0.2162091 
0.2095343 
0.2229004 
0.2054787 
0.2055648 
0.2071650 
0.1998482 
0.2093467 
0.2137111 
0.2068025 
0.2125068 
0.1971344 
0.2176910 
0.2170144 
0.1993004 
0.1939589 
0.1948589 
0.1982951 
0.1935405 
0.2103628 
0.2077967 
0.2096782 
0.2079765 
0.2157990 
0.2034077 
0.1950414 
0.1917000 
0.1886525 
0.1929434 
0.1969251 
0.1924588 
0.1874837 
0.1930633 
0.1839437 
0.1786289 
0.1902160 
0.1948915 
0.1841667 
0.1873910 
0.1791255 
0.1972863 
0.1932168 
0.1910962 
0.1874897 
0.1996450 
0.2090470 
0.1886963 
0.1772910 
0.1798439 
0.1737717 
0.1773958 
0.1844164 
0.1789732 
0.1820364 
0.1795890 
0.1711178 
0.1624201 
0.1762202 
0.1778153 
0.1756561 
0.1700701 
0.1764740 
0.1832873 
0.1925115 
0.1770227 
0.1720123 
0.1810860 
0.1639024 
0.1682822 
0.1612474 
0.1592621 
0.1629319 
0.1682083 
0.1635763 
0.1704136 
0.1728339 
0.1634684 
0.1594967 
0.1643467 
0.1624668 
0.1537240 
0.1617632 
0.1738911 
0.1659888 
0.1561350 
0.1448468 
0.1519956 
0.1604132 
0.1729855 
0.1770847 
0.1756737 
0.1640242 
0.1615896 
0.1692742 
0.1659020 
0.1806998 
0.1658585 
0.1631390 
0.1563020 
0.1576677 
0.1520906 
0.1476530 
0.1428700 
0.1373756 
0.1566362 
0.1438584 
0.1439292 
0.1409318 
0.1386026 
0.1483860 
0.1567103 
0.1525392 
0.1400553 
0.1323521 
0.1298935 
0.1409852 
0.1630504 
0.1605155 
0.1519480 
0.1658056 
0.1629127 
0.1485025 
0.1458733 
0.1483887 
0.1568960 
0.1555803 
0.1356861 
0.1384531 
0.1361385 
0.1554237 
0.1418096 
0.1475498 
0.1359331 
0.1529174 
0.1383874 
0.1428061 
0.1420860 
0.1461352 
0.1335041 
0.1315926 
0.1460326 
0.1589960 
0.1416426 
0.1266666 
0.1242165 
0.1084693 
0.1321536 
0.1161211 
0.1168138 
0.1180844 
0.1511931 
0.1481371 
0.1206602 
0.1207496 
0.1302333 
0.1314107 
0.1432971 
0.1482376 
0.1463580 
0.1285980 
0.1244902 
0.1252838 
0.1434789 
0.1195329 
0.1376300 
0.1321352 
0.1220820 
0.1173113 
0.1171070 
0.1001745 
0.1208971 
0.1102563 
0.1164592 
0.1180519 
0.1147945 
0.1276774 
0.1301363 
0.1106354 
0.1173727 
0.1280421 
0.1070932 
0.1032530 
0.1242981 
0.1033696 
0.1067646 
0.1153775 
0.0979298 
0.1102270 
0.1096039 
0.1066639 
0.0832436 
0.0922460 
0.1007261 
0.1074032 
0.0985228 
0.0912464 
0.1125374 
0.0827870 
0.0986441 
0.0956842 
0.0919299 
0.0955110 
0.0893232 
0.0865009 
0.0764230 
0.0750473 
0.1121905 
0.1050048 
0.1149863 
0.1165818 
0.1067083 
0.0839933 
0.0680003 
0.0971843 
0.1136876 
0.1178793 
0.1120846 
0.0991319 
0.0993359 
0.1113703 
0.1033965 
0.1138212 
0.1061730 
0.0836686 
0.1043610 
0.1168401 
0.0975282 
0.1161628 
0.1001280 
0.0794521 
0.0770180 
0.0817849 
0.0910341 
0.0948918 
0.0765191 
0.0772219 
0.0766820 
0.0647522 
0.0714975 
0.0977548 
0.0999547 
0.0830627 
0.0689645 
0.0692032 
0.0775530 
0.0802302 
0.0759198 
0.0725718 
0.0559273 
0.0547582 
0.0762059 
0.0852377 
0.0783864 
0.0577463 
0.0458621 
0.0655330 
0.0666221 
0.0810831 
0.0692530 
0.0667874 
0.0749029 
0.0716610 
0.0687720 
0.0497997 
0.0552982 
0.0517324 
0.0593047 
0.0573256 
0.0433538 
0.0442902 
0.0628004 
0.0877977 
0.0764116 
0.0749216 
0.0613684 
0.0510023 
0.0570093 
0.0607279 
0.0592186 
0.0428620 
0.0517723 
0.0449439 
0.0461583 
0.0543077 
0.0478703 
0.0673667 
0.0519392 
0.0452657 
0.0473781 
0.0645306 
0.0489623 
0.0323092 
0.0479610 
0.0473215 
0.0528490 
0.0585653 
0.0632171 
0.0473241 
0.0374974 
0.0458540 
0.0343580 
0.0355271 
0.0399599 
0.0438918 
0.0387025 
0.0252696 
0.0273945 
0.0261168 
0.0182092 
0.0366811 
0.0353945 
0.0212215 
0.0219349 
0.0184110 
0.0287096 
0.0396793 
0.0235103 
0.0360597 
0.0337473 
0.0336544 
0.0398016 
0.0398243 
0.0189323 
0.0220884 
0.0212554 
0.0172068 
0.0300476 
0.0321165 
0.0272357 
0.0267301 
0.0311274 
0.0378561 
0.0455075 
0.0241269 
0.0255213 
0.0047855 
0.0268208 
0.0065291 
0.0244396 
0.0201059 
0.0356143 
0.0445461 
0.0238507 
0.0343983 
0.0297482 
0.0282557 
0.0154011 
0.0021271 
0.0000000 
0.0298386 
0.0365637 
0.0198801 
