-0.0000689 
0.0001071 
-0.0001582 
-0.0962685 
0.1224244 
0.3249742 
0.6500652 
0.6559616 
0.6698770 
0.6750281 
0.6560314 
0.6448553 
0.6523050 
0.6498406 
0.6250002 
0.6069125 
0.6118638 
0.6166821 
0.5922398 
0.5563615 
0.5301109 
0.5049351 
0.5099940 
0.5449014 
0.6080325 
0.6293732 
0.6330489 
0.6508960 
0.6381712 
0.6119379 
0.5885921 
0.5708486 
0.5572172 
0.5146667 
0.4668228 
0.4628925 
0.4847892 
0.4898278 
0.5273237 
0.5310222 
0.5381894 
0.5276477 
0.5303280 
0.5597838 
0.5528177 
0.5547668 
0.5217679 
0.4788307 
0.4753737 
0.4775987 
0.4497531 
0.4736349 
0.5333159 
0.5595311 
0.5684305 
0.5930891 
0.5879551 
0.5731828 
0.5311382 
0.4908097 
0.4558664 
0.4456887 
0.4523973 
0.4587195 
0.4852141 
0.6102071 
0.6228968 
0.6316098 
0.5521460 
0.5265965 
0.5100395 
0.4996890 
0.4779554 
0.4662808 
0.4495681 
0.4209729 
0.3989375 
0.3880574 
0.4103647 
0.4390065 
0.4884754 
0.5216298 
0.5409521 
0.5512862 
0.5634854 
0.5589789 
0.5305681 
0.4865095 
0.4199431 
0.3823131 
0.3651936 
0.3612755 
0.3702816 
0.3593938 
0.4091339 
0.4488029 
0.4593743 
0.4687063 
0.4965951 
0.5081600 
0.4942213 
0.4652749 
0.4220801 
0.3896654 
0.3556845 
0.3217904 
0.3056950 
0.2898423 
0.3231300 
0.3861126 
0.4307766 
0.4440480 
0.4746311 
0.4769735 
0.4763713 
0.4604638 
0.4680174 
0.4306707 
0.4101281 
0.3554185 
0.3348142 
0.3244183 
0.3018175 
0.3043707 
0.3234628 
0.3525577 
0.3601127 
0.4079860 
0.4654372 
0.4787423 
0.4869687 
0.4938547 
0.4786554 
0.4566930 
0.4216978 
0.3903694 
0.3719425 
0.3626409 
0.3648579 
0.3604248 
0.4022511 
0.4062623 
0.4434996 
0.4743229 
0.5064892 
0.5125518 
0.4986171 
0.4798258 
0.4450024 
0.4361972 
0.4434269 
0.4241271 
0.4123195 
0.3976615 
0.3947325 
0.3925914 
0.3914320 
0.3914688 
0.4133409 
0.4410648 
0.4296346 
0.4384296 
0.4532115 
0.4571289 
0.4664322 
0.4618689 
0.4484619 
0.4513230 
0.4638819 
0.4701590 
0.4606716 
0.4540194 
0.4398689 
0.4404366 
0.4379794 
0.4295642 
0.4146716 
0.4264019 
0.4262979 
0.3951291 
0.3833905 
0.3933399 
0.4467196 
0.4935223 
0.5394214 
0.5515962 
0.5518627 
0.5135400 
0.5037557 
0.4717605 
0.4423340 
0.4120226 
0.3762682 
0.3612401 
0.3642264 
0.3640955 
0.3930933 
0.4049488 
0.4245972 
0.4612786 
0.4460653 
0.4560644 
0.4648621 
0.4405579 
0.4537065 
0.4349954 
0.4062457 
0.3875316 
0.3537878 
0.3424276 
0.3423473 
0.3627908 
0.3510501 
0.3666769 
0.3700215 
0.3951833 
0.4205038 
0.4315619 
0.4522151 
0.4474991 
0.4723967 
0.4795219 
0.4611782 
0.4367115 
0.4404674 
0.4420715 
0.4151893 
0.4200730 
0.4108184 
0.4032550 
0.4054610 
0.3827261 
0.3879308 
0.3915835 
0.3882697 
0.3785120 
0.3793504 
0.3950521 
0.4079314 
0.4370708 
0.4542273 
0.4581016 
0.4642248 
0.4430610 
0.4411071 
0.4295734 
0.4380891 
0.4305199 
0.4538193 
0.4825987 
0.5051843 
0.5162502 
0.5006868 
0.4885288 
0.4610491 
0.4239543 
0.4145687 
0.4297710 
0.4640629 
0.4801094 
0.4724672 
0.4701905 
0.4833292 
0.4905411 
0.5095813 
0.5135189 
0.5202369 
0.5330750 
0.5302769 
0.5243325 
0.4909639 
0.4688442 
0.4562164 
0.4352732 
0.4332738 
0.4311742 
0.4383744 
0.4513545 
0.4903014 
0.5265926 
0.5429406 
0.5530487 
0.5589330 
0.5711939 
0.5841335 
0.5832502 
0.5934988 
0.5954121 
0.6126796 
0.6052969 
0.5921359 
0.5975659 
0.5942722 
0.6051545 
0.6030644 
0.5992499 
0.5994087 
0.5945892 
0.5896990 
0.5648572 
0.5583809 
0.5362932 
0.5201759 
0.5109698 
0.5217867 
0.5265384 
0.5289002 
0.5148906 
0.5453273 
0.5267652 
0.5134199 
0.5002059 
0.5030415 
0.5209255 
0.5464610 
0.5650925 
0.5736651 
0.6061285 
0.6038441 
0.5946935 
0.5795960 
0.5537918 
0.5492676 
0.5333603 
0.5635729 
0.5665826 
0.5648105 
0.5711955 
0.5883280 
0.6059639 
0.6039180 
0.6008739 
0.6085453 
0.5982219 
0.6163841 
0.6357236 
0.6595334 
0.6489454 
0.6329315 
0.6142782 
0.6014104 
0.5961744 
0.5777931 
0.5841988 
0.5818268 
0.5590148 
0.5623210 
0.5736248 
0.5876143 
0.6062174 
0.5994354 
0.6116721 
0.6088750 
0.6087441 
0.6164326 
0.6142291 
0.6202511 
0.6384980 
0.6326997 
0.6324570 
0.6190935 
0.6520516 
0.6408840 
0.6499358 
0.6556313 
0.6338388 
0.6046392 
0.5940409 
0.6011032 
0.6020367 
0.6096290 
0.6098354 
0.5985295 
0.6123965 
0.6487888 
0.6538678 
0.6608958 
0.6666347 
0.6840495 
0.6824256 
0.7121681 
0.7116264 
0.7014044 
0.6723784 
0.6451324 
0.6208314 
0.6242259 
0.6325357 
0.6422267 
0.6470418 
0.6559781 
0.6545189 
0.6700372 
0.6622689 
0.6681317 
0.6547068 
0.6488710 
0.6528173 
0.6553735 
0.6543559 
0.6502544 
0.6410929 
0.6451302 
0.6590848 
0.6599832 
0.6474157 
0.6441746 
0.5947829 
0.5771919 
0.5880126 
0.5958975 
0.6023839 
0.6042100 
0.5966726 
0.6102708 
0.6323704 
0.6377535 
0.6390997 
0.6431315 
0.6704928 
0.6982353 
0.7470334 
0.7546760 
0.7666898 
0.7454031 
0.7148770 
0.6951450 
0.6711289 
0.6622864 
0.6949210 
0.7064527 
0.7233011 
0.7235543 
0.7431241 
0.7655978 
0.7765293 
0.7886992 
0.7801848 
0.7756790 
0.7472709 
0.7211853 
0.6844939 
0.6698028 
0.6594210 
0.6830403 
0.6998840 
0.7377028 
0.7535560 
0.7522687 
0.7603834 
0.7385434 
0.7468797 
0.7067523 
0.6965223 
0.6891337 
0.7013264 
0.7190501 
0.7435286 
0.7753812 
0.8062125 
0.8382181 
0.8224844 
0.7761055 
0.7804952 
0.7621335 
0.7334162 
0.7139922 
0.7182126 
0.7147102 
0.7689293 
0.7964292 
0.8262385 
0.8352623 
0.8189591 
0.7957403 
0.7543080 
0.7348770 
0.7173326 
0.7261710 
0.7518818 
0.7637644 
0.7794982 
0.7430918 
0.7301074 
0.7311766 
0.7075407 
0.7047779 
0.7210850 
0.7219152 
0.7262509 
0.7342686 
0.7314683 
0.7440845 
0.7923119 
0.7737378 
0.7241673 
0.7082855 
0.6704946 
0.6553206 
0.6503384 
0.6364790 
0.6845005 
0.7073003 
0.7384689 
0.7704764 
0.7955360 
0.8071935 
0.7942693 
0.7707911 
0.7543547 
0.7278573 
0.7193769 
0.7252536 
0.7097454 
0.7273134 
0.7377967 
0.7415436 
0.7324374 
0.7003786 
0.6820962 
0.6727895 
0.6813618 
0.6926850 
0.6980050 
0.7421571 
0.7809212 
0.7957722 
0.8018791 
0.7726372 
0.7339823 
0.6865736 
0.6514145 
0.6383521 
0.6562202 
0.6687261 
0.6764749 
0.6819981 
0.7087494 
0.7356439 
0.7417287 
0.7328294 
0.7184664 
0.6963628 
0.6836025 
0.6762628 
0.7115206 
0.7662861 
0.7854688 
0.7736593 
0.7607166 
0.7234428 
0.6894479 
0.6478548 
0.6335055 
0.6460660 
0.6580049 
0.6834178 
0.7314819 
0.7472700 
0.7517057 
0.7592327 
0.7423052 
0.6852530 
0.6705831 
0.6786368 
0.7022743 
0.7037900 
0.7163481 
0.7088324 
0.7138541 
0.7240304 
0.7287850 
0.7202965 
0.7214997 
0.7072193 
0.7103592 
0.7021606 
0.7232132 
0.7308214 
0.7282921 
0.7143821 
0.7037320 
0.7015480 
0.7002960 
0.7077874 
0.6977348 
0.7110633 
0.7425985 
0.7397472 
0.7773337 
0.7761870 
0.7615880 
0.7778882 
0.7336632 
0.6941220 
0.7013020 
0.6981808 
0.7148848 
0.7345655 
0.7461183 
0.7569715 
0.7453403 
0.7189359 
0.7001841 
0.7025906 
0.7029346 
0.6794028 
0.6935216 
0.7074671 
0.7389197 
0.7278711 
0.7449124 
0.7367487 
0.7191493 
0.6836382 
0.6487066 
0.6338413 
0.6413534 
0.6416105 
0.6547442 
0.6997086 
0.6926228 
0.6604837 
0.6636426 
0.6456454 
0.6452487 
0.6555478 
0.6255932 
0.6385548 
0.6648476 
0.6945947 
0.7209709 
0.7605669 
0.7409480 
0.7427252 
0.7260202 
0.7401445 
0.7298470 
0.7268045 
0.7364803 
0.7437490 
0.7194132 
0.7095113 
0.7111769 
0.7100534 
0.6937791 
0.6408221 
0.6127142 
0.5929888 
0.5927985 
0.6040822 
0.6543295 
0.6870372 
0.7016701 
0.7233591 
0.7497608 
0.7057252 
0.6755453 
0.6503936 
0.6318036 
0.6258530 
0.6250584 
0.6057704 
0.6346651 
0.6310682 
0.6253890 
0.6216433 
0.6207994 
0.6443029 
0.6415991 
0.6682172 
0.6792072 
0.6960374 
0.6942391 
0.6809676 
0.6908734 
0.6565242 
0.6278938 
0.6177395 
0.5948686 
0.6051062 
0.6500152 
0.6753377 
0.6928301 
0.6901775 
0.6769168 
0.6665457 
0.6561754 
0.6363236 
0.6668389 
0.6728285 
0.6644997 
0.6913805 
0.6709533 
0.6394936 
0.6253578 
0.6467845 
0.6502117 
0.6803540 
0.6585933 
0.6563948 
0.6262904 
0.6258279 
0.6359656 
0.6562346 
0.6778269 
0.6798429 
0.6693625 
0.6334007 
0.6056280 
0.6049804 
0.6211104 
0.6555676 
0.6616739 
0.6901429 
0.6887466 
0.6886642 
0.6996815 
0.6646366 
0.6538530 
0.6618627 
0.6633072 
0.6838145 
0.7097275 
0.7354347 
0.7291810 
0.7087669 
0.7437010 
0.7236990 
0.7445191 
0.7491262 
0.7524211 
0.7505804 
0.7579587 
0.7466155 
0.7581132 
0.7796914 
0.7838993 
0.7909127 
0.7722202 
0.7750612 
0.7503734 
0.7283023 
0.7344918 
0.7215947 
0.6871119 
0.6941886 
0.7094590 
0.7264693 
0.7232820 
0.7195099 
0.7340394 
0.7168411 
0.7376805 
0.7658878 
0.7702629 
0.7740697 
0.7694337 
0.7697807 
0.7636693 
0.7518244 
0.7489406 
0.7382194 
0.7414185 
0.7528023 
0.7768552 
0.7533892 
0.7822761 
0.7767171 
0.7614204 
0.7533799 
0.7466993 
0.7539915 
0.7515432 
0.7564348 
0.7331899 
0.7461113 
0.7087222 
0.6845442 
0.6613022 
0.6283255 
0.5875728 
0.6228939 
0.6287054 
0.6409413 
0.6473242 
0.6547788 
0.6515677 
0.6729773 
0.7027851 
0.7001161 
0.7166319 
0.7170098 
0.7303303 
0.7078174 
0.6979860 
0.6990659 
0.7061536 
0.6994959 
0.7107221 
0.7225498 
0.6996641 
0.6999359 
0.7062628 
0.6964172 
0.6873640 
0.7151751 
0.7162254 
0.7038123 
0.6925189 
0.7010720 
0.6859315 
0.6797961 
0.6735529 
0.6849303 
0.6784557 
0.6969839 
0.7012865 
0.6982785 
0.7021099 
0.7228692 
0.7239121 
0.7096397 
0.7058900 
0.6869802 
0.6826635 
0.7078722 
0.7293616 
0.7459347 
0.7724863 
0.7493107 
0.7456254 
0.7255493 
0.7155325 
0.7159631 
0.7235763 
0.7254114 
0.7336577 
0.7510507 
0.7538576 
0.7471728 
0.7562293 
0.7592924 
0.7685666 
0.7663610 
0.7791491 
0.7693502 
0.7676359 
0.7504008 
0.7241718 
0.7397513 
0.7502430 
0.7273752 
0.7169001 
0.6985538 
0.7003157 
0.6691370 
0.6495056 
0.6521396 
0.6384977 
0.6446475 
0.6703088 
0.6950767 
0.7203094 
0.7293348 
0.7470357 
0.7289102 
0.7205412 
0.7250834 
0.7228804 
0.7327625 
0.7379640 
0.7286737 
0.7178184 
0.7147946 
0.6939000 
0.6647833 
0.6682641 
0.6786017 
0.7019105 
0.7218262 
0.7299564 
0.7220824 
0.7094952 
0.7152650 
0.6928626 
0.6986547 
0.6991671 
0.7576027 
0.7774191 
0.7912321 
0.7662353 
0.7556052 
0.7285137 
0.6881065 
0.6841419 
0.6874812 
0.7115732 
0.7675404 
0.7972825 
0.7953315 
0.7964284 
0.7683350 
0.7720442 
0.7650226 
0.7624979 
0.7667287 
0.7803422 
0.7811058 
0.7595637 
0.7528466 
0.7678027 
0.7582195 
0.7478246 
0.7619071 
0.7352081 
0.7443536 
0.7425961 
0.7506036 
0.7865101 
0.7886606 
0.7968029 
0.8217985 
0.8175535 
0.8195887 
0.8348279 
0.8374803 
0.8591206 
0.8488265 
0.8188947 
0.7900623 
0.7806123 
0.7310360 
0.7367284 
0.7132744 
0.6806416 
0.6543942 
0.6509568 
0.6642381 
0.6816567 
0.6933799 
0.7364454 
0.7497486 
0.7427509 
0.7429761 
0.7377370 
0.7305650 
0.7508535 
0.7606000 
0.7762894 
0.8007981 
0.8108466 
0.8249521 
0.8155442 
0.7946823 
0.7846272 
0.7824040 
0.7906487 
0.8019725 
0.8360946 
0.8234413 
0.8329987 
0.8136356 
0.7687918 
0.7321236 
0.7111653 
0.6719121 
0.6807162 
0.7093726 
0.7094136 
0.7231034 
0.7423136 
0.7397825 
0.7531934 
0.7595931 
0.7569946 
0.7771390 
0.7926393 
0.7990820 
0.8055237 
0.7975358 
0.8154802 
0.8308487 
0.8293964 
0.8159289 
0.8215111 
0.8209364 
0.8262558 
0.8109308 
0.8180951 
0.8364343 
0.8392004 
0.8642431 
0.8360175 
0.8248126 
0.8210026 
0.8228412 
0.8251819 
0.8077501 
0.7925497 
0.8158992 
0.8357766 
0.8356038 
0.8377221 
0.8366618 
0.8050413 
0.7812847 
0.7472221 
0.7447839 
0.7525908 
0.7564666 
0.7780956 
0.7797798 
0.7738562 
0.7529354 
0.7328126 
0.7293381 
0.7089780 
0.6783649 
0.7046608 
0.7335538 
0.7473384 
0.7711999 
0.7817719 
0.7846481 
0.7864874 
0.7895891 
0.7592355 
0.7438585 
0.7381642 
0.7478480 
0.7683313 
0.7890447 
0.7940555 
0.7849153 
0.7669055 
0.7699380 
0.7479732 
0.7282380 
0.7194838 
0.7268881 
0.7250423 
0.7469590 
0.7779683 
0.7844362 
0.7909594 
0.8026283 
0.7926580 
0.7781691 
0.7839021 
0.8032505 
0.8058704 
0.8463014 
0.9012884 
0.9649270 
0.9961838 
1.0000000 
0.9874939 
0.9441278 
0.9005440 
0.8862291 
0.8689376 
0.8581580 
0.9009346 
0.9254686 
0.9190454 
0.9179110 
0.9044629 
0.8747061 
0.8462431 
0.8378379 
0.8292981 
0.8411418 
0.8396295 
0.8342672 
0.8485651 
0.8609787 
0.8467157 
0.8384509 
0.8334158 
0.8202861 
0.8164718 
0.7778402 
0.7783581 
0.7900628 
0.8420762 
0.9013755 
0.9492694 
0.9485017 
0.9425268 
0.9312922 
0.9014738 
0.8611231 
0.8328856 
0.8037669 
0.7864554 
0.7969872 
0.8029339 
0.8154099 
0.8440466 
0.8451971 
0.8447151 
0.8375644 
0.8148233 
0.8040592 
0.7905675 
0.7962356 
0.7785517 
0.7912963 
0.8412251 
0.8854016 
0.8816467 
0.8998878 
0.9163293 
0.8819712 
0.8524248 
0.8208775 
0.7936862 
0.7740938 
0.7463305 
0.7366240 
0.7591004 
0.7825983 
0.7976863 
0.8250528 
0.8235582 
0.8125229 
0.8144621 
0.7955718 
0.7769664 
0.7996404 
0.8075538 
0.8217545 
0.8123416 
0.8089824 
0.8157584 
0.7714571 
0.7304229 
0.7186714 
0.7189855 
0.7002609 
0.6945616 
0.6884296 
0.7113749 
0.6948939 
0.7098089 
0.7467316 
0.7529456 
0.7497205 
0.7283478 
0.7177209 
0.7123884 
0.7292267 
0.7657535 
0.7633617 
0.7886006 
0.8231133 
0.8417769 
0.8577154 
0.8811642 
0.8473921 
0.8159735 
0.7987313 
0.7740189 
0.7474432 
0.7394906 
0.7372339 
0.7607274 
0.7647993 
0.7773296 
0.7697824 
0.7516174 
0.7370484 
0.7075089 
0.6941103 
0.6628184 
0.6502485 
0.6280210 
0.6498175 
0.6739024 
0.7056258 
0.7142634 
0.7634684 
0.7752865 
0.7751726 
0.7538416 
0.7206987 
0.7117104 
0.6874711 
0.6751361 
0.6737620 
0.6689181 
0.6754573 
0.7027753 
0.7154199 
0.7432876 
0.7637379 
0.7831134 
0.8749590 
0.9066122 
0.9094181 
0.8823712 
0.8430082 
0.8330794 
0.7929777 
0.7674788 
0.7711023 
0.7714547 
0.7653097 
0.7494522 
0.7509482 
0.7341491 
0.7133804 
0.6902294 
0.6919207 
0.6922300 
0.7036338 
0.7092484 
0.7149435 
0.7067122 
0.7026323 
0.7270233 
0.7367198 
0.7635847 
0.7730357 
0.7811081 
0.7667546 
0.7422917 
0.7339654 
0.7069256 
0.7073838 
0.6988453 
0.6883606 
0.7014913 
0.7281660 
0.7008123 
0.7021671 
0.7011418 
0.7040080 
0.7206090 
0.7194442 
0.7198797 
0.7008934 
0.6804877 
0.6676919 
0.6591563 
0.6595683 
0.6563486 
0.6475392 
0.6589559 
0.6954356 
0.7059435 
0.7352586 
0.7466235 
0.7476810 
0.7519544 
0.7572204 
0.7561733 
0.7438094 
0.7183951 
0.6995085 
0.6724821 
0.6578949 
0.6751590 
0.6915834 
0.6995956 
0.7155937 
0.7362817 
0.7326262 
0.7152695 
0.7171263 
0.6935424 
0.6861609 
0.6857645 
0.6655884 
0.6323828 
0.5940645 
0.6124197 
0.6182357 
0.6244122 
0.6266741 
0.6619929 
0.6722256 
0.6709440 
0.6623997 
0.6844449 
0.6818307 
0.6734945 
0.6626257 
0.6701604 
0.6856715 
0.6982097 
0.6881890 
0.7024488 
0.7168570 
0.7434975 
0.7421676 
0.7351399 
0.7381502 
0.7470972 
0.7331567 
0.7226444 
0.7227601 
0.7242847 
0.7092237 
0.6815118 
0.6929985 
0.6694538 
0.6763240 
0.6568866 
0.6597936 
0.6634656 
0.6478437 
0.6304901 
0.6547580 
0.6645052 
0.6552718 
0.6587589 
0.7116061 
0.7322692 
0.7452838 
0.7497118 
0.7461317 
0.7487699 
0.7187713 
0.7239700 
0.7341371 
0.7495345 
0.7573178 
0.7615068 
0.7596654 
0.7443410 
0.7289659 
0.6892906 
0.6351971 
0.6206574 
0.6122928 
0.5676588 
0.5413869 
0.5488638 
0.5449373 
0.5612261 
0.5688651 
0.5822117 
0.5752614 
0.5995976 
0.6074445 
0.5983880 
0.5739477 
0.5653179 
0.5368383 
0.5578810 
0.5531159 
0.5808020 
0.5770898 
0.6040187 
0.6042843 
0.6168089 
0.6194040 
0.6144613 
0.6025429 
0.5941945 
0.5835426 
0.5737246 
0.5454144 
0.5455496 
0.5662139 
0.5675631 
0.5447465 
0.5414571 
0.5453974 
0.5459325 
0.5413815 
0.5531611 
0.5756658 
0.5828456 
0.6034670 
0.6132346 
0.6140932 
0.6122541 
0.6393493 
0.6391343 
0.6414952 
0.6594724 
0.6711333 
0.6562447 
0.6271660 
0.6287591 
0.6308724 
0.6289324 
0.6365881 
0.6375968 
0.6420901 
0.6322268 
0.6138835 
0.6089787 
0.6177133 
0.6211747 
0.6360330 
0.6342219 
0.6363368 
0.6337155 
0.6474110 
0.6820698 
0.7033673 
0.7295210 
0.7264762 
0.7285646 
0.7335181 
0.7149161 
0.6831939 
0.6800644 
0.6863250 
0.6764296 
0.6519968 
0.6563362 
0.6623811 
0.6668948 
0.6517659 
0.6442490 
0.6444128 
0.6327773 
0.6164697 
0.6057388 
0.6037514 
0.6060526 
0.6180392 
0.6331094 
0.6254049 
0.6338552 
0.6550952 
0.6953466 
0.7329665 
0.7297843 
0.7055412 
0.6690014 
0.6564702 
0.6604301 
0.6714581 
0.6816678 
0.7008550 
0.7073854 
0.7041355 
0.7033421 
0.7204664 
0.7273727 
0.7306395 
0.7337543 
0.7229267 
0.7244328 
0.7138314 
0.7246302 
0.7329599 
0.7371219 
0.7403485 
0.7261439 
0.7003702 
0.6735538 
0.6758572 
0.6604355 
0.6728363 
0.6665720 
0.6509235 
0.6610704 
0.6783930 
0.6673999 
0.6605528 
0.6686507 
0.6654440 
0.6348103 
0.6401425 
0.6384704 
0.6556619 
0.6646772 
0.6847984 
0.6601472 
0.6584396 
0.6329988 
0.6154887 
0.6135059 
0.6259183 
0.6559577 
0.7007591 
0.7196865 
0.7306569 
0.7162989 
0.6853711 
0.6698698 
0.6720882 
0.6780334 
0.6697963 
0.6611768 
0.6397230 
0.6294119 
0.6337302 
0.6728077 
0.6827607 
0.6960954 
0.7154342 
0.7142918 
0.6714180 
0.6729954 
0.6719553 
0.6926200 
0.6937617 
0.6720994 
0.6457274 
0.6079368 
0.5586342 
0.5514138 
0.5664852 
0.6088311 
0.6279800 
0.6512815 
0.6315303 
0.6244168 
0.6155543 
0.6077087 
0.6107591 
0.5978240 
0.5988634 
0.6117422 
0.5955293 
0.5903152 
0.5818858 
0.5950260 
0.5836497 
0.5867101 
0.5938642 
0.6031749 
0.6088117 
0.6247009 
0.6159073 
0.6083422 
0.6337425 
0.6350146 
0.6342030 
0.6360608 
0.6292280 
0.6014661 
0.6071503 
0.6185731 
0.6367644 
0.6581887 
0.6561786 
0.6426051 
0.6278373 
0.6061423 
0.5887102 
0.5887591 
0.5862589 
0.5213577 
0.5276694 
0.5378672 
0.5311848 
0.5166753 
0.5267904 
0.5458342 
0.5836510 
0.6094991 
0.5974722 
0.6104592 
0.6025001 
0.5723470 
0.5544609 
0.5362598 
0.5615940 
0.5679303 
0.5501245 
0.5453814 
0.5594153 
0.5616460 
0.5788174 
0.6102366 
0.6213833 
0.6387987 
0.6360556 
0.6358078 
0.6195823 
0.6044600 
0.5979417 
0.6001158 
0.6102763 
0.5945498 
0.5865560 
0.5860883 
0.5704547 
0.5617904 
0.5632174 
0.6044824 
0.6372802 
0.6647478 
0.6422326 
0.6321000 
0.6455360 
0.6249326 
0.6324487 
0.6406362 
0.6591142 
0.6497591 
0.6645293 
0.6516035 
0.6549449 
0.6609058 
0.6327489 
0.6115904 
0.6080906 
0.6226420 
0.6276981 
0.6347744 
0.6443792 
0.6002946 
0.5891490 
0.5800327 
0.5837885 
0.5915485 
0.5999338 
0.5826895 
0.5676946 
0.5732937 
0.5908572 
0.5742990 
0.5506583 
0.5396932 
0.5304395 
0.5324253 
0.5301398 
0.5527108 
0.5608233 
0.5767317 
0.5851499 
0.6029278 
0.6064398 
0.6218771 
0.6214547 
0.6075453 
0.6076551 
0.6125789 
0.6217605 
0.6410432 
0.6110318 
0.6056691 
0.5912954 
0.5886071 
0.5989316 
0.6022171 
0.6121672 
0.6283534 
0.6216877 
0.6145224 
0.6062304 
0.5926979 
0.5750825 
0.5577855 
0.5388871 
0.5236814 
0.5466875 
0.5642472 
0.5780341 
0.5670161 
0.5597962 
0.5534488 
0.5539554 
0.5773994 
0.5872829 
0.5800301 
0.5811276 
0.5479020 
0.5165634 
0.5076509 
0.5043475 
0.5103740 
0.5252257 
0.5413101 
0.5465180 
0.5376974 
0.5391740 
0.5305557 
0.4994983 
0.4590036 
0.4480415 
0.4409904 
0.4384254 
0.4634132 
0.4782725 
0.4797336 
0.4655240 
0.4344089 
0.4228529 
0.4299549 
0.4605529 
0.4715516 
0.4976370 
0.5086631 
0.5174860 
0.4676172 
0.4311993 
0.4267791 
0.4309802 
0.4289642 
0.4645185 
0.4730120 
0.4767232 
0.4785017 
0.4776979 
0.4928785 
0.4896275 
0.5138779 
0.5513477 
0.5487802 
0.5579283 
0.5477784 
0.5274626 
0.5055526 
0.5127847 
0.5308392 
0.5524469 
0.5760518 
0.6115168 
0.6095519 
0.5852820 
0.5794599 
0.5655708 
0.5826763 
0.6021024 
0.6252419 
0.6687686 
0.6998564 
0.6823364 
0.6898301 
0.6827735 
0.7073715 
0.6989273 
0.6766587 
0.6695212 
0.6249041 
0.5705598 
0.5661173 
0.5583352 
0.5506722 
0.5589104 
0.5684791 
0.5778382 
0.5637157 
0.5560110 
0.5569484 
0.5298922 
0.4859410 
0.4563912 
0.4449488 
0.4539673 
0.4769070 
0.4846882 
0.5032264 
0.5124078 
0.4853774 
0.4432918 
0.4414067 
0.4418343 
0.4460206 
0.4703398 
0.4649154 
0.4517889 
0.4491375 
0.4377097 
0.4122185 
0.4091784 
0.4139862 
0.4418642 
0.4761096 
0.5164904 
0.5355790 
0.5286401 
0.5182296 
0.5136512 
0.5198318 
0.5283359 
0.5390791 
0.5245687 
0.5141743 
0.5158085 
0.5045400 
0.4718194 
0.4586772 
0.4855790 
0.5357117 
0.5537226 
0.5713101 
0.5620460 
0.5404454 
0.5130383 
0.4959562 
0.4716094 
0.4881407 
0.4859526 
0.4865052 
0.4779558 
0.4872115 
0.4819920 
0.4663428 
0.4525874 
0.4449675 
0.4642136 
0.5022707 
0.5184788 
0.5110313 
0.5177025 
0.4939787 
0.4524505 
0.4832233 
0.4740179 
0.4555928 
0.4732560 
0.4587606 
0.4380376 
0.4368937 
0.4493223 
0.4626004 
0.4737943 
0.4827411 
0.4968142 
0.5046883 
0.5156522 
0.4965988 
0.5067397 
0.5156971 
0.4976520 
0.4994727 
0.5097348 
0.5191282 
0.5131257 
0.5179365 
0.5197268 
0.5163696 
0.5114353 
0.5045654 
0.5116714 
0.5002797 
0.4866136 
0.4858336 
0.5063974 
0.4947856 
0.4826178 
0.4795020 
0.4597888 
0.4459565 
0.4380813 
0.4129379 
0.4015987 
0.3858707 
0.3614677 
0.3500004 
0.3581178 
0.3692469 
0.4051294 
0.4526267 
0.4449302 
0.4308457 
0.4223799 
0.4067515 
0.3897079 
0.3788631 
0.3658511 
0.3742803 
0.3736047 
0.3790065 
0.3872401 
0.3964416 
0.3927217 
0.3879218 
0.3758266 
0.3756881 
0.3742450 
0.3838058 
0.3969618 
0.3953385 
0.3802531 
0.3992983 
0.4034858 
0.4139113 
0.4216636 
0.4192538 
0.4072704 
0.3845922 
0.3580106 
0.3192362 
0.3001612 
0.2935848 
0.2979236 
0.3050986 
0.3361290 
0.3666246 
0.3693048 
0.3924771 
0.4005822 
0.4289433 
0.4159722 
0.4342732 
0.4369600 
0.4031619 
0.3897299 
0.4152012 
0.4182586 
0.4400067 
0.4538894 
0.4502330 
0.4431970 
0.4328899 
0.4272677 
0.4127479 
0.4031038 
0.4096077 
0.3854487 
0.3815682 
0.3606295 
0.3283857 
0.3499271 
0.3503341 
0.3567360 
0.3641708 
0.3648343 
0.4007786 
0.3758413 
0.3520774 
0.3463043 
0.3267236 
0.3313256 
0.3419833 
0.3662908 
0.3564512 
0.3175746 
0.3034814 
0.2918584 
0.2879659 
0.3330897 
0.3446268 
0.3546490 
0.3459589 
0.3266750 
0.2955639 
0.3013859 
0.3096826 
0.3290398 
0.3509816 
0.3580563 
0.3644461 
0.3476440 
0.3268251 
0.3071606 
0.3045420 
0.3275189 
0.3635183 
0.3560419 
0.3703461 
0.3536831 
0.3278119 
0.3193589 
0.3300601 
0.3378783 
0.3573762 
0.3805482 
0.3657380 
0.3415345 
0.3254645 
0.3058132 
0.2868615 
0.2687235 
0.2772597 
0.2943697 
0.3070558 
0.3157523 
0.3125902 
0.3112982 
0.3233584 
0.3469071 
0.3717433 
0.3827861 
0.3712332 
0.3666080 
0.3581380 
0.3674006 
0.3634612 
0.3705062 
0.3662170 
0.3580559 
0.3546163 
0.3506858 
0.3526478 
0.3448189 
0.3591542 
0.3401621 
0.3172567 
0.3045915 
0.3027353 
0.3072591 
0.3079542 
0.3162241 
0.2981865 
0.2936600 
0.2953239 
0.3045390 
0.3145741 
0.3401733 
0.3346290 
0.3261010 
0.3101685 
0.3204236 
0.3028711 
0.3015503 
0.3082648 
0.3123810 
0.3204543 
0.3165996 
0.3258257 
0.3118895 
0.3166252 
0.3303070 
0.3371664 
0.3486761 
0.3621357 
0.3415809 
0.3368360 
0.3127807 
0.3051364 
0.3279261 
0.3322564 
0.3260438 
0.3346149 
0.3531999 
0.3353840 
0.3296482 
0.3173345 
0.2922754 
0.2652244 
0.2712521 
0.2555652 
0.2466755 
0.2349658 
0.2314255 
0.2372062 
0.2488813 
0.2763461 
0.3010229 
0.2970239 
0.3070172 
0.3184981 
0.3201890 
0.3092934 
0.3230489 
0.3354520 
0.3500841 
0.3518458 
0.3597811 
0.3522831 
0.3425038 
0.3293739 
0.3273718 
0.3333288 
0.3267405 
0.3407686 
0.3529706 
0.3378111 
0.3140895 
0.2983810 
0.2996337 
0.2871308 
0.2644759 
0.2552943 
0.2436529 
0.2562177 
0.2368414 
0.2489258 
0.2536648 
0.2530626 
0.2447282 
0.2457591 
0.2451192 
0.2550972 
0.2585002 
0.2600422 
0.2653501 
0.2611417 
0.2514608 
0.2281245 
0.2325171 
0.2229625 
0.2172219 
0.2155749 
0.2124136 
0.1891540 
0.1727581 
0.1608971 
0.1573388 
0.1589875 
0.1586430 
0.1507264 
0.1435588 
0.1437807 
0.1557889 
0.1784995 
0.2008783 
0.1924178 
0.1782099 
0.1670299 
0.1591492 
0.1569925 
0.1717509 
0.1622955 
0.1553990 
0.1861112 
0.1937839 
0.1967326 
0.1919594 
0.1804559 
0.1552618 
0.1512008 
0.1512318 
0.1604058 
0.1575206 
0.1583066 
0.1519346 
0.1458523 
0.1370766 
0.1248071 
0.0990795 
0.0668138 
0.0601609 
0.0682474 
0.0792323 
0.0962834 
0.1086331 
0.1196163 
0.1394918 
0.1364577 
0.1444375 
0.1466659 
0.1545729 
0.1596543 
0.1539792 
0.1513826 
0.1268369 
0.1434831 
0.1570816 
0.1626197 
0.1748447 
0.1834449 
0.1825806 
0.1791099 
0.1821894 
0.1792077 
0.1965330 
0.1874831 
0.1781157 
0.1883804 
0.1853917 
0.1621320 
0.1289919 
0.1183131 
0.1103258 
0.1368617 
0.1618793 
0.1676563 
0.1864103 
0.1844383 
0.1954934 
0.2003773 
0.2143434 
0.2374984 
0.2483650 
0.2550001 
0.2559293 
0.2585319 
0.2172585 
0.1946232 
0.1765659 
0.1714832 
0.1851134 
0.1964966 
0.2112337 
0.2273633 
0.2169438 
0.2047776 
0.1750025 
0.1670513 
0.1649372 
0.1792697 
0.1656636 
0.1610372 
0.1876554 
0.1986360 
0.1952294 
0.1861491 
0.1747302 
0.1785329 
0.1691776 
0.1601672 
0.1695219 
0.1968892 
0.1937874 
0.1842263 
0.1707244 
0.1512267 
0.1208504 
0.1225570 
0.1214746 
0.1376545 
0.1468244 
0.1523887 
0.1586684 
0.1263920 
0.1058746 
0.0921273 
0.0852700 
0.0878129 
0.0901036 
0.0950766 
0.1067422 
0.0777588 
0.0824478 
0.0885041 
0.0685916 
0.0787135 
0.0868692 
0.0879913 
0.1191200 
0.1396596 
0.1402317 
0.1327644 
0.1451527 
0.1379686 
0.1360779 
0.1327370 
0.1382793 
0.1441245 
0.1175997 
0.1084403 
0.1012002 
0.0911599 
0.0958460 
0.1039532 
0.1297354 
0.1374763 
0.1533852 
0.1450322 
0.1467080 
0.1079776 
0.0853761 
0.0812425 
0.0861264 
0.0863211 
0.0997764 
0.1001517 
0.1021253 
0.0752869 
0.0282980 
0.0089707 
0.0431523 
0.0785590 
0.1122875 
0.1100381 
0.1328051 
0.1299908 
0.1149590 
0.1117493 
0.1166114 
0.1172935 
0.1383065 
0.1549782 
0.1668703 
0.1647932 
0.1780828 
0.1721150 
0.1711362 
0.1719001 
0.1798708 
0.1913029 
0.1745585 
0.1726339 
0.1653109 
0.1557316 
0.1547538 
0.1673383 
0.1520340 
0.1552062 
0.1725472 
0.1815878 
0.1783574 
0.1641912 
0.1701250 
0.1681884 
0.1688329 
0.1811415 
0.1705932 
0.1421816 
0.1435547 
0.1405825 
0.1370106 
0.1264630 
0.1283485 
0.1224437 
0.1194534 
0.1130823 
0.1014620 
0.1078856 
0.1097273 
0.1087692 
0.1262978 
0.1301238 
0.1611464 
0.1682190 
0.1569703 
0.1562410 
0.1415271 
0.1302631 
0.1333145 
0.1305203 
0.1360597 
0.1308763 
0.1476272 
0.1406164 
0.1364806 
0.1326627 
0.1356263 
0.1189870 
0.1212455 
0.0987447 
0.0794973 
0.0530191 
0.0461010 
0.0530177 
0.0529926 
0.0476913 
0.0702286 
0.1023747 
0.0968017 
0.0925398 
0.0868574 
0.0838580 
0.0777401 
0.0578397 
0.0688193 
0.0897337 
0.0924557 
0.1106614 
0.1048053 
0.1150459 
0.1218294 
0.1339447 
0.1279564 
0.1272399 
0.1193185 
0.1148721 
0.1261991 
0.1554659 
0.1702411 
0.1838345 
0.1997612 
0.1865474 
0.1876765 
0.1582576 
0.1498670 
0.1569301 
0.1442338 
0.1423033 
0.1428604 
0.1577728 
0.1580200 
0.1410175 
0.1547415 
0.1343758 
0.1466947 
0.1612090 
0.1541636 
0.1586700 
0.1640225 
0.1630877 
0.1780319 
0.2004869 
0.2058098 
0.1934458 
0.1589549 
0.1270286 
0.1132460 
0.1126245 
0.1192784 
0.1256597 
0.1340995 
0.1318590 
0.1361239 
0.1362484 
0.1336245 
0.1406887 
0.1423221 
0.1489540 
0.1505280 
0.1438029 
0.1384790 
0.1226455 
0.1117620 
0.1046841 
0.0947103 
0.1004549 
0.1070369 
0.1113547 
0.0982761 
0.0766790 
0.0594181 
0.0363323 
0.0214639 
0.0217245 
0.0223787 
0.0152908 
0.0471971 
0.0549315 
0.0573673 
0.0554734 
0.0642069 
0.0613748 
0.0656631 
0.0603737 
0.0613514 
0.0462259 
0.0427287 
0.0538987 
0.0666539 
0.0790419 
0.1116380 
0.1340064 
0.1337589 
0.1558552 
0.1571830 
0.1707281 
0.1619413 
0.1797410 
0.1876612 
0.1908003 
0.2134025 
0.2109277 
0.1884112 
0.1956745 
0.1838411 
0.1968398 
0.1948049 
0.2070298 
0.2022970 
0.1754232 
0.1720596 
0.1544750 
0.1457519 
0.1379031 
0.1307421 
0.1256212 
0.1158487 
0.0981348 
0.0875984 
0.0568070 
0.0636620 
0.0608834 
0.0749775 
0.0656502 
0.0605956 
0.0556667 
0.0298909 
0.0185962 
0.0092419 
0.0190044 
0.0000000 
0.0006943 
0.0046747 
0.0026685 
0.0202500 
0.0439328 
0.0737287 
0.0956778 
0.1194045 
0.1273954 
0.1290539 
0.1161531 
0.1116735 
0.1217894 
0.1591391 
0.1662890 
0.1705995 
0.1754803 
0.1734975 
0.1554981 
0.1547780 
0.1799374 
0.1647159 
0.1725459 
0.1948036 
0.1880386 
0.1717741 
0.1631819 
0.1829732 
0.1656951 
0.1595320 
0.1540757 
0.1280692 
0.0972797 
0.0938099 
0.0878792 
0.0708709 
0.0854232 
0.0942065 
0.0857094 
0.0347493 
0.0337794 
0.0389185 
0.0555550 
0.0620733 
0.0644089 
0.0551952 
0.0676350 
0.0457783 
0.0586793 
0.0635676 
0.0722080 
0.0533350 
0.0411666 
0.0744462 
0.0721651 
0.0755251 
0.0754044 
0.0871953 
0.0950213 
0.0926870 
0.0957031 
0.0919949 
0.1155171 
0.1152965 
0.1000045 
0.0996785 
0.0988214 
0.1265569 
0.1183417 
