-0.0001366 
0.0000282 
0.0000950 
0.1918423 
0.0754782 
0.1394480 
0.9788476 
0.9935754 
1.0000000 
0.9669712 
0.9607710 
0.9593917 
0.9582705 
0.9672878 
0.9583092 
0.9613597 
0.9642756 
0.9366706 
0.9256581 
0.9567160 
0.9563386 
0.9437521 
0.9559595 
0.9464627 
0.9240307 
0.9201169 
0.9317269 
0.9326404 
0.9171983 
0.9378183 
0.9545051 
0.9483197 
0.9160965 
0.9042961 
0.9069541 
0.9086426 
0.9130754 
0.9346600 
0.9229216 
0.9039890 
0.9169234 
0.9256912 
0.9266866 
0.9134055 
0.9110025 
0.9176851 
0.9405672 
0.9420144 
0.9366674 
0.9207729 
0.9074708 
0.9047922 
0.9135708 
0.9272271 
0.9269069 
0.9216923 
0.9120513 
0.9146494 
0.9364026 
0.9113686 
0.9044945 
0.9001425 
0.9081377 
0.9094108 
0.9023201 
0.9085133 
0.9025887 
0.9069425 
0.9061398 
0.9085742 
0.9133713 
0.9115464 
0.9158834 
0.9243169 
0.9306596 
0.9076906 
0.9030945 
0.8994859 
0.8995279 
0.8953013 
0.8983860 
0.9170936 
0.9042900 
0.9068425 
0.9022293 
0.8826125 
0.8854634 
0.8813706 
0.8830877 
0.8718725 
0.8928442 
0.9158910 
0.8985147 
0.8952042 
0.8951713 
0.8974099 
0.8944717 
0.8786698 
0.8969084 
0.8785056 
0.8590741 
0.8663513 
0.8784210 
0.8979699 
0.8705794 
0.8634310 
0.8734479 
0.8623045 
0.8699655 
0.8752119 
0.8889655 
0.8877295 
0.8796993 
0.8989642 
0.8846725 
0.8838468 
0.9069900 
0.9033995 
0.9003352 
0.9092331 
0.9018718 
0.9099428 
0.8893904 
0.9041869 
0.8969953 
0.8901874 
0.8702061 
0.8600451 
0.8763790 
0.8963813 
0.8810814 
0.8900868 
0.8798832 
0.8635527 
0.8769605 
0.8821675 
0.8904778 
0.8935132 
0.8846888 
0.8954397 
0.8972389 
0.8768857 
0.8769874 
0.8537687 
0.8510408 
0.8540250 
0.8478691 
0.8565846 
0.8649403 
0.8518337 
0.8743954 
0.8886281 
0.8778235 
0.8970837 
0.8811788 
0.8646482 
0.8748049 
0.8515367 
0.8311607 
0.8328268 
0.8206432 
0.8114467 
0.8346395 
0.8400730 
0.8314771 
0.8499889 
0.8631640 
0.8569358 
0.8801668 
0.8849636 
0.8608030 
0.8593743 
0.8431360 
0.8094090 
0.8085957 
0.8215444 
0.8131255 
0.8320611 
0.8472161 
0.8367362 
0.8713380 
0.8739873 
0.8560373 
0.8610373 
0.8694527 
0.8532717 
0.8406988 
0.8565713 
0.8521072 
0.8521390 
0.8345762 
0.8387155 
0.8401675 
0.8451275 
0.8632396 
0.8561347 
0.8418158 
0.8452444 
0.8457279 
0.8433536 
0.8363555 
0.8283064 
0.8230809 
0.8085916 
0.8085005 
0.8184475 
0.8478105 
0.8560727 
0.8369410 
0.8398089 
0.8459940 
0.8373571 
0.8391405 
0.8300894 
0.8061769 
0.7822457 
0.7876850 
0.8044109 
0.8072637 
0.8231530 
0.8312228 
0.8413487 
0.8285990 
0.8467451 
0.8577937 
0.8546809 
0.8522282 
0.8355260 
0.8252905 
0.8229030 
0.8165747 
0.8320750 
0.8247173 
0.8232643 
0.8240292 
0.8161544 
0.8432313 
0.8508054 
0.8580573 
0.8662275 
0.8552154 
0.8451043 
0.8059704 
0.7971258 
0.8230312 
0.8101028 
0.8102289 
0.8146878 
0.8163977 
0.8418930 
0.8499111 
0.8528830 
0.8514787 
0.8484304 
0.8350513 
0.8083727 
0.7981453 
0.7791204 
0.7721493 
0.7846916 
0.7793031 
0.8009919 
0.8000779 
0.8126158 
0.8248960 
0.8290022 
0.8610213 
0.8482053 
0.8167413 
0.8107053 
0.7797849 
0.7754828 
0.7579223 
0.7374081 
0.7609452 
0.7799203 
0.7907541 
0.8296000 
0.8507735 
0.8698047 
0.8604103 
0.8219853 
0.8151229 
0.7873885 
0.7572641 
0.7581040 
0.7325015 
0.7570251 
0.7902407 
0.7969231 
0.8378571 
0.8464571 
0.8405558 
0.8549185 
0.8189073 
0.7976959 
0.8042137 
0.7705374 
0.7639493 
0.7729850 
0.7711303 
0.8031941 
0.8315654 
0.8502556 
0.8529131 
0.8406830 
0.8264979 
0.8136953 
0.7773195 
0.7712582 
0.8071050 
0.8139543 
0.7974340 
0.8099392 
0.8050285 
0.7957112 
0.8098876 
0.8015285 
0.7877864 
0.7896220 
0.7811972 
0.7665934 
0.7641629 
0.7584101 
0.7645809 
0.7741243 
0.7758672 
0.7809174 
0.7723211 
0.7752688 
0.7741029 
0.7760985 
0.7704004 
0.7889231 
0.7725878 
0.7643888 
0.7641291 
0.7585589 
0.7551581 
0.7639673 
0.7567684 
0.7427875 
0.7670882 
0.7897776 
0.7809025 
0.7974810 
0.7904602 
0.7772481 
0.8086670 
0.8038575 
0.7754174 
0.8067031 
0.8064378 
0.7838511 
0.7990473 
0.8055403 
0.7835095 
0.7953104 
0.8102014 
0.8033638 
0.8112708 
0.8168353 
0.8006683 
0.7945700 
0.8116324 
0.8087316 
0.7913758 
0.7997262 
0.8129234 
0.7812373 
0.7563308 
0.7671330 
0.7851395 
0.7732182 
0.7842210 
0.8033108 
0.7913680 
0.7888132 
0.7984944 
0.7880503 
0.7799704 
0.7818469 
0.7745743 
0.7683667 
0.7692372 
0.7916972 
0.7894355 
0.7584969 
0.7562230 
0.7647481 
0.7676482 
0.7787309 
0.7851855 
0.7739291 
0.7752085 
0.7744196 
0.7899467 
0.7919253 
0.7802143 
0.7834983 
0.7911450 
0.7699845 
0.7638479 
0.7953489 
0.7856709 
0.7774282 
0.7877463 
0.7882552 
0.7680023 
0.7619221 
0.7814339 
0.7975673 
0.8027549 
0.8036029 
0.7871409 
0.7785454 
0.7594396 
0.7505626 
0.7507366 
0.7677748 
0.7659319 
0.7735548 
0.7972261 
0.7760100 
0.7586225 
0.7691531 
0.7566345 
0.7511236 
0.7532666 
0.7570958 
0.7660395 
0.7639701 
0.7481678 
0.7576977 
0.7523457 
0.7356656 
0.7363159 
0.7602420 
0.7716044 
0.7674422 
0.7607410 
0.7709802 
0.7701167 
0.7537277 
0.7503935 
0.7693912 
0.7714466 
0.7697413 
0.7748384 
0.7771379 
0.7748788 
0.7707201 
0.7578837 
0.7738377 
0.7742690 
0.7610918 
0.7731697 
0.7914018 
0.8026847 
0.7959515 
0.7728673 
0.7730624 
0.7836773 
0.7818550 
0.7620520 
0.7661720 
0.7839872 
0.7795799 
0.7507762 
0.7339221 
0.7321355 
0.7523375 
0.7625276 
0.7641755 
0.7380781 
0.7311879 
0.7470502 
0.7561429 
0.7352344 
0.7285739 
0.7320271 
0.7457287 
0.7423238 
0.7428978 
0.7348365 
0.7141069 
0.7196694 
0.7310902 
0.7268155 
0.7242737 
0.7220143 
0.7316634 
0.7338987 
0.7234411 
0.7172024 
0.7257750 
0.7215457 
0.7300896 
0.7379183 
0.7250834 
0.7129068 
0.7129754 
0.7291995 
0.7423570 
0.7333820 
0.7081539 
0.7234786 
0.7385576 
0.7437129 
0.7518545 
0.7403276 
0.7356657 
0.7476470 
0.7455325 
0.7337702 
0.7287890 
0.7236936 
0.7319124 
0.7411564 
0.7449200 
0.7264551 
0.7258026 
0.7347634 
0.7375759 
0.7396452 
0.7419925 
0.7520552 
0.7428485 
0.7249122 
0.7245500 
0.7394559 
0.7478142 
0.7237718 
0.7049117 
0.7005919 
0.7045499 
0.6927921 
0.6909094 
0.6997404 
0.6911564 
0.6732875 
0.6919951 
0.7073419 
0.7023084 
0.6970886 
0.7023687 
0.7041907 
0.7102983 
0.7195184 
0.7057550 
0.7055312 
0.7293375 
0.7354521 
0.7336251 
0.7314785 
0.7141306 
0.7154062 
0.7260467 
0.7222369 
0.7235417 
0.7259040 
0.7313393 
0.7191644 
0.7186304 
0.7310515 
0.7314534 
0.7421193 
0.7277539 
0.7028271 
0.7078646 
0.7150387 
0.7095289 
0.6968588 
0.6896362 
0.7045085 
0.7173504 
0.7145171 
0.7084182 
0.7136592 
0.7098371 
0.7039745 
0.7009622 
0.6965817 
0.7074361 
0.7132070 
0.7030421 
0.6965303 
0.6967428 
0.6989871 
0.7243307 
0.7274795 
0.7115290 
0.7058266 
0.6844156 
0.6940813 
0.6983312 
0.6970427 
0.7033148 
0.7003856 
0.6898861 
0.6775107 
0.6674211 
0.6777201 
0.6906211 
0.6880104 
0.6872971 
0.6846706 
0.6792906 
0.6815794 
0.6866284 
0.6880263 
0.6835705 
0.6686377 
0.6946668 
0.7119446 
0.7189344 
0.7045141 
0.6972637 
0.6829637 
0.6909079 
0.7084776 
0.7182190 
0.7068765 
0.6951813 
0.6874387 
0.7058719 
0.7168005 
0.7146272 
0.7058556 
0.7055443 
0.7132751 
0.7040256 
0.7128511 
0.7272301 
0.7218788 
0.7072006 
0.7205321 
0.7266818 
0.7182346 
0.7067946 
0.7098446 
0.7203243 
0.7268213 
0.7027698 
0.6893055 
0.6941287 
0.6896099 
0.6928573 
0.6915773 
0.6951541 
0.6881559 
0.6838458 
0.6968445 
0.6964986 
0.6796876 
0.6804694 
0.6771256 
0.6653602 
0.6548072 
0.6574502 
0.6644333 
0.6719321 
0.6628707 
0.6679183 
0.6636882 
0.6589695 
0.6671355 
0.6646439 
0.6673731 
0.6571748 
0.6762027 
0.6750429 
0.6740712 
0.6832523 
0.6885268 
0.6906361 
0.6890665 
0.6898184 
0.6906221 
0.6915903 
0.6818356 
0.6950496 
0.6891259 
0.6807233 
0.6714714 
0.6756050 
0.6710718 
0.6584914 
0.6643742 
0.6520079 
0.6524330 
0.6631024 
0.6765416 
0.6512835 
0.6477022 
0.6419576 
0.6370373 
0.6248240 
0.6410001 
0.6387725 
0.6456832 
0.6432524 
0.6373568 
0.6371467 
0.6415471 
0.6532649 
0.6574058 
0.6506755 
0.6545155 
0.6549440 
0.6472592 
0.6570242 
0.6767743 
0.6735767 
0.6652233 
0.6622127 
0.6529319 
0.6315467 
0.6215717 
0.6322118 
0.6299839 
0.6431504 
0.6470879 
0.6374585 
0.6378362 
0.6277386 
0.6133958 
0.6199865 
0.6333322 
0.6132251 
0.6038660 
0.6268717 
0.6360645 
0.6265629 
0.6222533 
0.6146896 
0.6177021 
0.6220516 
0.6291972 
0.6297066 
0.6367807 
0.6429112 
0.6364661 
0.6449146 
0.6540945 
0.6428971 
0.6492957 
0.6591390 
0.6564624 
0.6628532 
0.6620577 
0.6443071 
0.6318511 
0.6358020 
0.6170286 
0.6085686 
0.5978282 
0.5743392 
0.5709754 
0.5833361 
0.5862851 
0.5973613 
0.6006743 
0.6114587 
0.6193256 
0.6329283 
0.6305126 
0.6347400 
0.6338308 
0.6430587 
0.6398358 
0.6517365 
0.6510308 
0.6505617 
0.6578045 
0.6584401 
0.6598261 
0.6651419 
0.6563479 
0.6503942 
0.6420561 
0.6268225 
0.6232580 
0.6299648 
0.6361898 
0.6358417 
0.6273104 
0.6216952 
0.6195818 
0.6212545 
0.6193248 
0.6180992 
0.6027120 
0.5953917 
0.5908379 
0.5924597 
0.5994725 
0.6074317 
0.6140415 
0.6226148 
0.6260387 
0.6287696 
0.6273059 
0.6118952 
0.6223087 
0.6202835 
0.6203898 
0.6292284 
0.6153596 
0.6209762 
0.6293786 
0.6258160 
0.6234699 
0.6100876 
0.6013137 
0.5990825 
0.5966050 
0.5980390 
0.6117284 
0.6043446 
0.6076011 
0.6009059 
0.6020920 
0.6089155 
0.6142496 
0.6093672 
0.6018771 
0.5929147 
0.5822847 
0.5858532 
0.6014755 
0.6187426 
0.6274238 
0.6377700 
0.6373793 
0.6351432 
0.6412877 
0.6545908 
0.6348748 
0.6196283 
0.6153691 
0.6191753 
0.6186564 
0.6253131 
0.6125978 
0.6112077 
0.6280489 
0.6262947 
0.6141705 
0.6025315 
0.6150182 
0.6163236 
0.6143313 
0.6137947 
0.6092397 
0.6054047 
0.5981757 
0.6046314 
0.6075062 
0.6000288 
0.5983595 
0.5915641 
0.5894213 
0.5953178 
0.6094702 
0.6203983 
0.6156771 
0.6188565 
0.6084909 
0.6187590 
0.6216864 
0.6195763 
0.6110906 
0.5952569 
0.5859869 
0.5951923 
0.6167579 
0.6124012 
0.6146507 
0.6135405 
0.5991377 
0.5924031 
0.5937250 
0.5885218 
0.5948388 
0.6063248 
0.6299116 
0.6177780 
0.6118898 
0.6013788 
0.6076172 
0.6036111 
0.5975469 
0.5873593 
0.5792608 
0.5685128 
0.5775699 
0.5990843 
0.6096632 
0.5838013 
0.5751175 
0.5928527 
0.5939834 
0.5901301 
0.5831742 
0.5858663 
0.5831418 
0.5810755 
0.5779129 
0.5695636 
0.5650653 
0.5634798 
0.5695355 
0.5563711 
0.5584121 
0.5706099 
0.6087375 
0.6246918 
0.6099374 
0.5959110 
0.6026505 
0.6109445 
0.5951747 
0.5731367 
0.5621021 
0.5661586 
0.5541738 
0.5537752 
0.5593018 
0.5864230 
0.5872320 
0.5914401 
0.5896516 
0.6038809 
0.5924909 
0.5811050 
0.5637585 
0.5583137 
0.5527262 
0.5666950 
0.5827685 
0.5785729 
0.5725406 
0.5536799 
0.5637613 
0.5653992 
0.5611598 
0.5593577 
0.5562391 
0.5643862 
0.5637793 
0.5589851 
0.5630045 
0.5814197 
0.5735174 
0.5638254 
0.5616454 
0.5734034 
0.5727301 
0.5624184 
0.5527303 
0.5606091 
0.5619298 
0.5494306 
0.5289529 
0.5349557 
0.5462530 
0.5550787 
0.5494587 
0.5469362 
0.5595162 
0.5777135 
0.5732642 
0.5672363 
0.5704120 
0.5841283 
0.5803050 
0.5527393 
0.5355279 
0.5550005 
0.5639941 
0.5731246 
0.5679866 
0.5778903 
0.5869470 
0.5803157 
0.5591002 
0.5432004 
0.5487026 
0.5476730 
0.5297955 
0.5226035 
0.5275149 
0.5177466 
0.5023026 
0.4983333 
0.5047335 
0.4919376 
0.4764505 
0.4906162 
0.5228841 
0.5181882 
0.4943202 
0.4885446 
0.5038601 
0.5195288 
0.5147090 
0.5135107 
0.5243806 
0.5258990 
0.5237601 
0.5210627 
0.5295355 
0.5437907 
0.5404209 
0.5505566 
0.5558036 
0.5465314 
0.5338826 
0.5311009 
0.5453803 
0.5462807 
0.5312543 
0.5165244 
0.5113254 
0.5173248 
0.5298409 
0.5433843 
0.5454181 
0.5473489 
0.5520890 
0.5440940 
0.5358403 
0.5359154 
0.5415725 
0.5244363 
0.5199796 
0.5126098 
0.5240012 
0.5362681 
0.5227387 
0.5234121 
0.5227324 
0.5270396 
0.5179157 
0.5008067 
0.4972735 
0.4986795 
0.5037829 
0.5013140 
0.5036636 
0.5009012 
0.4973660 
0.5005616 
0.5290584 
0.5385587 
0.5256755 
0.5219249 
0.5289189 
0.5215076 
0.5086802 
0.5038311 
0.5009821 
0.4995976 
0.5007189 
0.5203573 
0.5302192 
0.5240962 
0.5134270 
0.5171483 
0.5172607 
0.5029992 
0.5163026 
0.5227858 
0.5096748 
0.5005514 
0.5134355 
0.5054092 
0.5075799 
0.5180032 
0.5357373 
0.5348284 
0.5177655 
0.5123650 
0.5074851 
0.4988933 
0.5046782 
0.5112252 
0.5087584 
0.5051141 
0.5129120 
0.5150801 
0.4982119 
0.4888728 
0.5001613 
0.5058603 
0.5079026 
0.4983183 
0.5054733 
0.5062298 
0.5072950 
0.5067580 
0.5110364 
0.5173402 
0.5219678 
0.5206607 
0.5218891 
0.5082121 
0.5025374 
0.4939050 
0.4887520 
0.4859426 
0.4863970 
0.4875497 
0.4916855 
0.4913430 
0.4975126 
0.4950351 
0.4977226 
0.4930664 
0.4893071 
0.4926664 
0.4910114 
0.4775729 
0.4749367 
0.4746678 
0.4795320 
0.4881821 
0.4807552 
0.4857964 
0.4955373 
0.5006783 
0.5003748 
0.5037867 
0.4942662 
0.5024629 
0.5026213 
0.5016757 
0.5043514 
0.5102613 
0.5059831 
0.5039006 
0.4994669 
0.4991273 
0.4985975 
0.4990213 
0.5170550 
0.5247983 
0.5170115 
0.5063730 
0.4982675 
0.4803118 
0.4639163 
0.4526539 
0.4421864 
0.4355625 
0.4265507 
0.4263988 
0.4401715 
0.4528367 
0.4614497 
0.4528260 
0.4500770 
0.4504445 
0.4526064 
0.4470129 
0.4502193 
0.4590981 
0.4503685 
0.4604237 
0.4612983 
0.4582875 
0.4607193 
0.4617554 
0.4708131 
0.4807748 
0.4726904 
0.4715885 
0.4818942 
0.4789553 
0.4890552 
0.4758795 
0.4757413 
0.4678835 
0.4567903 
0.4454692 
0.4565220 
0.4708575 
0.4552349 
0.4468049 
0.4641545 
0.4714810 
0.4662636 
0.4634845 
0.4654560 
0.4594963 
0.4552773 
0.4653087 
0.4918633 
0.4988833 
0.4920741 
0.4918330 
0.5008646 
0.5053704 
0.4971828 
0.4872228 
0.4773019 
0.4726171 
0.4696068 
0.4802324 
0.4854003 
0.4683649 
0.4535339 
0.4429624 
0.4438838 
0.4381302 
0.4359831 
0.4436746 
0.4436796 
0.4445741 
0.4465147 
0.4444956 
0.4430995 
0.4352643 
0.4419779 
0.4433378 
0.4421934 
0.4324760 
0.4304690 
0.4310198 
0.4325140 
0.4221639 
0.4247823 
0.4317028 
0.4528941 
0.4558307 
0.4639697 
0.4618028 
0.4623466 
0.4707986 
0.4894319 
0.4853602 
0.4717453 
0.4744063 
0.4729965 
0.4710107 
0.4641713 
0.4726852 
0.4816434 
0.4750641 
0.4729653 
0.4696753 
0.4601816 
0.4526878 
0.4518026 
0.4518027 
0.4519178 
0.4529392 
0.4474409 
0.4387707 
0.4422204 
0.4526093 
0.4525528 
0.4480516 
0.4407527 
0.4440100 
0.4579103 
0.4544765 
0.4414201 
0.4381325 
0.4407023 
0.4485079 
0.4474516 
0.4548665 
0.4532558 
0.4535879 
0.4363591 
0.4388223 
0.4263369 
0.4275759 
0.4293532 
0.4230185 
0.4175018 
0.4182132 
0.4268105 
0.4413056 
0.4255119 
0.4183857 
0.4158280 
0.4126000 
0.4205071 
0.4235674 
0.4238594 
0.4219864 
0.4128897 
0.4158917 
0.4205222 
0.4292369 
0.4205585 
0.4140677 
0.4148175 
0.4235053 
0.4263045 
0.4257382 
0.4229603 
0.4254295 
0.4265025 
0.4114092 
0.4103983 
0.4107246 
0.4211729 
0.4351556 
0.4392687 
0.4385838 
0.4390450 
0.4235567 
0.4116984 
0.4108043 
0.4144962 
0.4158029 
0.4263787 
0.4230613 
0.4205933 
0.4208151 
0.4166443 
0.4110038 
0.4083780 
0.4160915 
0.4195163 
0.4128864 
0.3955621 
0.3832326 
0.3899123 
0.3972166 
0.4059314 
0.4162605 
0.4170122 
0.4092889 
0.3990670 
0.4020717 
0.4079805 
0.4151454 
0.4097491 
0.4086719 
0.4113953 
0.4265250 
0.4361100 
0.4311725 
0.4307382 
0.4257100 
0.4231457 
0.4207580 
0.4149773 
0.4251914 
0.4287811 
0.4410102 
0.4507672 
0.4517760 
0.4336849 
0.4074828 
0.3840156 
0.3814801 
0.3939752 
0.3996819 
0.3910641 
0.3849631 
0.3870143 
0.3851867 
0.3765348 
0.3685053 
0.3694014 
0.3759348 
0.3848954 
0.3896247 
0.3847757 
0.3854253 
0.3869462 
0.3821871 
0.3859534 
0.3922613 
0.4126411 
0.4131891 
0.3980474 
0.3878329 
0.3916964 
0.3932875 
0.3760288 
0.3701480 
0.3640466 
0.3638589 
0.3678980 
0.3667482 
0.3663560 
0.3697372 
0.3695305 
0.3726674 
0.3650169 
0.3629786 
0.3606892 
0.3735892 
0.3865735 
0.3972178 
0.3794900 
0.3811573 
0.3794712 
0.3897029 
0.3957811 
0.3981922 
0.3937020 
0.3827636 
0.3702524 
0.3678315 
0.3722838 
0.3784396 
0.3729691 
0.3872876 
0.3938934 
0.3897813 
0.3766695 
0.3752085 
0.3737223 
0.3685319 
0.3723352 
0.3754043 
0.3710780 
0.3721029 
0.3663387 
0.3654236 
0.3614416 
0.3511707 
0.3678499 
0.3781514 
0.3865809 
0.3786941 
0.3737644 
0.3685685 
0.3670381 
0.3589127 
0.3472991 
0.3437047 
0.3478276 
0.3568710 
0.3579483 
0.3623300 
0.3656395 
0.3652945 
0.3702119 
0.3791885 
0.3850326 
0.3838875 
0.3729835 
0.3717080 
0.3615500 
0.3595383 
0.3562642 
0.3565747 
0.3624634 
0.3712362 
0.3758412 
0.3773842 
0.3694518 
0.3564945 
0.3486501 
0.3444066 
0.3535669 
0.3700982 
0.3692527 
0.3725833 
0.3761433 
0.3657830 
0.3584855 
0.3599738 
0.3692227 
0.3705552 
0.3762362 
0.3630469 
0.3494617 
0.3466141 
0.3554566 
0.3574315 
0.3547634 
0.3496115 
0.3394148 
0.3257179 
0.3136170 
0.3196355 
0.3323446 
0.3406603 
0.3364561 
0.3343546 
0.3348043 
0.3436408 
0.3469997 
0.3600412 
0.3664107 
0.3565522 
0.3445158 
0.3341010 
0.3276387 
0.3426147 
0.3449450 
0.3558915 
0.3552934 
0.3451598 
0.3507926 
0.3713572 
0.3789337 
0.3774195 
0.3626742 
0.3413725 
0.3302825 
0.3318728 
0.3408192 
0.3549029 
0.3602284 
0.3724152 
0.3615150 
0.3528822 
0.3476318 
0.3503383 
0.3513032 
0.3537782 
0.3509161 
0.3463845 
0.3446928 
0.3526823 
0.3571543 
0.3504478 
0.3449676 
0.3553682 
0.3619515 
0.3696618 
0.3690874 
0.3586886 
0.3541394 
0.3559058 
0.3553410 
0.3564065 
0.3590865 
0.3495668 
0.3532759 
0.3546255 
0.3437212 
0.3571231 
0.3668562 
0.3773259 
0.3784392 
0.3652086 
0.3546194 
0.3579847 
0.3596245 
0.3384933 
0.3369981 
0.3232755 
0.3220333 
0.3261186 
0.3379137 
0.3349387 
0.3296854 
0.3245056 
0.3252712 
0.3402095 
0.3428069 
0.3291508 
0.3245371 
0.3149619 
0.3170579 
0.3247793 
0.3154729 
0.2982164 
0.2975763 
0.2996521 
0.3104915 
0.3258505 
0.3188630 
0.3133416 
0.3074364 
0.3100206 
0.3045282 
0.3094600 
0.3084197 
0.2983271 
0.2975402 
0.2928311 
0.3023299 
0.3126993 
0.3070602 
0.2957066 
0.2911635 
0.3046712 
0.3159688 
0.3201938 
0.2977833 
0.2805459 
0.2895350 
0.2912010 
0.2951867 
0.2829261 
0.2754198 
0.2813100 
0.2935771 
0.3102756 
0.3051892 
0.2877463 
0.2809990 
0.2827239 
0.2931879 
0.2957824 
0.2740043 
0.2626692 
0.2644038 
0.2686988 
0.2801249 
0.2838699 
0.2793657 
0.2663267 
0.2747527 
0.2838859 
0.2797949 
0.2600139 
0.2538639 
0.2555183 
0.2651362 
0.2784965 
0.2758239 
0.2666594 
0.2585032 
0.2671979 
0.2940864 
0.3025518 
0.2856068 
0.2715227 
0.2806387 
0.2984071 
0.3079849 
0.3015038 
0.2816576 
0.2681651 
0.2821116 
0.2993874 
0.3039353 
0.2968635 
0.2693224 
0.2716913 
0.2883342 
0.3051852 
0.3018388 
0.2862180 
0.2732058 
0.2709399 
0.2833267 
0.2936935 
0.2904284 
0.2833856 
0.2726598 
0.2704209 
0.2788753 
0.2800860 
0.2741219 
0.2746533 
0.2811940 
0.2774356 
0.2753666 
0.2757561 
0.2788928 
0.2791267 
0.2704623 
0.2534069 
0.2507176 
0.2673919 
0.2771993 
0.2820519 
0.2717367 
0.2682725 
0.2692430 
0.2757760 
0.2765449 
0.2815905 
0.2756286 
0.2782735 
0.2727295 
0.2554755 
0.2519095 
0.2664226 
0.2905720 
0.3067353 
0.2927808 
0.2633497 
0.2538218 
0.2566542 
0.2666468 
0.2708722 
0.2705715 
0.2667027 
0.2726697 
0.2710626 
0.2769412 
0.2803218 
0.2868940 
0.2861960 
0.2926524 
0.2802112 
0.2779230 
0.2844748 
0.2978923 
0.3019481 
0.2971726 
0.2837075 
0.2794613 
0.2779296 
0.2791099 
0.2817293 
0.2784075 
0.2738849 
0.2542149 
0.2298689 
0.2306406 
0.2425680 
0.2694027 
0.2773349 
0.2634324 
0.2564001 
0.2504896 
0.2634249 
0.2723217 
0.2722651 
0.2850915 
0.2866594 
0.2814818 
0.2805117 
0.2741531 
0.3009494 
0.3164615 
0.3162482 
0.2953492 
0.2653076 
0.2388584 
0.2438717 
0.2512280 
0.2670196 
0.2668096 
0.2531106 
0.2388291 
0.2301179 
0.2316988 
0.2498963 
0.2599789 
0.2615403 
0.2554001 
0.2489781 
0.2450563 
0.2404779 
0.2434130 
0.2492679 
0.2594790 
0.2734249 
0.2666165 
0.2457712 
0.2282906 
0.2167894 
0.2290512 
0.2568971 
0.2765900 
0.2787338 
0.2426143 
0.2094862 
0.2093102 
0.2298407 
0.2619292 
0.2954574 
0.3002403 
0.2745944 
0.2382355 
0.2239568 
0.2290958 
0.2397555 
0.2548177 
0.2673693 
0.2688086 
0.2511120 
0.2385174 
0.2335994 
0.2346070 
0.2489699 
0.2678558 
0.2848389 
0.2849061 
0.2653465 
0.2373297 
0.2169836 
0.2129987 
0.2335304 
0.2579457 
0.2811775 
0.2780433 
0.2531129 
0.2203395 
0.2145844 
0.2206948 
0.2259368 
0.2311297 
0.2327066 
0.2328432 
0.2278042 
0.2184032 
0.2330607 
0.2558290 
0.2707679 
0.2635658 
0.2510749 
0.2303763 
0.2110189 
0.2068470 
0.2078406 
0.2103923 
0.2191709 
0.2307866 
0.2293150 
0.2337867 
0.2153967 
0.1991777 
0.1867130 
0.1850675 
0.2122954 
0.2370432 
0.2406677 
0.2267787 
0.2067981 
0.1784040 
0.1676132 
0.1786387 
0.1945528 
0.2114334 
0.2192590 
0.2145663 
0.2057781 
0.1930398 
0.1751714 
0.1668178 
0.1677893 
0.1770958 
0.2069080 
0.2238619 
0.2407498 
0.2443233 
0.2350555 
0.2143833 
0.1907967 
0.1884669 
0.1845332 
0.1957195 
0.2118592 
0.2163692 
0.2234039 
0.2301369 
0.2312621 
0.2119970 
0.1904322 
0.1845470 
0.1809899 
0.1950698 
0.2023425 
0.2058950 
0.2087987 
0.2139219 
0.2292021 
0.2314576 
0.2178322 
0.2006772 
0.1801906 
0.1731256 
0.1701631 
0.1707855 
0.1845275 
0.1960626 
0.2031617 
0.2096844 
0.2111596 
0.1992817 
0.1813984 
0.1587487 
0.1601012 
0.1598507 
0.1635906 
0.1647006 
0.1616504 
0.1689832 
0.1960820 
0.2176562 
0.2227212 
0.2121690 
0.1971272 
0.1930211 
0.1846345 
0.1736472 
0.1656867 
0.1558908 
0.1629922 
0.1777353 
0.1962695 
0.2004461 
0.1958130 
0.1788418 
0.1891174 
0.1969834 
0.1959482 
0.1849898 
0.1788836 
0.1860651 
0.2077712 
0.2123351 
0.2123309 
0.1959174 
0.1961446 
0.2017996 
0.1909807 
0.1801280 
0.1705609 
0.1709489 
0.1844174 
0.2023559 
0.2007906 
0.1926771 
0.1815406 
0.1903492 
0.1923082 
0.1889275 
0.1760200 
0.1704154 
0.1793624 
0.1822984 
0.1845851 
0.1588586 
0.1608908 
0.1809792 
0.2006121 
0.2009755 
0.1807866 
0.1746461 
0.1704214 
0.1796385 
0.1803673 
0.1669851 
0.1533492 
0.1578378 
0.1735459 
0.1767704 
0.1790580 
0.1777229 
0.1956509 
0.2022519 
0.2110239 
0.1935932 
0.1741300 
0.1740357 
0.1715261 
0.1753824 
0.1643731 
0.1576453 
0.1649808 
0.1804532 
0.1878979 
0.1791016 
0.1696026 
0.1742621 
0.1709573 
0.1666634 
0.1610071 
0.1560361 
0.1484500 
0.1329234 
0.1228964 
0.1199770 
0.1286816 
0.1466385 
0.1611675 
0.1756550 
0.1765081 
0.1689780 
0.1595871 
0.1487174 
0.1430858 
0.1465891 
0.1616949 
0.1710905 
0.1781421 
0.1671970 
0.1602694 
0.1594637 
0.1630482 
0.1572736 
0.1604272 
0.1627135 
0.1590713 
0.1620018 
0.1453385 
0.1299627 
0.1234300 
0.1223903 
0.1287673 
0.1517295 
0.1621047 
0.1588018 
0.1583677 
0.1591730 
0.1549275 
0.1493113 
0.1351978 
0.1210102 
0.1254914 
0.1415414 
0.1413091 
0.1342091 
0.1323793 
0.1359379 
0.1274769 
0.1374057 
0.1383208 
0.1247225 
0.1323746 
0.1383527 
0.1345297 
0.1353250 
0.1421582 
0.1504104 
0.1476716 
0.1420201 
0.1381546 
0.1284991 
0.1284931 
0.1388964 
0.1323669 
0.1283748 
0.1264140 
0.1317088 
0.1239718 
0.1243726 
0.1386735 
0.1463147 
0.1451052 
0.1483917 
0.1552817 
0.1602139 
0.1512976 
0.1568103 
0.1588313 
0.1568258 
0.1552870 
0.1515651 
0.1524025 
0.1458982 
0.1505615 
0.1575173 
0.1472549 
0.1451537 
0.1303217 
0.1192048 
0.1199304 
0.1262927 
0.1239003 
0.1091419 
0.0987854 
0.0999603 
0.1273818 
0.1419688 
0.1496596 
0.1634318 
0.1577117 
0.1413732 
0.1330083 
0.1287522 
0.1152838 
0.1185228 
0.1232797 
0.1208093 
0.1261161 
0.1189959 
0.1190385 
0.1232674 
0.1308004 
0.1298988 
0.1295390 
0.1096551 
0.0906374 
0.0957329 
0.1216136 
0.1362033 
0.1327050 
0.1213829 
0.1038569 
0.0941738 
0.0864694 
0.0866129 
0.0848269 
0.0856869 
0.0990739 
0.1147033 
0.1235970 
0.1314996 
0.1283388 
0.1266751 
0.1201895 
0.1245825 
0.1319231 
0.1245344 
0.1129077 
0.1101713 
0.1228951 
0.1339702 
0.1452584 
0.1465502 
0.1443924 
0.1359457 
0.1290283 
0.1313055 
0.1280255 
0.1292565 
0.1253470 
0.1297046 
0.1349527 
0.1295259 
0.1229000 
0.1254053 
0.1189130 
0.1093561 
0.1026188 
0.1103930 
0.1285520 
0.1284743 
0.1290499 
0.1251122 
0.1203366 
0.1247750 
0.1263760 
0.1276232 
0.1264628 
0.1286850 
0.1423330 
0.1561655 
0.1581695 
0.1355974 
0.1300386 
0.1203526 
0.1185957 
0.1177542 
0.1194598 
0.1263092 
0.1309844 
0.1304958 
0.1363964 
0.1448155 
0.1463519 
0.1375358 
0.1292086 
0.1276480 
0.1241558 
0.1198150 
0.1264564 
0.1352110 
0.1440640 
0.1376968 
0.1343690 
0.1276169 
0.1194097 
0.1244091 
0.1355928 
0.1336033 
0.1382639 
0.1407266 
0.1414996 
0.1409647 
0.1378356 
0.1355240 
0.1275676 
0.1208713 
0.1177534 
0.1229283 
0.1216927 
0.1301849 
0.1436113 
0.1336955 
0.1298370 
0.1341761 
0.1314996 
0.1235199 
0.1344090 
0.1361985 
0.1299377 
0.1197314 
0.1280793 
0.1318971 
0.1264772 
0.1270319 
0.1296224 
0.1226527 
0.1224579 
0.1382836 
0.1480712 
0.1447941 
0.1512245 
0.1403451 
0.1225174 
0.1063001 
0.1134903 
0.1132448 
0.1283932 
0.1424729 
0.1367342 
0.1364470 
0.1318206 
0.1373461 
0.1331697 
0.1358283 
0.1501894 
0.1423279 
0.1331501 
0.1286804 
0.1199623 
0.1131381 
0.1124035 
0.1140448 
0.1125968 
0.1240520 
0.1311722 
0.1323806 
0.1421907 
0.1394629 
0.1282529 
0.1213691 
0.1174379 
0.1285681 
0.1275051 
0.1359582 
0.1363266 
0.1225061 
0.1242564 
0.1298054 
0.1421690 
0.1471159 
0.1475206 
0.1394719 
0.1320106 
0.1269532 
0.1215777 
0.1233773 
0.1208830 
0.1274157 
0.1257617 
0.1298988 
0.1322418 
0.1331588 
0.1275767 
0.1159417 
0.0995768 
0.0873199 
0.0828469 
0.0916861 
0.1046250 
0.1277248 
0.1450112 
0.1518809 
0.1537486 
0.1553107 
0.1618145 
0.1603870 
0.1563287 
0.1593632 
0.1585438 
0.1447802 
0.1262823 
0.1199673 
0.1166072 
0.1102302 
0.1053447 
0.1017307 
0.1124647 
0.1134914 
0.1143400 
0.1124121 
0.1142384 
0.1203234 
0.1244180 
0.1236095 
0.1288512 
0.1228327 
0.1226460 
0.1271012 
0.1285999 
0.1344246 
0.1321246 
0.1316855 
0.1344993 
0.1432521 
0.1393785 
0.1321944 
0.1332773 
0.1378330 
0.1446626 
0.1324303 
0.1228321 
0.1295687 
0.1423257 
0.1430871 
0.1523360 
0.1591074 
0.1642797 
0.1595810 
0.1473733 
0.1326704 
0.1293025 
0.1260748 
0.1262086 
0.1284290 
0.1474457 
0.1726180 
0.1801445 
0.1665924 
0.1521092 
0.1454792 
0.1434337 
0.1392765 
0.1401975 
0.1406463 
0.1341765 
0.1317155 
0.1254204 
0.1302272 
0.1384960 
0.1462121 
0.1408327 
0.1204578 
0.1136463 
0.1142769 
0.1285146 
0.1291629 
0.1223757 
0.1156601 
0.1170594 
0.1181908 
0.1183787 
0.1171608 
0.1203682 
0.1209459 
0.1180918 
0.1195686 
0.1202401 
0.1183962 
0.1337554 
0.1229121 
0.1087960 
0.1040029 
0.1091911 
0.1256645 
0.1398593 
0.1349495 
0.1167992 
0.1185035 
0.1280825 
0.1412577 
0.1501063 
0.1440279 
0.1378858 
0.1514105 
0.1591193 
0.1572033 
0.1649108 
0.1626206 
0.1343930 
0.1147390 
0.1070833 
0.1265729 
0.1522673 
0.1682997 
0.1669829 
0.1410460 
0.1213115 
0.1215512 
0.1386477 
0.1572884 
0.1484220 
0.1247539 
0.1020072 
0.1001597 
0.1270170 
0.1482094 
0.1462742 
0.1247206 
0.1052006 
0.0926081 
0.0989959 
0.1123720 
0.1254934 
0.1164931 
0.0960833 
0.0969134 
0.1015054 
0.1122636 
0.1316070 
0.1350019 
0.1144649 
0.1061586 
0.1137468 
0.1258452 
0.1442803 
0.1509524 
0.1317556 
0.1017502 
0.0957221 
0.1032521 
0.1257823 
0.1497876 
0.1535735 
0.1274033 
0.0997244 
0.0954561 
0.1131147 
0.1420893 
0.1610017 
0.1487832 
0.1180936 
0.1008947 
0.1044519 
0.1238624 
0.1581434 
0.1821639 
0.1654991 
0.1320852 
0.1179824 
0.1142190 
0.1258180 
0.1474593 
0.1509756 
0.1311199 
0.1182915 
0.1249485 
0.1275191 
0.1511757 
0.1712934 
0.1613885 
0.1399763 
0.1187342 
0.1176472 
0.1180464 
0.1401997 
0.1478789 
0.1240320 
0.1092671 
0.1049109 
0.1181923 
0.1427538 
0.1648010 
0.1637058 
0.1551525 
0.1415169 
0.1284975 
0.1265160 
0.1426763 
0.1360568 
0.1335436 
0.1257436 
0.1183570 
0.1072575 
0.1130359 
0.1334660 
0.1464082 
0.1462842 
0.1400460 
0.1127545 
0.1047966 
0.1075852 
0.1236538 
0.1424707 
0.1412135 
0.1233319 
0.1063976 
0.0996123 
0.1024423 
0.1234151 
0.1451645 
0.1361095 
0.1246911 
0.1055871 
0.0925061 
0.0972299 
0.1200838 
0.1368155 
0.1470847 
0.1462533 
0.1330348 
0.1101612 
0.1032580 
0.0973362 
0.1094855 
0.1262970 
0.1390465 
0.1268195 
0.1135922 
0.0924307 
0.0914726 
0.0967214 
0.1096441 
0.1141058 
0.1115444 
0.1058030 
0.0936980 
0.0918950 
0.0878441 
0.1027311 
0.1214782 
0.1226701 
0.1083191 
0.1053482 
0.1015627 
0.1064173 
0.1073274 
0.1232247 
0.1262010 
0.1116105 
0.1038503 
0.0917294 
0.0972368 
0.1030759 
0.1225980 
0.1293556 
0.1229776 
0.1111711 
0.1017806 
0.0985474 
0.0935384 
0.1046175 
0.1227827 
0.1380859 
0.1390468 
0.1324180 
0.1230083 
0.1043871 
0.0997250 
0.1072600 
0.1196760 
0.1250016 
0.1210655 
0.1159572 
0.1152709 
0.1110466 
0.1055704 
0.1032893 
0.1099449 
0.1205236 
0.1334930 
0.1383152 
0.1237347 
0.1112797 
0.1044431 
0.1021002 
0.1116511 
0.1211182 
0.1233162 
0.1324259 
0.1287779 
0.1078628 
0.0944759 
0.0819023 
0.0836534 
0.0920363 
0.0896877 
0.1006787 
0.1029530 
0.1044932 
0.1034090 
0.0971297 
0.0921803 
0.0968950 
0.0981213 
0.1107170 
0.1223445 
0.1281828 
0.1269413 
0.1126728 
0.1003213 
0.0915142 
0.0857176 
0.0954007 
0.0957151 
0.0913778 
0.0915900 
0.0885282 
0.0919771 
0.0906149 
0.0868818 
0.0880714 
0.0932261 
0.1005143 
0.1030267 
0.1003451 
0.0986120 
0.0998799 
0.1025240 
0.1012753 
0.1011538 
0.0980311 
0.0967724 
0.0977295 
0.0917533 
0.0987175 
0.0996337 
0.0946978 
0.0919165 
0.0909242 
0.0909192 
0.1048338 
0.1109222 
0.1134915 
0.1107136 
0.1070963 
0.1011238 
0.0878178 
0.0835627 
0.0829960 
0.0824009 
0.0886129 
0.0913635 
0.0968197 
0.1031553 
0.0982579 
0.0980393 
0.0872689 
0.0822845 
0.0903118 
0.0968793 
0.0973189 
0.0898902 
0.0910042 
0.0899194 
0.0850896 
0.0842920 
0.0811037 
0.0803918 
0.0853787 
0.0913226 
0.0886409 
0.0848225 
0.0786059 
0.0693085 
0.0754756 
0.0921651 
0.1027292 
0.1110778 
0.1034411 
0.0932208 
0.0866184 
0.0818067 
0.0790710 
0.0831510 
0.0901235 
0.0901418 
0.0851448 
0.0896941 
0.0924529 
0.0851439 
0.0770555 
0.0739611 
0.0733914 
0.0719196 
0.0771067 
0.0790177 
0.0891849 
0.0859537 
0.0911000 
0.0823322 
0.0872990 
0.0880335 
0.0936595 
0.1000918 
0.1074587 
0.1018013 
0.0928778 
0.0820014 
0.0811513 
0.0910553 
0.0899774 
0.0656207 
0.0718910 
0.0783267 
0.0900500 
0.0961382 
0.0943927 
0.0928949 
0.0931622 
0.0959211 
0.0910589 
0.0934076 
0.0934024 
0.0874583 
0.0807078 
0.0720926 
0.0694478 
0.0651589 
0.0653750 
0.0730509 
0.0777051 
0.0835302 
0.0923851 
0.1093143 
0.1095736 
0.1020589 
0.0995942 
0.0995327 
0.1059795 
0.0993072 
0.0872127 
0.0881609 
0.0905462 
0.0874956 
0.0863791 
0.0802157 
0.0734088 
0.0713723 
0.0671126 
0.0656342 
0.0783935 
0.0810448 
0.0840010 
0.0866068 
0.0866724 
0.0907731 
0.0858240 
0.0789608 
0.0729365 
0.0751951 
0.0762455 
0.0879789 
0.0868241 
0.0700985 
0.0705157 
0.0719503 
0.0779092 
0.0818305 
0.0826084 
0.0858567 
0.0800003 
0.0879478 
0.0897445 
0.0839162 
0.0794897 
0.0810850 
0.0832160 
0.0884532 
0.0959131 
0.0950145 
0.0984864 
0.0929621 
0.0935391 
0.0877104 
0.0801475 
0.0716448 
0.0776975 
0.0802318 
0.0820923 
0.0732650 
0.0771097 
0.0836718 
0.0740237 
0.0673692 
0.0610464 
0.0624462 
0.0616358 
0.0615199 
0.0656917 
0.0718054 
0.0751381 
0.0872477 
0.0916671 
0.0958090 
0.0953130 
0.0969789 
0.0893794 
0.0855974 
0.0830797 
0.0779470 
0.0760629 
0.0710450 
0.0709753 
0.0770552 
0.0717233 
0.0683151 
0.0693318 
0.0728849 
0.0724722 
0.0684869 
0.0712691 
0.0687837 
0.0659120 
0.0544046 
0.0495780 
0.0481142 
0.0480695 
0.0535833 
0.0573290 
0.0665461 
0.0724447 
0.0756090 
0.0671767 
0.0749718 
0.0795291 
0.0822809 
0.0772661 
0.0722431 
0.0761249 
0.0760411 
0.0732972 
0.0747455 
0.0694872 
0.0665013 
0.0709840 
0.0776732 
0.0758926 
0.0652609 
0.0488774 
0.0446698 
0.0474865 
0.0449627 
0.0403304 
0.0338641 
0.0223809 
0.0220046 
0.0258695 
0.0360130 
0.0467812 
0.0546693 
0.0628307 
0.0628908 
0.0580370 
0.0546482 
0.0419457 
0.0361594 
0.0308548 
0.0349485 
0.0455711 
0.0553338 
0.0467389 
0.0324388 
0.0339928 
0.0448391 
0.0523635 
0.0651874 
0.0667569 
0.0512317 
0.0369318 
0.0311331 
0.0253801 
0.0215361 
0.0269898 
0.0362161 
0.0314002 
0.0216553 
0.0044040 
0.0053412 
0.0233869 
0.0352237 
0.0481278 
0.0592818 
0.0590467 
0.0455008 
0.0330562 
0.0312361 
0.0337658 
0.0421112 
0.0424959 
0.0415021 
0.0305537 
0.0224942 
0.0287974 
0.0312786 
0.0434843 
0.0564853 
0.0662996 
0.0714008 
0.0690706 
0.0514636 
0.0360216 
0.0315672 
0.0339048 
0.0407144 
0.0424503 
0.0498166 
0.0540657 
0.0600746 
0.0549552 
0.0473535 
0.0488351 
0.0542830 
0.0683655 
0.0670353 
0.0664013 
0.0614760 
0.0536971 
0.0553919 
0.0596271 
0.0723853 
0.0815951 
0.0808704 
0.0860303 
0.0897101 
0.0730443 
0.0658469 
0.0670177 
0.0653549 
0.0591061 
0.0583821 
0.0592147 
0.0594334 
0.0503311 
0.0438736 
0.0448138 
0.0508408 
0.0642574 
0.0665202 
0.0643444 
0.0619059 
0.0542916 
0.0405648 
0.0332531 
0.0320729 
0.0428357 
0.0506654 
0.0555874 
0.0562885 
0.0501392 
0.0467944 
0.0374468 
0.0409142 
0.0512703 
0.0559743 
0.0614068 
0.0670678 
0.0570461 
0.0565079 
0.0427376 
0.0252050 
0.0263666 
0.0372117 
0.0559375 
0.0584315 
0.0547255 
0.0474267 
0.0337648 
0.0215638 
0.0181969 
0.0316071 
0.0566373 
0.0711047 
0.0790130 
0.0719447 
0.0592314 
0.0383629 
0.0211619 
0.0106698 
0.0174346 
0.0386785 
0.0561082 
0.0645452 
0.0474482 
0.0516117 
0.0464435 
0.0386346 
0.0392708 
0.0533040 
0.0631768 
0.0655949 
0.0597638 
0.0525470 
0.0537213 
0.0490305 
0.0386437 
0.0242178 
0.0385135 
0.0596744 
0.0817626 
0.0828512 
0.0719602 
0.0641624 
0.0509729 
0.0404264 
0.0271825 
0.0316246 
0.0421576 
0.0647456 
0.0682982 
0.0693853 
0.0616057 
0.0556875 
0.0555800 
0.0500551 
0.0364062 
0.0330770 
0.0437421 
0.0513413 
0.0594402 
0.0535591 
0.0458485 
0.0422934 
0.0293396 
0.0152728 
0.0104853 
0.0180420 
0.0277975 
0.0507071 
0.0662535 
0.0694824 
0.0580449 
0.0576851 
0.0483866 
0.0351509 
0.0289830 
0.0309660 
0.0459832 
0.0564285 
0.0613633 
0.0647533 
0.0622635 
0.0485523 
0.0407784 
0.0342174 
0.0236893 
0.0167647 
0.0272638 
0.0415933 
0.0449429 
0.0403175 
0.0331818 
0.0286449 
0.0248016 
0.0086433 
0.0000000 
0.0039919 
0.0068465 
