-0.0001109 
-0.0001785 
0.0000055 
-0.0845157 
0.2430311 
0.3215669 
0.0078081 
0.0062453 
0.0027073 
0.0044941 
0.0032292 
0.0046743 
0.0019714 
0.0031490 
0.0004466 
0.0000000 
0.0030629 
0.0019627 
0.0031443 
0.0050495 
0.0096885 
0.0101538 
0.0110552 
0.0122054 
0.0123422 
0.0122925 
0.0134462 
0.0150813 
0.0117240 
0.0100387 
0.0097562 
0.0112431 
0.0117910 
0.0117388 
0.0094111 
0.0088920 
0.0086588 
0.0096011 
0.0091365 
0.0096384 
0.0109117 
0.0091082 
0.0123620 
0.0126510 
0.0109330 
0.0113630 
0.0133972 
0.0137642 
0.0128335 
0.0138743 
0.0127345 
0.0114501 
0.0112350 
0.0107179 
0.0088661 
0.0075947 
0.0067736 
0.0043601 
0.0050735 
0.0057690 
0.0067556 
0.0066636 
0.0071274 
0.0089000 
0.0107672 
0.0121346 
0.0124758 
0.0133969 
0.0152653 
0.0146563 
0.0152529 
0.0168625 
0.0177165 
0.0193187 
0.0212189 
0.0221800 
0.0233885 
0.0257970 
0.0250226 
0.0232058 
0.0241991 
0.0238409 
0.0265898 
0.0247093 
0.0222022 
0.0204331 
0.0204369 
0.0177474 
0.0155462 
0.0106453 
0.0099963 
0.0075082 
0.0056408 
0.0051655 
0.0069116 
0.0088566 
0.0086886 
0.0123789 
0.0123556 
0.0141282 
0.0132891 
0.0120013 
0.0117678 
0.0130867 
0.0124360 
0.0124274 
0.0123625 
0.0103756 
0.0096313 
0.0101277 
0.0098155 
0.0090611 
0.0076630 
0.0072653 
0.0049539 
0.0086161 
0.0071061 
0.0081095 
0.0095463 
0.0136859 
0.0149433 
0.0154078 
0.0165697 
0.0188562 
0.0230205 
0.0247062 
0.0247042 
0.0270090 
0.0309312 
0.0307562 
0.0293689 
0.0329956 
0.0298709 
0.0313402 
0.0272438 
0.0259207 
0.0280043 
0.0261907 
0.0250267 
0.0247146 
0.0265699 
0.0284597 
0.0281942 
0.0305037 
0.0318882 
0.0323145 
0.0340312 
0.0324304 
0.0300527 
0.0312585 
0.0293462 
0.0316285 
0.0291133 
0.0275056 
0.0253880 
0.0265519 
0.0269808 
0.0281299 
0.0294532 
0.0305913 
0.0324988 
0.0335836 
0.0332751 
0.0326360 
0.0343744 
0.0344449 
0.0345035 
0.0358174 
0.0341647 
0.0371127 
0.0356113 
0.0342803 
0.0315623 
0.0298664 
0.0294882 
0.0265410 
0.0224538 
0.0201258 
0.0204492 
0.0193115 
0.0169741 
0.0175994 
0.0169029 
0.0179505 
0.0202300 
0.0196567 
0.0191221 
0.0201929 
0.0195984 
0.0199312 
0.0204472 
0.0218623 
0.0232747 
0.0274502 
0.0300730 
0.0289995 
0.0323262 
0.0347328 
0.0366762 
0.0371190 
0.0431290 
0.0458784 
0.0466066 
0.0463848 
0.0527392 
0.0520025 
0.0499185 
0.0469941 
0.0451442 
0.0421589 
0.0388912 
0.0331966 
0.0319930 
0.0266951 
0.0246306 
0.0200076 
0.0200567 
0.0178223 
0.0163989 
0.0171921 
0.0183945 
0.0185638 
0.0205495 
0.0224053 
0.0249206 
0.0293498 
0.0314215 
0.0346073 
0.0349383 
0.0362704 
0.0354099 
0.0391469 
0.0386201 
0.0402776 
0.0411020 
0.0390604 
0.0386409 
0.0372766 
0.0383454 
0.0374912 
0.0374005 
0.0350227 
0.0316594 
0.0313519 
0.0293319 
0.0272022 
0.0239523 
0.0221220 
0.0212310 
0.0227675 
0.0218943 
0.0232720 
0.0246979 
0.0239825 
0.0267188 
0.0251275 
0.0257155 
0.0326779 
0.0332587 
0.0352554 
0.0341769 
0.0359449 
0.0368911 
0.0404601 
0.0394853 
0.0420356 
0.0441597 
0.0455388 
0.0469678 
0.0478412 
0.0485859 
0.0481864 
0.0465242 
0.0442139 
0.0420279 
0.0390090 
0.0370757 
0.0355992 
0.0325823 
0.0309225 
0.0297604 
0.0302402 
0.0314639 
0.0290418 
0.0300696 
0.0296719 
0.0317989 
0.0329024 
0.0349926 
0.0374622 
0.0375491 
0.0364574 
0.0382029 
0.0386775 
0.0447493 
0.0493778 
0.0509229 
0.0501509 
0.0467355 
0.0451523 
0.0423917 
0.0433912 
0.0435239 
0.0450605 
0.0456470 
0.0428529 
0.0420655 
0.0413756 
0.0387776 
0.0403318 
0.0407339 
0.0367702 
0.0339258 
0.0330053 
0.0329160 
0.0323791 
0.0351966 
0.0352656 
0.0353831 
0.0365020 
0.0394087 
0.0405356 
0.0434417 
0.0450441 
0.0463720 
0.0505770 
0.0527112 
0.0554653 
0.0560287 
0.0600202 
0.0606258 
0.0636322 
0.0619943 
0.0619447 
0.0608255 
0.0589566 
0.0590662 
0.0561684 
0.0535986 
0.0517937 
0.0510143 
0.0506244 
0.0488966 
0.0498162 
0.0454256 
0.0451312 
0.0418476 
0.0412521 
0.0429523 
0.0432031 
0.0461600 
0.0465748 
0.0477119 
0.0487962 
0.0523430 
0.0539222 
0.0569062 
0.0578610 
0.0565592 
0.0564113 
0.0556791 
0.0599639 
0.0626890 
0.0631364 
0.0628033 
0.0620977 
0.0606659 
0.0594398 
0.0580793 
0.0561828 
0.0538316 
0.0490675 
0.0483587 
0.0462750 
0.0494414 
0.0496426 
0.0492934 
0.0475924 
0.0494827 
0.0472642 
0.0472450 
0.0503555 
0.0516986 
0.0525818 
0.0507274 
0.0477190 
0.0471098 
0.0474959 
0.0467125 
0.0473358 
0.0481532 
0.0474682 
0.0464668 
0.0438392 
0.0430013 
0.0465112 
0.0477266 
0.0469856 
0.0461548 
0.0447554 
0.0440028 
0.0448608 
0.0451152 
0.0474135 
0.0496626 
0.0524193 
0.0522345 
0.0533184 
0.0559562 
0.0596572 
0.0615180 
0.0610683 
0.0622375 
0.0617021 
0.0591458 
0.0545407 
0.0537344 
0.0545955 
0.0546059 
0.0521984 
0.0505606 
0.0518543 
0.0520508 
0.0498514 
0.0471013 
0.0487530 
0.0503554 
0.0493735 
0.0502024 
0.0497483 
0.0502125 
0.0528072 
0.0534990 
0.0550442 
0.0588931 
0.0605171 
0.0624074 
0.0599718 
0.0631471 
0.0640590 
0.0648692 
0.0664362 
0.0639567 
0.0626144 
0.0640626 
0.0609667 
0.0568325 
0.0572555 
0.0578144 
0.0563578 
0.0526810 
0.0526288 
0.0531453 
0.0528692 
0.0524184 
0.0543132 
0.0581116 
0.0610952 
0.0615309 
0.0640382 
0.0672941 
0.0668838 
0.0666052 
0.0698337 
0.0711737 
0.0728240 
0.0717480 
0.0725265 
0.0728630 
0.0757396 
0.0760325 
0.0759333 
0.0768228 
0.0741087 
0.0721145 
0.0693383 
0.0696045 
0.0677233 
0.0657311 
0.0650964 
0.0638693 
0.0627491 
0.0639544 
0.0629581 
0.0629684 
0.0612441 
0.0627003 
0.0698607 
0.0706516 
0.0724308 
0.0720468 
0.0734878 
0.0725520 
0.0741461 
0.0752752 
0.0747218 
0.0756455 
0.0760913 
0.0761036 
0.0787376 
0.0784799 
0.0805128 
0.0825036 
0.0800671 
0.0837383 
0.0821330 
0.0819993 
0.0810179 
0.0797092 
0.0765366 
0.0750304 
0.0741836 
0.0714265 
0.0689186 
0.0685629 
0.0695531 
0.0709352 
0.0712226 
0.0705250 
0.0700723 
0.0719479 
0.0737088 
0.0718670 
0.0693461 
0.0669692 
0.0660916 
0.0667139 
0.0684615 
0.0697375 
0.0762499 
0.0774185 
0.0802739 
0.0839571 
0.0847339 
0.0858642 
0.0854540 
0.0862928 
0.0882302 
0.0907363 
0.0923384 
0.0932354 
0.0929397 
0.0915968 
0.0916403 
0.0884154 
0.0881716 
0.0877669 
0.0877184 
0.0833318 
0.0821725 
0.0770235 
0.0725257 
0.0728435 
0.0724451 
0.0761108 
0.0789805 
0.0824067 
0.0880707 
0.0895325 
0.0902959 
0.0897621 
0.0913814 
0.0891439 
0.0880753 
0.0879750 
0.0895522 
0.0892125 
0.0891238 
0.0883198 
0.0870788 
0.0844502 
0.0790103 
0.0738741 
0.0681619 
0.0656212 
0.0664212 
0.0643549 
0.0673246 
0.0703573 
0.0716718 
0.0744763 
0.0744484 
0.0787565 
0.0840592 
0.0883342 
0.0928180 
0.0991286 
0.1009376 
0.1026903 
0.1051928 
0.1011546 
0.0995496 
0.0986658 
0.1029435 
0.1022338 
0.0991520 
0.0966472 
0.0943564 
0.0953257 
0.0885127 
0.0850088 
0.0816228 
0.0812239 
0.0791543 
0.0811512 
0.0826903 
0.0848309 
0.0856384 
0.0867521 
0.0899839 
0.0876210 
0.0920940 
0.0926121 
0.0956463 
0.0975229 
0.0971964 
0.0979106 
0.0991325 
0.0977343 
0.0991509 
0.0989593 
0.1003782 
0.0972877 
0.0977583 
0.0943123 
0.0954416 
0.0957521 
0.0950539 
0.0962066 
0.0959145 
0.0997324 
0.1001636 
0.1035090 
0.1050993 
0.1068086 
0.1109864 
0.1174662 
0.1162661 
0.1157559 
0.1172357 
0.1180699 
0.1194935 
0.1205237 
0.1209211 
0.1194006 
0.1160270 
0.1100993 
0.1041238 
0.0978689 
0.0945932 
0.0897360 
0.0870606 
0.0867653 
0.0847421 
0.0866052 
0.0879013 
0.0900990 
0.0931287 
0.0967972 
0.0984578 
0.0994535 
0.1019404 
0.1044171 
0.1094735 
0.1093717 
0.1078554 
0.1148518 
0.1202735 
0.1261809 
0.1271223 
0.1268552 
0.1235705 
0.1219747 
0.1160681 
0.1096090 
0.1072281 
0.1086341 
0.1084877 
0.1084789 
0.1094287 
0.1102062 
0.1132198 
0.1148621 
0.1168127 
0.1146932 
0.1180854 
0.1193699 
0.1218322 
0.1236133 
0.1267296 
0.1290428 
0.1324813 
0.1300079 
0.1284535 
0.1236516 
0.1223087 
0.1214889 
0.1168762 
0.1164407 
0.1113575 
0.1111144 
0.1089214 
0.1069910 
0.1061925 
0.1067595 
0.1063821 
0.1095526 
0.1169680 
0.1206325 
0.1251818 
0.1286881 
0.1284028 
0.1291562 
0.1268017 
0.1289825 
0.1307703 
0.1340757 
0.1403285 
0.1431665 
0.1439840 
0.1384836 
0.1381781 
0.1323956 
0.1266837 
0.1181613 
0.1132665 
0.1167270 
0.1176142 
0.1183427 
0.1205666 
0.1247404 
0.1283103 
0.1269105 
0.1259160 
0.1239038 
0.1257688 
0.1319973 
0.1346694 
0.1372635 
0.1407609 
0.1425995 
0.1443622 
0.1433935 
0.1394207 
0.1360789 
0.1334721 
0.1331110 
0.1314084 
0.1307515 
0.1280395 
0.1301735 
0.1319719 
0.1291720 
0.1291978 
0.1282800 
0.1318818 
0.1349215 
0.1377209 
0.1385906 
0.1434771 
0.1447667 
0.1450518 
0.1456404 
0.1457083 
0.1478552 
0.1458643 
0.1455164 
0.1481592 
0.1456986 
0.1451359 
0.1444717 
0.1424683 
0.1399852 
0.1441857 
0.1473124 
0.1456028 
0.1496010 
0.1503309 
0.1521657 
0.1542898 
0.1583685 
0.1635648 
0.1681685 
0.1663411 
0.1683366 
0.1702824 
0.1711763 
0.1695335 
0.1716160 
0.1754865 
0.1740080 
0.1742020 
0.1685207 
0.1660435 
0.1594106 
0.1553815 
0.1525093 
0.1507989 
0.1465984 
0.1491220 
0.1547829 
0.1566892 
0.1608722 
0.1651198 
0.1709904 
0.1738335 
0.1805683 
0.1818327 
0.1813535 
0.1806188 
0.1820655 
0.1797097 
0.1839046 
0.1822129 
0.1819195 
0.1801034 
0.1784218 
0.1738140 
0.1692743 
0.1655576 
0.1651607 
0.1646085 
0.1686516 
0.1745149 
0.1782856 
0.1827225 
0.1894967 
0.1904182 
0.1915366 
0.1950574 
0.1934021 
0.1936825 
0.1922410 
0.1931396 
0.1923906 
0.1923751 
0.1902005 
0.1867785 
0.1806623 
0.1777770 
0.1747241 
0.1711792 
0.1688793 
0.1694563 
0.1686374 
0.1739448 
0.1796089 
0.1824031 
0.1830405 
0.1789463 
0.1809398 
0.1803385 
0.1817986 
0.1815577 
0.1804583 
0.1803360 
0.1797825 
0.1800938 
0.1841985 
0.1826394 
0.1804225 
0.1761576 
0.1679429 
0.1646141 
0.1654208 
0.1679049 
0.1692256 
0.1703368 
0.1745305 
0.1806909 
0.1880650 
0.1921414 
0.1934479 
0.1952029 
0.1970211 
0.1955449 
0.1973265 
0.1975890 
0.1980592 
0.1999207 
0.1982877 
0.1984786 
0.1966665 
0.1933482 
0.1927989 
0.2536211 
0.2600465 
0.2604948 
0.2662696 
0.2713728 
0.2778365 
0.2829112 
0.2876103 
0.2912153 
0.2922831 
0.2930422 
0.2928135 
0.2945675 
0.2972146 
0.2941995 
0.2909221 
0.2910604 
0.2878604 
0.2842899 
0.2806744 
0.2759218 
0.2747902 
0.2735502 
0.2750982 
0.2736891 
0.2790455 
0.2813150 
0.2860722 
0.2901831 
0.2942547 
0.2968246 
0.2981992 
0.2978845 
0.2963967 
0.2984736 
0.2969640 
0.2935785 
0.2920598 
0.2921760 
0.2921196 
0.2927553 
0.2877749 
0.2876150 
0.2922701 
0.2940085 
0.2956989 
0.2980751 
0.3033660 
0.3073157 
0.3104151 
0.3075870 
0.3102183 
0.3082957 
0.3077852 
0.3107440 
0.3132886 
0.3134898 
0.3147082 
0.3186263 
0.3211454 
0.3209612 
0.3193801 
0.3197834 
0.3157824 
0.3126840 
0.3114415 
0.3124835 
0.3124727 
0.3146777 
0.3200607 
0.3237140 
0.3287400 
0.3328915 
0.3335142 
0.3357187 
0.3371732 
0.3559916 
0.3541337 
0.3849665 
0.4074587 
0.4088231 
0.4306059 
0.4261119 
0.4413886 
0.4345429 
0.4414508 
0.4513623 
0.4514303 
0.4594408 
0.4638373 
0.4714674 
0.4737816 
0.4819193 
0.4855649 
0.4884203 
0.4880779 
0.4883254 
0.4888625 
0.4913767 
0.4927336 
0.4929407 
0.4943634 
0.4948209 
0.4945727 
0.4960754 
0.4958005 
0.4959238 
0.4971295 
0.4899136 
0.4914175 
0.4912702 
0.4973692 
0.5040702 
0.5054967 
0.5074388 
0.5115534 
0.5082300 
0.5096191 
0.5129557 
0.5140999 
0.5129485 
0.5118109 
0.5121880 
0.5131445 
0.5113628 
0.5087208 
0.5066465 
0.5047854 
0.5007275 
0.5037302 
0.5037787 
0.5089432 
0.5079637 
0.5085828 
0.5121280 
0.5122095 
0.5157369 
0.5139406 
0.5160540 
0.5173399 
0.5202428 
0.5205679 
0.5225140 
0.5221071 
0.5197112 
0.5192905 
0.5187846 
0.5152155 
0.5168539 
0.5132647 
0.5125631 
0.5127292 
0.5109190 
0.5076704 
0.5073466 
0.5074472 
0.5091114 
0.5109522 
0.5131707 
0.5138791 
0.5171236 
0.5190900 
0.5185052 
0.5241111 
0.5248488 
0.5276151 
0.5276499 
0.5255961 
0.5251851 
0.5292825 
0.5316304 
0.5346229 
0.5389144 
0.5421915 
0.5407432 
0.5416240 
0.5421383 
0.5447438 
0.5460905 
0.5504636 
0.5514882 
0.5544504 
0.5570833 
0.5554555 
0.5549771 
0.5562729 
0.5582347 
0.5615323 
0.5620232 
0.5624037 
0.5613053 
0.5590576 
0.5555860 
0.5547619 
0.5526212 
0.5551802 
0.5564671 
0.5542527 
0.5550649 
0.5560045 
0.5567368 
0.5577279 
0.5604113 
0.5576341 
0.5565500 
0.5568378 
0.5566589 
0.5550395 
0.5565199 
0.5551267 
0.5543769 
0.5550415 
0.5541996 
0.5843906 
0.5853231 
0.5883145 
0.5891729 
0.5902127 
0.5901573 
0.5913828 
0.5924817 
0.5938658 
0.5935510 
0.5944361 
0.5953487 
0.5930461 
0.5905515 
0.5915494 
0.5917117 
0.5908212 
0.5911179 
0.5892676 
0.5908743 
0.5899283 
0.5906123 
0.5910664 
0.5949730 
0.5958394 
0.5942328 
0.5966412 
0.5979211 
0.5970991 
0.6146196 
0.6557395 
0.7105688 
0.8023363 
0.8321958 
0.8594063 
0.8631429 
0.8759362 
0.8806528 
0.8820179 
0.8788291 
0.8797714 
0.8829689 
0.8820174 
0.8810937 
0.8811356 
0.8838388 
0.8828040 
0.8805161 
0.8856481 
0.8884926 
0.8871278 
0.8878468 
0.8904135 
0.8869193 
0.8876049 
0.8879534 
0.8833388 
0.8830730 
0.8868067 
0.8833387 
0.8803474 
0.8802630 
0.8774451 
0.8750288 
0.8738613 
0.8715957 
0.8714378 
0.8705774 
0.8708924 
0.8721632 
0.8678439 
0.8713183 
0.8719985 
0.8722965 
0.8750084 
0.8751721 
0.8753946 
0.8771933 
0.8783931 
0.8743084 
0.8758295 
0.8749688 
0.8737834 
0.8707826 
0.8687535 
0.8666839 
0.8671450 
0.8662779 
0.8675139 
0.8698711 
0.8684972 
0.8706193 
0.8710267 
0.8708247 
0.8719770 
0.8727287 
0.8711350 
0.8701009 
0.8700964 
0.8702789 
0.8806767 
0.8819947 
0.8862166 
0.8900968 
0.8909149 
0.8908823 
0.8878782 
0.8841736 
0.8812369 
0.8823379 
0.8841698 
0.8860326 
0.8878555 
0.8902984 
0.8922773 
0.8906906 
0.8897754 
0.8894493 
0.8910143 
0.8900559 
0.8886883 
0.8875803 
0.8874000 
0.8871184 
0.8848957 
0.8855048 
0.8844608 
0.8852326 
0.8853158 
0.8880323 
0.8896877 
0.8910971 
0.8925212 
0.8938577 
0.8952951 
0.8976554 
0.9076091 
0.9023892 
0.9008444 
0.8992532 
0.8977096 
0.8968536 
0.8937290 
0.8942919 
0.8921632 
0.8933742 
0.8924841 
0.8931640 
0.8918133 
0.8896353 
0.8915679 
0.8926596 
0.8916149 
0.8901946 
0.8917389 
0.8885769 
0.8886686 
0.8882517 
0.8853805 
0.8889196 
0.8908232 
0.8902409 
0.8898812 
0.8904836 
0.8892221 
0.8858710 
0.8869852 
0.8846435 
0.8833939 
0.8846266 
0.8838323 
0.8872772 
0.8880486 
0.8867665 
0.8882804 
0.8858940 
0.9029850 
0.9032797 
0.9008341 
0.9045517 
0.9066565 
0.9069915 
0.9052087 
0.9052317 
0.9043211 
0.9053037 
0.9037254 
0.9037826 
0.9006310 
0.8980069 
0.8974499 
0.8988693 
0.8982993 
0.9029398 
0.9044930 
0.9049249 
0.9062970 
0.9064170 
0.9029193 
0.9049460 
0.9050034 
0.9079891 
0.9103694 
0.9109350 
0.9123085 
0.9156521 
0.9161720 
0.9163180 
0.9159503 
0.9137687 
0.9146692 
0.9116397 
0.9128150 
0.9137191 
0.9123377 
0.9129370 
0.9178418 
0.9166569 
0.9169388 
0.9154150 
0.9169287 
0.9174908 
0.9165582 
0.9151923 
0.9162123 
0.9183105 
0.9162843 
0.9167846 
0.9173035 
0.9190910 
0.9181831 
0.9200631 
0.9203530 
0.9215514 
0.9214024 
0.9199271 
0.9239492 
0.9224445 
0.9198919 
0.9209506 
0.9176428 
0.9178363 
0.9204256 
0.9224323 
0.9225359 
0.9234046 
0.9200150 
0.9216385 
0.9220002 
0.9224874 
0.9250009 
0.9234297 
0.9214401 
0.9235929 
0.9215005 
0.9244188 
0.9238080 
0.9247263 
0.9265415 
0.9288784 
0.9285572 
0.9262709 
0.9220031 
0.9230779 
0.9233018 
0.9231898 
0.9227234 
0.9213114 
0.9207246 
0.9217601 
0.9189075 
0.9181259 
0.9198073 
0.9219863 
0.9201003 
0.9204792 
0.9204416 
0.9209377 
0.9200276 
0.9199046 
0.9208330 
0.9179346 
0.9170185 
0.9148187 
0.9158980 
0.9158022 
0.9170120 
0.9169858 
0.9205880 
0.9241254 
0.9229753 
0.9216220 
0.9223269 
0.9221940 
0.9223965 
0.9226556 
0.9227756 
0.9213146 
0.9232277 
0.9243260 
0.9228384 
0.9236681 
0.9244451 
0.9274664 
0.9284446 
0.9325095 
0.9359616 
0.9394838 
0.9397570 
0.9403025 
0.9383847 
0.9340370 
0.9246488 
0.9206038 
0.9171292 
0.9139596 
0.9141338 
0.9145014 
0.9167656 
0.9152660 
0.9149557 
0.9133197 
0.9123147 
0.9152089 
0.9154088 
0.9165219 
0.9159854 
0.9153074 
0.9171212 
0.9146556 
0.9137952 
0.9128669 
0.9166958 
0.9197301 
0.9213579 
0.9229460 
0.9220733 
0.9233245 
0.9259158 
0.9253225 
0.9220612 
0.9215113 
0.9270772 
0.9268603 
0.9273745 
0.9245120 
0.9248531 
0.9260864 
0.9297186 
0.9344377 
0.9327237 
0.9325413 
0.9291233 
0.9266094 
0.9269321 
0.9248011 
0.9280553 
0.9269702 
0.9241947 
0.9148234 
0.9161637 
0.9117344 
0.9144545 
0.9161470 
0.9207980 
0.9230729 
0.9248618 
0.9236950 
0.9258302 
0.9274807 
0.9284015 
0.9306562 
0.9359944 
0.9386582 
0.9405072 
0.9407061 
0.9348510 
0.9310085 
0.9319735 
0.9315909 
0.9308410 
0.9311043 
0.9338191 
0.9322482 
0.9322227 
0.9339905 
0.9327866 
0.9329744 
0.9334933 
0.9338198 
0.9348381 
0.9342438 
0.9326153 
0.9313331 
0.9353284 
0.9376050 
0.9390078 
0.9427021 
0.9446607 
0.9454847 
0.9437617 
0.9412043 
0.9351014 
0.9346823 
0.9352187 
0.9373402 
0.9361999 
0.9328118 
0.9341240 
0.9308547 
0.9282979 
0.9285058 
0.9310518 
0.9334640 
0.9308272 
0.9300279 
0.9288894 
0.9275315 
0.9281717 
0.9284601 
0.9299657 
0.9296507 
0.9291772 
0.9347596 
0.9331506 
0.9343173 
0.9349189 
0.9355594 
0.9361745 
0.9401167 
0.9420810 
0.9433869 
0.9434819 
0.9422215 
0.9389419 
0.9361919 
0.9385052 
0.9361241 
0.9360872 
0.9332849 
0.9307423 
0.9272317 
0.9256871 
0.9267632 
0.9290339 
0.9325443 
0.9341963 
0.9375698 
0.9390075 
0.9409968 
0.9410192 
0.9424755 
0.9427891 
0.9327275 
0.9336456 
0.9344603 
0.9332039 
0.9298514 
0.9268718 
0.9237924 
0.9230691 
0.9280069 
0.9295187 
0.9313697 
0.9302847 
0.9269263 
0.9263638 
0.9263769 
0.9286297 
0.9330366 
0.9350483 
0.9379116 
0.9412789 
0.9399429 
0.9390604 
0.9362774 
0.9362582 
0.9371807 
0.9384618 
0.9389578 
0.9399805 
0.9401503 
0.9415406 
0.9392970 
0.9397570 
0.9323365 
0.9299875 
0.9316572 
0.9304872 
0.9274282 
0.9271900 
0.9213261 
0.9221155 
0.9214250 
0.9225036 
0.9233469 
0.9290325 
0.9274074 
0.9303707 
0.9288258 
0.9267334 
0.9246626 
0.9231015 
0.9241508 
0.9237768 
0.9257021 
0.9248882 
0.9151365 
0.9131570 
0.9125012 
0.9116234 
0.9157811 
0.9191203 
0.9217344 
0.9255139 
0.9269590 
0.9270718 
0.9260890 
0.9315455 
0.9308648 
0.9357209 
0.9323309 
0.9383488 
0.9402113 
0.9409650 
0.9421832 
0.9424928 
0.9443266 
0.9433267 
0.9488956 
0.9516415 
0.9548795 
0.9608761 
0.9605181 
0.9648129 
0.9636277 
0.9604386 
0.9557929 
0.9565007 
0.9570939 
0.9569234 
0.9570423 
0.9578280 
0.9585641 
0.9544009 
0.9493975 
0.9472123 
0.9475506 
0.9483584 
0.9466441 
0.9472816 
0.9435809 
0.9411551 
0.9416205 
0.9413144 
0.9399919 
0.9397742 
0.9406729 
0.9432306 
0.9458429 
0.9490703 
0.9469777 
0.9435808 
0.9463248 
0.9480918 
0.9525980 
0.9533651 
0.9544247 
0.9547998 
0.9540201 
0.9542595 
0.9569219 
0.9589274 
0.9594421 
0.9585584 
0.9563769 
0.9542128 
0.9524550 
0.9523704 
0.9519898 
0.9513096 
0.9485319 
0.9498098 
0.9492323 
0.9502216 
0.9465733 
0.9499455 
0.9476139 
0.9438585 
0.9433903 
0.9424028 
0.9422801 
0.9430548 
0.9449617 
0.9494834 
0.9537779 
0.9547627 
0.9539376 
0.9541498 
0.9556747 
0.9569606 
0.9570100 
0.9620484 
0.9592199 
0.9589303 
0.9563969 
0.9558520 
0.9543417 
0.9552705 
0.9558404 
0.9566153 
0.9577052 
0.9533290 
0.9544801 
0.9525401 
0.9540635 
0.9522151 
0.9539721 
0.9537570 
0.9563125 
0.9609512 
0.9614908 
0.9604986 
0.9616543 
0.9607470 
0.9617562 
0.9634840 
0.9642674 
0.9669230 
0.9654502 
0.9660247 
0.9700707 
0.9695066 
0.9721514 
0.9693400 
0.9686953 
0.9671916 
0.9583304 
0.9450837 
0.9466197 
0.9478133 
0.9516223 
0.9548678 
0.9554520 
0.9558329 
0.9561916 
0.9582132 
0.9609462 
0.9615288 
0.9595359 
0.9563463 
0.9555677 
0.9531999 
0.9540920 
0.9507912 
0.9497987 
0.9499723 
0.9518066 
0.9528713 
0.9563958 
0.9553098 
0.9550282 
0.9544260 
0.9533020 
0.9521693 
0.9536944 
0.9482759 
0.9466109 
0.9471522 
0.9478321 
0.9477643 
0.9466679 
0.9495914 
0.9508480 
0.9485859 
0.9494303 
0.9507164 
0.9515188 
0.9518060 
0.9513956 
0.9499988 
0.9515161 
0.9571366 
0.9586145 
0.9544112 
0.9571888 
0.9569064 
0.9574302 
0.9581637 
0.9593709 
0.9575457 
0.9546022 
0.9589265 
0.9615429 
0.9607390 
0.9648604 
0.9671989 
0.9662587 
0.9673855 
0.9676790 
0.9671118 
0.9655004 
0.9628526 
0.9612598 
0.9608805 
0.9635265 
0.9646682 
0.9624507 
0.9650594 
0.9634905 
0.9603425 
0.9612751 
0.9577960 
0.9587762 
0.9592999 
0.9604322 
0.9600481 
0.9618867 
0.9631720 
0.9648950 
0.9635654 
0.9630117 
0.9647387 
0.9605112 
0.9619403 
0.9617242 
0.9617974 
0.9638182 
0.9618566 
0.9618467 
0.9617481 
0.9622333 
0.9606938 
0.9620963 
0.9605156 
0.9550224 
0.9526217 
0.9552079 
0.9548281 
0.9541036 
0.9539742 
0.9522486 
0.9574864 
0.9577898 
0.9580531 
0.9578560 
0.9604440 
0.9598704 
0.9602601 
0.9613832 
0.9623514 
0.9633269 
0.9633308 
0.9625886 
0.9598853 
0.9583760 
0.9600011 
0.9646886 
0.9595587 
0.9593927 
0.9567409 
0.9552844 
0.9504175 
0.9509207 
0.9503787 
0.9468864 
0.9483617 
0.9502311 
0.9515157 
0.9519437 
0.9522569 
0.9551116 
0.9568132 
0.9598477 
0.9625902 
0.9649726 
0.9687002 
0.9707829 
0.9723905 
0.9745615 
0.9732339 
0.9718955 
0.9720401 
0.9694054 
0.9701632 
0.9713646 
0.9688580 
0.9686449 
0.9699368 
0.9691031 
0.9687453 
0.9676531 
0.9683753 
0.9699542 
0.9685658 
0.9686926 
0.9673552 
0.9653410 
0.9604645 
0.9620889 
0.9602118 
0.9609677 
0.9594021 
0.9649806 
0.9664576 
0.9669970 
0.9707144 
0.9691211 
0.9643540 
0.9654903 
0.9645536 
0.9658671 
0.9660460 
0.9701216 
0.9739803 
0.9752760 
0.9751729 
0.9707381 
0.9714125 
0.9697111 
0.9669777 
0.9654136 
0.9610354 
0.9622137 
0.9591883 
0.9577903 
0.9565207 
0.9558492 
0.9563509 
0.9576737 
0.9591404 
0.9611253 
0.9601120 
0.9616869 
0.9558436 
0.9561666 
0.9595604 
0.9574230 
0.9577812 
0.9576923 
0.9559379 
0.9541417 
0.9579406 
0.9589638 
0.9603074 
0.9596970 
0.9593076 
0.9610532 
0.9623368 
0.9636345 
0.9641710 
0.9601467 
0.9599079 
0.9583481 
0.9572723 
0.9600133 
0.9610918 
0.9597350 
0.9609152 
0.9630784 
0.9647450 
0.9665479 
0.9730096 
0.9717343 
0.9711822 
0.9727810 
0.9746659 
0.9734874 
0.9713590 
0.9714993 
0.9719917 
0.9752932 
0.9749588 
0.9752190 
0.9765936 
0.9749715 
0.9776226 
0.9803251 
0.9810904 
0.9792577 
0.9785088 
0.9786364 
0.9806150 
0.9803680 
0.9815207 
0.9807745 
0.9807950 
0.9815440 
0.9824688 
0.9827669 
0.9842997 
0.9830333 
0.9794197 
0.9759593 
0.9698311 
0.9701132 
0.9705986 
0.9680787 
0.9677468 
0.9682522 
0.9659533 
0.9673262 
0.9675854 
0.9661861 
0.9704162 
0.9690927 
0.9688010 
0.9664784 
0.9641004 
0.9584061 
0.9559701 
0.9562611 
0.9559156 
0.9555296 
0.9516871 
0.9516237 
0.9533986 
0.9538749 
0.9549319 
0.9576389 
0.9599937 
0.9607043 
0.9595423 
0.9592118 
0.9598864 
0.9592292 
0.9611393 
0.9629583 
0.9597659 
0.9637984 
0.9667576 
0.9662597 
0.9666871 
0.9665579 
0.9669536 
0.9672785 
0.9703362 
0.9682500 
0.9680427 
0.9681956 
0.9657869 
0.9658070 
0.9652234 
0.9647147 
0.9639761 
0.9597729 
0.9614068 
0.9654021 
0.9658891 
0.9671613 
0.9700767 
0.9711112 
0.9708057 
0.9691381 
0.9694357 
0.9703602 
0.9701280 
0.9679937 
0.9671562 
0.9680105 
0.9694174 
0.9698354 
0.9695993 
0.9710880 
0.9657301 
0.9655651 
0.9676353 
0.9688033 
0.9682545 
0.9654012 
0.9667082 
0.9693714 
0.9669788 
0.9696787 
0.9695659 
0.9678878 
0.9686022 
0.9684062 
0.9677768 
0.9679381 
0.9674620 
0.9665482 
0.9685475 
0.9717574 
0.9727419 
0.9724876 
0.9739024 
0.9700822 
0.9714022 
0.9728822 
0.9722942 
0.9696958 
0.9706456 
0.9694869 
0.9681583 
0.9641639 
0.9635914 
0.9664662 
0.9681450 
0.9683611 
0.9691585 
0.9677436 
0.9648504 
0.9603024 
0.9584972 
0.9583188 
0.9589860 
0.9586542 
0.9588977 
0.9614705 
0.9653071 
0.9701585 
0.9706433 
0.9702175 
0.9723269 
0.9699851 
0.9696345 
0.9704885 
0.9694203 
0.9701140 
0.9681488 
0.9688724 
0.9691948 
0.9681868 
0.9631214 
0.9615358 
0.9588499 
0.9542578 
0.9543039 
0.9537919 
0.9515359 
0.9508370 
0.9495142 
0.9506946 
0.9513708 
0.9511920 
0.9515113 
0.9525413 
0.9547543 
0.9569416 
0.9567140 
0.9558778 
0.9539968 
0.9566813 
0.9611250 
0.9627594 
0.9667463 
0.9668563 
0.9686833 
0.9680935 
0.9695302 
0.9708052 
0.9721165 
0.9711404 
0.9704551 
0.9705342 
0.9695572 
0.9732196 
0.9732034 
0.9736567 
0.9733263 
0.9773767 
0.9799507 
0.9798162 
0.9819495 
0.9816185 
0.9838580 
0.9843282 
0.9859638 
0.9870395 
0.9859855 
0.9866068 
0.9815206 
0.9807343 
0.9743594 
0.9726982 
0.9667301 
0.9688026 
0.9666697 
0.9663179 
0.9641480 
0.9639867 
0.9638599 
0.9665906 
0.9647624 
0.9644464 
0.9663554 
0.9693378 
0.9657953 
0.9660229 
0.9654617 
0.9669911 
0.9659077 
0.9681031 
0.9651410 
0.9624331 
0.9604928 
0.9604991 
0.9605469 
0.9665684 
0.9668426 
0.9679372 
0.9684715 
0.9706327 
0.9717097 
0.9734958 
0.9750362 
0.9767969 
0.9786776 
0.9813949 
0.9841740 
0.9810320 
0.9801566 
0.9832133 
0.9841639 
0.9854741 
0.9872872 
0.9860892 
0.9846488 
0.9849680 
0.9835408 
0.9817686 
0.9813839 
0.9833696 
0.9828747 
0.9760790 
0.9744043 
0.9769144 
0.9769063 
0.9785235 
0.9772398 
0.9728574 
0.9734184 
0.9716100 
0.9706411 
0.9696767 
0.9648334 
0.9686156 
0.9671126 
0.9664780 
0.9665925 
0.9638059 
0.9645742 
0.9621158 
0.9609630 
0.9629974 
0.9659634 
0.9629978 
0.9660386 
0.9688203 
0.9694672 
0.9702249 
0.9735234 
0.9709846 
0.9727376 
0.9719248 
0.9675361 
0.9675940 
0.9728096 
0.9747035 
0.9783369 
0.9762205 
0.9735221 
0.9739044 
0.9739806 
0.9741670 
0.9713846 
0.9723933 
0.9747338 
0.9758884 
0.9759850 
0.9779846 
0.9813523 
0.9850192 
0.9877316 
0.9861584 
0.9862762 
0.9870142 
0.9845019 
0.9829744 
0.9862924 
0.9848690 
0.9861017 
0.9862420 
0.9870061 
0.9856679 
0.9866743 
0.9866564 
0.9877250 
0.9859028 
0.9840421 
0.9819128 
0.9805277 
0.9793202 
0.9779845 
0.9780114 
0.9787905 
0.9799682 
0.9820482 
0.9811418 
0.9824225 
0.9820591 
0.9824424 
0.9845999 
0.9840634 
0.9842543 
0.9857097 
0.9853141 
0.9901683 
0.9869914 
0.9850398 
0.9829622 
0.9822992 
0.9847214 
0.9844800 
0.9851719 
0.9877389 
0.9872223 
0.9860503 
0.9836443 
0.9847036 
0.9860139 
0.9846899 
0.9846356 
0.9838705 
0.9800593 
0.9762874 
0.9734388 
0.9732396 
0.9706866 
0.9731772 
0.9742851 
0.9711274 
0.9718171 
0.9705177 
0.9718987 
0.9708855 
0.9739020 
0.9734497 
0.9739255 
0.9732281 
0.9697710 
0.9714710 
0.9714946 
0.9698438 
0.9716046 
0.9733900 
0.9746019 
0.9735744 
0.9748005 
0.9736424 
0.9730843 
0.9775151 
0.9790349 
0.9822883 
0.9831317 
0.9826777 
0.9827937 
0.9863545 
0.9872611 
0.9881459 
0.9839908 
0.9841253 
0.9868638 
0.9875894 
0.9930581 
0.9914448 
0.9926320 
0.9921609 
0.9928644 
0.9926645 
0.9914160 
0.9884955 
0.9887364 
0.9865247 
0.9889905 
0.9862106 
0.9829930 
0.9826302 
0.9827685 
0.9811206 
0.9772775 
0.9737908 
0.9684580 
0.9666469 
0.9645163 
0.9634968 
0.9655045 
0.9661428 
0.9685397 
0.9690925 
0.9698083 
0.9666605 
0.9669458 
0.9674701 
0.9672425 
0.9694548 
0.9694662 
0.9709116 
0.9694179 
0.9704181 
0.9701722 
0.9697111 
0.9718781 
0.9708586 
0.9714281 
0.9715117 
0.9718483 
0.9719534 
0.9746938 
0.9759677 
0.9778943 
0.9813678 
0.9828537 
0.9837708 
0.9810558 
0.9819138 
0.9836655 
0.9875686 
0.9871880 
0.9886510 
0.9884553 
0.9863094 
0.9827420 
0.9802667 
0.9771088 
0.9816676 
0.9814167 
0.9801389 
0.9780957 
0.9769567 
0.9765014 
0.9755109 
0.9775073 
0.9746377 
0.9777226 
0.9775769 
0.9762817 
0.9775747 
0.9754635 
0.9746546 
0.9796711 
0.9780159 
0.9799275 
0.9776934 
0.9812928 
0.9822295 
0.9801128 
0.9790241 
0.9763369 
0.9776718 
0.9803404 
0.9828217 
0.9837402 
0.9860625 
0.9901104 
0.9909700 
0.9884777 
0.9910125 
0.9899526 
0.9911333 
0.9914290 
0.9922764 
0.9960213 
0.9940370 
0.9937476 
0.9925426 
0.9919859 
0.9937470 
0.9916723 
0.9913497 
0.9939461 
0.9938437 
0.9949329 
0.9946188 
0.9939287 
0.9915631 
0.9896191 
0.9924041 
0.9903530 
0.9902324 
0.9863460 
0.9867143 
0.9849811 
0.9840913 
0.9815781 
0.9835751 
0.9846174 
0.9852246 
0.9868098 
0.9885806 
0.9869706 
0.9885957 
0.9883795 
0.9874180 
0.9868194 
0.9912003 
0.9936548 
0.9940575 
0.9927286 
0.9939037 
0.9931213 
0.9942873 
0.9950893 
0.9945911 
0.9939096 
0.9961861 
0.9974139 
0.9906686 
0.9904185 
0.9917500 
0.9948172 
0.9932700 
0.9950734 
0.9960449 
1.0000000 
0.9951027 
0.9941884 
0.9967326 
0.9921900 
0.9900045 
0.9868603 
0.9881062 
0.9881080 
0.9869435 
0.9812988 
0.9787911 
0.9772564 
0.9760465 
0.9752418 
0.9722677 
0.9732429 
0.9728434 
0.9732369 
0.9732643 
0.9705961 
0.9701767 
0.9658119 
0.9633957 
0.9655405 
0.9657315 
0.9663766 
0.9650229 
0.9668605 
0.9744321 
0.9748416 
0.9769707 
0.9782078 
0.9762732 
0.9766815 
0.9785549 
0.9786261 
0.9785060 
0.9787874 
0.9797272 
0.9786030 
0.9783334 
0.9788534 
0.9716573 
0.9733052 
0.9726169 
0.9711405 
0.9709549 
0.9695082 
0.9692264 
0.9668740 
0.9642732 
0.9673280 
0.9677668 
0.9666387 
0.9648436 
0.9634005 
0.9617777 
0.9615453 
0.9614364 
0.9683257 
0.9702426 
0.9700480 
0.9735854 
0.9708979 
0.9727909 
0.9718744 
0.9734315 
0.9746153 
0.9784643 
0.9770450 
0.9805842 
0.9789133 
0.9791724 
0.9785179 
0.9764804 
0.9771708 
0.9786556 
0.9802015 
0.9812547 
0.9817375 
0.9828915 
0.9829231 
0.9819561 
0.9801858 
0.9796520 
0.9808447 
0.9816059 
0.9785070 
0.9772630 
0.9741459 
0.9706090 
0.9689037 
0.9685823 
0.9674593 
0.9651750 
0.9658156 
0.9662491 
0.9661196 
0.9641157 
0.9672099 
0.9669117 
0.9678992 
0.9672478 
0.9709757 
0.9748709 
0.9761171 
0.9754683 
0.9777803 
0.9795486 
0.9795630 
0.9826311 
0.9841801 
0.9872109 
0.9879674 
0.9881254 
0.9896322 
0.9863766 
0.9836802 
0.9817621 
0.9790882 
0.9815912 
0.9820718 
0.9832852 
0.9847326 
0.9860767 
0.9842551 
0.9843406 
0.9815960 
0.9795263 
0.9768443 
0.9804691 
0.9787351 
0.9800393 
0.9783952 
0.9792243 
0.9803853 
0.9801036 
0.9819217 
0.9819377 
0.9815904 
0.9843683 
0.9837941 
0.9849250 
0.9859313 
0.9872420 
0.9859281 
0.9895978 
0.9904200 
0.9887270 
0.9905110 
0.9918228 
0.9939919 
0.9922167 
0.9948623 
0.9879536 
0.9910819 
0.9933025 
0.9936761 
0.9924306 
0.9932890 
0.9925641 
0.9928636 
0.9954483 
0.9960512 
0.9988071 
0.9945659 
0.9803137 
0.9796432 
0.9800503 
0.9812347 
0.9833194 
0.9845971 
0.9829692 
0.9852808 
0.9845901 
0.9873013 
0.9876356 
0.9878623 
0.9874183 
0.9856267 
0.9868599 
0.9897497 
0.9876306 
0.9898575 
0.9913238 
0.9939881 
0.9946802 
0.9950504 
0.9946855 
0.9938579 
0.9907587 
0.9920844 
0.9916622 
0.9926153 
0.9930468 
0.9926291 
0.9957077 
0.9956136 
0.9935030 
0.9902776 
0.9867857 
0.9849316 
0.9846312 
0.9862452 
0.9857255 
0.9850612 
0.9842408 
0.9812097 
0.9819447 
0.9834546 
0.9830958 
0.9815072 
0.9805414 
0.9821788 
0.9826575 
0.9822900 
0.9852305 
0.9833289 
0.9768185 
0.9751156 
0.9739906 
0.9763911 
0.9813393 
0.9796768 
0.9813569 
0.9789675 
0.9787255 
0.9793263 
0.9794277 
0.9813719 
0.9807385 
0.9838975 
0.9854545 
0.9894307 
0.9882287 
0.9887366 
0.9886060 
0.9907528 
0.9900951 
0.9853836 
0.9811445 
0.9853603 
0.9860263 
0.9865298 
0.9840450 
0.9840996 
0.9832614 
0.9776155 
0.9801690 
0.9796242 
0.9799318 
0.9796878 
0.9805720 
0.9813555 
0.9791439 
0.9803202 
0.9863154 
0.9873818 
0.9893534 
0.9852681 
0.9843906 
0.9835053 
0.9807887 
0.9797016 
0.9782736 
0.9780995 
0.9764335 
0.9729404 
0.9724980 
0.9710146 
0.9691902 
0.9682664 
0.9646769 
0.9641280 
0.9650970 
0.9641716 
0.9636936 
0.9634573 
0.9632574 
0.9648110 
0.9625235 
0.9589881 
0.9579468 
0.9595827 
0.9604835 
0.9608843 
0.9619538 
0.9610024 
0.9685108 
0.9745622 
0.9772140 
0.9735886 
0.9719774 
0.9712233 
0.9698211 
0.9702221 
0.9676785 
0.9703795 
0.9716955 
0.9750584 
0.9776165 
0.9803484 
0.9807387 
0.9784658 
0.9771078 
0.9751424 
0.9741950 
0.9735925 
0.9708882 
0.9688391 
0.9681736 
0.9692119 
0.9695183 
0.9692486 
0.9702888 
0.9718787 
0.9709162 
0.9731698 
0.9753879 
0.9771829 
0.9771554 
0.9751205 
0.9764001 
0.9732308 
0.9761273 
0.9783867 
0.9747733 
0.9739716 
0.9757469 
0.9747291 
0.9776523 
0.9780033 
0.9758275 
0.9778624 
0.9798696 
0.9803159 
0.9753187 
0.9738686 
0.9760275 
0.9756157 
0.9747847 
0.9737149 
0.9730099 
0.9728746 
0.9711177 
0.9712344 
0.9722454 
0.9719962 
0.9722720 
0.9721681 
0.9762484 
0.9788706 
0.9804270 
0.9770498 
0.9750767 
0.9782791 
0.9785330 
0.9827270 
0.9841052 
0.9836600 
0.9821114 
0.9846869 
0.9838733 
0.9839751 
0.9834761 
0.9820094 
0.9853951 
0.9858161 
0.9861181 
0.9846436 
0.9897220 
0.9896748 
0.9868348 
0.9869783 
0.9902722 
0.9920720 
0.9882045 
0.9909061 
0.9888608 
0.9906973 
0.9920728 
0.9919451 
0.9926331 
0.9909854 
0.9937193 
0.9941124 
0.9911088 
0.9949960 
0.9957035 
0.9954684 
0.9946932 
0.9954406 
0.9929064 
0.9866143 
0.9877650 
0.9849484 
0.9889774 
0.9860726 
0.9852021 
0.9877643 
0.9908697 
0.9910078 
0.9898220 
0.9897618 
0.9888820 
0.9882132 
0.9847494 
0.9830544 
0.9821024 
0.9839865 
0.9828539 
0.9835191 
0.9841558 
0.9832627 
0.9855674 
0.9853666 
0.9928638 
0.9960695 
0.9943121 
0.9966734 
0.9953276 
0.9937982 
0.9962354 
0.9967488 
0.9942410 
0.9914955 
0.9923572 
0.9955530 
0.9928449 
0.9933438 
0.9946161 
0.9943966 
0.9908084 
0.9921994 
0.9911151 
0.9928781 
0.9939479 
0.9975483 
0.9972575 
0.9975180 
0.9989850 
0.9981669 
0.9962005 
0.9943972 
0.9941915 
0.9955231 
0.9940818 
0.9854161 
0.9811284 
0.9824654 
0.9803602 
0.9809483 
0.9826048 
0.9824729 
0.9817071 
0.9818624 
0.9805992 
0.9812275 
0.9806703 
0.9799366 
0.9782528 
0.9762793 
0.9741869 
0.9754257 
0.9753946 
0.9770547 
0.9797052 
0.9828652 
0.9871146 
0.9862428 
0.9864114 
0.9841039 
0.9831875 
0.9813414 
0.9786352 
0.9779623 
0.9774571 
0.9814400 
0.9810146 
0.9770356 
0.9781037 
0.9775367 
0.9767018 
0.9754486 
0.9749565 
0.9748770 
0.9763290 
0.9778178 
0.9786232 
0.9828601 
0.9860433 
0.9850968 
0.9873825 
0.9856518 
0.9842388 
0.9818976 
0.9800114 
0.9801139 
0.9789442 
0.9796515 
0.9770351 
0.9773368 
0.9777747 
0.9777014 
0.9770065 
0.9795751 
0.9801010 
0.9793335 
0.9825974 
0.9799938 
0.9780086 
0.9772392 
0.9781865 
0.9762113 
0.9764429 
0.9740867 
0.9736952 
0.9736378 
0.9734480 
0.9766667 
0.9797577 
0.9791795 
0.9791890 
0.9779826 
0.9769225 
0.9756889 
0.9757907 
0.9755110 
0.9770593 
0.9748865 
0.9777042 
0.9780479 
0.9794002 
0.9771856 
0.9731621 
0.9762246 
0.9736311 
0.9732594 
0.9751778 
0.9771521 
0.9744503 
0.9759128 
0.9767674 
0.9749823 
0.9760127 
0.9770957 
0.9788687 
0.9778527 
0.9778798 
0.9768586 
0.9799075 
0.9773189 
0.9762880 
0.9741545 
0.9745117 
0.9717389 
0.9740044 
0.9694367 
0.9669175 
0.9662382 
0.9640656 
0.9631982 
0.9592178 
0.9592008 
0.9589810 
0.9570953 
0.9578239 
0.9603488 
0.9622344 
0.9623524 
0.9651031 
0.9680055 
0.9683310 
0.9675409 
0.9660336 
0.9656094 
0.9678182 
0.9692277 
0.9677504 
0.9662119 
0.9639844 
0.9624530 
0.9591485 
0.9584928 
0.9595490 
0.9571306 
0.9575943 
0.9572292 
0.9580574 
0.9601565 
0.9614919 
0.9645161 
0.9678831 
0.9723389 
0.9716134 
0.9693178 
0.9661287 
0.9643066 
0.9643991 
0.9643033 
0.9641050 
0.9655236 
0.9653154 
0.9653708 
0.9698102 
0.9679458 
0.9745599 
0.9762763 
0.9763550 
0.9784343 
0.9778762 
0.9769008 
0.9750271 
0.9710936 
0.9677610 
0.9638848 
0.9658011 
0.9613247 
0.9619522 
0.9625845 
0.9637624 
0.9638833 
0.9660471 
0.9647481 
0.9652443 
0.9665095 
0.9655722 
0.9670679 
0.9626482 
0.9635988 
0.9644736 
0.9626572 
0.9643918 
0.9654833 
0.9654591 
0.9684533 
0.9728176 
0.9741343 
0.9735114 
0.9758030 
0.9777698 
0.9754521 
0.9719971 
0.9702279 
0.9685384 
0.9649726 
0.9618285 
0.9592118 
0.9587783 
0.9639528 
0.9636845 
0.9642559 
0.9660160 
0.9706363 
0.9705683 
0.9713437 
0.9759059 
0.9764649 
0.9754821 
0.9774752 
0.9741301 
0.9736414 
0.9695535 
0.9658965 
0.9642151 
0.9626578 
0.9660326 
0.9648319 
0.9641365 
0.9648333 
0.9666642 
0.9705797 
0.9727040 
0.9756004 
0.9771956 
0.9785792 
0.9776165 
0.9768448 
0.9799315 
0.9800783 
0.9799301 
0.9771307 
0.9773068 
0.9774207 
0.9766303 
0.9790768 
0.9755941 
0.9730648 
0.9718518 
0.9732544 
0.9726342 
0.9733615 
0.9715357 
0.9697209 
0.9722262 
0.9698958 
0.9717750 
0.9701736 
0.9735581 
0.9760407 
0.9784093 
0.9812481 
0.9823094 
0.9799818 
0.9812390 
0.9794720 
0.9862450 
0.9842806 
0.9810412 
0.9775693 
0.9740474 
0.9711059 
0.9711905 
0.9726121 
0.9723386 
0.9770471 
0.9778230 
0.9757591 
0.9762714 
0.9743590 
0.9720992 
0.9753490 
0.9711628 
0.9690638 
0.9692457 
0.9671969 
0.9658414 
0.9694113 
0.9675780 
0.9717406 
0.9688694 
0.9710388 
0.9745103 
0.9782007 
0.9779049 
0.9788791 
0.9781529 
0.9758346 
0.9742962 
0.9745002 
0.9772610 
0.9685440 
0.9659701 
0.9635841 
0.9633882 
0.9630971 
0.9628441 
0.9653806 
0.9648742 
0.9646614 
0.9645765 
0.9633576 
0.9627248 
0.9674435 
0.9671346 
0.9654697 
0.9651047 
0.9657888 
0.9638149 
0.9683974 
0.9697940 
0.9642701 
0.9654643 
0.9648206 
0.9666878 
0.9632014 
0.9632809 
0.9625379 
0.9588972 
0.9577506 
0.9575073 
0.9626105 
0.9590973 
0.9611893 
0.9595863 
0.9629762 
0.9627240 
0.9656550 
0.9675947 
0.9687682 
0.9681325 
0.9684936 
0.9669627 
0.9665706 
0.9695727 
0.9688610 
0.9710432 
0.9688252 
0.9736426 
0.9758598 
0.9734501 
0.9722810 
0.9723027 
0.9718917 
0.9744854 
0.9718759 
0.9699320 
0.9666820 
0.9658016 
0.9644491 
0.9654023 
0.9647834 
0.9630934 
0.9633765 
0.9607022 
0.9592088 
0.9583015 
0.9573172 
0.9609231 
0.9610155 
0.9609681 
0.9625792 
0.9625159 
0.9629992 
0.9661088 
0.9688697 
0.9700360 
0.9691052 
0.9689788 
0.9712599 
0.9698364 
0.9730933 
