0.0001577 
-0.0000598 
0.0000616 
0.1269316 
-0.1489806 
-0.3037523 
0.8179443 
0.8280733 
0.8137439 
0.7924591 
0.7999564 
0.8088067 
0.8428870 
0.8424767 
0.8553823 
0.8350768 
0.8192859 
0.8241687 
0.8120099 
0.8295988 
0.8289726 
0.8181273 
0.8349263 
0.8299991 
0.8352805 
0.8509509 
0.8520407 
0.8538209 
0.8606966 
0.8497478 
0.8518500 
0.8451804 
0.8532822 
0.8412373 
0.8439140 
0.8683986 
0.8516690 
0.8635085 
0.8540334 
0.8400948 
0.8609657 
0.8524389 
0.8369238 
0.8256106 
0.8181808 
0.8278184 
0.8353797 
0.8332532 
0.8405186 
0.8500484 
0.8367068 
0.8358562 
0.8250765 
0.8547665 
0.8569968 
0.8515237 
0.8401729 
0.8400481 
0.8398832 
0.8281441 
0.8158664 
0.8227781 
0.8177040 
0.8213007 
0.8194944 
0.8144433 
0.8260323 
0.8241237 
0.8198003 
0.8286421 
0.8239192 
0.8048394 
0.8063994 
0.8182770 
0.8305111 
0.8389209 
0.8452832 
0.8490799 
0.8423201 
0.8279814 
0.8232862 
0.8083262 
0.8050800 
0.8146655 
0.8039902 
0.7994438 
0.8296752 
0.8274850 
0.8221386 
0.8251334 
0.8348124 
0.8355736 
0.8325236 
0.8136316 
0.8114926 
0.7977989 
0.7976660 
0.7750356 
0.7589069 
0.7767305 
0.7805054 
0.7635644 
0.7701791 
0.7975740 
0.7904015 
0.7745468 
0.7690445 
0.7963776 
0.7826262 
0.7482853 
0.7522625 
0.7546720 
0.7733487 
0.7611223 
0.7507497 
0.7574452 
0.7655810 
0.7536319 
0.7553332 
0.7444036 
0.7458280 
0.7562334 
0.7370409 
0.7532182 
0.7321116 
0.7312514 
0.7367621 
0.7381927 
0.7326678 
0.7581853 
0.7621322 
0.7664225 
0.7701118 
0.7540091 
0.7607817 
0.7475408 
0.7353924 
0.7329683 
0.7280984 
0.7146636 
0.7321991 
0.7156710 
0.7130935 
0.7409247 
0.7262555 
0.7387396 
0.7267259 
0.7393751 
0.7534784 
0.7483613 
0.7355361 
0.7302391 
0.7284181 
0.7256248 
0.7447301 
0.7473374 
0.7771001 
0.7773820 
0.7781078 
0.7459952 
0.7063340 
0.6538607 
0.6862711 
0.7010575 
0.7130167 
0.7248971 
0.7155856 
0.7221184 
0.7235466 
0.7606475 
0.7520831 
0.7549947 
0.7548122 
0.7465975 
0.7579382 
0.7470363 
0.7439721 
0.7333557 
0.7311480 
0.7201851 
0.7298708 
0.7230076 
0.7487516 
0.7564871 
0.7501983 
0.7408876 
0.7384402 
0.7476108 
0.7403423 
0.7502484 
0.7614468 
0.7757555 
0.7388994 
0.7440423 
0.7374722 
0.7416294 
0.7640913 
0.7711547 
0.7760259 
0.7965972 
0.7876147 
0.7853820 
0.7881615 
0.7984026 
0.7988643 
0.7706552 
0.7997163 
0.7981726 
0.8153284 
0.8286694 
0.8194501 
0.8188846 
0.8272618 
0.8484082 
0.8117044 
0.8348554 
0.8244253 
0.8191099 
0.8288801 
0.8563123 
0.8455718 
0.8454029 
0.8435186 
0.8332099 
0.8488331 
0.8457756 
0.8568329 
0.8578793 
0.8257568 
0.8268630 
0.8210280 
0.8202108 
0.8135608 
0.8225414 
0.8223507 
0.8085662 
0.8137781 
0.8104979 
0.8195120 
0.8187329 
0.8171686 
0.8057278 
0.7961059 
0.7609307 
0.7679214 
0.7761116 
0.7640978 
0.7758033 
0.7602937 
0.7670541 
0.7681303 
0.7874187 
0.7673218 
0.7582111 
0.7597335 
0.7448659 
0.7341322 
0.7573789 
0.7708058 
0.7749821 
0.7944600 
0.7733017 
0.7790344 
0.7899151 
0.7928751 
0.7619563 
0.7677909 
0.7823240 
0.7792508 
0.7637417 
0.7628518 
0.7574198 
0.7543725 
0.7495196 
0.7551772 
0.7397928 
0.7576291 
0.7217156 
0.7136767 
0.7109730 
0.7191997 
0.7430875 
0.7446414 
0.7525638 
0.7435354 
0.7377873 
0.7578245 
0.7652781 
0.7687352 
0.7691183 
0.7676930 
0.7727437 
0.7430897 
0.7501314 
0.7291973 
0.7444548 
0.7353062 
0.7420736 
0.7311048 
0.7233649 
0.7241772 
0.7347340 
0.7510555 
0.7617194 
0.7601533 
0.7603429 
0.7769845 
0.7684416 
0.7643279 
0.7800269 
0.7549875 
0.7242027 
0.7378615 
0.7320679 
0.7410190 
0.7567313 
0.7761702 
0.7674989 
0.7640348 
0.7733248 
0.7543965 
0.7848631 
0.7879178 
0.7863135 
0.7844156 
0.7733361 
0.7635090 
0.7528033 
0.7666116 
0.7734734 
0.7679490 
0.7804711 
0.7654955 
0.7707966 
0.7740734 
0.7628215 
0.7509464 
0.7294502 
0.7218909 
0.7394679 
0.7402283 
0.7365344 
0.7573591 
0.7887125 
0.7775936 
0.8101741 
0.8037849 
0.7932075 
0.7951814 
0.7857556 
0.7770132 
0.7827073 
0.7926635 
0.7801930 
0.7636231 
0.7801437 
0.7901515 
0.7932842 
0.7855198 
0.7841138 
0.7777895 
0.7904119 
0.7802058 
0.7653152 
0.7714494 
0.7558758 
0.7409952 
0.7474661 
0.7560206 
0.7511255 
0.7597718 
0.7622576 
0.7573076 
0.7266540 
0.7245508 
0.7538434 
0.7698214 
0.7617974 
0.7836857 
0.7587549 
0.7588673 
0.7640194 
0.7589869 
0.7663352 
0.7528924 
0.7451864 
0.7489840 
0.7485491 
0.7698362 
0.7718073 
0.7615176 
0.7554190 
0.7602642 
0.7437526 
0.7189637 
0.7436829 
0.7451784 
0.7516300 
0.7536016 
0.7602374 
0.7594567 
0.7566067 
0.7457033 
0.7558330 
0.7546540 
0.7509354 
0.7500963 
0.7235494 
0.7334334 
0.7452840 
0.7629501 
0.7680493 
0.7539784 
0.7513697 
0.7625274 
0.7918922 
0.7771782 
0.7690876 
0.7860680 
0.7699515 
0.7847787 
0.7820546 
0.7895506 
0.7996651 
0.7797777 
0.7824522 
0.7858973 
0.7901665 
0.7755586 
0.7588465 
0.7710539 
0.8173789 
0.8358785 
0.8291055 
0.8233777 
0.8052487 
0.8083877 
0.8141743 
0.8224502 
0.8158410 
0.8063984 
0.8082226 
0.8038993 
0.7923411 
0.8040962 
0.7819184 
0.7928024 
0.7997979 
0.8082196 
0.7706748 
0.7914368 
0.7989558 
0.7922890 
0.7956040 
0.7939439 
0.8170605 
0.8086377 
0.8062397 
0.8030297 
0.8079504 
0.8047756 
0.7733353 
0.7717771 
0.7429961 
0.7357869 
0.7354925 
0.7289367 
0.7198209 
0.7112467 
0.7249434 
0.7525700 
0.7683402 
0.7577215 
0.7418104 
0.7491790 
0.7285745 
0.7382361 
0.7288891 
0.7555967 
0.7557671 
0.7550604 
0.7604558 
0.7435460 
0.7235992 
0.7220102 
0.7235803 
0.7519450 
0.7739566 
0.7576545 
0.7703843 
0.7787478 
0.8073805 
0.8296142 
0.7978843 
0.7804447 
0.7932139 
0.8093987 
0.8125682 
0.8285656 
0.8369601 
0.8343256 
0.8310300 
0.8257940 
0.8165566 
0.8027350 
0.8131354 
0.8059303 
0.8112303 
0.8145216 
0.8182944 
0.8257039 
0.8212227 
0.7955705 
0.7844630 
0.8071182 
0.8096245 
0.8170691 
0.8062164 
0.7696115 
0.7795807 
0.7967627 
0.7923944 
0.7949635 
0.7988240 
0.8069431 
0.8313738 
0.8580946 
0.8772843 
0.8637768 
0.8622371 
0.8546012 
0.8297886 
0.8237692 
0.8233455 
0.8210360 
0.8079159 
0.8172375 
0.8006980 
0.8287063 
0.8208517 
0.8466158 
0.8330813 
0.8269219 
0.8379784 
0.8306878 
0.8256853 
0.8228332 
0.8232909 
0.8384954 
0.8324305 
0.8288220 
0.8131302 
0.8032649 
0.7937908 
0.8239567 
0.8225320 
0.8183314 
0.8378505 
0.8067133 
0.8201516 
0.8037745 
0.8036380 
0.7885275 
0.7949755 
0.8005204 
0.8052271 
0.8154621 
0.8105076 
0.8183171 
0.8313340 
0.8128692 
0.8130150 
0.8112571 
0.8096067 
0.8213425 
0.8098539 
0.8060509 
0.8030069 
0.8153324 
0.8093125 
0.8288098 
0.8244584 
0.8450267 
0.8412602 
0.8312045 
0.8162291 
0.8209321 
0.8295797 
0.8237630 
0.8158501 
0.8092563 
0.7892342 
0.7863153 
0.7885352 
0.7828301 
0.7831493 
0.7772636 
0.7859570 
0.7966979 
0.7861793 
0.7879653 
0.7935824 
0.7866397 
0.7859468 
0.7816790 
0.7987904 
0.7959941 
0.7757686 
0.7689525 
0.7879899 
0.7847038 
0.7799935 
0.7808589 
0.7995310 
0.8081107 
0.8110710 
0.7919586 
0.8052377 
0.8084205 
0.8021511 
0.8131542 
0.8035796 
0.7960110 
0.7982641 
0.8008948 
0.8019706 
0.8147807 
0.8440518 
0.8240612 
0.8163115 
0.8050292 
0.8048870 
0.8275640 
0.8297722 
0.8358396 
0.8170480 
0.8290475 
0.8262586 
0.8073407 
0.8044547 
0.7996908 
0.8026121 
0.8108707 
0.8080291 
0.7961653 
0.8040806 
0.8140756 
0.8180727 
0.8187148 
0.8020050 
0.8097271 
0.8079782 
0.8074676 
0.8192910 
0.8154602 
0.8509293 
0.8503397 
0.8448972 
0.8328274 
0.8221529 
0.8060139 
0.7961491 
0.7823263 
0.7902775 
0.7957993 
0.7895418 
0.7836882 
0.8006836 
0.7923203 
0.7976986 
0.8140324 
0.8015880 
0.8024139 
0.7949059 
0.8085970 
0.8108361 
0.7846813 
0.7915379 
0.7728290 
0.7772473 
0.7775767 
0.7696516 
0.7550166 
0.7705464 
0.7656861 
0.7864246 
0.7865286 
0.7669674 
0.7815277 
0.8108918 
0.8323431 
0.8190863 
0.8273765 
0.8259514 
0.8126690 
0.8209206 
0.8277021 
0.8413924 
0.8558688 
0.8534475 
0.8401486 
0.8293855 
0.8228286 
0.8340386 
0.8317576 
0.8393736 
0.8320717 
0.8344179 
0.8134320 
0.8417555 
0.8712898 
0.8618946 
0.8677524 
0.8544641 
0.8629457 
0.8628613 
0.8152862 
0.8463647 
0.8445003 
0.8446333 
0.8485246 
0.8440645 
0.8401841 
0.8297209 
0.8170159 
0.7343262 
0.7139155 
0.7513265 
0.7593877 
0.7671627 
0.7754474 
0.7796519 
0.7837121 
0.7815710 
0.7862190 
0.7794392 
0.7773571 
0.7810574 
0.7800559 
0.7735945 
0.7642785 
0.7722209 
0.7739218 
0.7782950 
0.7757410 
0.7831884 
0.8091109 
0.7988480 
0.8008249 
0.7922346 
0.8082109 
0.8093460 
0.7893965 
0.7889524 
0.7906666 
0.7948947 
0.8071661 
0.8042868 
0.8082510 
0.8277993 
0.8299322 
0.8306787 
0.8304242 
0.8626855 
0.8618309 
0.8315858 
0.8577002 
0.8641508 
0.8670537 
0.8575435 
0.8582408 
0.8506325 
0.8401262 
0.8441365 
0.8338725 
0.8193545 
0.8203198 
0.8120346 
0.8238817 
0.8329687 
0.8049273 
0.7841995 
0.8179011 
0.8191235 
0.8089760 
0.8060658 
0.7876632 
0.7976856 
0.8213711 
0.8428111 
0.8399470 
0.8701697 
0.8678252 
0.8770544 
0.8674219 
0.8325584 
0.8451070 
0.8559586 
0.8618837 
0.8736930 
0.8822306 
0.8693443 
0.8699669 
0.8856641 
0.9039956 
0.8696828 
0.8805936 
0.8787496 
0.8710899 
0.8721666 
0.8936185 
0.8738322 
0.8760128 
0.8590740 
0.8508992 
0.8485590 
0.8469371 
0.8606460 
0.8574410 
0.8797032 
0.8960482 
0.8935338 
0.8649231 
0.8846872 
0.8897232 
0.8730285 
0.8764504 
0.8784882 
0.8758192 
0.8781274 
0.8670282 
0.8778535 
0.8742245 
0.8695494 
0.8379249 
0.8497554 
0.8311472 
0.8351034 
0.8406585 
0.8450387 
0.8436864 
0.8362646 
0.8526774 
0.8681526 
0.8405430 
0.8422039 
0.8173220 
0.8308168 
0.8141702 
0.7971632 
0.8248652 
0.8121534 
0.8183822 
0.8389998 
0.8448673 
0.8578272 
0.8204822 
0.8101696 
0.8354612 
0.8880008 
0.8803248 
0.8575624 
0.8576657 
0.8775357 
0.8610190 
0.8634981 
0.8547247 
0.8437748 
0.8260833 
0.8285277 
0.8201637 
0.8208431 
0.8251456 
0.8083089 
0.8389849 
0.8544285 
0.8525057 
0.8486114 
0.8566807 
0.8394475 
0.8417441 
0.8588271 
0.8504916 
0.8680266 
0.8649286 
0.8612796 
0.8584984 
0.8445797 
0.8657459 
0.8590812 
0.8636212 
0.8505536 
0.8752096 
0.8802753 
0.8951664 
0.8924085 
0.8911079 
0.8718421 
0.8471808 
0.8605802 
0.8528031 
0.8443419 
0.8433398 
0.8443198 
0.8303365 
0.8251716 
0.8398202 
0.8215648 
0.8110920 
0.7892268 
0.8056089 
0.8097142 
0.8073932 
0.8093561 
0.8204822 
0.8185770 
0.8101761 
0.8219230 
0.8068744 
0.8194391 
0.8103462 
0.8021536 
0.8028277 
0.8280611 
0.8448293 
0.8256547 
0.8084244 
0.7968731 
0.7895143 
0.7840033 
0.8063177 
0.8199542 
0.8442728 
0.8636813 
0.8359166 
0.8282488 
0.8332215 
0.8347937 
0.8253693 
0.8208535 
0.8284689 
0.8088128 
0.8308378 
0.8394741 
0.8569223 
0.8644903 
0.8561314 
0.8117809 
0.7929836 
0.7858053 
0.8090033 
0.8115040 
0.8386301 
0.8679307 
0.8322027 
0.8452088 
0.8491643 
0.8610579 
0.8581535 
0.8557050 
0.8460867 
0.8560019 
0.8762213 
0.8734952 
0.8740299 
0.8963529 
0.8840648 
0.8696793 
0.8724853 
0.8615831 
0.8423043 
0.8701450 
0.8598411 
0.8496121 
0.8525346 
0.8573436 
0.8631802 
0.8691499 
0.8570277 
0.8605177 
0.8468087 
0.8589613 
0.8797893 
0.8696963 
0.8644953 
0.8558376 
0.8599787 
0.8583639 
0.8514705 
0.8534509 
0.8408891 
0.8561429 
0.9003899 
0.8702132 
0.8684146 
0.8542590 
0.8581538 
0.8631223 
0.8330636 
0.8199705 
0.8313952 
0.8253438 
0.8292102 
0.8266319 
0.8348252 
0.8155016 
0.8296398 
0.8415564 
0.8489075 
0.8382508 
0.8320092 
0.8108749 
0.8067086 
0.8310764 
0.8244423 
0.8282588 
0.8403403 
0.8499493 
0.8486956 
0.8594161 
0.8393659 
0.8289926 
0.8427830 
0.8411798 
0.8416005 
0.8363882 
0.8509289 
0.8729692 
0.8798973 
0.8907262 
0.8696445 
0.8879163 
0.8788905 
0.8826869 
0.8865978 
0.8895473 
0.8856799 
0.8919654 
0.9004533 
0.8888364 
0.8853893 
0.8773690 
0.8738814 
0.8682123 
0.8623676 
0.8413604 
0.8568262 
0.8466468 
0.8548411 
0.8518554 
0.8382427 
0.8294942 
0.8528279 
0.8348845 
0.8642563 
0.8729320 
0.8907855 
0.8970476 
0.9069050 
0.8948828 
0.8933035 
0.9132445 
0.9059240 
0.9192089 
0.8967412 
0.9043919 
0.8850827 
0.8884503 
0.8728186 
0.8826836 
0.8900680 
0.9061877 
0.9159892 
0.9514959 
0.9120278 
0.9210079 
0.8873859 
0.9089079 
0.9136555 
0.9072771 
0.9034581 
0.9021903 
0.8864923 
0.9014171 
0.8824319 
0.8821260 
0.8794334 
0.8916464 
0.8844925 
0.8843899 
0.8958885 
0.8846644 
0.8718256 
0.8712713 
0.8712169 
0.8790717 
0.8812002 
0.8676260 
0.8588649 
0.8544868 
0.8702223 
0.8656911 
0.8634885 
0.8647483 
0.8731716 
0.8505235 
0.8831395 
0.8646011 
0.8577045 
0.8732956 
0.8872531 
0.8881652 
0.9100604 
0.8852429 
0.8914452 
0.8881638 
0.8849123 
0.8994543 
0.9145054 
0.9173506 
0.9064029 
0.9192786 
0.9440862 
0.9484248 
0.9560746 
0.9472133 
0.9456043 
0.9485171 
0.9300268 
0.9489017 
0.9583449 
0.9436389 
0.8955714 
0.8779634 
0.8884416 
0.9152941 
0.8872869 
0.8987125 
0.8924055 
0.9079501 
0.9156078 
0.9187212 
0.9350040 
0.9353235 
0.9081508 
0.8998204 
0.8952867 
0.9136481 
0.9145466 
0.8985301 
0.9076805 
0.9074716 
0.9090374 
0.9105971 
0.9099885 
0.9184829 
0.9313399 
0.9205425 
0.9169625 
0.9098751 
0.8986498 
0.9009743 
0.8960269 
0.9010350 
0.9012566 
0.8980513 
0.8961565 
0.9055774 
0.9162066 
0.9057049 
0.9093347 
0.9141594 
0.9173907 
0.9253501 
0.9353211 
0.9257263 
0.9209718 
0.9089866 
0.9258172 
0.9308502 
0.9751032 
0.9861883 
0.9644649 
0.9359535 
0.9447953 
0.9317042 
0.9293372 
0.9234508 
0.9364441 
0.9237272 
0.9133179 
0.8996342 
0.9063540 
0.8861730 
0.9032409 
0.8894518 
0.9310009 
0.9115418 
0.9587993 
1.0000000 
0.9844402 
0.9743671 
0.9902187 
0.9450126 
0.9547961 
0.9163687 
0.8951628 
0.9023163 
0.9036338 
0.9031275 
0.9052059 
0.9060069 
0.9046113 
0.8977096 
0.8929545 
0.8766189 
0.8825198 
0.8920718 
0.8975776 
0.8915129 
0.8911119 
0.8661182 
0.8433519 
0.8508409 
0.8550133 
0.8739932 
0.8577886 
0.8829690 
0.9019036 
0.8985250 
0.8865301 
0.8773242 
0.8868824 
0.8951720 
0.8997984 
0.9024736 
0.9010456 
0.9054071 
0.8940874 
0.8891385 
0.8842804 
0.8862023 
0.8797169 
0.8953883 
0.8983011 
0.8875619 
0.8970214 
0.8749652 
0.8952971 
0.8966929 
0.8895783 
0.9086847 
0.9060582 
0.8899615 
0.8919808 
0.8893046 
0.8753053 
0.8927744 
0.8873614 
0.9084674 
0.9008953 
0.8948636 
0.9052067 
0.8580649 
0.8546077 
0.8565813 
0.8776936 
0.8895555 
0.8745594 
0.8800505 
0.8959984 
0.8852287 
0.8783029 
0.8775436 
0.8738497 
0.8827882 
0.8697204 
0.8822555 
0.8792424 
0.8415798 
0.8523336 
0.8529806 
0.8644179 
0.8563009 
0.8608491 
0.8653528 
0.8342752 
0.8384838 
0.8556144 
0.8601046 
0.8642833 
0.8614731 
0.8638433 
0.8855956 
0.8695511 
0.8807214 
0.8728437 
0.8815403 
0.8762649 
0.9039778 
0.9041497 
0.9016099 
0.8835757 
0.8861224 
0.8834561 
0.8933597 
0.8663971 
0.8904301 
0.8716471 
0.8850437 
0.8768769 
0.8947899 
0.9054897 
0.8929898 
0.9440684 
0.9331682 
0.9356232 
0.9203936 
0.9268811 
0.9030427 
0.8996061 
0.9035884 
0.8768541 
0.8783368 
0.8566478 
0.8791992 
0.8910988 
0.9111081 
0.9066806 
0.9169303 
0.9202699 
0.9332167 
0.9414397 
0.9233909 
0.9180829 
0.9139719 
0.9027451 
0.9000651 
0.9266311 
0.9116740 
0.9061191 
0.8963721 
0.8977960 
0.8874207 
0.9159289 
0.9100938 
0.9216313 
0.9074155 
0.9264240 
0.9266519 
0.9316933 
0.9362386 
0.9297125 
0.9563036 
0.9181907 
0.9376415 
0.9226209 
0.9394774 
0.9471517 
0.9409351 
0.9322036 
0.9446549 
0.9438116 
0.9382342 
0.9417308 
0.9261563 
0.9273779 
0.8993454 
0.8900207 
0.8881238 
0.9008975 
0.9205327 
0.9221163 
0.8903445 
0.8928462 
0.8825331 
0.8948744 
0.8982885 
0.9043767 
0.8809409 
0.8902792 
0.8946542 
0.9146275 
0.9086093 
0.9164076 
0.9146404 
0.9073463 
0.9062479 
0.9098576 
0.8947758 
0.9003944 
0.8904209 
0.8743029 
0.8570625 
0.8640779 
0.8607543 
0.8726823 
0.8887326 
0.8981288 
0.8834934 
0.8880874 
0.8821862 
0.8806967 
0.9007161 
0.9375142 
0.9525738 
0.9550200 
0.9447274 
0.9376442 
0.9254289 
0.8931333 
0.9013303 
0.9057577 
0.9148726 
0.9247229 
0.9287898 
0.9380682 
0.9265259 
0.9243167 
0.9301937 
0.9164671 
0.9255318 
0.9338005 
0.9403753 
0.9503083 
0.9535937 
0.9418629 
0.9414647 
0.9430377 
0.9427896 
0.9569453 
0.9620519 
0.9494437 
0.9366460 
0.9342263 
0.9357026 
0.9460754 
0.9437731 
0.9473849 
0.9361081 
0.9195844 
0.9079647 
0.9072709 
0.8801751 
0.8861672 
0.8987017 
0.8871717 
0.8851008 
0.9040920 
0.9105432 
0.9125006 
0.9215483 
0.9220727 
0.9133489 
0.9301047 
0.9525267 
0.9500275 
0.9810560 
0.9516725 
0.9781308 
0.9561876 
0.9435222 
0.8950089 
0.9133691 
0.9146957 
0.9042294 
0.8852419 
0.9082920 
0.9143955 
0.9078942 
0.9227279 
0.9242840 
0.9488320 
0.9222000 
0.9371810 
0.9252691 
0.9297920 
0.9165759 
0.8948886 
0.8921563 
0.8942541 
0.8938310 
0.8957224 
0.9133831 
0.9092851 
0.8997350 
0.9042236 
0.9218013 
0.9304514 
0.9332068 
0.9423705 
0.9204991 
0.9237144 
0.8892916 
0.9007739 
0.9102121 
0.9115059 
0.8794589 
0.8827019 
0.8616243 
0.8431189 
0.8319202 
0.8065780 
0.8058530 
0.8072039 
0.7928895 
0.8138714 
0.8366013 
0.8080749 
0.8018527 
0.7901416 
0.7989571 
0.7930532 
0.8089409 
0.8298760 
0.8246526 
0.8199313 
0.8120287 
0.8060252 
0.7968255 
0.7835615 
0.8013645 
0.7897376 
0.7979731 
0.8185911 
0.8028973 
0.7925701 
0.8214519 
0.7948082 
0.7832168 
0.7951415 
0.7805784 
0.7878432 
0.7760900 
0.7960289 
0.7951952 
0.8040685 
0.8100530 
0.8059330 
0.7837985 
0.7782420 
0.7796017 
0.7737132 
0.7685982 
0.7672685 
0.7616955 
0.7776204 
0.7879737 
0.7803410 
0.7671879 
0.7751895 
0.7403715 
0.7330634 
0.7149721 
0.7143416 
0.6955640 
0.6865475 
0.6993919 
0.7231792 
0.7273423 
0.7253834 
0.7094058 
0.6870141 
0.7033282 
0.6964065 
0.7044895 
0.7050718 
0.6925279 
0.6987019 
0.6819213 
0.6815055 
0.6889691 
0.6947769 
0.6874081 
0.6762043 
0.6753674 
0.6639131 
0.6541992 
0.6405677 
0.6505502 
0.6596209 
0.6767805 
0.6729913 
0.6096232 
0.6182691 
0.6306695 
0.6532208 
0.6523589 
0.6417050 
0.6278764 
0.6272718 
0.6578204 
0.6479257 
0.6372383 
0.6336006 
0.6193203 
0.6420350 
0.6474980 
0.6518902 
0.6304573 
0.6257348 
0.6387112 
0.6605588 
0.6686001 
0.6594422 
0.6087785 
0.5945754 
0.5933205 
0.6138055 
0.6031701 
0.5873145 
0.5844562 
0.5983650 
0.5887804 
0.5878347 
0.5648777 
0.5624812 
0.5529036 
0.5418475 
0.5462487 
0.5441526 
0.5170368 
0.4854716 
0.5150435 
0.5089092 
0.5160232 
0.4840893 
0.4534499 
0.4485732 
0.4745189 
0.5126689 
0.5531325 
0.5891961 
0.5948130 
0.5510705 
0.5325265 
0.5400118 
0.5257594 
0.5307664 
0.5248121 
0.5222172 
0.5244866 
0.5349587 
0.5298873 
0.5051923 
0.4553979 
0.4604080 
0.4729880 
0.4821204 
0.4577730 
0.4538433 
0.4727695 
0.4660817 
0.4733747 
0.4703234 
0.4585860 
0.4458886 
0.4700876 
0.4994975 
0.4690764 
0.4433579 
0.4482096 
0.4195676 
0.4230574 
0.4467182 
0.4283980 
0.4154061 
0.3862430 
0.3950217 
0.4008989 
0.4366982 
0.4392078 
0.4337415 
0.4195908 
0.4039237 
0.4093945 
0.3940574 
0.3893946 
0.3848174 
0.3737022 
0.3724660 
0.3749187 
0.3813707 
0.3864520 
0.3718108 
0.3879874 
0.3799650 
0.3892560 
0.3897132 
0.3861010 
0.3718344 
0.3802961 
0.3993449 
0.4066704 
0.4211931 
0.4103543 
0.4028974 
0.4135331 
0.4193007 
0.3994524 
0.4033631 
0.4071666 
0.4304010 
0.4580628 
0.4401292 
0.4325552 
0.4483362 
0.4375423 
0.4359035 
0.4507138 
0.4497487 
0.4493013 
0.4287895 
0.4204099 
0.4304459 
0.4552338 
0.4586298 
0.4745879 
0.4744007 
0.4820311 
0.4777824 
0.4817553 
0.4838444 
0.4662726 
0.4656592 
0.4677520 
0.4908893 
0.4819210 
0.4653474 
0.4796565 
0.4762991 
0.4736592 
0.4775741 
0.4601806 
0.4298960 
0.3821596 
0.3264112 
0.3308182 
0.3381434 
0.3400343 
0.3439464 
0.3325250 
0.3460258 
0.3483589 
0.3422906 
0.3365102 
0.3358715 
0.3355381 
0.3234857 
0.3276808 
0.3313613 
0.3093393 
0.3030784 
0.2966882 
0.3159907 
0.3134658 
0.3215370 
0.3200482 
0.3111049 
0.2846115 
0.2903945 
0.3205887 
0.3317135 
0.3339802 
0.3160496 
0.2882203 
0.3041052 
0.3186966 
0.3165181 
0.3061053 
0.3074149 
0.3115665 
0.3004277 
0.3176365 
0.3050165 
0.3202273 
0.3145483 
0.3206432 
0.3434552 
0.3338691 
0.3459648 
0.3487689 
0.3486393 
0.3726027 
0.3735473 
0.3779963 
0.3818093 
0.4016219 
0.3970515 
0.3800328 
0.3767513 
0.3814658 
0.3606885 
0.4024239 
0.4018091 
0.4129215 
0.4049833 
0.4006427 
0.3904561 
0.3882186 
0.4128402 
0.4068904 
0.3805674 
0.4002945 
0.4146429 
0.4031820 
0.4249624 
0.4237611 
0.4140201 
0.4119620 
0.4132382 
0.4131810 
0.4307166 
0.4242156 
0.4038639 
0.4078051 
0.4002148 
0.4123253 
0.4203227 
0.4109928 
0.4068615 
0.4031898 
0.3938700 
0.4170422 
0.4184687 
0.4222447 
0.4011302 
0.4001330 
0.4224747 
0.4234934 
0.4292133 
0.4160044 
0.4228396 
0.4229378 
0.4156310 
0.4339640 
0.4313497 
0.4138417 
0.4144469 
0.4166180 
0.4243485 
0.4242443 
0.4119127 
0.3972811 
0.4004668 
0.4211909 
0.4329674 
0.4345617 
0.4174264 
0.3798937 
0.3604253 
0.3524611 
0.3437477 
0.3580046 
0.3624881 
0.3826304 
0.3885185 
0.3933708 
0.3770991 
0.3737023 
0.3640393 
0.3833586 
0.3820622 
0.3747992 
0.3706533 
0.3841128 
0.3969429 
0.3874202 
0.3842206 
0.3910111 
0.3810706 
0.3774061 
0.3571265 
0.3528371 
0.3662772 
0.3510637 
0.3483087 
0.3705263 
0.3687153 
0.3623117 
0.3645983 
0.3914870 
0.3847578 
0.3850029 
0.3685763 
0.3644241 
0.3693489 
0.3793738 
0.3843022 
0.3686398 
0.3774891 
0.3732855 
0.3826617 
0.3681157 
0.3582444 
0.3379001 
0.3401301 
0.3154723 
0.3116296 
0.3227824 
0.3176727 
0.3539995 
0.3377391 
0.3477787 
0.3412306 
0.3411302 
0.3152188 
0.3281269 
0.3331124 
0.3378015 
0.3187852 
0.3254183 
0.3177867 
0.3227865 
0.3060833 
0.3027010 
0.3115336 
0.3060311 
0.3148789 
0.3011279 
0.3045365 
0.3447839 
0.3211580 
0.3012087 
0.3095435 
0.3134382 
0.3236711 
0.3144681 
0.3289577 
0.3258222 
0.3150314 
0.3212867 
0.3115719 
0.3254446 
0.3458794 
0.3462796 
0.3414129 
0.3251020 
0.3222721 
0.3142311 
0.3191132 
0.3333743 
0.3295468 
0.3268434 
0.3036549 
0.3281004 
0.3412666 
0.3435877 
0.3466272 
0.3271667 
0.3167710 
0.3124613 
0.3118422 
0.3383255 
0.3087287 
0.3088153 
0.3106275 
0.3128786 
0.3273748 
0.3331006 
0.3379227 
0.3386571 
0.3339519 
0.3260933 
0.3384396 
0.3160298 
0.3057626 
0.3091103 
0.3188417 
0.3209471 
0.3108921 
0.3181828 
0.3164990 
0.3193332 
0.3103261 
0.3189572 
0.3343260 
0.3254648 
0.3082299 
0.3265330 
0.3126108 
0.3212126 
0.3242276 
0.3200567 
0.3135663 
0.3113699 
0.3268464 
0.3414678 
0.3516371 
0.3525444 
0.3409388 
0.3276813 
0.2936778 
0.2996466 
0.2832617 
0.2563794 
0.2495212 
0.3105854 
0.3260661 
0.3215677 
0.3050538 
0.3208424 
0.3269598 
0.3383446 
0.3264293 
0.3241505 
0.3089881 
0.2947700 
0.2969787 
0.3060927 
0.2891353 
0.2785366 
0.2617291 
0.2691834 
0.2784861 
0.2696066 
0.2709989 
0.2796341 
0.2624461 
0.2749858 
0.2712800 
0.2792784 
0.2803601 
0.2870128 
0.2561717 
0.2692834 
0.2636049 
0.2453646 
0.2509744 
0.2653359 
0.2618035 
0.2684152 
0.2980190 
0.2891047 
0.2597162 
0.2505727 
0.2645574 
0.2742954 
0.2915439 
0.2812291 
0.2873118 
0.2781863 
0.2807002 
0.2778399 
0.2888247 
0.2991743 
0.2927697 
0.2916374 
0.2938369 
0.3133948 
0.3145071 
0.2939680 
0.2949792 
0.2980197 
0.3016886 
0.2948819 
0.2980877 
0.3037185 
0.3043818 
0.3236737 
0.3290710 
0.3302728 
0.2996300 
0.2746728 
0.2840408 
0.2915211 
0.2847639 
0.2865421 
0.2732295 
0.2691302 
0.2728430 
0.2543640 
0.2748690 
0.2524151 
0.2457910 
0.2495660 
0.2694191 
0.2578279 
0.2653840 
0.2562481 
0.2368106 
0.2522554 
0.2525389 
0.2419978 
0.2722157 
0.2641504 
0.2660714 
0.2742406 
0.2624405 
0.2393528 
0.2520685 
0.2272940 
0.2235041 
0.2357085 
0.2358324 
0.2290272 
0.2440249 
0.2381193 
0.2523140 
0.2293537 
0.2470713 
0.2198681 
0.2166180 
0.2133944 
0.2050536 
0.2075716 
0.2130887 
0.2172604 
0.2203116 
0.2302167 
0.2411350 
0.2333024 
0.2596116 
0.2531151 
0.2555986 
0.2326764 
0.2238640 
0.2396896 
0.2582775 
0.2468029 
0.2756678 
0.2084350 
0.1998479 
0.1681661 
0.1938529 
0.1929288 
0.1626281 
0.1715636 
0.1850061 
0.2006765 
0.2125024 
0.2224260 
0.1976114 
0.1885238 
0.1632086 
0.1580834 
0.1486244 
0.1723562 
0.1698210 
0.1427739 
0.1321406 
0.1382573 
0.1456659 
0.1537233 
0.1504958 
0.1577719 
0.1661404 
0.1468693 
0.1410073 
0.1506996 
0.1548904 
0.1483508 
0.1506366 
0.1480542 
0.1334145 
0.1310482 
0.1311310 
0.1338571 
0.1479093 
0.1733200 
0.1565711 
0.1698643 
0.1729689 
0.1689331 
0.1699797 
0.1752908 
0.1661051 
0.2037661 
0.1871934 
0.1812998 
0.1875655 
0.1812934 
0.1710802 
0.1593221 
0.1444212 
0.1588291 
0.1900485 
0.1588556 
0.1543683 
0.1553449 
0.1667145 
0.1675200 
0.1612914 
0.1772273 
0.1641392 
0.1454478 
0.1524566 
0.1425645 
0.1501305 
0.1639138 
0.1585832 
0.1629122 
0.1502049 
0.1191588 
0.1202267 
0.1310283 
0.1512663 
0.1486574 
0.1746245 
0.1824976 
0.1769914 
0.1898515 
0.1696299 
0.1388534 
0.1733282 
0.1801341 
0.1795737 
0.1774911 
0.1786249 
0.1648044 
0.1582091 
0.1803670 
0.1576980 
0.1819200 
0.1817074 
0.1791098 
0.1822877 
0.1847359 
0.1897963 
0.2213138 
0.2203903 
0.2014830 
0.2106944 
0.1831980 
0.1814276 
0.1640947 
0.2000483 
0.1958987 
0.2113279 
0.2003052 
0.2125907 
0.2302915 
0.2362802 
0.2166128 
0.1891814 
0.1808218 
0.1868706 
0.1903932 
0.2217379 
0.2095101 
0.1966566 
0.1867129 
0.2080994 
0.2111103 
0.1982404 
0.1706622 
0.1679651 
0.1543483 
0.1594179 
0.1880195 
0.1839876 
0.1714893 
0.1768590 
0.1677903 
0.1568663 
0.1823672 
0.2062513 
0.2035576 
0.2088734 
0.1992723 
0.1998694 
0.1865530 
0.1756994 
0.1866491 
0.1802051 
0.1702898 
0.1765791 
0.2013698 
0.2115803 
0.1992783 
0.2117036 
0.2051197 
0.2037743 
0.2106796 
0.2181905 
0.2172711 
0.2075027 
0.1967182 
0.1942670 
0.2021074 
0.1916994 
0.2198726 
0.1926586 
0.1897918 
0.1556358 
0.1540956 
0.1771386 
0.1977962 
0.1856061 
0.1743548 
0.1444009 
0.1477022 
0.1301960 
0.1342606 
0.1373867 
0.1312378 
0.1211720 
0.1257005 
0.1301622 
0.1173711 
0.1395688 
0.1221246 
0.1268265 
0.1300591 
0.1186425 
0.0981145 
0.1318136 
0.1300209 
0.1309258 
0.1365187 
0.1237996 
0.1122012 
0.1015922 
0.1025374 
0.1210719 
0.1466958 
0.1495984 
0.1577781 
0.1656556 
0.1138999 
0.0758450 
0.0603595 
0.0578630 
0.0679540 
0.0726353 
0.0722358 
0.0751055 
0.0917642 
0.0963612 
0.1137448 
0.0970931 
0.1051392 
0.1012689 
0.1230927 
0.1115404 
0.1301376 
0.1191831 
0.1137716 
0.1091643 
0.1077374 
0.1018177 
0.1062978 
0.1125128 
0.0992137 
0.1136452 
0.1159733 
0.1225399 
0.1162500 
0.1056987 
0.0828454 
0.0770308 
0.0690764 
0.0802204 
0.1011817 
0.0900252 
0.1023276 
0.1062155 
0.0989722 
0.0980442 
0.0766069 
0.0769375 
0.0875611 
0.0634026 
0.1060526 
0.0987905 
0.0988532 
0.0880432 
0.0824179 
0.0573303 
0.0573749 
0.0568353 
0.0654432 
0.0778509 
0.0945964 
0.0819588 
0.0828221 
0.1002362 
0.1152060 
0.1188790 
0.1099107 
0.0907610 
0.0738191 
0.0511525 
0.0632101 
0.0520045 
0.0490023 
0.0468565 
0.0405313 
0.0471930 
0.0480577 
0.0372382 
0.0222266 
0.0641626 
0.0819999 
0.0801875 
0.0836163 
0.0805803 
0.0653704 
0.0149164 
0.0431190 
0.0280010 
0.0529871 
0.0598178 
0.0772063 
0.0787950 
0.0669039 
0.0637808 
0.0369984 
0.0368239 
0.0436730 
0.0571073 
0.0795067 
0.0633529 
0.0578901 
0.0614352 
0.0698318 
0.0713304 
0.0513258 
0.0541937 
0.0600217 
0.0567575 
0.0316136 
0.0537343 
0.0265468 
0.0448260 
0.0345986 
0.0436043 
0.0293149 
0.0295982 
0.0463323 
0.0474094 
0.0451947 
0.0193871 
0.0423659 
0.0481968 
0.0489556 
0.0548382 
0.0305563 
0.0148382 
0.0336565 
0.0384939 
0.0539525 
0.0405996 
0.0588873 
0.0409395 
0.0361978 
0.0323890 
0.0215936 
0.0000000 
0.0371046 
0.0129525 
0.0268374 
0.0344977 
0.0313430 
0.0192988 
0.0231877 
0.0335023 
0.0304001 
0.0517436 
0.0388861 
0.0381861 
0.0286475 
0.0413424 
0.0492269 
0.0331115 
0.0451567 
0.0431481 
0.0383255 
0.0499068 
0.0428120 
0.0287763 
0.0489990 
0.0510133 
0.0313764 
0.0398491 
0.0487247 
0.0566177 
0.0374094 
0.0246603 
0.0166471 
0.0354597 
0.0335366 
0.0477792 
0.0362064 
0.0370623 
0.0124396 
0.0156770 
0.0425915 
0.0608331 
0.0539956 
0.0420906 
0.0436525 
0.0365109 
0.0294309 
0.0515671 
0.0399011 
