-0.0001278 
0.0000844 
0.0000052 
-0.4228809 
-0.2512002 
0.5156400 
1.0000000 
0.9934328 
0.9934770 
0.9936884 
0.9879291 
0.9886442 
0.9900666 
0.9929753 
0.9956595 
0.9917970 
0.9892937 
0.9809277 
0.9845557 
0.9837040 
0.9915429 
0.9896498 
0.9885512 
0.9934848 
0.9945683 
0.9874020 
0.9940971 
0.9966343 
0.9929278 
0.9877035 
0.9934604 
0.9948981 
0.9822057 
0.9855090 
0.9908497 
0.9904812 
0.9774924 
0.9807143 
0.9920464 
0.9867646 
0.9905684 
0.9924388 
0.9938380 
0.9996885 
0.9956563 
0.9890123 
0.9853660 
0.9865605 
0.9906830 
0.9933092 
0.9979505 
0.9851183 
0.9834769 
0.9811769 
0.9790392 
0.9780772 
0.9737577 
0.9742131 
0.9693099 
0.9706505 
0.9711225 
0.9666941 
0.9699718 
0.9727598 
0.9699686 
0.9682064 
0.9634901 
0.9653265 
0.9599714 
0.9684996 
0.9645472 
0.9627527 
0.9618201 
0.9576881 
0.9656090 
0.9546474 
0.9550219 
0.9573079 
0.9560810 
0.9525363 
0.9621677 
0.9597224 
0.9555329 
0.9509209 
0.9481800 
0.9443933 
0.9491764 
0.9442578 
0.9500077 
0.9511232 
0.9539345 
0.9550797 
0.9558612 
0.9558588 
0.9619829 
0.9578051 
0.9509193 
0.9498511 
0.9471763 
0.9492550 
0.9454076 
0.9422431 
0.9382215 
0.9416472 
0.9353779 
0.9378183 
0.9297288 
0.9374349 
0.9281147 
0.9248725 
0.9306012 
0.9369001 
0.9327529 
0.9322750 
0.9337670 
0.9317727 
0.9335586 
0.9307347 
0.9207304 
0.9344141 
0.9380075 
0.9307054 
0.9254282 
0.9347344 
0.9375239 
0.9348958 
0.9317191 
0.9291986 
0.9330457 
0.9332905 
0.9259529 
0.9238564 
0.9206069 
0.9220308 
0.9135024 
0.9176577 
0.9238773 
0.9210649 
0.9169062 
0.9229306 
0.9177015 
0.9175132 
0.9148623 
0.9118043 
0.9201958 
0.9222501 
0.9218757 
0.9274078 
0.9280033 
0.9254604 
0.9222947 
0.9217511 
0.9173276 
0.9249331 
0.9262742 
0.9251945 
0.9176155 
0.9103311 
0.9079908 
0.9126829 
0.9136445 
0.9168350 
0.9210337 
0.9152447 
0.9175841 
0.9200558 
0.9129332 
0.9085498 
0.9085185 
0.9043704 
0.9052323 
0.9021759 
0.9048252 
0.9046526 
0.9035867 
0.8992537 
0.8991600 
0.8986565 
0.8955891 
0.9013384 
0.9017233 
0.9095056 
0.9061976 
0.9080161 
0.9100788 
0.9102627 
0.9068474 
0.9111203 
0.9055159 
0.9002339 
0.9035910 
0.9030133 
0.9027163 
0.9053461 
0.8987724 
0.9005548 
0.8951541 
0.8937298 
0.9033318 
0.9003802 
0.8985006 
0.8938132 
0.8938206 
0.8934776 
0.8987524 
0.8968820 
0.8967988 
0.8877500 
0.8893813 
0.8946070 
0.9023859 
0.9012295 
0.8990467 
0.8996318 
0.8958095 
0.8926946 
0.8980542 
0.9000801 
0.9010528 
0.8997732 
0.9005826 
0.9014190 
0.9054328 
0.9039946 
0.9044609 
0.9060553 
0.9059713 
0.9083275 
0.8981105 
0.8989297 
0.9030999 
0.8990295 
0.8978884 
0.8918112 
0.8939838 
0.8918336 
0.8890024 
0.8882860 
0.8860813 
0.8864806 
0.8903432 
0.8928044 
0.8838984 
0.8850904 
0.8863617 
0.8909188 
0.8900922 
0.8853813 
0.8796920 
0.8822956 
0.8870456 
0.8879913 
0.8806609 
0.8786140 
0.8838990 
0.8854414 
0.8802701 
0.8813324 
0.8811519 
0.8733504 
0.8750379 
0.8768609 
0.8816982 
0.8845912 
0.8808922 
0.8776463 
0.8772950 
0.8790909 
0.8840038 
0.8779225 
0.8794117 
0.8753866 
0.8709056 
0.8778330 
0.8827929 
0.8742398 
0.8684297 
0.8715896 
0.8740240 
0.8748805 
0.8749934 
0.8695011 
0.8677848 
0.8608423 
0.8615733 
0.8663385 
0.8682409 
0.8680050 
0.8652877 
0.8637789 
0.8648652 
0.8659904 
0.8621096 
0.8610641 
0.8628084 
0.8679657 
0.8716732 
0.8689143 
0.8686812 
0.8625170 
0.8664560 
0.8665340 
0.8690740 
0.8693614 
0.8663010 
0.8709623 
0.8711067 
0.8653730 
0.8679475 
0.8696013 
0.8667760 
0.8662140 
0.8659759 
0.8679664 
0.8690692 
0.8612681 
0.8554065 
0.8571519 
0.8566715 
0.8559181 
0.8592392 
0.8544893 
0.8541805 
0.8533397 
0.8575680 
0.8585313 
0.8604924 
0.8603677 
0.8613184 
0.8634622 
0.8604910 
0.8582223 
0.8519211 
0.8568619 
0.8570246 
0.8616081 
0.8560501 
0.8593823 
0.8538465 
0.8468105 
0.8474373 
0.8434228 
0.8379787 
0.8447998 
0.8543075 
0.8554766 
0.8488105 
0.8433995 
0.8420038 
0.8402161 
0.8386962 
0.8381369 
0.8389435 
0.8392839 
0.8332920 
0.8275936 
0.8263375 
0.8266594 
0.8222248 
0.8262999 
0.8245659 
0.8243721 
0.8277372 
0.8285048 
0.8316495 
0.8336527 
0.8279732 
0.8243486 
0.8265927 
0.8217896 
0.8185333 
0.8209488 
0.8188465 
0.8183455 
0.8178827 
0.8127701 
0.8073955 
0.8048361 
0.8118352 
0.8144240 
0.8080578 
0.8066176 
0.8126578 
0.8076643 
0.7994137 
0.7963752 
0.7950053 
0.7952464 
0.8021479 
0.8038014 
0.8053236 
0.8028962 
0.8076093 
0.7980108 
0.7945984 
0.8000028 
0.8034933 
0.7959904 
0.8009933 
0.8027771 
0.8026420 
0.8007182 
0.7984553 
0.8016633 
0.8032821 
0.8089111 
0.8089777 
0.8052992 
0.8035210 
0.8026956 
0.8046847 
0.8002467 
0.8029424 
0.8051047 
0.8035113 
0.8077634 
0.8038975 
0.8026740 
0.7996153 
0.7938644 
0.7947868 
0.7928143 
0.7906685 
0.7922616 
0.7904224 
0.7900094 
0.7959719 
0.7976296 
0.7991439 
0.8052619 
0.8020046 
0.8015662 
0.7983464 
0.7993712 
0.8008463 
0.7948711 
0.7930243 
0.7955968 
0.7928099 
0.7922405 
0.7907244 
0.7931072 
0.7959719 
0.7929148 
0.7917455 
0.7896007 
0.7862207 
0.7871482 
0.7866104 
0.7866462 
0.7830587 
0.7854097 
0.7860177 
0.7842393 
0.7897452 
0.7916688 
0.7842375 
0.7842544 
0.7899977 
0.7840898 
0.7835808 
0.7790011 
0.7716281 
0.7795980 
0.7767439 
0.7770816 
0.7798712 
0.7767845 
0.7819826 
0.7802407 
0.7780895 
0.7743321 
0.7771351 
0.7711321 
0.7662238 
0.7663738 
0.7714760 
0.7672031 
0.7647322 
0.7699363 
0.7673158 
0.7735063 
0.7698466 
0.7718918 
0.7706873 
0.7728018 
0.7715074 
0.7779686 
0.7778981 
0.7735046 
0.7694886 
0.7688843 
0.7671989 
0.7679609 
0.7660664 
0.7615460 
0.7629198 
0.7687744 
0.7632872 
0.7651710 
0.7621611 
0.7663710 
0.7702460 
0.7605192 
0.7599363 
0.7578931 
0.7547529 
0.7616574 
0.7634364 
0.7585819 
0.7559820 
0.7512802 
0.7522572 
0.7548113 
0.7570079 
0.7540257 
0.7590622 
0.7590820 
0.7595140 
0.7554794 
0.7481367 
0.7504835 
0.7515735 
0.7520694 
0.7496361 
0.7489321 
0.7491830 
0.7419335 
0.7455062 
0.7486575 
0.7482062 
0.7462921 
0.7403424 
0.7398111 
0.7428076 
0.7368873 
0.7388327 
0.7329391 
0.7413250 
0.7359488 
0.7374008 
0.7365710 
0.7365320 
0.7332703 
0.7368305 
0.7337215 
0.7291359 
0.7310604 
0.7275706 
0.7249064 
0.7281158 
0.7251215 
0.7270355 
0.7265679 
0.7273854 
0.7176430 
0.7153417 
0.7191293 
0.7237751 
0.7229540 
0.7261597 
0.7222434 
0.7254138 
0.7154379 
0.7139088 
0.7115174 
0.7102212 
0.7043854 
0.7044991 
0.7107008 
0.7119739 
0.7078405 
0.7157156 
0.7136497 
0.7207596 
0.7233802 
0.7209420 
0.7153035 
0.7096194 
0.7091233 
0.7099910 
0.7111790 
0.7161665 
0.7194177 
0.7238909 
0.7186344 
0.7160119 
0.7132696 
0.7151269 
0.7185327 
0.7207769 
0.7183763 
0.7198142 
0.7295021 
0.7305593 
0.7269780 
0.7234426 
0.7225143 
0.7224264 
0.7137911 
0.7120259 
0.7080362 
0.7037892 
0.7020748 
0.6931262 
0.6871627 
0.6863439 
0.6904615 
0.6912002 
0.6918442 
0.6870822 
0.6919671 
0.6906926 
0.6910014 
0.6875732 
0.6849215 
0.6888050 
0.6914821 
0.6895189 
0.6891335 
0.6948352 
0.6955575 
0.6865994 
0.6878358 
0.6858937 
0.6900450 
0.6837345 
0.6832886 
0.6843812 
0.6869462 
0.6820566 
0.6821293 
0.6816861 
0.6789178 
0.6746793 
0.6709563 
0.6754431 
0.6942141 
0.7042585 
0.7154492 
0.7238619 
0.7291506 
0.7336320 
0.7259414 
0.7205673 
0.7210101 
0.7175580 
0.7157247 
0.7036537 
0.6933717 
0.6865503 
0.6837158 
0.6794897 
0.6776514 
0.6737607 
0.6749159 
0.6764306 
0.6749453 
0.6668685 
0.6637793 
0.6600061 
0.6621670 
0.6575578 
0.6585780 
0.6579216 
0.6562179 
0.6542215 
0.6532012 
0.6545769 
0.6540973 
0.6593582 
0.6608462 
0.6622731 
0.6592906 
0.6647136 
0.6678075 
0.6674458 
0.6606756 
0.6583255 
0.6617854 
0.6619539 
0.6709971 
0.6747512 
0.6769537 
0.6634575 
0.6669913 
0.6676307 
0.6614646 
0.6620983 
0.6573505 
0.6581362 
0.6604619 
0.6610247 
0.6601372 
0.6629540 
0.6612685 
0.6593062 
0.6604369 
0.6686644 
0.6643810 
0.6678075 
0.6567901 
0.6556187 
0.6564751 
0.6619065 
0.6574840 
0.6540573 
0.6536567 
0.6531044 
0.6570010 
0.6621400 
0.6586893 
0.6660526 
0.6651241 
0.6648373 
0.6631711 
0.6627732 
0.6636407 
0.6595948 
0.6584846 
0.6545623 
0.6497119 
0.6575486 
0.6555726 
0.6523214 
0.6440154 
0.6399693 
0.6389224 
0.6429815 
0.6451208 
0.6435011 
0.6460819 
0.6433152 
0.6435246 
0.6394693 
0.6407258 
0.6460058 
0.6473214 
0.6471914 
0.6475868 
0.6427428 
0.6393715 
0.6406472 
0.6408655 
0.6405629 
0.6423601 
0.6415255 
0.6417240 
0.6434980 
0.6456177 
0.6542104 
0.6491145 
0.6425361 
0.6416160 
0.6415641 
0.6437211 
0.6495402 
0.6488460 
0.6496263 
0.6511679 
0.6460040 
0.6461899 
0.6420684 
0.6458782 
0.6409362 
0.6396262 
0.6451610 
0.6462898 
0.6441432 
0.6444238 
0.6472755 
0.6525568 
0.6513927 
0.6508078 
0.6544593 
0.6467790 
0.6482784 
0.6472044 
0.6451978 
0.6401904 
0.6403235 
0.6293973 
0.6336937 
0.6311510 
0.6332746 
0.6348570 
0.6335090 
0.6316419 
0.6392884 
0.6471842 
0.6488573 
0.6542686 
0.6496706 
0.6529822 
0.6449921 
0.6517043 
0.6481703 
0.6504893 
0.6443680 
0.6393523 
0.6417644 
0.6308685 
0.6285909 
0.6269374 
0.6329935 
0.6355590 
0.6332916 
0.6373636 
0.6387796 
0.6356918 
0.6398361 
0.6400326 
0.6425970 
0.6418392 
0.6424162 
0.6432757 
0.6394233 
0.6319602 
0.6300043 
0.6347671 
0.6319040 
0.6258942 
0.6275570 
0.6270761 
0.6248505 
0.6215851 
0.6280493 
0.6212245 
0.6225731 
0.6302562 
0.6250619 
0.6235828 
0.6263319 
0.6228773 
0.6191622 
0.6171172 
0.6193654 
0.6174351 
0.6157159 
0.6117496 
0.6108432 
0.6125909 
0.6209965 
0.6229258 
0.6228971 
0.6233419 
0.6198641 
0.6181547 
0.6193672 
0.6086304 
0.6120088 
0.6069555 
0.6099610 
0.6078409 
0.6056000 
0.6054256 
0.6062765 
0.6004179 
0.6051567 
0.6085936 
0.6040985 
0.6045208 
0.6063418 
0.6018658 
0.6031085 
0.6015937 
0.5980047 
0.6050983 
0.6008109 
0.6007366 
0.6039202 
0.6046485 
0.6018029 
0.5945915 
0.5989168 
0.5967998 
0.5930039 
0.5918642 
0.5861994 
0.5989419 
0.5929750 
0.5861546 
0.5876265 
0.5904978 
0.5864435 
0.5774574 
0.5858669 
0.5827334 
0.5886053 
0.5824552 
0.5809195 
0.5798803 
0.5778267 
0.5782952 
0.5825603 
0.5891701 
0.5899025 
0.5854472 
0.5856766 
0.5871963 
0.5878141 
0.5935354 
0.5863739 
0.5887085 
0.5878563 
0.5879773 
0.5824723 
0.5832956 
0.5824781 
0.5768568 
0.5762639 
0.5805319 
0.5724850 
0.5747259 
0.5727789 
0.5715249 
0.5679440 
0.5664372 
0.5650619 
0.5652522 
0.5635471 
0.5621835 
0.5670813 
0.5763820 
0.5820567 
0.5779211 
0.5723024 
0.5804531 
0.5793672 
0.5766933 
0.5744320 
0.5752745 
0.5757892 
0.5739846 
0.5673305 
0.5616764 
0.5603964 
0.5594848 
0.5602178 
0.5599574 
0.5541069 
0.5484408 
0.5509502 
0.5502567 
0.5508312 
0.5541046 
0.5524772 
0.5497941 
0.5538945 
0.5519257 
0.5542752 
0.5531193 
0.5484192 
0.5467909 
0.5420049 
0.5427827 
0.5401151 
0.5422899 
0.5357796 
0.5397099 
0.5375352 
0.5431240 
0.5402854 
0.5412599 
0.5400139 
0.5390527 
0.5396514 
0.5320737 
0.5355974 
0.5351306 
0.5340937 
0.5319703 
0.5279644 
0.5346693 
0.5337487 
0.5355865 
0.5377328 
0.5345424 
0.5316306 
0.5345718 
0.5249445 
0.5284182 
0.5364954 
0.5336970 
0.5262094 
0.5237811 
0.5225107 
0.5301420 
0.5294166 
0.5293835 
0.5271815 
0.5220026 
0.5204460 
0.5131997 
0.5149641 
0.5167359 
0.5102426 
0.5142196 
0.5170307 
0.5124432 
0.5127660 
0.5078928 
0.5098096 
0.5079044 
0.5015632 
0.5050364 
0.5005753 
0.5033449 
0.4975886 
0.4991071 
0.4950817 
0.4971577 
0.4974209 
0.4959419 
0.4918278 
0.4925264 
0.4916502 
0.4923486 
0.4904726 
0.5029204 
0.5000818 
0.4872842 
0.4857964 
0.4915497 
0.4916449 
0.4939992 
0.4911375 
0.4933609 
0.4919110 
0.4907214 
0.4889404 
0.4903772 
0.4874102 
0.4865156 
0.4860023 
0.4836510 
0.4868306 
0.4842320 
0.4821424 
0.4787228 
0.4803926 
0.4804268 
0.4725483 
0.4749748 
0.4719827 
0.4688191 
0.4675423 
0.4671150 
0.4639137 
0.4625753 
0.4571935 
0.4588062 
0.4562905 
0.4509757 
0.4605725 
0.4627872 
0.4673764 
0.4712144 
0.4642017 
0.4612284 
0.4632634 
0.4557216 
0.4517352 
0.4519709 
0.4580084 
0.4555394 
0.4498046 
0.4476616 
0.4464247 
0.4466895 
0.4546403 
0.4509310 
0.4547580 
0.4485742 
0.4434360 
0.4407769 
0.4424289 
0.4408057 
0.4413559 
0.4443940 
0.4550028 
0.4499530 
0.4452846 
0.4503887 
0.4508323 
0.4412596 
0.4419508 
0.4462410 
0.4442669 
0.4490399 
0.4489395 
0.4529640 
0.4531065 
0.4547628 
0.4621294 
0.4559606 
0.4518347 
0.4521231 
0.4510861 
0.4550069 
0.4554803 
0.4611136 
0.4643253 
0.4623488 
0.4613923 
0.4647244 
0.4649707 
0.4569938 
0.4570597 
0.4645563 
0.4667069 
0.4668084 
0.4649531 
0.4681051 
0.4660530 
0.4617309 
0.4615118 
0.4659542 
0.4669741 
0.4640511 
0.4646959 
0.4647215 
0.4669491 
0.4693621 
0.4697007 
0.4703609 
0.4668638 
0.4678591 
0.4743511 
0.4776434 
0.4750597 
0.4718623 
0.4672188 
0.4717926 
0.4688012 
0.4681560 
0.4670161 
0.4674524 
0.4672612 
0.4664562 
0.4653714 
0.4670426 
0.4644216 
0.4667257 
0.4584894 
0.4540624 
0.4592153 
0.4547888 
0.4554071 
0.4540361 
0.4531366 
0.4512464 
0.4468059 
0.4500419 
0.4507812 
0.4484687 
0.4534752 
0.4480878 
0.4476971 
0.4450398 
0.4447107 
0.4429750 
0.4375154 
0.4340029 
0.4261694 
0.4202887 
0.4225978 
0.4252328 
0.4219319 
0.4282030 
0.4283309 
0.4277806 
0.4270727 
0.4247839 
0.4278880 
0.4228581 
0.4241149 
0.4219035 
0.4208995 
0.4222986 
0.4297955 
0.4289898 
0.4248698 
0.4236431 
0.4176637 
0.4152019 
0.4192908 
0.4150013 
0.4134687 
0.4137359 
0.4106989 
0.4069814 
0.4042873 
0.4047113 
0.4102117 
0.4126874 
0.4108553 
0.4084467 
0.4265331 
0.4316648 
0.4312643 
0.4319860 
0.4293134 
0.4242687 
0.4188473 
0.4072396 
0.4133964 
0.4190016 
0.4237713 
0.4213732 
0.4198519 
0.4209711 
0.4208977 
0.4241563 
0.4239198 
0.4411872 
0.4374154 
0.4469883 
0.4433815 
0.4437918 
0.4422410 
0.4397981 
0.4410576 
0.4422948 
0.4473645 
0.4220349 
0.4097670 
0.3918467 
0.3860193 
0.3842960 
0.3722573 
0.3743614 
0.3689950 
0.3691846 
0.3714742 
0.3722906 
0.3660226 
0.3691389 
0.3649442 
0.3655027 
0.3561526 
0.3555597 
0.3559985 
0.3539677 
0.3452038 
0.3449520 
0.3460089 
0.3436736 
0.3465887 
0.3428322 
0.3529370 
0.3531493 
0.3423270 
0.3340844 
0.3423445 
0.3517450 
0.3440560 
0.3437166 
0.3498060 
0.3521594 
0.3507435 
0.3528222 
0.3564893 
0.3540265 
0.3512232 
0.3504924 
0.3491350 
0.3527367 
0.3564463 
0.3568975 
0.3563654 
0.3547939 
0.3598878 
0.3574872 
0.3577070 
0.3590239 
0.3591509 
0.3651028 
0.3672330 
0.3654413 
0.3640704 
0.3612171 
0.3592709 
0.3599737 
0.3626976 
0.3568786 
0.3507223 
0.3456690 
0.3465666 
0.3448474 
0.3442331 
0.3498582 
0.3515652 
0.3506415 
0.3466621 
0.3462502 
0.3424310 
0.3451258 
0.3407310 
0.3371770 
0.3404179 
0.3390430 
0.3322543 
0.3291776 
0.3301490 
0.3350504 
0.3379742 
0.3384607 
0.3423199 
0.3356244 
0.3305021 
0.3331352 
0.3517097 
0.3527634 
0.3534027 
0.3534206 
0.3607771 
0.3588130 
0.3609253 
0.3634169 
0.3621024 
0.3636093 
0.3519332 
0.3562973 
0.3580551 
0.3499363 
0.3496124 
0.3517959 
0.3577732 
0.3604214 
0.3551200 
0.3552504 
0.3548677 
0.3530824 
0.3517658 
0.3507532 
0.3524191 
0.3543852 
0.3515819 
0.3456332 
0.3400187 
0.3384106 
0.3326225 
0.3304752 
0.3269813 
0.3265437 
0.3205089 
0.3159965 
0.3104050 
0.3152620 
0.3119550 
0.3113025 
0.3189007 
0.3151148 
0.3114023 
0.3121140 
0.3055437 
0.3112526 
0.3130259 
0.3108382 
0.3099195 
0.3054573 
0.3082670 
0.3037238 
0.3032234 
0.3016633 
0.2992622 
0.2955290 
0.2915029 
0.2931299 
0.2904596 
0.2867723 
0.2971243 
0.2945317 
0.2941456 
0.2914451 
0.2917993 
0.2899889 
0.2871261 
0.2834691 
0.2868237 
0.2945750 
0.2950907 
0.2850952 
0.2864637 
0.2877539 
0.2837964 
0.2802757 
0.2794134 
0.2776219 
0.2732204 
0.2688035 
0.2712303 
0.2639254 
0.2654960 
0.2646684 
0.2658572 
0.2659770 
0.2651576 
0.2653741 
0.2688096 
0.2725316 
0.2780666 
0.2819032 
0.2869849 
0.2915194 
0.2946025 
0.2915746 
0.2906753 
0.2830608 
0.2684342 
0.2734020 
0.2722639 
0.2652702 
0.2680145 
0.2714708 
0.2685547 
0.2688395 
0.2630428 
0.2627743 
0.2612749 
0.2626219 
0.2502561 
0.2524812 
0.2552134 
0.2576790 
0.2589382 
0.2589082 
0.2572201 
0.2552375 
0.2531810 
0.2535729 
0.2511908 
0.2526859 
0.2528034 
0.2468939 
0.2511865 
0.2497510 
0.2461190 
0.2470231 
0.2548418 
0.2584214 
0.2528990 
0.2521338 
0.2508794 
0.2483411 
0.2476930 
0.2466764 
0.2527076 
0.2513019 
0.2552711 
0.2482820 
0.2469137 
0.2464022 
0.2438981 
0.2500235 
0.2472295 
0.2519188 
0.2508142 
0.2522193 
0.2447325 
0.2400858 
0.2410408 
0.2379931 
0.2397979 
0.2469474 
0.2571789 
0.2659577 
0.2597092 
0.2593549 
0.2612917 
0.2579192 
0.2526890 
0.2458425 
0.2408725 
0.2398477 
0.2403200 
0.2434475 
0.2422847 
0.2459258 
0.2478802 
0.2340657 
0.2368316 
0.2361164 
0.2366000 
0.2361096 
0.2355905 
0.2427051 
0.2420248 
0.2412541 
0.2402902 
0.2386524 
0.2446855 
0.2395913 
0.2428868 
0.2436735 
0.2437894 
0.2434265 
0.2435749 
0.2458033 
0.2361679 
0.2343676 
0.2315261 
0.2318679 
0.2338273 
0.2318045 
0.2357841 
0.2363749 
0.2344453 
0.2329817 
0.2326105 
0.2356715 
0.2351345 
0.2352169 
0.2310580 
0.2339578 
0.2322464 
0.2358730 
0.2316210 
0.2240100 
0.2224645 
0.2233183 
0.2205596 
0.2286299 
0.2236657 
0.2229025 
0.2209664 
0.2170735 
0.2133400 
0.2130120 
0.2108022 
0.2146299 
0.2136672 
0.2081115 
0.2092925 
0.2127267 
0.2073908 
0.2033794 
0.2040582 
0.2075938 
0.2020662 
0.2034604 
0.2024594 
0.2020503 
0.1983755 
0.2008305 
0.2032515 
0.2055478 
0.2052090 
0.2051001 
0.2048023 
0.1899366 
0.1882657 
0.1846603 
0.1831475 
0.1886428 
0.1840973 
0.1925740 
0.1891637 
0.1892181 
0.1947849 
0.1916065 
0.1849013 
0.1846976 
0.1830322 
0.1854314 
0.1830242 
0.1884211 
0.1814133 
0.1799368 
0.1845516 
0.1848907 
0.1883339 
0.1886902 
0.1907329 
0.1869182 
0.1877347 
0.1860324 
0.1846653 
0.1815995 
0.1810370 
0.1787952 
0.1783130 
0.1712012 
0.1711455 
0.1707587 
0.1748301 
0.1713859 
0.1674096 
0.1716243 
0.1755818 
0.1797780 
0.1802892 
0.1770845 
0.1799052 
0.1827770 
0.1827393 
0.1831806 
0.1809347 
0.1751271 
0.1723528 
0.1736439 
0.1749910 
0.1803386 
0.1722849 
0.1642309 
0.1618401 
0.1587888 
0.1642391 
0.1630471 
0.1685768 
0.1655925 
0.1714414 
0.1681672 
0.1634006 
0.1617089 
0.1648716 
0.1674072 
0.1602932 
0.1556811 
0.1639968 
0.1659301 
0.1586814 
0.1621638 
0.1599012 
0.1557569 
0.1529334 
0.1559457 
0.1558527 
0.1609499 
0.1632425 
0.1605963 
0.1601355 
0.1526290 
0.1536696 
0.1483588 
0.1461461 
0.1465319 
0.1446640 
0.1438007 
0.1471290 
0.1478649 
0.1474187 
0.1478384 
0.1472875 
0.1446226 
0.1442017 
0.1425299 
0.1457873 
0.1433384 
0.1462151 
0.1465353 
0.1484928 
0.1507931 
0.1499777 
0.1459134 
0.1441835 
0.1505646 
0.1555490 
0.1546836 
0.1529287 
0.1539706 
0.1613012 
0.1605658 
0.1628066 
0.1602951 
0.1589247 
0.1562470 
0.1562303 
0.1630477 
0.1580703 
0.1534523 
0.1506543 
0.1448064 
0.1467867 
0.1448497 
0.1517566 
0.1584943 
0.1599767 
0.1579139 
0.1499148 
0.1508558 
0.1507510 
0.1499325 
0.1479853 
0.1474639 
0.1421506 
0.1475629 
0.1432645 
0.1427560 
0.1413875 
0.1387508 
0.1372737 
0.1411523 
0.1382985 
0.1362153 
0.1326238 
0.1339247 
0.1346639 
0.1368554 
0.1422596 
0.1429092 
0.1406768 
0.1387531 
0.1353578 
0.1352283 
0.1314091 
0.1267156 
0.1189146 
0.1193713 
0.1209425 
0.1245179 
0.1255393 
0.1293927 
0.1313757 
0.1298717 
0.1303912 
0.1296809 
0.1274119 
0.1095876 
0.1011987 
0.1001378 
0.0944337 
0.0983080 
0.1030384 
0.1042316 
0.1069205 
0.1072872 
0.1099144 
0.1180144 
0.1159084 
0.1231104 
0.1236460 
0.1215830 
0.1167710 
0.1082548 
0.0948387 
0.0965693 
0.0987497 
0.0975962 
0.0934745 
0.0901003 
0.0836749 
0.0781363 
0.0716908 
0.0681539 
0.0678357 
0.0664360 
0.0626707 
0.0689536 
0.0684541 
0.0734751 
0.0706654 
0.0727153 
0.0760909 
0.0764213 
0.0763034 
0.0767252 
0.0765254 
0.0849590 
0.0843601 
0.0852289 
0.0780148 
0.0767059 
0.0713428 
0.0674063 
0.0711730 
0.0690458 
0.0795038 
0.0849200 
0.0901303 
0.0931477 
0.0872088 
0.0896975 
0.0906002 
0.0915057 
0.0960491 
0.0895400 
0.0925572 
0.0924969 
0.0973822 
0.0950747 
0.0898052 
0.0902135 
0.0849165 
0.0868258 
0.0906977 
0.0950391 
0.0977083 
0.0957497 
0.0951015 
0.0975352 
0.0961140 
0.1053479 
0.1023067 
0.1070022 
0.1021329 
0.0968478 
0.0864423 
0.0846332 
0.0826140 
0.0843483 
0.0863517 
0.0889048 
0.0877654 
0.0755767 
0.0803969 
0.0785556 
0.0739973 
0.0807974 
0.0858889 
0.0877706 
0.0895987 
0.0890461 
0.0869444 
0.0828925 
0.0886025 
0.0810663 
0.0682153 
0.0691730 
0.0666109 
0.0629555 
0.0667945 
0.0638678 
0.0638784 
0.0679574 
0.0616142 
0.0558006 
0.0546009 
0.0609340 
0.0521995 
0.0557298 
0.0557984 
0.0510087 
0.0521477 
0.0592502 
0.0567624 
0.0562975 
0.0628461 
0.0507161 
0.0503410 
0.0514356 
0.0479211 
0.0472948 
0.0452368 
0.0474847 
0.0469970 
0.0473005 
0.0496324 
0.0552524 
0.0473275 
0.0378663 
0.0371672 
0.0293011 
0.0291972 
0.0392800 
0.0349360 
0.0360915 
0.0426101 
0.0476134 
0.0493509 
0.0489486 
0.0458810 
0.0412585 
0.0414903 
0.0400074 
0.0369277 
0.0334302 
0.0323316 
0.0358322 
0.0394189 
0.0416876 
0.0408231 
0.0415307 
0.0407229 
0.0370742 
0.0399295 
0.0391387 
0.0360055 
0.0411455 
0.0443432 
0.0421891 
0.0374152 
0.0453193 
0.0435878 
0.0376605 
0.0352476 
0.0342344 
0.0306618 
0.0263703 
0.0260925 
0.0240328 
0.0252320 
0.0231405 
0.0195401 
0.0172996 
0.0132431 
0.0173997 
0.0176650 
0.0170427 
0.0140772 
0.0250705 
0.0222782 
0.0235745 
0.0215357 
0.0124386 
0.0050209 
0.0019059 
0.0144121 
0.0208968 
0.0175005 
0.0177069 
0.0163050 
0.0088475 
0.0086272 
0.0054798 
0.0089419 
0.0104798 
0.0102720 
0.0130712 
0.0140536 
0.0147262 
0.0108069 
0.0098113 
0.0049266 
0.0000000 
