-0.0001138 
-0.0001552 
-0.0001682 
-0.1250818 
0.1744679 
-0.2859138 
0.9773507 
0.9833227 
0.9906923 
0.9930978 
0.9949399 
0.9955715 
0.9950172 
0.9938405 
0.9867815 
0.9866487 
0.9871010 
0.9903421 
0.9909378 
0.9974314 
0.9994275 
1.0000000 
0.9990367 
0.9918760 
0.9831221 
0.9739378 
0.9711047 
0.9730422 
0.9738146 
0.9765303 
0.9811686 
0.9804793 
0.9809502 
0.9844802 
0.9863409 
0.9861508 
0.9824304 
0.9798866 
0.9723079 
0.9688430 
0.9690503 
0.9692592 
0.9793086 
0.9840755 
0.9832859 
0.9821815 
0.9796634 
0.9771848 
0.9792902 
0.9758992 
0.9676042 
0.9597079 
0.9592345 
0.9588960 
0.9628492 
0.9648253 
0.9659153 
0.9772962 
0.9853850 
0.9855335 
0.9820210 
0.9720443 
0.9614836 
0.9555773 
0.9462216 
0.9457558 
0.9438964 
0.9427354 
0.9390412 
0.9391686 
0.9408812 
0.9425015 
0.9435687 
0.9437621 
0.9474866 
0.9516220 
0.9556230 
0.9629577 
0.9656347 
0.9645789 
0.9616912 
0.9635775 
0.9635886 
0.9614011 
0.9571704 
0.9599970 
0.9629407 
0.9607201 
0.9638176 
0.9618987 
0.9592869 
0.9551942 
0.9523544 
0.9508613 
0.9520787 
0.9529344 
0.9523661 
0.9525780 
0.9538189 
0.9582294 
0.9583963 
0.9534346 
0.9512877 
0.9519959 
0.9479361 
0.9457009 
0.9399324 
0.9401170 
0.9390781 
0.9375813 
0.9376898 
0.9380452 
0.9454050 
0.9397080 
0.9375637 
0.9379277 
0.9404021 
0.9426660 
0.9410808 
0.9367052 
0.9336562 
0.9305825 
0.9295484 
0.9325206 
0.9306922 
0.9341544 
0.9296692 
0.9304324 
0.9301767 
0.9287157 
0.9286317 
0.9291222 
0.9283047 
0.9277653 
0.9267650 
0.9270645 
0.9319658 
0.9357565 
0.9366312 
0.9353592 
0.9374332 
0.9334974 
0.9345937 
0.9352956 
0.9331628 
0.9293795 
0.9281621 
0.9242603 
0.9222999 
0.9279136 
0.9258325 
0.9290799 
0.9237699 
0.9251500 
0.9268772 
0.9265254 
0.9239806 
0.9258116 
0.9220754 
0.9172542 
0.9179143 
0.9196353 
0.9181583 
0.9150846 
0.9161131 
0.9154486 
0.9133381 
0.9149308 
0.9112940 
0.9147553 
0.9155771 
0.9151192 
0.9074484 
0.9008345 
0.9019597 
0.9069151 
0.9111322 
0.9060545 
0.9138174 
0.9176047 
0.9161282 
0.9112294 
0.9084469 
0.9070703 
0.9080234 
0.9123247 
0.9182059 
0.9165800 
0.9151690 
0.9122323 
0.9121183 
0.9073683 
0.8983481 
0.8983073 
0.8989176 
0.9003319 
0.9117572 
0.9138393 
0.9169230 
0.9173839 
0.9170576 
0.9179209 
0.9115783 
0.9082024 
0.9050075 
0.9023752 
0.9045673 
0.9004949 
0.9014824 
0.9064897 
0.8993226 
0.9005485 
0.9036076 
0.9102833 
0.9140679 
0.9158078 
0.9111527 
0.9044540 
0.9046634 
0.9037721 
0.9017270 
0.9021804 
0.9069930 
0.9114174 
0.9102307 
0.9023146 
0.8988960 
0.8975963 
0.8981147 
0.8948172 
0.8962478 
0.9007280 
0.9016168 
0.9025755 
0.9025206 
0.9044145 
0.9042795 
0.9051779 
0.9057415 
0.8985877 
0.8936395 
0.8905452 
0.8917870 
0.8889931 
0.8864001 
0.8873040 
0.8898978 
0.8977009 
0.9035533 
0.9040920 
0.9028984 
0.9000155 
0.8974422 
0.8974388 
0.8912715 
0.8857653 
0.8859212 
0.8845146 
0.8825295 
0.8817941 
0.8828858 
0.8841015 
0.8846084 
0.8893411 
0.8888705 
0.8928815 
0.8921809 
0.8911515 
0.8902485 
0.8857192 
0.8805728 
0.8769340 
0.8754577 
0.8777579 
0.8785494 
0.8814102 
0.8867138 
0.8898716 
0.8916814 
0.8923678 
0.8962017 
0.8943578 
0.8905096 
0.8850627 
0.8829055 
0.8806743 
0.8825717 
0.8834086 
0.8846196 
0.8886523 
0.8883953 
0.8953303 
0.8963399 
0.8939969 
0.8912497 
0.8897321 
0.8823672 
0.8804804 
0.8777858 
0.8766342 
0.8738978 
0.8748459 
0.8755269 
0.8774668 
0.8778999 
0.8784715 
0.8797138 
0.8834771 
0.8840453 
0.8799105 
0.8815822 
0.8826652 
0.8836416 
0.8823461 
0.8876656 
0.8894320 
0.8906244 
0.8913304 
0.8834267 
0.8838511 
0.8821135 
0.8806663 
0.8778109 
0.8765470 
0.8719344 
0.8711718 
0.8713217 
0.8714596 
0.8685285 
0.8716844 
0.8718835 
0.8828812 
0.8831770 
0.8847015 
0.8898959 
0.8910394 
0.8925838 
0.8857118 
0.8903136 
0.8906475 
0.8892170 
0.8845343 
0.8803427 
0.8781379 
0.8780004 
0.8806045 
0.8816360 
0.8811222 
0.8800110 
0.8808420 
0.8740779 
0.8636900 
0.8683253 
0.8818330 
0.8838193 
0.8824257 
0.8840347 
0.8857882 
0.8835688 
0.8839425 
0.8853838 
0.8896663 
0.8896670 
0.8868633 
0.8852046 
0.8851029 
0.8809760 
0.8819904 
0.8787802 
0.8765685 
0.8723836 
0.8711444 
0.8756615 
0.8767988 
0.8805332 
0.8830818 
0.8831317 
0.8764164 
0.8756095 
0.8729942 
0.8627106 
0.8589416 
0.8573449 
0.8595048 
0.8567452 
0.8651440 
0.8686282 
0.8678675 
0.8630338 
0.8572840 
0.8555439 
0.8509460 
0.8463823 
0.8380291 
0.8370010 
0.8416621 
0.8478753 
0.8508300 
0.8581271 
0.8628107 
0.8635703 
0.8613603 
0.8610854 
0.8604594 
0.8573031 
0.8515906 
0.8523455 
0.8507511 
0.8461078 
0.8463242 
0.8512968 
0.8525520 
0.8523670 
0.8510713 
0.8496561 
0.8472514 
0.8428312 
0.8418865 
0.8393855 
0.8415332 
0.8434873 
0.8478548 
0.8507517 
0.8528464 
0.8513275 
0.8592602 
0.8518803 
0.8437327 
0.8408333 
0.8381366 
0.8331800 
0.8363885 
0.8360115 
0.8368654 
0.8336779 
0.8315953 
0.8307623 
0.8256760 
0.8285800 
0.8300975 
0.8269311 
0.8270736 
0.8335515 
0.8292083 
0.8383457 
0.8377917 
0.8426574 
0.8403235 
0.8361442 
0.8354489 
0.8299603 
0.8243309 
0.8236816 
0.8206472 
0.8193087 
0.8251847 
0.8246121 
0.8293725 
0.8369788 
0.8368784 
0.8355293 
0.8352507 
0.8325592 
0.8310363 
0.8234317 
0.8267735 
0.8251144 
0.8292804 
0.8280062 
0.8299889 
0.8287476 
0.8318173 
0.8305994 
0.8301885 
0.8330246 
0.8314330 
0.8326257 
0.8296871 
0.8269221 
0.8270846 
0.8234940 
0.8230648 
0.8211710 
0.8241794 
0.8258675 
0.8270320 
0.8272649 
0.8394534 
0.8382931 
0.8397597 
0.8353780 
0.8366679 
0.8363120 
0.8367997 
0.8391132 
0.8388633 
0.8369236 
0.8352276 
0.8355146 
0.8350529 
0.8328171 
0.8312300 
0.8257145 
0.8185990 
0.8222079 
0.8173383 
0.8191477 
0.8208979 
0.8211373 
0.8225101 
0.8183289 
0.8193401 
0.8188677 
0.8194049 
0.8165455 
0.8184806 
0.8214729 
0.8220086 
0.8242055 
0.8254213 
0.8248679 
0.8267999 
0.8244204 
0.8256128 
0.8284235 
0.8274337 
0.8286413 
0.8236813 
0.8243410 
0.8229900 
0.8223883 
0.8276869 
0.8300089 
0.8286340 
0.8277602 
0.8245939 
0.8184386 
0.8158373 
0.8105837 
0.8036230 
0.8013027 
0.7965689 
0.7945413 
0.7961582 
0.7994600 
0.8008685 
0.8099205 
0.8282716 
0.8325486 
0.8342053 
0.8348548 
0.8336434 
0.8346681 
0.8277595 
0.8252532 
0.8223188 
0.8186199 
0.8188248 
0.8133081 
0.8128038 
0.8146011 
0.8173664 
0.8175421 
0.8230026 
0.8248516 
0.8264076 
0.8269563 
0.8233687 
0.8177078 
0.8164195 
0.8129326 
0.8113543 
0.8074790 
0.8064088 
0.8051079 
0.8031193 
0.8010925 
0.8016785 
0.8043167 
0.8059558 
0.8073875 
0.8090885 
0.8097080 
0.8081718 
0.8085262 
0.8075333 
0.8135991 
0.8138818 
0.8066424 
0.8075076 
0.8052681 
0.8015552 
0.8004959 
0.7979968 
0.7987318 
0.8022014 
0.8028467 
0.7967791 
0.7893094 
0.7806066 
0.7741320 
0.7714261 
0.7695963 
0.7707068 
0.7691261 
0.7718114 
0.7723633 
0.7816828 
0.7883848 
0.7892890 
0.7850818 
0.7834406 
0.7768215 
0.7829049 
0.7758422 
0.7766235 
0.7762889 
0.7772897 
0.7771270 
0.7701025 
0.7687720 
0.7753089 
0.7762952 
0.7775394 
0.7829000 
0.7886519 
0.7873299 
0.7846964 
0.7797411 
0.7736806 
0.7678137 
0.7614562 
0.7593493 
0.7573184 
0.7597960 
0.7553621 
0.7543426 
0.7576497 
0.7589538 
0.7615541 
0.7644098 
0.7699324 
0.7717750 
0.7753576 
0.7797365 
0.7864312 
0.7882080 
0.7875033 
0.7845512 
0.7773560 
0.7663223 
0.7660210 
0.7707186 
0.7714031 
0.7684578 
0.7665846 
0.7661490 
0.7603300 
0.7594173 
0.7596813 
0.7652950 
0.7705453 
0.7721978 
0.7725291 
0.7717780 
0.7696368 
0.7710148 
0.7695504 
0.7710389 
0.7714325 
0.7720797 
0.7713922 
0.7716614 
0.7771133 
0.7791683 
0.7834029 
0.7818405 
0.7815089 
0.7757961 
0.7701394 
0.7664268 
0.7642941 
0.7585116 
0.7549729 
0.7532455 
0.7585587 
0.7579302 
0.7555283 
0.7590077 
0.7620917 
0.7645734 
0.7662215 
0.7720262 
0.7732183 
0.7749522 
0.7704534 
0.7699262 
0.7623793 
0.7642250 
0.7572326 
0.7529002 
0.7443474 
0.7403105 
0.7377740 
0.7386458 
0.7357512 
0.7382323 
0.7472604 
0.7536128 
0.7604328 
0.7644799 
0.7667243 
0.7716339 
0.7724420 
0.7699036 
0.7674026 
0.7660668 
0.7655185 
0.7593483 
0.7572282 
0.7484402 
0.7457351 
0.7453877 
0.7476028 
0.7428515 
0.7393022 
0.7377689 
0.7403897 
0.7397174 
0.7455025 
0.7456639 
0.7476487 
0.7480872 
0.7491937 
0.7442901 
0.7379070 
0.7427150 
0.7483163 
0.7444288 
0.7398908 
0.7424535 
0.7426158 
0.7392075 
0.7431288 
0.7448922 
0.7433493 
0.7385051 
0.7382065 
0.7340452 
0.7345198 
0.7345259 
0.7332791 
0.7317923 
0.7302741 
0.7256596 
0.7225797 
0.7206738 
0.7209640 
0.7228377 
0.7258379 
0.7278879 
0.7280427 
0.7285722 
0.7340707 
0.7336532 
0.7375529 
0.7272968 
0.7335433 
0.7289027 
0.7259255 
0.7216088 
0.7180766 
0.7152781 
0.7183435 
0.7173412 
0.7191812 
0.7237973 
0.7220997 
0.7283066 
0.7258412 
0.7229806 
0.7202216 
0.7229668 
0.7216108 
0.7195387 
0.7210936 
0.7200484 
0.7174626 
0.7230444 
0.7277971 
0.7262282 
0.7264361 
0.7247965 
0.7232337 
0.7196137 
0.7221330 
0.7207257 
0.7211543 
0.7206092 
0.7210565 
0.7228879 
0.7137490 
0.7146128 
0.7156771 
0.7282731 
0.7271210 
0.7317473 
0.7340726 
0.7313073 
0.7285607 
0.7212047 
0.7132306 
0.7132035 
0.7080032 
0.7105985 
0.7119559 
0.7108983 
0.7111862 
0.7144403 
0.7115154 
0.7140488 
0.7150437 
0.7142548 
0.7178052 
0.7190360 
0.7213169 
0.7200984 
0.7120473 
0.7109019 
0.7095595 
0.7093755 
0.7129571 
0.7140639 
0.7150738 
0.7114740 
0.7146017 
0.7099653 
0.7086250 
0.7090536 
0.7107278 
0.7075887 
0.7119843 
0.7081701 
0.7084608 
0.7026031 
0.7048685 
0.7030106 
0.7034015 
0.7022576 
0.6949956 
0.6978134 
0.6941392 
0.6944472 
0.6966567 
0.6935582 
0.6945873 
0.6928463 
0.6863973 
0.6923784 
0.6948352 
0.6960899 
0.7001444 
0.7028075 
0.7040729 
0.7103340 
0.7090898 
0.7074767 
0.7058970 
0.6998628 
0.7019195 
0.7053028 
0.7068662 
0.7049408 
0.7062143 
0.7113310 
0.7144894 
0.7203053 
0.7199919 
0.7208109 
0.7194061 
0.7146236 
0.7111941 
0.7078835 
0.7070943 
0.7083300 
0.7068466 
0.7046196 
0.7027571 
0.7034914 
0.7029133 
0.7016442 
0.7010231 
0.6988700 
0.6971570 
0.6964953 
0.6932825 
0.6952579 
0.7009981 
0.7073721 
0.7020760 
0.7028441 
0.7031382 
0.7071386 
0.7087570 
0.7079556 
0.7069046 
0.7034576 
0.7055895 
0.7074673 
0.7066618 
0.7070916 
0.7076436 
0.7102383 
0.7064809 
0.7138471 
0.7088306 
0.7099976 
0.7078405 
0.7073110 
0.7063126 
0.7046647 
0.7045934 
0.7051396 
0.7067589 
0.7124642 
0.7132177 
0.7130859 
0.7181032 
0.7207625 
0.7150312 
0.7114710 
0.7070385 
0.6999595 
0.7019114 
0.6977378 
0.6932922 
0.6897738 
0.6898120 
0.6900726 
0.6879342 
0.6889533 
0.6916803 
0.6928526 
0.6966892 
0.6979272 
0.7016016 
0.6992365 
0.6969119 
0.6977244 
0.6893416 
0.6869144 
0.6882615 
0.6885811 
0.6914598 
0.6879625 
0.6883421 
0.6904594 
0.6973819 
0.7046897 
0.7044663 
0.7084244 
0.7064104 
0.7026206 
0.6978236 
0.6956114 
0.6972243 
0.6935217 
0.6895360 
0.6858924 
0.6835739 
0.6842323 
0.6660722 
0.6683401 
0.6754427 
0.6825660 
0.6862463 
0.6907720 
0.6901465 
0.6865573 
0.6867580 
0.6825809 
0.6904285 
0.6907716 
0.6912000 
0.6858639 
0.6844714 
0.6827798 
0.6833316 
0.6871744 
0.6905587 
0.6892667 
0.6898429 
0.6866655 
0.6783484 
0.6727079 
0.6720943 
0.6720216 
0.6816071 
0.6800287 
0.6793550 
0.6773562 
0.6711654 
0.6687487 
0.6702486 
0.6717332 
0.6730778 
0.6756121 
0.6790150 
0.6801037 
0.6808164 
0.6788936 
0.6802273 
0.6738211 
0.6706800 
0.6676456 
0.6622721 
0.6638549 
0.6594855 
0.6580523 
0.6594005 
0.6577982 
0.6595361 
0.6646856 
0.6646246 
0.6649306 
0.6639735 
0.6639797 
0.6574526 
0.6535395 
0.6485289 
0.6455254 
0.6391193 
0.6394385 
0.6448796 
0.6496256 
0.6488097 
0.6503923 
0.6425353 
0.6418600 
0.6418404 
0.6456169 
0.6455546 
0.6428005 
0.6429752 
0.6405404 
0.6391167 
0.6398112 
0.6369330 
0.6363970 
0.6339363 
0.6367319 
0.6345692 
0.6296451 
0.6278775 
0.6322487 
0.6387629 
0.6435275 
0.6468817 
0.6466788 
0.6512057 
0.6457331 
0.6411240 
0.6413213 
0.6386322 
0.6365296 
0.6319754 
0.6304286 
0.6263040 
0.6222899 
0.6199924 
0.6216198 
0.6244275 
0.6296703 
0.6312859 
0.6292189 
0.6365236 
0.6400290 
0.6423657 
0.6437508 
0.6454297 
0.6455082 
0.6429277 
0.6377531 
0.6433314 
0.6411490 
0.6429207 
0.6442236 
0.6415628 
0.6417257 
0.6401682 
0.6407789 
0.6455094 
0.6493528 
0.6509403 
0.6503228 
0.6507466 
0.6499608 
0.6497056 
0.6441942 
0.6419053 
0.6380982 
0.6315816 
0.6316346 
0.6277732 
0.6271904 
0.6330196 
0.6309660 
0.6301732 
0.6288935 
0.6315315 
0.6329047 
0.6302372 
0.6305901 
0.6304054 
0.6284013 
0.6264239 
0.6228638 
0.6201905 
0.6172619 
0.6143942 
0.6153606 
0.6195943 
0.6225031 
0.6233012 
0.6244630 
0.6270793 
0.6244850 
0.6299271 
0.6303689 
0.6323559 
0.6308072 
0.6313783 
0.6315127 
0.6342537 
0.6376901 
0.6411873 
0.6414940 
0.6414671 
0.6408710 
0.6419837 
0.6422633 
0.6468375 
0.6437670 
0.6413533 
0.6411252 
0.6393576 
0.6448636 
0.6466275 
0.6470745 
0.6443788 
0.6394529 
0.6370069 
0.6379331 
0.6377423 
0.6290532 
0.6311368 
0.6357315 
0.6361153 
0.6327588 
0.6321988 
0.6310864 
0.6274235 
0.6286528 
0.6215080 
0.6209585 
0.6192657 
0.6188909 
0.6193325 
0.6185712 
0.6185554 
0.6205733 
0.6206427 
0.6201295 
0.6204874 
0.6218351 
0.6204702 
0.6160359 
0.6173294 
0.6232076 
0.6240303 
0.6277724 
0.6279333 
0.6311843 
0.6244517 
0.6241369 
0.6224485 
0.6214234 
0.6206466 
0.6262945 
0.6280978 
0.6254710 
0.6251149 
0.6254401 
0.6211224 
0.6178678 
0.6133197 
0.6087425 
0.6103097 
0.6273359 
0.6289949 
0.6314201 
0.6342595 
0.6347030 
0.6356318 
0.6324620 
0.6286941 
0.6279183 
0.6193920 
0.6221180 
0.6210814 
0.6220731 
0.6248271 
0.6236234 
0.6178238 
0.6143801 
0.6099872 
0.6075411 
0.6048113 
0.6022715 
0.6018768 
0.6007235 
0.6030090 
0.6025120 
0.6057201 
0.6035273 
0.6017247 
0.6001268 
0.6005325 
0.6036680 
0.6075180 
0.6040237 
0.6045782 
0.6042394 
0.6102173 
0.6161256 
0.6150124 
0.6143834 
0.6129003 
0.6162643 
0.6183594 
0.6184770 
0.6212555 
0.6223034 
0.6268160 
0.6294521 
0.6313372 
0.6322037 
0.6356834 
0.6390962 
0.6349496 
0.6344335 
0.6385571 
0.6417706 
0.6380188 
0.6434399 
0.6477882 
0.6474601 
0.6512663 
0.6551774 
0.6568401 
0.6525480 
0.6500489 
0.6411908 
0.6351443 
0.6323515 
0.6270617 
0.6232351 
0.6194229 
0.6137903 
0.6058191 
0.6031017 
0.5979629 
0.5913574 
0.5845489 
0.5834779 
0.5811287 
0.5844892 
0.5866119 
0.5801152 
0.5766881 
0.5832720 
0.5841642 
0.5873550 
0.5840577 
0.5850586 
0.5870242 
0.5825789 
0.5831530 
0.5836454 
0.5850623 
0.5798147 
0.5868511 
0.5847372 
0.5872947 
0.5865648 
0.5901480 
0.5874026 
0.5897099 
0.5894312 
0.5899552 
0.5907098 
0.5898018 
0.5918277 
0.5928136 
0.5917526 
0.5901291 
0.5901151 
0.5827493 
0.5798126 
0.5778190 
0.5799591 
0.5822461 
0.5785480 
0.5819828 
0.5901614 
0.5902934 
0.5880412 
0.5821460 
0.5897526 
0.5938680 
0.5983434 
0.6001738 
0.5997712 
0.5975311 
0.5951092 
0.5940803 
0.5951085 
0.5995273 
0.5971354 
0.5979375 
0.5982958 
0.5989977 
0.6013395 
0.5981375 
0.6034831 
0.6037929 
0.6054423 
0.6039037 
0.6020767 
0.6013291 
0.6034685 
0.6029526 
0.5988160 
0.5944879 
0.5862564 
0.5837747 
0.5849766 
0.5811420 
0.5798566 
0.5721921 
0.5740664 
0.5767478 
0.5808612 
0.5766486 
0.5713193 
0.5681140 
0.5631922 
0.5608654 
0.5579980 
0.5574502 
0.5602199 
0.5616509 
0.5587802 
0.5627507 
0.5605715 
0.5555820 
0.5563044 
0.5574435 
0.5578955 
0.5573570 
0.5566930 
0.5583507 
0.5571677 
0.5542210 
0.5546473 
0.5501395 
0.5517288 
0.5502547 
0.5482321 
0.5468021 
0.5482298 
0.5479567 
0.5504588 
0.5493534 
0.5477760 
0.5525475 
0.5549049 
0.5568803 
0.5552188 
0.5536256 
0.5554123 
0.5541521 
0.5546260 
0.5564330 
0.5570034 
0.5594493 
0.5629109 
0.5630057 
0.5595562 
0.5579094 
0.5592824 
0.5644284 
0.5668188 
0.5751748 
0.5831185 
0.5910089 
0.5902708 
0.5895127 
0.5820674 
0.5772002 
0.5659646 
0.5610973 
0.5581315 
0.5584369 
0.5519920 
0.5492807 
0.5468222 
0.5420606 
0.5384835 
0.5388362 
0.5403058 
0.5413808 
0.5408993 
0.5439979 
0.5428765 
0.5458099 
0.5474957 
0.5480682 
0.5420384 
0.5423363 
0.5408860 
0.5390071 
0.5420715 
0.5476516 
0.5462021 
0.5414647 
0.5515448 
0.5505233 
0.5460709 
0.5481860 
0.5509045 
0.5523590 
0.5516967 
0.5502248 
0.5494167 
0.5518703 
0.5535123 
0.5527991 
0.5481202 
0.5479978 
0.5487292 
0.5482144 
0.5496812 
0.5497416 
0.5547488 
0.5559427 
0.5610535 
0.5620006 
0.5615425 
0.5630043 
0.5566311 
0.5556708 
0.5517169 
0.5498495 
0.5499753 
0.5482834 
0.5481460 
0.5527540 
0.5475809 
0.5460271 
0.5483406 
0.5487256 
0.5464826 
0.5447594 
0.5472988 
0.5453593 
0.5486270 
0.5502787 
0.5495433 
0.5490218 
0.5538712 
0.5534569 
0.5516649 
0.5478784 
0.5449662 
0.5455787 
0.5423714 
0.5450447 
0.5434198 
0.5436368 
0.5434871 
0.5425061 
0.5416876 
0.5449474 
0.5439407 
0.5479600 
0.5507076 
0.5467026 
0.5454535 
0.5501029 
0.5432646 
0.5408819 
0.5383872 
0.5371584 
0.5392295 
0.5370635 
0.5398608 
0.5414700 
0.5352659 
0.5364733 
0.5342625 
0.5362597 
0.5343031 
0.5293707 
0.5261293 
0.5272479 
0.5262945 
0.5229877 
0.5245393 
0.5235166 
0.5243997 
0.5296208 
0.5275466 
0.5351281 
0.5341090 
0.5336305 
0.5282345 
0.5271102 
0.5258962 
0.5224831 
0.5242425 
0.5273240 
0.5252937 
0.5252685 
0.5264844 
0.5220726 
0.5192842 
0.5144893 
0.5182977 
0.5165226 
0.5200331 
0.5239065 
0.5273536 
0.5338627 
0.5351358 
0.5388795 
0.5462150 
0.5486853 
0.5461413 
0.5458574 
0.5436723 
0.5315761 
0.5292106 
0.5281448 
0.5295225 
0.5280087 
0.5245667 
0.5238461 
0.5243645 
0.5274888 
0.5300226 
0.5335081 
0.5346502 
0.5326675 
0.5268641 
0.5220255 
0.5228539 
0.5207404 
0.5207303 
0.5161745 
0.5191063 
0.5192314 
0.5179732 
0.5206479 
0.5220676 
0.5244055 
0.5214473 
0.5191713 
0.5176772 
0.5178002 
0.5207394 
0.5201864 
0.5226145 
0.5172635 
0.5130859 
0.5157040 
0.5183586 
0.5223840 
0.5214889 
0.5229678 
0.5213541 
0.5223298 
0.5182168 
0.5194156 
0.5204378 
0.5168864 
0.5126581 
0.5127036 
0.5124820 
0.5112896 
0.5118196 
0.5125632 
0.5152487 
0.5157003 
0.5140475 
0.5059824 
0.5044931 
0.5055066 
0.5032437 
0.5042177 
0.5052496 
0.5079304 
0.5105110 
0.5079413 
0.5055919 
0.5058014 
0.5079838 
0.5103056 
0.5089897 
0.5136898 
0.5154892 
0.5151402 
0.5111348 
0.5082545 
0.5053661 
0.5072617 
0.5043512 
0.5015000 
0.5013126 
0.5032089 
0.5033445 
0.5036162 
0.5060321 
0.5051538 
0.5053141 
0.4999943 
0.4999979 
0.5034883 
0.4994535 
0.5003737 
0.4964984 
0.4958947 
0.4929678 
0.4937249 
0.4971656 
0.4972605 
0.4959194 
0.4934303 
0.4903878 
0.4892953 
0.4885114 
0.4960576 
0.4976954 
0.4969851 
0.4952684 
0.4951434 
0.4980958 
0.5015597 
0.5039967 
0.5038400 
0.5040466 
0.5074825 
0.5106958 
0.5156714 
0.5137741 
0.5080669 
0.5077785 
0.5023684 
0.5033500 
0.5106790 
0.5125679 
0.5145498 
0.5153095 
0.5220167 
0.5267731 
0.5242222 
0.5205270 
0.5143097 
0.5073329 
0.4980477 
0.4758191 
0.4765009 
0.4744184 
0.4729945 
0.4717415 
0.4700970 
0.4685654 
0.4659957 
0.4645293 
0.4656401 
0.4654581 
0.4655217 
0.4689481 
0.4671662 
0.4712898 
0.4691469 
0.4679061 
0.4656695 
0.4629471 
0.4595725 
0.4600896 
0.4567361 
0.4552993 
0.4552192 
0.4574652 
0.4596626 
0.4598196 
0.4615041 
0.4616758 
0.4618854 
0.4583115 
0.4570912 
0.4544037 
0.4559391 
0.4629692 
0.4687604 
0.4749950 
0.4798054 
0.4885083 
0.4885797 
0.4914598 
0.4960363 
0.4979980 
0.4990197 
0.4992077 
0.4979100 
0.4991288 
0.4937092 
0.4929964 
0.4938067 
0.4926341 
0.4929850 
0.4917780 
0.4888655 
0.4855804 
0.4732684 
0.4581909 
0.4597211 
0.4571188 
0.4577313 
0.4583987 
0.4564992 
0.4493491 
0.4473885 
0.4464771 
0.4471478 
0.4444489 
0.4411054 
0.4377080 
0.4326334 
0.4293750 
0.4272844 
0.4262058 
0.4273918 
0.4332790 
0.4421608 
0.4456038 
0.4526529 
0.4566535 
0.4529220 
0.4533038 
0.4534903 
0.4525340 
0.4534183 
0.4498341 
0.4530482 
0.4483336 
0.4491990 
0.4473664 
0.4484347 
0.4489527 
0.4427510 
0.4392751 
0.4340105 
0.4313021 
0.4258480 
0.4228878 
0.4237227 
0.4262247 
0.4272109 
0.4298366 
0.4318728 
0.4312780 
0.4296988 
0.4297429 
0.4301411 
0.4277652 
0.4284862 
0.4261965 
0.4218564 
0.4208648 
0.4225446 
0.4242897 
0.4298953 
0.4326327 
0.4331667 
0.4314637 
0.4301205 
0.4291796 
0.4252136 
0.4251175 
0.4206503 
0.4253068 
0.4256674 
0.4274543 
0.4271958 
0.4309725 
0.4331022 
0.4271694 
0.4271141 
0.4237524 
0.4215511 
0.4194408 
0.4199761 
0.4220677 
0.4206010 
0.4205092 
0.4224339 
0.4201254 
0.4212704 
0.4222571 
0.4185033 
0.4197436 
0.4136400 
0.4127203 
0.4132315 
0.4090866 
0.4109765 
0.4135222 
0.4198431 
0.4219374 
0.4250761 
0.4258254 
0.4269154 
0.4188895 
0.4203636 
0.4159994 
0.4160386 
0.4120790 
0.4113418 
0.4160846 
0.4142040 
0.4125907 
0.4119548 
0.4140093 
0.4164022 
0.4168332 
0.4119146 
0.4148698 
0.4110698 
0.4094669 
0.4024434 
0.3981862 
0.4000143 
0.4022364 
0.4080941 
0.4110926 
0.4117195 
0.4125939 
0.4079631 
0.4052386 
0.4069950 
0.4049266 
0.3997727 
0.4004171 
0.3998324 
0.4039915 
0.4041034 
0.4076066 
0.4106026 
0.4118492 
0.4140767 
0.4149452 
0.4178338 
0.4159328 
0.4169582 
0.4141031 
0.4130881 
0.4095100 
0.4092326 
0.4060161 
0.4064316 
0.4027197 
0.4061247 
0.4017599 
0.4043226 
0.4088704 
0.4088073 
0.4104666 
0.4117247 
0.4172526 
0.4183463 
0.4168770 
0.4169231 
0.4161899 
0.4140001 
0.4102347 
0.4108942 
0.4090514 
0.4086929 
0.4037986 
0.4059476 
0.4073379 
0.4064882 
0.4096522 
0.4113080 
0.4101691 
0.4143022 
0.4224995 
0.4263516 
0.4267870 
0.4293292 
0.4278555 
0.4261743 
0.4241404 
0.4184617 
0.4173655 
0.4168837 
0.4166918 
0.4170874 
0.4163300 
0.4184465 
0.4163384 
0.4140489 
0.4124778 
0.4097317 
0.4046840 
0.4013247 
0.4049195 
0.4062344 
0.4032954 
0.4055116 
0.4040957 
0.4046888 
0.4113704 
0.4112242 
0.4122977 
0.4149032 
0.4165107 
0.4102615 
0.4139385 
0.4178866 
0.4164450 
0.4172776 
0.4163608 
0.4201082 
0.4232472 
0.4225021 
0.4200408 
0.4184213 
0.4114557 
0.4094759 
0.4069647 
0.4132344 
0.4075276 
0.4040087 
0.4098092 
0.4105528 
0.4113403 
0.4100451 
0.4162790 
0.4152210 
0.4142439 
0.4160007 
0.4174083 
0.4201632 
0.4183166 
0.4183771 
0.4206897 
0.4247071 
0.4170460 
0.4149228 
0.4132081 
0.4114095 
0.4112828 
0.4145491 
0.4145929 
0.4125667 
0.4123011 
0.4095731 
0.4086598 
0.4074617 
0.4117234 
0.4111010 
0.4106504 
0.4113566 
0.4094104 
0.4075445 
0.4044143 
0.4021654 
0.3966030 
0.3926708 
0.3888858 
0.3886767 
0.3878743 
0.3897843 
0.3878938 
0.3884823 
0.3844945 
0.3844306 
0.3810093 
0.3855049 
0.3874643 
0.3865140 
0.3893851 
0.3877534 
0.3870093 
0.3858372 
0.3873829 
0.3888661 
0.3889555 
0.3894205 
0.3884884 
0.3880401 
0.3877207 
0.3851017 
0.3878124 
0.3866561 
0.3853872 
0.3868933 
0.3868870 
0.3852771 
0.3842131 
0.3874801 
0.3936812 
0.3968047 
0.3983980 
0.3962389 
0.3977973 
0.3922220 
0.3866465 
0.3800979 
0.3730220 
0.3679850 
0.3661280 
0.3637216 
0.3570485 
0.3586203 
0.3594681 
0.3589422 
0.3634619 
0.3659780 
0.3712368 
0.3708683 
0.3713156 
0.3736510 
0.3747776 
0.3682872 
0.3686468 
0.3738551 
0.3772566 
0.3774793 
0.3816740 
0.3824446 
0.3914372 
0.3887035 
0.3948829 
0.4007179 
0.4039429 
0.4076582 
0.4051051 
0.4007145 
0.3885347 
0.3812958 
0.3769164 
0.3713915 
0.3672047 
0.3663701 
0.3665177 
0.3612389 
0.3607808 
0.3621094 
0.3685704 
0.3665706 
0.3708205 
0.3719386 
0.3748160 
0.3711909 
0.3684624 
0.3656018 
0.3623648 
0.3657917 
0.3605641 
0.3563032 
0.3620082 
0.3595098 
0.3583180 
0.3551298 
0.3621976 
0.3618355 
0.3654615 
0.3617356 
0.3550813 
0.3494887 
0.3542616 
0.3500203 
0.3484740 
0.3514731 
0.3542399 
0.3516277 
0.3485562 
0.3507734 
0.3527102 
0.3532010 
0.3553631 
0.3567810 
0.3585231 
0.3572572 
0.3590775 
0.3623820 
0.3612214 
0.3629144 
0.3559133 
0.3514499 
0.3478350 
0.3498460 
0.3505846 
0.3501832 
0.3506425 
0.3474610 
0.3527715 
0.3528222 
0.3543076 
0.3513854 
0.3464901 
0.3418660 
0.3371058 
0.3404319 
0.3384637 
0.3369144 
0.3340353 
0.3380983 
0.3384835 
0.3342072 
0.3315702 
0.3333080 
0.3346320 
0.3405972 
0.3408430 
0.3379623 
0.3262830 
0.3262276 
0.3312227 
0.3340777 
0.3372855 
0.3367535 
0.3394979 
0.3457688 
0.3480112 
0.3435105 
0.3454725 
0.3453509 
0.3436956 
0.3455955 
0.3475895 
0.3415672 
0.3403102 
0.3402103 
0.3395509 
0.3404156 
0.3366700 
0.3318944 
0.3279466 
0.3281578 
0.3294197 
0.3303156 
0.3316179 
0.3362002 
0.3366315 
0.3363924 
0.3352479 
0.3372580 
0.3303593 
0.3303890 
0.3292101 
0.3268644 
0.3275048 
0.3268748 
0.3286825 
0.3275527 
0.3286385 
0.3265248 
0.3273006 
0.3282806 
0.3259305 
0.3281133 
0.3274404 
0.3295663 
0.3309546 
0.3340281 
0.3376294 
0.3373587 
0.3380096 
0.3347908 
0.3276272 
0.3261678 
0.3286546 
0.3312517 
0.3379171 
0.3398939 
0.3385290 
0.3376115 
0.3339370 
0.3354230 
0.3366717 
0.3345488 
0.3333723 
0.3313733 
0.3329942 
0.3264761 
0.3248774 
0.3277643 
0.3253324 
0.3251916 
0.3278298 
0.3240230 
0.3200248 
0.3206403 
0.3218015 
0.3202227 
0.3181582 
0.3196553 
0.3203476 
0.3189242 
0.3181177 
0.3210686 
0.3229698 
0.3176846 
0.3220662 
0.3183543 
0.3161464 
0.3175929 
0.3227426 
0.3212540 
0.3130370 
0.3145869 
0.3153207 
0.3163212 
0.3191481 
0.3215530 
0.3195031 
0.3156303 
0.3131133 
0.3089054 
0.3147179 
0.3108469 
0.3092651 
0.3119724 
0.3159942 
0.3183421 
0.3202342 
0.3164821 
0.3176583 
0.3156470 
0.3063280 
0.3046337 
0.3123459 
0.3141542 
0.3205942 
0.3174546 
0.3173231 
0.3153606 
0.3141059 
0.3145533 
0.3113768 
0.3088954 
0.3086882 
0.3100823 
0.3103856 
0.3129142 
0.3233648 
0.3263632 
0.3118434 
0.3082640 
0.3083616 
0.3055627 
0.3004318 
0.3044607 
0.3052046 
0.3050451 
0.3040826 
0.3063763 
0.3045113 
0.3053729 
0.3082717 
0.3075882 
0.3092703 
0.3062520 
0.3104632 
0.3129343 
0.3125005 
0.3154360 
0.3142710 
0.3099436 
0.3152006 
0.3103131 
0.3117218 
0.3107205 
0.3119110 
0.3096822 
0.3115214 
0.3134389 
0.3145935 
0.3130902 
0.3093245 
0.3118694 
0.3114883 
0.3085086 
0.3085206 
0.3086673 
0.3042471 
0.3070293 
0.3064016 
0.3056961 
0.3070825 
0.3082361 
0.3073453 
0.3039781 
0.3109326 
0.3179645 
0.3137230 
0.3123324 
0.3122825 
0.3091826 
0.3095734 
0.3061376 
0.3089770 
0.3073789 
0.3088966 
0.3086475 
0.3062065 
0.3068375 
0.3064052 
0.3073490 
0.3031337 
0.3064620 
0.3044766 
0.3067752 
0.3078810 
0.3031096 
0.3015862 
0.3013128 
0.2999798 
0.2972806 
0.2959789 
0.2953395 
0.2922399 
0.2997116 
0.2975624 
0.2958190 
0.2960515 
0.2964614 
0.2951823 
0.2978862 
0.2976081 
0.2981794 
0.2970999 
0.2995884 
0.2991571 
0.2967189 
0.2971704 
0.2967940 
0.2955141 
0.2948129 
0.2926967 
0.2913592 
0.2930905 
0.2914083 
0.2924352 
0.2900113 
0.2901950 
0.2925854 
0.2937768 
0.2979677 
0.2984509 
0.2967680 
0.2986381 
0.3079418 
0.3065948 
0.3021667 
0.2937318 
0.2826441 
0.2789359 
0.2755280 
0.2740587 
0.2749975 
0.2766392 
0.2748979 
0.2767726 
0.2802385 
0.2785136 
0.2827383 
0.2808588 
0.2809693 
0.2826533 
0.2773852 
0.2734477 
0.2737514 
0.2706588 
0.2736783 
0.2705662 
0.2718308 
0.2685441 
0.2724374 
0.2744599 
0.2741414 
0.2706214 
0.2692843 
0.2676166 
0.2690328 
0.2687668 
0.2666668 
0.2639281 
0.2609170 
0.2617538 
0.2643290 
0.2652854 
0.2676244 
0.2727636 
0.2750418 
0.2735662 
0.2700523 
0.2683797 
0.2680545 
0.2697389 
0.2685471 
0.2658626 
0.2644591 
0.2611674 
0.2585115 
0.2565702 
0.2594154 
0.2538957 
0.2546023 
0.2552198 
0.2556293 
0.2598111 
0.2588963 
0.2571860 
0.2583153 
0.2551898 
0.2570807 
0.2557565 
0.2563926 
0.2572648 
0.2564621 
0.2547264 
0.2494196 
0.2526604 
0.2535797 
0.2546432 
0.2551879 
0.2575623 
0.2625475 
0.2620030 
0.2583420 
0.2619355 
0.2623412 
0.2634545 
0.2587898 
0.2581121 
0.2601024 
0.2594936 
0.2585881 
0.2586419 
0.2567104 
0.2554967 
0.2526285 
0.2525905 
0.2527486 
0.2527320 
0.2532691 
0.2509186 
0.2476495 
0.2488833 
0.2456914 
0.2465783 
0.2444521 
0.2494900 
0.2485717 
0.2551472 
0.2542116 
0.2593349 
0.2564332 
0.2581243 
0.2590967 
0.2564038 
0.2578937 
0.2546395 
0.2505096 
0.2501570 
0.2485523 
0.2435888 
0.2415942 
0.2472718 
0.2461426 
0.2432124 
0.2430275 
0.2465013 
0.2439011 
0.2439598 
0.2448950 
0.2422688 
0.2412234 
0.2470566 
0.2449473 
0.2363657 
0.2371513 
0.2407057 
0.2419763 
0.2395435 
0.2386466 
0.2372994 
0.2420878 
0.2382665 
0.2369442 
0.2392482 
0.2375389 
0.2360404 
0.2356644 
0.2390204 
0.2406053 
0.2400300 
0.2375515 
0.2342429 
0.2328989 
0.2313712 
0.2296090 
0.2282448 
0.2256975 
0.2273753 
0.2252343 
0.2287361 
0.2285899 
0.2321132 
0.2304281 
0.2298843 
0.2292568 
0.2307085 
0.2279152 
0.2266026 
0.2251321 
0.2307959 
0.2330785 
0.2342756 
0.2319254 
0.2280401 
0.2247662 
0.2263302 
0.2257206 
0.2263712 
0.2258182 
0.2244917 
0.2224318 
0.2251571 
0.2231214 
0.2177165 
0.2256842 
0.2223985 
0.2222065 
0.2274568 
0.2294432 
0.2343374 
0.2318182 
0.2221753 
0.2284103 
0.2261661 
0.2269154 
0.2268497 
0.2248598 
0.2234480 
0.2240383 
0.2211937 
0.2260748 
0.2269851 
0.2259843 
0.2219430 
0.2217604 
0.2188731 
0.2178137 
0.2130671 
0.2143099 
0.2146109 
0.2154554 
0.2209482 
0.2174828 
0.2202856 
0.2206899 
0.2162883 
0.2161275 
0.2214541 
0.2225728 
0.2140710 
0.2140949 
0.2135589 
0.2112708 
0.2079576 
0.2077704 
0.2067738 
0.2077104 
0.2115517 
0.2118161 
0.2106956 
0.2102358 
0.2104460 
0.2065018 
0.2117995 
0.2148674 
0.2143850 
0.2168103 
0.2174361 
0.2126035 
0.2081400 
0.2109080 
0.2108685 
0.2123213 
0.2073368 
0.2100524 
0.2133282 
0.2148956 
0.2146482 
0.2135759 
0.2078067 
0.2087893 
0.2102053 
0.2056598 
0.2024382 
0.1975645 
0.1986047 
0.2004269 
0.2038992 
0.2109598 
0.2132580 
0.2136628 
0.2143005 
0.2125575 
0.2126823 
0.2103404 
0.2093013 
0.2059032 
0.2073887 
0.2072546 
0.2021460 
0.2033703 
0.2087520 
0.2079522 
0.2094031 
0.2067296 
0.2060171 
0.2020868 
0.2016548 
0.2036176 
0.1979575 
0.2035214 
0.2022998 
0.2039583 
0.1998399 
0.2038083 
0.2030301 
0.2015503 
0.2018289 
0.2007167 
0.2010647 
0.2014763 
0.2051392 
0.2087362 
0.2088975 
0.2133274 
0.2152083 
0.2196307 
0.2180085 
0.2171689 
0.2172635 
0.2177928 
0.2170410 
0.2157774 
0.2170820 
0.2182387 
0.2235293 
0.2205601 
0.2027176 
0.2017346 
0.2041712 
0.2070360 
0.2122279 
0.2148364 
0.2125489 
0.2160907 
0.2116756 
0.2138216 
0.2108446 
0.2067684 
0.2049656 
0.2041825 
0.2029710 
0.2058168 
0.1988894 
0.2028227 
0.2014085 
0.2019195 
0.2025610 
0.2027589 
0.2047498 
0.1999565 
0.1968264 
0.1957391 
0.1949779 
0.1932626 
0.1932569 
0.1902320 
0.1932014 
0.1943288 
0.1946375 
0.1947399 
0.1946629 
0.1913085 
0.1886101 
0.1900303 
0.1896676 
0.1926012 
0.1925660 
0.1945460 
0.1948718 
0.2029901 
0.2019359 
0.1977504 
0.1995945 
0.1966478 
0.1976218 
0.1986376 
0.2026783 
0.1998521 
0.1886669 
0.1854029 
0.1853216 
0.1836723 
0.1842897 
0.1767020 
0.1762542 
0.1712518 
0.1695406 
0.1655000 
0.1627221 
0.1638838 
0.1661682 
0.1731308 
0.1750691 
0.1775599 
0.1783115 
0.1810044 
0.1816847 
0.1848813 
0.1832091 
0.1800142 
0.1804513 
0.1854165 
0.1911067 
0.1909813 
0.1838831 
0.1829237 
0.1796230 
0.1769071 
0.1790967 
0.1773524 
0.1745059 
0.1670092 
0.1639352 
0.1644097 
0.1643889 
0.1662201 
0.1685935 
0.1675307 
0.1717763 
0.1722802 
0.1734498 
0.1739206 
0.1736353 
0.1700669 
0.1710837 
0.1728492 
0.1697816 
0.1721354 
0.1736476 
0.1688358 
0.1669937 
0.1655469 
0.1636288 
0.1622359 
0.1606641 
0.1584772 
0.1605853 
0.1580718 
0.1573746 
0.1576864 
0.1575556 
0.1614559 
0.1644639 
0.1661306 
0.1640063 
0.1652833 
0.1657800 
0.1663317 
0.1710713 
0.1817717 
0.1820333 
0.1762472 
0.1691136 
0.1674994 
0.1647371 
0.1652375 
0.1623223 
0.1609064 
0.1598256 
0.1609017 
0.1633865 
0.1665233 
0.1680099 
0.1658873 
0.1660675 
0.1660473 
0.1639069 
0.1616448 
0.1643981 
0.1586663 
0.1535348 
0.1507053 
0.1516297 
0.1474029 
0.1470490 
0.1466690 
0.1412224 
0.1407474 
0.1416441 
0.1401515 
0.1438989 
0.1431641 
0.1463907 
0.1466527 
0.1493286 
0.1428856 
0.1388487 
0.1415647 
0.1427189 
0.1400741 
0.1425622 
0.1428201 
0.1375193 
0.1392680 
0.1406521 
0.1365840 
0.1304957 
0.1248801 
0.1293558 
0.1257110 
0.1229151 
0.1191155 
0.1219200 
0.1219181 
0.1224067 
0.1213545 
0.1248299 
0.1241058 
0.1230224 
0.1246543 
0.1281556 
0.1290612 
0.1335671 
0.1312814 
0.1307529 
0.1323354 
0.1313096 
0.1334252 
0.1338938 
0.1332908 
0.1282485 
0.1253406 
0.1238844 
0.1238535 
0.1233377 
0.1207422 
0.1193299 
0.1208240 
0.1207895 
0.1198774 
0.1248901 
0.1249180 
0.1213242 
0.1212033 
0.1236700 
0.1256398 
0.1245024 
0.1270316 
0.1215779 
0.1210035 
0.1250917 
0.1260824 
0.1265444 
0.1268490 
0.1258350 
0.1292799 
0.1232211 
0.1258685 
0.1297311 
0.1239314 
0.1237162 
0.1266998 
0.1258274 
0.1206101 
0.1217878 
0.1205560 
0.1190640 
0.1197930 
0.1211989 
0.1200538 
0.1251202 
0.1261153 
0.1270209 
0.1284425 
0.1293722 
0.1259551 
0.1244988 
0.1232131 
0.1213036 
0.1212084 
0.1208866 
0.1227977 
0.1202677 
0.1188022 
0.1183459 
0.1174230 
0.1263287 
0.1328037 
0.1278128 
0.1170918 
0.1165530 
0.1145521 
0.1181694 
0.1174848 
0.1166890 
0.1120038 
0.1103001 
0.1135127 
0.1121779 
0.1119794 
0.1131920 
0.1151830 
0.1165383 
0.1180049 
0.1187310 
0.1167987 
0.1176009 
0.1166423 
0.1154316 
0.1156553 
0.1193058 
0.1141994 
0.1137751 
0.1150972 
0.1181277 
0.1251466 
0.1298490 
0.1131940 
0.1119176 
0.1130444 
0.1129509 
0.1180089 
0.1197290 
0.1204396 
0.1187904 
0.1178029 
0.1180430 
0.1159400 
0.1173451 
0.1166368 
0.1142278 
0.1136311 
0.1131314 
0.1137893 
0.1149788 
0.1149975 
0.1153810 
0.1159997 
0.1135626 
0.1097381 
0.1114555 
0.1095712 
0.1117615 
0.1102529 
0.1078939 
0.1125571 
0.1117859 
0.1169563 
0.1182235 
0.1121633 
0.1120231 
0.1125944 
0.1130784 
0.1114282 
0.1110232 
0.1088574 
0.1061816 
0.0975679 
0.1062880 
0.1063758 
0.1034816 
0.1013065 
0.0998060 
0.0980949 
0.0971893 
0.0944137 
0.0974682 
0.0980088 
0.1020443 
0.1011646 
0.0997294 
0.1012727 
0.1016799 
0.0931120 
0.0968791 
0.1029392 
0.1015115 
0.1009191 
0.1048658 
0.1034566 
0.1061040 
0.1014765 
0.1037391 
0.0987009 
0.0966120 
0.0904167 
0.0930432 
0.0914605 
0.0911132 
0.0942975 
0.1010502 
0.1018957 
0.1037234 
0.1042134 
0.1003307 
0.0985169 
0.0979949 
0.1022481 
0.1021018 
0.0961909 
0.0919527 
0.0913156 
0.0945147 
0.0922143 
0.0901609 
0.0947079 
0.0888198 
0.0862428 
0.0889096 
0.0898514 
0.0881181 
0.0902569 
0.0929915 
0.0879237 
0.0931100 
0.0927124 
0.0971321 
0.0975979 
0.0969444 
0.0976607 
0.0990388 
0.0971986 
0.0984044 
0.0979536 
0.0938401 
0.0946561 
0.0923189 
0.0906810 
0.0874988 
0.0887486 
0.0856196 
0.0850369 
0.0842477 
0.0855139 
0.0848789 
0.0832873 
0.0834994 
0.0792956 
0.0822608 
0.0820910 
0.0796637 
0.0810473 
0.0814360 
0.0770289 
0.0770646 
0.0754361 
0.0781190 
0.0788009 
0.0794442 
0.0768458 
0.0775671 
0.0752016 
0.0762103 
0.0743549 
0.0766429 
0.0737520 
0.0734156 
0.0747703 
0.0731919 
0.0709347 
0.0723593 
0.0714920 
0.0754739 
0.0786436 
0.0795188 
0.0789986 
0.0761651 
0.0748740 
0.0755221 
0.0731540 
0.0729252 
0.0742863 
0.0751688 
0.0719010 
0.0718072 
0.0710980 
0.0750981 
0.0717994 
0.0707628 
0.0740556 
0.0728112 
0.0761760 
0.0803589 
0.0786662 
0.0748180 
0.0707177 
0.0678831 
0.0652721 
0.0639604 
0.0625340 
0.0632124 
0.0613270 
0.0613081 
0.0602498 
0.0606258 
0.0646656 
0.0682344 
0.0698738 
0.0696628 
0.0694190 
0.0685549 
0.0680985 
0.0630876 
0.0636273 
0.0571427 
0.0587088 
0.0582780 
0.0577700 
0.0581619 
0.0607808 
0.0644368 
0.0664768 
0.0640226 
0.0683194 
0.0672556 
0.0645162 
0.0638388 
0.0593057 
0.0549975 
0.0538308 
0.0485904 
0.0447430 
0.0386765 
0.0399495 
0.0384949 
0.0388931 
0.0449849 
0.0447948 
0.0438546 
0.0607208 
0.0650340 
0.0716793 
0.0725246 
0.0743987 
0.0756158 
0.0759983 
0.0810391 
0.0764886 
0.0738314 
0.0698227 
0.0663922 
0.0629413 
0.0596537 
0.0554577 
0.0582012 
0.0585656 
0.0581128 
0.0573168 
0.0581238 
0.0593438 
0.0588569 
0.0557452 
0.0532770 
0.0508450 
0.0484259 
0.0507680 
0.0512259 
0.0495374 
0.0481605 
0.0493952 
0.0511572 
0.0529343 
0.0512948 
0.0498329 
0.0504504 
0.0512900 
0.0495488 
0.0474373 
0.0453292 
0.0454209 
0.0449328 
0.0431371 
0.0400113 
0.0400757 
0.0373017 
0.0395247 
0.0438057 
0.0451545 
0.0396273 
0.0376178 
0.0375005 
0.0380387 
0.0362579 
0.0387367 
0.0405068 
0.0436683 
0.0423394 
0.0429423 
0.0412877 
0.0373631 
0.0383433 
0.0418637 
0.0387872 
0.0378076 
0.0400627 
0.0419043 
0.0413794 
0.0454061 
0.0412711 
0.0454601 
0.0440219 
0.0437475 
0.0497926 
0.0467316 
0.0426780 
0.0438561 
0.0494625 
0.0477828 
0.0508086 
0.0513317 
0.0528801 
0.0410750 
0.0344784 
0.0385634 
0.0364983 
0.0328563 
0.0301963 
0.0273238 
0.0216582 
0.0211582 
0.0205631 
0.0189911 
0.0172169 
0.0226827 
0.0243888 
0.0239320 
0.0268352 
0.0305562 
0.0399136 
0.0381326 
0.0376969 
0.0327031 
0.0349168 
0.0348766 
0.0375185 
0.0333774 
0.0347381 
0.0326288 
0.0303169 
0.0288057 
0.0273768 
0.0299867 
0.0230063 
0.0213626 
0.0152824 
0.0164209 
0.0166080 
0.0161684 
0.0134508 
0.0141678 
0.0185681 
0.0208276 
0.0145562 
0.0099005 
0.0139705 
0.0133818 
0.0159602 
0.0130422 
0.0151995 
0.0193810 
0.0142190 
0.0177341 
0.0177905 
0.0193712 
0.0240620 
0.0240980 
0.0209269 
0.0192467 
0.0163736 
0.0151779 
0.0137491 
0.0130186 
0.0134563 
0.0113503 
0.0093725 
0.0070719 
0.0055839 
0.0025885 
0.0030684 
0.0014467 
0.0000000 
0.0004927 
