0.0001344 
-0.0000190 
0.0000142 
0.1223234 
0.0173058 
-0.0638063 
0.9855612 
0.9777018 
1.0000000 
0.9948250 
0.9432717 
0.9624127 
0.9322305 
0.9568867 
0.9124273 
0.9617336 
0.9318342 
0.9934740 
0.9505068 
0.9471045 
0.9057632 
0.9346801 
0.9460851 
0.9186042 
0.9089944 
0.9191555 
0.9048177 
0.9325942 
0.9296899 
0.9332731 
0.9104994 
0.9096992 
0.8901186 
0.9131670 
0.9011553 
0.8846129 
0.8789522 
0.9044265 
0.9083397 
0.8793908 
0.8990854 
0.8824904 
0.8804184 
0.8788124 
0.8875402 
0.8618805 
0.8932440 
0.8762712 
0.8794184 
0.8756152 
0.8894759 
0.8667482 
0.8695537 
0.8666269 
0.8614204 
0.8558148 
0.8566099 
0.8694326 
0.8819402 
0.8638273 
0.8751556 
0.8663822 
0.8368184 
0.8560839 
0.8698106 
0.8540344 
0.8718900 
0.8854957 
0.8530340 
0.8552078 
0.8907459 
0.8880652 
0.8527658 
0.8727374 
0.8863164 
0.8471990 
0.8890267 
0.9062880 
0.8797286 
0.8664475 
0.8965987 
0.8794164 
0.8710756 
0.8892000 
0.8988047 
0.8862149 
0.8790460 
0.9143334 
0.9105572 
0.8871626 
0.8776931 
0.9059704 
0.9133243 
0.9027643 
0.8852194 
0.9092730 
0.9175978 
0.8738356 
0.8777298 
0.8861055 
0.8729621 
0.8511560 
0.8709994 
0.8796421 
0.8807595 
0.8997538 
0.8972733 
0.8980804 
0.8566120 
0.8523264 
0.8304819 
0.8563228 
0.8542231 
0.8499614 
0.8455747 
0.8580297 
0.8503946 
0.8486590 
0.8474554 
0.8349754 
0.8434026 
0.8414191 
0.8444637 
0.8350115 
0.8164430 
0.8009095 
0.8230599 
0.8350889 
0.8070993 
0.8141112 
0.8150890 
0.8361141 
0.8364825 
0.8387463 
0.8147981 
0.8261219 
0.8109101 
0.8100917 
0.8105327 
0.8317900 
0.7971094 
0.8092360 
0.8161908 
0.8065258 
0.7901819 
0.7847443 
0.8213110 
0.8226226 
0.8096278 
0.7945489 
0.8016409 
0.8216459 
0.8089939 
0.8020906 
0.8037598 
0.7895120 
0.8018684 
0.8002008 
0.7879523 
0.8020294 
0.7848851 
0.8021682 
0.7964487 
0.7851851 
0.8082170 
0.8051604 
0.8178902 
0.7915261 
0.8127550 
0.8160742 
0.8021610 
0.8008046 
0.7737483 
0.8029327 
0.7961181 
0.7866353 
0.7962163 
0.7920425 
0.7952184 
0.8024775 
0.7911631 
0.7894787 
0.7896680 
0.7871056 
0.7863803 
0.7742213 
0.7817316 
0.7916056 
0.7924973 
0.7669652 
0.7709870 
0.7737036 
0.7690749 
0.7646106 
0.7647716 
0.7769098 
0.7665102 
0.7619213 
0.7562262 
0.7578191 
0.7313158 
0.7522970 
0.7650952 
0.7714925 
0.7658458 
0.7378265 
0.7642226 
0.7649929 
0.7710276 
0.7667320 
0.7675798 
0.7388258 
0.7615613 
0.7551185 
0.7553446 
0.7478288 
0.7653824 
0.7444083 
0.7650743 
0.7206789 
0.7552384 
0.7682235 
0.7471222 
0.7488538 
0.7686171 
0.7745656 
0.7748691 
0.7382010 
0.7476072 
0.7561369 
0.7535224 
0.7536887 
0.7753748 
0.7377074 
0.7434787 
0.7498184 
0.7559824 
0.7318082 
0.7462553 
0.7638876 
0.7447008 
0.7413203 
0.7549216 
0.7714035 
0.7498606 
0.7672340 
0.7298320 
0.7273284 
0.7364392 
0.7557481 
0.7230895 
0.7311642 
0.7352858 
0.7361582 
0.7485471 
0.7432556 
0.7365737 
0.7329833 
0.7277483 
0.7227568 
0.7359743 
0.7385348 
0.7067436 
0.7298909 
0.7533465 
0.7475684 
0.7316533 
0.7313554 
0.7300945 
0.7155794 
0.7325367 
0.7204753 
0.7252648 
0.7231970 
0.7162873 
0.7323614 
0.7182038 
0.7438986 
0.7356685 
0.7137384 
0.7198403 
0.7261810 
0.7382733 
0.7331927 
0.7449586 
0.7269427 
0.7240448 
0.7103214 
0.7219455 
0.7257602 
0.7153199 
0.7498710 
0.7337494 
0.7392157 
0.7188543 
0.7382440 
0.7185006 
0.7027893 
0.7022139 
0.7343055 
0.7025320 
0.7065719 
0.7177852 
0.7055948 
0.6930608 
0.7130004 
0.7051953 
0.6819897 
0.7027829 
0.7013140 
0.7046459 
0.7014098 
0.7181704 
0.6825878 
0.7127242 
0.6942355 
0.6959600 
0.6918673 
0.7119249 
0.6901976 
0.6923867 
0.6704131 
0.6842752 
0.6893405 
0.6857785 
0.6876007 
0.6805539 
0.6803352 
0.6876497 
0.6806666 
0.6703413 
0.6902574 
0.6805528 
0.6775489 
0.6883820 
0.6696600 
0.6670203 
0.6768924 
0.6499923 
0.6717102 
0.6640877 
0.6795888 
0.6569057 
0.6911753 
0.6758650 
0.6960375 
0.6672188 
0.6791316 
0.6716592 
0.6700552 
0.6530547 
0.6491782 
0.6708911 
0.6477748 
0.6472503 
0.6510181 
0.6850411 
0.6645688 
0.6574077 
0.6472625 
0.6557316 
0.6577044 
0.6364746 
0.6421456 
0.6367762 
0.6312894 
0.6512403 
0.6663573 
0.6529716 
0.6524682 
0.6394979 
0.6404247 
0.6343675 
0.6280665 
0.6203583 
0.6331739 
0.6342278 
0.6368111 
0.6366242 
0.6185746 
0.6293779 
0.6507768 
0.6345011 
0.6306448 
0.6386558 
0.6344675 
0.6324688 
0.6242393 
0.6306229 
0.6484125 
0.6271572 
0.6328349 
0.6436788 
0.6253123 
0.6318040 
0.6573464 
0.6419054 
0.6466249 
0.6573957 
0.6307871 
0.6343677 
0.6304422 
0.6326057 
0.6360002 
0.6241076 
0.6364881 
0.6326226 
0.6427118 
0.6285469 
0.6188628 
0.6120587 
0.6198320 
0.6317344 
0.6181174 
0.6266349 
0.6265856 
0.6081446 
0.6083479 
0.6269791 
0.6040336 
0.6271818 
0.6255533 
0.6306918 
0.6132164 
0.6033788 
0.6208625 
0.6320252 
0.6236206 
0.6341513 
0.6141864 
0.6238220 
0.6282579 
0.5996845 
0.6033763 
0.6116512 
0.6206955 
0.6044902 
0.6181652 
0.6319708 
0.6224279 
0.6008604 
0.6159385 
0.6098278 
0.6225677 
0.6341227 
0.6056972 
0.5943778 
0.6402094 
0.6261826 
0.5914345 
0.5771979 
0.6155421 
0.5864319 
0.5882759 
0.6155408 
0.6350438 
0.6028813 
0.6177901 
0.6251027 
0.6249554 
0.6067991 
0.5973146 
0.6059461 
0.6222853 
0.6113156 
0.5890025 
0.5829958 
0.6055217 
0.6112996 
0.6351052 
0.6057898 
0.5958490 
0.6171203 
0.6148891 
0.6014640 
0.6095049 
0.5951942 
0.6074034 
0.6290490 
0.6104207 
0.5807721 
0.5946872 
0.6068253 
0.5721119 
0.5828046 
0.6187182 
0.5739119 
0.5627439 
0.6073647 
0.6010373 
0.5796596 
0.6049424 
0.5896974 
0.5849233 
0.5880657 
0.5736269 
0.5642351 
0.5673622 
0.6056406 
0.5894325 
0.5712809 
0.5961921 
0.5816136 
0.5498939 
0.5765395 
0.5924585 
0.5660868 
0.5797993 
0.5670684 
0.5796042 
0.5838555 
0.5632988 
0.5711899 
0.5791135 
0.5755563 
0.5681178 
0.5868141 
0.6052434 
0.5868473 
0.5941585 
0.5709932 
0.5908217 
0.5784419 
0.5766471 
0.5847243 
0.5998606 
0.5756434 
0.5840678 
0.5946190 
0.5610145 
0.5664235 
0.5786666 
0.5728382 
0.5784231 
0.5805512 
0.5702597 
0.5523917 
0.5584370 
0.5486386 
0.5607305 
0.5649206 
0.5625269 
0.5596181 
0.5475030 
0.5325134 
0.5410451 
0.5637161 
0.5735620 
0.5523401 
0.5396919 
0.5530316 
0.5535129 
0.5581067 
0.5600158 
0.5605878 
0.5540894 
0.5401541 
0.5434230 
0.5703989 
0.5568118 
0.5311060 
0.5350729 
0.5261855 
0.5168849 
0.5316333 
0.5186177 
0.5111543 
0.5472766 
0.5650921 
0.5449300 
0.5542036 
0.5735499 
0.5234235 
0.5234174 
0.5494095 
0.5611094 
0.5275307 
0.4993925 
0.5216623 
0.5128762 
0.4919647 
0.5340835 
0.5473391 
0.5358008 
0.5367902 
0.5534852 
0.5313138 
0.4991505 
0.5116277 
0.5219668 
0.5172469 
0.5274925 
0.5424613 
0.5097269 
0.5127266 
0.5289968 
0.5277677 
0.5144050 
0.5237027 
0.5407490 
0.5465706 
0.5254735 
0.5152966 
0.5237116 
0.4941122 
0.4835589 
0.5157374 
0.5019597 
0.4932046 
0.5064258 
0.5085769 
0.5492845 
0.5425866 
0.5308250 
0.5101128 
0.4905857 
0.4825642 
0.4736330 
0.4759850 
0.4810444 
0.4801838 
0.4860366 
0.5264185 
0.5254709 
0.4992505 
0.4977367 
0.5197133 
0.5075965 
0.4746718 
0.4887142 
0.4917937 
0.4766881 
0.4696098 
0.4799716 
0.4927566 
0.5003444 
0.5155904 
0.4876057 
0.4881665 
0.4812442 
0.4666777 
0.4734245 
0.4926476 
0.4721671 
0.4995699 
0.4956422 
0.4863986 
0.5130895 
0.4985132 
0.4784511 
0.4798128 
0.4923092 
0.4946191 
0.4901952 
0.4774445 
0.4899938 
0.4807670 
0.4881545 
0.4888028 
0.4974174 
0.4959004 
0.4838062 
0.4714954 
0.4805634 
0.4974229 
0.4793686 
0.4822151 
0.4879257 
0.4874847 
0.4842069 
0.4842512 
0.4903670 
0.4835399 
0.4828935 
0.4974045 
0.4827412 
0.4556668 
0.4642872 
0.4699397 
0.4726836 
0.4738758 
0.4818191 
0.4725024 
0.4737814 
0.4478583 
0.4694367 
0.4764256 
0.4695093 
0.4726431 
0.4901490 
0.4551119 
0.4601173 
0.4594635 
0.4685964 
0.4744662 
0.4545468 
0.4658339 
0.4728446 
0.4698770 
0.4714396 
0.4789572 
0.4731900 
0.4589887 
0.4687552 
0.4648190 
0.4651822 
0.4527464 
0.4494843 
0.4465167 
0.4461518 
0.4424922 
0.4457074 
0.4387580 
0.4400682 
0.4877814 
0.4590967 
0.4613121 
0.4733924 
0.4572829 
0.4689213 
0.4803490 
0.4603803 
0.4737590 
0.4359790 
0.4449460 
0.4553081 
0.4440354 
0.4230853 
0.4421929 
0.4529075 
0.4604739 
0.4613430 
0.4232053 
0.4504749 
0.4587673 
0.4456758 
0.4557606 
0.4529673 
0.4379200 
0.4493988 
0.4450154 
0.4384613 
0.4622267 
0.4472018 
0.4289082 
0.4407555 
0.4461808 
0.4297445 
0.4665633 
0.4530735 
0.4467739 
0.4610281 
0.4428852 
0.4277258 
0.4559647 
0.4273321 
0.4311949 
0.4389088 
0.4207422 
0.4112816 
0.4104414 
0.4224389 
0.4213211 
0.4294753 
0.4250348 
0.4310298 
0.4271366 
0.4312183 
0.4187739 
0.4207074 
0.4366230 
0.4364498 
0.4330811 
0.4449973 
0.4379204 
0.4374419 
0.4541099 
0.4382641 
0.4288095 
0.4504710 
0.4292031 
0.4222396 
0.4208892 
0.4127521 
0.4208802 
0.4102309 
0.3994022 
0.4130502 
0.3931151 
0.3955917 
0.4208392 
0.4157175 
0.4157584 
0.4050405 
0.3990950 
0.4114812 
0.4165648 
0.4037350 
0.4059262 
0.3939149 
0.3992007 
0.3986840 
0.4015974 
0.3871627 
0.3951534 
0.3848679 
0.3873195 
0.4013097 
0.3994489 
0.4098056 
0.3919102 
0.4082580 
0.4076676 
0.3771066 
0.3955773 
0.3809065 
0.3669897 
0.3977008 
0.3708461 
0.4041770 
0.3793244 
0.3706731 
0.4057076 
0.3835387 
0.3759765 
0.3912718 
0.4029369 
0.4062266 
0.3807291 
0.3923322 
0.4048155 
0.3761077 
0.3852096 
0.3811224 
0.3795152 
0.3663364 
0.3543480 
0.3856162 
0.4023750 
0.3797279 
0.3861747 
0.3778192 
0.4076235 
0.3986985 
0.3869357 
0.3908396 
0.3951485 
0.4056635 
0.3642746 
0.3524198 
0.3722768 
0.3718479 
0.3790129 
0.4010583 
0.3861316 
0.3934500 
0.3734458 
0.3730052 
0.3833013 
0.3734793 
0.3806335 
0.3773662 
0.3580454 
0.3483111 
0.3679305 
0.3593600 
0.3394437 
0.3608584 
0.3683746 
0.3626181 
0.3711056 
0.3670923 
0.3692595 
0.3794128 
0.3736107 
0.3680694 
0.3632913 
0.3627367 
0.3626079 
0.3605692 
0.3650376 
0.3579690 
0.3736254 
0.3599429 
0.3634298 
0.3600555 
0.3542981 
0.3481614 
0.3608206 
0.3501504 
0.3576195 
0.3572733 
0.3484969 
0.3503552 
0.3516177 
0.3592270 
0.3658722 
0.3481691 
0.3625916 
0.3696781 
0.3412295 
0.3372072 
0.3412663 
0.3307546 
0.3429974 
0.3505225 
0.3546852 
0.3555980 
0.3661226 
0.3422540 
0.3385979 
0.3637099 
0.3362396 
0.3425250 
0.3569478 
0.3148836 
0.3448657 
0.3629057 
0.3227490 
0.3421883 
0.3538371 
0.3075396 
0.3257047 
0.3477217 
0.3178417 
0.3302557 
0.3375697 
0.3214473 
0.3494403 
0.3413450 
0.2984279 
0.3356477 
0.3263795 
0.3201826 
0.3190637 
0.3053161 
0.3096101 
0.3206129 
0.3144058 
0.3163972 
0.3066962 
0.3082098 
0.3065117 
0.2880072 
0.3033938 
0.3092047 
0.2851479 
0.3029803 
0.3280473 
0.3357837 
0.3234542 
0.3019927 
0.3144817 
0.3267054 
0.2887050 
0.3065316 
0.3156296 
0.3010320 
0.2993428 
0.2891157 
0.2877349 
0.3017411 
0.2827221 
0.2894440 
0.3023495 
0.2998356 
0.3136144 
0.2890921 
0.2986846 
0.2898622 
0.2887659 
0.3008070 
0.3174207 
0.3060368 
0.3046604 
0.2996043 
0.2916573 
0.3038998 
0.3173172 
0.3065104 
0.3105419 
0.3130005 
0.3114286 
0.3049573 
0.2864522 
0.3031430 
0.3140023 
0.3050217 
0.3122658 
0.3175198 
0.3101801 
0.3123942 
0.2955966 
0.2607677 
0.2575184 
0.2939439 
0.3021885 
0.2901197 
0.2902783 
0.2926466 
0.2821529 
0.2830550 
0.3067930 
0.2848113 
0.2810317 
0.2859447 
0.2820326 
0.2813722 
0.2912145 
0.2702272 
0.2650780 
0.2686760 
0.2806263 
0.2917698 
0.2825547 
0.2749680 
0.2816020 
0.2736790 
0.2869139 
0.2975213 
0.2836359 
0.2829916 
0.2937971 
0.2914279 
0.2531906 
0.2607648 
0.2846183 
0.2981776 
0.2909271 
0.2599472 
0.2367077 
0.2474667 
0.2939727 
0.2878780 
0.2658379 
0.2819970 
0.2916774 
0.2848014 
0.2360513 
0.2558689 
0.2454584 
0.2532771 
0.2546707 
0.2598956 
0.2366212 
0.2467133 
0.2398829 
0.2335329 
0.2525176 
0.2441302 
0.2498628 
0.2436733 
0.2762197 
0.2380115 
0.2365177 
0.2474260 
0.2469491 
0.2555901 
0.2694169 
0.2691950 
0.2578650 
0.2475816 
0.2417811 
0.2309323 
0.2495627 
0.2567364 
0.2442122 
0.2309288 
0.2300435 
0.2517302 
0.2530404 
0.2563161 
0.2592017 
0.2616821 
0.2364546 
0.2527479 
0.2468509 
0.2343583 
0.2402446 
0.2411509 
0.2694178 
0.2785668 
0.2515339 
0.2344881 
0.2120549 
0.2025743 
0.2282879 
0.2589319 
0.2690652 
0.2714697 
0.2539022 
0.2272395 
0.2251309 
0.2338498 
0.2244021 
0.2451537 
0.2356833 
0.2219271 
0.2099573 
0.2162213 
0.2257923 
0.2131671 
0.2234318 
0.2180159 
0.2049974 
0.2201078 
0.2305946 
0.2582800 
0.2460260 
0.2397472 
0.2274261 
0.2147370 
0.2132334 
0.2091554 
0.2323082 
0.2427601 
0.2367549 
0.2102532 
0.2018103 
0.2164159 
0.2163186 
0.2339275 
0.2567062 
0.2432919 
0.2335783 
0.2293293 
0.2242655 
0.2346851 
0.2364241 
0.2061208 
0.2135974 
0.2168989 
0.1932357 
0.2041162 
0.2366611 
0.2075421 
0.1904766 
0.2145904 
0.2086838 
0.2405447 
0.2387790 
0.2183522 
0.2166665 
0.2366797 
0.2045434 
0.2153644 
0.2314320 
0.2150384 
0.2015173 
0.1987639 
0.2063036 
0.2112938 
0.1967603 
0.2040679 
0.2014421 
0.2286505 
0.2161813 
0.2044763 
0.1966741 
0.1947646 
0.1985271 
0.1945179 
0.1950423 
0.1792139 
0.1994859 
0.2048413 
0.1953080 
0.2007878 
0.2090258 
0.1912058 
0.2019610 
0.2178224 
0.1820769 
0.1706148 
0.1956736 
0.1914630 
0.1776207 
0.1928715 
0.2103338 
0.1926084 
0.1906974 
0.2051814 
0.1838725 
0.1816877 
0.2084706 
0.1786339 
0.1679103 
0.1472311 
0.1592069 
0.1592324 
0.1571522 
0.1772489 
0.1857979 
0.1814145 
0.1755206 
0.1651372 
0.1634161 
0.1712879 
0.2054261 
0.1957066 
0.1754293 
0.1799780 
0.1974876 
0.1811906 
0.1946228 
0.2094037 
0.1935039 
0.1759321 
0.1773571 
0.1978619 
0.2020513 
0.1858008 
0.1993443 
0.1923174 
0.1910449 
0.1821262 
0.1907731 
0.1885484 
0.1796184 
0.1732832 
0.1685888 
0.1769364 
0.1786592 
0.1877090 
0.1833491 
0.1797355 
0.1761958 
0.1749616 
0.1807380 
0.1742229 
0.1726367 
0.1832034 
0.1792759 
0.1684689 
0.1745935 
0.1764056 
0.1829039 
0.1803247 
0.1809158 
0.1570714 
0.1594357 
0.1677396 
0.1647691 
0.1770817 
0.1725219 
0.1592702 
0.1548452 
0.1658128 
0.1728964 
0.1455974 
0.1670024 
0.1757287 
0.1573019 
0.1392942 
0.1491047 
0.1572130 
0.1382542 
0.1509021 
0.1554543 
0.1434910 
0.1399176 
0.1521069 
0.1506564 
0.1372392 
0.1494145 
0.1541740 
0.1450857 
0.1279321 
0.1506543 
0.1512823 
0.1606282 
0.1603719 
0.1396988 
0.1566570 
0.1639488 
0.1539298 
0.1572331 
0.1612612 
0.1408730 
0.1354305 
0.1648558 
0.1428846 
0.1375319 
0.1506853 
0.1254656 
0.1276659 
0.1404380 
0.1364779 
0.1356325 
0.1399232 
0.1428954 
0.1734262 
0.1681535 
0.1674730 
0.1549915 
0.1632038 
0.1361524 
0.1349808 
0.1443669 
0.1427801 
0.1408121 
0.1545998 
0.1443680 
0.1342155 
0.1332625 
0.1345085 
0.1306783 
0.1368415 
0.1334704 
0.1262418 
0.1423605 
0.1448500 
0.1296807 
0.1365270 
0.1544985 
0.1352642 
0.1350833 
0.1496053 
0.1400709 
0.1227073 
0.1330503 
0.1380754 
0.1142181 
0.1028538 
0.1105221 
0.1156890 
0.1185083 
0.1129009 
0.1072815 
0.0894353 
0.0944853 
0.1129307 
0.1190936 
0.1142005 
0.1203279 
0.1123341 
0.1159575 
0.1053236 
0.1027409 
0.1089597 
0.0906397 
0.1077379 
0.1024098 
0.0884066 
0.0872564 
0.1014895 
0.1197320 
0.1188599 
0.0947103 
0.1167355 
0.1237119 
0.1332148 
0.1251914 
0.1029248 
0.0918409 
0.1068358 
0.1099825 
0.0969808 
0.0895883 
0.0972996 
0.0944024 
0.0976243 
0.1085227 
0.1079046 
0.0930922 
0.1024107 
0.0948198 
0.0924927 
0.0924535 
0.0882747 
0.0825809 
0.0872853 
0.0881141 
0.0830849 
0.0923384 
0.0993380 
0.0877598 
0.0709577 
0.0767846 
0.0965299 
0.1019917 
0.1016215 
0.1004003 
0.1104884 
0.1127676 
0.1111819 
0.1053930 
0.0975835 
0.1040318 
0.0958126 
0.0827278 
0.0962730 
0.0869214 
0.0754632 
0.0803648 
0.0845925 
0.0970258 
0.0843135 
0.0846420 
0.0699870 
0.0714904 
0.0815311 
0.0929684 
0.0975256 
0.1114628 
0.1131174 
0.1141960 
0.1099430 
0.1205476 
0.1106155 
0.0829906 
0.0809218 
0.0980311 
0.0888411 
0.0618229 
0.0615560 
0.0694620 
0.0736864 
0.0675444 
0.0501334 
0.0739670 
0.0747840 
0.0812927 
0.0941286 
0.0842385 
0.0704906 
0.0633522 
0.0833020 
0.0930088 
0.0778548 
0.0552812 
0.0656479 
0.0619245 
0.0443167 
0.0459176 
0.0539555 
0.0517857 
0.0370819 
0.0183461 
0.0131633 
0.0000000 
0.0224023 
0.0650476 
0.0687672 
0.0668168 
0.0729240 
0.0970849 
0.0945622 
0.0590222 
0.0722150 
0.0839436 
0.0629909 
0.0756543 
0.0740791 
0.0799155 
0.0713870 
