0.0000426 
0.0000890 
-0.0001383 
0.0533946 
-0.2338996 
-0.1314034 
0.8030285 
0.8235771 
0.8274066 
0.7858365 
0.7495941 
0.7522822 
0.7623869 
0.7478572 
0.7452051 
0.7514484 
0.8042135 
0.8117069 
0.7670981 
0.7804970 
0.8014729 
0.7797404 
0.7341504 
0.7671767 
0.7310483 
0.7576232 
0.7735452 
0.7638687 
0.7760811 
0.7803682 
0.7866380 
0.7627497 
0.6990285 
0.7098701 
0.7021738 
0.7139951 
0.7384335 
0.7269612 
0.7122482 
0.7359188 
0.7345018 
0.7243054 
0.7193951 
0.6956711 
0.7079543 
0.6941928 
0.6763525 
0.6876084 
0.6676993 
0.6647610 
0.6751077 
0.6710902 
0.6754458 
0.6908356 
0.7284841 
0.7145824 
0.7006838 
0.7002771 
0.7083328 
0.6994003 
0.7029793 
0.7100484 
0.7086611 
0.7107314 
0.7128345 
0.7161620 
0.7441965 
0.7207233 
0.7064864 
0.7354323 
0.6991980 
0.6480015 
0.6649655 
0.6748656 
0.6646813 
0.6823301 
0.7013134 
0.6956743 
0.6870936 
0.6633449 
0.6795758 
0.6720707 
0.6838647 
0.7168793 
0.6957952 
0.7132270 
0.7061397 
0.6653434 
0.6678721 
0.6679714 
0.6795328 
0.6591118 
0.6976767 
0.6685555 
0.6564336 
0.6814124 
0.6789806 
0.6626112 
0.6744074 
0.6717729 
0.6602816 
0.6547142 
0.6623538 
0.6516077 
0.6442171 
0.6389110 
0.6376827 
0.6216598 
0.6561956 
0.6565043 
0.6555585 
0.6627600 
0.6684523 
0.6346543 
0.6360621 
0.6827848 
0.6842572 
0.6993811 
0.6806278 
0.6687094 
0.6823806 
0.6950011 
0.6857676 
0.7059198 
0.7033840 
0.6599062 
0.6483630 
0.6627015 
0.6546112 
0.6280618 
0.6594590 
0.6437110 
0.6603098 
0.6219262 
0.6433480 
0.6444599 
0.6750603 
0.6825137 
0.7029596 
0.7094972 
0.6982906 
0.6926555 
0.7118353 
0.7095375 
0.7437883 
0.7392591 
0.7461708 
0.7583662 
0.7467694 
0.7422167 
0.7372626 
0.7181278 
0.7229101 
0.7424348 
0.7510874 
0.7797915 
0.7603609 
0.7333241 
0.7570155 
0.7521143 
0.7806208 
0.7674607 
0.7941281 
0.7787134 
0.7644790 
0.7696123 
0.7505664 
0.7593608 
0.7684999 
0.7538935 
0.7564197 
0.7611236 
0.7685533 
0.7496050 
0.7589130 
0.7355391 
0.7071200 
0.7388251 
0.7374325 
0.7416099 
0.7255106 
0.7084145 
0.7266178 
0.6893586 
0.6162213 
0.6371660 
0.6461101 
0.6909255 
0.7074723 
0.6954616 
0.7093722 
0.6990259 
0.6875282 
0.7266640 
0.7434780 
0.7627812 
0.7675660 
0.7796606 
0.7613060 
0.7454587 
0.7469617 
0.7398795 
0.7341982 
0.7235473 
0.7119766 
0.7167336 
0.7135704 
0.7292508 
0.6897698 
0.6636710 
0.6557618 
0.6389535 
0.6243991 
0.6253013 
0.6367894 
0.6655088 
0.6507825 
0.6273278 
0.6256101 
0.5759596 
0.6027490 
0.6011924 
0.5954104 
0.6000077 
0.6092954 
0.6618005 
0.6624409 
0.6574165 
0.6536407 
0.6623388 
0.6524093 
0.6532346 
0.6468673 
0.6627810 
0.6993544 
0.7119820 
0.7097080 
0.6413984 
0.6801615 
0.6373547 
0.6126962 
0.6460567 
0.6450664 
0.6399835 
0.6336648 
0.6308245 
0.6569696 
0.7030563 
0.7016866 
0.7196382 
0.7207679 
0.7403707 
0.7102885 
0.7200667 
0.7634680 
0.7440679 
0.7594225 
0.7317932 
0.7317334 
0.7444525 
0.7308887 
0.7577995 
0.7400768 
0.7312544 
0.7510177 
0.7492622 
0.7067909 
0.7091659 
0.7167720 
0.7077179 
0.7120275 
0.7230511 
0.7421855 
0.7490007 
0.7607547 
0.7966945 
0.7933292 
0.8006237 
0.7443662 
0.7257533 
0.7061546 
0.6829945 
0.7019824 
0.6784750 
0.6959956 
0.7356373 
0.7153404 
0.7276853 
0.7391963 
0.7334928 
0.7484752 
0.7232624 
0.7557674 
0.7529862 
0.7770566 
0.7431720 
0.7288011 
0.7093463 
0.7075953 
0.7043399 
0.7253616 
0.7433540 
0.7512584 
0.7501249 
0.7162464 
0.7168794 
0.7228405 
0.6858877 
0.6984644 
0.6947957 
0.7304902 
0.7581478 
0.7172184 
0.7276359 
0.8030727 
0.8161642 
0.8314701 
0.8243882 
0.8157492 
0.8123522 
0.8009502 
0.8454148 
0.8852078 
0.9009809 
0.8821899 
0.8792349 
0.8606872 
0.8623282 
0.8581936 
0.8506762 
0.8516151 
0.8208244 
0.8131269 
0.8456873 
0.8242227 
0.7989773 
0.8015001 
0.7834034 
0.7949672 
0.8095589 
0.8557495 
0.8687705 
0.8806681 
0.9116700 
0.9006337 
0.8655729 
0.8839102 
0.8580363 
0.8434061 
0.8282392 
0.8406813 
0.8302422 
0.8450226 
0.8510353 
0.8582561 
0.8468560 
0.8287913 
0.8447829 
0.8306881 
0.7789199 
0.7960479 
0.8179074 
0.8650845 
0.8721934 
0.8741307 
0.8760617 
0.8844832 
0.8546499 
0.8678686 
0.8543131 
0.8686167 
0.8610820 
0.8213839 
0.8517768 
0.8694573 
0.9079733 
0.9504994 
0.9286121 
0.9492442 
0.9272959 
0.9252163 
0.9694120 
1.0000000 
0.9544995 
0.9419109 
0.9119491 
0.8793396 
0.9139918 
0.8925548 
0.8699845 
0.8669761 
0.8746992 
0.8603626 
0.8751882 
0.8834090 
0.9040809 
0.8987082 
0.8282624 
0.8442392 
0.8606544 
0.9069777 
0.9068033 
0.9245612 
0.9112263 
0.9122519 
0.9336645 
0.9334743 
0.9305718 
0.9312854 
0.9249954 
0.9193794 
0.9188986 
0.9609137 
0.9693299 
0.9601632 
0.9670365 
0.9299107 
0.9361692 
0.9229794 
0.9079477 
0.8877326 
0.8981102 
0.8634176 
0.7815020 
0.7646355 
0.6690765 
0.5907883 
0.5610765 
0.4636096 
0.4576765 
0.4583732 
0.4780408 
0.4937243 
0.4822225 
0.4766405 
0.4764607 
0.4634299 
0.4540134 
0.4814047 
0.4450405 
0.4867355 
0.4798522 
0.5108544 
0.5058766 
0.5148224 
0.4902345 
0.4944608 
0.4826058 
0.4610053 
0.4414136 
0.4530905 
0.4953963 
0.4822184 
0.4799146 
0.4756838 
0.5069416 
0.5174964 
0.5502647 
0.5599355 
0.5670330 
0.5648616 
0.5310828 
0.5154702 
0.5746849 
0.5566029 
0.5394946 
0.4952768 
0.4976661 
0.5640543 
0.5691786 
0.5603565 
0.5772811 
0.4998333 
0.4919523 
0.4545716 
0.4584507 
0.4342239 
0.4334939 
0.4447991 
0.4437034 
0.4396527 
0.4635971 
0.4238299 
0.4288944 
0.4323615 
0.4354169 
0.4215642 
0.4328187 
0.4561940 
0.4568502 
0.4292985 
0.4212695 
0.4274323 
0.4122168 
0.4075004 
0.4322808 
0.4067062 
0.4381142 
0.4752155 
0.4898223 
0.4920010 
0.5022547 
0.4645970 
0.4846278 
0.4863888 
0.4960250 
0.5068730 
0.4815589 
0.5136513 
0.4901258 
0.4875484 
0.4968451 
0.4817021 
0.4949785 
0.4767741 
0.4738222 
0.4675222 
0.4575412 
0.4237610 
0.4394337 
0.4275783 
0.4227585 
0.4148459 
0.4263677 
0.4670116 
0.4875847 
0.4853000 
0.4987305 
0.5063149 
0.5236292 
0.5155841 
0.5022805 
0.4914149 
0.4848978 
0.4710396 
0.4346994 
0.4353484 
0.4482034 
0.5018419 
0.4814396 
0.4672004 
0.4610161 
0.4665497 
0.4373551 
0.4696348 
0.4578299 
0.5039418 
0.5393343 
0.5603089 
0.5567922 
0.5807335 
0.6046853 
0.5872935 
0.5914528 
0.5760869 
0.5376733 
0.5506880 
0.5658433 
0.5518916 
0.5444291 
0.5408103 
0.5478636 
0.5239732 
0.5679190 
0.5700216 
0.5713747 
0.5850537 
0.5911901 
0.5566326 
0.5675133 
0.5741115 
0.5330225 
0.5356798 
0.5391191 
0.5442152 
0.5127750 
0.5554470 
0.5548683 
0.5472695 
0.5375324 
0.5145341 
0.5130430 
0.5401320 
0.5471871 
0.5719128 
0.5462534 
0.5413139 
0.5442175 
0.5252955 
0.5444594 
0.5334556 
0.5336009 
0.5014933 
0.4930680 
0.4759085 
0.5163386 
0.4821238 
0.5575330 
0.5810431 
0.5593155 
0.4914475 
0.5306020 
0.5484759 
0.5604465 
0.5524311 
0.5671360 
0.5505017 
0.5439111 
0.5214389 
0.5318276 
0.5243557 
0.5588782 
0.5587500 
0.5625658 
0.5894493 
0.6286299 
0.6031586 
0.5725608 
0.5569250 
0.5399702 
0.5701938 
0.6118844 
0.6069065 
0.6336193 
0.6108015 
0.6219125 
0.6090238 
0.6429320 
0.6189237 
0.5919525 
0.5758378 
0.5469512 
0.5497795 
0.5565832 
0.5415461 
0.5116852 
0.5008586 
0.4961194 
0.5037845 
0.5768627 
0.5799856 
0.5534067 
0.5607804 
0.5512527 
0.5339836 
0.5195221 
0.5067290 
0.4864227 
0.4645310 
0.4379894 
0.4618431 
0.4699941 
0.5111870 
0.5263369 
0.5240913 
0.5104427 
0.4899008 
0.4979770 
0.5016787 
0.4708738 
0.4609763 
0.4853620 
0.4758811 
0.4635267 
0.4736593 
0.4919776 
0.5019068 
0.4958773 
0.5117743 
0.4853851 
0.4921500 
0.4881082 
0.4738387 
0.5107337 
0.5093772 
0.5068547 
0.4707507 
0.4852096 
0.4888547 
0.5372882 
0.5137423 
0.5365547 
0.5196117 
0.5545403 
0.5357630 
0.5647438 
0.5455516 
0.5562942 
0.5667245 
0.5766333 
0.5813243 
0.5666222 
0.6172114 
0.6610817 
0.6535886 
0.6355841 
0.6529777 
0.6359728 
0.6322770 
0.6186478 
0.6310805 
0.5926801 
0.5815975 
0.6095413 
0.6051220 
0.6134477 
0.5755386 
0.5615597 
0.5511942 
0.5419495 
0.5570409 
0.5318949 
0.5567902 
0.5804137 
0.5901818 
0.5413244 
0.5181279 
0.5437699 
0.5459805 
0.5410288 
0.5499943 
0.5397553 
0.5166227 
0.5242254 
0.5105362 
0.5014946 
0.4780257 
0.4656533 
0.4539129 
0.4651125 
0.4787891 
0.4967516 
0.5105561 
0.5344524 
0.5760703 
0.5495190 
0.5197451 
0.5496984 
0.5548449 
0.5619186 
0.5813624 
0.6052788 
0.6026956 
0.6158646 
0.6032813 
0.6045421 
0.5851896 
0.5833768 
0.6016229 
0.5985304 
0.6513850 
0.6630441 
0.6618375 
0.6848188 
0.6691872 
0.6651295 
0.6308827 
0.6378750 
0.6217050 
0.6363560 
0.6150873 
0.6245045 
0.6172115 
0.6314533 
0.6328536 
0.6201261 
0.6233029 
0.6403735 
0.6079254 
0.5898593 
0.5456264 
0.5772869 
0.6265795 
0.6257238 
0.6143016 
0.6015141 
0.5988583 
0.5693130 
0.5911651 
0.5694252 
0.5599422 
0.5546475 
0.5915956 
0.5657010 
0.5787836 
0.5625213 
0.5393511 
0.5599675 
0.5309290 
0.5730031 
0.5702804 
0.6096577 
0.6272142 
0.6264846 
0.6191463 
0.6082827 
0.5578435 
0.5515967 
0.5521337 
0.5859308 
0.5893911 
0.5638672 
0.5773954 
0.5624859 
0.5709756 
0.5373836 
0.5762916 
0.5880895 
0.5610964 
0.5772317 
0.5924861 
0.6005351 
0.6248681 
0.5950997 
0.6071622 
0.5761369 
0.5892785 
0.5713004 
0.5710062 
0.5543247 
0.5697134 
0.5990806 
0.5792607 
0.6114994 
0.6311747 
0.6328892 
0.6058107 
0.5630644 
0.5550512 
0.6164677 
0.6191718 
0.6381959 
0.6341282 
0.6315245 
0.6338010 
0.6343034 
0.6029848 
0.5848090 
0.5863569 
0.6109164 
0.6273997 
0.6268363 
0.5839847 
0.5614377 
0.5237580 
0.5510771 
0.5782110 
0.5739254 
0.5796228 
0.6160718 
0.6362178 
0.5765278 
0.5661908 
0.5002416 
0.5276495 
0.5763655 
0.5799440 
0.5762969 
0.5978764 
0.5610905 
0.5880748 
0.6076377 
0.5997456 
0.6071194 
0.5873246 
0.5807857 
0.5353876 
0.5242505 
0.5154881 
0.5132162 
0.5288192 
0.5576933 
0.5364193 
0.5521166 
0.5694529 
0.5622545 
0.5523870 
0.5461123 
0.5318443 
0.5264732 
0.5656268 
0.6015927 
0.5902037 
0.5840068 
0.5815753 
0.5598266 
0.5708528 
0.5649118 
0.6002708 
0.5865567 
0.5965682 
0.5674796 
0.5585835 
0.5698991 
0.6073873 
0.5930702 
0.5841347 
0.5886481 
0.6074531 
0.5863977 
0.5768202 
0.5779212 
0.5673388 
0.5595771 
0.5597273 
0.5686847 
0.5692223 
0.5427129 
0.5631343 
0.5553634 
0.5621799 
0.5400347 
0.5409931 
0.5682800 
0.5730515 
0.5379713 
0.5568670 
0.5212183 
0.5275525 
0.5466021 
0.5131463 
0.4877196 
0.4976662 
0.4788854 
0.4828470 
0.4867528 
0.4620899 
0.4589819 
0.5152306 
0.5264934 
0.4994407 
0.4639817 
0.4420365 
0.4731155 
0.5002925 
0.5191342 
0.5483434 
0.5381298 
0.5579725 
0.5609222 
0.5619189 
0.5208585 
0.5015678 
0.4986818 
0.4705540 
0.4978387 
0.5130538 
0.5243107 
0.4913985 
0.4863341 
0.4757989 
0.4952714 
0.5065424 
0.5231823 
0.5120953 
0.5121830 
0.5293217 
0.5387316 
0.5103678 
0.5361813 
0.5494215 
0.5801946 
0.5695846 
0.5553245 
0.5856142 
0.5916573 
0.5720158 
0.5391981 
0.5281416 
0.5462743 
0.5459998 
0.5688752 
0.5184724 
0.4879911 
0.4628652 
0.4490885 
0.4825345 
0.5373508 
0.5281563 
0.5282067 
0.4992545 
0.5331359 
0.5362236 
0.5582428 
0.5737132 
0.5435412 
0.5370403 
0.5499436 
0.5171877 
0.5435475 
0.5204470 
0.4876152 
0.5104736 
0.5051332 
0.5003381 
0.4795165 
0.5145965 
0.5397547 
0.5179193 
0.4695032 
0.4764510 
0.4846413 
0.4997441 
0.4929590 
0.5124329 
0.5054102 
0.5193837 
0.5574105 
0.5820341 
0.5458084 
0.5209137 
0.5138647 
0.5073264 
0.5306815 
0.5606382 
0.5484877 
0.5516212 
0.5833615 
0.6003561 
0.6066940 
0.6022225 
0.6044647 
0.6059894 
0.5994459 
0.5894369 
0.5740031 
0.5842692 
0.5679916 
0.5689862 
0.5530321 
0.5741802 
0.5853708 
0.5799291 
0.5833640 
0.5588015 
0.5432841 
0.5770916 
0.5706324 
0.5744127 
0.5391886 
0.5540081 
0.5251487 
0.5373591 
0.5182540 
0.4952505 
0.5148492 
0.5419958 
0.5298204 
0.5781299 
0.5757930 
0.5605912 
0.5840115 
0.5758285 
0.5619127 
0.5805609 
0.6138870 
0.6618875 
0.6676960 
0.6718086 
0.6658461 
0.6513232 
0.6388503 
0.6632291 
0.6429461 
0.6460347 
0.6346675 
0.6496388 
0.6586796 
0.6833693 
0.6676399 
0.6866936 
0.6951752 
0.6911660 
0.6937600 
0.6824432 
0.6646515 
0.6569168 
0.6458331 
0.6395838 
0.6461424 
0.6668458 
0.6284705 
0.5944777 
0.5727287 
0.5942025 
0.5733903 
0.5944452 
0.5964205 
0.6006802 
0.6316659 
0.5988494 
0.5752641 
0.5559168 
0.5740001 
0.5456472 
0.5663224 
0.5890341 
0.6143651 
0.6106181 
0.6232218 
0.6309828 
0.6141592 
0.6013518 
0.5723186 
0.5544553 
0.5872967 
0.5663821 
0.5532794 
0.5993195 
0.6083790 
0.5844935 
0.5793074 
0.5723578 
0.5365702 
0.5622727 
0.5302568 
0.5306563 
0.5628797 
0.5431963 
0.5663128 
0.5701173 
0.6030505 
0.6310466 
0.6266850 
0.6172503 
0.5925701 
0.5787509 
0.5841655 
0.5982529 
0.6142192 
0.5804543 
0.5770519 
0.5757155 
0.5522905 
0.5393370 
0.5646175 
0.5685992 
0.5999015 
0.5883973 
0.6208352 
0.5819411 
0.5542617 
0.5690212 
0.5706271 
0.5207587 
0.5264408 
0.6124949 
0.6409459 
0.6751512 
0.6179287 
0.5993881 
0.5790919 
0.5761294 
0.5843651 
0.5942611 
0.6185331 
0.6398300 
0.5939066 
0.6025267 
0.6237607 
0.6307850 
0.6033604 
0.6315598 
0.6452676 
0.6308651 
0.5960748 
0.5840398 
0.5816338 
0.5450781 
0.5767801 
0.5717527 
0.5728782 
0.5784102 
0.5159663 
0.5161153 
0.5178484 
0.5225946 
0.5205043 
0.5550038 
0.5640848 
0.5427471 
0.5371794 
0.5346527 
0.5043785 
0.4561656 
0.4732188 
0.4848827 
0.5292017 
0.5391866 
0.5330861 
0.5139013 
0.5124068 
0.4872131 
0.4734251 
0.4444479 
0.4710937 
0.4588395 
0.4970297 
0.5675770 
0.6052203 
0.6328845 
0.6368237 
0.6092013 
0.6212991 
0.5796925 
0.5639407 
0.5489297 
0.5376524 
0.5587723 
0.5266643 
0.5269425 
0.5446715 
0.5455054 
0.5543880 
0.5394772 
0.5062408 
0.5320092 
0.5208287 
0.5564160 
0.5691762 
0.5918732 
0.5862730 
0.5435942 
0.5064269 
0.5361481 
0.5396748 
0.5303380 
0.5292022 
0.5592313 
0.5397210 
0.5828977 
0.5513697 
0.5291611 
0.4979517 
0.5292378 
0.5079221 
0.5178779 
0.5039317 
0.5284911 
0.5536548 
0.5343833 
0.5485273 
0.5349400 
0.5148596 
0.5256321 
0.5349090 
0.5576693 
0.5506333 
0.5563246 
0.5885739 
0.5801920 
0.5546953 
0.5901330 
0.5556329 
0.5482703 
0.5520621 
0.5244630 
0.5296731 
0.5497240 
0.5575548 
0.5769702 
0.5855009 
0.5953661 
0.5796873 
0.5384914 
0.4863108 
0.5153010 
0.5512655 
0.5603141 
0.6061963 
0.5927830 
0.5808321 
0.5469676 
0.5490381 
0.5241916 
0.5119133 
0.4996281 
0.5565924 
0.5396818 
0.5290229 
0.5709870 
0.5979389 
0.5660643 
0.5736482 
0.5665376 
0.5681652 
0.5539719 
0.5612531 
0.5625128 
0.5694312 
0.5427484 
0.5633479 
0.5807390 
0.6253089 
0.6431742 
0.6485066 
0.6044283 
0.6169862 
0.5734590 
0.5712159 
0.5614113 
0.5660634 
0.5725138 
0.5857528 
0.6045962 
0.6016793 
0.6040374 
0.5352706 
0.5720953 
0.5773349 
0.5719349 
0.5872093 
0.5775558 
0.5738565 
0.5608753 
0.5772448 
0.5285023 
0.5486151 
0.6037213 
0.6011555 
0.5859105 
0.5668229 
0.5397779 
0.5143867 
0.5055243 
0.5072760 
0.5171117 
0.4834662 
0.4625931 
0.4637922 
0.4445015 
0.4445209 
0.4369026 
0.4602266 
0.4675603 
0.4576959 
0.4690440 
0.4666174 
0.4501373 
0.4467085 
0.4556333 
0.4639984 
0.4759770 
0.4985415 
0.4721065 
0.4610062 
0.4664116 
0.4747492 
0.4736890 
0.4176989 
0.3999018 
0.3941710 
0.3971315 
0.4013489 
0.3535297 
0.3830673 
0.3525533 
0.3839095 
0.3690289 
0.3678219 
0.3616077 
0.3357839 
0.3167618 
0.2966362 
0.2823070 
0.2611775 
0.2260436 
0.2349598 
0.2172233 
0.2040505 
0.1635708 
0.1719047 
0.1727786 
0.1545824 
0.1545171 
0.1348364 
0.1468780 
0.1485025 
0.1517162 
0.1413939 
0.1338017 
0.1388503 
0.0991239 
0.1116390 
0.0858788 
0.0750802 
0.0688114 
0.1066985 
0.1149574 
0.0725107 
0.0928337 
0.0522153 
0.0832160 
0.0903192 
0.0495781 
0.0636453 
0.0811720 
0.0558234 
0.0000000 
0.0187461 
0.0213964 
0.0365122 
0.0592860 
0.0939730 
0.1311138 
0.1435626 
