0.0001798 
0.0001654 
0.0001465 
-0.0057455 
-0.1887629 
0.2126119 
0.9795728 
0.9774456 
0.9844854 
0.9936520 
0.9852452 
0.9953646 
0.9870307 
0.9950935 
0.9887557 
0.9818531 
0.9832714 
0.9826822 
0.9802018 
0.9812791 
0.9870842 
0.9823916 
0.9735363 
0.9726099 
0.9755020 
0.9730773 
0.9751748 
0.9762860 
0.9669471 
0.9620705 
0.9694303 
0.9617422 
0.9586422 
0.9642682 
0.9625737 
0.9721445 
0.9694639 
0.9649528 
0.9600417 
0.9630677 
0.9647514 
0.9707105 
0.9761324 
0.9728453 
0.9718425 
0.9745200 
0.9717148 
0.9792896 
0.9769850 
0.9739877 
0.9778985 
0.9757281 
0.9780119 
0.9744091 
0.9779091 
0.9748725 
0.9786422 
0.9752433 
0.9820838 
0.9693573 
0.9828928 
0.9803041 
0.9766403 
0.9751456 
0.9704768 
0.9684225 
0.9713410 
0.9690265 
0.9628242 
0.9728738 
0.9704121 
0.9731447 
0.9778601 
0.9728098 
0.9777379 
0.9766745 
0.9743907 
0.9693360 
0.9599087 
0.9722947 
0.9641325 
0.9679291 
0.9626272 
0.9599669 
0.9585235 
0.9555293 
0.9721783 
0.9523156 
0.9626435 
0.9522433 
0.9573670 
0.9549020 
0.9633921 
0.9599111 
0.9617691 
0.9640348 
0.9697838 
0.9657725 
0.9617137 
0.9664301 
0.9776959 
0.9725657 
0.9649942 
0.9706072 
0.9619310 
0.9609508 
0.9538642 
0.9495156 
0.9531775 
0.9455869 
0.9497861 
0.9618541 
0.9633125 
0.9690761 
0.9728956 
0.9720715 
0.9788467 
0.9808454 
0.9724521 
0.9682869 
0.9771074 
0.9687139 
0.9669590 
0.9639894 
0.9667532 
0.9544771 
0.9558180 
0.9573012 
0.9580062 
0.9638431 
0.9579459 
0.9714434 
0.9562192 
0.9631707 
0.9646251 
0.9695935 
0.9801928 
0.9784741 
0.9706919 
0.9784214 
0.9738628 
0.9658709 
0.9599409 
0.9595263 
0.9651808 
0.9718343 
0.9646197 
0.9728488 
0.9718250 
0.9778151 
0.9747087 
0.9655640 
0.9723862 
0.9679176 
0.9644119 
0.9652493 
0.9598685 
0.9684863 
0.9774037 
0.9676652 
0.9649810 
0.9682489 
0.9780693 
0.9681985 
0.9739785 
0.9708666 
0.9721590 
0.9630677 
0.9639548 
0.9643533 
0.9673009 
0.9692429 
0.9719306 
0.9641137 
0.9778903 
0.9673660 
0.9640648 
0.9753422 
0.9583181 
0.9603282 
0.9695723 
0.9411235 
0.9563301 
0.9544602 
0.9518538 
0.9636124 
0.9484466 
0.9500320 
0.9621078 
0.9562442 
0.9545188 
0.9592945 
0.9591916 
0.9662907 
0.9598235 
0.9609222 
0.9604914 
0.9652312 
0.9680981 
0.9684642 
0.9588320 
0.9641747 
0.9646669 
0.9691996 
0.9569965 
0.9654531 
0.9634211 
0.9605427 
0.9661105 
0.9655648 
0.9657805 
0.9651943 
0.9706075 
0.9755953 
0.9689051 
0.9716056 
0.9782079 
0.9708619 
0.9651556 
0.9724758 
0.9740383 
0.9769920 
0.9799521 
0.9765545 
0.9803036 
0.9821283 
0.9816952 
0.9898919 
0.9792759 
0.9793482 
0.9733901 
0.9842747 
0.9737593 
0.9866931 
0.9812078 
0.9812558 
0.9800775 
0.9746998 
0.9832695 
0.9877647 
0.9848443 
0.9909699 
0.9828298 
0.9839873 
0.9866495 
0.9758361 
0.9845040 
0.9876610 
0.9955548 
0.9867331 
0.9847344 
0.9903587 
0.9857688 
0.9829220 
0.9766376 
0.9678291 
0.9756226 
0.9741457 
0.9694247 
0.9784983 
0.9656699 
0.9591253 
0.9602962 
0.9598529 
0.9589239 
0.9686816 
0.9684139 
0.9700451 
0.9623457 
0.9722428 
0.9699716 
0.9666215 
0.9698153 
0.9806078 
0.9768841 
0.9665046 
0.9702602 
0.9702353 
0.9790774 
0.9861578 
0.9814117 
0.9796038 
0.9856438 
0.9827842 
0.9787140 
0.9850773 
0.9833633 
0.9761385 
0.9741280 
0.9813223 
0.9677844 
0.9699103 
0.9692801 
0.9744112 
0.9703763 
0.9713964 
0.9683534 
0.9602038 
0.9596305 
0.9691412 
0.9701861 
0.9701799 
0.9703710 
0.9834422 
0.9775992 
0.9796992 
0.9737643 
0.9754111 
0.9717200 
0.9767483 
0.9842789 
0.9837273 
0.9884444 
0.9827996 
0.9783624 
0.9780050 
0.9720338 
0.9730282 
0.9720802 
0.9691330 
0.9710480 
0.9664236 
0.9693939 
0.9679008 
0.9678460 
0.9701447 
0.9833654 
0.9775657 
0.9771165 
0.9864622 
0.9839849 
0.9857051 
0.9883085 
0.9897400 
0.9894468 
0.9876541 
0.9854683 
0.9842455 
0.9709487 
0.9793840 
0.9826541 
0.9740570 
0.9788122 
0.9733952 
0.9683153 
0.9690445 
0.9703676 
0.9726762 
0.9723020 
0.9777572 
0.9748257 
0.9752124 
0.9748352 
0.9722362 
0.9727448 
0.9727825 
0.9700980 
0.9744020 
0.9714268 
0.9678270 
0.9582709 
0.9760940 
0.9816469 
0.9833261 
0.9837915 
0.9858896 
0.9845832 
0.9865177 
0.9754344 
0.9746705 
0.9693159 
0.9710288 
0.9725663 
0.9765126 
0.9680747 
0.9632611 
0.9653579 
0.9709437 
0.9856362 
0.9772186 
0.9717619 
0.9533121 
0.9626675 
0.9731066 
0.9807793 
0.9553500 
0.9535295 
0.9702078 
0.9741305 
0.9600294 
0.9614438 
0.9753267 
0.9850473 
0.9615067 
0.9555754 
0.9559065 
0.9678716 
0.9669165 
0.9504122 
0.9583637 
0.9638793 
0.9597336 
0.9561437 
0.9659457 
0.9682571 
0.9635173 
0.9661972 
0.9676680 
0.9645081 
0.9648306 
0.9665537 
0.9740022 
0.9670744 
0.9613035 
0.9623636 
0.9638242 
0.9625668 
0.9700401 
0.9699157 
0.9658240 
0.9656542 
0.9709060 
0.9768374 
0.9762135 
0.9759237 
0.9777780 
0.9766619 
0.9881028 
0.9814691 
0.9787798 
0.9830804 
0.9716562 
0.9744494 
0.9759853 
0.9683932 
0.9731256 
0.9812013 
0.9893958 
0.9929079 
0.9848585 
0.9868240 
0.9835755 
0.9880360 
0.9714040 
0.9711143 
0.9658864 
0.9726459 
0.9700757 
0.9776670 
0.9688552 
0.9640324 
0.9537138 
0.9691592 
0.9571538 
0.9722912 
0.9580242 
0.9701454 
0.9711777 
0.9715334 
0.9746584 
0.9659307 
0.9683455 
0.9751271 
0.9762139 
0.9661985 
0.9827520 
0.9740746 
0.9737075 
0.9767894 
0.9822313 
0.9735850 
0.9759061 
0.9702787 
0.9781767 
0.9728783 
0.9623937 
0.9723790 
0.9810951 
0.9828943 
0.9694073 
0.9654630 
0.9678588 
0.9661089 
0.9600492 
0.9583267 
0.9594263 
0.9695860 
0.9841442 
0.9769634 
0.9604445 
0.9743227 
0.9867877 
0.9668838 
0.9729986 
0.9686723 
0.9780699 
0.9761702 
0.9710368 
0.9675285 
0.9693836 
0.9742655 
0.9846611 
0.9749955 
0.9697328 
0.9690067 
0.9684908 
0.9665637 
0.9781247 
0.9640971 
0.9738960 
0.9578974 
0.9704093 
0.9678582 
0.9775682 
0.9640071 
0.9671599 
0.9630869 
0.9664191 
0.9573065 
0.9586448 
0.9675235 
0.9718533 
0.9674477 
0.9722541 
0.9734527 
0.9741661 
0.9747737 
0.9679176 
0.9731363 
0.9824257 
0.9685058 
0.9754133 
0.9674940 
0.9838925 
0.9786596 
0.9732958 
0.9688276 
0.9734473 
0.9671231 
0.9590210 
0.9728320 
0.9560297 
0.9809677 
0.9519130 
0.9667274 
0.9483894 
0.9622972 
0.9596949 
0.9599421 
0.9639617 
0.9671342 
0.9741629 
0.9732122 
0.9657766 
0.9702824 
0.9653996 
0.9633436 
0.9628071 
0.9632811 
0.9633852 
0.9718435 
0.9761588 
0.9743720 
0.9613221 
0.9665606 
0.9589857 
0.9613087 
0.9643794 
0.9753624 
0.9782788 
0.9818369 
0.9670548 
0.9662770 
0.9712221 
0.9763823 
0.9732167 
0.9637370 
0.9681560 
0.9802447 
0.9752264 
0.9755229 
0.9775412 
0.9757700 
0.9822068 
0.9784110 
0.9792818 
0.9776752 
0.9725728 
0.9793754 
0.9850468 
0.9898227 
0.9957257 
0.9772148 
0.9761463 
0.9704382 
0.9690281 
0.9810382 
0.9803728 
0.9789456 
0.9745967 
0.9812442 
0.9823479 
0.9838369 
0.9923010 
0.9908356 
0.9836757 
0.9858986 
0.9806589 
0.9924284 
0.9968579 
0.9723616 
0.9807431 
0.9766961 
0.9760518 
0.9707818 
0.9693650 
0.9585481 
0.9637659 
0.9654757 
0.9706426 
0.9685819 
0.9825841 
0.9677471 
0.9733225 
0.9773009 
0.9746781 
0.9734367 
0.9819479 
0.9778711 
0.9753863 
0.9749493 
0.9701525 
0.9797985 
0.9778510 
0.9733205 
0.9758428 
0.9671810 
0.9693197 
0.9792540 
0.9835060 
0.9755681 
0.9771198 
0.9730515 
0.9790517 
0.9823279 
0.9845257 
0.9836001 
0.9883168 
0.9761968 
0.9710665 
0.9804020 
0.9889647 
0.9863001 
0.9705988 
0.9748331 
0.9710525 
0.9645123 
0.9719441 
0.9724092 
0.9651954 
0.9652593 
0.9825882 
0.9825843 
0.9714459 
0.9831163 
0.9851052 
0.9757668 
0.9800677 
0.9911476 
0.9810989 
0.9801005 
0.9808642 
0.9819412 
0.9750422 
0.9770424 
0.9742364 
0.9769999 
0.9711429 
0.9648832 
0.9623793 
0.9664973 
0.9699632 
0.9686734 
0.9798283 
0.9713826 
0.9745390 
0.9691897 
0.9636280 
0.9654810 
0.9611386 
0.9582184 
0.9567949 
0.9616413 
0.9609537 
0.9647694 
0.9692066 
0.9698381 
0.9739618 
0.9829847 
0.9844788 
0.9885499 
0.9801159 
0.9746603 
0.9735771 
0.9731763 
0.9688174 
0.9656773 
0.9676248 
0.9613773 
0.9651748 
0.9614934 
0.9642667 
0.9690663 
0.9706730 
0.9662313 
0.9746097 
0.9812233 
0.9807782 
0.9768614 
0.9826251 
0.9715199 
0.9685885 
0.9617088 
0.9613060 
0.9603577 
0.9523888 
0.9461708 
0.9479556 
0.9485310 
0.9513737 
0.9491206 
0.9604172 
0.9657837 
0.9582637 
0.9627740 
0.9494830 
0.9611475 
0.9467939 
0.9629572 
0.9432550 
0.9467267 
0.9450997 
0.9488148 
0.9408712 
0.9397771 
0.9428144 
0.9523794 
0.9421707 
0.9519988 
0.9474737 
0.9467090 
0.9583515 
0.9373707 
0.9489920 
0.9402238 
0.9272553 
0.9365317 
0.9461228 
0.9400876 
0.9355908 
0.9284806 
0.9320831 
0.9405527 
0.9521249 
0.9544966 
0.9522798 
0.9460093 
0.9431087 
0.9436678 
0.9510743 
0.9546226 
0.9590987 
0.9632722 
0.9508997 
0.9660794 
0.9582118 
0.9583841 
0.9752420 
0.9594796 
0.9681679 
0.9603007 
0.9553045 
0.9719258 
0.9572915 
0.9685442 
0.9588881 
0.9567769 
0.9677259 
0.9585395 
0.9738656 
0.9703934 
0.9633219 
0.9635966 
0.9701298 
0.9684622 
0.9644464 
0.9610839 
0.9583245 
0.9575069 
0.9653574 
0.9687453 
0.9634782 
0.9571686 
0.9486482 
0.9595514 
0.9522461 
0.9626815 
0.9746855 
0.9600075 
0.9686992 
0.9622739 
0.9502786 
0.9586973 
0.9617136 
0.9642146 
0.9572684 
0.9542599 
0.9476837 
0.9666172 
0.9505827 
0.9580763 
0.9609230 
0.9654224 
0.9645960 
0.9609365 
0.9412599 
0.9553024 
0.9565263 
0.9661044 
0.9659068 
0.9643653 
0.9696676 
0.9601968 
0.9621474 
0.9616887 
0.9554725 
0.9511038 
0.9542251 
0.9590095 
0.9568702 
0.9520726 
0.9618876 
0.9606063 
0.9628363 
0.9632864 
0.9676140 
0.9713162 
0.9693240 
0.9586732 
0.9502957 
0.9603821 
0.9621548 
0.9571769 
0.9613969 
0.9607863 
0.9584570 
0.9557537 
0.9472744 
0.9643034 
0.9629046 
0.9597639 
0.9622884 
0.9604134 
0.9550448 
0.9499281 
0.9521279 
0.9584122 
0.9552704 
0.9472750 
0.9567787 
0.9578813 
0.9580137 
0.9572688 
0.9572908 
0.9556846 
0.9565023 
0.9594062 
0.9648016 
0.9635535 
0.9614981 
0.9699648 
0.9623382 
0.9587741 
0.9599224 
0.9615424 
0.9692085 
0.9728469 
0.9680398 
0.9693991 
0.9647693 
0.9607360 
0.9558534 
0.9576003 
0.9645923 
0.9633594 
0.9711657 
0.9713583 
0.9596542 
0.9692274 
0.9737537 
0.9648503 
0.9519730 
0.9686874 
0.9745420 
0.9614923 
0.9669925 
0.9714835 
0.9739266 
0.9752679 
0.9679732 
0.9764990 
0.9703248 
0.9691984 
0.9708581 
0.9708959 
0.9666052 
0.9662213 
0.9673842 
0.9677748 
0.9722356 
0.9651534 
0.9599553 
0.9564902 
0.9615615 
0.9636179 
0.9659516 
0.9597672 
0.9619017 
0.9640738 
0.9635158 
0.9538056 
0.9504855 
0.9567097 
0.9611097 
0.9632985 
0.9600885 
0.9469117 
0.9388105 
0.9412574 
0.9490895 
0.9500316 
0.9520065 
0.9765779 
0.9754312 
0.9735506 
0.9653626 
0.9479326 
0.9612561 
0.9633780 
0.9614433 
0.9713555 
0.9784090 
0.9687521 
0.9656064 
0.9709136 
0.9526017 
0.9584567 
0.9650657 
0.9678822 
0.9591375 
0.9503978 
0.9790739 
0.9624822 
0.9809987 
0.9628208 
0.9905861 
0.9562272 
0.9649989 
0.9750190 
0.9503746 
0.9715750 
0.9440316 
0.9656538 
0.9660022 
0.9572799 
0.9688153 
0.9549986 
0.9821720 
0.9606361 
0.9698032 
0.9666864 
0.9688739 
0.9705507 
0.9672982 
0.9703387 
0.9840452 
0.9669325 
0.9752635 
0.9798613 
0.9819059 
0.9774514 
0.9726885 
0.9759782 
0.9606252 
0.9672892 
0.9604610 
0.9728768 
0.9749336 
0.9767204 
0.9755549 
0.9732694 
0.9749621 
0.9739200 
0.9623366 
0.9659168 
0.9594313 
0.9666197 
0.9663828 
0.9602909 
0.9605508 
0.9640886 
0.9564662 
0.9632912 
0.9578666 
0.9569126 
0.9652378 
0.9673605 
0.9664847 
0.9585398 
0.9661667 
0.9705341 
0.9606828 
0.9586703 
0.9597431 
0.9505279 
0.9515367 
0.9604947 
0.9507232 
0.9570123 
0.9518407 
0.9516234 
0.9573562 
0.9518571 
0.9568222 
0.9536054 
0.9567040 
0.9609316 
0.9550431 
0.9550887 
0.9530874 
0.9528125 
0.9512349 
0.9611401 
0.9597998 
0.9546472 
0.9501727 
0.9486210 
0.9537980 
0.9550627 
0.9513303 
0.9514388 
0.9486992 
0.9524201 
0.9636997 
0.9701798 
0.9663671 
0.9668554 
0.9797984 
0.9776682 
0.9788507 
0.9778968 
0.9664513 
0.9651112 
0.9634253 
0.9651170 
0.9709508 
0.9643672 
0.9689427 
0.9679254 
0.9768169 
0.9758327 
0.9743661 
0.9707577 
0.9710225 
0.9781612 
0.9685214 
0.9659435 
0.9592225 
0.9601718 
0.9616517 
0.9632747 
0.9632429 
0.9613610 
0.9647293 
0.9592375 
0.9641982 
0.9791748 
0.9753515 
0.9610853 
0.9610756 
0.9735127 
0.9607167 
0.9564221 
0.9617670 
0.9616103 
0.9659337 
0.9620644 
0.9564840 
0.9514496 
0.9502210 
0.9599691 
0.9693834 
0.9690633 
0.9755529 
0.9829163 
0.9648278 
0.9609202 
0.9579893 
0.9669650 
0.9645377 
0.9658280 
0.9656683 
0.9678525 
0.9711336 
0.9660686 
0.9567795 
0.9680871 
0.9762677 
0.9738311 
0.9609524 
0.9562160 
0.9642604 
0.9757125 
0.9863505 
0.9709815 
0.9661285 
0.9728594 
0.9933674 
0.9744655 
0.9482570 
0.9452683 
0.9584914 
1.0000000 
0.9879156 
0.9452393 
0.9524707 
0.9674034 
0.9788203 
0.9948488 
0.9672924 
0.9434083 
0.9566375 
0.9683393 
0.9849834 
0.9667460 
0.9619277 
0.9670359 
0.9653913 
0.9639497 
0.9681422 
0.9836774 
0.9660507 
0.9595654 
0.9603930 
0.9509453 
0.9482853 
0.9495861 
0.9597090 
0.9613388 
0.9708009 
0.9580153 
0.9536772 
0.9494385 
0.9563820 
0.9582013 
0.9617718 
0.9574301 
0.9586922 
0.9596881 
0.9606775 
0.9544893 
0.9539576 
0.9646241 
0.9681844 
0.9576042 
0.9646632 
0.9590168 
0.9548390 
0.9584681 
0.9484988 
0.9591983 
0.9529591 
0.9549989 
0.9511906 
0.9480416 
0.9426236 
0.9389978 
0.9456098 
0.9479649 
0.9499329 
0.9537018 
0.9496166 
0.9500273 
0.9361414 
0.9346410 
0.9312221 
0.9424729 
0.9384445 
0.9626397 
0.9730714 
0.9671820 
0.9688224 
0.9569767 
0.9670914 
0.9600805 
0.9493747 
0.9418710 
0.9373882 
0.9408320 
0.9406298 
0.9323600 
0.9387649 
0.9370918 
0.9253972 
0.9419269 
0.9459615 
0.9435629 
0.9451628 
0.9487135 
0.9380194 
0.9391820 
0.9482551 
0.9281864 
0.9348768 
0.9399928 
0.9421283 
0.9433011 
0.9397517 
0.9444073 
0.9363713 
0.9405510 
0.9423233 
0.9403580 
0.9354514 
0.9389486 
0.9416415 
0.9395082 
0.9350371 
0.9455762 
0.9398319 
0.9421024 
0.9416467 
0.9461368 
0.9477026 
0.9415815 
0.9433157 
0.9470635 
0.9407372 
0.9446283 
0.9349216 
0.9365884 
0.9309083 
0.9315692 
0.9249937 
0.9350657 
0.9273585 
0.9160054 
0.9278791 
0.9291606 
0.9358419 
0.9367546 
0.9408333 
0.9370368 
0.9436785 
0.9314228 
0.9322256 
0.9291988 
0.9317904 
0.9215978 
0.9297118 
0.9330316 
0.9273523 
0.9289730 
0.9290706 
0.9301846 
0.9338256 
0.9238824 
0.9248888 
0.9216633 
0.9196449 
0.9182043 
0.9280571 
0.9241596 
0.9225549 
0.9276600 
0.9202690 
0.9176169 
0.9205544 
0.9132657 
0.9151468 
0.9172498 
0.9300647 
0.9278137 
0.9244296 
0.9193152 
0.9181542 
0.9174963 
0.9185047 
0.9151515 
0.9114232 
0.9119489 
0.9147385 
0.9216153 
0.9248112 
0.9190594 
0.9295755 
0.9113224 
0.9135217 
0.9180130 
0.9189290 
0.9166950 
0.9167593 
0.9151446 
0.9026097 
0.9064777 
0.9192907 
0.9224133 
0.9265442 
0.9212512 
0.8961631 
0.8975143 
0.9044586 
0.9157289 
0.9253478 
0.9178271 
0.9007865 
0.8970287 
0.9023926 
0.8901921 
0.9054133 
0.9187826 
0.9015703 
0.9076619 
0.9001034 
0.8908754 
0.8930406 
0.9001757 
0.8996464 
0.8972659 
0.9092074 
0.8956538 
0.8880471 
0.8929570 
0.8891810 
0.8770879 
0.8955929 
0.8981977 
0.8928330 
0.9059173 
0.9025618 
0.8861592 
0.8824467 
0.8839841 
0.8861565 
0.8874684 
0.8944365 
0.8981376 
0.9013266 
0.9087279 
0.8979438 
0.9006258 
0.8936818 
0.8984040 
0.9074163 
0.9001512 
0.8999945 
0.8991066 
0.9083389 
0.8985759 
0.9021342 
0.9035207 
0.9102873 
0.8967077 
0.9000706 
0.9057819 
0.8963526 
0.8963417 
0.8946736 
0.9176595 
0.9117118 
0.9074866 
0.9037123 
0.9019576 
0.9000514 
0.8990349 
0.9003112 
0.8995848 
0.8995313 
0.9005247 
0.9016915 
0.9042748 
0.9087310 
0.8960572 
0.8888702 
0.8954125 
0.8976460 
0.8911826 
0.8916925 
0.8872910 
0.8940921 
0.9008089 
0.9014745 
0.8936566 
0.9076934 
0.9177196 
0.9152080 
0.9167029 
0.9217637 
0.9245653 
0.9144346 
0.9071064 
0.9006092 
0.8966059 
0.8930313 
0.8890391 
0.8924584 
0.8868211 
0.8834256 
0.8836585 
0.8727333 
0.8697197 
0.8808024 
0.8857042 
0.8754470 
0.8840690 
0.8940952 
0.8884557 
0.8897490 
0.8833706 
0.8874158 
0.8825292 
0.8830842 
0.8856687 
0.8874324 
0.8851070 
0.8755683 
0.8821813 
0.8876833 
0.8835948 
0.8802767 
0.8815775 
0.8818795 
0.8751943 
0.8757611 
0.8759717 
0.8692788 
0.8800408 
0.8783167 
0.8787310 
0.8704195 
0.8841333 
0.8782986 
0.8832253 
0.8756575 
0.8716321 
0.8765551 
0.8785072 
0.8761338 
0.8813669 
0.8693269 
0.8609851 
0.8567583 
0.8656433 
0.8626042 
0.8562774 
0.8511440 
0.8538976 
0.8539497 
0.8561908 
0.8430370 
0.8504903 
0.8475992 
0.8566668 
0.8621615 
0.8577931 
0.8440955 
0.8437891 
0.8310676 
0.8391150 
0.8395442 
0.8359049 
0.8265020 
0.8357020 
0.8432423 
0.8541866 
0.8518800 
0.8482534 
0.8485891 
0.8559768 
0.8608702 
0.8621637 
0.8569741 
0.8567254 
0.8617735 
0.8626179 
0.8678922 
0.8704473 
0.8718269 
0.8717320 
0.8657283 
0.8614570 
0.8516289 
0.8432619 
0.8553690 
0.8607248 
0.8567451 
0.8525636 
0.8409183 
0.8443513 
0.8397748 
0.8472660 
0.8474708 
0.8444243 
0.8439676 
0.8472896 
0.8528809 
0.8556399 
0.8535217 
0.8482428 
0.8493713 
0.8417221 
0.8501494 
0.8498709 
0.8518438 
0.8511179 
0.8501524 
0.8706517 
0.8469731 
0.8444716 
0.8442744 
0.8392127 
0.8347317 
0.8364894 
0.8382424 
0.8394034 
0.8336107 
0.8257389 
0.8343589 
0.8280208 
0.8205593 
0.8269122 
0.8221768 
0.8258378 
0.8335940 
0.8228172 
0.8266958 
0.8360636 
0.8391774 
0.8395048 
0.8340321 
0.8310097 
0.8173881 
0.8244009 
0.8230343 
0.8123705 
0.8149389 
0.8157034 
0.8104144 
0.8073454 
0.8146185 
0.8219099 
0.8142082 
0.8176077 
0.8204580 
0.8242457 
0.8248788 
0.8216177 
0.8274593 
0.8230899 
0.8201792 
0.8165616 
0.8251336 
0.8165188 
0.8196322 
0.8230022 
0.8232658 
0.8145966 
0.8151441 
0.8043989 
0.8131397 
0.8076090 
0.8140596 
0.8221502 
0.8049660 
0.7978682 
0.8056489 
0.8154824 
0.8171024 
0.8180539 
0.8216850 
0.8104339 
0.8095279 
0.8010963 
0.8081575 
0.8140239 
0.8092432 
0.8041455 
0.7990692 
0.8018944 
0.7973420 
0.7981036 
0.8079680 
0.8154049 
0.8147164 
0.8034986 
0.7997828 
0.8011839 
0.7922536 
0.7874157 
0.7974621 
0.7985380 
0.8063194 
0.8109722 
0.7978799 
0.8031944 
0.8059230 
0.8064107 
0.7936918 
0.7947874 
0.7944123 
0.7906014 
0.7923286 
0.7959741 
0.7985126 
0.7921672 
0.7969380 
0.7981192 
0.8016297 
0.8053765 
0.8152845 
0.8111970 
0.8110951 
0.8080352 
0.8061002 
0.8031748 
0.7965028 
0.7907777 
0.8075389 
0.8114511 
0.8033215 
0.8063247 
0.8020992 
0.8061168 
0.8099204 
0.8067113 
0.8105270 
0.8054512 
0.7994739 
0.8016674 
0.7874520 
0.7819381 
0.7960745 
0.7855966 
0.7872980 
0.7897586 
0.7774225 
0.7800383 
0.7879227 
0.7872198 
0.7861519 
0.7876911 
0.7772968 
0.7757773 
0.7826308 
0.7853364 
0.7843618 
0.7917051 
0.7889943 
0.7927173 
0.7857439 
0.7815990 
0.7848220 
0.7760235 
0.7685132 
0.7677954 
0.7553458 
0.7622385 
0.7625816 
0.7667377 
0.7594011 
0.7549349 
0.7562404 
0.7559751 
0.7680239 
0.7701987 
0.7731265 
0.7753882 
0.7667352 
0.7668855 
0.7610501 
0.7599803 
0.7596432 
0.7704367 
0.7664497 
0.7693569 
0.7694396 
0.7692680 
0.7669071 
0.7678515 
0.7611250 
0.7551522 
0.7608549 
0.7565706 
0.7580658 
0.7537319 
0.7527337 
0.7418737 
0.7486064 
0.7464319 
0.7572895 
0.7585160 
0.7550726 
0.7477895 
0.7432770 
0.7515110 
0.7527182 
0.7533519 
0.7543217 
0.7497983 
0.7527306 
0.7485502 
0.7395069 
0.7331369 
0.7415391 
0.7423770 
0.7428454 
0.7527488 
0.7448339 
0.7485176 
0.7506910 
0.7592833 
0.7743881 
0.7747576 
0.7673517 
0.7693248 
0.7622819 
0.7485092 
0.7404008 
0.7429116 
0.7503973 
0.7439445 
0.7267155 
0.7285745 
0.7303983 
0.7263564 
0.7385118 
0.7453983 
0.7595582 
0.7344155 
0.7297131 
0.7322817 
0.7293529 
0.7336740 
0.7353593 
0.7488915 
0.7619392 
0.7638305 
0.7627668 
0.7610673 
0.7442385 
0.7240467 
0.7315323 
0.7283269 
0.7342970 
0.7366467 
0.7508183 
0.7444814 
0.7409209 
0.7339238 
0.7218407 
0.7335594 
0.7475164 
0.7528962 
0.7542515 
0.7586582 
0.7575206 
0.7528653 
0.7491986 
0.7527886 
0.7412072 
0.7421443 
0.7290316 
0.7211461 
0.7300385 
0.7419701 
0.7575068 
0.7546822 
0.7572532 
0.7340336 
0.7010164 
0.7182785 
0.7253695 
0.7238730 
0.7394057 
0.7340639 
0.7304619 
0.7393845 
0.7132945 
0.7042193 
0.6959873 
0.6960283 
0.7085542 
0.7325770 
0.7416483 
0.7120946 
0.7028961 
0.7236373 
0.7064864 
0.7180994 
0.7642802 
0.7079671 
0.7349403 
0.7582726 
0.7149984 
0.7242513 
0.7247980 
0.7017924 
0.7295089 
0.7628715 
0.7392631 
0.7010996 
0.7013863 
0.7025494 
0.6985222 
0.7024196 
0.7130339 
0.7003056 
0.6965068 
0.7197704 
0.7054441 
0.6938052 
0.7092325 
0.7019438 
0.6935178 
0.7025820 
0.7113878 
0.7080351 
0.6949541 
0.6952715 
0.6933095 
0.6966313 
0.7067445 
0.7051249 
0.7006301 
0.6971751 
0.6993364 
0.7040974 
0.7166428 
0.7278703 
0.7274328 
0.7245707 
0.7150863 
0.6991386 
0.6819276 
0.6744397 
0.6817532 
0.6831870 
0.6870458 
0.6875918 
0.6967763 
0.6848308 
0.6854899 
0.6834175 
0.6684101 
0.6647641 
0.6649844 
0.6753309 
0.6784386 
0.6842632 
0.6874499 
0.6775481 
0.6590169 
0.6486821 
0.6466253 
0.6628960 
0.6700500 
0.6787588 
0.6874082 
0.6891767 
0.6800670 
0.6818552 
0.6827793 
0.6832801 
0.6847161 
0.6930103 
0.6952392 
0.6978975 
0.6975401 
0.6967097 
0.6877346 
0.6941225 
0.6988084 
0.6903258 
0.6918681 
0.6939973 
0.6818754 
0.6719828 
0.6658963 
0.6672611 
0.6753896 
0.6807899 
0.6854759 
0.6781663 
0.6821331 
0.6931547 
0.6966903 
0.6901632 
0.6981032 
0.6956197 
0.6959954 
0.6959262 
0.6952478 
0.6879556 
0.6857556 
0.6878206 
0.6866284 
0.6871253 
0.6884789 
0.6858767 
0.6837486 
0.6830406 
0.6881209 
0.6772246 
0.6745497 
0.6768940 
0.6694391 
0.6712479 
0.6743565 
0.6731480 
0.6750328 
0.6636263 
0.6691509 
0.6672614 
0.6663936 
0.6641786 
0.6656852 
0.6616766 
0.6660657 
0.6677175 
0.6637204 
0.6666911 
0.6706812 
0.6694443 
0.6762941 
0.6718032 
0.6847072 
0.6837548 
0.6732059 
0.6608924 
0.6592159 
0.6688363 
0.6625281 
0.6716936 
0.6755412 
0.6701633 
0.6667336 
0.6697823 
0.6857567 
0.6717250 
0.6616470 
0.6656121 
0.6607909 
0.6638933 
0.6681535 
0.6689120 
0.6692231 
0.6597698 
0.6504321 
0.6560765 
0.6652786 
0.6648993 
0.6595531 
0.6589571 
0.6624183 
0.6577256 
0.6575947 
0.6551869 
0.6576574 
0.6526245 
0.6604981 
0.6587152 
0.6515665 
0.6512413 
0.6552531 
0.6497825 
0.6456962 
0.6482259 
0.6462126 
0.6459546 
0.6537863 
0.6490012 
0.6357456 
0.6332476 
0.6377024 
0.6338667 
0.6242576 
0.6266256 
0.6312938 
0.6330699 
0.6321272 
0.6263983 
0.6344332 
0.6378452 
0.6326848 
0.6312041 
0.6336383 
0.6388795 
0.6387865 
0.6373354 
0.6391631 
0.6406983 
0.6393620 
0.6408591 
0.6332119 
0.6327219 
0.6332560 
0.6381428 
0.6468408 
0.6428448 
0.6384562 
0.6398796 
0.6417032 
0.6298999 
0.6275607 
0.6342928 
0.6338073 
0.6282534 
0.6296293 
0.6356366 
0.6321257 
0.6322011 
0.6303090 
0.6295725 
0.6275050 
0.6333176 
0.6328782 
0.6256602 
0.6292316 
0.6384638 
0.6379186 
0.6289312 
0.6326126 
0.6378971 
0.6299421 
0.6168493 
0.6145674 
0.6250865 
0.6193251 
0.6240735 
0.6204672 
0.6260335 
0.6170853 
0.6083828 
0.6090750 
0.6196526 
0.6099426 
0.6031932 
0.6142077 
0.6230009 
0.6128931 
0.6030759 
0.6015998 
0.6029809 
0.5995175 
0.5999577 
0.5965973 
0.6030945 
0.6042527 
0.6006212 
0.6043419 
0.6078206 
0.6142850 
0.6080157 
0.6021928 
0.6054517 
0.6107764 
0.6073045 
0.6041449 
0.6011885 
0.6037563 
0.6096316 
0.6036305 
0.5943421 
0.5906363 
0.5945679 
0.5967459 
0.5962642 
0.6000045 
0.5992862 
0.5927088 
0.5943022 
0.5933987 
0.5910426 
0.5925160 
0.5869469 
0.5895179 
0.5962237 
0.5982868 
0.6015544 
0.5987696 
0.6031532 
0.6009594 
0.5913919 
0.5942228 
0.5850939 
0.5917711 
0.5929530 
0.5935979 
0.5985352 
0.6024027 
0.6093306 
0.6140333 
0.6080165 
0.5948076 
0.5877399 
0.5943550 
0.5944873 
0.5932280 
0.5886564 
0.5905780 
0.5953250 
0.6036354 
0.5997709 
0.5990777 
0.5935391 
0.5822068 
0.5855679 
0.5866833 
0.5897725 
0.5671452 
0.5641447 
0.5740337 
0.5973579 
0.5825367 
0.5756540 
0.5635826 
0.5768779 
0.5789401 
0.5802191 
0.5745657 
0.5583973 
0.5619199 
0.5731488 
0.5710866 
0.5677045 
0.5685587 
0.5667068 
0.5679394 
0.5709363 
0.5670450 
0.5692864 
0.5619018 
0.5582837 
0.5648547 
0.5616527 
0.5665775 
0.5626375 
0.5599981 
0.5552294 
0.5597296 
0.5613665 
0.5540915 
0.5573638 
0.5557343 
0.5542695 
0.5513157 
0.5526868 
0.5572369 
0.5571608 
0.5639643 
0.5640874 
0.5690357 
0.5628266 
0.5530877 
0.5539201 
0.5532133 
0.5531135 
0.5521359 
0.5460316 
0.5226069 
0.4929899 
0.4445438 
0.4134632 
0.4217035 
0.4168810 
0.4177490 
0.4037523 
0.4057910 
0.4092474 
0.4166310 
0.4187454 
0.4250504 
0.4117045 
0.4168567 
0.4106152 
0.4038498 
0.4084006 
0.4114279 
0.4124413 
0.4089905 
0.4088441 
0.4100143 
0.3986185 
0.3940544 
0.4121999 
0.4090311 
0.3918649 
0.3987522 
0.3855194 
0.3694589 
0.3667532 
0.3783196 
0.3841045 
0.3797624 
0.3880655 
0.3868808 
0.3752449 
0.3772996 
0.3815566 
0.3820160 
0.3713904 
0.3760898 
0.3880239 
0.3744334 
0.3754061 
0.3793675 
0.3721237 
0.3653338 
0.3668908 
0.3662209 
0.3603853 
0.3678913 
0.3736887 
0.3735661 
0.3631285 
0.3573377 
0.3611112 
0.3573145 
0.3519200 
0.3561339 
0.3609273 
0.3613605 
0.3621096 
0.3591256 
0.3578059 
0.3505782 
0.3481605 
0.3528505 
0.3599508 
0.3604660 
0.3633274 
0.3616143 
0.3589201 
0.3557674 
0.3526537 
0.3458725 
0.3511662 
0.3530431 
0.3577287 
0.3545087 
0.3548539 
0.3581786 
0.3536416 
0.3482255 
0.3450822 
0.3429957 
0.3488286 
0.3442868 
0.3306248 
0.3336004 
0.3493092 
0.3495075 
0.3418051 
0.3416030 
0.3539492 
0.3533414 
0.3430465 
0.3379596 
0.3302137 
0.3292516 
0.3428397 
0.3464564 
0.3344240 
0.3334035 
0.3408306 
0.3337138 
0.3271879 
0.3290238 
0.3312061 
0.3234950 
0.3411574 
0.3429091 
0.3271521 
0.3280363 
0.3326244 
0.3197248 
0.3254480 
0.3280730 
0.3212041 
0.3279749 
0.3403727 
0.3232950 
0.3175963 
0.3309656 
0.3225673 
0.3142293 
0.3216028 
0.3096585 
0.3141557 
0.3204567 
0.3163559 
0.3139640 
0.3144343 
0.3156357 
0.3100282 
0.3060233 
0.3082684 
0.3084652 
0.3034273 
0.3050076 
0.3026776 
0.3020806 
0.3034897 
0.2955806 
0.2941142 
0.2994825 
0.3015022 
0.2944544 
0.2956627 
0.2948989 
0.2930016 
0.2925601 
0.2842229 
0.2866269 
0.2893360 
0.2921699 
0.2944052 
0.2884920 
0.2869072 
0.2890373 
0.2829178 
0.2753246 
0.2777603 
0.2831239 
0.2873532 
0.2779522 
0.2769024 
0.2812907 
0.2778344 
0.2743357 
0.2667698 
0.2641562 
0.2690879 
0.2693872 
0.2687466 
0.2640184 
0.2590992 
0.2540552 
0.2507615 
0.2517648 
0.2554677 
0.2634486 
0.2596880 
0.2560372 
0.2570291 
0.2528338 
0.2564949 
0.2537730 
0.2557847 
0.2488171 
0.2513813 
0.2554736 
0.2477203 
0.2559700 
0.2472270 
0.2466484 
0.2485163 
0.2495925 
0.2508059 
0.2488833 
0.2482047 
0.2360696 
0.2381564 
0.2335456 
0.2316773 
0.2314636 
0.2331343 
0.2331638 
0.2295842 
0.2307887 
0.2281386 
0.2221031 
0.2214818 
0.2263649 
0.2301612 
0.2257457 
0.2231223 
0.2220956 
0.2188905 
0.2235953 
0.2277834 
0.2261713 
0.2297920 
0.2334642 
0.2290886 
0.2251059 
0.2204277 
0.2205381 
0.2165278 
0.2248994 
0.2338064 
0.2289372 
0.2239971 
0.2234291 
0.2223025 
0.2261371 
0.2254968 
0.2283014 
0.2305251 
0.2309198 
0.2273373 
0.2245542 
0.2237060 
0.2179003 
0.2191988 
0.2186042 
0.2240042 
0.2246482 
0.2247465 
0.2243732 
0.2160183 
0.2123781 
0.2115836 
0.2226383 
0.2273819 
0.2183739 
0.2219702 
0.2181650 
0.2182902 
0.2235813 
0.2270981 
0.2374626 
0.2298082 
0.2211583 
0.2171732 
0.2195654 
0.2238185 
0.2153105 
0.2159547 
0.2174651 
0.2157961 
0.2097056 
0.2083851 
0.2124414 
0.2191613 
0.2182091 
0.2215969 
0.2222682 
0.2197723 
0.2051636 
0.1982749 
0.2033425 
0.2127980 
0.2144954 
0.2212949 
0.2255338 
0.2237863 
0.2093827 
0.2064270 
0.2084344 
0.2105524 
0.2166208 
0.2230819 
0.2200985 
0.2194999 
0.2165638 
0.2116643 
0.2068613 
0.2074471 
0.2037462 
0.2060391 
0.2111051 
0.2122303 
0.2167434 
0.2135544 
0.2040160 
0.1943916 
0.1959371 
0.1975847 
0.2011468 
0.2008495 
0.2017709 
0.2015305 
0.1996967 
0.2074344 
0.1967131 
0.1983509 
0.1942803 
0.1841046 
0.1787314 
0.1848028 
0.1907865 
0.1905267 
0.1855686 
0.1887758 
0.2054165 
0.2105908 
0.1951030 
0.1793259 
0.1838302 
0.1932377 
0.1950554 
0.1765560 
0.1723528 
0.1873860 
0.2030463 
0.1953927 
0.1732448 
0.1715799 
0.1897339 
0.1933707 
0.1798775 
0.1712290 
0.1763457 
0.1904035 
0.1827222 
0.1769763 
0.1790577 
0.1791460 
0.1883721 
0.1790393 
0.1758865 
0.1839524 
0.1900987 
0.1934432 
0.1775010 
0.1693945 
0.1740869 
0.1776319 
0.1831667 
0.1699628 
0.1693050 
0.1786964 
0.1873103 
0.1920506 
0.1779821 
0.1701776 
0.1784125 
0.1772119 
0.1712510 
0.1595631 
0.1560357 
0.1529174 
0.1535394 
0.1526064 
0.1535842 
0.1549983 
0.1642797 
0.1635885 
0.1676829 
0.1721036 
0.1725434 
0.1739963 
0.1685611 
0.1614542 
0.1591242 
0.1611005 
0.1499549 
0.1474945 
0.1432875 
0.1411375 
0.1372934 
0.1383202 
0.1453639 
0.1486913 
0.1509573 
0.1612256 
0.1606163 
0.1547929 
0.1546485 
0.1481584 
0.1490315 
0.1448142 
0.1470885 
0.1503409 
0.1388900 
0.1371564 
0.1417840 
0.1328098 
0.1277717 
0.1380008 
0.1441961 
0.1463338 
0.1417177 
0.1405058 
0.1361240 
0.1338793 
0.1334187 
0.1347899 
0.1251483 
0.1257894 
0.1290587 
0.1278501 
0.1331420 
0.1319954 
0.1283866 
0.1231821 
0.1306134 
0.1402070 
0.1485277 
0.1444202 
0.1359978 
0.1299811 
0.1309850 
0.1335366 
0.1345745 
0.1295669 
0.1264976 
0.1230629 
0.1163713 
0.1201825 
0.1227839 
0.1229709 
0.1320690 
0.1294695 
0.1188089 
0.1217828 
0.1262108 
0.1288543 
0.1392142 
0.1337405 
0.1261042 
0.1282963 
0.1298670 
0.1295049 
0.1358886 
0.1296473 
0.1214588 
0.1171600 
0.1268986 
0.1275755 
0.1296585 
0.1182904 
0.1136211 
0.1123604 
0.1233549 
0.1257374 
0.1380289 
0.1295018 
0.1287514 
0.1216095 
0.1278363 
0.1269769 
0.1283927 
0.1200592 
0.1136973 
0.1141226 
0.1196658 
0.1186149 
0.1176871 
0.1096225 
0.1096150 
0.1081921 
0.1172356 
0.1169604 
0.1175283 
0.1135328 
0.1175456 
0.1201734 
0.1280028 
0.1277255 
0.1256567 
0.1235605 
0.1222118 
0.1278329 
0.1275317 
0.1339015 
0.1339493 
0.1340986 
0.1313767 
0.1164377 
0.1197159 
0.1162765 
0.1164735 
0.1167194 
0.1181149 
0.1211336 
0.1208913 
0.1186744 
0.1162161 
0.1145077 
0.1148500 
0.1155687 
0.1157663 
0.1192584 
0.1182061 
0.1146341 
0.1179444 
0.1169871 
0.1121236 
0.1141766 
0.1149093 
0.1155552 
0.1151996 
0.1134824 
0.1213484 
0.1232121 
0.1168773 
0.1132389 
0.1122919 
0.1208988 
0.1213671 
0.1151823 
0.1139625 
0.1117896 
0.1108709 
0.1061663 
0.1058066 
0.1037491 
0.1060498 
0.1066491 
0.1078346 
0.0986533 
0.1017443 
0.0998837 
0.1030948 
0.1036547 
0.0969276 
0.1033740 
0.1045125 
0.1149307 
0.1146630 
0.1096152 
0.0979680 
0.1047970 
0.1106017 
0.1120525 
0.1127687 
0.1143447 
0.1054741 
0.1038101 
0.1004420 
0.1034522 
0.0972942 
0.1018031 
0.0981034 
0.0888946 
0.0888472 
0.0886557 
0.0920570 
0.1055572 
0.1032957 
0.0980734 
0.0978745 
0.0978810 
0.1046050 
0.1019072 
0.1080728 
0.1069800 
0.0989949 
0.0949327 
0.0916325 
0.0942925 
0.0913273 
0.0875891 
0.0866458 
0.0805222 
0.0770307 
0.0772918 
0.0820284 
0.0848690 
0.0847201 
0.0816835 
0.0845463 
0.0884099 
0.0866909 
0.0857741 
0.0829873 
0.0808546 
0.0809865 
0.0734301 
0.0719435 
0.0745988 
0.0736809 
0.0727530 
0.0754969 
0.0776170 
0.0685987 
0.0677782 
0.0690604 
0.0647490 
0.0610211 
0.0618814 
0.0609631 
0.0571175 
0.0569241 
0.0588512 
0.0556627 
0.0491346 
0.0507347 
0.0557586 
0.0566222 
0.0705171 
0.0834915 
0.0891628 
0.0659870 
0.0536308 
0.0553902 
0.0543864 
0.0488393 
0.0535274 
0.0536719 
0.0597383 
0.0563081 
0.0555380 
0.0560190 
0.0533198 
0.0545765 
0.0553714 
0.0515267 
0.0514243 
0.0539943 
0.0547510 
0.0531670 
0.0571453 
0.0642406 
0.0646645 
0.0602702 
0.0532890 
0.0459705 
0.0463034 
0.0483605 
0.0569884 
0.0540277 
0.0517514 
0.0472420 
0.0495302 
0.0524895 
0.0557226 
0.0583041 
0.0531552 
0.0534037 
0.0567067 
0.0511423 
0.0539468 
0.0529601 
0.0546024 
0.0532811 
0.0499978 
0.0538047 
0.0530590 
0.0566164 
0.0549049 
0.0513040 
0.0524308 
0.0526130 
0.0536417 
0.0463379 
0.0469258 
0.0476413 
0.0508968 
0.0514913 
0.0542926 
0.0593801 
0.0647070 
0.0567650 
0.0549230 
0.0427640 
0.0463083 
0.0524074 
0.0548698 
0.0585467 
0.0525765 
0.0570555 
0.0566841 
0.0589745 
0.0550576 
0.0472146 
0.0461193 
0.0497844 
0.0561290 
0.0631413 
0.0549557 
0.0558012 
0.0636116 
0.0623914 
0.0604709 
0.0617492 
0.0557924 
0.0563208 
0.0579327 
0.0609043 
0.0544222 
0.0512945 
0.0527077 
0.0581998 
0.0549777 
0.0530439 
0.0568610 
0.0563172 
0.0550100 
0.0579648 
0.0569095 
0.0523977 
0.0472069 
0.0539274 
0.0542393 
0.0517198 
0.0546760 
0.0586573 
0.0606961 
0.0562809 
0.0515219 
0.0474460 
0.0464142 
0.0422263 
0.0456989 
0.0495236 
0.0522060 
0.0559994 
0.0525648 
0.0517417 
0.0572909 
0.0581893 
0.0640755 
0.0606501 
0.0506848 
0.0558609 
0.0520088 
0.0499668 
0.0575332 
0.0527053 
0.0459742 
0.0505203 
0.0477765 
0.0459469 
0.0548891 
0.0523688 
0.0522181 
0.0511171 
0.0451577 
0.0502531 
0.0540934 
0.0558462 
0.0591422 
0.0543077 
0.0479556 
0.0529062 
0.0483091 
0.0429742 
0.0386408 
0.0407057 
0.0470774 
0.0509146 
0.0536066 
0.0572179 
0.0584046 
0.0529657 
0.0470588 
0.0462575 
0.0454005 
0.0329580 
0.0368463 
0.0390404 
0.0404628 
0.0412103 
0.0441670 
0.0376030 
0.0344230 
0.0321109 
0.0394245 
0.0442034 
0.0451828 
0.0455949 
0.0419683 
0.0437212 
0.0372235 
0.0403086 
0.0459021 
0.0424215 
0.0337689 
0.0260664 
0.0223464 
0.0164972 
0.0275071 
0.0453678 
0.0430025 
0.0446994 
0.0492631 
0.0461262 
0.0341000 
0.0250625 
0.0315275 
0.0240094 
0.0261200 
0.0366313 
0.0417013 
0.0436164 
0.0474138 
0.0479912 
0.0379074 
0.0230026 
0.0223023 
0.0242908 
0.0301915 
0.0314225 
0.0362639 
0.0428644 
0.0408421 
0.0327238 
0.0345253 
0.0259471 
0.0209844 
0.0258741 
0.0280818 
0.0324099 
0.0315899 
0.0315173 
0.0301164 
0.0304109 
0.0269203 
0.0219641 
0.0226178 
0.0250785 
0.0291521 
0.0337015 
0.0311415 
0.0318142 
0.0346255 
0.0289371 
0.0212018 
0.0154899 
0.0156238 
0.0168051 
0.0198273 
0.0231120 
0.0294042 
0.0310207 
0.0295415 
0.0264238 
0.0184747 
0.0108956 
0.0123653 
0.0150148 
0.0198165 
0.0261510 
0.0397805 
0.0369974 
0.0237230 
0.0200117 
0.0177706 
0.0176212 
0.0232280 
0.0271229 
0.0382866 
0.0382149 
0.0373115 
0.0328001 
0.0276048 
0.0215140 
0.0295998 
0.0386740 
0.0467172 
0.0431639 
0.0456418 
0.0395365 
0.0325554 
0.0318240 
0.0270047 
0.0287231 
0.0273457 
0.0292848 
0.0319899 
0.0375330 
0.0346114 
0.0346920 
0.0305468 
0.0195768 
0.0133868 
0.0153061 
0.0279852 
0.0379335 
0.0453225 
0.0412651 
0.0294578 
0.0165141 
0.0063520 
0.0000000 
0.0048034 
0.0195088 
0.0333068 
0.0383417 
0.0335839 
0.0268600 
0.0261578 
0.0174928 
0.0158226 
0.0254875 
0.0340314 
0.0381766 
0.0365200 
0.0320882 
0.0304549 
0.0212310 
0.0150804 
0.0164016 
0.0185285 
0.0251614 
0.0390616 
0.0448399 
0.0442230 
0.0359582 
0.0346963 
0.0231655 
0.0194066 
0.0238866 
0.0322007 
0.0380210 
0.0448868 
0.0458485 
0.0462626 
0.0397093 
0.0416192 
0.0347332 
0.0270116 
0.0315454 
0.0334873 
0.0386484 
0.0447214 
0.0427519 
0.0360809 
0.0356477 
0.0374750 
0.0335346 
0.0261774 
0.0281186 
0.0349474 
0.0376198 
0.0316956 
0.0275888 
0.0224399 
0.0255445 
0.0311256 
0.0368846 
0.0367204 
0.0332713 
0.0305505 
0.0319039 
0.0270457 
0.0316649 
0.0416861 
0.0480518 
0.0548423 
0.0568389 
0.0409838 
0.0429092 
0.0314440 
0.0304731 
0.0232283 
0.0300541 
0.0414385 
0.0389388 
0.0459460 
0.0424094 
0.0376185 
0.0419906 
0.0422586 
0.0374754 
0.0289879 
0.0289076 
0.0476506 
0.0465332 
0.0517343 
0.0536714 
0.0333376 
0.0222301 
0.0222378 
0.0218007 
0.0169566 
0.0224163 
0.0455831 
0.0442907 
0.0485159 
0.0596647 
0.0604336 
0.0497554 
0.0429087 
0.0373208 
0.0289779 
0.0293979 
0.0467016 
0.0536708 
0.0549582 
0.0625118 
0.0660964 
0.0539160 
0.0517981 
0.0490079 
0.0370836 
0.0318749 
0.0356762 
0.0428259 
0.0443516 
0.0505829 
0.0501374 
0.0490856 
0.0347410 
0.0306100 
0.0330221 
0.0280741 
0.0310132 
0.0312441 
0.0355134 
0.0353736 
0.0282416 
0.0240486 
0.0252994 
0.0255401 
0.0278676 
0.0267317 
0.0338162 
0.0331066 
0.0310644 
0.0341167 
0.0370765 
0.0369239 
