-0.0000066 
0.0000512 
0.0001335 
0.3209965 
-0.1747266 
-0.1347908 
0.9193157 
0.9004799 
0.9274160 
0.9279120 
0.9119960 
0.9136591 
0.9111912 
0.9219821 
0.8982291 
0.8620591 
0.8656311 
0.8628138 
0.8273718 
0.8265712 
0.8467147 
0.8649982 
0.9165201 
0.9312566 
0.9283619 
0.9373584 
0.9253268 
0.9408226 
0.8791018 
0.8750673 
0.8796853 
0.9143000 
0.9090482 
0.9090182 
0.9507421 
0.9776584 
0.9510485 
0.9573640 
0.9586309 
0.9545303 
0.9500743 
0.9838001 
0.9915310 
0.9554007 
0.9725666 
0.9045269 
0.8935961 
0.9347487 
0.9758166 
1.0000000 
0.9821666 
0.9800802 
0.9729300 
0.9439267 
0.9439245 
0.9222865 
0.8965513 
0.8609476 
0.8690144 
0.8860846 
0.8570153 
0.8607132 
0.8536107 
0.8487746 
0.8179090 
0.7953814 
0.7319398 
0.6976960 
0.7013683 
0.6955715 
0.6955091 
0.7114116 
0.7061758 
0.7185683 
0.7060628 
0.7190176 
0.7077963 
0.7167102 
0.7120336 
0.6987271 
0.6811562 
0.6793590 
0.6867684 
0.6687425 
0.6825557 
0.7040057 
0.6914793 
0.7181575 
0.7180843 
0.7107761 
0.6785724 
0.6594639 
0.6700843 
0.6824849 
0.6913915 
0.7344406 
0.7116392 
0.6899744 
0.7066522 
0.7125476 
0.7107254 
0.6694928 
0.6677848 
0.6820926 
0.6859785 
0.7006334 
0.6931999 
0.7203926 
0.7105927 
0.6975294 
0.7324444 
0.7322677 
0.7884544 
0.8155676 
0.8168313 
0.8445919 
0.8504929 
0.8700615 
0.8432034 
0.8610460 
0.8403592 
0.8132767 
0.8120313 
0.8474765 
0.8271165 
0.8296961 
0.8061868 
0.8005873 
0.7928538 
0.7822444 
0.7874537 
0.7840507 
0.7695486 
0.8022693 
0.7897581 
0.7937619 
0.8081836 
0.7868769 
0.7873308 
0.7638456 
0.7351200 
0.6606455 
0.6697883 
0.6634185 
0.6805178 
0.6786254 
0.6914361 
0.6722968 
0.6734132 
0.6679886 
0.6108020 
0.6468661 
0.6554288 
0.6093684 
0.6083396 
0.5844108 
0.5877817 
0.6302513 
0.6284567 
0.6264988 
0.6101158 
0.6051622 
0.5961101 
0.6043028 
0.6086998 
0.5844295 
0.5792871 
0.5690542 
0.5898398 
0.6067327 
0.6211025 
0.6193149 
0.6595618 
0.7015672 
0.6762923 
0.6730213 
0.6919468 
0.6872582 
0.6890482 
0.7123967 
0.6905962 
0.6800621 
0.7560781 
0.7295282 
0.7147371 
0.6866475 
0.7346689 
0.7400299 
0.7449114 
0.7214506 
0.7351950 
0.7339395 
0.7161509 
0.7018955 
0.7002428 
0.7265739 
0.7295204 
0.7122634 
0.7023160 
0.6906571 
0.7232280 
0.7226715 
0.7410937 
0.7184390 
0.7376323 
0.7416250 
0.7309912 
0.7311817 
0.7759905 
0.7506061 
0.7351652 
0.7222986 
0.6925707 
0.6923690 
0.7019169 
0.7621556 
0.7393957 
0.7234971 
0.7130342 
0.7039772 
0.7246965 
0.7344638 
0.7233971 
0.7358186 
0.7457104 
0.7918403 
0.7917145 
0.8036824 
0.7810478 
0.7845135 
0.7957374 
0.8036707 
0.7855954 
0.7686139 
0.7786211 
0.7685486 
0.7607266 
0.7532147 
0.7607798 
0.8221268 
0.8313117 
0.7867683 
0.7789441 
0.7881630 
0.7950073 
0.7807105 
0.7821401 
0.8109601 
0.8232867 
0.8025853 
0.7750209 
0.8009902 
0.7898122 
0.7712370 
0.8005026 
0.7658971 
0.7515793 
0.7829350 
0.7994268 
0.7733726 
0.7446089 
0.7439743 
0.7230372 
0.7070894 
0.6909632 
0.6991918 
0.6738768 
0.6876299 
0.6796986 
0.7029420 
0.7173386 
0.7006423 
0.6816551 
0.6877550 
0.6517585 
0.6844420 
0.6712437 
0.6351615 
0.6258672 
0.6566465 
0.6842217 
0.6745018 
0.6626752 
0.6730767 
0.6660590 
0.6614719 
0.6627746 
0.6689406 
0.6121459 
0.6461324 
0.6418831 
0.6283370 
0.6649743 
0.6832633 
0.6660966 
0.6777254 
0.6639654 
0.6506593 
0.6959770 
0.7148536 
0.7201877 
0.6933331 
0.6881751 
0.6947164 
0.6713357 
0.6929934 
0.6662277 
0.6521270 
0.6342923 
0.6538176 
0.6453683 
0.6616838 
0.6272523 
0.6271101 
0.6427897 
0.6371838 
0.6308550 
0.6263694 
0.6267245 
0.6321818 
0.6066308 
0.6284200 
0.6373544 
0.6850397 
0.6692287 
0.6575824 
0.6647375 
0.6739070 
0.7033283 
0.7151720 
0.6970482 
0.6850402 
0.7053009 
0.7060443 
0.7075631 
0.7658038 
0.7317087 
0.6965120 
0.7125417 
0.7405030 
0.7799216 
0.7508405 
0.7180920 
0.7833327 
0.7221339 
0.7074281 
0.7020038 
0.6841477 
0.6999945 
0.6992608 
0.6836277 
0.6814252 
0.7325545 
0.7408359 
0.7514680 
0.7473677 
0.7478429 
0.7693173 
0.7439602 
0.7363639 
0.7516908 
0.7572156 
0.7161704 
0.7205567 
0.7397640 
0.7546686 
0.7399295 
0.7584938 
0.7831742 
0.7822962 
0.7792098 
0.7680947 
0.7729606 
0.7825492 
0.7542944 
0.7761398 
0.7651479 
0.7687273 
0.7266906 
0.7120790 
0.7014524 
0.7038568 
0.6611833 
0.6684958 
0.6623327 
0.6358048 
0.6565658 
0.6333292 
0.6319674 
0.6467348 
0.6092315 
0.5957388 
0.5958018 
0.5889631 
0.5910170 
0.6098292 
0.6150572 
0.6006936 
0.6169309 
0.6118657 
0.6073555 
0.5881423 
0.5907286 
0.6071565 
0.6226048 
0.6572935 
0.6838422 
0.7014373 
0.6872979 
0.6989014 
0.6931147 
0.7040865 
0.7145321 
0.6996259 
0.6975853 
0.7052129 
0.6965334 
0.6927664 
0.6840280 
0.6846135 
0.7015268 
0.6751134 
0.6968956 
0.7088009 
0.7047543 
0.6849523 
0.6767143 
0.6590528 
0.6556027 
0.6594311 
0.7031275 
0.6899952 
0.6702311 
0.6660917 
0.6703315 
0.6546296 
0.6475981 
0.6221997 
0.6595349 
0.6524614 
0.6367521 
0.6490290 
0.6864419 
0.6480323 
0.6500675 
0.6378094 
0.6359435 
0.6468521 
0.6379259 
0.6500179 
0.6441525 
0.6324277 
0.6002717 
0.6278066 
0.6439976 
0.6494495 
0.6591120 
0.6730865 
0.6535911 
0.6778048 
0.6964279 
0.7094446 
0.7339762 
0.7349037 
0.7153220 
0.7034963 
0.7029452 
0.7303662 
0.7305077 
0.7423425 
0.7240731 
0.7242296 
0.7164688 
0.6828472 
0.7004098 
0.7021910 
0.6891864 
0.6874362 
0.7179590 
0.7201534 
0.6958502 
0.6714573 
0.6563591 
0.6774029 
0.6814832 
0.6777804 
0.6786674 
0.6980926 
0.6840804 
0.7086597 
0.7007110 
0.6749477 
0.6717764 
0.6907091 
0.6902233 
0.6764113 
0.7131863 
0.7419436 
0.7315753 
0.7254709 
0.7069827 
0.7055651 
0.6949433 
0.6876574 
0.6604678 
0.6520585 
0.6456707 
0.6281049 
0.6553606 
0.6410985 
0.6531834 
0.6541818 
0.7011626 
0.6939775 
0.6641150 
0.6630506 
0.6765178 
0.6623716 
0.6360456 
0.6315628 
0.6293721 
0.6449745 
0.6568875 
0.6743028 
0.6538647 
0.6267033 
0.6458584 
0.6421285 
0.6138914 
0.6022315 
0.6271041 
0.6601446 
0.6618055 
0.6636891 
0.6503502 
0.6564326 
0.6262039 
0.6448853 
0.6542856 
0.6670005 
0.6839394 
0.6631684 
0.6656067 
0.6700656 
0.6612635 
0.6624581 
0.6474961 
0.6708007 
0.6992945 
0.7079726 
0.7128846 
0.7015865 
0.7032264 
0.7052366 
0.6928727 
0.6819819 
0.6653294 
0.6696262 
0.6553517 
0.6572846 
0.6591035 
0.6507668 
0.6452231 
0.6895365 
0.6757623 
0.6627394 
0.6602859 
0.6726161 
0.6509839 
0.6778464 
0.6647157 
0.6809796 
0.6801736 
0.7079657 
0.6953203 
0.6656860 
0.6483121 
0.6669902 
0.6758657 
0.6569007 
0.6684774 
0.6500492 
0.6369999 
0.7167755 
0.7247373 
0.7284732 
0.7247952 
0.7217641 
0.6901846 
0.7059639 
0.7074593 
0.7059111 
0.6949713 
0.6723448 
0.6537904 
0.6774450 
0.6707574 
0.6625293 
0.6260865 
0.6370371 
0.6407712 
0.6377913 
0.6722127 
0.6538325 
0.6497510 
0.6752173 
0.7193894 
0.7216977 
0.7340884 
0.7270427 
0.6913048 
0.7191828 
0.7347621 
0.7494210 
0.7440717 
0.7431636 
0.7308380 
0.7223431 
0.7326336 
0.7619402 
0.7555557 
0.7367418 
0.7245107 
0.7593772 
0.7845318 
0.8026509 
0.7849875 
0.7647333 
0.7940258 
0.7997784 
0.7947636 
0.7721353 
0.7679485 
0.7307921 
0.6985204 
0.7210783 
0.7602116 
0.7792074 
0.7809306 
0.7923072 
0.7658047 
0.7724313 
0.7712576 
0.7600862 
0.7465681 
0.7085809 
0.6958336 
0.6954241 
0.6944056 
0.6882152 
0.7086252 
0.6779965 
0.7021380 
0.7237697 
0.7308955 
0.7339523 
0.7320346 
0.7506919 
0.7345039 
0.7611295 
0.7343662 
0.7004025 
0.6748120 
0.6521234 
0.6863251 
0.6814896 
0.7023347 
0.6970731 
0.7131659 
0.6861499 
0.6872488 
0.6994688 
0.7066580 
0.6985827 
0.6666415 
0.6701816 
0.6637352 
0.6473017 
0.6363994 
0.6592114 
0.6492451 
0.6659760 
0.6809654 
0.7057852 
0.6883979 
0.6959167 
0.6799905 
0.6351621 
0.6625238 
0.6433798 
0.6619578 
0.6414154 
0.6639028 
0.6521404 
0.6754103 
0.6901906 
0.7517962 
0.7550056 
0.7838746 
0.7923381 
0.7865745 
0.7922613 
0.7766304 
0.7487746 
0.7755664 
0.7443414 
0.7609080 
0.7405428 
0.6597372 
0.6645443 
0.6771012 
0.6727657 
0.6700967 
0.6888184 
0.7580131 
0.7606174 
0.7208865 
0.7428160 
0.7249846 
0.7154095 
0.7073125 
0.6893956 
0.6754877 
0.6983560 
0.6978376 
0.6786691 
0.6599246 
0.6710036 
0.6521278 
0.6741581 
0.6925141 
0.6748680 
0.6672121 
0.6304887 
0.6493756 
0.6540953 
0.6557511 
0.6682198 
0.6549098 
0.6524626 
0.6888589 
0.6954347 
0.6951867 
0.7295561 
0.7252452 
0.7005977 
0.7063842 
0.6921390 
0.6841994 
0.6529912 
0.6554414 
0.6338483 
0.6244909 
0.6212457 
0.6410646 
0.6521483 
0.6628054 
0.6452813 
0.6525927 
0.6695307 
0.6889223 
0.7162852 
0.7295000 
0.7354658 
0.7269308 
0.7236429 
0.6961483 
0.7122702 
0.7303693 
0.7180824 
0.7202769 
0.7466647 
0.7692651 
0.8111535 
0.8159445 
0.7787999 
0.8070405 
0.8022786 
0.8125260 
0.7920763 
0.7868053 
0.7430212 
0.7671106 
0.7861054 
0.7618884 
0.7531022 
0.7222567 
0.7396157 
0.7706285 
0.7911027 
0.7576120 
0.7731254 
0.7637079 
0.7720169 
0.7747700 
0.7962421 
0.8063989 
0.7988362 
0.8006191 
0.7815899 
0.7941209 
0.7902546 
0.8044572 
0.8149386 
0.8166467 
0.7845524 
0.8011890 
0.8144815 
0.8149015 
0.8129116 
0.7918963 
0.7921252 
0.7881328 
0.7854677 
0.7862669 
0.8178945 
0.8567175 
0.8254309 
0.8118188 
0.7880118 
0.8284383 
0.8076343 
0.8401144 
0.8448986 
0.8210402 
0.8369643 
0.8632611 
0.8874918 
0.8833225 
0.8855865 
0.8519969 
0.8989506 
0.8635614 
0.8092929 
0.8024430 
0.7767064 
0.7792277 
0.7769328 
0.7613049 
0.8246616 
0.8072538 
0.8079637 
0.8074222 
0.8050705 
0.8054335 
0.7873518 
0.7994455 
0.8107926 
0.8421745 
0.8353876 
0.8229311 
0.7869667 
0.8165643 
0.8126378 
0.8122653 
0.7808940 
0.7865138 
0.7541110 
0.7726270 
0.7806553 
0.7707909 
0.7663773 
0.7956487 
0.7827422 
0.7890410 
0.7865324 
0.7652276 
0.7604498 
0.7310993 
0.7474091 
0.7730145 
0.7777001 
0.7803732 
0.7966135 
0.8113923 
0.8253009 
0.8088345 
0.7765520 
0.7726511 
0.7958544 
0.7784718 
0.7728504 
0.7655007 
0.7539664 
0.7609027 
0.7366080 
0.7701798 
0.7489530 
0.8091853 
0.7810993 
0.7982891 
0.8124767 
0.7923052 
0.8036295 
0.8492803 
0.8366862 
0.8600620 
0.8353370 
0.8472276 
0.8552160 
0.8697520 
0.8541820 
0.8644869 
0.9147419 
0.9010176 
0.9253582 
0.9073724 
0.9048709 
0.8668806 
0.8279627 
0.8083788 
0.8104223 
0.8008247 
0.8302746 
0.8747342 
0.8497651 
0.8591931 
0.8737852 
0.8420836 
0.8537826 
0.8342095 
0.8565157 
0.8559038 
0.8631890 
0.8331569 
0.8425032 
0.8064346 
0.8261931 
0.8395327 
0.8427294 
0.8548136 
0.8437392 
0.8010967 
0.7880788 
0.7764071 
0.7082559 
0.6950531 
0.7153885 
0.7493034 
0.7639565 
0.7521012 
0.7247510 
0.7196063 
0.7088108 
0.7046382 
0.7122424 
0.7177371 
0.7202749 
0.7064025 
0.7092767 
0.7160813 
0.6766744 
0.6817257 
0.6926510 
0.6952913 
0.6788290 
0.7036152 
0.7021126 
0.7202851 
0.7118757 
0.7206258 
0.7343319 
0.7398779 
0.7368242 
0.7684711 
0.7775093 
0.7599848 
0.7401293 
0.7226037 
0.7237352 
0.7310363 
0.7444584 
0.7283867 
0.7499634 
0.7512498 
0.7843564 
0.7880539 
0.8289505 
0.8410131 
0.7919781 
0.7860074 
0.7812457 
0.7864343 
0.7855746 
0.7878084 
0.8365754 
0.8600026 
0.8712426 
0.8704180 
0.9139434 
0.9000630 
0.9102541 
0.8901258 
0.8726029 
0.8654298 
0.8389821 
0.8724119 
0.8630703 
0.8496872 
0.8134946 
0.8252528 
0.7958600 
0.8284138 
0.8590043 
0.8526755 
0.8578983 
0.8281719 
0.8117352 
0.8359312 
0.8141504 
0.8245335 
0.8128834 
0.8235230 
0.8259763 
0.8165282 
0.8433169 
0.7837404 
0.8078303 
0.7763929 
0.8083533 
0.7810668 
0.7648734 
0.7763132 
0.7241373 
0.7019335 
0.6749550 
0.6782319 
0.6693999 
0.6956361 
0.6980302 
0.7236648 
0.7040507 
0.6838554 
0.6969484 
0.7210609 
0.7137408 
0.7556169 
0.7514365 
0.7797876 
0.7197076 
0.7202292 
0.7126079 
0.7399953 
0.7498602 
0.7480194 
0.7615682 
0.7609475 
0.7265758 
0.7435106 
0.7400375 
0.7428411 
0.6993897 
0.6738497 
0.6966916 
0.7252073 
0.7879297 
0.8152566 
0.8375497 
0.8413556 
0.8340020 
0.8286990 
0.8052240 
0.7838811 
0.7815343 
0.7839451 
0.7677064 
0.7884007 
0.7988379 
0.8003625 
0.8120572 
0.8122451 
0.8539754 
0.8829630 
0.8694627 
0.8569819 
0.8170554 
0.8356266 
0.8139394 
0.8296366 
0.8145944 
0.8679687 
0.8862840 
0.8596328 
0.8513146 
0.8404723 
0.8121372 
0.8041222 
0.8386948 
0.8510384 
0.8395918 
0.8403191 
0.8085883 
0.8267597 
0.8166201 
0.8513629 
0.8323087 
0.8169753 
0.8040885 
0.8040665 
0.8413682 
0.8514968 
0.8662449 
0.8767015 
0.8516089 
0.8498329 
0.8316382 
0.8950022 
0.8906081 
0.8694083 
0.8456408 
0.8644105 
0.8501868 
0.8311024 
0.8827795 
0.8668577 
0.8423909 
0.8212886 
0.7985876 
0.8045536 
0.7995497 
0.8107481 
0.8109809 
0.8486361 
0.8666031 
0.8844528 
0.8847913 
0.8813932 
0.8626344 
0.8201944 
0.8145348 
0.8095579 
0.8494222 
0.8623199 
0.8679757 
0.9058168 
0.9029715 
0.8810652 
0.8776290 
0.8718234 
0.8805291 
0.8930608 
0.8952362 
0.9215403 
0.9252869 
0.9012625 
0.9030101 
0.9000871 
0.8933400 
0.9072495 
0.9184472 
0.8787346 
0.8796135 
0.9579624 
0.9372604 
0.9127882 
0.9109863 
0.8917780 
0.8755388 
0.8951213 
0.8933665 
0.8923135 
0.8679230 
0.8651996 
0.8709506 
0.8498426 
0.8058096 
0.7869824 
0.7613227 
0.7171910 
0.7128958 
0.7452362 
0.8624916 
0.8445854 
0.8342620 
0.8498368 
0.8322925 
0.8341324 
0.8359981 
0.8376851 
0.8693457 
0.8636072 
0.8543726 
0.8136438 
0.7810812 
0.7799264 
0.7770083 
0.7867309 
0.7730697 
0.7955666 
0.8095431 
0.8217634 
0.7880898 
0.7906705 
0.7932682 
0.8073534 
0.7615880 
0.7681354 
0.7820540 
0.8690440 
0.9010809 
0.9263384 
0.8902660 
0.9156023 
0.8913889 
0.8449931 
0.8086898 
0.7989175 
0.8178645 
0.8154514 
0.8385874 
0.8306306 
0.8758911 
0.8760109 
0.9283506 
0.9305755 
0.9365839 
0.9542414 
0.9745606 
0.9694434 
0.8374312 
0.8146460 
0.7956404 
0.7654629 
0.7569919 
0.7609458 
0.7772253 
0.7893656 
0.7836206 
0.7856854 
0.7982929 
0.7759551 
0.8081207 
0.8240824 
0.8587106 
0.9013128 
0.8938897 
0.8858525 
0.8792606 
0.8605461 
0.8161581 
0.8468689 
0.8289766 
0.7977264 
0.8251801 
0.8463461 
0.8557107 
0.8309052 
0.7990909 
0.7881581 
0.7687271 
0.7875894 
0.7700716 
0.8277080 
0.8204084 
0.8489031 
0.8207837 
0.7840449 
0.7483437 
0.7561841 
0.7905411 
0.7715145 
0.7833094 
0.7980167 
0.8181532 
0.8273650 
0.8091403 
0.7915671 
0.8009202 
0.7816382 
0.8058765 
0.8191465 
0.8175100 
0.8071725 
0.8514276 
0.8145141 
0.7906823 
0.8105201 
0.8389369 
0.8261570 
0.8362418 
0.8563418 
0.8858560 
0.8870215 
0.8926672 
0.8692127 
0.8550342 
0.8319550 
0.8265434 
0.7887986 
0.8264094 
0.8691227 
0.9172022 
0.9070815 
0.9505697 
0.9240823 
0.9212652 
0.8877794 
0.8910283 
0.8680471 
0.8912314 
0.8901607 
0.8650174 
0.8747119 
0.8994940 
0.8931094 
0.8945596 
0.8923017 
0.8405402 
0.8552393 
0.8663665 
0.8797235 
0.9121425 
0.8947904 
0.8719358 
0.9131968 
0.9062073 
0.9067233 
0.8759378 
0.8907051 
0.8970342 
0.8925585 
0.9016377 
0.9101321 
0.8828413 
0.8600145 
0.8778182 
0.9043126 
0.9244200 
0.9354720 
0.9329625 
0.9231402 
0.9051043 
0.8948335 
0.9149449 
0.8800950 
0.8846550 
0.8808436 
0.9065108 
0.8968799 
0.8841938 
0.8733209 
0.8545332 
0.8561020 
0.8973916 
0.8778789 
0.8641971 
0.8629572 
0.8934288 
0.8827985 
0.8803866 
0.8574566 
0.8384306 
0.8727166 
0.8618968 
0.8424399 
0.8505864 
0.8815465 
0.8955102 
0.8637371 
0.8345992 
0.8698109 
0.8791213 
0.9128085 
0.9058474 
0.9104918 
0.9373753 
0.9535419 
0.9482050 
0.9505323 
0.9389989 
0.9182168 
0.9279501 
0.9190540 
0.9469907 
0.9469170 
0.9314279 
0.9150899 
0.9121214 
0.9203530 
0.8815842 
0.8964610 
0.8446620 
0.8748898 
0.8981740 
0.8918586 
0.9052081 
0.8709568 
0.8751133 
0.8977742 
0.8537395 
0.8837782 
0.8464747 
0.8470597 
0.8822853 
0.8586365 
0.8272903 
0.8159192 
0.8053851 
0.8048897 
0.8394491 
0.8581124 
0.8474536 
0.8551624 
0.8833773 
0.9248474 
0.9802265 
0.9592458 
0.9568105 
0.9353632 
0.8941716 
0.8464678 
0.8100900 
0.8066182 
0.8294236 
0.8427803 
0.8502005 
0.8357056 
0.8217180 
0.7989180 
0.7897057 
0.8045826 
0.7888608 
0.8294484 
0.8025241 
0.8427625 
0.8929650 
0.8957806 
0.8918520 
0.9337147 
0.9031557 
0.9145904 
0.8900970 
0.8742412 
0.9015365 
0.8845305 
0.8784401 
0.8671228 
0.8334578 
0.8178884 
0.8392861 
0.8299224 
0.8015605 
0.7995442 
0.7936884 
0.8306144 
0.8385242 
0.8484561 
0.8622313 
0.8445268 
0.8304036 
0.8367124 
0.8331964 
0.8242806 
0.8067690 
0.8182776 
0.8494063 
0.8135256 
0.8336066 
0.8573935 
0.8656272 
0.8830337 
0.8593516 
0.8529249 
0.8398635 
0.8181956 
0.8308452 
0.8314371 
0.8204625 
0.8315572 
0.7871830 
0.7749973 
0.7968591 
0.8049525 
0.8299909 
0.8173905 
0.7925432 
0.7700420 
0.7777444 
0.8036691 
0.7887566 
0.8109340 
0.7758564 
0.7765782 
0.7713786 
0.7980863 
0.7904332 
0.7786581 
0.7974559 
0.7831360 
0.7899303 
0.7881098 
0.7785203 
0.7729656 
0.7746400 
0.8044499 
0.8166268 
0.8107638 
0.8321924 
0.8531901 
0.8302739 
0.7912769 
0.8074673 
0.8129552 
0.8196941 
0.8166316 
0.7940308 
0.7993339 
0.8166337 
0.8276711 
0.8226763 
0.7826677 
0.8077759 
0.7995131 
0.8238241 
0.8148182 
0.8096523 
0.8435387 
0.8138391 
0.8016055 
0.7858163 
0.7616903 
0.8132960 
0.8400533 
0.8514709 
0.8762830 
0.8624195 
0.8460219 
0.8429228 
0.8317174 
0.8517698 
0.8729802 
0.8825645 
0.8591950 
0.8732070 
0.8980012 
0.8642560 
0.8635941 
0.8506239 
0.8318774 
0.8408428 
0.8288134 
0.8163692 
0.8499529 
0.8407702 
0.8420328 
0.8612877 
0.8846171 
0.8727083 
0.8583744 
0.8644838 
0.8869255 
0.8077341 
0.7987631 
0.7603010 
0.7672937 
0.7760296 
0.7972989 
0.7732405 
0.8063410 
0.8314504 
0.8234951 
0.8453710 
0.8552196 
0.8530196 
0.8633424 
0.8459176 
0.8592289 
0.8545590 
0.8401801 
0.8132100 
0.8181764 
0.8514389 
0.8676021 
0.8768054 
0.8764483 
0.8239414 
0.8379063 
0.8114511 
0.7874612 
0.7875896 
0.8079330 
0.8436028 
0.8722188 
0.8486342 
0.8415710 
0.8652626 
0.8752319 
0.8445719 
0.8633841 
0.8424760 
0.8410680 
0.8580622 
0.8554517 
0.8479747 
0.8925744 
0.8824611 
0.8827722 
0.8818809 
0.8719861 
0.8356146 
0.8401978 
0.8222146 
0.8090063 
0.8424282 
0.8378758 
0.7848314 
0.8189073 
0.8169083 
0.8297301 
0.8383455 
0.8488956 
0.8689180 
0.8966002 
0.8813437 
0.8738352 
0.8504790 
0.8804737 
0.8619723 
0.8466933 
0.8265366 
0.8787945 
0.9061785 
0.8764135 
0.8879569 
0.8918375 
0.8581298 
0.8757436 
0.8628726 
0.8464108 
0.8572466 
0.8330749 
0.8198863 
0.8354923 
0.8119573 
0.8109431 
0.8032374 
0.7903820 
0.8280634 
0.8405184 
0.8359519 
0.8148341 
0.8147403 
0.7878120 
0.7861278 
0.7898756 
0.7537560 
0.8093714 
0.7946863 
0.7964581 
0.8051699 
0.7939688 
0.8127590 
0.8179137 
0.7835161 
0.7909410 
0.8204957 
0.8373678 
0.8435198 
0.8313408 
0.8601568 
0.8664837 
0.8963742 
0.9058612 
0.9258699 
0.9446977 
0.9404639 
0.8346749 
0.7566444 
0.7187757 
0.7681628 
0.7561279 
0.7738176 
0.7673052 
0.7813880 
0.7740804 
0.7683878 
0.7524197 
0.7825709 
0.7705679 
0.7935554 
0.7749860 
0.7681983 
0.7894182 
0.7904904 
0.7784796 
0.7674879 
0.7487837 
0.7360253 
0.7512869 
0.7515135 
0.7515249 
0.7257407 
0.7320103 
0.7469426 
0.7767212 
0.7825222 
0.8392430 
0.8796265 
0.8728925 
0.8329266 
0.8294539 
0.8249151 
0.8520876 
0.8570811 
0.8675100 
0.8881384 
0.8455423 
0.8787985 
0.8635150 
0.8690575 
0.8726132 
0.8480702 
0.8452896 
0.8577009 
0.8406256 
0.8499847 
0.8595991 
0.8373140 
0.8743118 
0.8631964 
0.8581927 
0.8680780 
0.8844133 
0.8591097 
0.9007666 
0.8961085 
0.8691849 
0.8547459 
0.8583853 
0.9226288 
0.9531394 
0.9394060 
0.9326296 
0.9259963 
0.8994510 
0.8303557 
0.8307949 
0.7697849 
0.7696621 
0.7676548 
0.7610885 
0.7672470 
0.7915011 
0.7939374 
0.7934953 
0.8267735 
0.8326975 
0.8450485 
0.8532352 
0.8747281 
0.8815408 
0.8971108 
0.8974376 
0.8963401 
0.9129432 
0.8944871 
0.8631138 
0.8908796 
0.8811620 
0.9141854 
0.8568284 
0.8616696 
0.8716414 
0.8309341 
0.8058278 
0.7972494 
0.7786877 
0.7858142 
0.7699151 
0.7884881 
0.7895106 
0.7786221 
0.7726750 
0.7602452 
0.7556720 
0.7255931 
0.6947896 
0.7496665 
0.7633673 
0.7647573 
0.7976327 
0.7822761 
0.7564469 
0.7660873 
0.7791981 
0.8039021 
0.8087824 
0.8278928 
0.8648877 
0.8424391 
0.8245024 
0.8203253 
0.8104899 
0.8151937 
0.8433875 
0.8691415 
0.8645421 
0.8711776 
0.8688931 
0.8790033 
0.8464166 
0.7926442 
0.8110386 
0.8405211 
0.8491550 
0.8159138 
0.8329102 
0.8524068 
0.8348666 
0.8307753 
0.8286404 
0.8234432 
0.8373196 
0.8310870 
0.8231295 
0.8279273 
0.7871936 
0.7736140 
0.7692682 
0.7896973 
0.7893815 
0.8143499 
0.8078493 
0.8251135 
0.8199877 
0.8275434 
0.7813687 
0.7882544 
0.8034903 
0.7957961 
0.7711384 
0.7738420 
0.7699749 
0.7656075 
0.7754799 
0.7318045 
0.7823066 
0.7593056 
0.7446761 
0.7220917 
0.7050241 
0.7416038 
0.7532620 
0.7407446 
0.7359230 
0.7239338 
0.7301358 
0.7786841 
0.7957339 
0.7711899 
0.7686991 
0.7565397 
0.7334826 
0.7732795 
0.7540551 
0.7824704 
0.8053991 
0.7985661 
0.7796341 
0.7821449 
0.7196620 
0.7094698 
0.7239216 
0.6899462 
0.6726581 
0.6866202 
0.6966135 
0.7276343 
0.7141436 
0.6986857 
0.7048417 
0.6907156 
0.7247624 
0.7729837 
0.8133061 
0.8326923 
0.8448375 
0.8613988 
0.8447061 
0.8516963 
0.8547082 
0.8604774 
0.8765905 
0.8524935 
0.8234934 
0.8236414 
0.8240390 
0.8320367 
0.8101672 
0.7820649 
0.8105994 
0.8197066 
0.7881138 
0.8105221 
0.7863141 
0.8039210 
0.8086747 
0.8224548 
0.8043014 
0.7964218 
0.8019179 
0.8265287 
0.8235678 
0.8554643 
0.8650604 
0.8779499 
0.8691891 
0.8798116 
0.8523954 
0.8830987 
0.8519057 
0.8528645 
0.8129733 
0.8472829 
0.7788640 
0.7808967 
0.7765581 
0.7987795 
0.7618264 
0.7795705 
0.8073855 
0.8027949 
0.7907117 
0.7757460 
0.7686423 
0.7411258 
0.7183645 
0.7184005 
0.7275642 
0.7215311 
0.7090970 
0.7483358 
0.7548135 
0.7423331 
0.7773653 
0.7553330 
0.7552096 
0.7480867 
0.7675863 
0.7511754 
0.7316545 
0.7580498 
0.7770863 
0.7607923 
0.7642521 
0.7620492 
0.7279112 
0.7595188 
0.7730800 
0.7401422 
0.7182533 
0.7428325 
0.7588637 
0.7703637 
0.7682566 
0.7530873 
0.7231170 
0.7629478 
0.7662029 
0.7718424 
0.7817119 
0.7627079 
0.7666428 
0.7507096 
0.7748987 
0.7560688 
0.7018935 
0.7202568 
0.7118290 
0.6812823 
0.6839576 
0.6881271 
0.6554642 
0.6762552 
0.6619204 
0.6767944 
0.6548269 
0.6600765 
0.6442280 
0.6457997 
0.6537832 
0.6845119 
0.7050852 
0.6782454 
0.6998339 
0.7121409 
0.7248949 
0.7131982 
0.7048818 
0.7389076 
0.7371443 
0.7051355 
0.6968006 
0.6993908 
0.7069827 
0.7658981 
0.7472893 
0.7104940 
0.6917254 
0.7065878 
0.7074323 
0.7231960 
0.7512375 
0.7730944 
0.7650541 
0.7635448 
0.7632019 
0.7530818 
0.7387194 
0.7390396 
0.6976546 
0.6989771 
0.6571120 
0.6665032 
0.6619194 
0.6370340 
0.6639229 
0.6572679 
0.6598941 
0.6827545 
0.6467697 
0.6152922 
0.6199794 
0.6186820 
0.6285769 
0.6177207 
0.5805862 
0.5541674 
0.6038770 
0.6350327 
0.6327940 
0.6613688 
0.6901366 
0.6599350 
0.6640756 
0.6505400 
0.6260126 
0.6126562 
0.6168091 
0.6023902 
0.5895366 
0.5980867 
0.5491931 
0.5337703 
0.5160710 
0.5666230 
0.5632698 
0.5558166 
0.5590500 
0.5673978 
0.5568149 
0.5502024 
0.5512745 
0.5605535 
0.5912353 
0.5525312 
0.5516841 
0.5481247 
0.5122163 
0.5402471 
0.5259108 
0.5021481 
0.4801917 
0.4454224 
0.4334067 
0.4117702 
0.4231285 
0.4364817 
0.4498845 
0.4366731 
0.4256373 
0.4235823 
0.4507468 
0.4308291 
0.4171918 
0.4055811 
0.3967787 
0.3807948 
0.3936879 
0.3852336 
0.3808610 
0.3959765 
0.3768113 
0.3390114 
0.3787066 
0.3663598 
0.4221932 
0.4021198 
0.3934596 
0.3528353 
0.3798430 
0.3416050 
0.3490037 
0.3469716 
0.3561318 
0.3673112 
0.3531885 
0.3692972 
0.3913636 
0.3372681 
0.3654649 
0.3425545 
0.3114987 
0.3422793 
0.3408231 
0.3433669 
0.3243529 
0.3063468 
0.3294015 
0.3081174 
0.3080922 
0.2838648 
0.2826632 
0.2667460 
0.2768874 
0.2680765 
0.2678694 
0.2568610 
0.2581811 
0.2755099 
0.2683000 
0.2267913 
0.2223291 
0.2188313 
0.1790008 
0.1774886 
0.1428839 
0.1540053 
0.1606941 
0.1844987 
0.1780698 
0.1919889 
0.1735890 
0.1172358 
0.1373414 
0.1627618 
0.1638854 
0.1817345 
0.1764914 
0.1683341 
0.1487419 
0.1580038 
0.1588320 
0.2008687 
0.1847782 
0.1606231 
0.1627429 
0.1836078 
0.1804937 
0.1442561 
0.1494559 
0.0921293 
0.0538814 
0.0439210 
0.0600694 
0.0524594 
0.0452633 
0.0231300 
0.0168212 
0.0181583 
0.0385442 
0.0210993 
0.0146560 
0.0000000 
0.0410224 
0.0580413 
0.0965385 
0.1060334 
0.1221316 
0.1265217 
0.1277277 
0.1218158 
0.1238033 
0.1393602 
0.1206459 
0.1292122 
0.1467271 
0.1750280 
0.1773214 
0.2084938 
0.1867439 
0.1691937 
0.1385907 
0.1521270 
0.1511813 
0.1680748 
0.1405398 
0.1289784 
0.1484526 
0.1508084 
0.1393142 
0.1895778 
0.1608426 
0.1880992 
0.1761243 
0.2104818 
