-0.0000895 
-0.0000445 
0.0000391 
-0.2987031 
0.1776909 
-0.0741957 
0.9941424 
0.9969439 
1.0000000 
0.9972077 
0.9904856 
0.9882865 
0.9873654 
0.9907513 
0.9857508 
0.9863395 
0.9832760 
0.9757959 
0.9711035 
0.9679958 
0.9695772 
0.9705933 
0.9788053 
0.9826211 
0.9812312 
0.9812744 
0.9778299 
0.9742315 
0.9672327 
0.9709331 
0.9729130 
0.9761291 
0.9775784 
0.9748385 
0.9707744 
0.9738185 
0.9734383 
0.9722511 
0.9717037 
0.9700605 
0.9716521 
0.9733031 
0.9764918 
0.9782768 
0.9691709 
0.9653003 
0.9731429 
0.9754786 
0.9698459 
0.9688870 
0.9690972 
0.9681890 
0.9687229 
0.9706635 
0.9709441 
0.9717716 
0.9677907 
0.9716945 
0.9705768 
0.9682827 
0.9624352 
0.9591174 
0.9581115 
0.9638596 
0.9648655 
0.9658160 
0.9518299 
0.9454462 
0.9435811 
0.9417425 
0.9395033 
0.9381618 
0.9387805 
0.9431789 
0.9492750 
0.9486872 
0.9379175 
0.9357849 
0.9431858 
0.9376395 
0.9404691 
0.9464560 
0.9467771 
0.9522394 
0.9504299 
0.9424352 
0.9359996 
0.9274721 
0.9267092 
0.9238725 
0.9276632 
0.9210658 
0.9178811 
0.9107918 
0.9115401 
0.9096397 
0.9111986 
0.9212438 
0.9272031 
0.9296068 
0.9196684 
0.9141521 
0.9126358 
0.9163621 
0.9209738 
0.9198297 
0.9232081 
0.9331127 
0.9409586 
0.9473575 
0.9501192 
0.9422650 
0.9383092 
0.9285380 
0.9248678 
0.9286539 
0.9245121 
0.9170147 
0.9048965 
0.9050036 
0.9076235 
0.9130981 
0.9105126 
0.9077210 
0.9080919 
0.9094736 
0.9183740 
0.9152464 
0.9089081 
0.9057812 
0.9134922 
0.9134190 
0.9115075 
0.9066895 
0.9090840 
0.9039710 
0.9166758 
0.9252397 
0.9151827 
0.9165200 
0.9189015 
0.9107658 
0.9047839 
0.9020441 
0.8992945 
0.8961824 
0.9041281 
0.9088092 
0.9093592 
0.8970218 
0.8953237 
0.8925791 
0.8791423 
0.8783391 
0.8763936 
0.8802135 
0.8862494 
0.8853551 
0.8803838 
0.8802096 
0.8800307 
0.8812832 
0.8840729 
0.8951360 
0.8972794 
0.8979376 
0.8934255 
0.8884957 
0.8778966 
0.8806138 
0.8869411 
0.8860331 
0.8709410 
0.8635567 
0.8595244 
0.8609187 
0.8646637 
0.8629452 
0.8667461 
0.8679284 
0.8638363 
0.8622032 
0.8586717 
0.8557902 
0.8587958 
0.8551526 
0.8596367 
0.8609741 
0.8679336 
0.8711940 
0.8711529 
0.8711253 
0.8687490 
0.8712848 
0.8761584 
0.8719665 
0.8705363 
0.8629491 
0.8615359 
0.8576798 
0.8512771 
0.8393206 
0.8312631 
0.8289095 
0.8270402 
0.8256772 
0.8171440 
0.8114725 
0.8167723 
0.8210624 
0.8233125 
0.8335516 
0.8412436 
0.8454662 
0.8495582 
0.8694290 
0.8728363 
0.8729149 
0.8666963 
0.8599727 
0.8713690 
0.8729182 
0.8687914 
0.8517732 
0.8311784 
0.8349329 
0.8428844 
0.8467029 
0.8429521 
0.8379401 
0.8338386 
0.8239673 
0.8208053 
0.8303320 
0.8403056 
0.8320915 
0.8260789 
0.8215971 
0.8362756 
0.8373497 
0.8413659 
0.8384977 
0.8438222 
0.8419364 
0.8435893 
0.8563182 
0.8625897 
0.8659849 
0.8635446 
0.8673647 
0.8697927 
0.8622623 
0.8514791 
0.8446861 
0.8400406 
0.8360009 
0.8308783 
0.8303264 
0.8248852 
0.8151195 
0.8167519 
0.8264919 
0.8267524 
0.8215615 
0.8176923 
0.8118550 
0.8216761 
0.8230966 
0.8195707 
0.8136510 
0.8139035 
0.8162049 
0.8192163 
0.8146656 
0.8133246 
0.8147424 
0.8196862 
0.8240019 
0.8216113 
0.8234093 
0.8190935 
0.8124109 
0.8083113 
0.8059182 
0.8016925 
0.7944501 
0.7940121 
0.7889466 
0.7822764 
0.7828319 
0.7822880 
0.7736655 
0.7707499 
0.7706666 
0.7668064 
0.7676615 
0.7650535 
0.7626809 
0.7613156 
0.7521115 
0.7434060 
0.7476690 
0.7496034 
0.7539426 
0.7575908 
0.7533850 
0.7543447 
0.7643373 
0.7767355 
0.7855288 
0.7834557 
0.7699354 
0.7652190 
0.7632522 
0.7673216 
0.7583423 
0.7488360 
0.7507246 
0.7614975 
0.7647543 
0.7635064 
0.7659892 
0.7694815 
0.7770129 
0.7840645 
0.7798346 
0.7681202 
0.7643047 
0.7620644 
0.7708921 
0.7716311 
0.7718834 
0.7714475 
0.7703568 
0.7700937 
0.7685781 
0.7596658 
0.7537213 
0.7582725 
0.7578145 
0.7542194 
0.7519423 
0.7566341 
0.7600618 
0.7666905 
0.7614399 
0.7512180 
0.7530061 
0.7604683 
0.7638909 
0.7616427 
0.7558910 
0.7579307 
0.7623056 
0.7681346 
0.7833396 
0.7764433 
0.7779844 
0.7685747 
0.7652442 
0.7608534 
0.7639046 
0.7621032 
0.7604823 
0.7672370 
0.7674824 
0.7669979 
0.7620324 
0.7670529 
0.7647944 
0.7625898 
0.7563045 
0.7492876 
0.7434835 
0.7422904 
0.7392105 
0.7398913 
0.7415529 
0.7477789 
0.7514333 
0.7549252 
0.7509647 
0.7507807 
0.7496938 
0.7374223 
0.7233790 
0.7150101 
0.7176574 
0.7244133 
0.7359314 
0.7425342 
0.7454756 
0.7485479 
0.7426437 
0.7488620 
0.7595876 
0.7676206 
0.7655037 
0.7656744 
0.7635180 
0.7521542 
0.7458988 
0.7441688 
0.7445508 
0.7379674 
0.7344375 
0.7271417 
0.7192678 
0.7178708 
0.7092761 
0.7090837 
0.7168613 
0.7206618 
0.7176665 
0.7139228 
0.7150668 
0.7133661 
0.7112719 
0.7187035 
0.7291073 
0.7349942 
0.7363658 
0.7426498 
0.7429545 
0.7344611 
0.7292292 
0.7342586 
0.7296714 
0.7245202 
0.7139821 
0.7082859 
0.7067293 
0.7077631 
0.7058550 
0.7033069 
0.7026800 
0.7017227 
0.7055255 
0.7127640 
0.7115990 
0.7085341 
0.7058565 
0.6941561 
0.6835646 
0.6976258 
0.7005534 
0.7081693 
0.7117596 
0.7119243 
0.7099571 
0.7016632 
0.7033778 
0.7091010 
0.7126384 
0.7080520 
0.7044987 
0.7080971 
0.7169807 
0.7116903 
0.7074241 
0.6998324 
0.6870400 
0.6844238 
0.6865835 
0.6821618 
0.6891849 
0.6830897 
0.6872045 
0.6886360 
0.6926092 
0.6886115 
0.6895502 
0.6927953 
0.6909567 
0.6896665 
0.6983293 
0.6999336 
0.7022984 
0.7018043 
0.7133745 
0.7167064 
0.7203188 
0.7154049 
0.7158002 
0.7148452 
0.7019997 
0.6930097 
0.6992149 
0.6932609 
0.6857673 
0.6764943 
0.6750374 
0.6719119 
0.6722132 
0.6691231 
0.6650322 
0.6698684 
0.6839528 
0.6932839 
0.7024322 
0.7155529 
0.7323895 
0.7275270 
0.7199427 
0.7181187 
0.7087217 
0.7021902 
0.6964279 
0.6890775 
0.6709373 
0.6595082 
0.6547203 
0.6533575 
0.6481788 
0.6466354 
0.6478784 
0.6480523 
0.6457307 
0.6444622 
0.6505591 
0.6633247 
0.6744329 
0.6803483 
0.6834302 
0.6862268 
0.6957386 
0.7014237 
0.7067013 
0.7054678 
0.7039775 
0.6904418 
0.6746944 
0.6681415 
0.6587621 
0.6518327 
0.6493519 
0.6511504 
0.6535990 
0.6574162 
0.6546480 
0.6590891 
0.6501743 
0.6456708 
0.6428696 
0.6378278 
0.6362721 
0.6384013 
0.6534122 
0.6604761 
0.6778547 
0.6896736 
0.6904802 
0.6971339 
0.6992758 
0.7015381 
0.6951638 
0.6889300 
0.6803694 
0.6780015 
0.6706992 
0.6582232 
0.6574779 
0.6453196 
0.6382280 
0.6324155 
0.6322066 
0.6289276 
0.6289062 
0.6358400 
0.6436148 
0.6512384 
0.6503201 
0.6538600 
0.6544449 
0.6565389 
0.6578272 
0.6693461 
0.6784189 
0.6810374 
0.6766954 
0.6710391 
0.6579615 
0.6484751 
0.6440330 
0.6314713 
0.6259046 
0.6227575 
0.6199643 
0.6204261 
0.6205056 
0.6269127 
0.6301344 
0.6373739 
0.6426765 
0.6494170 
0.6464048 
0.6455479 
0.6465043 
0.6474151 
0.6481643 
0.6458611 
0.6519555 
0.6493843 
0.6458514 
0.6438934 
0.6455915 
0.6382395 
0.6386206 
0.6374673 
0.6352334 
0.6157569 
0.6097126 
0.6001619 
0.5926637 
0.5874695 
0.5904602 
0.5924397 
0.6054610 
0.6083575 
0.6180320 
0.6197401 
0.6169106 
0.6146228 
0.6219852 
0.6282336 
0.6328511 
0.6355790 
0.6358534 
0.6322929 
0.6274872 
0.6188793 
0.6098716 
0.6029723 
0.6038505 
0.6018277 
0.5962448 
0.5916614 
0.5753899 
0.5722653 
0.5717816 
0.5717233 
0.5687368 
0.5810138 
0.5805109 
0.5854953 
0.5971881 
0.5977391 
0.6066483 
0.6114137 
0.6127507 
0.6196138 
0.6287387 
0.6370315 
0.6358052 
0.6344302 
0.6346462 
0.6244401 
0.6191362 
0.6179716 
0.6086596 
0.6044074 
0.5943560 
0.5858137 
0.5811658 
0.5709087 
0.5636863 
0.5586431 
0.5549531 
0.5590187 
0.5541938 
0.5630647 
0.5680179 
0.5743880 
0.5820391 
0.5928794 
0.6008193 
0.6034690 
0.6044564 
0.5999933 
0.6033038 
0.6046771 
0.6108068 
0.6089771 
0.6024820 
0.5998358 
0.5958859 
0.5938929 
0.5849299 
0.5810384 
0.5716395 
0.5615312 
0.5610504 
0.5693829 
0.5636437 
0.5603051 
0.5544732 
0.5575304 
0.5530521 
0.5593588 
0.5591180 
0.5682772 
0.5632015 
0.5675464 
0.5746693 
0.5816559 
0.5855430 
0.5872332 
0.5911453 
0.5942969 
0.5909824 
0.5913728 
0.5890427 
0.5852826 
0.5770380 
0.5740384 
0.5714410 
0.5649997 
0.5607915 
0.5518555 
0.5453315 
0.5450888 
0.5410154 
0.5384726 
0.5436696 
0.5433829 
0.5353386 
0.5279247 
0.5371435 
0.5333814 
0.5377609 
0.5456943 
0.5427674 
0.5499906 
0.5448012 
0.5419545 
0.5460391 
0.5469699 
0.5447879 
0.5397428 
0.5335647 
0.5325105 
0.5299322 
0.5239289 
0.5228581 
0.5212728 
0.5249986 
0.5386027 
0.5389834 
0.5381974 
0.5342917 
0.5304566 
0.5355837 
0.5252440 
0.5246799 
0.5274238 
0.5266006 
0.5198314 
0.5235825 
0.5260083 
0.5198995 
0.5126655 
0.5110759 
0.5087480 
0.5144063 
0.5114411 
0.5074153 
0.4963028 
0.5033741 
0.5045863 
0.5040680 
0.5058830 
0.5041559 
0.5025252 
0.5131193 
0.5158014 
0.5063276 
0.4970768 
0.4896578 
0.4932942 
0.4889887 
0.4893759 
0.4822705 
0.4961867 
0.4931831 
0.4943901 
0.5005096 
0.4903118 
0.4824945 
0.4824775 
0.4922213 
0.4926419 
0.5030352 
0.5054290 
0.5100919 
0.5044675 
0.5035361 
0.5075017 
0.5057407 
0.4962744 
0.4939923 
0.5027401 
0.4928925 
0.4874974 
0.4783198 
0.4863169 
0.4790778 
0.4872903 
0.4901178 
0.4845680 
0.4874387 
0.4943812 
0.4929389 
0.5008192 
0.4919899 
0.4960418 
0.5001757 
0.5137636 
0.5164636 
0.5161868 
0.5076249 
0.5035059 
0.5077628 
0.5127388 
0.5129055 
0.5089787 
0.5056690 
0.5080308 
0.5038806 
0.5012729 
0.4945681 
0.4785415 
0.4737198 
0.4645657 
0.4606021 
0.4613110 
0.4676298 
0.4627880 
0.4636225 
0.4718369 
0.4750043 
0.4809799 
0.4870556 
0.4933161 
0.4888399 
0.4805691 
0.4856638 
0.4883039 
0.4913587 
0.4871110 
0.4752086 
0.4747867 
0.4630195 
0.4562377 
0.4626103 
0.4708406 
0.4792353 
0.4733443 
0.4699399 
0.4767306 
0.4823016 
0.4802082 
0.4811740 
0.4800134 
0.4822818 
0.4890808 
0.4990597 
0.5005654 
0.4945368 
0.4848645 
0.4849270 
0.4913150 
0.4948404 
0.4901995 
0.4835578 
0.4854137 
0.4797277 
0.4826974 
0.4768368 
0.4860330 
0.4946001 
0.4939764 
0.4866983 
0.4842341 
0.4870066 
0.4978698 
0.4965499 
0.4996097 
0.4972336 
0.4998386 
0.4898817 
0.4908761 
0.4914874 
0.4946692 
0.4908548 
0.4851019 
0.4828185 
0.4827555 
0.4785902 
0.4822917 
0.4855001 
0.4679066 
0.4646526 
0.4592478 
0.4607393 
0.4660472 
0.4748392 
0.4716991 
0.4704305 
0.4715343 
0.4697183 
0.4755763 
0.4799566 
0.4809006 
0.4706074 
0.4638998 
0.4541294 
0.4546647 
0.4555794 
0.4546964 
0.4520947 
0.4504621 
0.4531581 
0.4591281 
0.4653590 
0.4707875 
0.4802379 
0.4756704 
0.4726599 
0.4674052 
0.4581087 
0.4584105 
0.4526911 
0.4459543 
0.4510649 
0.4489139 
0.4471979 
0.4429964 
0.4470598 
0.4522631 
0.4586604 
0.4573641 
0.4513819 
0.4392477 
0.4337377 
0.4313514 
0.4314936 
0.4406357 
0.4480730 
0.4499452 
0.4520369 
0.4503397 
0.4510695 
0.4586670 
0.4683907 
0.4627096 
0.4498191 
0.4407432 
0.4377089 
0.4415388 
0.4416197 
0.4420803 
0.4472094 
0.4431565 
0.4435257 
0.4410818 
0.4480821 
0.4425438 
0.4430974 
0.4393205 
0.4433322 
0.4353127 
0.4436375 
0.4382747 
0.4426524 
0.4435978 
0.4478618 
0.4456001 
0.4489594 
0.4448986 
0.4391619 
0.4317752 
0.4392191 
0.4416849 
0.4423976 
0.4351668 
0.4336872 
0.4339292 
0.4434283 
0.4417297 
0.4438438 
0.4402537 
0.4335900 
0.4307514 
0.4133749 
0.4125918 
0.4140711 
0.4246035 
0.4353488 
0.4331301 
0.4226144 
0.4227515 
0.4163928 
0.4200031 
0.4292260 
0.4290223 
0.4225268 
0.4259501 
0.4243244 
0.4275798 
0.4239018 
0.4296739 
0.4358809 
0.4400407 
0.4407861 
0.4332941 
0.4302026 
0.4350353 
0.4331180 
0.4243329 
0.4252103 
0.4154577 
0.4180018 
0.4202718 
0.4205457 
0.4177370 
0.4164770 
0.4238292 
0.4222751 
0.4165107 
0.4035303 
0.4029901 
0.3954219 
0.3942150 
0.3945075 
0.3935465 
0.3906606 
0.3956312 
0.3903839 
0.3869759 
0.3931711 
0.3984633 
0.4014809 
0.4032218 
0.4091325 
0.4097205 
0.4038359 
0.4022113 
0.3977397 
0.3878812 
0.3857524 
0.3849221 
0.3795607 
0.3765534 
0.3735908 
0.3819683 
0.3891947 
0.3952024 
0.4004827 
0.4028850 
0.3992146 
0.3952289 
0.3888348 
0.3908171 
0.3894191 
0.3850986 
0.3837576 
0.3808899 
0.3751375 
0.3732546 
0.3766164 
0.3839726 
0.3877985 
0.3909395 
0.3898845 
0.3883811 
0.3916782 
0.4011217 
0.3959889 
0.4007518 
0.3869640 
0.3850113 
0.3808430 
0.3748647 
0.3775220 
0.3748577 
0.3775038 
0.3784592 
0.3787884 
0.3727152 
0.3766148 
0.3810455 
0.3840490 
0.3812793 
0.3818960 
0.3804912 
0.3768200 
0.3679146 
0.3616890 
0.3590071 
0.3606630 
0.3637652 
0.3610114 
0.3603538 
0.3584769 
0.3598913 
0.3609306 
0.3687072 
0.3664782 
0.3615130 
0.3582043 
0.3614412 
0.3583237 
0.3669539 
0.3694244 
0.3664301 
0.3654046 
0.3605487 
0.3636404 
0.3578568 
0.3600812 
0.3696746 
0.3823407 
0.3898634 
0.3946220 
0.3948916 
0.3880399 
0.3763291 
0.3685040 
0.3606900 
0.3646913 
0.3621719 
0.3603855 
0.3580458 
0.3605176 
0.3627314 
0.3682859 
0.3643868 
0.3623039 
0.3586784 
0.3620544 
0.3590487 
0.3581814 
0.3513643 
0.3538193 
0.3459997 
0.3451911 
0.3537162 
0.3558331 
0.3547008 
0.3510302 
0.3464771 
0.3373774 
0.3407539 
0.3459125 
0.3416712 
0.3409565 
0.3426022 
0.3377899 
0.3356638 
0.3375463 
0.3366936 
0.3379156 
0.3327269 
0.3317546 
0.3299418 
0.3325028 
0.3355918 
0.3404948 
0.3399145 
0.3386474 
0.3327067 
0.3263107 
0.3244482 
0.3222646 
0.3288198 
0.3349104 
0.3378995 
0.3346648 
0.3368178 
0.3330723 
0.3365467 
0.3335395 
0.3341880 
0.3305967 
0.3302948 
0.3257580 
0.3204730 
0.3091669 
0.3058931 
0.2984936 
0.2969584 
0.2973610 
0.3031944 
0.3100053 
0.3079142 
0.3136634 
0.3211607 
0.3168408 
0.3379397 
0.3451455 
0.3497850 
0.3499814 
0.3512881 
0.3519334 
0.3405135 
0.3322155 
0.3286435 
0.3266629 
0.3254162 
0.3206041 
0.3120438 
0.3148531 
0.3168534 
0.3131334 
0.3093898 
0.3049365 
0.3076291 
0.3016287 
0.2979278 
0.2995050 
0.3069351 
0.3119539 
0.3086818 
0.3114056 
0.3089246 
0.3028411 
0.2961467 
0.2917367 
0.2936999 
0.2863791 
0.2870952 
0.2893768 
0.2935061 
0.2987648 
0.3060899 
0.3013041 
0.2976698 
0.2997793 
0.3044486 
0.3044434 
0.3075967 
0.3119069 
0.3113618 
0.3109553 
0.3048282 
0.2974367 
0.2906492 
0.2886209 
0.2848387 
0.2841885 
0.2868662 
0.2939753 
0.3026750 
0.2992986 
0.2969675 
0.2963773 
0.2970995 
0.3047284 
0.3090460 
0.2991580 
0.2914485 
0.2832117 
0.2807175 
0.2814670 
0.2806684 
0.2775058 
0.2743416 
0.2798134 
0.2809140 
0.2770691 
0.2798072 
0.2776597 
0.2719408 
0.2725767 
0.2721423 
0.2744197 
0.2668213 
0.2706585 
0.2679819 
0.2641874 
0.2602846 
0.2508172 
0.2488281 
0.2441187 
0.2418724 
0.2400054 
0.2408039 
0.2449945 
0.2446170 
0.2515584 
0.2613011 
0.2729059 
0.2772197 
0.2735988 
0.2721613 
0.2732136 
0.2659621 
0.2599865 
0.2563310 
0.2557633 
0.2481499 
0.2469990 
0.2464764 
0.2480027 
0.2440438 
0.2410283 
0.2422637 
0.2346940 
0.2272024 
0.2273749 
0.2312607 
0.2395480 
0.2405714 
0.2381063 
0.2480096 
0.2463273 
0.2436761 
0.2408717 
0.2532495 
0.2538006 
0.2599217 
0.2538482 
0.2472281 
0.2320829 
0.2303465 
0.2357733 
0.2384683 
0.2383027 
0.2340195 
0.2331098 
0.2317262 
0.2337353 
0.2293350 
0.2246317 
0.2316371 
0.2372844 
0.2395974 
0.2435049 
0.2382701 
0.2383890 
0.2396286 
0.2330326 
0.2288189 
0.2280151 
0.2241527 
0.2261764 
0.2299826 
0.2297094 
0.2324933 
0.2353560 
0.2258895 
0.2303673 
0.2273061 
0.2256710 
0.2185355 
0.2195877 
0.2125685 
0.2199139 
0.2196475 
0.2176772 
0.2144558 
0.2142757 
0.2158187 
0.2072142 
0.2048046 
0.2013848 
0.2028516 
0.2037954 
0.2012065 
0.2001356 
0.2021994 
0.2011871 
0.1969665 
0.2018871 
0.2011463 
0.1965741 
0.1893498 
0.1897750 
0.1960871 
0.2027557 
0.2128462 
0.2127898 
0.2136817 
0.2024987 
0.1952515 
0.1901253 
0.1853043 
0.1868967 
0.1847061 
0.1833247 
0.1783869 
0.1756438 
0.1751633 
0.1719940 
0.1705163 
0.1724053 
0.1820055 
0.1849613 
0.1865109 
0.1865995 
0.1926760 
0.1943182 
0.1859135 
0.1968330 
0.2130054 
0.2294502 
0.2284950 
0.2281137 
0.2246925 
0.2137223 
0.2012152 
0.1963355 
0.1935652 
0.1860230 
0.1840357 
0.1857457 
0.1869517 
0.1834869 
0.1837296 
0.1846459 
0.1773717 
0.1751295 
0.1805106 
0.1835042 
0.1853536 
0.1901956 
0.1899772 
0.1921434 
0.1908568 
0.1883323 
0.1937760 
0.1852004 
0.1839742 
0.1804570 
0.1761577 
0.1659006 
0.1657043 
0.1621958 
0.1571544 
0.1610354 
0.1695243 
0.1692082 
0.1689230 
0.1689746 
0.1676708 
0.1694124 
0.1751323 
0.1763606 
0.1810086 
0.1865266 
0.1800668 
0.1812497 
0.1792164 
0.1703318 
0.1645915 
0.1641074 
0.1570264 
0.1528799 
0.1501790 
0.1476191 
0.1463959 
0.1467904 
0.1475801 
0.1433775 
0.1413837 
0.1379424 
0.1351400 
0.1449577 
0.1433630 
0.1382263 
0.1449390 
0.1444946 
0.1489644 
0.1469379 
0.1467830 
0.1381376 
0.1363719 
0.1386307 
0.1405461 
0.1386835 
0.1428159 
0.1388987 
0.1394147 
0.1352909 
0.1368185 
0.1341596 
0.1319145 
0.1359823 
0.1386042 
0.1367863 
0.1390038 
0.1404826 
0.1450124 
0.1481521 
0.1476134 
0.1594459 
0.1587486 
0.1541083 
0.1558069 
0.1568135 
0.1434262 
0.1337733 
0.1291106 
0.1336905 
0.1366337 
0.1285857 
0.1284467 
0.1273593 
0.1239320 
0.1224566 
0.1239448 
0.1297684 
0.1205118 
0.1186169 
0.1151226 
0.1160496 
0.1102477 
0.1086678 
0.1089541 
0.1103588 
0.1091103 
0.1246970 
0.1237769 
0.1281219 
0.1280182 
0.1266597 
0.1180968 
0.1192672 
0.1217229 
0.1270540 
0.1306692 
0.1297758 
0.1264188 
0.1213883 
0.1259767 
0.1302859 
0.1352012 
0.1371258 
0.1298008 
0.1240272 
0.1186098 
0.1202668 
0.1184431 
0.1253230 
0.1247024 
0.1310491 
0.1333690 
0.1344290 
0.1331631 
0.1318632 
0.1274076 
0.1003872 
0.0978440 
0.1008269 
0.1038826 
0.1020193 
0.1024974 
0.1022640 
0.1040984 
0.1081495 
0.1116334 
0.1130909 
0.1169680 
0.1165300 
0.1225252 
0.1210936 
0.1191365 
0.1213706 
0.1128600 
0.1077522 
0.1069902 
0.1024968 
0.1021742 
0.0992097 
0.0976529 
0.0924988 
0.0878369 
0.0861080 
0.0820375 
0.0827053 
0.0896261 
0.0866526 
0.0835803 
0.0683152 
0.0657175 
0.0698055 
0.0790816 
0.0788627 
0.0807341 
0.0786088 
0.0823380 
0.0919470 
0.0831173 
0.0871205 
0.0913092 
0.0925811 
0.0973416 
0.1012678 
0.1004567 
0.0939739 
0.0917584 
0.0890098 
0.0898691 
0.0946855 
0.0909962 
0.0662766 
0.0549854 
0.0552188 
0.0534300 
0.0565956 
0.0567824 
0.0543317 
0.0580731 
0.0549348 
0.0524502 
0.0493303 
0.0580371 
0.0619916 
0.0568018 
0.0534358 
0.0571163 
0.0616813 
0.0718514 
0.0778676 
0.0818423 
0.0812746 
0.0775741 
0.0776909 
0.0817081 
0.0908791 
0.0911118 
0.0822984 
0.0808538 
0.0748758 
0.0747860 
0.0665447 
0.0603239 
0.0523518 
0.0472738 
0.0442971 
0.0421802 
0.0425256 
0.0459209 
0.0541441 
0.0608808 
0.0581292 
0.0585086 
0.0564689 
0.0535001 
0.0517027 
0.0491015 
0.0566634 
0.0570484 
0.0551311 
0.0554031 
0.0540662 
0.0567313 
0.0677568 
0.0704471 
0.0662969 
0.0608964 
0.0560201 
0.0531750 
0.0534781 
0.0524705 
0.0443935 
0.0408301 
0.0309556 
0.0299325 
0.0306515 
0.0199298 
0.0165097 
0.0157145 
0.0248684 
0.0297120 
0.0325128 
0.0436186 
0.0436353 
0.0456304 
0.0498048 
0.0412141 
0.0447885 
0.0499485 
0.0542634 
0.0598002 
0.0563776 
0.0491046 
0.0408758 
0.0285331 
0.0147432 
0.0087644 
0.0000000 
0.0010263 
0.0001491 
0.0078465 
0.0106401 
0.0118992 
0.0151273 
0.0155286 
0.0080844 
0.0135162 
0.0100194 
0.0133695 
0.0155821 
0.0193059 
0.0256625 
0.0376760 
0.0471262 
0.0474915 
0.0519223 
0.0480063 
0.0446678 
0.0396919 
0.0283543 
0.0268964 
0.0216527 
