-0.0000055 
0.0001286 
-0.0001158 
-0.1876489 
-0.1763642 
0.0564790 
0.9927504 
0.9856752 
0.9891841 
0.9912797 
0.9900571 
0.9867430 
0.9968794 
1.0000000 
0.9932261 
0.9926328 
0.9977395 
0.9926694 
0.9863831 
0.9932195 
0.9841945 
0.9857544 
0.9801365 
0.9896049 
0.9838495 
0.9867059 
0.9837094 
0.9857222 
0.9876449 
0.9820342 
0.9836135 
0.9725879 
0.9803474 
0.9814812 
0.9760443 
0.9774230 
0.9765031 
0.9785596 
0.9809875 
0.9855901 
0.9776518 
0.9788103 
0.9732545 
0.9725451 
0.9689032 
0.9735091 
0.9750461 
0.9790917 
0.9716590 
0.9730771 
0.9709531 
0.9671878 
0.9690513 
0.9655398 
0.9628128 
0.9570140 
0.9482463 
0.9520983 
0.9509795 
0.9600868 
0.9431792 
0.9524173 
0.9436607 
0.9463752 
0.9543471 
0.9512307 
0.9447172 
0.9466917 
0.9439651 
0.9444240 
0.9460716 
0.9372002 
0.9385181 
0.9329742 
0.9415239 
0.9451539 
0.9364192 
0.9472414 
0.9414525 
0.9373654 
0.9444359 
0.9483834 
0.9618305 
0.9588401 
0.9465370 
0.9523508 
0.9405362 
0.9409381 
0.9296257 
0.9337516 
0.9255981 
0.9273757 
0.9262394 
0.9253896 
0.9309057 
0.9258473 
0.9376596 
0.9357776 
0.9331504 
0.9286873 
0.9318434 
0.9233393 
0.9231849 
0.9316779 
0.9279374 
0.9387135 
0.9465677 
0.9372730 
0.9338729 
0.9418894 
0.9430328 
0.9313006 
0.9306703 
0.9299542 
0.9243020 
0.9212165 
0.9209075 
0.9224060 
0.9174140 
0.9246574 
0.9247931 
0.9287477 
0.9219510 
0.9151018 
0.9113336 
0.9099379 
0.9072109 
0.9099127 
0.9091568 
0.9129939 
0.9064568 
0.9105355 
0.9102897 
0.9081105 
0.9059021 
0.9085474 
0.9160439 
0.9200459 
0.9230165 
0.9246162 
0.9122919 
0.9107566 
0.9070328 
0.9068938 
0.9120506 
0.9030179 
0.9141316 
0.9171530 
0.9248357 
0.9222724 
0.9176275 
0.9124208 
0.9068412 
0.9010401 
0.9036413 
0.9083963 
0.9035009 
0.9047432 
0.9103186 
0.9053762 
0.9069337 
0.9016864 
0.9007051 
0.9008052 
0.8969674 
0.8954816 
0.8979143 
0.9024254 
0.9091334 
0.9082289 
0.8983409 
0.9030024 
0.9078099 
0.9032585 
0.9055456 
0.9020645 
0.9007424 
0.8982436 
0.8969631 
0.8917744 
0.8957488 
0.8994230 
0.8965908 
0.8964515 
0.8881612 
0.8865135 
0.8858056 
0.8904989 
0.8908945 
0.8959860 
0.8929377 
0.8976998 
0.8993423 
0.8907302 
0.8940031 
0.8980698 
0.8945937 
0.8966908 
0.8953196 
0.9009236 
0.9000427 
0.9010485 
0.9008965 
0.9010082 
0.8959122 
0.8940477 
0.9007077 
0.8959011 
0.8905716 
0.8874988 
0.8849731 
0.8795957 
0.8927299 
0.8897740 
0.8839465 
0.9013990 
0.8957622 
0.8859300 
0.9065122 
0.9076652 
0.8978112 
0.9084883 
0.9036831 
0.9102820 
0.8970846 
0.8947291 
0.9058509 
0.8942750 
0.8987010 
0.8928705 
0.8981375 
0.8884273 
0.8920477 
0.8848365 
0.8838214 
0.8828774 
0.8818048 
0.8779694 
0.8800530 
0.8760631 
0.8814416 
0.8686500 
0.8691192 
0.8630581 
0.8588094 
0.8539388 
0.8558695 
0.8574374 
0.8537549 
0.8576465 
0.8522527 
0.8560516 
0.8556945 
0.8614989 
0.8521766 
0.8556845 
0.8562581 
0.8583473 
0.8595812 
0.8525959 
0.8661136 
0.8572658 
0.8581013 
0.8597957 
0.8651962 
0.8646211 
0.8631898 
0.8635180 
0.8616263 
0.8652762 
0.8571594 
0.8592916 
0.8517685 
0.8550501 
0.8545412 
0.8644320 
0.8620489 
0.8527627 
0.8608079 
0.8540635 
0.8530370 
0.8489356 
0.8577821 
0.8538741 
0.8480979 
0.8537173 
0.8568646 
0.8492405 
0.8597556 
0.8629449 
0.8567787 
0.8535798 
0.8642141 
0.8584579 
0.8550912 
0.8583048 
0.8594875 
0.8531315 
0.8517023 
0.8592006 
0.8533726 
0.8557045 
0.8535232 
0.8497812 
0.8482819 
0.8521279 
0.8442858 
0.8548931 
0.8540565 
0.8533635 
0.8520630 
0.8520257 
0.8415103 
0.8483452 
0.8557876 
0.8545138 
0.8526168 
0.8511929 
0.8497068 
0.8488644 
0.8434921 
0.8443401 
0.8448908 
0.8552318 
0.8413419 
0.8515836 
0.8490373 
0.8496471 
0.8445620 
0.8565070 
0.8475887 
0.8475984 
0.8393951 
0.8426662 
0.8405717 
0.8449140 
0.8490755 
0.8408285 
0.8429676 
0.8479181 
0.8479858 
0.8443875 
0.8415185 
0.8445323 
0.8450620 
0.8510670 
0.8441921 
0.8422258 
0.8416491 
0.8470844 
0.8369747 
0.8443453 
0.8460905 
0.8481801 
0.8489153 
0.8455566 
0.8428425 
0.8449044 
0.8357864 
0.8352737 
0.8360856 
0.8378562 
0.8361572 
0.8364618 
0.8344140 
0.8254292 
0.8300685 
0.8266911 
0.8341663 
0.8298221 
0.8365111 
0.8213129 
0.8134535 
0.8205073 
0.8166842 
0.8162889 
0.8148359 
0.8239135 
0.8287736 
0.8259025 
0.8314740 
0.8218686 
0.8237434 
0.8321368 
0.8366041 
0.8298879 
0.8195605 
0.8240299 
0.8206058 
0.8282064 
0.8319233 
0.8376974 
0.8315222 
0.8273467 
0.8221170 
0.8242259 
0.8284179 
0.8284663 
0.8307197 
0.8269577 
0.8192908 
0.8169691 
0.8136488 
0.8120155 
0.8245256 
0.8283367 
0.8252834 
0.8253188 
0.8231524 
0.8212723 
0.8266982 
0.8263675 
0.8290008 
0.8202123 
0.8177863 
0.8128396 
0.8173095 
0.8148388 
0.8244930 
0.8282853 
0.8213049 
0.8237320 
0.8237106 
0.8267341 
0.8238034 
0.8171006 
0.8109809 
0.8134188 
0.8146543 
0.8098344 
0.8127781 
0.8112911 
0.8135005 
0.8135493 
0.8123664 
0.8107424 
0.8108013 
0.8119294 
0.8145025 
0.8171190 
0.8096265 
0.8048984 
0.8024027 
0.7953711 
0.8036270 
0.8000566 
0.7961954 
0.7994238 
0.7925905 
0.7876508 
0.7929079 
0.7954592 
0.7953258 
0.8048297 
0.7963154 
0.8051327 
0.8011534 
0.8058597 
0.8027160 
0.7956932 
0.8012425 
0.8023980 
0.8009776 
0.8100908 
0.7984750 
0.8025010 
0.8028485 
0.7984649 
0.7948750 
0.7849671 
0.7872135 
0.7813121 
0.7807368 
0.7788381 
0.7721294 
0.7902651 
0.7919023 
0.7903992 
0.7973496 
0.7978316 
0.7856087 
0.7922246 
0.7921542 
0.7886932 
0.7888517 
0.7904786 
0.7952477 
0.7956789 
0.7938489 
0.7911050 
0.7915809 
0.7896993 
0.7921697 
0.7954379 
0.7923457 
0.7899528 
0.7853945 
0.7893935 
0.7926112 
0.7923533 
0.7955127 
0.8047976 
0.7956192 
0.7858472 
0.7839053 
0.7806892 
0.7819317 
0.7778781 
0.7770801 
0.7790009 
0.7856032 
0.7855954 
0.7846466 
0.7824738 
0.7813922 
0.7832857 
0.7757604 
0.7722460 
0.7755451 
0.7823269 
0.7734981 
0.7769179 
0.7779237 
0.7802610 
0.7772876 
0.7815729 
0.7783867 
0.7798867 
0.7743212 
0.7753417 
0.7724566 
0.7745501 
0.7764373 
0.7807613 
0.7794609 
0.7793304 
0.7780141 
0.7827585 
0.7855586 
0.7866642 
0.7845222 
0.7871441 
0.7851651 
0.7815715 
0.7776427 
0.7823900 
0.7809005 
0.7864268 
0.7884057 
0.7930434 
0.7925636 
0.7884859 
0.7882892 
0.7875531 
0.7816722 
0.7788691 
0.7818259 
0.7817113 
0.7823283 
0.7794056 
0.7746863 
0.7735191 
0.7769275 
0.7780635 
0.7772501 
0.7755187 
0.7743543 
0.7762868 
0.7721063 
0.7766807 
0.7744131 
0.7684492 
0.7678256 
0.7766932 
0.7720907 
0.7740174 
0.7791835 
0.7781651 
0.7776002 
0.7691258 
0.7633759 
0.7571280 
0.7597336 
0.7643509 
0.7715649 
0.7677117 
0.7670872 
0.7625473 
0.7598646 
0.7603671 
0.7585408 
0.7555420 
0.7509419 
0.7522090 
0.7506830 
0.7491993 
0.7494653 
0.7458630 
0.7446717 
0.7383338 
0.7418834 
0.7327512 
0.7365355 
0.7335276 
0.7384839 
0.7418392 
0.7442229 
0.7389874 
0.7402943 
0.7441269 
0.7460856 
0.7472921 
0.7469554 
0.7578349 
0.7520649 
0.7463793 
0.7521495 
0.7533753 
0.7515791 
0.7482201 
0.7414915 
0.7442717 
0.7368628 
0.7330218 
0.7284154 
0.7437113 
0.7456945 
0.7458652 
0.7495673 
0.7508822 
0.7459404 
0.7424176 
0.7499484 
0.7504722 
0.7423100 
0.7403827 
0.7383359 
0.7334926 
0.7313995 
0.7343845 
0.7357717 
0.7333261 
0.7338228 
0.7287054 
0.7294252 
0.7348133 
0.7322692 
0.7336242 
0.7316821 
0.7300942 
0.7193409 
0.7256426 
0.7273202 
0.7254072 
0.7260584 
0.7287076 
0.7276218 
0.7333814 
0.7276419 
0.7269236 
0.7226908 
0.7171812 
0.7162155 
0.7216321 
0.7268293 
0.7286838 
0.7349526 
0.7272179 
0.7327072 
0.7321265 
0.7348279 
0.7416700 
0.7381358 
0.7382091 
0.7429460 
0.7491301 
0.7500812 
0.7507772 
0.7469336 
0.7453473 
0.7453421 
0.7436453 
0.7506093 
0.7465871 
0.7413575 
0.7407845 
0.7423742 
0.7364400 
0.7335854 
0.7321660 
0.7352732 
0.7240925 
0.7322292 
0.7329418 
0.7241524 
0.7159425 
0.7152530 
0.7125422 
0.7244495 
0.7227876 
0.7195937 
0.7153221 
0.7148730 
0.7179407 
0.7160707 
0.7160798 
0.7126874 
0.7071703 
0.7024100 
0.6988737 
0.6995205 
0.6972236 
0.7016832 
0.7006727 
0.6997460 
0.7027951 
0.7024669 
0.7130005 
0.7074485 
0.7067032 
0.7057000 
0.7100455 
0.7080957 
0.7065590 
0.7009806 
0.6890289 
0.6881238 
0.6876932 
0.6850965 
0.6860709 
0.6878543 
0.6898008 
0.6918068 
0.6953510 
0.6913814 
0.6944759 
0.7057727 
0.7067494 
0.7034303 
0.7101718 
0.7161878 
0.7087030 
0.7007199 
0.7017173 
0.7026787 
0.6925668 
0.6870929 
0.6834028 
0.6861894 
0.6815629 
0.6883461 
0.6860778 
0.6841982 
0.6894807 
0.6881814 
0.6875036 
0.6852044 
0.6914887 
0.7018877 
0.7070297 
0.7084714 
0.7179865 
0.7137250 
0.7213282 
0.7229323 
0.7288357 
0.7234118 
0.7292638 
0.7138521 
0.7022451 
0.7086246 
0.7036750 
0.6937507 
0.6910517 
0.6938036 
0.6895342 
0.6860577 
0.6777254 
0.6736813 
0.6726830 
0.6748146 
0.6608760 
0.6741356 
0.6632269 
0.6614027 
0.6640153 
0.6662284 
0.6648593 
0.6666058 
0.6709223 
0.6699775 
0.6765030 
0.6809761 
0.6905481 
0.6906102 
0.6858495 
0.6840430 
0.6876341 
0.6807659 
0.6830620 
0.6907281 
0.6797420 
0.6731912 
0.6747641 
0.6858312 
0.6771226 
0.6794611 
0.6800278 
0.6757180 
0.6704001 
0.6868026 
0.6841883 
0.6870242 
0.6793071 
0.6835939 
0.6795573 
0.6790227 
0.6741735 
0.6645749 
0.6655092 
0.6601495 
0.6606672 
0.6676499 
0.6625058 
0.6658514 
0.6698468 
0.6784589 
0.6739277 
0.6723881 
0.6737479 
0.6683330 
0.6677020 
0.6636628 
0.6659081 
0.6663649 
0.6565995 
0.6596997 
0.6669365 
0.6754261 
0.6787715 
0.6713460 
0.6635922 
0.6598559 
0.6596522 
0.6510792 
0.6532275 
0.6530057 
0.6532816 
0.6585348 
0.6525584 
0.6547515 
0.6495725 
0.6617437 
0.6678599 
0.6631090 
0.6574267 
0.6574401 
0.6577531 
0.6642512 
0.6582521 
0.6529178 
0.6500353 
0.6504324 
0.6517375 
0.6592178 
0.6662781 
0.6617012 
0.6517282 
0.6519937 
0.6552747 
0.6612452 
0.6576067 
0.6489434 
0.6528566 
0.6574272 
0.6549910 
0.6586165 
0.6588820 
0.6563083 
0.6583549 
0.6491938 
0.6445358 
0.6401055 
0.6373198 
0.6466927 
0.6482038 
0.6601963 
0.6603540 
0.6659632 
0.6614340 
0.6577082 
0.6544392 
0.6507546 
0.6458401 
0.6459743 
0.6464332 
0.6534911 
0.6571024 
0.6507828 
0.6437728 
0.6353453 
0.6321116 
0.6344695 
0.6378925 
0.6433649 
0.6449733 
0.6484293 
0.6548625 
0.6611819 
0.6529804 
0.6509335 
0.6473147 
0.6403803 
0.6428467 
0.6446683 
0.6413559 
0.6482088 
0.6473042 
0.6425126 
0.6348830 
0.6271585 
0.6221303 
0.6314552 
0.6300396 
0.6310150 
0.6319578 
0.6312482 
0.6337978 
0.6317012 
0.6242142 
0.6263209 
0.6315874 
0.6363877 
0.6388872 
0.6311575 
0.6245166 
0.6205412 
0.6137144 
0.6101772 
0.6168747 
0.6204032 
0.6203486 
0.6172069 
0.6144912 
0.6225422 
0.6237132 
0.6242503 
0.6236989 
0.6361098 
0.6428255 
0.6407250 
0.6293866 
0.6180901 
0.6140853 
0.6139468 
0.6132668 
0.6171920 
0.6236508 
0.6298609 
0.6285646 
0.6248951 
0.6221425 
0.6237806 
0.6259172 
0.6268405 
0.6355583 
0.6335335 
0.6272638 
0.6199547 
0.6119636 
0.6129017 
0.6151969 
0.6104988 
0.6229745 
0.6274860 
0.6244860 
0.6205745 
0.6186190 
0.6125877 
0.6076791 
0.5969372 
0.6047982 
0.6087324 
0.6150684 
0.6080660 
0.5999527 
0.5983176 
0.6006766 
0.5963304 
0.5936243 
0.5935951 
0.6026081 
0.5939227 
0.5791892 
0.5720299 
0.5774885 
0.5754362 
0.5770588 
0.5838133 
0.5856414 
0.5861357 
0.5833806 
0.5850556 
0.5882910 
0.5876143 
0.5801125 
0.5823445 
0.5804677 
0.5897841 
0.5865383 
0.5923285 
0.5874861 
0.5861834 
0.5854947 
0.5842412 
0.5926005 
0.5973058 
0.5903494 
0.5819068 
0.5879228 
0.5889775 
0.5923154 
0.5900030 
0.5865792 
0.5888965 
0.5852530 
0.5854906 
0.5859876 
0.5893204 
0.5863200 
0.5878716 
0.5898904 
0.5919355 
0.5886911 
0.5857995 
0.5805754 
0.5837969 
0.5835008 
0.5822322 
0.5787540 
0.5790696 
0.5736284 
0.5726514 
0.5709473 
0.5698164 
0.5646064 
0.5665292 
0.5753879 
0.5747279 
0.5754539 
0.5784443 
0.5706416 
0.5664801 
0.5730972 
0.5809313 
0.5860814 
0.5880959 
0.5886439 
0.5867225 
0.5814336 
0.5796444 
0.5703683 
0.5707456 
0.5717576 
0.5708304 
0.5767961 
0.5751111 
0.5705498 
0.5625807 
0.5604703 
0.5606544 
0.5594351 
0.5597474 
0.5616574 
0.5603624 
0.5587890 
0.5590909 
0.5586672 
0.5584577 
0.5595156 
0.5677588 
0.5606192 
0.5492436 
0.5485851 
0.5486639 
0.5500894 
0.5513254 
0.5553584 
0.5546306 
0.5545072 
0.5514332 
0.5503037 
0.5546597 
0.5517493 
0.5517254 
0.5554992 
0.5560321 
0.5451799 
0.5425279 
0.5442041 
0.5433002 
0.5439879 
0.5470824 
0.5485115 
0.5487113 
0.5449895 
0.5462540 
0.5500823 
0.5539256 
0.5488904 
0.5502808 
0.5514021 
0.5487141 
0.5458632 
0.5437947 
0.5497496 
0.5467680 
0.5449290 
0.5467360 
0.5465058 
0.5430390 
0.5449024 
0.5469559 
0.5518847 
0.5526606 
0.5497500 
0.5486618 
0.5535547 
0.5468871 
0.5387314 
0.5358030 
0.5339437 
0.5397020 
0.5426781 
0.5404101 
0.5447169 
0.5422644 
0.5351020 
0.5318377 
0.5222075 
0.5242153 
0.5263639 
0.5268170 
0.5307866 
0.5298839 
0.5376820 
0.5443895 
0.5441238 
0.5444702 
0.5400757 
0.5396721 
0.5435554 
0.5448238 
0.5433423 
0.5345715 
0.5338396 
0.5304520 
0.5335502 
0.5301405 
0.5262972 
0.5256841 
0.5327840 
0.5252802 
0.5211635 
0.5218260 
0.5284343 
0.5309169 
0.5276634 
0.5255249 
0.5317035 
0.5265138 
0.5205175 
0.5211837 
0.5247900 
0.5168679 
0.5137527 
0.5143404 
0.5033326 
0.5059793 
0.5024272 
0.5043053 
0.5034325 
0.5106605 
0.5137738 
0.5191926 
0.5235822 
0.5239038 
0.5142772 
0.5122760 
0.5110792 
0.5148057 
0.5120104 
0.5000357 
0.4973671 
0.5014429 
0.4948169 
0.4907908 
0.4981859 
0.5229657 
0.5330716 
0.5305409 
0.5271934 
0.5250837 
0.5191825 
0.5136718 
0.5073570 
0.5084403 
0.5185060 
0.5209782 
0.5160570 
0.5166217 
0.5142086 
0.5130424 
0.5099683 
0.5065033 
0.5078090 
0.5072284 
0.5059468 
0.5029464 
0.5096879 
0.5123053 
0.5128571 
0.5164435 
0.5158403 
0.5142043 
0.5127406 
0.5146358 
0.5097351 
0.5057412 
0.5048043 
0.5040424 
0.5009637 
0.5006610 
0.4991744 
0.5042402 
0.4952222 
0.4924051 
0.4866826 
0.4865698 
0.4970880 
0.4988511 
0.4966082 
0.5030416 
0.5050334 
0.5023485 
0.5023798 
0.4978725 
0.4939128 
0.4840518 
0.4775917 
0.4773956 
0.4804414 
0.4855397 
0.4828461 
0.4869400 
0.4860173 
0.4821760 
0.4838040 
0.4814154 
0.4804112 
0.4788418 
0.4772660 
0.4732262 
0.4707150 
0.4772437 
0.4739815 
0.4762315 
0.4831133 
0.4898421 
0.4919885 
0.4905736 
0.4939680 
0.4930179 
0.4885228 
0.4811308 
0.4795055 
0.4791922 
0.4773646 
0.4816594 
0.4868660 
0.4918795 
0.4896710 
0.4911488 
0.4904551 
0.4902435 
0.4836592 
0.4738601 
0.4728812 
0.4752312 
0.4765095 
0.4822912 
0.4901587 
0.4946967 
0.4966679 
0.5016587 
0.4961561 
0.4922415 
0.4910218 
0.4799858 
0.4803806 
0.4824068 
0.4812518 
0.4800401 
0.4810970 
0.4812423 
0.4833454 
0.4791783 
0.4775542 
0.4819274 
0.4820419 
0.4815776 
0.4767885 
0.4733720 
0.4774050 
0.4776145 
0.4724689 
0.4673697 
0.4678168 
0.4739123 
0.4724710 
0.4722245 
0.4733480 
0.4738677 
0.4699758 
0.4684598 
0.4705946 
0.4744132 
0.4697821 
0.4648465 
0.4638417 
0.4634754 
0.4575149 
0.4507715 
0.4449217 
0.4519801 
0.4591620 
0.4677435 
0.4711107 
0.4667607 
0.4736420 
0.4720129 
0.4683263 
0.4593210 
0.4616309 
0.4594728 
0.4620594 
0.4681690 
0.4605164 
0.4610421 
0.4622324 
0.4600596 
0.4610460 
0.4620972 
0.4618199 
0.4605393 
0.4672407 
0.4689750 
0.4763441 
0.4783570 
0.4708778 
0.4682053 
0.4632176 
0.4587253 
0.4593448 
0.4534131 
0.4518995 
0.4505154 
0.4457333 
0.4441661 
0.4443382 
0.4429758 
0.4450032 
0.4425842 
0.4468889 
0.4535496 
0.4525710 
0.4550995 
0.4602660 
0.4655598 
0.4650259 
0.4655341 
0.4646670 
0.4626399 
0.4576499 
0.4480388 
0.4449287 
0.4430321 
0.4428653 
0.4462071 
0.4485807 
0.4558799 
0.4592847 
0.4465850 
0.4427835 
0.4387943 
0.4390958 
0.4417977 
0.4436738 
0.4537735 
0.4564853 
0.4532947 
0.4532721 
0.4502862 
0.4520336 
0.4634729 
0.4734992 
0.4751105 
0.4769582 
0.4669575 
0.4558491 
0.4403182 
0.4327322 
0.4238114 
0.4223676 
0.4247591 
0.4317489 
0.4346478 
0.4373417 
0.4388862 
0.4363266 
0.4268339 
0.4262292 
0.4329187 
0.4335974 
0.4410908 
0.4463784 
0.4439946 
0.4396241 
0.4363238 
0.4369856 
0.4314339 
0.4329747 
0.4330515 
0.4310858 
0.4290189 
0.4206526 
0.4199918 
0.4136000 
0.4059918 
0.4080712 
0.4182587 
0.4221561 
0.4171955 
0.4179457 
0.4151053 
0.4152466 
0.4118424 
0.4094102 
0.4108504 
0.4180964 
0.4210931 
0.4132471 
0.4123587 
0.4119963 
0.4102488 
0.4141621 
0.4129481 
0.4152000 
0.4185684 
0.4182230 
0.4163300 
0.4151298 
0.4138608 
0.4159767 
0.4132341 
0.4118975 
0.4044718 
0.4038790 
0.4007484 
0.3989052 
0.4109041 
0.4053663 
0.4082101 
0.4090412 
0.4161816 
0.4129301 
0.4091605 
0.4033981 
0.4060614 
0.4088266 
0.4137870 
0.4136565 
0.4192781 
0.4131538 
0.4129598 
0.4084796 
0.4077334 
0.4028914 
0.4030588 
0.4049670 
0.4024030 
0.4050094 
0.4045066 
0.3986971 
0.3963979 
0.3995805 
0.4015483 
0.4056286 
0.4091217 
0.4083481 
0.4019304 
0.3989428 
0.3997539 
0.4056163 
0.4022021 
0.4034694 
0.4075686 
0.4106553 
0.4090931 
0.4074722 
0.3989582 
0.4056233 
0.4039853 
0.4085762 
0.4076760 
0.4030304 
0.4020913 
0.4053036 
0.4044664 
0.4009289 
0.3975241 
0.3938256 
0.3961460 
0.3968898 
0.3984470 
0.4020521 
0.3898439 
0.3837428 
0.3817513 
0.3815800 
0.3875415 
0.3962903 
0.3943462 
0.3882702 
0.3882936 
0.3887644 
0.3932821 
0.3903110 
0.3861916 
0.3792658 
0.3801888 
0.3832660 
0.3880506 
0.3880629 
0.3873257 
0.3853020 
0.3879882 
0.3904775 
0.3936529 
0.3918542 
0.3884060 
0.3682170 
0.3704951 
0.3690579 
0.3679668 
0.3660869 
0.3686941 
0.3666275 
0.3666094 
0.3670812 
0.3630377 
0.3657135 
0.3680231 
0.3631616 
0.3675756 
0.3661520 
0.3695969 
0.3723303 
0.3695655 
0.3696165 
0.3772487 
0.3755164 
0.3757526 
0.3758982 
0.3799506 
0.3840854 
0.3799852 
0.3787545 
0.3753749 
0.3782988 
0.3823692 
0.3765634 
0.3666957 
0.3597822 
0.3615321 
0.3638229 
0.3734945 
0.3720325 
0.3697037 
0.3672665 
0.3646327 
0.3601960 
0.3577470 
0.3634746 
0.3716046 
0.3617693 
0.3593492 
0.3600822 
0.3548616 
0.3547575 
0.3554059 
0.3601633 
0.3613504 
0.3662835 
0.3623316 
0.3488484 
0.3528492 
0.3528093 
0.3489265 
0.3511587 
0.3495902 
0.3485031 
0.3500623 
0.3542652 
0.3563224 
0.3517635 
0.3563114 
0.3532496 
0.3515202 
0.3560457 
0.3536120 
0.3632742 
0.3645082 
0.3636477 
0.3592280 
0.3602602 
0.3575716 
0.3542077 
0.3518430 
0.3571285 
0.3587336 
0.3550755 
0.3592489 
0.3568240 
0.3480236 
0.3436382 
0.3387724 
0.3396675 
0.3387251 
0.3353190 
0.3354290 
0.3374915 
0.3359305 
0.3431329 
0.3468959 
0.3462185 
0.3501310 
0.3520979 
0.3488405 
0.3408202 
0.3372717 
0.3372292 
0.3407559 
0.3385243 
0.3398293 
0.3370889 
0.3391655 
0.3414122 
0.3412986 
0.3364160 
0.3307545 
0.3315244 
0.3238022 
0.3314652 
0.3270995 
0.3275229 
0.3237754 
0.3257551 
0.3207268 
0.3240931 
0.3286358 
0.3273742 
0.3257451 
0.3188067 
0.3207547 
0.3246458 
0.3268848 
0.3277221 
0.3222217 
0.3212391 
0.3209140 
0.3204359 
0.3154741 
0.3184541 
0.3221159 
0.3172929 
0.3132877 
0.3127378 
0.3172158 
0.3122720 
0.3103094 
0.3134021 
0.3243247 
0.3273005 
0.3361871 
0.3277824 
0.3242278 
0.3238901 
0.3173212 
0.3163089 
0.3184037 
0.3229081 
0.3202170 
0.3287466 
0.3329631 
0.3276046 
0.3265377 
0.3245366 
0.3212270 
0.3181598 
0.3164760 
0.3147698 
0.3257349 
0.3262544 
0.3239823 
0.3196043 
0.3199459 
0.3153178 
0.3214741 
0.3188739 
0.3153606 
0.3238357 
0.3165971 
0.3211834 
0.3182932 
0.3190889 
0.3191309 
0.3210422 
0.3225303 
0.3284399 
0.3351036 
0.3415637 
0.3440859 
0.3359982 
0.3318069 
0.3166140 
0.3099062 
0.3019672 
0.3084588 
0.3072204 
0.3036525 
0.3001440 
0.3048001 
0.3071896 
0.3007821 
0.3008647 
0.3019513 
0.2953342 
0.2877395 
0.2884549 
0.2851220 
0.2936588 
0.2940838 
0.2978090 
0.2979175 
0.2987708 
0.2938580 
0.2958431 
0.2880667 
0.2923978 
0.2931483 
0.2905804 
0.2775259 
0.2795221 
0.2768926 
0.2752703 
0.2754109 
0.2679245 
0.2712442 
0.2689232 
0.2744246 
0.2750666 
0.2705816 
0.2690498 
0.2692491 
0.2632771 
0.2636633 
0.2640215 
0.2678950 
0.2630789 
0.2672940 
0.2650012 
0.2572425 
0.2601755 
0.2633655 
0.2611581 
0.2582701 
0.2643879 
0.2664977 
0.2636620 
0.2611479 
0.2570185 
0.2559719 
0.2611561 
0.2635866 
0.2615031 
0.2613806 
0.2613526 
0.2618327 
0.2602552 
0.2542298 
0.2572726 
0.2568617 
0.2573089 
0.2581859 
0.2575428 
0.2573484 
0.2567413 
0.2530085 
0.2578850 
0.2566133 
0.2548393 
0.2540851 
0.2568435 
0.2554747 
0.2566628 
0.2550339 
0.2559320 
0.2579215 
0.2525341 
0.2526394 
0.2522948 
0.2510678 
0.2526808 
0.2529648 
0.2567281 
0.2567833 
0.2564160 
0.2601213 
0.2537986 
0.2562566 
0.2565026 
0.2536214 
0.2494922 
0.2516747 
0.2550354 
0.2579314 
0.2506307 
0.2462989 
0.2457089 
0.2460321 
0.2433075 
0.2373036 
0.2400965 
0.2399466 
0.2433875 
0.2439606 
0.2406462 
0.2444969 
0.2414112 
0.2349070 
0.2282588 
0.2322193 
0.2310178 
0.2295430 
0.2358753 
0.2345743 
0.2332587 
0.2359536 
0.2363579 
0.2300585 
0.2311177 
0.2279107 
0.2203056 
0.2144621 
0.2152566 
0.2194858 
0.2211065 
0.2260090 
0.2227304 
0.2229724 
0.2169552 
0.2163888 
0.2196256 
0.2181622 
0.2203843 
0.2229797 
0.2242732 
0.2225466 
0.2233982 
0.2241730 
0.2241986 
0.2240030 
0.2197778 
0.2120451 
0.2169753 
0.2150499 
0.2260084 
0.2251209 
0.2210806 
0.2274439 
0.2297161 
0.2294093 
0.2231126 
0.2246693 
0.2235378 
0.2147421 
0.2125704 
0.2079191 
0.2118892 
0.2119383 
0.2153390 
0.2128811 
0.2099426 
0.2182586 
0.2205829 
0.2249073 
0.2250713 
0.2169183 
0.2199859 
0.2231255 
0.2216425 
0.2204004 
0.2156723 
0.2154075 
0.2122670 
0.2130241 
0.2141397 
0.2117822 
0.2082142 
0.2093752 
0.2113926 
0.2049361 
0.2035366 
0.2010387 
0.2000470 
0.2010295 
0.1957978 
0.2071784 
0.2082709 
0.2005082 
0.2028117 
0.1972532 
0.1951701 
0.1974845 
0.2000534 
0.2059394 
0.2077281 
0.2031819 
0.1994001 
0.2038323 
0.2037830 
0.2035454 
0.2046610 
0.2008904 
0.2043204 
0.2039026 
0.2004399 
0.2072449 
0.2025311 
0.2013941 
0.2060203 
0.2049766 
0.2081768 
0.2104543 
0.2025285 
0.1998723 
0.2007051 
0.1935743 
0.1909306 
0.1977151 
0.2003242 
0.1978211 
0.1956170 
0.1943994 
0.1886118 
0.1873270 
0.1887514 
0.1904792 
0.1953922 
0.1965106 
0.1923860 
0.1914473 
0.1928409 
0.1960991 
0.1997299 
0.1975286 
0.1950881 
0.1908616 
0.1896897 
0.1840068 
0.1842013 
0.1881157 
0.1903598 
0.1939722 
0.1961558 
0.1936715 
0.1990989 
0.1998435 
0.1902002 
0.1845015 
0.1810929 
0.1748208 
0.1756784 
0.1794549 
0.1795075 
0.1807175 
0.1767941 
0.1773597 
0.1768940 
0.1733505 
0.1703648 
0.1724286 
0.1790842 
0.1726157 
0.1706774 
0.1697311 
0.1679621 
0.1675314 
0.1756249 
0.1813579 
0.1743762 
0.1734291 
0.1782128 
0.1791864 
0.1745547 
0.1741785 
0.1685967 
0.1658255 
0.1659117 
0.1646561 
0.1674492 
0.1630586 
0.1591323 
0.1611622 
0.1639037 
0.1617844 
0.1527432 
0.1540094 
0.1567610 
0.1566998 
0.1551155 
0.1546474 
0.1536599 
0.1629853 
0.1592733 
0.1580184 
0.1602680 
0.1642143 
0.1603756 
0.1601935 
0.1621816 
0.1612781 
0.1563076 
0.1602919 
0.1678466 
0.1675206 
0.1617362 
0.1584182 
0.1582483 
0.1582634 
0.1537757 
0.1517493 
0.1557333 
0.1607160 
0.1603596 
0.1571883 
0.1550449 
0.1547770 
0.1544726 
0.1510629 
0.1506597 
0.1528483 
0.1564988 
0.1601781 
0.1571402 
0.1583258 
0.1548583 
0.1548666 
0.1584378 
0.1580206 
0.1580743 
0.1571743 
0.1547153 
0.1620933 
0.1624665 
0.1558057 
0.1578612 
0.1565190 
0.1493804 
0.1400295 
0.1431019 
0.1360558 
0.1337708 
0.1401378 
0.1391396 
0.1434497 
0.1464769 
0.1429704 
0.1375744 
0.1423006 
0.1344970 
0.1347278 
0.1359707 
0.1370216 
0.1365070 
0.1365646 
0.1294851 
0.1334777 
0.1340588 
0.1376642 
0.1335209 
0.1370051 
0.1343113 
0.1356187 
0.1368654 
0.1317258 
0.1296846 
0.1378767 
0.1444057 
0.1441569 
0.1417585 
0.1440484 
0.1450041 
0.1408656 
0.1364137 
0.1300811 
0.1342210 
0.1366215 
0.1357580 
0.1304939 
0.1328916 
0.1348275 
0.1331794 
0.1321258 
0.1318580 
0.1317410 
0.1343832 
0.1381469 
0.1385170 
0.1366051 
0.1394282 
0.1378887 
0.1339926 
0.1352967 
0.1281437 
0.1272161 
0.1346266 
0.1395307 
0.1315108 
0.1173232 
0.1218837 
0.1288685 
0.1318738 
0.1356303 
0.1326557 
0.1317222 
0.1294616 
0.1304185 
0.1332994 
0.1303173 
0.1242061 
0.1215992 
0.1216152 
0.1208698 
0.1197473 
0.1168577 
0.1150464 
0.1226925 
0.1324325 
0.1311692 
0.1300125 
0.1252156 
0.1182268 
0.1214482 
0.1255089 
0.1230559 
0.1281515 
0.1307271 
0.1317533 
0.1260860 
0.1237903 
0.1252377 
0.1233480 
0.1139418 
0.1213406 
0.1295305 
0.1282874 
0.1187275 
0.1186376 
0.1245246 
0.1200090 
0.1094044 
0.1105035 
0.1169909 
0.1141473 
0.1125564 
0.1136796 
0.1155350 
0.1098409 
0.1094319 
0.1128054 
0.1099660 
0.1099490 
0.1019028 
0.0969590 
0.1023499 
0.1066013 
0.1044806 
0.1014409 
0.1044569 
0.1030049 
0.1072548 
0.1136384 
0.1153192 
0.1213256 
0.1233150 
0.1228088 
0.1184792 
0.1135042 
0.1112216 
0.1114923 
0.0965207 
0.0918954 
0.0955562 
0.0984195 
0.0937181 
0.0937052 
0.0915027 
0.0935370 
0.0939609 
0.1019660 
0.1027453 
0.0921307 
0.0930296 
0.0978455 
0.0994527 
0.0911348 
0.0911215 
0.0921800 
0.0922274 
0.0884528 
0.0832216 
0.0837371 
0.0810052 
0.0817194 
0.0815820 
0.0849172 
0.0833928 
0.0851059 
0.0907535 
0.0900770 
0.0922168 
0.0894236 
0.0944394 
0.0908562 
0.0887219 
0.0854619 
0.0860346 
0.0862780 
0.0904378 
0.0865398 
0.0886783 
0.0828189 
0.0737413 
0.0755775 
0.0829347 
0.0846973 
0.0850462 
0.0856259 
0.0844924 
0.0849208 
0.0815905 
0.0786573 
0.0749298 
0.0731119 
0.0674085 
0.0654786 
0.0663902 
0.0662173 
0.0723352 
0.0742860 
0.0748992 
0.0741100 
0.0734750 
0.0772538 
0.0806050 
0.0803459 
0.0797084 
0.0752225 
0.0732671 
0.0761978 
0.0745665 
0.0779670 
0.0760375 
0.0755421 
0.0746420 
0.0734197 
0.0741643 
0.0745568 
0.0753112 
0.0716999 
0.0717887 
0.0743875 
0.0752093 
0.0775907 
0.0772859 
0.0744613 
0.0715010 
0.0699420 
0.0725309 
0.0711975 
0.0699920 
0.0687624 
0.0696255 
0.0694010 
0.0727598 
0.0656917 
0.0642644 
0.0624593 
0.0616801 
0.0625723 
0.0601632 
0.0585858 
0.0618505 
0.0596836 
0.0576283 
0.0568019 
0.0610212 
0.0627225 
0.0602531 
0.0645712 
0.0659531 
0.0590332 
0.0552791 
0.0536233 
0.0556556 
0.0546728 
0.0603251 
0.0634280 
0.0628077 
0.0614948 
0.0545904 
0.0576631 
0.0588613 
0.0628767 
0.0615838 
0.0616158 
0.0661131 
0.0607976 
0.0569643 
0.0545731 
0.0566097 
0.0568570 
0.0552769 
0.0515509 
0.0501960 
0.0534011 
0.0506242 
0.0534198 
0.0515118 
0.0533455 
0.0526468 
0.0473711 
0.0490026 
0.0438330 
0.0464014 
0.0471734 
0.0450310 
0.0427653 
0.0443651 
0.0504726 
0.0496128 
0.0522581 
0.0498194 
0.0509251 
0.0529024 
0.0481559 
0.0501527 
0.0516753 
0.0565383 
0.0615744 
0.0601014 
0.0644031 
0.0630205 
0.0580871 
0.0573626 
0.0584741 
0.0603057 
0.0541131 
0.0483779 
0.0391563 
0.0378060 
0.0348267 
0.0278152 
0.0203484 
0.0189524 
0.0135324 
0.0134725 
0.0180503 
0.0168261 
0.0185820 
0.0204636 
0.0229058 
0.0265975 
0.0249559 
0.0264965 
0.0244598 
0.0243645 
0.0232431 
0.0268429 
0.0291308 
0.0301190 
0.0278041 
0.0282139 
0.0257528 
0.0235885 
0.0238341 
0.0274102 
0.0309099 
0.0297571 
0.0291802 
0.0245696 
0.0210732 
0.0195930 
0.0199100 
0.0169929 
0.0162306 
0.0192243 
0.0169392 
0.0134122 
0.0129338 
0.0111632 
0.0102022 
0.0122636 
0.0113091 
0.0138167 
0.0158027 
0.0146825 
0.0156391 
0.0163356 
0.0217787 
0.0201716 
0.0200036 
0.0198908 
0.0159554 
0.0180104 
0.0191021 
0.0176992 
0.0185560 
0.0211010 
0.0237835 
0.0194172 
0.0207047 
0.0176459 
0.0146951 
0.0130242 
0.0089168 
0.0059282 
0.0118467 
0.0074328 
0.0079577 
0.0072701 
0.0084344 
0.0062153 
0.0050710 
0.0113347 
0.0104634 
0.0075925 
0.0085901 
0.0048516 
0.0048655 
0.0044214 
0.0055368 
0.0063464 
0.0000000 
0.0003164 
0.0033469 
0.0082224 
0.0070969 
0.0044739 
0.0049634 
0.0084073 
0.0086405 
0.0083537 
0.0101746 
