-0.0001364 
0.0000346 
0.0001817 
-0.2988233 
-0.2240608 
0.3229801 
0.9968609 
1.0000000 
0.9962868 
0.9893406 
0.9900704 
0.9899349 
0.9917127 
0.9924706 
0.9891968 
0.9910155 
0.9886990 
0.9863925 
0.9857570 
0.9780365 
0.9786685 
0.9813851 
0.9776848 
0.9790133 
0.9796635 
0.9752226 
0.9733269 
0.9752192 
0.9745221 
0.9711077 
0.9706093 
0.9750362 
0.9768634 
0.9742602 
0.9755666 
0.9777630 
0.9759662 
0.9782971 
0.9763660 
0.9822217 
0.9839257 
0.9863411 
0.9853670 
0.9793137 
0.9820359 
0.9837317 
0.9824474 
0.9789654 
0.9806111 
0.9785435 
0.9786224 
0.9750305 
0.9721741 
0.9746089 
0.9712697 
0.9692612 
0.9701918 
0.9711922 
0.9757868 
0.9719034 
0.9756520 
0.9723481 
0.9707560 
0.9734686 
0.9713273 
0.9713353 
0.9700498 
0.9679067 
0.9656485 
0.9566855 
0.9550991 
0.9483871 
0.9478718 
0.9453632 
0.9474577 
0.9450296 
0.9452968 
0.9470664 
0.9471842 
0.9434580 
0.9406822 
0.9482967 
0.9556195 
0.9580449 
0.9594335 
0.9611184 
0.9649533 
0.9668335 
0.9642116 
0.9635249 
0.9715337 
0.9649099 
0.9646780 
0.9604846 
0.9538713 
0.9571837 
0.9582358 
0.9614566 
0.9602940 
0.9563868 
0.9534856 
0.9489709 
0.9480004 
0.9529210 
0.9528683 
0.9527419 
0.9496433 
0.9487991 
0.9458842 
0.9472817 
0.9498962 
0.9476741 
0.9481847 
0.9487174 
0.9478822 
0.9462338 
0.9441105 
0.9427629 
0.9455706 
0.9425215 
0.9449342 
0.9440255 
0.9414217 
0.9376775 
0.9380140 
0.9399514 
0.9415942 
0.9354549 
0.9309097 
0.9343458 
0.9346746 
0.9308809 
0.9323940 
0.9329234 
0.9338355 
0.9307999 
0.9327270 
0.9298986 
0.9318605 
0.9300028 
0.9308245 
0.9284691 
0.9304036 
0.9345999 
0.9332664 
0.9338211 
0.9313562 
0.9365249 
0.9375222 
0.9381229 
0.9376355 
0.9377986 
0.9309972 
0.9306020 
0.9334231 
0.9317378 
0.9353842 
0.9318080 
0.9297092 
0.9265512 
0.9296217 
0.9263985 
0.9282770 
0.9260133 
0.9267661 
0.9260687 
0.9274645 
0.9258356 
0.9321789 
0.9274805 
0.9221818 
0.9226373 
0.9193565 
0.9212472 
0.9210621 
0.9257877 
0.9227047 
0.9222621 
0.9196650 
0.9144478 
0.9140445 
0.9162247 
0.9138420 
0.9157749 
0.9129219 
0.9126181 
0.9099590 
0.9132401 
0.9136551 
0.9122231 
0.9127670 
0.9130673 
0.9133612 
0.9137583 
0.9151524 
0.9154699 
0.9194445 
0.9157891 
0.9207755 
0.9235317 
0.9213962 
0.9233316 
0.9230355 
0.9213215 
0.9216179 
0.9244247 
0.9245077 
0.9209184 
0.9238423 
0.9235828 
0.9202371 
0.9207737 
0.9228357 
0.9223282 
0.9217176 
0.9208619 
0.9195780 
0.9197513 
0.9276954 
0.9249401 
0.9301922 
0.9303973 
0.9298075 
0.9268939 
0.9289584 
0.9244403 
0.9257923 
0.9235753 
0.9233624 
0.9215844 
0.9227830 
0.9234678 
0.9211364 
0.9223695 
0.9184868 
0.9169195 
0.9133121 
0.9061014 
0.9076307 
0.9115376 
0.9043503 
0.9035698 
0.9074697 
0.9049330 
0.9045330 
0.9021714 
0.9023861 
0.9012533 
0.9014206 
0.9030106 
0.8999117 
0.9009666 
0.8983591 
0.8961099 
0.8930179 
0.8904256 
0.8900081 
0.8916703 
0.8941598 
0.8938529 
0.8963120 
0.8952095 
0.9018754 
0.9029163 
0.8989172 
0.8959880 
0.8980399 
0.8983597 
0.8994313 
0.8977393 
0.8989527 
0.8959591 
0.8952946 
0.8947363 
0.8946894 
0.8956726 
0.8979788 
0.8973458 
0.8975502 
0.8951009 
0.8920681 
0.8882262 
0.8929248 
0.8944217 
0.8890341 
0.8903212 
0.8909987 
0.8883966 
0.8926452 
0.8941518 
0.8906618 
0.8931714 
0.8916190 
0.8882501 
0.8859622 
0.8908622 
0.8901422 
0.8903107 
0.8891159 
0.8901021 
0.8866302 
0.8870633 
0.8864740 
0.8895985 
0.8847898 
0.8804023 
0.8804918 
0.8811702 
0.8795629 
0.8754328 
0.8785668 
0.8820291 
0.8741251 
0.8744947 
0.8763847 
0.8808487 
0.8757753 
0.8728081 
0.8744278 
0.8740277 
0.8645481 
0.8680918 
0.8748296 
0.8739855 
0.8698794 
0.8672116 
0.8672910 
0.8689638 
0.8680133 
0.8702857 
0.8668245 
0.8687293 
0.8675829 
0.8650647 
0.8676651 
0.8747821 
0.8747331 
0.8671449 
0.8663177 
0.8623161 
0.8606655 
0.8626246 
0.8626751 
0.8702979 
0.8707403 
0.8689399 
0.8663068 
0.8639398 
0.8645906 
0.8571259 
0.8572702 
0.8639143 
0.8676701 
0.8719114 
0.8672367 
0.8671922 
0.8614992 
0.8623816 
0.8594145 
0.8615568 
0.8610751 
0.8690111 
0.8681029 
0.8646436 
0.8651262 
0.8610151 
0.8594028 
0.8589220 
0.8655479 
0.8699634 
0.8651136 
0.8620894 
0.8606156 
0.8583514 
0.8555776 
0.8584238 
0.8592146 
0.8572566 
0.8595937 
0.8608491 
0.8601837 
0.8585389 
0.8613331 
0.8666004 
0.8574604 
0.8521972 
0.8499347 
0.8493082 
0.8535571 
0.8580567 
0.8599282 
0.8562274 
0.8564427 
0.8543928 
0.8547201 
0.8525943 
0.8590404 
0.8556434 
0.8552757 
0.8607378 
0.8595635 
0.8559946 
0.8556539 
0.8518947 
0.8493660 
0.8516937 
0.8524508 
0.8513979 
0.8548750 
0.8577869 
0.8520353 
0.8410689 
0.8447741 
0.8456194 
0.8464652 
0.8486370 
0.8511604 
0.8485366 
0.8454907 
0.8473923 
0.8486342 
0.8472381 
0.8433161 
0.8386835 
0.8329168 
0.8308647 
0.8288726 
0.8319172 
0.8366303 
0.8450184 
0.8442586 
0.8388942 
0.8350188 
0.8315887 
0.8303350 
0.8252213 
0.8295620 
0.8238425 
0.8256777 
0.8284095 
0.8320604 
0.8351369 
0.8285622 
0.8246582 
0.8193628 
0.8211024 
0.8253424 
0.8264758 
0.8286999 
0.8328204 
0.8281808 
0.8211286 
0.8255921 
0.8285277 
0.8263362 
0.8299484 
0.8344013 
0.8277560 
0.8237714 
0.8280858 
0.8281368 
0.8182900 
0.8170236 
0.8258757 
0.8193685 
0.8204528 
0.8213767 
0.8209589 
0.8202182 
0.8241762 
0.8231026 
0.8108973 
0.8113278 
0.8153287 
0.8058960 
0.8077042 
0.8178122 
0.8150784 
0.8071493 
0.8140592 
0.8257441 
0.8172009 
0.8021897 
0.8186500 
0.8133482 
0.8026788 
0.8117902 
0.8294792 
0.8183407 
0.8154584 
0.8154541 
0.8172448 
0.7987675 
0.8001870 
0.8154679 
0.8075214 
0.7993566 
0.8015977 
0.8045228 
0.8043939 
0.8071930 
0.8166894 
0.8146689 
0.8093368 
0.8125417 
0.8210814 
0.8106005 
0.8080853 
0.8100794 
0.8083390 
0.7963710 
0.7858579 
0.7951124 
0.8099371 
0.8005708 
0.7974407 
0.8056833 
0.8025420 
0.7942402 
0.7990732 
0.8052422 
0.7945802 
0.7921175 
0.7971895 
0.7990449 
0.7889263 
0.7799247 
0.7853763 
0.7969934 
0.7950729 
0.7852186 
0.7872276 
0.7989327 
0.7926559 
0.7886628 
0.7928057 
0.7991143 
0.8000554 
0.7953017 
0.7972645 
0.7950124 
0.7929502 
0.7884439 
0.7864189 
0.7899409 
0.7884694 
0.7713470 
0.7727672 
0.7801501 
0.7865447 
0.7746843 
0.7841552 
0.7897081 
0.7952829 
0.7846744 
0.7804268 
0.7817807 
0.7857314 
0.7883313 
0.7734736 
0.7723077 
0.7849844 
0.7907685 
0.7780378 
0.7715101 
0.7756221 
0.7808166 
0.7746440 
0.7789150 
0.7791020 
0.7837998 
0.7751093 
0.7703682 
0.7680510 
0.7782698 
0.7859009 
0.7802541 
0.7712982 
0.7681204 
0.7708286 
0.7734294 
0.7727152 
0.7795873 
0.7734125 
0.7734643 
0.7788600 
0.7777548 
0.7744543 
0.7793452 
0.7833766 
0.7761093 
0.7700994 
0.7748576 
0.7798528 
0.7787388 
0.7733233 
0.7703738 
0.7645999 
0.7663081 
0.7607445 
0.7597038 
0.7614789 
0.7642025 
0.7581786 
0.7543481 
0.7569723 
0.7614350 
0.7636918 
0.7620162 
0.7563446 
0.7442081 
0.7514197 
0.7538426 
0.7488783 
0.7502042 
0.7553664 
0.7609663 
0.7618148 
0.7574078 
0.7555391 
0.7582446 
0.7620804 
0.7596929 
0.7537418 
0.7549182 
0.7572365 
0.7567139 
0.7581217 
0.7585798 
0.7556935 
0.7485778 
0.7488917 
0.7533345 
0.7507650 
0.7454561 
0.7469818 
0.7554283 
0.7547642 
0.7544115 
0.7517920 
0.7521865 
0.7528580 
0.7567992 
0.7531361 
0.7548542 
0.7500272 
0.7498968 
0.7490097 
0.7451867 
0.7409526 
0.7414982 
0.7424553 
0.7426107 
0.7429566 
0.7444377 
0.7465818 
0.7473347 
0.7516124 
0.7553646 
0.7483529 
0.7415577 
0.7399986 
0.7402576 
0.7429423 
0.7471230 
0.7454325 
0.7430936 
0.7374253 
0.7394026 
0.7399963 
0.7434529 
0.7472916 
0.7476407 
0.7420182 
0.7389412 
0.7356075 
0.7315206 
0.7369643 
0.7363349 
0.7351860 
0.7331365 
0.7347022 
0.7314467 
0.7282203 
0.7291408 
0.7343830 
0.7340270 
0.7328654 
0.7357242 
0.7314856 
0.7290211 
0.7295638 
0.7339383 
0.7313492 
0.7339911 
0.7413974 
0.7400168 
0.7320350 
0.7333691 
0.7328345 
0.7279149 
0.7264219 
0.7276132 
0.7277675 
0.7263726 
0.7259297 
0.7243420 
0.7248238 
0.7209554 
0.7232510 
0.7233475 
0.7171770 
0.7198278 
0.7201842 
0.7191305 
0.7180185 
0.7197005 
0.7156590 
0.7170865 
0.7157255 
0.7153840 
0.7188892 
0.7148898 
0.7131856 
0.7178553 
0.7140401 
0.7092428 
0.7088407 
0.7045399 
0.7044400 
0.7031870 
0.7055287 
0.7082286 
0.7058578 
0.7062428 
0.7050815 
0.7044137 
0.7035544 
0.7049050 
0.7017916 
0.7032224 
0.7037217 
0.7012253 
0.7017525 
0.7038854 
0.7025029 
0.7036708 
0.7052208 
0.7057983 
0.7052101 
0.7003424 
0.6983062 
0.6975953 
0.6987456 
0.6956387 
0.6945975 
0.6969083 
0.6960585 
0.6952552 
0.6974010 
0.6954956 
0.6966989 
0.6954232 
0.6964810 
0.6928223 
0.6893529 
0.6860169 
0.6899361 
0.6920495 
0.6918203 
0.6927802 
0.6921512 
0.6929396 
0.6927451 
0.6916881 
0.6852732 
0.6837887 
0.6813205 
0.6821788 
0.6840955 
0.6852956 
0.6835822 
0.6863855 
0.6819463 
0.6851540 
0.6848165 
0.6820070 
0.6784076 
0.6795639 
0.6814425 
0.6789509 
0.6819967 
0.6805503 
0.6857192 
0.6812352 
0.6785113 
0.6771188 
0.6768381 
0.6765411 
0.6792397 
0.6817662 
0.6827467 
0.6816249 
0.6785702 
0.6790332 
0.6788219 
0.6798611 
0.6792825 
0.6800796 
0.6807861 
0.6799519 
0.6766653 
0.6821266 
0.6803854 
0.6769436 
0.6828899 
0.6827968 
0.6810247 
0.6802708 
0.6792143 
0.6804504 
0.6713321 
0.6710505 
0.6678960 
0.6628228 
0.6637824 
0.6686963 
0.6686804 
0.6682076 
0.6697259 
0.6681581 
0.6699369 
0.6687253 
0.6685573 
0.6718010 
0.6722395 
0.6676071 
0.6713736 
0.6704359 
0.6698286 
0.6681030 
0.6684763 
0.6667562 
0.6661923 
0.6623466 
0.6633519 
0.6635149 
0.6617413 
0.6574054 
0.6542647 
0.6516740 
0.6502900 
0.6523512 
0.6492468 
0.6486803 
0.6545744 
0.6527613 
0.6542612 
0.6536342 
0.6547601 
0.6565382 
0.6585697 
0.6558633 
0.6538491 
0.6523945 
0.6512764 
0.6503774 
0.6486590 
0.6499225 
0.6492066 
0.6457974 
0.6477717 
0.6429005 
0.6418206 
0.6463492 
0.6477563 
0.6446354 
0.6461224 
0.6452611 
0.6442095 
0.6424432 
0.6433493 
0.6390145 
0.6393807 
0.6389957 
0.6392346 
0.6359312 
0.6384174 
0.6436457 
0.6426032 
0.6425959 
0.6391842 
0.6373534 
0.6357493 
0.6339301 
0.6319755 
0.6303888 
0.6297534 
0.6302976 
0.6350643 
0.6320556 
0.6297689 
0.6252988 
0.6289099 
0.6280507 
0.6299327 
0.6308992 
0.6309167 
0.6254628 
0.6204630 
0.6177757 
0.6161789 
0.6158760 
0.6192562 
0.6251405 
0.6252631 
0.6264256 
0.6268150 
0.6229586 
0.6247172 
0.6228369 
0.6227156 
0.6225296 
0.6226245 
0.6210925 
0.6213328 
0.6219265 
0.6260330 
0.6231618 
0.6250122 
0.6225000 
0.6204752 
0.6177671 
0.6187326 
0.6215816 
0.6189978 
0.6193751 
0.6181353 
0.6151055 
0.6138721 
0.6140777 
0.6096026 
0.6129416 
0.6126144 
0.6132167 
0.6170814 
0.6167907 
0.6159900 
0.6144506 
0.6124648 
0.6154411 
0.6150029 
0.6124327 
0.6117148 
0.6109339 
0.6060438 
0.6069641 
0.6090901 
0.6112630 
0.6135089 
0.6152542 
0.6144500 
0.6143570 
0.6122153 
0.6104374 
0.6115419 
0.6063330 
0.6076842 
0.6043150 
0.6021580 
0.6037179 
0.6048999 
0.6030993 
0.6028219 
0.6081467 
0.6059981 
0.6111649 
0.6130868 
0.6067317 
0.6095934 
0.6029354 
0.6044899 
0.6034750 
0.6037017 
0.6041614 
0.6066445 
0.6047070 
0.6069569 
0.6051900 
0.5980422 
0.5997876 
0.5942596 
0.5992204 
0.5944575 
0.5917792 
0.5934856 
0.5956128 
0.5954839 
0.5874138 
0.5870125 
0.5866710 
0.5856423 
0.5842627 
0.5871016 
0.5891931 
0.5882100 
0.5885406 
0.5879077 
0.5840451 
0.5863022 
0.5859935 
0.5873410 
0.5857265 
0.5873974 
0.5828387 
0.5849770 
0.5856000 
0.5867784 
0.5833177 
0.5853892 
0.5841018 
0.5825048 
0.5853624 
0.5851619 
0.5839096 
0.5782755 
0.5795052 
0.5778223 
0.5820882 
0.5820841 
0.5780113 
0.5792745 
0.5775269 
0.5776155 
0.5764927 
0.5763269 
0.5787549 
0.5777567 
0.5771871 
0.5752887 
0.5789608 
0.5788313 
0.5765254 
0.5818700 
0.5788460 
0.5794613 
0.5775795 
0.5755379 
0.5772735 
0.5802700 
0.5773763 
0.5786127 
0.5786435 
0.5709550 
0.5759966 
0.5786046 
0.5779449 
0.5788863 
0.5810969 
0.5765232 
0.5779728 
0.5750023 
0.5714025 
0.5739825 
0.5736124 
0.5727404 
0.5730116 
0.5723074 
0.5716112 
0.5711212 
0.5733557 
0.5715198 
0.5756209 
0.5728826 
0.5729293 
0.5745378 
0.5737475 
0.5728706 
0.5677550 
0.5640985 
0.5633817 
0.5610055 
0.5578717 
0.5549144 
0.5568408 
0.5563606 
0.5608623 
0.5608634 
0.5574878 
0.5581464 
0.5570366 
0.5626571 
0.5622332 
0.5609583 
0.5614455 
0.5605132 
0.5624366 
0.5546911 
0.5552429 
0.5525685 
0.5529246 
0.5567543 
0.5541272 
0.5550556 
0.5567913 
0.5503809 
0.5563089 
0.5498661 
0.5481281 
0.5527119 
0.5533721 
0.5483638 
0.5491819 
0.5483866 
0.5465402 
0.5490595 
0.5440572 
0.5435712 
0.5468251 
0.5442762 
0.5447592 
0.5450921 
0.5502868 
0.5499163 
0.5517054 
0.5539621 
0.5512679 
0.5501968 
0.5481403 
0.5485108 
0.5467642 
0.5483668 
0.5457655 
0.5408753 
0.5434337 
0.5406473 
0.5400787 
0.5425678 
0.5391078 
0.5397713 
0.5390841 
0.5404588 
0.5379672 
0.5383560 
0.5363700 
0.5344151 
0.5345499 
0.5384968 
0.5414426 
0.5416014 
0.5390385 
0.5376585 
0.5368128 
0.5389500 
0.5352405 
0.5332296 
0.5334565 
0.5338389 
0.5320425 
0.5328296 
0.5297759 
0.5245246 
0.5248988 
0.5269120 
0.5262096 
0.5200322 
0.5219994 
0.5211722 
0.5213786 
0.5212566 
0.5220503 
0.5249489 
0.5248962 
0.5222798 
0.5240098 
0.5223882 
0.5205727 
0.5199116 
0.5257763 
0.5253603 
0.5231422 
0.5189960 
0.5190815 
0.5190148 
0.5194466 
0.5148111 
0.5180232 
0.5183206 
0.5148854 
0.5164873 
0.5172504 
0.5150418 
0.5132014 
0.5103686 
0.5118015 
0.5098536 
0.5095904 
0.5097748 
0.5171006 
0.5205781 
0.5262057 
0.5244357 
0.5223257 
0.5213356 
0.5167439 
0.5134479 
0.5127769 
0.5087284 
0.5087704 
0.5081994 
0.5043421 
0.5015416 
0.5037565 
0.5036036 
0.5049372 
0.5046719 
0.5058212 
0.5041986 
0.4989035 
0.4964964 
0.4981197 
0.4984407 
0.4948674 
0.4980318 
0.4968971 
0.4961854 
0.4940558 
0.4942542 
0.4984869 
0.5003135 
0.5009583 
0.4977700 
0.5005566 
0.4998014 
0.4988920 
0.4967493 
0.4952823 
0.4944402 
0.4916146 
0.4930147 
0.4892329 
0.4908872 
0.4883978 
0.4881161 
0.4918343 
0.4911251 
0.4920741 
0.4974026 
0.4962353 
0.4943187 
0.4927243 
0.4936954 
0.4921840 
0.4881979 
0.4888818 
0.4898830 
0.4875153 
0.4903813 
0.4874630 
0.4895208 
0.4898334 
0.4927916 
0.4922285 
0.4892757 
0.4827826 
0.4833685 
0.4835507 
0.4853246 
0.4834508 
0.4814946 
0.4818102 
0.4848843 
0.4850620 
0.4827570 
0.4825053 
0.4808276 
0.4810478 
0.4807888 
0.4835568 
0.4805847 
0.4834530 
0.4819104 
0.4804213 
0.4807917 
0.4781043 
0.4777439 
0.4782694 
0.4778704 
0.4778539 
0.4822204 
0.4812999 
0.4837443 
0.4831121 
0.4804103 
0.4825366 
0.4793918 
0.4767158 
0.4771801 
0.4745717 
0.4755082 
0.4743109 
0.4728915 
0.4704327 
0.4746124 
0.4733049 
0.4721198 
0.4764432 
0.4763354 
0.4735962 
0.4771587 
0.4771057 
0.4703276 
0.4711567 
0.4684062 
0.4697220 
0.4743443 
0.4723541 
0.4705424 
0.4755396 
0.4768864 
0.4705228 
0.4701691 
0.4692729 
0.4651612 
0.4653098 
0.4680701 
0.4641686 
0.4671266 
0.4698227 
0.4651388 
0.4640200 
0.4655344 
0.4601569 
0.4586892 
0.4621179 
0.4633254 
0.4613570 
0.4673431 
0.4613000 
0.4595429 
0.4623358 
0.4621970 
0.4624415 
0.4664222 
0.4592510 
0.4597536 
0.4637369 
0.4543520 
0.4573952 
0.4586841 
0.4480614 
0.4488353 
0.4563881 
0.4539700 
0.4503460 
0.4556808 
0.4489471 
0.4539462 
0.4603388 
0.4612954 
0.4596253 
0.4609587 
0.4652470 
0.4605464 
0.4546772 
0.4572634 
0.4574948 
0.4506507 
0.4497089 
0.4480674 
0.4441011 
0.4451934 
0.4489614 
0.4426052 
0.4422830 
0.4492706 
0.4484374 
0.4430574 
0.4508948 
0.4482065 
0.4457697 
0.4492439 
0.4496523 
0.4477075 
0.4449037 
0.4486637 
0.4478021 
0.4463961 
0.4464776 
0.4484698 
0.4437915 
0.4420489 
0.4416356 
0.4392987 
0.4396181 
0.4412405 
0.4452299 
0.4386111 
0.4359729 
0.4386403 
0.4403786 
0.4374645 
0.4373600 
0.4455835 
0.4477351 
0.4470183 
0.4457694 
0.4432213 
0.4424187 
0.4343995 
0.4305787 
0.4339970 
0.4327111 
0.4284419 
0.4265167 
0.4242029 
0.4247965 
0.4256639 
0.4250804 
0.4217957 
0.4189091 
0.4216264 
0.4234176 
0.4220899 
0.4226453 
0.4234983 
0.4242215 
0.4202193 
0.4235584 
0.4238001 
0.4240748 
0.4222232 
0.4263762 
0.4263244 
0.4258323 
0.4222419 
0.4268651 
0.4295388 
0.4294400 
0.4247565 
0.4270186 
0.4292603 
0.4276838 
0.4288712 
0.4291889 
0.4279946 
0.4290187 
0.4198013 
0.4178061 
0.4194163 
0.4248099 
0.4230104 
0.4203467 
0.4198984 
0.4196833 
0.4215726 
0.4188371 
0.4204791 
0.4202000 
0.4174041 
0.4144667 
0.4119564 
0.4106823 
0.4102386 
0.4133717 
0.4110700 
0.4124024 
0.4161383 
0.4143682 
0.4121724 
0.4160036 
0.4150409 
0.4185789 
0.4193447 
0.4189257 
0.4124011 
0.4106528 
0.4103337 
0.4091075 
0.4065232 
0.4065405 
0.4057493 
0.4090603 
0.4074454 
0.4066989 
0.4066099 
0.4031215 
0.4045775 
0.4058423 
0.4033772 
0.4030225 
0.4005056 
0.3971234 
0.3977144 
0.3965575 
0.3987888 
0.4001880 
0.3990334 
0.3995968 
0.3991682 
0.3972689 
0.3965353 
0.3960773 
0.3929364 
0.3964243 
0.3942385 
0.3922098 
0.3915149 
0.3907763 
0.3895038 
0.3862773 
0.3902698 
0.3902969 
0.3898402 
0.3872394 
0.3895167 
0.3914377 
0.3926900 
0.3895332 
0.3875053 
0.3845209 
0.3877893 
0.3866653 
0.3915349 
0.3911436 
0.3932706 
0.3910317 
0.3887141 
0.3861236 
0.3832616 
0.3872515 
0.3881625 
0.3894895 
0.3864941 
0.3875913 
0.3879076 
0.3875705 
0.3887278 
0.3882817 
0.3886522 
0.3865491 
0.3855249 
0.3857054 
0.3862079 
0.3863742 
0.3883729 
0.3888724 
0.3892934 
0.3899310 
0.3876539 
0.3864452 
0.3763050 
0.3722790 
0.3720129 
0.3706797 
0.3704713 
0.3710944 
0.3764084 
0.3782613 
0.3807451 
0.3842866 
0.3845877 
0.3877021 
0.3822961 
0.3812492 
0.3771339 
0.3773178 
0.3777832 
0.3780822 
0.3738743 
0.3754896 
0.3732227 
0.3733808 
0.3739371 
0.3730922 
0.3743706 
0.3715264 
0.3721223 
0.3710440 
0.3695418 
0.3724483 
0.3695092 
0.3716187 
0.3629908 
0.3620926 
0.3627318 
0.3650307 
0.3662141 
0.3645712 
0.3685339 
0.3709150 
0.3734614 
0.3677434 
0.3681969 
0.3702742 
0.3681902 
0.3701661 
0.3688174 
0.3698409 
0.3718233 
0.3695246 
0.3684654 
0.3708265 
0.3716686 
0.3733067 
0.3688488 
0.3666150 
0.3611836 
0.3610284 
0.3608119 
0.3633208 
0.3620761 
0.3604170 
0.3612785 
0.3594546 
0.3574619 
0.3603406 
0.3612414 
0.3591950 
0.3572141 
0.3623799 
0.3624498 
0.3545856 
0.3546183 
0.3527116 
0.3501330 
0.3484729 
0.3484073 
0.3494732 
0.3508937 
0.3506652 
0.3483667 
0.3470936 
0.3481957 
0.3510742 
0.3501638 
0.3488960 
0.3514866 
0.3554433 
0.3600360 
0.3621103 
0.3603715 
0.3575897 
0.3547577 
0.3566188 
0.3531991 
0.3545912 
0.3559947 
0.3582207 
0.3547124 
0.3541918 
0.3586501 
0.3591745 
0.3572578 
0.3573243 
0.3540452 
0.3540223 
0.3546406 
0.3545159 
0.3536123 
0.3504114 
0.3491488 
0.3472727 
0.3484114 
0.3458873 
0.3440376 
0.3431254 
0.3398647 
0.3367583 
0.3414500 
0.3442900 
0.3403642 
0.3388794 
0.3406538 
0.3399861 
0.3375618 
0.3382003 
0.3386275 
0.3379689 
0.3330343 
0.3319919 
0.3334741 
0.3343108 
0.3370694 
0.3348821 
0.3332950 
0.3293950 
0.3293848 
0.3275113 
0.3292096 
0.3280754 
0.3292112 
0.3332857 
0.3306311 
0.3303100 
0.3271428 
0.3297374 
0.3309051 
0.3308452 
0.3306697 
0.3342068 
0.3314282 
0.3296911 
0.3298594 
0.3323636 
0.3282443 
0.3272586 
0.3264824 
0.3269246 
0.3259416 
0.3248727 
0.3278545 
0.3271767 
0.3276480 
0.3296361 
0.3264192 
0.3263943 
0.3219915 
0.3247086 
0.3233684 
0.3242623 
0.3257896 
0.3265087 
0.3248108 
0.3244253 
0.3235179 
0.3272970 
0.3293608 
0.3334163 
0.3366565 
0.3380281 
0.3401889 
0.3397228 
0.3389917 
0.3378686 
0.3286680 
0.3158263 
0.3178864 
0.3158831 
0.3136482 
0.3128113 
0.3122976 
0.3119364 
0.3115274 
0.3113600 
0.3126924 
0.3125036 
0.3159553 
0.3166605 
0.3168542 
0.3151236 
0.3142974 
0.3164943 
0.3146512 
0.3142588 
0.3128838 
0.3127533 
0.3159109 
0.3175033 
0.3166275 
0.3143953 
0.3132448 
0.3123305 
0.3166995 
0.3129964 
0.3067131 
0.3056741 
0.3045173 
0.3068907 
0.3086140 
0.3086102 
0.3057874 
0.3076329 
0.3096619 
0.3076591 
0.3036719 
0.3004267 
0.3009040 
0.3026437 
0.3060005 
0.3089094 
0.3056367 
0.3035998 
0.3074635 
0.3098690 
0.3068760 
0.3007149 
0.3032162 
0.3070979 
0.3071310 
0.3055594 
0.3005151 
0.2960808 
0.2986523 
0.3060175 
0.3083991 
0.3035890 
0.2987535 
0.2983919 
0.2999657 
0.3023072 
0.3007174 
0.2953225 
0.2977345 
0.3028303 
0.3049089 
0.3067098 
0.2996632 
0.2945113 
0.2971186 
0.3055983 
0.3056108 
0.3032257 
0.2992188 
0.2975294 
0.2994074 
0.3001673 
0.2974007 
0.2931690 
0.2900917 
0.2935022 
0.2969125 
0.2992797 
0.2962637 
0.2919161 
0.2901075 
0.2915756 
0.2949707 
0.2992453 
0.2977263 
0.2948837 
0.3011574 
0.3071826 
0.3137045 
0.3156482 
0.3126717 
0.3101124 
0.3081874 
0.2918005 
0.2954759 
0.2955525 
0.2868503 
0.2825805 
0.2821369 
0.2855215 
0.2886745 
0.2870669 
0.2818949 
0.2785354 
0.2808569 
0.2825633 
0.2852848 
0.2806909 
0.2742676 
0.2749426 
0.2832705 
0.2877636 
0.2928626 
0.2900459 
0.2845588 
0.2827272 
0.2830311 
0.2878717 
0.2901623 
0.2885473 
0.2852111 
0.2800773 
0.2798004 
0.2812346 
0.2849056 
0.2845660 
0.2787825 
0.2753864 
0.2762841 
0.2795238 
0.2834155 
0.2836039 
0.2816546 
0.2820758 
0.2794747 
0.2836357 
0.2825852 
0.2857743 
0.2853710 
0.2783553 
0.2719602 
0.2694049 
0.2710483 
0.2780564 
0.2817248 
0.2807232 
0.2714415 
0.2689900 
0.2666674 
0.2699577 
0.2797562 
0.2778353 
0.2679721 
0.2615938 
0.2576240 
0.2610473 
0.2697912 
0.2748660 
0.2687499 
0.2634928 
0.2579031 
0.2581138 
0.2668104 
0.2714882 
0.2760815 
0.2734233 
0.2674840 
0.2637250 
0.2670525 
0.2694489 
0.2668699 
0.2690623 
0.2622455 
0.2600347 
0.2621085 
0.2608089 
0.2643188 
0.2618764 
0.2620229 
0.2573266 
0.2591500 
0.2624264 
0.2611316 
0.2600008 
0.2585876 
0.2557202 
0.2567997 
0.2539378 
0.2501180 
0.2548032 
0.2583057 
0.2625688 
0.2653363 
0.2597670 
0.2556732 
0.2570009 
0.2560812 
0.2583993 
0.2620875 
0.2603393 
0.2569978 
0.2536628 
0.2541968 
0.2567252 
0.2595042 
0.2577833 
0.2551372 
0.2503296 
0.2505617 
0.2524749 
0.2551608 
0.2564746 
0.2554648 
0.2498086 
0.2479398 
0.2478057 
0.2500642 
0.2523935 
0.2537853 
0.2533784 
0.2511942 
0.2484871 
0.2486256 
0.2471122 
0.2462302 
0.2462672 
0.2441993 
0.2449410 
0.2470928 
0.2473962 
0.2480787 
0.2496120 
0.2502571 
0.2507287 
0.2523309 
0.2499085 
0.2472587 
0.2453906 
0.2449778 
0.2492727 
0.2539047 
0.2521769 
0.2522505 
0.2462692 
0.2430171 
0.2404305 
0.2413636 
0.2412802 
0.2426287 
0.2418839 
0.2390714 
0.2348767 
0.2323657 
0.2293992 
0.2344926 
0.2407999 
0.2458009 
0.2506700 
0.2507849 
0.2488308 
0.2476807 
0.2452541 
0.2413001 
0.2451048 
0.2444279 
0.2437817 
0.2401294 
0.2379669 
0.2400806 
0.2420128 
0.2438640 
0.2447384 
0.2438962 
0.2424205 
0.2397731 
0.2326779 
0.2357019 
0.2368858 
0.2403224 
0.2458502 
0.2476087 
0.2420995 
0.2394769 
0.2351013 
0.2340842 
0.2336919 
0.2387822 
0.2460626 
0.2438874 
0.2428092 
0.2378656 
0.2322275 
0.2282844 
0.2302478 
0.2345146 
0.2376542 
0.2405806 
0.2419152 
0.2392245 
0.2520692 
0.2500635 
0.2467712 
0.2429118 
0.2443097 
0.2474995 
0.2491886 
0.2508340 
0.2550301 
0.2510439 
0.2486447 
0.2459870 
0.2474484 
0.2492329 
0.2509833 
0.2521413 
0.2513318 
0.2492001 
0.2474949 
0.2462868 
0.2466258 
0.2437290 
0.2415640 
0.2425790 
0.2438126 
0.2486641 
0.2479253 
0.2499566 
0.2469622 
0.2452534 
0.2422478 
0.2408955 
0.2428749 
0.2441043 
0.2444167 
0.2441208 
0.2423965 
0.2425231 
0.2445997 
0.2454138 
0.2458741 
0.2442038 
0.2419586 
0.2395956 
0.2372009 
0.2333262 
0.2364243 
0.2351339 
0.2344080 
0.2338755 
0.2434768 
0.2431220 
0.2418748 
0.2405897 
0.2373483 
0.2338467 
0.2344537 
0.2338505 
0.2314275 
0.2340614 
0.2342627 
0.2352190 
0.2299845 
0.2262785 
0.2287974 
0.2338129 
0.2341157 
0.2318196 
0.2314504 
0.2308664 
0.2305087 
0.2312944 
0.2292801 
0.2296329 
0.2263394 
0.2287287 
0.2297826 
0.2263488 
0.2260767 
0.2243436 
0.2214670 
0.2213666 
0.2217034 
0.2215152 
0.2193853 
0.2173011 
0.2153521 
0.2180579 
0.2199283 
0.2160839 
0.2137945 
0.2127270 
0.2159858 
0.2179640 
0.2149865 
0.2156615 
0.2109745 
0.2168402 
0.2168333 
0.2169029 
0.2142669 
0.2116541 
0.2123308 
0.2143920 
0.2157843 
0.2160342 
0.2131672 
0.2106908 
0.2092716 
0.2123423 
0.2099796 
0.2070735 
0.2086808 
0.2084035 
0.2089458 
0.2091068 
0.2084415 
0.2066874 
0.2071198 
0.2069482 
0.2091597 
0.2120641 
0.2122767 
0.2142374 
0.2131601 
0.2130628 
0.2124219 
0.2134645 
0.2105482 
0.2068339 
0.2032445 
0.2055197 
0.2067058 
0.2083871 
0.2090968 
0.2078426 
0.2076458 
0.2040724 
0.2061198 
0.2035708 
0.2052761 
0.2059373 
0.2041307 
0.2081320 
0.2068689 
0.2090686 
0.2095081 
0.2126792 
0.2091700 
0.2097645 
0.2064423 
0.2036222 
0.2031247 
0.2005630 
0.2017253 
0.2021307 
0.2015445 
0.2017501 
0.2014062 
0.2038184 
0.2048222 
0.2055269 
0.2024062 
0.2045962 
0.2036539 
0.1989275 
0.1990054 
0.1991515 
0.1981053 
0.1978176 
0.1971702 
0.1953390 
0.1955374 
0.1964876 
0.1946211 
0.1968583 
0.1955704 
0.1980834 
0.1987720 
0.1957611 
0.1945458 
0.1991726 
0.1977788 
0.1947342 
0.1955515 
0.1932439 
0.1959612 
0.1934580 
0.1920035 
0.1898624 
0.1894823 
0.1917536 
0.1922102 
0.1933563 
0.1949013 
0.1944426 
0.1930644 
0.1922348 
0.1900297 
0.1895930 
0.1891648 
0.1824951 
0.1813124 
0.1825688 
0.1834554 
0.1805148 
0.1812290 
0.1774968 
0.1790116 
0.1780084 
0.1756044 
0.1785422 
0.1830815 
0.1874696 
0.1913430 
0.1895161 
0.1893499 
0.1849042 
0.1840394 
0.1834908 
0.1823815 
0.1824653 
0.1829287 
0.1844105 
0.1823006 
0.1817027 
0.1838461 
0.1845999 
0.1832996 
0.1855723 
0.1830652 
0.1836344 
0.1815596 
0.1807604 
0.1815332 
0.1797944 
0.1810757 
0.1828172 
0.1796727 
0.1824510 
0.1807268 
0.1796942 
0.1820842 
0.1814324 
0.1809538 
0.1811520 
0.1790608 
0.1799601 
0.1788379 
0.1799216 
0.1789065 
0.1756699 
0.1750913 
0.1758251 
0.1754283 
0.1765703 
0.1731103 
0.1675195 
0.1702503 
0.1722087 
0.1719279 
0.1734431 
0.1750084 
0.1707541 
0.1712248 
0.1705034 
0.1714604 
0.1690030 
0.1661770 
0.1665635 
0.1671547 
0.1693165 
0.1704463 
0.1662013 
0.1686445 
0.1704387 
0.1686805 
0.1665393 
0.1713344 
0.1679021 
0.1671391 
0.1668965 
0.1679384 
0.1662067 
0.1667195 
0.1663296 
0.1645225 
0.1649488 
0.1673766 
0.1689410 
0.1648815 
0.1682076 
0.1655885 
0.1662290 
0.1645866 
0.1659616 
0.1625436 
0.1623175 
0.1652090 
0.1650290 
0.1642222 
0.1637372 
0.1598820 
0.1624669 
0.1594387 
0.1597902 
0.1600569 
0.1600386 
0.1608999 
0.1600765 
0.1590890 
0.1586675 
0.1582534 
0.1538423 
0.1531548 
0.1551587 
0.1567307 
0.1579566 
0.1554930 
0.1564166 
0.1539428 
0.1557214 
0.1568251 
0.1541445 
0.1537494 
0.1528281 
0.1537451 
0.1550018 
0.1560960 
0.1582435 
0.1566724 
0.1603734 
0.1616704 
0.1617986 
0.1602975 
0.1568576 
0.1539783 
0.1513538 
0.1512419 
0.1539392 
0.1527719 
0.1514762 
0.1513667 
0.1518864 
0.1508296 
0.1508690 
0.1496140 
0.1498992 
0.1496081 
0.1498184 
0.1502496 
0.1505429 
0.1487201 
0.1464598 
0.1475785 
0.1470705 
0.1488078 
0.1472842 
0.1456049 
0.1484713 
0.1478062 
0.1463251 
0.1451276 
0.1450484 
0.1466770 
0.1457003 
0.1490740 
0.1506423 
0.1480893 
0.1468312 
0.1459132 
0.1444419 
0.1480462 
0.1465382 
0.1495425 
0.1469235 
0.1424842 
0.1428853 
0.1451624 
0.1422651 
0.1420297 
0.1438228 
0.1430923 
0.1417021 
0.1401678 
0.1416383 
0.1435879 
0.1427237 
0.1378048 
0.1392659 
0.1426580 
0.1409542 
0.1441809 
0.1419733 
0.1425377 
0.1384706 
0.1324075 
0.1321624 
0.1325505 
0.1323774 
0.1330306 
0.1357070 
0.1373081 
0.1372839 
0.1369823 
0.1374365 
0.1360011 
0.1335810 
0.1345060 
0.1337214 
0.1343172 
0.1336533 
0.1350099 
0.1349677 
0.1343652 
0.1326357 
0.1305949 
0.1352856 
0.1372697 
0.1356424 
0.1362966 
0.1347779 
0.1338845 
0.1330334 
0.1321898 
0.1304656 
0.1319157 
0.1342698 
0.1332965 
0.1316258 
0.1310664 
0.1294631 
0.1290367 
0.1252116 
0.1260516 
0.1231436 
0.1244013 
0.1265162 
0.1274884 
0.1249285 
0.1273379 
0.1286174 
0.1279744 
0.1277505 
0.1233773 
0.1218243 
0.1240500 
0.1226677 
0.1221977 
0.1235243 
0.1270353 
0.1281035 
0.1272465 
0.1282852 
0.1279269 
0.1262039 
0.1256811 
0.1242961 
0.1215346 
0.1232776 
0.1249118 
0.1268717 
0.1218142 
0.1227051 
0.1230612 
0.1242471 
0.1210413 
0.1210396 
0.1195195 
0.1205713 
0.1170771 
0.1194343 
0.1185835 
0.1189021 
0.1174592 
0.1187309 
0.1186493 
0.1170454 
0.1193182 
0.1222546 
0.1187828 
0.1187400 
0.1190356 
0.1210607 
0.1191282 
0.1200415 
0.1210490 
0.1217341 
0.1197625 
0.1171520 
0.1171377 
0.1147390 
0.1180604 
0.1183133 
0.1173198 
0.1171416 
0.1134849 
0.1129599 
0.1179633 
0.1192821 
0.1188318 
0.1191126 
0.1228805 
0.1227616 
0.1228394 
0.1217129 
0.1192536 
0.1183508 
0.1182484 
0.1173048 
0.1182340 
0.1191839 
0.1109894 
0.1102094 
0.1093968 
0.1099136 
0.1117195 
0.1113794 
0.1095717 
0.1082509 
0.1037174 
0.1067761 
0.1089738 
0.1070814 
0.1067865 
0.1052122 
0.1060171 
0.1052701 
0.1019333 
0.1027900 
0.1046921 
0.1029073 
0.1074099 
0.1043334 
0.1036033 
0.1028237 
0.1005928 
0.1032129 
0.1013550 
0.1017910 
0.1016889 
0.0975456 
0.0990511 
0.1006836 
0.0972881 
0.0987010 
0.0991166 
0.0986306 
0.0987793 
0.1005068 
0.1027552 
0.0983070 
0.0957650 
0.0924369 
0.0931071 
0.0926221 
0.0947590 
0.0939699 
0.0919189 
0.0921557 
0.0927965 
0.0919988 
0.0915068 
0.0908367 
0.0925167 
0.0933043 
0.0956640 
0.0971059 
0.0961840 
0.0948864 
0.0897706 
0.0893195 
0.0875394 
0.0903976 
0.0912301 
0.0920224 
0.0911084 
0.0912673 
0.0919677 
0.0930757 
0.0953834 
0.0935572 
0.0928886 
0.0902828 
0.0908779 
0.0923460 
0.0918022 
0.0911601 
0.0935567 
0.0919524 
0.0913077 
0.0893771 
0.0896695 
0.0902588 
0.0887242 
0.0877050 
0.0866486 
0.0829645 
0.0835654 
0.0873797 
0.0906686 
0.0893712 
0.0890250 
0.0868935 
0.0866308 
0.0847374 
0.0856645 
0.0866325 
0.0832355 
0.0838513 
0.0835766 
0.0856100 
0.0842053 
0.0862544 
0.0837159 
0.0807095 
0.0819817 
0.0872366 
0.0863025 
0.0863902 
0.0822190 
0.0791282 
0.0795761 
0.0802742 
0.0796508 
0.0817557 
0.0840273 
0.0830527 
0.0805046 
0.0835686 
0.0826253 
0.0813976 
0.0831839 
0.0873635 
0.0909343 
0.0820983 
0.0709850 
0.0748081 
0.0738430 
0.0743485 
0.0732878 
0.0754641 
0.0741786 
0.0717696 
0.0733190 
0.0729114 
0.0738702 
0.0759666 
0.0766783 
0.0745206 
0.0738737 
0.0738124 
0.0723846 
0.0706541 
0.0724660 
0.0729874 
0.0717184 
0.0692874 
0.0690567 
0.0673695 
0.0649369 
0.0654822 
0.0642106 
0.0674913 
0.0722775 
0.0719089 
0.0718543 
0.0720483 
0.0717776 
0.0720447 
0.0714124 
0.0716219 
0.0717590 
0.0690939 
0.0677730 
0.0669772 
0.0639815 
0.0621896 
0.0605237 
0.0653627 
0.0639636 
0.0628738 
0.0618839 
0.0637782 
0.0641405 
0.0641604 
0.0695775 
0.0713264 
0.0681818 
0.0651730 
0.0644028 
0.0665162 
0.0680617 
0.0659785 
0.0670703 
0.0637363 
0.0660018 
0.0680363 
0.0655660 
0.0674830 
0.0649175 
0.0664396 
0.0639753 
0.0650846 
0.0656498 
0.0636576 
0.0624542 
0.0653862 
0.0651136 
0.0636362 
0.0586760 
0.0596715 
0.0606718 
0.0618909 
0.0583285 
0.0607698 
0.0579082 
0.0579408 
0.0590489 
0.0596912 
0.0587626 
0.0578639 
0.0581831 
0.0570668 
0.0543232 
0.0517785 
0.0549029 
0.0551970 
0.0545506 
0.0540545 
0.0551085 
0.0534246 
0.0545627 
0.0541801 
0.0544995 
0.0514645 
0.0485155 
0.0506288 
0.0499982 
0.0494618 
0.0475370 
0.0479630 
0.0468957 
0.0468825 
0.0463165 
0.0463196 
0.0460548 
0.0435574 
0.0440613 
0.0430291 
0.0427713 
0.0424852 
0.0437365 
0.0428849 
0.0431427 
0.0426777 
0.0443059 
0.0445011 
0.0502590 
0.0552753 
0.0564221 
0.0528110 
0.0498622 
0.0509669 
0.0486275 
0.0495237 
0.0464573 
0.0453585 
0.0459516 
0.0458786 
0.0481892 
0.0468026 
0.0460207 
0.0447436 
0.0441864 
0.0440941 
0.0425582 
0.0411404 
0.0409315 
0.0375797 
0.0373960 
0.0374333 
0.0351467 
0.0367763 
0.0352898 
0.0336261 
0.0354949 
0.0345296 
0.0358564 
0.0349421 
0.0345936 
0.0311790 
0.0331537 
0.0331560 
0.0364035 
0.0342576 
0.0364087 
0.0346185 
0.0351803 
0.0364009 
0.0367473 
0.0369132 
0.0352669 
0.0356161 
0.0374929 
0.0384926 
0.0330109 
0.0314492 
0.0314559 
0.0307953 
0.0304673 
0.0317099 
0.0291740 
0.0305294 
0.0299737 
0.0301406 
0.0296353 
0.0298326 
0.0270103 
0.0275043 
0.0284116 
0.0293948 
0.0280152 
0.0255907 
0.0248105 
0.0263889 
0.0273741 
0.0292754 
0.0274271 
0.0289320 
0.0273605 
0.0257046 
0.0257372 
0.0239390 
0.0229693 
0.0248242 
0.0243093 
0.0231232 
0.0222838 
0.0220095 
0.0251810 
0.0257602 
0.0233852 
0.0188491 
0.0187666 
0.0207263 
0.0219899 
0.0235679 
0.0232395 
0.0225733 
0.0212377 
0.0211848 
0.0208835 
0.0209161 
0.0195179 
0.0201483 
0.0190980 
0.0181353 
0.0176888 
0.0193839 
0.0230102 
0.0216916 
0.0235840 
0.0209757 
0.0212630 
0.0226613 
0.0219337 
0.0210864 
0.0212472 
0.0202865 
0.0220718 
0.0223779 
0.0175565 
0.0150662 
0.0112044 
0.0103527 
0.0116766 
0.0114051 
0.0112556 
0.0091902 
0.0077022 
0.0077736 
0.0072048 
0.0063267 
0.0054698 
0.0050906 
0.0072879 
0.0068451 
0.0039255 
0.0024972 
0.0062446 
0.0053830 
0.0066093 
0.0031817 
0.0022559 
0.0033634 
0.0035669 
0.0069394 
0.0050100 
0.0086880 
0.0076863 
0.0126323 
0.0118387 
0.0187035 
0.0170065 
0.0141936 
0.0117124 
0.0127841 
0.0119101 
0.0130718 
0.0119023 
0.0096687 
0.0087349 
0.0100635 
0.0122123 
0.0148924 
0.0129013 
0.0048848 
0.0047361 
0.0074186 
0.0043589 
0.0048626 
0.0069441 
0.0082170 
0.0058808 
0.0055381 
0.0061245 
0.0065076 
0.0065351 
0.0052676 
0.0046959 
0.0056238 
0.0078273 
0.0069066 
0.0097018 
0.0071514 
0.0078579 
0.0092518 
0.0095967 
0.0093430 
0.0074584 
0.0058392 
0.0075292 
0.0064392 
0.0039524 
0.0017812 
0.0011319 
0.0054820 
0.0073189 
0.0044847 
0.0031527 
0.0029321 
0.0031592 
0.0027750 
0.0047761 
0.0037579 
0.0048859 
0.0066520 
0.0051687 
0.0026156 
0.0000000 
0.0002443 
