0.0001406 
-0.0001729 
-0.0000913 
-0.0909098 
-0.0964860 
-0.1820352 
0.9991922 
0.9912551 
0.9909005 
0.9914028 
0.9972282 
0.9923228 
0.9881421 
0.9907048 
0.9906038 
0.9927985 
0.9914449 
0.9955190 
0.9878299 
0.9825967 
0.9873051 
0.9863808 
0.9918075 
0.9956837 
0.9998141 
0.9995856 
0.9993880 
0.9946590 
0.9926684 
0.9867899 
0.9804275 
0.9801562 
0.9716437 
0.9707830 
0.9741257 
0.9770469 
0.9697633 
0.9720887 
0.9728341 
0.9727570 
0.9703031 
0.9779467 
0.9814035 
0.9801131 
0.9748201 
0.9716748 
0.9699945 
0.9787397 
0.9778102 
0.9774462 
0.9856079 
0.9873641 
0.9862292 
0.9889800 
0.9920654 
0.9919859 
0.9937473 
0.9977838 
0.9969101 
0.9933093 
0.9922541 
0.9850183 
0.9840335 
0.9960260 
1.0000000 
0.9974158 
0.9897346 
0.9904817 
0.9905270 
0.9886943 
0.9836632 
0.9886505 
0.9848999 
0.9844478 
0.9842069 
0.9851264 
0.9800449 
0.9769336 
0.9744370 
0.9662195 
0.9711266 
0.9713222 
0.9748022 
0.9759432 
0.9768957 
0.9749717 
0.9718586 
0.9710314 
0.9590218 
0.9572059 
0.9638893 
0.9671819 
0.9632316 
0.9655777 
0.9670456 
0.9728700 
0.9753580 
0.9709073 
0.9743210 
0.9715621 
0.9694425 
0.9708407 
0.9677674 
0.9709212 
0.9726456 
0.9771063 
0.9722452 
0.9693496 
0.9706426 
0.9711551 
0.9733499 
0.9700023 
0.9773735 
0.9625832 
0.9601841 
0.9506311 
0.9508903 
0.9532036 
0.9542218 
0.9509580 
0.9501365 
0.9510465 
0.9474671 
0.9483075 
0.9449890 
0.9444827 
0.9478293 
0.9509581 
0.9487653 
0.9507081 
0.9521347 
0.9526525 
0.9594867 
0.9563882 
0.9599833 
0.9618707 
0.9653683 
0.9661374 
0.9654335 
0.9676223 
0.9702832 
0.9662296 
0.9683367 
0.9668792 
0.9691384 
0.9656667 
0.9645691 
0.9639032 
0.9673418 
0.9633527 
0.9639531 
0.9615817 
0.9625128 
0.9597665 
0.9580155 
0.9554631 
0.9597578 
0.9694969 
0.9553120 
0.9496851 
0.9518616 
0.9482586 
0.9509782 
0.9607694 
0.9647926 
0.9677306 
0.9643829 
0.9638311 
0.9672680 
0.9734443 
0.9674718 
0.9673367 
0.9646742 
0.9647097 
0.9648284 
0.9655062 
0.9685432 
0.9703164 
0.9665199 
0.9675479 
0.9616059 
0.9643550 
0.9643004 
0.9673676 
0.9671676 
0.9669279 
0.9708394 
0.9678564 
0.9713272 
0.9717053 
0.9717626 
0.9743903 
0.9668190 
0.9595909 
0.9663177 
0.9685802 
0.9710734 
0.9743431 
0.9665689 
0.9668049 
0.9597281 
0.9596727 
0.9626945 
0.9642855 
0.9683312 
0.9678491 
0.9708575 
0.9690279 
0.9684354 
0.9691027 
0.9706995 
0.9757510 
0.9719825 
0.9774119 
0.9783296 
0.9861850 
0.9838248 
0.9735712 
0.9783726 
0.9848869 
0.9788935 
0.9832356 
0.9811566 
0.9798633 
0.9802377 
0.9923620 
0.9924227 
0.9838667 
0.9887667 
0.9916290 
0.9880206 
0.9875389 
0.9849627 
0.9841029 
0.9875412 
0.9803446 
0.9765031 
0.9767412 
0.9837902 
0.9843981 
0.9855499 
0.9923804 
0.9861520 
0.9810958 
0.9859253 
0.9848332 
0.9872171 
0.9814140 
0.9878675 
0.9845382 
0.9844175 
0.9796204 
0.9811102 
0.9832202 
0.9885939 
0.9821726 
0.9802349 
0.9809693 
0.9847443 
0.9854719 
0.9822834 
0.9793049 
0.9822251 
0.9827095 
0.9797288 
0.9795162 
0.9831011 
0.9794236 
0.9809612 
0.9805823 
0.9702472 
0.9685151 
0.9673349 
0.9666770 
0.9703906 
0.9725788 
0.9729250 
0.9695540 
0.9739212 
0.9732928 
0.9751392 
0.9669554 
0.9715809 
0.9732453 
0.9777960 
0.9762519 
0.9779188 
0.9792389 
0.9786529 
0.9813843 
0.9763517 
0.9731672 
0.9783239 
0.9753796 
0.9775796 
0.9754086 
0.9726937 
0.9724679 
0.9715181 
0.9685713 
0.9578620 
0.9650638 
0.9665288 
0.9576088 
0.9507939 
0.9554056 
0.9514376 
0.9516605 
0.9499253 
0.9421462 
0.9417205 
0.9423762 
0.9508859 
0.9419791 
0.9460352 
0.9503864 
0.9543010 
0.9585555 
0.9587683 
0.9608651 
0.9567151 
0.9622446 
0.9642357 
0.9627847 
0.9582135 
0.9703442 
0.9698731 
0.9702988 
0.9788358 
0.9784938 
0.9758428 
0.9806303 
0.9828821 
0.9835119 
0.9794952 
0.9765010 
0.9776662 
0.9801146 
0.9748884 
0.9715088 
0.9799435 
0.9749125 
0.9726175 
0.9762977 
0.9705408 
0.9690610 
0.9620154 
0.9623535 
0.9609243 
0.9533132 
0.9575991 
0.9569008 
0.9572012 
0.9618227 
0.9596289 
0.9596465 
0.9583156 
0.9668360 
0.9579062 
0.9636228 
0.9661935 
0.9583265 
0.9643402 
0.9667026 
0.9648060 
0.9681208 
0.9572107 
0.9646402 
0.9678285 
0.9700892 
0.9655889 
0.9573943 
0.9581498 
0.9670794 
0.9687006 
0.9641119 
0.9665528 
0.9615171 
0.9575597 
0.9485814 
0.9485390 
0.9460253 
0.9490622 
0.9568821 
0.9452687 
0.9453002 
0.9422966 
0.9456942 
0.9448077 
0.9441707 
0.9405979 
0.9359818 
0.9363861 
0.9365684 
0.9345243 
0.9359704 
0.9338372 
0.9315677 
0.9307057 
0.9342242 
0.9362485 
0.9393716 
0.9404628 
0.9500247 
0.9442071 
0.9456209 
0.9456915 
0.9452851 
0.9470712 
0.9462845 
0.9501849 
0.9356189 
0.9413013 
0.9415391 
0.9363862 
0.9384320 
0.9346136 
0.9343421 
0.9322698 
0.9280556 
0.9270729 
0.9273582 
0.9293829 
0.9294245 
0.9258714 
0.9251958 
0.9197699 
0.9251780 
0.9311390 
0.9359751 
0.9263351 
0.9320920 
0.9292512 
0.9296917 
0.9416613 
0.9312740 
0.9303509 
0.9285163 
0.9384542 
0.9359070 
0.9393891 
0.9424826 
0.9473032 
0.9408915 
0.9427571 
0.9385735 
0.9341063 
0.9384385 
0.9372150 
0.9385422 
0.9306064 
0.9327158 
0.9280240 
0.9272938 
0.9320447 
0.9337012 
0.9367960 
0.9327918 
0.9298915 
0.9231871 
0.9233061 
0.9237466 
0.9213554 
0.9247345 
0.9204978 
0.9175611 
0.9210731 
0.9164894 
0.9151973 
0.9259280 
0.9148673 
0.9202861 
0.9169926 
0.9209411 
0.9197075 
0.9236498 
0.9257693 
0.9222253 
0.9314478 
0.9359632 
0.9345288 
0.9323128 
0.9300278 
0.9291241 
0.9270058 
0.9304456 
0.9274902 
0.9306096 
0.9267852 
0.9247157 
0.9284573 
0.9171448 
0.9231017 
0.9208479 
0.9200775 
0.9174438 
0.9140119 
0.9176994 
0.9163622 
0.9191150 
0.9250596 
0.9406716 
0.9322044 
0.9250756 
0.9256692 
0.9232748 
0.9231900 
0.9301494 
0.9269582 
0.9282233 
0.9245517 
0.9331272 
0.9279778 
0.9260191 
0.9278737 
0.9365015 
0.9473570 
0.9347740 
0.9306712 
0.9298287 
0.9289681 
0.9267642 
0.9307993 
0.9341650 
0.9273176 
0.9271067 
0.9262931 
0.9249748 
0.9133601 
0.9134011 
0.9239175 
0.9148984 
0.9144472 
0.9139955 
0.9111014 
0.9080237 
0.9023404 
0.9070163 
0.9085359 
0.9146398 
0.9120645 
0.9131361 
0.9105106 
0.9099105 
0.9091263 
0.9066499 
0.9048921 
0.9090023 
0.9119168 
0.9150055 
0.9173397 
0.9178756 
0.9163342 
0.9133524 
0.9236163 
0.9145860 
0.9139557 
0.9174268 
0.9204837 
0.9239506 
0.9194519 
0.9222541 
0.9152288 
0.9154839 
0.9133733 
0.9135476 
0.9089597 
0.9125647 
0.9057031 
0.9134807 
0.9132752 
0.9109910 
0.9130494 
0.9055457 
0.9043692 
0.9080364 
0.9070888 
0.9045959 
0.8991611 
0.8957697 
0.8939387 
0.8995735 
0.8989469 
0.9027221 
0.8974148 
0.8979269 
0.8906983 
0.8889449 
0.8927463 
0.8949200 
0.8983696 
0.8899653 
0.8923621 
0.8903374 
0.8932235 
0.8965070 
0.8920573 
0.9004157 
0.8992274 
0.8951650 
0.8948327 
0.8956612 
0.8946195 
0.8969526 
0.8963573 
0.8966401 
0.8932720 
0.8901507 
0.8918585 
0.8831090 
0.8814742 
0.8871919 
0.8842164 
0.8806717 
0.8802653 
0.8797100 
0.8794635 
0.8825787 
0.8764499 
0.8725110 
0.8689979 
0.8755384 
0.8733159 
0.8757297 
0.8807300 
0.8752626 
0.8720224 
0.8738729 
0.8701553 
0.8716027 
0.8719305 
0.8792258 
0.8764375 
0.8799291 
0.8738520 
0.8720706 
0.8739019 
0.8674423 
0.8667547 
0.8791208 
0.8826324 
0.8875757 
0.8926679 
0.8892426 
0.8847694 
0.8808140 
0.8823965 
0.8771557 
0.8762233 
0.8782938 
0.8742513 
0.8835875 
0.8808707 
0.8817515 
0.8790753 
0.8772815 
0.8803187 
0.8745154 
0.8729748 
0.8730801 
0.8737035 
0.8663992 
0.8630603 
0.8675891 
0.8660100 
0.8636801 
0.8702571 
0.8657379 
0.8722067 
0.8723210 
0.8798974 
0.8760601 
0.8813832 
0.8773268 
0.8758407 
0.8772671 
0.8745953 
0.8712688 
0.8649275 
0.8673280 
0.8609297 
0.8634200 
0.8648154 
0.8607250 
0.8520432 
0.8676798 
0.8699071 
0.8825772 
0.8925258 
0.8850703 
0.8898411 
0.8839554 
0.8823697 
0.8755010 
0.8726039 
0.8703159 
0.8790924 
0.8801854 
0.8796307 
0.8801257 
0.8798266 
0.8709753 
0.8725491 
0.8642373 
0.8618510 
0.8533683 
0.8453799 
0.8484785 
0.8455170 
0.8545301 
0.8548797 
0.8487336 
0.8635952 
0.8554059 
0.8623319 
0.8569396 
0.8604530 
0.8600884 
0.8694567 
0.8699460 
0.8707484 
0.8671532 
0.8615577 
0.8615929 
0.8584812 
0.8547758 
0.8364036 
0.8408373 
0.8403804 
0.8386643 
0.8393596 
0.8433035 
0.8326335 
0.8323809 
0.8329055 
0.8367557 
0.8362606 
0.8381140 
0.8290947 
0.8297284 
0.8381312 
0.8402180 
0.8304970 
0.8296457 
0.8208435 
0.8140004 
0.8182312 
0.8195160 
0.8288621 
0.8279535 
0.8298047 
0.8246575 
0.8130874 
0.8126091 
0.8070162 
0.8177353 
0.8190609 
0.8194212 
0.8223418 
0.8265573 
0.8298660 
0.8255383 
0.8180041 
0.8183735 
0.8203636 
0.8170996 
0.8118807 
0.8212227 
0.8178492 
0.8057026 
0.8128699 
0.8087138 
0.8041744 
0.8029846 
0.8086806 
0.8044049 
0.8072543 
0.8032532 
0.7952214 
0.7900326 
0.7863871 
0.7777193 
0.7794292 
0.7744275 
0.7662727 
0.7726701 
0.7534591 
0.7521343 
0.7731554 
0.7784963 
0.7776346 
0.7779437 
0.7750326 
0.7846600 
0.7988026 
0.7966515 
0.8032727 
0.7961142 
0.8065893 
0.8055907 
0.8018992 
0.7962764 
0.8029057 
0.8013738 
0.7984341 
0.8098754 
0.8125617 
0.8184415 
0.8022959 
0.7980547 
0.7899060 
0.7945998 
0.7909317 
0.7752004 
0.7798661 
0.7808525 
0.7706281 
0.7739813 
0.7748734 
0.7765334 
0.7666180 
0.7630110 
0.7756628 
0.7732088 
0.7600304 
0.7512455 
0.7624412 
0.7690883 
0.7556330 
0.7626221 
0.7618511 
0.7517223 
0.7394354 
0.7570099 
0.7351698 
0.7316509 
0.7371503 
0.7263278 
0.7294781 
0.7344252 
0.7335578 
0.7412833 
0.7337378 
0.7338700 
0.7398987 
0.7414818 
0.7454365 
0.7455555 
0.7400737 
0.7366434 
0.7334630 
0.7277250 
0.7253390 
0.7234390 
0.7210147 
0.7235776 
0.7239570 
0.7237625 
0.7296645 
0.7200876 
0.7254577 
0.7202366 
0.7264708 
0.7258850 
0.7173392 
0.7199814 
0.7110445 
0.7092121 
0.7079723 
0.7123960 
0.7065670 
0.7153476 
0.7119549 
0.7082885 
0.7054770 
0.7218118 
0.7191182 
0.7199222 
0.7057840 
0.7199340 
0.7089954 
0.7103837 
0.7115938 
0.7100147 
0.7100361 
0.7003203 
0.7013409 
0.7004607 
0.7100898 
0.7122370 
0.7076104 
0.6916021 
0.6830758 
0.6822450 
0.6765343 
0.6814589 
0.6884969 
0.6803287 
0.6783995 
0.6826933 
0.6861394 
0.6835840 
0.6792368 
0.6856926 
0.6794298 
0.6827150 
0.6855104 
0.6771724 
0.6793930 
0.6720393 
0.6737244 
0.6734637 
0.6788555 
0.6721658 
0.6688998 
0.6658334 
0.6687050 
0.6667381 
0.6739318 
0.6661145 
0.6721269 
0.6719910 
0.6674132 
0.6682514 
0.6788006 
0.6788840 
0.6739256 
0.6795134 
0.6821647 
0.6833975 
0.6776326 
0.6756999 
0.6587943 
0.6670151 
0.6645042 
0.6660859 
0.6490427 
0.6568805 
0.6552182 
0.6506046 
0.6487906 
0.6423750 
0.6486099 
0.6553729 
0.6477133 
0.6528268 
0.6583841 
0.6553382 
0.6599142 
0.6555019 
0.6541228 
0.6588378 
0.6533094 
0.6556406 
0.6428076 
0.6518484 
0.6504646 
0.6482248 
0.6483600 
0.6475562 
0.6517061 
0.6476304 
0.6455159 
0.6424732 
0.6434435 
0.6399221 
0.6382318 
0.6288266 
0.6345383 
0.6280629 
0.6271127 
0.6319519 
0.6248477 
0.6294761 
0.6369705 
0.6388368 
0.6319737 
0.6358497 
0.6239582 
0.6259329 
0.6177641 
0.6146599 
0.6201310 
0.6249242 
0.6160881 
0.6180112 
0.6113076 
0.6122779 
0.6105127 
0.6039165 
0.6102957 
0.6007337 
0.6072108 
0.5989508 
0.6028668 
0.6000470 
0.6056396 
0.6169398 
0.6115282 
0.6169703 
0.6062927 
0.6148140 
0.6141480 
0.6161326 
0.6171263 
0.6121532 
0.6176103 
0.6049278 
0.6183747 
0.6043070 
0.6042777 
0.5908975 
0.5926979 
0.5896056 
0.5876518 
0.5971369 
0.5952041 
0.5891017 
0.5858308 
0.5850263 
0.5793564 
0.5805316 
0.5808891 
0.5847848 
0.5702773 
0.5645281 
0.5679634 
0.5647030 
0.5660897 
0.5679092 
0.5673781 
0.5558843 
0.5615462 
0.5563981 
0.5541028 
0.5490330 
0.5520760 
0.5639428 
0.5624524 
0.5572530 
0.5600486 
0.5635201 
0.5664076 
0.5620546 
0.5606034 
0.5478666 
0.5488482 
0.5583702 
0.5471987 
0.5486454 
0.5456809 
0.5433402 
0.5433014 
0.5370517 
0.5352126 
0.5404688 
0.5460464 
0.5452164 
0.5378035 
0.5353819 
0.5353240 
0.5445229 
0.5390570 
0.5311748 
0.5299272 
0.5320248 
0.5238756 
0.5287028 
0.5251106 
0.5283550 
0.5314635 
0.5309473 
0.5399474 
0.5415368 
0.5352365 
0.5335273 
0.5339945 
0.5341805 
0.5301029 
0.5338083 
0.5322147 
0.5443573 
0.5162287 
0.5210348 
0.5120005 
0.5174810 
0.5102912 
0.5088215 
0.4968363 
0.5015216 
0.4987923 
0.5043953 
0.5040461 
0.4998225 
0.4973322 
0.4902802 
0.4969599 
0.4902303 
0.4930006 
0.5022108 
0.4850427 
0.4860144 
0.4905130 
0.4985760 
0.4883091 
0.4953763 
0.4934565 
0.4793934 
0.4974950 
0.4887347 
0.4971986 
0.4890837 
0.4988157 
0.5068312 
0.4990099 
0.4869032 
0.4771305 
0.4822711 
0.4752081 
0.4810756 
0.4792050 
0.4784105 
0.4922299 
0.4943179 
0.4919077 
0.4908700 
0.4863580 
0.4872060 
0.4849180 
0.4933120 
0.4913200 
0.4968678 
0.4950194 
0.4924098 
0.4909978 
0.4981390 
0.5025908 
0.5102592 
0.4974276 
0.4959471 
0.4873884 
0.4817668 
0.4707740 
0.4693996 
0.4667189 
0.4691711 
0.4787329 
0.4731906 
0.4756241 
0.4700244 
0.4692307 
0.4707585 
0.4692675 
0.4734465 
0.4544829 
0.4509559 
0.4581918 
0.4506354 
0.4479833 
0.4521446 
0.4535261 
0.4392891 
0.4497217 
0.4587703 
0.4499560 
0.4412435 
0.4476560 
0.4465612 
0.4433374 
0.4424828 
0.4440737 
0.4319872 
0.4418020 
0.4498389 
0.4517966 
0.4473285 
0.4520686 
0.4378562 
0.4517724 
0.4411389 
0.4404979 
0.4352824 
0.4425411 
0.4277468 
0.4403311 
0.4369948 
0.4347384 
0.4459924 
0.4387687 
0.4411572 
0.4335884 
0.4555576 
0.4446124 
0.4543693 
0.4372460 
0.4538150 
0.4498763 
0.4445673 
0.4546452 
0.4699711 
0.4638695 
0.4662161 
0.4778254 
0.4694697 
0.4734747 
0.4478261 
0.4521620 
0.4507153 
0.4515996 
0.4555892 
0.4478018 
0.4498766 
0.4369638 
0.4455421 
0.4279313 
0.4277512 
0.4340718 
0.4292783 
0.4414070 
0.4402207 
0.4324644 
0.4298663 
0.4296540 
0.4340846 
0.4324432 
0.4387269 
0.4238701 
0.4236327 
0.4358723 
0.4292075 
0.4308447 
0.4310559 
0.4310372 
0.4291506 
0.4192754 
0.4270307 
0.4354714 
0.4187694 
0.4297272 
0.4231292 
0.4099322 
0.4127811 
0.4159711 
0.4076576 
0.4040711 
0.4138881 
0.4237167 
0.4183588 
0.4252642 
0.4220183 
0.4103503 
0.4214488 
0.4298093 
0.4067431 
0.4067373 
0.4207009 
0.3931712 
0.3987052 
0.3947093 
0.4189872 
0.4021011 
0.3994798 
0.3962327 
0.3980218 
0.3915158 
0.3903297 
0.3889131 
0.3906970 
0.4018913 
0.3943354 
0.4012783 
0.3955234 
0.3987997 
0.3973551 
0.4032052 
0.3924744 
0.3943864 
0.4038743 
0.3885828 
0.3773635 
0.3917234 
0.4023843 
0.3945075 
0.3782827 
0.3801628 
0.3804242 
0.3726403 
0.3686883 
0.3837327 
0.3770143 
0.3793725 
0.3919850 
0.3995888 
0.3953131 
0.3835185 
0.3890084 
0.3789218 
0.3788994 
0.3756147 
0.3752120 
0.3809220 
0.3738224 
0.3781622 
0.3799465 
0.3778462 
0.3930785 
0.3880310 
0.3809435 
0.3819196 
0.3674034 
0.3672860 
0.3775374 
0.3749590 
0.3779693 
0.3743912 
0.3874457 
0.3729903 
0.3783831 
0.3771964 
0.3769402 
0.3795908 
0.3783706 
0.3776104 
0.3697252 
0.3710288 
0.3598461 
0.3644716 
0.3670781 
0.3707487 
0.3719453 
0.3696447 
0.3765888 
0.3667130 
0.3619976 
0.3620248 
0.3611942 
0.3633344 
0.3662389 
0.3624972 
0.3600840 
0.3558565 
0.3581201 
0.3482803 
0.3460261 
0.3433476 
0.3573109 
0.3350569 
0.3365628 
0.3382476 
0.3335783 
0.3186923 
0.3216432 
0.3620234 
0.3220837 
0.3334221 
0.3372186 
0.3212990 
0.3144160 
0.3271497 
0.3282149 
0.3401501 
0.3264207 
0.3272446 
0.3223330 
0.3330155 
0.3389437 
0.3324809 
0.3286742 
0.3264353 
0.3248237 
0.3305832 
0.3323252 
0.3287751 
0.3279611 
0.3331487 
0.3189014 
0.3255277 
0.3128159 
0.3140385 
0.3141090 
0.3046822 
0.3021965 
0.3039197 
0.3092348 
0.3048328 
0.2927412 
0.2993464 
0.2937898 
0.2995296 
0.2914667 
0.2972661 
0.2829661 
0.2866636 
0.2858778 
0.2881627 
0.2942492 
0.2926050 
0.2852488 
0.2994204 
0.2949983 
0.3071309 
0.3061321 
0.3050888 
0.3070530 
0.3182140 
0.3399369 
0.3378093 
0.3428320 
0.3278746 
0.3310299 
0.3256492 
0.3178189 
0.3168848 
0.3248737 
0.3091140 
0.3250727 
0.3282887 
0.3118412 
0.3177479 
0.3143236 
0.3096125 
0.3121275 
0.3098798 
0.3099935 
0.3105382 
0.3059804 
0.3090298 
0.3068859 
0.3129378 
0.2996425 
0.3008345 
0.3132118 
0.3053081 
0.2988777 
0.2945672 
0.2957241 
0.2981690 
0.3038568 
0.2911675 
0.2993779 
0.2985603 
0.3041417 
0.3042752 
0.3087202 
0.3026823 
0.3036831 
0.3002625 
0.2892536 
0.2973770 
0.3017253 
0.2881859 
0.2952350 
0.2935787 
0.2909140 
0.2965347 
0.3098653 
0.3067743 
0.2965127 
0.2983746 
0.2999460 
0.3014327 
0.2970129 
0.3053536 
0.2993628 
0.2983312 
0.3072837 
0.2974769 
0.2966908 
0.3016602 
0.2972098 
0.2910559 
0.2734012 
0.2885469 
0.2841225 
0.2875929 
0.2812879 
0.2859686 
0.2887689 
0.2832584 
0.2869669 
0.2908355 
0.2835094 
0.2876173 
0.2889761 
0.2919649 
0.2892306 
0.2946636 
0.3000938 
0.2980182 
0.2956545 
0.2957276 
0.2960561 
0.2967191 
0.2886901 
0.2821473 
0.2807741 
0.2806351 
0.2834766 
0.2791072 
0.2770315 
0.2714895 
0.2702212 
0.2673087 
0.2733181 
0.2717026 
0.2688505 
0.2687506 
0.2665727 
0.2685013 
0.2693488 
0.2738491 
0.2802296 
0.2797515 
0.2702963 
0.2756560 
0.2817021 
0.2771734 
0.2738478 
0.2792943 
0.2781379 
0.2763324 
0.2733623 
0.2764560 
0.2875054 
0.2797730 
0.2859095 
0.2638606 
0.2713559 
0.2685053 
0.2689429 
0.2736971 
0.2702530 
0.2722878 
0.2678172 
0.2716593 
0.2735464 
0.2642396 
0.2673683 
0.2680392 
0.2581163 
0.2616126 
0.2542739 
0.2579299 
0.2650326 
0.2648784 
0.2500609 
0.2647938 
0.2631444 
0.2722126 
0.2715053 
0.2635261 
0.2370969 
0.2407674 
0.2455095 
0.2468917 
0.2389547 
0.2433823 
0.2413057 
0.2427167 
0.2580304 
0.2512179 
0.2619716 
0.2634594 
0.2637049 
0.2612042 
0.2523329 
0.2560727 
0.2651422 
0.2641947 
0.2622853 
0.2696131 
0.2734845 
0.2678769 
0.2558364 
0.2563370 
0.2596903 
0.2679025 
0.2596117 
0.2550130 
0.2564440 
0.2584306 
0.2568640 
0.2510859 
0.2362961 
0.2430788 
0.2383352 
0.2310156 
0.2234089 
0.2344273 
0.2307165 
0.2273289 
0.2395643 
0.2225467 
0.2259471 
0.2344088 
0.2240776 
0.2140321 
0.2170012 
0.2131417 
0.2166752 
0.2202375 
0.2187488 
0.2212769 
0.2257888 
0.2230440 
0.2134044 
0.2077344 
0.1931022 
0.2005363 
0.2011055 
0.1979034 
0.2105268 
0.2082101 
0.2105763 
0.2142567 
0.2070894 
0.2120931 
0.2124843 
0.2138932 
0.1886641 
0.2005746 
0.2040332 
0.2030213 
0.2054395 
0.2018979 
0.1943833 
0.2056761 
0.1980143 
0.1927475 
0.2116990 
0.1992148 
0.1974785 
0.2002250 
0.2034433 
0.1996842 
0.1842088 
0.1801594 
0.1809252 
0.1866336 
0.1885978 
0.1852350 
0.1835428 
0.1869091 
0.1867233 
0.1911312 
0.1749708 
0.1757477 
0.1688993 
0.1830849 
0.1697808 
0.1645888 
0.1661608 
0.1795525 
0.1793923 
0.1658152 
0.1522840 
0.1647832 
0.1672816 
0.1704144 
0.1647041 
0.1685287 
0.1727560 
0.1665810 
0.1743233 
0.1796304 
0.1756562 
0.1667431 
0.1661083 
0.1665091 
0.1787243 
0.1699785 
0.1741670 
0.1638010 
0.1606314 
0.1709064 
0.1668284 
0.1706507 
0.1695352 
0.1619707 
0.1653856 
0.1717460 
0.1663251 
0.1562878 
0.1624349 
0.1682192 
0.1672333 
0.1600562 
0.1694008 
0.1682901 
0.1590947 
0.1584840 
0.1633543 
0.1679063 
0.1709658 
0.1731899 
0.1684319 
0.1817839 
0.1720238 
0.1716302 
0.1743853 
0.1782611 
0.1740498 
0.1659872 
0.1656730 
0.1628980 
0.1629470 
0.1654630 
0.1694162 
0.1647617 
0.1615450 
0.1697894 
0.1617013 
0.1662579 
0.1476945 
0.1433326 
0.1563924 
0.1508152 
0.1515250 
0.1586820 
0.1542825 
0.1341758 
0.1481681 
0.1522502 
0.1593138 
0.1608850 
0.1570489 
0.1591274 
0.1626349 
0.1735686 
0.1757439 
0.1832946 
0.1929625 
0.1886689 
0.1761951 
0.1832851 
0.1699630 
0.1509381 
0.1542521 
0.1497940 
0.1559511 
0.1528151 
0.1387477 
0.1496223 
0.1467067 
0.1448928 
0.1377290 
0.1399833 
0.1345369 
0.1327924 
0.1332082 
0.1270449 
0.1194374 
0.1116206 
0.1140655 
0.1105202 
0.1147953 
0.1182778 
0.1276442 
0.1095361 
0.1181612 
0.1169936 
0.1105425 
0.1192124 
0.1230872 
0.1068609 
0.1072279 
0.1028882 
0.0973251 
0.0944536 
0.1094172 
0.0985347 
0.0989105 
0.0876449 
0.0834011 
0.0860298 
0.0878808 
0.0917683 
0.0895762 
0.0926258 
0.0958977 
0.1089120 
0.1024265 
0.0996423 
0.0999667 
0.0939304 
0.0982279 
0.1032624 
0.1154025 
0.1001819 
0.0958922 
0.0996418 
0.1123305 
0.0929173 
0.1006167 
0.0960164 
0.1027580 
0.1028975 
0.1063377 
0.0992488 
0.1026074 
0.1101273 
0.1022659 
0.0989756 
0.1002199 
0.1004013 
0.1050541 
0.1078483 
0.1209703 
0.1150736 
0.1084783 
0.0996258 
0.1030669 
0.1052509 
0.1129983 
0.0992568 
0.1022943 
0.1076433 
0.1107106 
0.1071609 
0.1041996 
0.1063841 
0.0954314 
0.0981656 
0.1061194 
0.0894055 
0.0971140 
0.0991800 
0.1023280 
0.1093706 
0.0943563 
0.0722486 
0.0740156 
0.0915738 
0.0912813 
0.0947227 
0.0833897 
0.1049505 
0.0774528 
0.0716220 
0.0861089 
0.0886512 
0.0863487 
0.0818769 
0.0786336 
0.0955329 
0.0961717 
0.0897214 
0.0948949 
0.0881412 
0.0923409 
0.0939429 
0.0847038 
0.0797126 
0.0631898 
0.0693861 
0.0854461 
0.0800113 
0.0780274 
0.0717711 
0.0703533 
0.0778347 
0.0764515 
0.0746487 
0.0686837 
0.0766947 
0.0640089 
0.0756139 
0.0841448 
0.0912646 
0.0870819 
0.0775539 
0.0775252 
0.0760955 
0.0751661 
0.0792541 
0.0798605 
0.0784291 
0.0927580 
0.0832966 
0.0797944 
0.0824078 
0.0642858 
0.0748357 
0.0841773 
0.0742119 
0.0742847 
0.0695227 
0.0767050 
0.0534457 
0.0711636 
0.0719368 
0.0672708 
0.0769496 
0.0693965 
0.0676100 
0.0575211 
0.0579646 
0.0608652 
0.0499646 
0.0690062 
0.0506922 
0.0719809 
0.0608594 
0.0539032 
0.0658824 
0.0681665 
0.0638032 
0.0718924 
0.0811912 
0.0742238 
0.0679675 
0.0727561 
0.0709561 
0.0672914 
0.0478518 
0.0635779 
0.0493583 
0.0572381 
0.0475121 
0.0458124 
0.0398081 
0.0588147 
0.0575900 
0.0380259 
0.0322424 
0.0305900 
0.0315770 
0.0320093 
0.0435632 
0.0271511 
0.0150040 
0.0212397 
0.0313059 
0.0173053 
0.0420038 
0.0373233 
0.0303562 
0.0304524 
0.0469139 
0.0413961 
0.0395652 
0.0274990 
0.0343282 
0.0308114 
0.0323727 
0.0297227 
0.0405251 
0.0357542 
0.0293940 
0.0441495 
0.0429432 
0.0421325 
0.0473303 
0.0368506 
0.0434158 
0.0333770 
0.0501975 
0.0416498 
0.0299504 
0.0347980 
0.0503052 
0.0315219 
0.0259689 
0.0267454 
0.0426705 
0.0292237 
0.0049765 
0.0108494 
0.0162243 
0.0209009 
0.0209338 
0.0072544 
0.0060215 
0.0057073 
0.0000000 
0.0130506 
