0.0001598 
-0.0000099 
-0.0000295 
0.0089441 
-0.0501803 
-0.0208384 
0.9624467 
0.9695263 
0.9843505 
0.9869310 
0.9576244 
0.9688252 
0.9757130 
0.9899882 
0.9772821 
0.9693354 
0.9814730 
0.9867616 
0.9842885 
0.9691168 
0.9672301 
0.9535145 
0.9578031 
0.9669721 
0.9685645 
0.9766395 
0.9756545 
1.0000000 
0.9832390 
0.9749650 
0.9688749 
0.9728203 
0.9929540 
0.9891485 
0.9740709 
0.9679244 
0.9631687 
0.9789558 
0.9854147 
0.9628013 
0.9598339 
0.9491611 
0.9629853 
0.9565094 
0.9409385 
0.9560361 
0.9538805 
0.9546874 
0.9427569 
0.9376731 
0.9482255 
0.9579905 
0.9622048 
0.9544026 
0.9754362 
0.9507376 
0.9625091 
0.9502294 
0.9473549 
0.9519384 
0.9229591 
0.9452365 
0.9363091 
0.9508623 
0.9223731 
0.9350795 
0.9425620 
0.9344220 
0.9337986 
0.9226533 
0.9171687 
0.9266158 
0.9133804 
0.9016387 
0.8841118 
0.9005063 
0.8914219 
0.9065919 
0.9240673 
0.9083921 
0.9072285 
0.9229275 
0.9260868 
0.9152108 
0.9124873 
0.9120400 
0.9055880 
0.9109020 
0.9020013 
0.8875409 
0.9117407 
0.9105165 
0.9077310 
0.9041494 
0.8963253 
0.8985760 
0.9184495 
0.8962778 
0.8960329 
0.9206514 
0.9047968 
0.9009624 
0.9051475 
0.9141510 
0.9218607 
0.9183134 
0.9027480 
0.8928693 
0.9082457 
0.9020271 
0.9232943 
0.9236807 
0.9261783 
0.9310043 
0.9285413 
0.9237671 
0.9259462 
0.9267894 
0.9325478 
0.9335235 
0.8945968 
0.8974741 
0.9057604 
0.9050802 
0.9054233 
0.9015233 
0.8932548 
0.9033266 
0.8949375 
0.8895614 
0.9005933 
0.8884018 
0.9073111 
0.8992895 
0.9093753 
0.8960597 
0.9000319 
0.9074845 
0.9008795 
0.8960766 
0.8944299 
0.8822717 
0.8960806 
0.9097039 
0.9043074 
0.9169005 
0.9317134 
0.9338448 
0.9228720 
0.9026286 
0.9260983 
0.9350417 
0.9260512 
0.9103348 
0.9084270 
0.9030712 
0.9154363 
0.9338925 
0.9229483 
0.9254272 
0.9391077 
0.9204217 
0.9032848 
0.8982533 
0.8954744 
0.8996001 
0.8847866 
0.9058497 
0.8993581 
0.8881793 
0.9000733 
0.9066669 
0.9010984 
0.9002797 
0.9029765 
0.9135175 
0.9197341 
0.9158839 
0.9131307 
0.9088267 
0.9032373 
0.9001029 
0.8948082 
0.8982883 
0.8818763 
0.8857455 
0.8970032 
0.8898309 
0.8884143 
0.8989706 
0.8895409 
0.8977957 
0.8999692 
0.8996007 
0.8947007 
0.8993093 
0.8891619 
0.8902365 
0.9127907 
0.9324294 
0.9124793 
0.8946732 
0.8902709 
0.9033337 
0.9037645 
0.9095649 
0.9102548 
0.8992121 
0.8843735 
0.8979094 
0.8790505 
0.8987778 
0.8680092 
0.8858326 
0.8696485 
0.8742830 
0.8386563 
0.8660492 
0.8516799 
0.8703659 
0.8578158 
0.8434525 
0.8432434 
0.8505891 
0.8511493 
0.8699383 
0.8865867 
0.8501503 
0.8613661 
0.8604269 
0.8642787 
0.8741307 
0.8755069 
0.8656328 
0.8542903 
0.8485335 
0.8589452 
0.8543249 
0.8665473 
0.8854990 
0.8540428 
0.8574218 
0.8616254 
0.8575951 
0.8477522 
0.8633064 
0.8682457 
0.8581298 
0.8587398 
0.8639932 
0.8637668 
0.8548340 
0.8488441 
0.8785295 
0.8849099 
0.8510822 
0.8497629 
0.8592372 
0.8634175 
0.8662836 
0.8636286 
0.8648185 
0.8696878 
0.8566953 
0.8750941 
0.8575724 
0.8609663 
0.8607831 
0.8761150 
0.8639226 
0.8495832 
0.8891904 
0.8673741 
0.8763329 
0.8651852 
0.8691382 
0.8684358 
0.8429025 
0.8615814 
0.8305350 
0.8573398 
0.8426916 
0.8330825 
0.8196417 
0.8275091 
0.8407984 
0.8353197 
0.8266184 
0.8327119 
0.8379424 
0.8237305 
0.8284845 
0.8094112 
0.8169818 
0.8261514 
0.8334068 
0.8329804 
0.8322154 
0.8335553 
0.8362677 
0.8232352 
0.8245557 
0.8209153 
0.8325692 
0.8377091 
0.8066260 
0.7889947 
0.8282067 
0.8301278 
0.7859534 
0.8120035 
0.8320449 
0.8161673 
0.7989808 
0.8202350 
0.8233357 
0.8192555 
0.8054252 
0.8120146 
0.8123852 
0.8002394 
0.7941085 
0.8196719 
0.8052863 
0.8064661 
0.8178919 
0.8073216 
0.7948250 
0.8175822 
0.8150746 
0.7993799 
0.8218121 
0.8032918 
0.7884396 
0.8026612 
0.8243774 
0.8212380 
0.7984992 
0.8014102 
0.7953355 
0.8086705 
0.8206209 
0.8065095 
0.7986762 
0.8131216 
0.7950835 
0.7985781 
0.8132063 
0.8103411 
0.7941550 
0.7970414 
0.8026243 
0.8242834 
0.8219091 
0.7913771 
0.7814733 
0.8075639 
0.8034747 
0.7949138 
0.7947043 
0.7726549 
0.7667673 
0.7735652 
0.7702462 
0.7781652 
0.7794333 
0.7785434 
0.7758935 
0.7824064 
0.7877591 
0.7856966 
0.7816246 
0.7756213 
0.7574026 
0.7684561 
0.7719748 
0.7832279 
0.7802125 
0.7843761 
0.7605923 
0.7889505 
0.7759415 
0.7806670 
0.7707935 
0.7649239 
0.7466039 
0.7373738 
0.7587497 
0.7566736 
0.7470388 
0.7403427 
0.7418350 
0.7350707 
0.7400463 
0.7482895 
0.7511485 
0.7558811 
0.7490259 
0.7486915 
0.7491109 
0.7541452 
0.7583465 
0.7408008 
0.7453900 
0.7364718 
0.7648850 
0.7508559 
0.7513264 
0.7572598 
0.7258737 
0.7390599 
0.7468343 
0.7243143 
0.7410786 
0.7283962 
0.7326912 
0.7381650 
0.7245256 
0.7337458 
0.7300443 
0.7346860 
0.7351177 
0.7094736 
0.7260773 
0.7298526 
0.7269908 
0.7254158 
0.7243578 
0.7374747 
0.7333602 
0.7165639 
0.7270855 
0.7295140 
0.7437113 
0.7343104 
0.7247989 
0.7107872 
0.7402398 
0.7321824 
0.7282752 
0.7078011 
0.7168467 
0.7239039 
0.7122584 
0.7265296 
0.7167127 
0.7112155 
0.7158221 
0.7236031 
0.7261392 
0.7287673 
0.7010114 
0.7057661 
0.7194639 
0.7013063 
0.7103688 
0.7139962 
0.7131478 
0.7226148 
0.7156499 
0.7179928 
0.6930684 
0.7069731 
0.7150379 
0.7068333 
0.7103485 
0.6958272 
0.6864750 
0.7047489 
0.6872895 
0.7072243 
0.6854863 
0.6978188 
0.6997694 
0.6917913 
0.6819764 
0.6900476 
0.7022889 
0.7092933 
0.6895228 
0.7032702 
0.6866143 
0.6983565 
0.6712056 
0.6980871 
0.6523529 
0.6868703 
0.6871721 
0.7062464 
0.7089364 
0.6900053 
0.6971713 
0.6831498 
0.6933632 
0.7036810 
0.6823653 
0.6960583 
0.7036178 
0.7024831 
0.6948396 
0.6959348 
0.7235514 
0.7203463 
0.7114609 
0.7013227 
0.6899258 
0.6874714 
0.6762933 
0.7021953 
0.6991716 
0.6985023 
0.7036107 
0.6941625 
0.7017656 
0.6886802 
0.7003205 
0.6974980 
0.6991932 
0.7066027 
0.7040709 
0.7117961 
0.6966154 
0.7078115 
0.7117195 
0.6924267 
0.6989968 
0.7087595 
0.7178864 
0.7096344 
0.7177487 
0.6900382 
0.6751565 
0.6778081 
0.6899611 
0.6975556 
0.7078478 
0.7023954 
0.6866230 
0.6954886 
0.7102375 
0.7060433 
0.7043283 
0.7047412 
0.6819193 
0.6866320 
0.6869467 
0.6961386 
0.6924099 
0.6944872 
0.6955897 
0.7297108 
0.7054603 
0.7128676 
0.7027106 
0.7020364 
0.6853209 
0.7003762 
0.7037748 
0.7029430 
0.6960024 
0.6934960 
0.6911135 
0.6955657 
0.7043609 
0.6957504 
0.6655269 
0.6793275 
0.6866594 
0.6909764 
0.6955808 
0.6906762 
0.6690900 
0.6727762 
0.6761620 
0.6871267 
0.6505397 
0.6404596 
0.6462862 
0.6705454 
0.6741855 
0.6533419 
0.6738385 
0.6846148 
0.6910230 
0.6909984 
0.6568178 
0.6277996 
0.6402957 
0.6583352 
0.6703688 
0.6528098 
0.6498026 
0.6665188 
0.6701955 
0.6494642 
0.6306589 
0.6233248 
0.6334686 
0.6329642 
0.6412212 
0.6450663 
0.6614501 
0.6711150 
0.6612720 
0.6392342 
0.6463228 
0.6444768 
0.6335260 
0.6492111 
0.6554006 
0.6401186 
0.6477815 
0.6401225 
0.6648800 
0.6629214 
0.6523487 
0.6416225 
0.6400009 
0.6423119 
0.6269566 
0.6303522 
0.6408822 
0.6334739 
0.6303219 
0.6385039 
0.6447827 
0.6535751 
0.6521811 
0.6432477 
0.6367964 
0.6439761 
0.6405578 
0.6352600 
0.6424966 
0.6459545 
0.6535175 
0.6609526 
0.6532977 
0.6385296 
0.6389918 
0.6332384 
0.6404757 
0.6547127 
0.6536792 
0.6311705 
0.6128186 
0.6332968 
0.6487691 
0.6482027 
0.6138243 
0.6192982 
0.6379872 
0.6409360 
0.6283432 
0.6292013 
0.6192130 
0.6244436 
0.6364602 
0.6268309 
0.6362184 
0.6386035 
0.6361000 
0.6232970 
0.6442637 
0.6433838 
0.6232569 
0.6339541 
0.6432080 
0.6414687 
0.6438557 
0.6620592 
0.6560952 
0.6530867 
0.6493118 
0.6567159 
0.6658932 
0.6570168 
0.6564183 
0.6625988 
0.6636837 
0.6441890 
0.6361668 
0.6564995 
0.6591240 
0.6486436 
0.6513137 
0.6616545 
0.6517611 
0.6669102 
0.6687541 
0.6616559 
0.6612371 
0.6673032 
0.6473716 
0.6415011 
0.6455505 
0.6568929 
0.6438630 
0.6753814 
0.6759720 
0.6584682 
0.6507187 
0.6612160 
0.6402191 
0.6413687 
0.6565485 
0.6592581 
0.6613959 
0.6504109 
0.6487083 
0.6269680 
0.6139300 
0.6181239 
0.6170395 
0.6364764 
0.6518793 
0.6447852 
0.6472784 
0.6534974 
0.6346574 
0.6130666 
0.6224015 
0.6523094 
0.6523330 
0.6612518 
0.6511049 
0.6228655 
0.6298045 
0.6027975 
0.6051820 
0.6012870 
0.5938875 
0.6178087 
0.6368121 
0.6131823 
0.6287597 
0.6398139 
0.6234489 
0.6149568 
0.5986741 
0.5901762 
0.6022711 
0.6025359 
0.6136455 
0.6129080 
0.5985582 
0.6113920 
0.6034762 
0.5666394 
0.5627876 
0.5693440 
0.5786253 
0.5895674 
0.6009382 
0.5969740 
0.6178890 
0.5786845 
0.5656301 
0.5717953 
0.5451005 
0.5423444 
0.5552204 
0.5599240 
0.5765705 
0.5851705 
0.5669145 
0.5750646 
0.5789693 
0.5813804 
0.5679659 
0.5601124 
0.5716126 
0.5754925 
0.5824672 
0.5961213 
0.5782976 
0.5761663 
0.5793400 
0.5667972 
0.5591441 
0.5590523 
0.5643993 
0.5768970 
0.5716316 
0.5685428 
0.5872522 
0.5753504 
0.5673809 
0.5819283 
0.5719078 
0.5725592 
0.5788949 
0.5579153 
0.5632391 
0.5490109 
0.5627232 
0.5957287 
0.5889149 
0.5570320 
0.5643394 
0.5813289 
0.5885866 
0.5729408 
0.5759646 
0.5632528 
0.5412280 
0.5509808 
0.5859423 
0.5959238 
0.5942347 
0.5914952 
0.5803938 
0.5670635 
0.5534641 
0.5499555 
0.5469717 
0.5416168 
0.5644055 
0.6177774 
0.6338970 
0.6076744 
0.5874456 
0.5710283 
0.5593513 
0.5479187 
0.5323898 
0.5398376 
0.5510725 
0.6013351 
0.6237710 
0.6047361 
0.5841081 
0.5696368 
0.5612250 
0.5392839 
0.5278236 
0.5545451 
0.5683256 
0.5937605 
0.6180693 
0.5722340 
0.5550106 
0.5552092 
0.5579504 
0.5533740 
0.5425265 
0.5478724 
0.5621999 
0.5724528 
0.5829861 
0.5483169 
0.5227461 
0.5103211 
0.5125980 
0.5217766 
0.5401959 
0.5299532 
0.5326075 
0.5465422 
0.5524242 
0.5370832 
0.5186414 
0.5059396 
0.5116048 
0.5337789 
0.5234765 
0.5297423 
0.5182710 
0.5191196 
0.5266057 
0.5225439 
0.5225013 
0.5118364 
0.5335763 
0.5480058 
0.5308214 
0.5214175 
0.5367656 
0.5276246 
0.5486919 
0.5481514 
0.5262342 
0.5236520 
0.5260474 
0.5164184 
0.5113866 
0.5269930 
0.5327951 
0.5604558 
0.5534969 
0.5346875 
0.5153222 
0.5204045 
0.5117677 
0.5071258 
0.5010665 
0.5182796 
0.5380204 
0.5398867 
0.5536019 
0.5415156 
0.5201389 
0.4957446 
0.5269550 
0.5245767 
0.5163421 
0.5216870 
0.5359544 
0.5336735 
0.5297831 
0.5205478 
0.5067924 
0.5032134 
0.4909790 
0.5026235 
0.5027877 
0.4977349 
0.4943830 
0.5073446 
0.4972096 
0.4960895 
0.5102747 
0.5271943 
0.5222118 
0.5132832 
0.5175694 
0.5236062 
0.5181643 
0.4860236 
0.4917461 
0.4990591 
0.4994990 
0.4944951 
0.4894140 
0.4877304 
0.4864296 
0.4794731 
0.4901030 
0.4881497 
0.4889130 
0.5028475 
0.4851448 
0.4795143 
0.4879034 
0.4695966 
0.4780833 
0.4944676 
0.5000852 
0.4893521 
0.4785633 
0.4669518 
0.4694448 
0.4613769 
0.4651430 
0.4638027 
0.4649590 
0.4756360 
0.4865924 
0.4820481 
0.4659042 
0.4619562 
0.4615248 
0.4541165 
0.4676154 
0.4778002 
0.4934166 
0.4890948 
0.4645359 
0.4563058 
0.4505950 
0.4647998 
0.4674347 
0.4588309 
0.4664934 
0.4686786 
0.4635747 
0.4727195 
0.4720497 
0.4712901 
0.4718716 
0.4707684 
0.4514453 
0.4491063 
0.4671452 
0.4719348 
0.4878593 
0.4894165 
0.4855484 
0.4704839 
0.4637164 
0.4530727 
0.4465395 
0.4758135 
0.4625421 
0.4684535 
0.4536158 
0.4438229 
0.4457736 
0.4524153 
0.4568405 
0.4707348 
0.4611950 
0.4644283 
0.4404883 
0.4262793 
0.4201352 
0.4319493 
0.4483653 
0.4592914 
0.4438803 
0.4379425 
0.4417963 
0.4413688 
0.4480022 
0.4477414 
0.4383731 
0.4414831 
0.4561179 
0.4460762 
0.4287101 
0.4285708 
0.4332988 
0.4294293 
0.4313780 
0.4408004 
0.4366705 
0.4337790 
0.4471200 
0.4367945 
0.4311681 
0.4319673 
0.4386272 
0.4405346 
0.4433263 
0.4304417 
0.4398267 
0.4461280 
0.4485256 
0.4376167 
0.4364106 
0.4336396 
0.4325570 
0.4365594 
0.4394649 
0.4399089 
0.4362999 
0.4360369 
0.4376735 
0.4432372 
0.4227821 
0.4284123 
0.4380648 
0.4541819 
0.4326801 
0.4082715 
0.4217633 
0.4295304 
0.4371936 
0.4482942 
0.4433371 
0.4454833 
0.4269299 
0.4199844 
0.4278852 
0.4189224 
0.4250330 
0.4270483 
0.4202985 
0.4275729 
0.4228055 
0.4207610 
0.4231661 
0.4093413 
0.4116092 
0.4351754 
0.4129011 
0.4234720 
0.4184171 
0.4063491 
0.4024680 
0.4219690 
0.4330585 
0.4302170 
0.4100781 
0.4035857 
0.4067871 
0.3918096 
0.4015764 
0.4035430 
0.3980689 
0.4081875 
0.3968943 
0.3981336 
0.4046609 
0.4183944 
0.4190893 
0.4166034 
0.4077368 
0.3914064 
0.4012912 
0.4015027 
0.4003530 
0.4002527 
0.3992537 
0.3948816 
0.3910244 
0.4147322 
0.4071539 
0.4021980 
0.4010202 
0.4137659 
0.4222692 
0.4288050 
0.4106747 
0.3962243 
0.4090512 
0.4032801 
0.4053718 
0.3994601 
0.3923425 
0.4069299 
0.4056867 
0.4193018 
0.4207560 
0.4375980 
0.4257468 
0.4154219 
0.4188204 
0.4002265 
0.3974000 
0.3924774 
0.4063550 
0.3942091 
0.3916623 
0.4096513 
0.4047571 
0.4052860 
0.3887047 
0.4004531 
0.4209067 
0.4243338 
0.4215509 
0.4122697 
0.4218478 
0.4067121 
0.3832189 
0.3960886 
0.4030038 
0.4176060 
0.4053027 
0.4014441 
0.4247641 
0.4210454 
0.3960889 
0.3819408 
0.3978172 
0.4064051 
0.4007707 
0.4125807 
0.4176094 
0.4032206 
0.3962979 
0.4077229 
0.4018010 
0.3892907 
0.3911764 
0.4016277 
0.3920211 
0.3834018 
0.3880152 
0.3883183 
0.3847054 
0.3974484 
0.4009108 
0.4114089 
0.4050312 
0.4010608 
0.4151843 
0.4243324 
0.4182934 
0.4252461 
0.4280182 
0.4230706 
0.4028036 
0.4029948 
0.4029982 
0.3995941 
0.3860174 
0.3918923 
0.3943836 
0.3966358 
0.3890108 
0.3873319 
0.3931889 
0.3985939 
0.4117706 
0.4138912 
0.3965853 
0.4093751 
0.4098596 
0.4093291 
0.4085702 
0.4161530 
0.3997324 
0.4007530 
0.3955970 
0.3861465 
0.3848684 
0.3920267 
0.3829597 
0.3868221 
0.3748351 
0.3734131 
0.3717229 
0.3805891 
0.3740326 
0.3648660 
0.3743962 
0.3843046 
0.3592924 
0.3628033 
0.3647602 
0.3673132 
0.3612125 
0.3611461 
0.3781132 
0.3622172 
0.3895275 
0.3992015 
0.3917835 
0.3661354 
0.3496227 
0.3566808 
0.3509754 
0.3541666 
0.3552404 
0.3538480 
0.3620751 
0.3670726 
0.3677755 
0.3648478 
0.3657793 
0.3781842 
0.3913394 
0.3799759 
0.3726528 
0.3667018 
0.3548831 
0.3505830 
0.3517525 
0.3617150 
0.3568757 
0.3579591 
0.3615577 
0.3719260 
0.3611611 
0.3662250 
0.3845420 
0.3791140 
0.3827732 
0.3690678 
0.3505335 
0.3472715 
0.3420028 
0.3485475 
0.3505567 
0.3564237 
0.3511631 
0.3632112 
0.3507141 
0.3488762 
0.3489464 
0.3605363 
0.3700908 
0.3649654 
0.3630798 
0.3585339 
0.3536800 
0.3415068 
0.3432092 
0.3529527 
0.3442049 
0.3483024 
0.3444354 
0.3518500 
0.3488049 
0.3364490 
0.3422040 
0.3420406 
0.3644734 
0.3503665 
0.3675502 
0.3445503 
0.3513698 
0.3422637 
0.3389789 
0.3292178 
0.3338223 
0.3350899 
0.3462716 
0.3574150 
0.3385322 
0.3585375 
0.3530675 
0.3473023 
0.3450084 
0.3435909 
0.3457803 
0.3493826 
0.3312171 
0.3307378 
0.3363587 
0.3284166 
0.3126082 
0.3230917 
0.3258540 
0.3327007 
0.3283057 
0.3260321 
0.3335223 
0.3379761 
0.3380843 
0.3334671 
0.3381718 
0.3324631 
0.3198622 
0.3326278 
0.3304703 
0.3396178 
0.3492538 
0.3372334 
0.3326490 
0.3399136 
0.3471734 
0.3250686 
0.3252505 
0.3380148 
0.3417038 
0.3281528 
0.3203051 
0.3206961 
0.3279088 
0.3252300 
0.3413898 
0.3331111 
0.3331336 
0.3285067 
0.3360017 
0.3422030 
0.3275674 
0.3178886 
0.3078211 
0.3208317 
0.3185050 
0.3052039 
0.3098073 
0.3078956 
0.2985881 
0.3032645 
0.3100094 
0.3154318 
0.3163307 
0.3033568 
0.2908482 
0.3069050 
0.3043035 
0.3135679 
0.3104708 
0.3140163 
0.3092977 
0.3141406 
0.3280671 
0.3262076 
0.3187385 
0.3241840 
0.3205962 
0.3230868 
0.3156696 
0.3068635 
0.3000510 
0.3044773 
0.3040704 
0.2973307 
0.3084765 
0.3046465 
0.3045331 
0.3065184 
0.3300011 
0.3221594 
0.2981094 
0.2940783 
0.2931472 
0.3079182 
0.3168167 
0.3076576 
0.2869622 
0.2816352 
0.3079959 
0.3166006 
0.3061930 
0.2934952 
0.2849554 
0.3036695 
0.3333603 
0.3275986 
0.3236308 
0.3280935 
0.3414440 
0.3502664 
0.3369986 
0.3008225 
0.2972587 
0.3025271 
0.2944029 
0.2828514 
0.2735781 
0.2904962 
0.2885098 
0.2941560 
0.2933237 
0.2991583 
0.3044192 
0.3115206 
0.3095746 
0.2921136 
0.2955233 
0.3013587 
0.3011737 
0.2982725 
0.2677546 
0.2833529 
0.2947493 
0.3050546 
0.2997213 
0.2788613 
0.2866013 
0.2861001 
0.2887337 
0.2729869 
0.2737828 
0.2853085 
0.2777361 
0.2878458 
0.2964943 
0.2861504 
0.2857714 
0.2891595 
0.2908377 
0.2918709 
0.2894300 
0.2880298 
0.2923956 
0.2874900 
0.2794041 
0.2888589 
0.2916348 
0.2900539 
0.2726846 
0.2635441 
0.2701383 
0.2669021 
0.2656241 
0.2712111 
0.2774737 
0.2832917 
0.2601699 
0.2547771 
0.2597178 
0.2673082 
0.2577495 
0.2623887 
0.2632962 
0.2697114 
0.2720256 
0.2673992 
0.2551070 
0.2534995 
0.2685033 
0.2588735 
0.2561686 
0.2589884 
0.2471658 
0.2521526 
0.2530135 
0.2418513 
0.2319559 
0.2366599 
0.2397771 
0.2353833 
0.2511995 
0.2637561 
0.2618115 
0.2468587 
0.2371957 
0.2495277 
0.2382881 
0.2389163 
0.2406246 
0.2318304 
0.2354482 
0.2276580 
0.2212515 
0.1956586 
0.1995643 
0.2410863 
0.2591650 
0.2507115 
0.2362362 
0.2384399 
0.2209398 
0.2176923 
0.2392644 
0.2391502 
0.2536211 
0.2534722 
0.2517084 
0.2257432 
0.2017179 
0.2148476 
0.2200870 
0.2133640 
0.2174240 
0.2377424 
0.2363574 
0.2240606 
0.2254827 
0.2349633 
0.2342565 
0.2272664 
0.2134093 
0.2223047 
0.2222440 
0.2125308 
0.2071141 
0.2146109 
0.2006967 
0.2011702 
0.2158808 
0.2138474 
0.2180859 
0.2199568 
0.2213313 
0.2094806 
0.2137738 
0.2192052 
0.2283534 
0.2294691 
0.2253957 
0.2178568 
0.2165114 
0.2172311 
0.1920810 
0.1980516 
0.1972722 
0.2045861 
0.2133683 
0.2077651 
0.2133672 
0.2063774 
0.2047318 
0.2169644 
0.2161033 
0.2106442 
0.1882389 
0.1904667 
0.1794263 
0.1871861 
0.2088186 
0.2102502 
0.2021379 
0.1980012 
0.1913502 
0.1845563 
0.1973996 
0.2029457 
0.2046577 
0.2046757 
0.2000634 
0.1894229 
0.1861859 
0.2003812 
0.2056125 
0.1942358 
0.1854566 
0.1723189 
0.1724341 
0.1846752 
0.1909319 
0.1853420 
0.1753044 
0.1848791 
0.1748511 
0.1483778 
0.1538866 
0.1601973 
0.1458770 
0.1636107 
0.1916055 
0.1919901 
0.1808078 
0.1713638 
0.1795969 
0.1821585 
0.1829260 
0.1788265 
0.1568059 
0.1612499 
0.1663345 
0.1620259 
0.1407836 
0.1328813 
0.1364675 
0.1370801 
0.1326674 
0.1469854 
0.1585157 
0.1667534 
0.1809151 
0.1762668 
0.1676793 
0.1627297 
0.1612275 
0.1569247 
0.1712014 
0.1771199 
0.1934682 
0.1866800 
0.1775318 
0.1775280 
0.1599722 
0.1245442 
0.1251268 
0.1445420 
0.1431362 
0.1338922 
0.1593492 
0.1603049 
0.1499157 
0.1461456 
0.1690727 
0.1584867 
0.1567204 
0.1474510 
0.1573737 
0.1601897 
0.1543706 
0.1661534 
0.1754742 
0.1656135 
0.1322947 
0.1180614 
0.1122865 
0.1225036 
0.1331144 
0.1452732 
0.1525124 
0.1417926 
0.1392725 
0.1407371 
0.1357490 
0.1396043 
0.1382194 
0.1378482 
0.1530246 
0.1608883 
0.1589666 
0.1484596 
0.1360582 
0.1225814 
0.1337668 
0.1357193 
0.1379940 
0.1276431 
0.1355624 
0.1422812 
0.1487446 
0.1427338 
0.1355944 
0.1262976 
0.1317861 
0.1366169 
0.1414912 
0.1481254 
0.1594947 
0.1498003 
0.1301274 
0.1226420 
0.1208231 
0.1173695 
0.1208959 
0.1286247 
0.1245306 
0.1250006 
0.1210347 
0.1255542 
0.1194750 
0.1213253 
0.1333477 
0.1305973 
0.1293827 
0.1326122 
0.1257635 
0.1255734 
0.1196068 
0.1181121 
0.1250720 
0.1254258 
0.1273448 
0.1250077 
0.1226280 
0.1040540 
0.1116594 
0.1120846 
0.1138245 
0.1208276 
0.1092994 
0.1151861 
0.1106340 
0.1120119 
0.1344232 
0.1248597 
0.1249095 
0.1174942 
0.1221576 
0.1203838 
0.1156592 
0.1201046 
0.1168409 
0.1223137 
0.1222369 
0.1275070 
0.1495412 
0.1576019 
0.1518685 
0.1409822 
0.1120336 
0.0899194 
0.0965889 
0.1116648 
0.0964408 
0.0927916 
0.1072982 
0.0996585 
0.0970315 
0.0881088 
0.1022346 
0.0987516 
0.0935537 
0.0958750 
0.0918329 
0.0841070 
0.0991836 
0.0924667 
0.0967509 
0.1007374 
0.0946227 
0.0932194 
0.1139966 
0.1129510 
0.1000288 
0.1012845 
0.1046060 
0.0869467 
0.1000167 
0.1080165 
0.0914324 
0.0950830 
0.1142410 
0.1035683 
0.1010383 
0.1003509 
0.0982216 
0.0732798 
0.0762907 
0.0851108 
0.0706062 
0.0990954 
0.1334930 
0.1145408 
0.1276195 
0.1335170 
0.1045430 
0.0878793 
0.0951857 
0.0894870 
0.0711847 
0.0864703 
0.0970594 
0.0637191 
0.0645502 
0.0890031 
0.0581895 
0.0637819 
0.1076561 
0.0787971 
0.0766596 
0.0926358 
0.0841803 
0.0557853 
0.0664997 
0.0900899 
0.0809264 
0.0908823 
0.1193515 
0.0994578 
0.0635875 
0.0855722 
0.0950738 
0.0793679 
0.1040760 
0.1067988 
0.0894587 
0.0774237 
0.0723827 
0.0542962 
0.0641802 
0.0798319 
0.0875555 
0.0760035 
0.0637891 
0.0702381 
0.0621166 
0.0625578 
0.0622026 
0.0732169 
0.1053960 
0.1073493 
0.0992218 
0.0890665 
0.0693900 
0.0621183 
0.0603992 
0.0468644 
0.0465822 
0.0681429 
0.0938464 
0.0957907 
0.0871521 
0.0694254 
0.0530325 
0.0458019 
0.0494130 
0.0551677 
0.0676620 
0.1009531 
0.1224243 
0.1104143 
0.0923045 
0.0806609 
0.0776457 
0.0756408 
0.0602545 
0.0516231 
0.0677427 
0.0903645 
0.0954477 
0.0722654 
0.0576330 
0.0450648 
0.0390873 
0.0429591 
0.0649216 
0.0759792 
0.0687526 
0.0588114 
0.0480151 
0.0466007 
0.0490279 
0.0589568 
0.0751768 
0.0833923 
0.0840984 
0.0758619 
0.0555881 
0.0491477 
0.0403706 
0.0447523 
0.0408262 
0.0527250 
0.0629404 
0.0563078 
0.0513869 
0.0507160 
0.0436700 
0.0462249 
0.0511406 
0.0520517 
0.0562778 
0.0696932 
0.0650276 
0.0432400 
0.0427542 
0.0459513 
0.0584089 
0.0506299 
0.0459754 
0.0387851 
0.0249922 
0.0263828 
0.0292528 
0.0314160 
0.0521094 
0.0480117 
0.0464100 
0.0462933 
0.0435691 
0.0440448 
0.0454746 
0.0554042 
0.0498610 
0.0437576 
0.0341215 
0.0238500 
0.0321416 
0.0341174 
0.0257595 
0.0338350 
0.0423132 
0.0468626 
0.0437835 
0.0168947 
0.0251216 
0.0389777 
0.0516992 
0.0559166 
0.0485570 
0.0400287 
0.0360778 
0.0337671 
0.0345838 
0.0342831 
0.0401925 
0.0347291 
0.0365155 
0.0399419 
0.0389120 
0.0352119 
0.0299933 
0.0339665 
0.0376088 
0.0330649 
0.0316976 
0.0365206 
0.0318602 
0.0318699 
0.0306823 
0.0293385 
0.0327371 
0.0374277 
0.0313851 
0.0254234 
0.0209129 
0.0174752 
0.0243857 
0.0146484 
0.0122138 
0.0238809 
0.0372318 
0.0345462 
0.0407065 
0.0424307 
0.0307489 
0.0190310 
0.0288407 
0.0322835 
0.0222697 
0.0091285 
0.0000000 
0.0151533 
0.0233195 
0.0221576 
0.0142029 
0.0091519 
0.0064987 
0.0161190 
0.0197558 
