0.0001635 
-0.0001831 
-0.0000564 
0.0169500 
-0.1501526 
-0.1363495 
0.8436645 
0.8511697 
0.8512172 
0.8559024 
0.8554431 
0.8571297 
0.8527495 
0.8674772 
0.8627738 
0.8607291 
0.8622104 
0.8625918 
0.8606866 
0.8642096 
0.8616588 
0.8552184 
0.8589114 
0.8682485 
0.8596479 
0.8627424 
0.8628041 
0.8660591 
0.8611723 
0.8567497 
0.8524466 
0.8533190 
0.8514200 
0.8513027 
0.8503123 
0.8508973 
0.8504105 
0.8485661 
0.8470128 
0.8429726 
0.8418205 
0.8405314 
0.8468948 
0.8484610 
0.8443129 
0.8447135 
0.8404151 
0.8418662 
0.8486357 
0.8491933 
0.8521999 
0.8445431 
0.8412413 
0.8495373 
0.8495578 
0.8476313 
0.8402572 
0.8380077 
0.8368433 
0.8385044 
0.8370201 
0.8396343 
0.8405369 
0.8502270 
0.8478615 
0.8565131 
0.8474521 
0.8473185 
0.8479568 
0.8453851 
0.8390744 
0.8355746 
0.8362181 
0.8352009 
0.8334972 
0.8314290 
0.8316174 
0.8303747 
0.8334324 
0.8305482 
0.8318785 
0.8328105 
0.8404804 
0.8379473 
0.8350738 
0.8370807 
0.8380076 
0.8351787 
0.8292125 
0.8382876 
0.8440614 
0.8418257 
0.8457739 
0.8441446 
0.8471293 
0.8511203 
0.8560149 
0.8518462 
0.8540462 
0.8501523 
0.8511831 
0.8474827 
0.8482591 
0.8500469 
0.8537914 
0.8505984 
0.8516722 
0.8504826 
0.8516164 
0.8486070 
0.8484926 
0.8446485 
0.8500987 
0.8494694 
0.8462228 
0.8478584 
0.8465704 
0.8512197 
0.8591305 
0.8581937 
0.8633291 
0.8678367 
0.8651346 
0.8633212 
0.8366932 
0.8584643 
0.8590577 
0.8552100 
0.8542845 
0.8534459 
0.8547260 
0.8554445 
0.8562450 
0.8522830 
0.8524236 
0.8533870 
0.8548267 
0.8560176 
0.8617306 
0.8620651 
0.8589717 
0.8557637 
0.8565299 
0.8654792 
0.8621497 
0.8627372 
0.8691613 
0.8718423 
0.8743718 
0.8735716 
0.8829662 
0.8826761 
0.8799723 
0.8799757 
0.8819419 
0.8864821 
0.8939723 
0.8946221 
0.8869601 
0.8837056 
0.8794213 
0.8795609 
0.8794465 
0.8845336 
0.8841814 
0.8885276 
0.8868674 
0.8942727 
0.8990608 
0.8982679 
0.8882735 
0.8974111 
0.8971555 
0.8968340 
0.8911680 
0.8883231 
0.8839917 
0.8901670 
0.8896595 
0.8887842 
0.8987781 
0.8971037 
0.9021396 
0.8934998 
0.8954570 
0.8951122 
0.8942372 
0.9006022 
0.9062085 
0.9079286 
0.9040809 
0.9038784 
0.9044304 
0.9022875 
0.8938184 
0.8945762 
0.9034172 
0.9073505 
0.9054948 
0.9044184 
0.9043836 
0.9027345 
0.9042833 
0.9041258 
0.9058284 
0.9093246 
0.9175084 
0.9162519 
0.9149360 
0.9109743 
0.9079331 
0.9110378 
0.9005267 
0.9055459 
0.9010799 
0.9051802 
0.9097936 
0.9100477 
0.9079710 
0.9134695 
0.9287390 
0.9282819 
0.9299813 
0.9207508 
0.9037775 
0.9061879 
0.9034551 
0.9069971 
0.9082083 
0.9100434 
0.9192545 
0.9229540 
0.9217094 
0.9213302 
0.9183343 
0.9026143 
0.9104499 
0.9052840 
0.9094480 
0.9137875 
0.9111825 
0.9080324 
0.9014068 
0.8993574 
0.9012136 
0.8993359 
0.8959857 
0.8981976 
0.9028662 
0.8975477 
0.9015623 
0.8979597 
0.8931616 
0.8890761 
0.8921419 
0.8835131 
0.8884802 
0.8904647 
0.8925231 
0.8927759 
0.8954917 
0.8896107 
0.8865525 
0.8859324 
0.8838343 
0.8823947 
0.8839140 
0.8869554 
0.8833625 
0.8763556 
0.8855069 
0.8891609 
0.8872325 
0.8902972 
0.8897054 
0.8849260 
0.8853028 
0.8778246 
0.8726422 
0.8748205 
0.8778926 
0.8804180 
0.8828622 
0.8845108 
0.8811777 
0.8842995 
0.8849604 
0.8783690 
0.8852011 
0.8872258 
0.8942591 
0.8989107 
0.9034865 
0.9014389 
0.9032758 
0.8959353 
0.8864094 
0.8798731 
0.8824551 
0.8833837 
0.8897195 
0.8943101 
0.8947434 
0.8899771 
0.8858890 
0.8843412 
0.8854981 
0.8896809 
0.8954700 
0.8952415 
0.9009791 
0.9071121 
0.9097551 
0.9044771 
0.9055273 
0.9066762 
0.9133871 
0.9162873 
0.9155918 
0.9244660 
0.9315105 
0.9336388 
0.9343226 
0.9301155 
0.9338484 
0.9277982 
0.9362931 
0.9351897 
0.9398858 
0.9368175 
0.9239124 
0.9298884 
0.9391461 
0.9380892 
0.9430541 
0.9486522 
0.9494593 
0.9438167 
0.9522070 
0.9500982 
0.9596124 
0.9661910 
0.9699385 
0.9754264 
0.9741413 
0.9749035 
0.9604763 
0.9594169 
0.9604402 
0.9532540 
0.9605503 
0.9690298 
0.9722667 
0.9722749 
0.9698939 
0.9725238 
0.9754613 
0.9867976 
0.9782909 
0.9847680 
0.9933374 
0.9943167 
0.9987175 
0.9904203 
0.9989884 
0.9987686 
1.0000000 
0.9986340 
0.9934728 
0.9948893 
0.9945023 
0.9838166 
0.9835795 
0.9829165 
0.9799617 
0.9863439 
0.9870158 
0.9894479 
0.9884174 
0.9943137 
0.9941082 
0.9843062 
0.9872903 
0.9895724 
0.9898830 
0.9831367 
0.9845875 
0.9854032 
0.9813470 
0.9804193 
0.9795533 
0.9779454 
0.9821560 
0.9830412 
0.9851668 
0.9892061 
0.9906330 
0.9833258 
0.9838306 
0.9803211 
0.9814260 
0.9816609 
0.9760658 
0.9815449 
0.9848654 
0.9796327 
0.9803571 
0.9796412 
0.9794203 
0.9814036 
0.9818003 
0.9813428 
0.9868970 
0.9784694 
0.9814040 
0.9764089 
0.9693578 
0.9735851 
0.9647284 
0.9634360 
0.9710580 
0.9749633 
0.9727554 
0.9752444 
0.9707971 
0.9672214 
0.9576133 
0.9617500 
0.9608873 
0.9634827 
0.9606922 
0.9634362 
0.9640057 
0.9590297 
0.9465563 
0.9473977 
0.9501460 
0.9450198 
0.9511921 
0.9513602 
0.9549068 
0.9502928 
0.9502208 
0.9499287 
0.9541737 
0.9532662 
0.9553776 
0.9589625 
0.9584284 
0.9659687 
0.9620765 
0.9561459 
0.9562295 
0.9571380 
0.9573575 
0.9534199 
0.9526669 
0.9546777 
0.9583040 
0.9568635 
0.9567990 
0.9592829 
0.9577427 
0.9584173 
0.9470595 
0.9458908 
0.9421387 
0.9464945 
0.9483243 
0.9508884 
0.9567197 
0.9536809 
0.9586837 
0.9546605 
0.9476921 
0.9507736 
0.9497654 
0.9465601 
0.9490598 
0.9545852 
0.9472240 
0.9465208 
0.9458708 
0.9518705 
0.9682707 
0.9691435 
0.9625838 
0.9693569 
0.9704666 
0.9677740 
0.9628562 
0.9595629 
0.9638189 
0.9624049 
0.9651756 
0.9647616 
0.9717447 
0.9705538 
0.9790420 
0.9773715 
0.9765725 
0.9823451 
0.9813727 
0.9768197 
0.9755469 
0.9725504 
0.9688570 
0.9595215 
0.9648166 
0.9658839 
0.9579899 
0.9608419 
0.9568367 
0.9572651 
0.9593209 
0.9541951 
0.9604361 
0.9576084 
0.9573351 
0.9525284 
0.9505870 
0.9555704 
0.9580266 
0.9556739 
0.9574757 
0.9530541 
0.9575338 
0.9526183 
0.9576175 
0.9591349 
0.9604416 
0.9679408 
0.9698255 
0.9727853 
0.9682022 
0.9616676 
0.9659463 
0.9685404 
0.9689262 
0.9681508 
0.9597191 
0.9759687 
0.9766897 
0.9742570 
0.9762532 
0.9713060 
0.9696071 
0.9739465 
0.9753599 
0.9705968 
0.9743260 
0.9679887 
0.9696493 
0.9622089 
0.9640839 
0.9605381 
0.9717201 
0.9707149 
0.9771852 
0.9765938 
0.9786039 
0.9838013 
0.9795242 
0.9799533 
0.9775702 
0.9731009 
0.9776170 
0.9682733 
0.9638793 
0.9674613 
0.9720062 
0.9739928 
0.9776380 
0.9730462 
0.9648866 
0.9677366 
0.9676520 
0.9680455 
0.9679663 
0.9654607 
0.9637737 
0.9607544 
0.9628134 
0.9691457 
0.9636256 
0.9646689 
0.9604715 
0.9587864 
0.9630222 
0.9682906 
0.9709296 
0.9551889 
0.9658427 
0.9714167 
0.9687660 
0.9655425 
0.9608487 
0.9592930 
0.9622874 
0.9705719 
0.9658436 
0.9707267 
0.9694140 
0.9787800 
0.9779942 
0.9710167 
0.9672809 
0.9677956 
0.9731366 
0.9629668 
0.9611634 
0.9690440 
0.9645417 
0.9666540 
0.9695788 
0.9682998 
0.9728414 
0.9781862 
0.9686343 
0.9683211 
0.9755154 
0.9722301 
0.9760501 
0.9823502 
0.9898201 
0.9790835 
0.9749975 
0.9732980 
0.9805061 
0.9735246 
0.9702524 
0.9796557 
0.9830988 
0.9758179 
0.9806567 
0.9770319 
0.9792846 
0.9741769 
0.9815620 
0.9907631 
0.9937334 
0.9914976 
0.9917926 
0.9914596 
0.9892168 
0.9810074 
0.9844806 
0.9837188 
0.9849922 
0.9808920 
0.9777632 
0.9798342 
0.9743345 
0.9752543 
0.9726593 
0.9789790 
0.9758818 
0.9712904 
0.9638360 
0.9733382 
0.9710656 
0.9638185 
0.9551866 
0.9598483 
0.9581211 
0.9612166 
0.9623089 
0.9673454 
0.9705848 
0.9650167 
0.9700429 
0.9742735 
0.9749927 
0.9719891 
0.9670630 
0.9660698 
0.9614992 
0.9595935 
0.9573475 
0.9576703 
0.9606505 
0.9631430 
0.9601438 
0.9660961 
0.9566824 
0.9638956 
0.9627853 
0.9593597 
0.9548133 
0.9468394 
0.9469850 
0.9372190 
0.9402695 
0.9413450 
0.9430888 
0.9372214 
0.9456432 
0.9353146 
0.9468430 
0.9395821 
0.9405627 
0.9306629 
0.9321134 
0.9370042 
0.9388619 
0.9398310 
0.9381800 
0.9409369 
0.9363168 
0.9346764 
0.9387697 
0.9341576 
0.9362912 
0.9372893 
0.9455742 
0.9433844 
0.9487482 
0.9471872 
0.9453132 
0.9474540 
0.9542961 
0.9544831 
0.9548530 
0.9512101 
0.9511220 
0.9470521 
0.9394901 
0.9452516 
0.9396021 
0.9442505 
0.9451378 
0.9478700 
0.9481876 
0.9547359 
0.9576611 
0.9598802 
0.9647964 
0.9688237 
0.9673273 
0.9666633 
0.9672203 
0.9725633 
0.9672066 
0.9705634 
0.9742825 
0.9683711 
0.9712952 
0.9695872 
0.9733799 
0.9815218 
0.9761506 
0.9720975 
0.9627280 
0.9654162 
0.9688300 
0.9695201 
0.9695116 
0.9684405 
0.9673850 
0.9704953 
0.9731266 
0.9704103 
0.9655842 
0.9698892 
0.9673778 
0.9677158 
0.9635932 
0.9650687 
0.9543441 
0.9585698 
0.9672197 
0.9628151 
0.9609529 
0.9663479 
0.9667034 
0.9587027 
0.9636318 
0.9647932 
0.9596599 
0.9569202 
0.9492915 
0.9376920 
0.9436062 
0.9363451 
0.9401272 
0.9375507 
0.9337038 
0.9326928 
0.9377361 
0.9430949 
0.9370359 
0.9461445 
0.9531594 
0.9410954 
0.9461552 
0.9421141 
0.9412677 
0.9423262 
0.9424814 
0.9374715 
0.9403983 
0.9322683 
0.9368067 
0.9360580 
0.9419548 
0.9299045 
0.9372831 
0.9425970 
0.9354219 
0.9362060 
0.9410835 
0.9421774 
0.9435111 
0.9427033 
0.9370953 
0.9377384 
0.9491481 
0.9505610 
0.9505544 
0.9510566 
0.9546202 
0.9509212 
0.9470753 
0.9512785 
0.9536246 
0.9485915 
0.9524472 
0.9540723 
0.9575293 
0.9610449 
0.9624879 
0.9674406 
0.9598916 
0.9633696 
0.9630271 
0.9664416 
0.9633598 
0.9619798 
0.9600012 
0.9597019 
0.9576956 
0.9638793 
0.9674820 
0.9711975 
0.9647079 
0.9710123 
0.9730566 
0.9749980 
0.9639589 
0.9593981 
0.9705498 
0.9654721 
0.9622150 
0.9568967 
0.9567179 
0.9618058 
0.9621970 
0.9661036 
0.9776737 
0.9663332 
0.9657510 
0.9675079 
0.9684983 
0.9626186 
0.9639266 
0.9701347 
0.9697766 
0.9644737 
0.9581620 
0.9499377 
0.9613946 
0.9662933 
0.9663241 
0.9689778 
0.9685982 
0.9671559 
0.9606036 
0.9562602 
0.9549965 
0.9618197 
0.9608007 
0.9497052 
0.9485636 
0.9448596 
0.9501554 
0.9458863 
0.9470465 
0.9383822 
0.9495056 
0.9503355 
0.9517375 
0.9497775 
0.9516541 
0.9486883 
0.9477120 
0.9496536 
0.9469475 
0.9419051 
0.9521529 
0.9488097 
0.9500919 
0.9520358 
0.9560027 
0.9564786 
0.9511729 
0.9577598 
0.9586028 
0.9573970 
0.9515365 
0.9426390 
0.9448250 
0.9381752 
0.9388319 
0.9388421 
0.9324221 
0.9397660 
0.9446714 
0.9424270 
0.9344073 
0.9338326 
0.9327205 
0.9294945 
0.9232524 
0.9269869 
0.9223045 
0.9364745 
0.9246525 
0.9332276 
0.9329066 
0.9366176 
0.9358212 
0.9297707 
0.9242204 
0.9264983 
0.9252968 
0.9220421 
0.9317509 
0.9320941 
0.9272185 
0.9361999 
0.9388626 
0.9401406 
0.9411965 
0.9412737 
0.9431868 
0.9501708 
0.9582088 
0.9540015 
0.9561175 
0.9550744 
0.9528835 
0.9537524 
0.9507082 
0.9516262 
0.9510262 
0.9487355 
0.9514177 
0.9514464 
0.9465662 
0.9561428 
0.9541608 
0.9548817 
0.9514175 
0.9454087 
0.9461668 
0.9478682 
0.9442515 
0.9370248 
0.9376828 
0.9412677 
0.9375973 
0.9369697 
0.9321942 
0.9362858 
0.9381164 
0.9435170 
0.9382883 
0.9377744 
0.9412638 
0.9372588 
0.9397078 
0.9469458 
0.9443430 
0.9435066 
0.9413453 
0.9491137 
0.9460588 
0.9438385 
0.9481645 
0.9476487 
0.9504869 
0.9510980 
0.9525848 
0.9430252 
0.9421354 
0.9401412 
0.9452062 
0.9532840 
0.9532824 
0.9591641 
0.9597911 
0.9456256 
0.9430380 
0.9392538 
0.9278431 
0.9094244 
0.8816778 
0.8142671 
0.7616407 
0.6556663 
0.5935421 
0.5538504 
0.5465085 
0.5428383 
0.5450217 
0.5388344 
0.5444105 
0.5455654 
0.5456828 
0.5455710 
0.5421290 
0.5398037 
0.5433855 
0.5351284 
0.5303453 
0.5280354 
0.5277950 
0.5255195 
0.5284595 
0.5163541 
0.5190304 
0.5267109 
0.5206018 
0.5188490 
0.5200487 
0.5205877 
0.5217008 
0.5180142 
0.5233507 
0.5202195 
0.5226702 
0.5161761 
0.5170452 
0.5135977 
0.5159985 
0.5182450 
0.5204152 
0.5238027 
0.5214206 
0.5262236 
0.5155728 
0.5176359 
0.5158949 
0.5188461 
0.4866389 
0.4954782 
0.5033731 
0.5062250 
0.5043195 
0.5032069 
0.4999078 
0.4896938 
0.4890491 
0.4870608 
0.4894326 
0.4890979 
0.4910885 
0.4908119 
0.4826720 
0.4799277 
0.4813921 
0.4863909 
0.4884152 
0.4841683 
0.4863676 
0.4912018 
0.4975735 
0.4991758 
0.4973608 
0.4936257 
0.4954128 
0.4921755 
0.4850219 
0.4870748 
0.4809376 
0.4807416 
0.4810937 
0.4812440 
0.4844618 
0.4801882 
0.4754272 
0.4677852 
0.4670458 
0.4652438 
0.4649783 
0.4694227 
0.4642999 
0.4624160 
0.4669175 
0.4645909 
0.4720845 
0.4679019 
0.4712029 
0.4672196 
0.4679905 
0.4711811 
0.4811194 
0.4723589 
0.4653826 
0.4656183 
0.4745949 
0.4757909 
0.4790060 
0.4880222 
0.4973106 
0.4981133 
0.4926756 
0.4904966 
0.4926428 
0.4906766 
0.4920913 
0.4935002 
0.5000104 
0.4939560 
0.4968594 
0.4910899 
0.4883448 
0.4864541 
0.4818580 
0.4903125 
0.4933709 
0.4849849 
0.4788244 
0.4737984 
0.4726968 
0.4762008 
0.4810527 
0.4791445 
0.4794878 
0.4841863 
0.4873862 
0.4919238 
0.4844148 
0.4723297 
0.4762714 
0.4844732 
0.4944344 
0.5016508 
0.4945254 
0.4888403 
0.4895784 
0.4852756 
0.4853404 
0.4748664 
0.4694169 
0.4677571 
0.4726751 
0.4732555 
0.4691240 
0.4673328 
0.4612899 
0.4608358 
0.4559198 
0.4556953 
0.4630278 
0.4574797 
0.4564169 
0.4552527 
0.4489239 
0.4512402 
0.4570719 
0.4528641 
0.4528739 
0.4542242 
0.4515921 
0.4508715 
0.4503937 
0.4492905 
0.4475765 
0.4436915 
0.4531216 
0.4522821 
0.4533621 
0.4507393 
0.4546036 
0.4537571 
0.4547090 
0.4490575 
0.4470101 
0.4473524 
0.4461305 
0.4413215 
0.4357104 
0.4345274 
0.4349282 
0.4377529 
0.4357574 
0.4311287 
0.4525233 
0.4543954 
0.4558907 
0.4552859 
0.4576935 
0.4492111 
0.4513623 
0.4412742 
0.4398422 
0.4417851 
0.4421967 
0.4477725 
0.4472803 
0.4468052 
0.4460988 
0.4382081 
0.4389718 
0.4385903 
0.4370935 
0.4373727 
0.4319951 
0.4330208 
0.4329579 
0.4338984 
0.4287835 
0.4272958 
0.4233599 
0.4184783 
0.4149335 
0.4140214 
0.4202913 
0.4233342 
0.4237454 
0.4219494 
0.4233962 
0.4262987 
0.4338737 
0.4319442 
0.4289214 
0.4287157 
0.4283087 
0.4293640 
0.4306565 
0.4297645 
0.4256471 
0.4278812 
0.4277349 
0.4278110 
0.4193929 
0.4115840 
0.4243062 
0.4204393 
0.4260831 
0.4275772 
0.4309276 
0.4227473 
0.4229400 
0.4179057 
0.4114869 
0.4123257 
0.4154801 
0.4178185 
0.4161806 
0.4163666 
0.4106353 
0.4084123 
0.4143533 
0.4170056 
0.4129596 
0.4146534 
0.4115405 
0.4051298 
0.4069628 
0.4038010 
0.3981614 
0.4065774 
0.4069719 
0.4099907 
0.4068992 
0.4123832 
0.3998558 
0.3986893 
0.4016570 
0.3965529 
0.4022946 
0.3897902 
0.3838291 
0.3867604 
0.3855588 
0.3830594 
0.3935862 
0.3950975 
0.3941572 
0.4045115 
0.4029471 
0.3963415 
0.3893292 
0.3939612 
0.3909672 
0.3859916 
0.3857125 
0.3861373 
0.3848169 
0.3720993 
0.3791734 
0.3892823 
0.3854326 
0.3852998 
0.3732914 
0.3740837 
0.3752821 
0.3659805 
0.3695060 
0.3732392 
0.3674600 
0.3694673 
0.3771176 
0.3729761 
0.3656636 
0.3599957 
0.3578032 
0.3559494 
0.3521790 
0.3573938 
0.3573534 
0.3529986 
0.3523717 
0.3455037 
0.3494631 
0.3597909 
0.3588733 
0.3679467 
0.3700771 
0.3760074 
0.3786637 
0.3787836 
0.3761039 
0.3828000 
0.3788718 
0.3931636 
0.3899537 
0.3848091 
0.3835225 
0.3857159 
0.3691002 
0.3648890 
0.3523939 
0.3516044 
0.3554908 
0.3605065 
0.3538631 
0.3543593 
0.3471918 
0.3474220 
0.3409358 
0.3420807 
0.3382986 
0.3449493 
0.3355684 
0.3349830 
0.3346854 
0.3425692 
0.3308586 
0.3328358 
0.3418547 
0.3459324 
0.3487371 
0.3539937 
0.3563755 
0.3555826 
0.3508010 
0.3484284 
0.3402378 
0.3402691 
0.3371067 
0.3374942 
0.3430888 
0.3313249 
0.3256165 
0.3163357 
0.3199701 
0.3156216 
0.3183393 
0.3196131 
0.3095862 
0.3036282 
0.3050849 
0.3065089 
0.3024318 
0.3032730 
0.3069561 
0.3095771 
0.3151396 
0.3061667 
0.3067518 
0.3032432 
0.3111978 
0.3047328 
0.3088509 
0.3117082 
0.3108494 
0.3038706 
0.3043452 
0.3090796 
0.3047612 
0.3148735 
0.3225402 
0.3336579 
0.3351498 
0.3367921 
0.3335081 
0.3244765 
0.3138465 
0.3096701 
0.3117630 
0.3055513 
0.3013936 
0.3100933 
0.3172022 
0.3112457 
0.3074602 
0.3113545 
0.3096141 
0.3073490 
0.3059855 
0.3040653 
0.3097555 
0.3202852 
0.3179380 
0.3185096 
0.3160492 
0.3166654 
0.3121517 
0.3101466 
0.3082709 
0.3047377 
0.3048815 
0.3021018 
0.3089878 
0.3021014 
0.2976809 
0.2995701 
0.3067488 
0.3194957 
0.3174072 
0.3195062 
0.3176964 
0.3201310 
0.3067077 
0.3048848 
0.3032464 
0.3016820 
0.2991621 
0.2991361 
0.2959988 
0.2862431 
0.2781719 
0.2823779 
0.2839091 
0.2807815 
0.2840952 
0.2856585 
0.2847436 
0.2812113 
0.2798593 
0.2752300 
0.2771307 
0.2742226 
0.2764985 
0.2917756 
0.2933333 
0.2929277 
0.2950259 
0.2928791 
0.2902988 
0.2921241 
0.2900026 
0.2796472 
0.2798104 
0.2817440 
0.2815063 
0.2817461 
0.2805187 
0.2725502 
0.2782289 
0.2830127 
0.2846262 
0.2918207 
0.2918906 
0.2961954 
0.2991575 
0.3027602 
0.3048872 
0.3064177 
0.3038534 
0.2995378 
0.2859442 
0.2864442 
0.2852633 
0.2744338 
0.2700749 
0.2655467 
0.2575906 
0.2550344 
0.2493372 
0.2517706 
0.2571724 
0.2517192 
0.2592320 
0.2607495 
0.2566261 
0.2503597 
0.2459349 
0.2595187 
0.2546503 
0.2579597 
0.2543442 
0.2580197 
0.2666701 
0.2747826 
0.2798943 
0.2776564 
0.2779230 
0.2902514 
0.2897488 
0.2827969 
0.2714780 
0.2634105 
0.2541243 
0.2565087 
0.2535166 
0.2553882 
0.2581467 
0.2615986 
0.2503586 
0.2426260 
0.2515499 
0.2619715 
0.2655772 
0.2630648 
0.2629931 
0.2686501 
0.2675014 
0.2674219 
0.2664051 
0.2729924 
0.2741807 
0.2774475 
0.2876211 
0.2978535 
0.2952632 
0.2955774 
0.2878567 
0.2555230 
0.2563707 
0.2572553 
0.2573911 
0.2544432 
0.2505523 
0.2481768 
0.2489324 
0.2537460 
0.2484357 
0.2467227 
0.2467043 
0.2439205 
0.2481928 
0.2457016 
0.2464349 
0.2496195 
0.2437773 
0.2406969 
0.2424060 
0.2416128 
0.2446452 
0.2446325 
0.2379233 
0.2378118 
0.2421462 
0.2346027 
0.2361815 
0.2386576 
0.2431345 
0.2418316 
0.2390684 
0.2376000 
0.2394451 
0.2399157 
0.2387545 
0.2405708 
0.2323040 
0.2311832 
0.2343129 
0.2393729 
0.2319499 
0.2296671 
0.2346959 
0.2401010 
0.2402613 
0.2442596 
0.2478738 
0.2412085 
0.2399418 
0.2362360 
0.2353070 
0.2312064 
0.2286157 
0.2158153 
0.2246762 
0.2278370 
0.2262350 
0.2297114 
0.2291997 
0.2306902 
0.2377766 
0.2391095 
0.2335359 
0.2250748 
0.2231411 
0.2170610 
0.2102433 
0.2038871 
0.2082337 
0.2042130 
0.2029253 
0.2140262 
0.2146476 
0.2144259 
0.2067915 
0.2102471 
0.2065953 
0.2129748 
0.2122294 
0.2184489 
0.2226476 
0.2218756 
0.2247022 
0.2140712 
0.2166908 
0.2214964 
0.2295645 
0.2338168 
0.2329041 
0.2367962 
0.2382293 
0.2409491 
0.2388135 
0.2366915 
0.2334330 
0.2284279 
0.2259353 
0.2200661 
0.2188116 
0.2192726 
0.2153974 
0.2070766 
0.2036605 
0.2020691 
0.1962417 
0.2027784 
0.2077307 
0.2012036 
0.1965931 
0.1995493 
0.1983057 
0.2000919 
0.1999173 
0.1963960 
0.1940417 
0.1949811 
0.1969145 
0.2045456 
0.2080966 
0.2132510 
0.2118268 
0.2191110 
0.2171619 
0.2236286 
0.2249059 
0.2288285 
0.2336452 
0.2304479 
0.2231600 
0.2222129 
0.2178898 
0.2146609 
0.2149204 
0.2122896 
0.2063742 
0.2025285 
0.2064398 
0.2073522 
0.2013944 
0.2064434 
0.2121495 
0.2110971 
0.2132824 
0.2089199 
0.2120935 
0.2101068 
0.2149568 
0.2139928 
0.2182023 
0.2198978 
0.2180194 
0.2177103 
0.2198703 
0.2181715 
0.2174346 
0.2204289 
0.2171809 
0.2186951 
0.2179799 
0.2114515 
0.2100649 
0.2073655 
0.2110268 
0.2098175 
0.2108459 
0.2102082 
0.2131223 
0.2087224 
0.2085943 
0.2110945 
0.2118394 
0.2168376 
0.2181020 
0.2179477 
0.2177559 
0.2148743 
0.2167626 
0.2310773 
0.2342611 
0.2438836 
0.2396216 
0.2396051 
0.2309963 
0.2158259 
0.1907036 
0.1866443 
0.1910135 
0.1879279 
0.1941285 
0.1909487 
0.1890576 
0.1923432 
0.1905252 
0.1851105 
0.1780435 
0.1699279 
0.1683855 
0.1696785 
0.1738393 
0.1739507 
0.1764398 
0.1766674 
0.1760850 
0.1738176 
0.1691425 
0.1754767 
0.1774454 
0.1792022 
0.1713863 
0.1716040 
0.1692523 
0.1719078 
0.1697163 
0.1678804 
0.1643535 
0.1676118 
0.1693745 
0.1674074 
0.1682952 
0.1636283 
0.1641520 
0.1660886 
0.1721498 
0.1695401 
0.1697468 
0.1675772 
0.1716892 
0.1710302 
0.1762359 
0.1763874 
0.1678921 
0.1732532 
0.1735520 
0.1755281 
0.1804028 
0.1848939 
0.1875014 
0.1780077 
0.1817674 
0.1811976 
0.1802695 
0.1851071 
0.1861201 
0.1897029 
0.1810227 
0.1826281 
0.1817705 
0.1837947 
0.1804436 
0.1757040 
0.1782365 
0.1796184 
0.1752120 
0.1683600 
0.1714492 
0.1691670 
0.1611886 
0.1586616 
0.1604331 
0.1531278 
0.1520113 
0.1551312 
0.1470865 
0.1479075 
0.1495049 
0.1471880 
0.1495561 
0.1500922 
0.1511645 
0.1516641 
0.1524092 
0.1486999 
0.1588276 
0.1593912 
0.1586946 
0.1572264 
0.1646618 
0.1640616 
0.1656447 
0.1685975 
0.1692606 
0.1596483 
0.1591087 
0.1585884 
0.1567692 
0.1550807 
0.1562798 
0.1606275 
0.1605515 
0.1605848 
0.1535323 
0.1552633 
0.1491395 
0.1488076 
0.1472647 
0.1409444 
0.1422444 
0.1454420 
0.1402372 
0.1424267 
0.1352400 
0.1345646 
0.1388285 
0.1542131 
0.1536235 
0.1531158 
0.1496431 
0.1489446 
0.1478457 
0.1516995 
0.1465216 
0.1434754 
0.1376954 
0.1437327 
0.1470549 
0.1479838 
0.1469915 
0.1473395 
0.1461184 
0.1456919 
0.1429174 
0.1468841 
0.1464437 
0.1442780 
0.1477813 
0.1491898 
0.1496633 
0.1518447 
0.1473187 
0.1522342 
0.1494171 
0.1460597 
0.1429200 
0.1437883 
0.1447643 
0.1442509 
0.1439109 
0.1494732 
0.1519153 
0.1503901 
0.1545191 
0.1499904 
0.1517469 
0.1409033 
0.1296393 
0.1295820 
0.1273211 
0.1232552 
0.1259437 
0.1388098 
0.1375831 
0.1399201 
0.1456200 
0.1408066 
0.1344907 
0.1383239 
0.1396276 
0.1424703 
0.1404004 
0.1400121 
0.1309375 
0.1308110 
0.1275332 
0.1205621 
0.1260307 
0.1233732 
0.1232028 
0.1285173 
0.1307832 
0.1429090 
0.1284395 
0.1271000 
0.1213104 
0.1193389 
0.1169920 
0.1165786 
0.1189483 
0.1180172 
0.1173466 
0.1269345 
0.1219774 
0.1185679 
0.1277453 
0.1282104 
0.1388224 
0.1382188 
0.1404630 
0.1299676 
0.1297623 
0.1310294 
0.1299750 
0.1361345 
0.1333748 
0.1388036 
0.1368975 
0.1369917 
0.1369161 
0.1304986 
0.1292621 
0.1279060 
0.1265339 
0.1313438 
0.1300571 
0.1267448 
0.1327488 
0.1373054 
0.1320088 
0.1310158 
0.1379503 
0.1299980 
0.1270169 
0.1204456 
0.1249136 
0.1151979 
0.1132412 
0.1161163 
0.1203724 
0.1201697 
0.1181686 
0.1154222 
0.1162028 
0.1141471 
0.1286484 
0.1317136 
0.1292818 
0.1240305 
0.1265713 
0.1259426 
0.1328207 
0.1331615 
0.1385356 
0.1389350 
0.1438001 
0.1449853 
0.1486689 
0.1485187 
0.1479380 
0.1425795 
0.1316748 
0.1241466 
0.1129117 
0.1124572 
0.1131483 
0.1139833 
0.1162510 
0.1060356 
0.1116709 
0.1135888 
0.1131819 
0.1168472 
0.1287892 
0.1292334 
0.1261785 
0.1248590 
0.1222744 
0.1215570 
0.1188874 
0.1163526 
0.1150574 
0.1133795 
0.1092639 
0.1101899 
0.1133121 
0.1103430 
0.1118865 
0.1158420 
0.1113391 
0.1104697 
0.1087732 
0.1088220 
0.1082465 
0.1099638 
0.1187373 
0.1197238 
0.1190301 
0.1178492 
0.1207233 
0.1199254 
0.1162536 
0.1158968 
0.1142755 
0.1165630 
0.1175068 
0.1139230 
0.1209315 
0.1218099 
0.1252542 
0.1236843 
0.1208978 
0.1166797 
0.1174972 
0.1164534 
0.1215575 
0.1277050 
0.1219588 
0.1166645 
0.1159447 
0.1175936 
0.1135581 
0.1116070 
0.1133545 
0.1077641 
0.1096321 
0.1082077 
0.1076704 
0.1090224 
0.1090515 
0.1118054 
0.1124109 
0.1084421 
0.1039175 
0.1011725 
0.1050462 
0.1056696 
0.1042791 
0.1048406 
0.1039091 
0.1047993 
0.1005507 
0.1002740 
0.1027957 
0.1003087 
0.0991611 
0.1024763 
0.0980841 
0.0960076 
0.0988777 
0.0934066 
0.0937536 
0.0984431 
0.0952977 
0.0916607 
0.0972203 
0.0985183 
0.0979441 
0.0987700 
0.0987799 
0.0965326 
0.0963528 
0.0978641 
0.0923511 
0.0928440 
0.0943211 
0.1016431 
0.0934730 
0.0953723 
0.1027395 
0.0952856 
0.0986689 
0.0927705 
0.0858847 
0.0849462 
0.0825680 
0.0848002 
0.0838551 
0.0833868 
0.0928459 
0.0941941 
0.0996677 
0.0970068 
0.0941849 
0.0956574 
0.0960906 
0.0960397 
0.0961572 
0.0982797 
0.0988809 
0.1024854 
0.0981383 
0.0932657 
0.0877425 
0.0892596 
0.0820488 
0.0802279 
0.0825570 
0.0874637 
0.0885995 
0.0891090 
0.0892932 
0.0996951 
0.0964603 
0.0922472 
0.0931799 
0.0962507 
0.0960592 
0.1001964 
0.0999341 
0.1019939 
0.0887046 
0.0929560 
0.1000863 
0.1050120 
0.1105755 
0.1064741 
0.1104746 
0.1099307 
0.1083876 
0.1056272 
0.1087729 
0.1056832 
0.1009448 
0.1019483 
0.0974202 
0.0924428 
0.0915830 
0.0863269 
0.0853967 
0.0908799 
0.0919923 
0.0866137 
0.0842736 
0.0843502 
0.0850377 
0.0866653 
0.0863169 
0.0913192 
0.0919185 
0.0901689 
0.0846994 
0.0836414 
0.0777645 
0.0789453 
0.0775123 
0.0799937 
0.0859548 
0.0842873 
0.0828861 
0.0819224 
0.0804516 
0.0740952 
0.0751728 
0.0741621 
0.0702254 
0.0711625 
0.0676223 
0.0683752 
0.0725563 
0.0766810 
0.0775804 
0.0804200 
0.0748192 
0.0753500 
0.0722762 
0.0783595 
0.0850875 
0.0835820 
0.0843020 
0.0864074 
0.0872953 
0.0904130 
0.0842658 
0.0862471 
0.0898421 
0.0914099 
0.0934176 
0.0979560 
0.1037888 
0.0901646 
0.0847442 
0.0856424 
0.0827563 
0.0834086 
0.0827567 
0.0818687 
0.0848976 
0.0878367 
0.0875248 
0.0847209 
0.0839806 
0.0818142 
0.0791698 
0.0715465 
0.0711906 
0.0758159 
0.0788606 
0.0700408 
0.0693094 
0.0642692 
0.0683191 
0.0755160 
0.0779259 
0.0733185 
0.0691567 
0.0673544 
0.0713646 
0.0764197 
0.0780958 
0.0813181 
0.0771599 
0.0729614 
0.0726238 
0.0708011 
0.0754532 
0.0739931 
0.0718256 
0.0761441 
0.0698156 
0.0700164 
0.0705318 
0.0669498 
0.0716388 
0.0686588 
0.0544041 
0.0529696 
0.0606181 
0.0593633 
0.0692510 
0.0606360 
0.0598077 
0.0654149 
0.0644999 
0.0609395 
0.0632575 
0.0624964 
0.0655682 
0.0661742 
0.0700068 
0.0749942 
0.0811753 
0.0827088 
0.0808629 
0.0768013 
0.0772147 
0.0786268 
0.0731721 
0.0700234 
0.0693382 
0.0663744 
0.0671272 
0.0730627 
0.0689862 
0.0701477 
0.0665520 
0.0635186 
0.0722881 
0.0667255 
0.0689297 
0.0745299 
0.0707715 
0.0718911 
0.0682558 
0.0656373 
0.0675488 
0.0672136 
0.0684339 
0.0673057 
0.0698362 
0.0668229 
0.0685841 
0.0688059 
0.0694273 
0.0751671 
0.0756679 
0.0809038 
0.0817545 
0.0734685 
0.0780559 
0.0744525 
0.0739589 
0.0783445 
0.0744627 
0.0736507 
0.0752076 
0.0750461 
0.0734114 
0.0750267 
0.0746765 
0.0793162 
0.0743292 
0.0741088 
0.0781430 
0.0778884 
0.0789963 
0.0733339 
0.0749986 
0.0763616 
0.0799339 
0.0798099 
0.0755771 
0.0757846 
0.0809343 
0.0815088 
0.0810280 
0.0792662 
0.0780030 
0.0706070 
0.0692676 
0.0663095 
0.0701512 
0.0745607 
0.0738688 
0.0740851 
0.0738146 
0.0714199 
0.0720637 
0.0771396 
0.0681792 
0.0657511 
0.0664903 
0.0654362 
0.0677040 
0.0695967 
0.0745209 
0.0706324 
0.0765970 
0.0763315 
0.0727246 
0.0696664 
0.0671940 
0.0400570 
0.0705777 
0.0762376 
0.0736693 
0.0747164 
0.0726140 
0.0687024 
0.0751660 
0.0714878 
0.0770116 
0.0759046 
0.0748817 
0.0778382 
0.0763134 
0.0739977 
0.0809610 
0.0848972 
0.0869246 
0.0816071 
0.0739281 
0.0626003 
0.0612754 
0.0626257 
0.0611371 
0.0626553 
0.0650832 
0.0655489 
0.0620500 
0.0601714 
0.0591408 
0.0605420 
0.0619033 
0.0612873 
0.0578663 
0.0570690 
0.0581261 
0.0583441 
0.0589830 
0.0563394 
0.0517732 
0.0561278 
0.0566480 
0.0550408 
0.0563240 
0.0537890 
0.0517755 
0.0556167 
0.0497565 
0.0605643 
0.0630131 
0.0656020 
0.0662952 
0.0622212 
0.0561815 
0.0616734 
0.0634659 
0.0651610 
0.0639763 
0.0613143 
0.0556610 
0.0578594 
0.0626689 
0.0579443 
0.0534068 
0.0639100 
0.0633753 
0.0613334 
0.0622917 
0.0600386 
0.0580195 
0.0546706 
0.0450721 
0.0506483 
0.0530783 
0.0503925 
0.0591620 
0.0638743 
0.0582833 
0.0637089 
0.0606966 
0.0698573 
0.0693464 
0.0621519 
0.0620398 
0.0586871 
0.0620969 
0.0538351 
0.0553906 
0.0527162 
0.0530462 
0.0547590 
0.0563454 
0.0612086 
0.0617031 
0.0553761 
0.0525385 
0.0569170 
0.0635350 
0.0587593 
0.0601176 
0.0630430 
0.0615124 
0.0657951 
0.0619746 
0.0653532 
0.0667688 
0.0683187 
0.0628633 
0.0665168 
0.0639444 
0.0624840 
0.0581048 
0.0572098 
0.0566987 
0.0547071 
0.0530645 
0.0523303 
0.0512086 
0.0469477 
0.0626556 
0.0636727 
0.0697616 
0.0695878 
0.0678604 
0.0681439 
0.0664158 
0.0673562 
0.0689958 
0.0670441 
0.0647717 
0.0601728 
0.0567544 
0.0467226 
0.0492764 
0.0488462 
0.0509965 
0.0479153 
0.0479770 
0.0441936 
0.0477088 
0.0576930 
0.0550559 
0.0559874 
0.0622318 
0.0610350 
0.0472763 
0.0438558 
0.0464753 
0.0537422 
0.0582239 
0.0607753 
0.0595375 
0.0673868 
0.0649658 
0.0686185 
0.0707602 
0.0726604 
0.0700661 
0.0739460 
0.0786736 
0.0786962 
0.0773473 
0.0769854 
0.0768742 
0.0759635 
0.0703220 
0.0655459 
0.0621007 
0.0700208 
0.0702909 
0.0662578 
0.0639668 
0.0610763 
0.0636742 
0.0587396 
0.0544170 
0.0567106 
0.0495881 
0.0501749 
0.0535935 
0.0588686 
0.0655251 
0.0702445 
0.0710143 
0.0693530 
0.0632948 
0.0664380 
0.0693943 
0.0711669 
0.0665519 
0.0703055 
0.0695530 
0.0668178 
0.0712985 
0.0758042 
0.0698554 
0.0753088 
0.0701830 
0.0701086 
0.0706207 
0.0681465 
0.0641027 
0.0499590 
0.0353697 
0.0321274 
0.0323941 
0.0273946 
0.0267741 
0.0228194 
0.0253480 
0.0209754 
0.0209051 
0.0298238 
0.0368758 
0.0364537 
0.0371872 
0.0317308 
0.0344503 
0.0310208 
0.0286374 
0.0338398 
0.0315204 
0.0289573 
0.0432043 
0.0452415 
0.0517315 
0.0589144 
0.0629164 
0.0683843 
0.0704102 
0.0721698 
0.0676421 
0.0639933 
0.0611878 
0.0576063 
0.0489143 
0.0438013 
0.0457674 
0.0428354 
0.0426821 
0.0351606 
0.0319276 
0.0284268 
0.0203036 
0.0195246 
0.0232897 
0.0167154 
0.0182094 
0.0161571 
0.0196743 
0.0171081 
0.0081416 
0.0089249 
0.0126913 
0.0039792 
0.0105305 
0.0082088 
0.0137421 
0.0131720 
0.0149874 
0.0142413 
0.0171721 
0.0199482 
0.0272405 
0.0265414 
0.0259904 
0.0257139 
0.0270948 
0.0260133 
0.0250094 
0.0291705 
0.0333901 
0.0307957 
0.0279865 
0.0301451 
0.0299149 
0.0276397 
0.0265967 
0.0184590 
0.0167273 
0.0128474 
0.0078426 
0.0109376 
0.0206828 
0.0211755 
0.0199117 
0.0127890 
0.0158344 
0.0127145 
0.0078555 
0.0141231 
0.0138564 
0.0208129 
0.0221345 
0.0235506 
0.0233657 
0.0301426 
0.0213114 
0.0214315 
0.0184306 
0.0231514 
0.0216402 
0.0225437 
0.0229007 
0.0262766 
0.0211619 
0.0222185 
0.0185187 
0.0231515 
0.0198600 
0.0159247 
0.0214336 
0.0272937 
0.0216323 
0.0160011 
0.0195575 
0.0258512 
0.0349339 
0.0238125 
0.0000000 
0.0096046 
0.0116960 
0.0073295 
0.0129819 
0.0108854 
0.0123978 
0.0070650 
0.0116002 
0.0089544 
0.0107473 
0.0108587 
0.0167569 
0.0152084 
0.0156477 
0.0203492 
0.0180167 
0.0213512 
0.0236857 
0.0286781 
0.0277684 
0.0257889 
0.0252069 
0.0197449 
0.0176350 
0.0146676 
0.0135292 
0.0184317 
0.0130165 
0.0079370 
0.0191371 
0.0183040 
0.0112403 
0.0111287 
0.0120139 
0.0106342 
0.0183311 
0.0222948 
0.0228857 
0.0194355 
0.0121719 
0.0032313 
0.0077605 
0.0109562 
0.0116768 
0.0020660 
