-0.0001712 
-0.0001132 
-0.0001722 
0.5101515 
0.0873758 
-0.2670998 
0.3123498 
0.3150322 
0.3035956 
0.2816982 
0.3069168 
0.3671449 
0.3857634 
0.4460055 
0.4309554 
0.4111910 
0.4517592 
0.4673791 
0.4139201 
0.4903962 
0.4876990 
0.4138183 
0.4146744 
0.4677600 
0.4115135 
0.4052599 
0.3588734 
0.3621459 
0.3377012 
0.3993714 
0.3799135 
0.3637831 
0.3346342 
0.3331110 
0.3328468 
0.3472921 
0.3526082 
0.3286454 
0.3241980 
0.2807935 
0.2789192 
0.2933205 
0.3456173 
0.3653325 
0.3381020 
0.3362610 
0.3456898 
0.3278708 
0.3365972 
0.3522461 
0.3208126 
0.3079171 
0.3290078 
0.3085098 
0.2732184 
0.3234944 
0.2912803 
0.2475962 
0.3439317 
0.3409887 
0.3511794 
0.3353858 
0.3590788 
0.3698995 
0.4077880 
0.3837314 
0.4077931 
0.3452382 
0.3556261 
0.3569862 
0.3406139 
0.3761638 
0.3231864 
0.3079131 
0.2839725 
0.2156867 
0.2590595 
0.2943666 
0.2685231 
0.2236647 
0.1556761 
0.1316527 
0.2027761 
0.1873718 
0.1668287 
0.1204473 
0.0679531 
0.0053978 
0.0362003 
0.0453305 
0.0460751 
0.0328454 
0.0649626 
0.0447327 
0.0036337 
0.0066198 
0.0476903 
0.0690314 
0.0428108 
0.0590293 
0.0019026 
0.0549560 
0.0658342 
0.0602354 
0.0709402 
0.0479028 
0.0313631 
0.0370046 
0.0147613 
0.0220638 
0.0485333 
0.0525602 
0.0861466 
0.0839634 
0.1699325 
0.0430751 
0.1023246 
0.1019004 
0.0923078 
0.0434296 
0.0476473 
0.0986827 
0.1105821 
0.0772505 
0.1045150 
0.1113442 
0.0923707 
0.1176385 
0.0815230 
0.0714864 
0.0948436 
0.1487899 
0.1226245 
0.1296811 
0.1261153 
0.1090453 
0.1138133 
0.1047428 
0.1156428 
0.1561408 
0.1572595 
0.1446483 
0.1560278 
0.1293892 
0.1268586 
0.1241379 
0.1388918 
0.1201738 
0.1523742 
0.1760927 
0.1604349 
0.1391248 
0.1544995 
0.1110103 
0.1304679 
0.1744477 
0.1576868 
0.1786970 
0.1468706 
0.1496217 
0.1860503 
0.1918407 
0.1615852 
0.1867502 
0.1792615 
0.2148027 
0.2109699 
0.1772653 
0.1603303 
0.1658915 
0.0822207 
0.1746632 
0.1763226 
0.1600982 
0.1707572 
0.1680536 
0.1751538 
0.2248565 
0.1773670 
0.1850935 
0.1318619 
0.1128473 
0.1329288 
0.1193138 
0.1554942 
0.1392362 
0.1552180 
0.1654925 
0.1718883 
0.1619026 
0.1317681 
0.1806497 
0.2024851 
0.2355858 
0.2089923 
0.2877379 
0.1953131 
0.2223851 
0.2622450 
0.2519423 
0.2872145 
0.2441134 
0.2354594 
0.2377893 
0.2759792 
0.2961689 
0.3200227 
0.3492890 
0.3518467 
0.3437672 
0.3186269 
0.3099358 
0.3209650 
0.3739483 
0.3542255 
0.3704965 
0.4063419 
0.3455158 
0.3401347 
0.3645062 
0.3252443 
0.3162396 
0.2872153 
0.2534278 
0.2067694 
0.2552452 
0.3254955 
0.2710688 
0.2389385 
0.2121480 
0.2022012 
0.2326117 
0.2029670 
0.2404116 
0.2564509 
0.2315094 
0.1847812 
0.1662812 
0.2054905 
0.2470973 
0.2062355 
0.2150087 
0.2233078 
0.1037838 
0.1510734 
0.1610973 
0.1650482 
0.1726996 
0.1909655 
0.2003360 
0.1825497 
0.1807967 
0.1704652 
0.2367284 
0.2131247 
0.1387850 
0.1684174 
0.1633393 
0.1196997 
0.1329948 
0.0944973 
0.0858507 
0.1007698 
0.1271966 
0.1293959 
0.1017219 
0.1051756 
0.1034948 
0.1106022 
0.1276860 
0.1168816 
0.1661053 
0.1780865 
0.1854902 
0.1810524 
0.1872366 
0.1757395 
0.1986001 
0.2168853 
0.1825455 
0.1758175 
0.1595789 
0.1926522 
0.1879443 
0.1750568 
0.1937861 
0.1808887 
0.1916633 
0.1853514 
0.1933712 
0.2003857 
0.2051956 
0.2586937 
0.2656369 
0.2403563 
0.2506364 
0.2247317 
0.2053120 
0.1972777 
0.1834840 
0.1716228 
0.2067851 
0.2068695 
0.1804897 
0.1793176 
0.1731684 
0.2846349 
0.2510907 
0.2532334 
0.2549064 
0.2377177 
0.2131149 
0.2327019 
0.2255773 
0.2429561 
0.1812263 
0.1966519 
0.1779714 
0.1446959 
0.1814917 
0.1820334 
0.1910494 
0.1729910 
0.0646162 
0.1211399 
0.1339067 
0.1173577 
0.1497479 
0.1698220 
0.1917436 
0.1655417 
0.1821912 
0.1523039 
0.1239431 
0.1695591 
0.1467538 
0.1168852 
0.1028000 
0.0906073 
0.0701186 
0.1081169 
0.0824286 
0.0743693 
0.0747144 
0.0482730 
0.0178130 
0.0013240 
0.0000000 
0.1027157 
0.1312936 
0.0627242 
0.1229693 
0.1079403 
0.1052596 
0.1146138 
0.1106678 
0.1036948 
0.1343127 
0.1331262 
0.1364933 
0.2002118 
0.2405145 
0.2691613 
0.0410649 
0.1043654 
0.1911718 
0.2274481 
0.2332269 
0.2789649 
0.2932213 
0.2054903 
0.2011010 
0.2067333 
0.1916000 
0.1958457 
0.1864194 
0.1749966 
0.1562721 
0.2029958 
0.1888437 
0.1807608 
0.1561194 
0.1524464 
0.1367694 
0.0702527 
0.0377570 
0.0481502 
0.0628262 
0.0507514 
0.0404960 
0.0714323 
0.0861485 
0.0709957 
0.0230919 
0.0104250 
0.0254430 
0.0836139 
0.0300389 
0.0348955 
0.0241421 
0.0533316 
0.0586748 
0.0954106 
0.0986627 
0.1303423 
0.1656339 
0.1462280 
0.1892378 
0.1902756 
0.1686430 
0.2136586 
0.2025666 
0.2674551 
0.2876083 
0.2800815 
0.3048176 
0.2998160 
0.2800357 
0.2411647 
0.2593721 
0.2135133 
0.2136353 
0.2252840 
0.2480839 
0.2515162 
0.2492259 
0.2044384 
0.2317888 
0.2375626 
0.2260308 
0.2542352 
0.3060256 
0.3049090 
0.2213018 
0.2346130 
0.2269504 
0.4155379 
0.3666732 
0.3453573 
0.3186926 
0.3104423 
0.2696154 
0.2721003 
0.2198727 
0.2725130 
0.2321020 
0.2222641 
0.1942523 
0.2164669 
0.2265742 
0.1995308 
0.2475724 
0.2390989 
0.2303211 
0.2282649 
0.2665139 
0.2111022 
0.2683648 
0.2473763 
0.2561766 
0.2481977 
0.2566797 
0.2392599 
0.2807439 
0.2496928 
0.2802466 
0.2541594 
0.2989485 
0.3088170 
0.3089403 
0.3070282 
0.2833468 
0.3050641 
0.2893546 
0.3082602 
0.2946588 
0.3129879 
0.3304567 
0.3572769 
0.3719997 
0.4135096 
0.3699330 
0.3545815 
0.3919520 
0.4161808 
0.4262728 
0.4435662 
0.5268580 
0.5079133 
0.5342074 
0.5178531 
0.5651606 
0.5091635 
0.5523736 
0.5181397 
0.5118238 
0.5376967 
0.5584515 
0.5503198 
0.5591214 
0.5522852 
0.5702039 
0.5727091 
0.5541292 
0.5557200 
0.5397315 
0.5536393 
0.4971743 
0.5021870 
0.5135522 
0.4880321 
0.4699457 
0.4713488 
0.4862630 
0.4742147 
0.4746615 
0.4791549 
0.4647011 
0.4623136 
0.4801237 
0.4962074 
0.4909173 
0.5022606 
0.5023270 
0.5242506 
0.5055193 
0.5001298 
0.5247372 
0.4842962 
0.5461443 
0.5688467 
0.5869845 
0.5895185 
0.5872843 
0.5511279 
0.5664533 
0.5701352 
0.5759095 
0.6482677 
0.6319518 
0.6338830 
0.6375167 
0.6257245 
0.6737427 
0.6563988 
0.6746704 
0.5873016 
0.5702965 
0.5524042 
0.5629794 
0.5104734 
0.4698860 
0.4456338 
0.4159932 
0.4421652 
0.4514653 
0.4449250 
0.4218708 
0.3973549 
0.3453614 
0.2890051 
0.3153853 
0.2630174 
0.2275343 
0.2360988 
0.2140883 
0.2096115 
0.2141737 
0.2485155 
0.2621434 
0.2625874 
0.2290984 
0.2327780 
0.2494347 
0.2254380 
0.2194613 
0.2371804 
0.2078526 
0.2098898 
0.2085618 
0.2316002 
0.2495561 
0.2725881 
0.2597011 
0.2550569 
0.2512840 
0.2356394 
0.2216179 
0.2755240 
0.3123414 
0.3486231 
0.3306555 
0.3862247 
0.3503143 
0.3581231 
0.3715210 
0.3784856 
0.3403363 
0.3196263 
0.3681042 
0.3368963 
0.3385191 
0.3340299 
0.3705245 
0.3392771 
0.3614200 
0.2917857 
0.3260051 
0.3194224 
0.3605151 
0.2883499 
0.3090073 
0.3112705 
0.3405216 
0.3235206 
0.3198577 
0.3271533 
0.3584204 
0.2979351 
0.3516381 
0.3287926 
0.3016206 
0.3620922 
0.4101291 
0.4018489 
0.3507211 
0.4312578 
0.4096395 
0.4363943 
0.4505698 
0.4630754 
0.4489568 
0.4283396 
0.4497145 
0.4205798 
0.4198671 
0.4356918 
0.3437262 
0.4028475 
0.3731063 
0.3541954 
0.4004852 
0.4244811 
0.4236471 
0.4048112 
0.3557294 
0.3832992 
0.3774687 
0.3567877 
0.3520725 
0.3903608 
0.3919688 
0.3767552 
0.4433286 
0.4883206 
0.4989594 
0.5020389 
0.4788025 
0.3924622 
0.3945348 
0.3835903 
0.3638789 
0.3587350 
0.3985921 
0.3917801 
0.3665190 
0.3665338 
0.3563612 
0.3896034 
0.3670456 
0.3598471 
0.3534504 
0.3146751 
0.3355123 
0.2909168 
0.2559569 
0.2211542 
0.1534579 
0.2933165 
0.3757036 
0.4148642 
0.4400840 
0.4324998 
0.4078994 
0.3377163 
0.3942750 
0.3799619 
0.4012113 
0.4301238 
0.3857707 
0.3872973 
0.3933066 
0.4335901 
0.4116765 
0.3975537 
0.4276894 
0.4227638 
0.4271423 
0.4639620 
0.4363109 
0.4213777 
0.4143061 
0.4393497 
0.4398383 
0.3977471 
0.4599760 
0.4929104 
0.4690651 
0.4600670 
0.4457020 
0.5033823 
0.4349386 
0.4571260 
0.3983724 
0.4594335 
0.4562281 
0.4535651 
0.4544498 
0.4633456 
0.4730419 
0.4817723 
0.5125950 
0.4936874 
0.4948064 
0.4482578 
0.4251892 
0.3634550 
0.4029557 
0.4023302 
0.4163284 
0.3784515 
0.4109931 
0.4267931 
0.4716770 
0.4490389 
0.4443414 
0.4904568 
0.5129133 
0.4967842 
0.5380579 
0.4977507 
0.4723526 
0.4792721 
0.4962956 
0.4976622 
0.4182348 
0.4484707 
0.4386023 
0.4414117 
0.4432352 
0.4155062 
0.4292881 
0.3034531 
0.2461908 
0.1979007 
0.2421612 
0.2226945 
0.2245999 
0.3314984 
0.4390661 
0.4559476 
0.4484811 
0.4217941 
0.4074153 
0.3900987 
0.3617719 
0.3655803 
0.3654912 
0.3653733 
0.3770408 
0.3657353 
0.3945930 
0.3770667 
0.3309016 
0.3514158 
0.3458495 
0.2765862 
0.2781326 
0.3216646 
0.3325143 
0.3174025 
0.2963516 
0.3582143 
0.3336369 
0.3280111 
0.3657676 
0.3692875 
0.3859271 
0.4307042 
0.5262323 
0.5121207 
0.5326213 
0.4942375 
0.5525938 
0.5635041 
0.5240684 
0.5345833 
0.5127301 
0.4948230 
0.4525813 
0.5165360 
0.4907593 
0.5116601 
0.5054035 
0.5267181 
0.4793110 
0.5140930 
0.5055289 
0.4960177 
0.5333839 
0.5447027 
0.5461068 
0.5473517 
0.5595640 
0.5820944 
0.6030468 
0.5825027 
0.5736465 
0.5818218 
0.5873727 
0.5953535 
0.5565386 
0.5457682 
0.5948975 
0.5932657 
0.6096924 
0.5888584 
0.6379306 
0.6664278 
0.6370801 
0.6491657 
0.6993810 
0.6694951 
0.6980085 
0.7250014 
0.6348776 
0.7288051 
0.7336926 
0.7106729 
0.6843328 
0.6794151 
0.6844298 
0.6262018 
0.6956257 
0.6649071 
0.6677643 
0.6862514 
0.7059722 
0.6303230 
0.6425221 
0.6597311 
0.6312107 
0.6180095 
0.6629504 
0.6550075 
0.6474975 
0.6459517 
0.6542587 
0.6691610 
0.6745236 
0.6825932 
0.6618860 
0.6597892 
0.6339619 
0.6500045 
0.6573252 
0.6142112 
0.5180365 
0.5240943 
0.5220343 
0.4983511 
0.4906222 
0.5133773 
0.4589104 
0.4697589 
0.4570518 
0.4778822 
0.4647325 
0.4829917 
0.5209090 
0.5408526 
0.4794691 
0.4528735 
0.4869243 
0.5729807 
0.5618357 
0.5589332 
0.5378204 
0.5653911 
0.5636815 
0.5682214 
0.6059099 
0.5718608 
0.5373442 
0.4833523 
0.5048652 
0.4975124 
0.5516905 
0.6312078 
0.6388234 
0.6683661 
0.6469959 
0.6480820 
0.3986503 
0.3065829 
0.3095399 
0.4178341 
0.4772060 
0.4673949 
0.4770108 
0.4134255 
0.3803127 
0.3890355 
0.3856795 
0.4513617 
0.4152116 
0.4819760 
0.4782740 
0.4655016 
0.5270719 
0.5130553 
0.4883157 
0.5440224 
0.5027862 
0.5025546 
0.5118503 
0.4977779 
0.5046425 
0.5521681 
0.5609148 
0.5250141 
0.4698214 
0.4553536 
0.4663830 
0.5154972 
0.4728245 
0.4694128 
0.4650161 
0.4319473 
0.4563147 
0.4463050 
0.4190273 
0.4336211 
0.3956562 
0.4465854 
0.4456148 
0.4620395 
0.4362272 
0.4545332 
0.4625825 
0.4272387 
0.4401213 
0.4112715 
0.4242375 
0.4361111 
0.4424461 
0.4513996 
0.4271734 
0.4190588 
0.4514752 
0.4608462 
0.5118838 
0.5256323 
0.4816921 
0.4684907 
0.4721269 
0.4456402 
0.4271269 
0.4367382 
0.4478344 
0.4639759 
0.5011594 
0.5205423 
0.5384611 
0.5722653 
0.5918925 
0.5905338 
0.6075404 
0.5259346 
0.5520305 
0.5835295 
0.5919794 
0.6044159 
0.5826343 
0.5786926 
0.5829795 
0.5852414 
0.5987133 
0.5692372 
0.5556677 
0.5677328 
0.5549499 
0.5609307 
0.4980517 
0.4980716 
0.4933812 
0.5485245 
0.5624268 
0.5890144 
0.5893671 
0.6141096 
0.5702120 
0.5676665 
0.5565025 
0.5590564 
0.5389316 
0.5133904 
0.6165753 
0.6484185 
0.5442143 
0.5315501 
0.5546657 
0.5459390 
0.5886401 
0.5989226 
0.5904855 
0.5946534 
0.5831476 
0.5509166 
0.5109653 
0.5135479 
0.5206766 
0.5673200 
0.5032035 
0.5082626 
0.4903680 
0.4894112 
0.5092158 
0.5345318 
0.4908929 
0.5249046 
0.4666176 
0.5032175 
0.5273296 
0.5174252 
0.5104528 
0.5206559 
0.4897085 
0.5430609 
0.4938266 
0.5133811 
0.5225025 
0.5084368 
0.5053658 
0.5086202 
0.5075604 
0.4808578 
0.4844100 
0.5111465 
0.5440380 
0.5493951 
0.4726690 
0.4602570 
0.4885361 
0.4877272 
0.5612330 
0.5341565 
0.4925656 
0.5107737 
0.4907387 
0.5768255 
0.5290229 
0.5584433 
0.5685083 
0.5844079 
0.5625759 
0.5737879 
0.5656341 
0.5179746 
0.5328658 
0.5508064 
0.5522455 
0.5683823 
0.5802839 
0.5509533 
0.5646672 
0.5893083 
0.5854966 
0.5765619 
0.5888877 
0.6287132 
0.6167341 
0.5802555 
0.5615448 
0.5846549 
0.6167353 
0.6238968 
0.6617620 
0.6559431 
0.6500266 
0.6439197 
0.6866677 
0.6999797 
0.7281408 
0.7039944 
0.6912048 
0.7019605 
0.7286763 
0.6977976 
0.6737826 
0.6476369 
0.6705887 
0.6911497 
0.7243947 
0.7674387 
0.7820222 
0.7887431 
0.7612248 
0.8426862 
0.7549713 
0.8455326 
0.8410737 
0.8855076 
0.9024213 
0.8893469 
0.8979164 
0.8350981 
0.8387904 
0.8263671 
0.8422499 
0.7975541 
0.8473630 
0.8646670 
0.9048883 
0.8916750 
0.8464651 
0.8571747 
0.8442459 
0.8137951 
0.8931104 
0.8697473 
0.8840214 
0.8740398 
0.8388301 
0.8253424 
0.8202322 
0.7352901 
0.7520553 
0.8489428 
0.8669393 
0.8265785 
0.8617571 
0.8182251 
0.8413556 
0.8572625 
0.8118577 
0.8271874 
0.8648007 
0.8336594 
0.8386743 
0.8173783 
0.7630590 
0.8119164 
0.7675995 
0.7280446 
0.7271956 
0.7017700 
0.7002792 
0.6181343 
0.6509817 
0.6386046 
0.6676328 
0.6469767 
0.6448005 
0.6297936 
0.6083027 
0.6087478 
0.6465499 
0.6327080 
0.6257582 
0.6192671 
0.6079324 
0.6092277 
0.6152513 
0.5276698 
0.6091124 
0.6294765 
0.5759755 
0.6050252 
0.6075858 
0.6268730 
0.5218432 
0.5314354 
0.5204194 
0.5636215 
0.5547550 
0.5668489 
0.6004047 
0.6151070 
0.5954180 
0.5902796 
0.5711324 
0.5900970 
0.5741863 
0.6148563 
0.6090302 
0.5987328 
0.6412624 
0.7998246 
0.8102058 
0.8008088 
0.7897182 
0.7945554 
0.7718612 
0.7485946 
0.7193846 
0.6534358 
0.6985175 
0.7082909 
0.6898464 
0.7054103 
0.6946464 
0.7126223 
0.6366597 
0.7053923 
0.7103138 
0.6506791 
0.6891145 
0.6688901 
0.6816255 
0.7124347 
0.6991743 
0.7067389 
0.7397622 
0.7341103 
0.7460666 
0.6720203 
0.7086945 
0.6999335 
0.6563259 
0.6495158 
0.6397823 
0.6313529 
0.6216501 
0.7131066 
0.6330536 
0.6086551 
0.5958753 
0.5847316 
0.6226611 
0.6074093 
0.6166537 
0.5895756 
0.6346675 
0.6445578 
0.6523960 
0.6723360 
0.6832031 
0.6936645 
0.6044435 
0.6360676 
0.6644699 
0.6519065 
0.6369115 
0.6091948 
0.5831681 
0.5479064 
0.5519479 
0.5832828 
0.5857326 
0.5992966 
0.6460599 
0.6101567 
0.5594048 
0.5631149 
0.5334417 
0.5000467 
0.5155422 
0.5154599 
0.5130653 
0.5510154 
0.5691519 
0.5285028 
0.4961139 
0.4732487 
0.5108690 
0.4492094 
0.4703192 
0.4691669 
0.4815818 
0.4984009 
0.5015179 
0.5189883 
0.4889220 
0.4811975 
0.4766303 
0.4484673 
0.4636459 
0.4835289 
0.5571503 
0.6436843 
0.6274019 
0.5993205 
0.5048624 
0.4531030 
0.4388374 
0.4610233 
0.4804219 
0.5321571 
0.8255196 
0.9614449 
1.0000000 
0.9827368 
0.9809799 
0.8202191 
0.7213992 
0.6458637 
0.5904957 
0.5681991 
0.5150881 
0.5423001 
0.6155143 
0.6307121 
0.6175576 
0.6131178 
0.5983064 
0.5856963 
0.5560293 
0.5916054 
0.5860179 
0.5694087 
0.5783734 
0.5854875 
0.5732397 
0.5495354 
0.5736897 
0.5964976 
0.6035258 
0.5486448 
0.5712951 
0.5726637 
0.5817184 
0.5955725 
0.5667292 
0.5640175 
0.5450019 
0.5554021 
0.5825136 
0.5157539 
0.5320092 
0.5677237 
0.5634194 
0.5297449 
0.4923951 
0.5061285 
0.5184359 
0.5340479 
0.5683113 
0.6061738 
0.5925576 
0.5720002 
0.5698362 
0.5364562 
0.5297263 
0.5362663 
0.5683586 
0.5868120 
0.5615313 
0.6121350 
0.5987943 
0.5760988 
0.5731460 
0.5547753 
0.5632147 
0.5555349 
0.5118967 
0.5423526 
0.5021769 
0.4867095 
0.5063932 
0.4852325 
0.4532880 
0.4831607 
0.5180957 
0.5072229 
0.4817027 
0.4785299 
0.4654122 
0.5563400 
0.5163230 
0.5415615 
0.5188086 
0.3332137 
0.2093584 
0.3065258 
0.2812656 
0.2804705 
0.2558336 
0.2804859 
0.2376698 
0.2441955 
0.2097266 
0.2133653 
0.1807357 
0.2109933 
0.2172123 
0.2192077 
0.2142759 
0.2139027 
0.2903259 
0.2769613 
0.3035805 
0.2789899 
0.3570631 
0.4464456 
0.4614921 
0.4418739 
0.4633632 
0.4782388 
0.3905576 
0.3477022 
0.3268335 
0.2869588 
0.2814081 
0.2737392 
0.2550867 
0.2332968 
0.2359697 
0.2263608 
0.2457175 
0.1733562 
0.2783445 
0.2844524 
0.3064080 
0.2856831 
0.2890158 
0.3291227 
0.3541833 
0.3252787 
0.3252740 
0.3347868 
0.3283607 
0.3340776 
0.3426862 
0.3822454 
0.3639501 
0.3639410 
0.3499170 
0.3575604 
0.3564839 
0.3765412 
0.3769058 
0.3500627 
0.3375411 
0.3319943 
0.3261543 
0.3421861 
0.2970799 
0.2964436 
0.2852996 
0.2898240 
0.3162282 
0.2777178 
0.2243860 
0.1986605 
0.3004783 
0.2768581 
0.2697485 
0.2946391 
0.2810567 
0.3121552 
0.2444211 
0.2450088 
0.2563176 
0.2703310 
0.2213693 
0.2220460 
0.3017909 
0.2860976 
0.2779846 
0.2605858 
0.2986072 
0.3229549 
0.3560944 
0.3587886 
0.3261931 
0.3011181 
0.3058971 
0.2960087 
0.3099789 
0.3270251 
0.3174229 
0.3354717 
0.3645792 
0.3428320 
0.3216822 
0.3146910 
0.3160177 
0.3140744 
0.2967683 
0.3217464 
0.3306127 
0.3303002 
0.3148792 
0.2987857 
0.3570385 
0.3876994 
0.3973074 
0.3803549 
0.3659449 
0.3117729 
0.2959843 
0.2776405 
0.3223927 
0.3486658 
0.3153118 
0.3077953 
0.2809138 
0.2515168 
0.2229712 
0.2561038 
0.3063862 
0.3249615 
0.3452086 
0.3201484 
0.3290630 
0.3332387 
0.2983567 
0.2835280 
0.2490881 
0.2504813 
0.2786025 
0.3173334 
0.3553683 
0.3996713 
0.3770855 
0.3693904 
0.3842964 
0.3262827 
0.3409684 
0.3760568 
0.3982692 
0.3679748 
0.3643441 
0.3760929 
0.3397133 
0.3612411 
0.3775794 
0.3490688 
0.3279571 
0.3012845 
0.3081028 
0.2670535 
0.2599102 
0.3163402 
0.2678330 
0.3211424 
0.3530846 
0.3760280 
0.3756305 
0.3888948 
0.2341672 
0.2365757 
0.2490766 
0.2183244 
0.2106632 
0.2154576 
0.2029286 
0.2096500 
0.1675100 
0.1805566 
0.1542335 
0.1881761 
0.1630275 
0.1047199 
0.1515626 
0.1531384 
0.1724030 
0.1171079 
0.0925673 
0.1396363 
0.1382018 
0.1402466 
0.1906355 
0.2247476 
0.2229986 
0.2470902 
0.2118754 
0.2224678 
0.2346306 
0.2447614 
0.2399763 
0.1851054 
0.1153511 
0.0920672 
0.1407956 
0.1565567 
0.1682357 
0.1711725 
0.2274886 
0.2284461 
0.2700138 
0.2121911 
0.2110974 
0.2217720 
0.2147163 
0.1972614 
0.1992438 
0.2442080 
0.2107694 
0.2117770 
0.2894510 
0.3072777 
0.3186229 
0.3645418 
0.2899145 
0.3082599 
0.2956640 
0.2837658 
0.2715710 
0.2932370 
0.3355749 
0.3321469 
0.3399875 
0.3131779 
0.2739247 
0.3600221 
0.3393677 
0.3565582 
0.3426525 
0.3672975 
0.3553498 
0.2828501 
0.3313089 
0.3378406 
0.3413587 
0.3024890 
0.2952776 
0.3482025 
0.3887092 
0.3614750 
0.3519818 
0.4130077 
0.4199069 
0.4333579 
0.3837280 
0.3977193 
0.3711919 
0.3874286 
0.4044307 
0.4886247 
0.5552720 
0.5848426 
0.5415465 
0.3370966 
0.2768111 
0.2747582 
0.3169328 
0.4044774 
0.4468506 
0.4703971 
0.4206421 
0.3967652 
0.4152177 
0.4310157 
0.4537815 
0.4635576 
0.4768522 
0.4659755 
0.4751689 
0.4614760 
0.4649822 
0.4724334 
0.4626118 
0.4384505 
0.4442272 
0.4369695 
0.4121632 
0.3629513 
0.3915659 
0.3811175 
0.4101788 
0.4107143 
0.4260185 
0.3595565 
0.3563382 
0.3338122 
0.3756100 
0.3966555 
0.3760303 
0.3534646 
0.3543150 
0.3519790 
0.3693578 
0.3563630 
0.3182431 
0.2947850 
0.3172279 
0.3749944 
0.3295662 
0.3085303 
0.3268550 
0.3642538 
0.3423641 
0.4206683 
0.3421410 
0.3310455 
0.3561262 
0.3750239 
0.3657241 
0.3843852 
0.3640653 
0.3981559 
0.3568175 
0.3655090 
0.3805381 
0.4010516 
0.4217122 
0.4169332 
0.3717624 
0.3477183 
0.3216779 
0.3199424 
0.2999522 
0.3467840 
0.3313891 
0.3325671 
0.3669828 
0.3861368 
0.3757987 
0.3875398 
0.4024405 
0.3748453 
0.3860250 
0.4248451 
0.3857825 
0.3892568 
0.4315018 
0.4592311 
0.5321862 
0.5023852 
0.5303706 
0.5394382 
0.5792729 
0.4919402 
0.4171369 
0.3333673 
0.2857957 
0.2882874 
0.2790511 
0.2542201 
0.2141337 
0.2568695 
0.3029867 
0.2668676 
0.2978282 
0.3197057 
0.2559550 
0.2248351 
0.2195009 
0.2823867 
0.2759016 
0.3070940 
0.3177002 
0.3653189 
0.3409259 
0.3104582 
0.3636231 
0.3846573 
0.3832597 
0.4043052 
0.3674185 
0.3937869 
0.4080984 
0.4029640 
0.3695095 
0.3338758 
0.3413026 
0.3484041 
0.3313426 
0.4002508 
0.3822179 
0.3707114 
0.3725988 
0.3562214 
0.3581296 
0.4045154 
0.3602472 
0.3912020 
0.3521627 
0.3918005 
0.3959830 
0.3635885 
0.3467379 
0.3921587 
0.3663206 
0.4400939 
0.4674585 
0.4392733 
0.4082649 
0.4097305 
0.3807284 
0.3856247 
0.4064919 
0.3758430 
0.3891153 
0.4066650 
0.4016100 
0.3725678 
0.4064263 
0.4802589 
0.4759355 
0.4760601 
0.4510637 
0.3909895 
0.4136916 
0.4234711 
0.4092123 
0.3692266 
0.3736521 
0.3927650 
0.3680578 
0.3379214 
0.3273566 
0.3124748 
0.3547462 
0.2928894 
0.2754031 
0.2496966 
0.2902477 
0.2806173 
0.2331004 
0.2379613 
0.2665473 
0.2595251 
0.2768769 
0.2988023 
0.2977734 
0.3310983 
0.3356879 
0.3563190 
0.4130446 
0.3862371 
0.3539078 
0.3771307 
0.4164734 
0.4060518 
0.4121169 
0.3910444 
0.4192169 
0.3942983 
0.4130485 
0.4015495 
0.3815176 
0.3148022 
0.2942346 
