-0.0001189 
-0.0001309 
-0.0001902 
-0.3256388 
0.2036049 
0.2790929 
0.0411256 
0.0229393 
0.0094982 
0.0107300 
0.0128630 
0.0208387 
0.0319803 
0.0506529 
0.0417261 
0.0490745 
0.0606275 
0.0798957 
0.0830870 
0.0862913 
0.1040034 
0.1136325 
0.1372643 
0.1464307 
0.1515365 
0.1439571 
0.1498859 
0.1546510 
0.1367835 
0.1230971 
0.1257811 
0.1236333 
0.1081225 
0.1132855 
0.1018919 
0.0973306 
0.0691941 
0.0546597 
0.0509716 
0.0449179 
0.0389929 
0.0324201 
0.0191731 
0.0182124 
0.0000000 
0.0061728 
0.0351774 
0.0432417 
0.0630055 
0.0757934 
0.0903492 
0.1029259 
0.1036002 
0.1165592 
0.1234031 
0.1321409 
0.1321887 
0.1494986 
0.1534311 
0.1454464 
0.1450411 
0.1385733 
0.1267796 
0.1547295 
0.1402879 
0.1489773 
0.1578162 
0.1373516 
0.1313433 
0.1121584 
0.1097126 
0.1091479 
0.1145029 
0.1212773 
0.1241809 
0.1348257 
0.1215837 
0.1252786 
0.1289900 
0.1126682 
0.1239331 
0.1311538 
0.1327986 
0.1259744 
0.1103972 
0.1055195 
0.1123079 
0.1121138 
0.1202813 
0.1353221 
0.1300889 
0.1158595 
0.1015576 
0.1084761 
0.1083301 
0.1091631 
0.1138411 
0.1086013 
0.1082206 
0.1056585 
0.1184779 
0.1140613 
0.1099871 
0.1291013 
0.1151264 
0.1091973 
0.1127280 
0.1041266 
0.1081937 
0.1213024 
0.1260832 
0.1249268 
0.1276957 
0.1093138 
0.1016087 
0.1073684 
0.1057838 
0.0985183 
0.0937039 
0.0847904 
0.0876966 
0.0800258 
0.0778040 
0.0824811 
0.0836005 
0.1001459 
0.1012951 
0.0994657 
0.1073942 
0.1039455 
0.0785821 
0.0885408 
0.0839919 
0.0687198 
0.0715888 
0.0794775 
0.0980590 
0.0882798 
0.0767143 
0.0803502 
0.0973690 
0.0883908 
0.0919116 
0.0950968 
0.1032528 
0.1051481 
0.1241653 
0.1222551 
0.1144563 
0.1141116 
0.1153562 
0.1108349 
0.1064812 
0.0975718 
0.0970087 
0.0954290 
0.1033943 
0.1126903 
0.1055150 
0.1061065 
0.1133364 
0.1115390 
0.1096669 
0.1183816 
0.1250918 
0.1300918 
0.1245929 
0.1233060 
0.1225093 
0.1091775 
0.1106727 
0.0815351 
0.0843812 
0.0861072 
0.0886944 
0.0946066 
0.0798709 
0.0801397 
0.0622590 
0.0732152 
0.0793722 
0.0955057 
0.1043797 
0.1077572 
0.1102512 
0.1126344 
0.1132973 
0.1199728 
0.1156049 
0.1197718 
0.1057192 
0.1154344 
0.1274382 
0.1305883 
0.1452718 
0.1416027 
0.1197236 
0.1256550 
0.1221734 
0.1209800 
0.1163023 
0.1035473 
0.0957591 
0.1030759 
0.1004575 
0.0943122 
0.0958288 
0.1017768 
0.0878458 
0.0860375 
0.0866097 
0.0845261 
0.0995633 
0.1099890 
0.1007689 
0.1102882 
0.1168028 
0.1308687 
0.1211725 
0.1155010 
0.1196457 
0.1379003 
0.1408637 
0.1263662 
0.1299967 
0.1433715 
0.1336187 
0.1376296 
0.1372394 
0.1599581 
0.1655839 
0.1502017 
0.1587010 
0.1608982 
0.1626612 
0.1503052 
0.1473163 
0.1434089 
0.1549247 
0.1381003 
0.1296000 
0.1302871 
0.1296526 
0.1179371 
0.1172470 
0.1051013 
0.1032748 
0.1318765 
0.1337428 
0.1345999 
0.1467223 
0.1611012 
0.1634273 
0.1656349 
0.1701227 
0.1586392 
0.1742088 
0.1804919 
0.1791420 
0.1693113 
0.1569719 
0.1605884 
0.1523389 
0.1600238 
0.1556558 
0.1483076 
0.1420800 
0.1435188 
0.1493025 
0.1469945 
0.1422982 
0.1432686 
0.1527639 
0.1600085 
0.1590904 
0.1623044 
0.1628952 
0.1573573 
0.1772820 
0.1675088 
0.1549496 
0.1612655 
0.1491529 
0.1304227 
0.1340011 
0.1507486 
0.1727157 
0.1795468 
0.1903919 
0.1844744 
0.2198363 
0.2293360 
0.2200925 
0.2233223 
0.2152838 
0.2159782 
0.2183286 
0.2235729 
0.2165696 
0.2122942 
0.1896060 
0.1909240 
0.2298545 
0.2265817 
0.2253285 
0.2230267 
0.2079619 
0.1988317 
0.1933966 
0.1963618 
0.2050298 
0.2027105 
0.2019816 
0.1961116 
0.1849930 
0.1847779 
0.1928827 
0.1881577 
0.1801189 
0.1727580 
0.1845982 
0.1836583 
0.1824219 
0.1735561 
0.1691363 
0.1836897 
0.1798675 
0.1822674 
0.1761591 
0.1744351 
0.1662511 
0.1784481 
0.1902499 
0.1966760 
0.2026280 
0.2121610 
0.2182599 
0.2061930 
0.2021848 
0.2028199 
0.2216260 
0.2209178 
0.2352173 
0.2270550 
0.2216577 
0.2197263 
0.2053657 
0.1981078 
0.1988141 
0.2001097 
0.2044600 
0.2046378 
0.2010595 
0.1990793 
0.1949119 
0.2113277 
0.1968581 
0.2009893 
0.1996632 
0.2000676 
0.1944090 
0.1980715 
0.2033446 
0.2036778 
0.2220873 
0.2210917 
0.2282321 
0.2367477 
0.2447807 
0.2444095 
0.2403306 
0.2426946 
0.2461586 
0.2390282 
0.2441510 
0.2448461 
0.2403588 
0.2401736 
0.2522907 
0.2531806 
0.2393421 
0.2315239 
0.2405960 
0.2343006 
0.2182070 
0.2064001 
0.2018701 
0.1976719 
0.2026489 
0.2076101 
0.2070857 
0.2019107 
0.2028233 
0.2019637 
0.2162916 
0.2224508 
0.2185893 
0.2261765 
0.2169807 
0.2230687 
0.2234055 
0.2219065 
0.2273945 
0.2293514 
0.2300285 
0.2365480 
0.2551442 
0.2652326 
0.2787572 
0.2756095 
0.2790760 
0.2788549 
0.2775453 
0.2571141 
0.2565125 
0.2556325 
0.2620455 
0.2541163 
0.2667996 
0.2482790 
0.2459302 
0.2563648 
0.2581869 
0.2761158 
0.2674943 
0.2693072 
0.2734124 
0.2735636 
0.2787800 
0.2802528 
0.2775587 
0.2759124 
0.2878204 
0.2835325 
0.2866509 
0.2877956 
0.2977865 
0.3090026 
0.3122236 
0.3182170 
0.3143927 
0.2967559 
0.2835916 
0.2694027 
0.2892201 
0.2865229 
0.2941917 
0.3113415 
0.3207736 
0.3206429 
0.3227546 
0.3261591 
0.3216998 
0.3135117 
0.3052586 
0.3001422 
0.2984676 
0.2987926 
0.2880342 
0.2808867 
0.2763117 
0.2709679 
0.2626455 
0.2615710 
0.2486314 
0.2431785 
0.2436988 
0.2525051 
0.2620707 
0.2777419 
0.2837839 
0.3005744 
0.3282329 
0.3169817 
0.3224933 
0.3240571 
0.3329043 
0.3512148 
0.3552234 
0.3772833 
0.3793230 
0.3940634 
0.3781604 
0.3629698 
0.3628502 
0.3733146 
0.3695008 
0.3767528 
0.3744620 
0.3642904 
0.3654407 
0.3707815 
0.3750785 
0.4047170 
0.4065852 
0.3942174 
0.3898945 
0.3921401 
0.3869831 
0.3734555 
0.3693406 
0.3672543 
0.3555225 
0.3359866 
0.3360512 
0.3221669 
0.3302678 
0.3369995 
0.3341213 
0.3544918 
0.3435528 
0.3458125 
0.3664569 
0.3717923 
0.3616328 
0.3778553 
0.3794395 
0.3834336 
0.3795447 
0.3828350 
0.3869599 
0.3902653 
0.3895988 
0.3875130 
0.3944167 
0.3839290 
0.3700986 
0.3624419 
0.3557623 
0.3621182 
0.3584280 
0.3553276 
0.3599401 
0.3658719 
0.3608871 
0.3655093 
0.3674516 
0.3806811 
0.3839444 
0.3935295 
0.3832947 
0.3984394 
0.3929510 
0.3917340 
0.3852514 
0.3772749 
0.3757551 
0.3797005 
0.3739844 
0.3692936 
0.3712819 
0.3650855 
0.3702009 
0.3639551 
0.3687122 
0.3628585 
0.3696383 
0.3810374 
0.3783308 
0.3742845 
0.3765335 
0.3792009 
0.3643169 
0.3332238 
0.3323026 
0.3385389 
0.3372806 
0.3528122 
0.3428128 
0.3521066 
0.3553397 
0.3680688 
0.3739867 
0.3905676 
0.3877311 
0.4030527 
0.3928071 
0.4001806 
0.3988550 
0.4025139 
0.3922211 
0.3895114 
0.3907373 
0.4098020 
0.4149198 
0.4116106 
0.4258818 
0.4265269 
0.4344040 
0.4501598 
0.4547603 
0.4334596 
0.4325460 
0.4211379 
0.4119591 
0.4218931 
0.4074007 
0.3938500 
0.3961335 
0.3765395 
0.3810334 
0.3786716 
0.3705088 
0.3642650 
0.3589163 
0.3601251 
0.3699098 
0.3738874 
0.3769356 
0.3859174 
0.3662796 
0.3950177 
0.3949298 
0.4133291 
0.3993343 
0.3942530 
0.3903313 
0.4091767 
0.3954343 
0.3973190 
0.4193744 
0.4209013 
0.4150258 
0.4256866 
0.4261428 
0.4611984 
0.4624159 
0.4672407 
0.4595787 
0.4697760 
0.4504674 
0.4464085 
0.4375823 
0.4256987 
0.4211267 
0.4328252 
0.4290816 
0.4257032 
0.4196643 
0.4245964 
0.4444360 
0.4470064 
0.4475578 
0.4359382 
0.4481386 
0.4655532 
0.4641440 
0.4576021 
0.4479255 
0.4403295 
0.4370149 
0.4501892 
0.4519023 
0.4439887 
0.4242122 
0.4317468 
0.4278844 
0.4266895 
0.4230155 
0.4165083 
0.4215197 
0.4140725 
0.4019269 
0.3842108 
0.3824858 
0.4022377 
0.4241196 
0.4198461 
0.4255984 
0.4253434 
0.4404397 
0.4630528 
0.4573538 
0.4676832 
0.4684832 
0.4802245 
0.4669234 
0.4795465 
0.4789179 
0.4712612 
0.4676649 
0.4657062 
0.4614404 
0.4596337 
0.4430259 
0.4412078 
0.4395697 
0.4308803 
0.4346951 
0.4565090 
0.4557423 
0.4552613 
0.4672046 
0.4531529 
0.4370499 
0.4335070 
0.4362394 
0.4200756 
0.4319801 
0.4324718 
0.4249095 
0.4071723 
0.4138416 
0.4219440 
0.4252123 
0.4203082 
0.4101899 
0.4155338 
0.4006419 
0.3903697 
0.3987997 
0.3832376 
0.3995555 
0.4033422 
0.4137800 
0.4370887 
0.4371666 
0.4511758 
0.4725941 
0.4816373 
0.5042017 
0.5196536 
0.5251600 
0.5228031 
0.5266181 
0.5014091 
0.4854681 
0.4789694 
0.4603275 
0.4697934 
0.4676030 
0.4648739 
0.4666683 
0.4545291 
0.4487723 
0.4497965 
0.4547966 
0.4439643 
0.4417019 
0.4395776 
0.4426356 
0.4374296 
0.4308018 
0.4432276 
0.4356377 
0.4238604 
0.4539083 
0.4644536 
0.4782639 
0.4812722 
0.4821874 
0.4779457 
0.4573384 
0.4566858 
0.4400805 
0.4450527 
0.4448860 
0.4529563 
0.4503102 
0.4535665 
0.4533526 
0.4553795 
0.4401743 
0.4495706 
0.4431005 
0.4393991 
0.4213359 
0.4246566 
0.4171691 
0.4209588 
0.4220740 
0.4152860 
0.4196863 
0.4414181 
0.4508042 
0.4493383 
0.4665149 
0.4549704 
0.4639759 
0.4664596 
0.4550739 
0.4390917 
0.4621303 
0.4342655 
0.4211098 
0.4236612 
0.4176227 
0.4194560 
0.4298303 
0.4272359 
0.4258232 
0.4409757 
0.4574545 
0.4668089 
0.4503287 
0.4733367 
0.4660818 
0.4686974 
0.4639957 
0.4667597 
0.4737368 
0.4586552 
0.4594696 
0.4588911 
0.4586831 
0.4393802 
0.4646505 
0.4670042 
0.4605147 
0.4571698 
0.4736277 
0.4582952 
0.4577410 
0.4562060 
0.4500258 
0.4445065 
0.4608078 
0.4500903 
0.4670286 
0.4682799 
0.4730191 
0.4705801 
0.4653028 
0.4763711 
0.4614291 
0.4592366 
0.4492707 
0.4425120 
0.4405020 
0.4546510 
0.4456171 
0.4623777 
0.4497394 
0.4319647 
0.4222551 
0.4140221 
0.4085491 
0.4171950 
0.4212837 
0.4287825 
0.4417921 
0.4680392 
0.4724881 
0.4760504 
0.4814491 
0.4864460 
0.4830029 
0.4714984 
0.4677088 
0.4395088 
0.4473986 
0.4485406 
0.4367887 
0.4261567 
0.4180048 
0.4173560 
0.4233333 
0.4279700 
0.4411789 
0.4425253 
0.4531767 
0.4539177 
0.4596696 
0.4627596 
0.4705744 
0.4742253 
0.4615337 
0.4607637 
0.4521105 
0.4742971 
0.4903998 
0.5025590 
0.4899891 
0.4875139 
0.4921543 
0.4901718 
0.5008787 
0.4772048 
0.4687379 
0.4691935 
0.4710172 
0.4684524 
0.4617055 
0.4549808 
0.4734703 
0.4668476 
0.4723337 
0.4709912 
0.4716861 
0.4815907 
0.4672843 
0.4553649 
0.4491900 
0.4382263 
0.4347423 
0.4429371 
0.4297955 
0.4239544 
0.4458541 
0.4575530 
0.4618213 
0.4708659 
0.4825873 
0.4923434 
0.4873233 
0.4902229 
0.4917087 
0.5055685 
0.5089716 
0.4947243 
0.4984220 
0.5103071 
0.4987373 
0.4851467 
0.4988434 
0.4701647 
0.4765360 
0.4739069 
0.4820066 
0.4931050 
0.4874505 
0.4820936 
0.4812511 
0.4799458 
0.5003989 
0.5157175 
0.4923636 
0.5131950 
0.5305972 
0.5218962 
0.5226963 
0.5093275 
0.5065096 
0.5149748 
0.5050903 
0.5092101 
0.4971163 
0.4994560 
0.5024671 
0.4995294 
0.4950717 
0.4913039 
0.4855805 
0.4926464 
0.5094203 
0.5214258 
0.5260391 
0.5298229 
0.5308793 
0.5241203 
0.5221936 
0.5156844 
0.5110443 
0.5011053 
0.5009921 
0.5107173 
0.4988051 
0.5056292 
0.5088200 
0.4982569 
0.5163404 
0.5148758 
0.5221794 
0.5161762 
0.5297959 
0.5382118 
0.5350376 
0.5240355 
0.5210816 
0.5010397 
0.5045262 
0.5266760 
0.5191696 
0.5318322 
0.5245670 
0.5283322 
0.5274113 
0.5265030 
0.5162653 
0.5300388 
0.5319232 
0.5393524 
0.5521678 
0.5581960 
0.5583697 
0.5709249 
0.5760874 
0.5876763 
0.5853430 
0.5989539 
0.5879592 
0.5689148 
0.5797514 
0.5504938 
0.5536725 
0.5443347 
0.5541329 
0.5531547 
0.5414964 
0.5442304 
0.5569686 
0.5395667 
0.5368844 
0.5447737 
0.5358998 
0.5286218 
0.5328953 
0.5383238 
0.5432869 
0.5276916 
0.5415314 
0.5576183 
0.5591462 
0.5647778 
0.5632283 
0.5455532 
0.5553098 
0.5727519 
0.5657701 
0.5793602 
0.5795045 
0.5795737 
0.5830038 
0.5783215 
0.5726727 
0.5723186 
0.5668471 
0.5700790 
0.5655595 
0.5490520 
0.5632086 
0.5570987 
0.5622570 
0.5636824 
0.5621499 
0.5587723 
0.5818602 
0.5749818 
0.5756909 
0.5804563 
0.5811908 
0.5873073 
0.5910791 
0.5890813 
0.5879101 
0.5847546 
0.5900673 
0.5917150 
0.5779654 
0.5772606 
0.5452239 
0.5505929 
0.5527248 
0.5631583 
0.5806876 
0.6050809 
0.6233265 
0.6306262 
0.6340100 
0.6335846 
0.6275623 
0.6123604 
0.6053056 
0.5974924 
0.5868995 
0.5760192 
0.5723872 
0.5598597 
0.5545422 
0.5434425 
0.5612873 
0.5605841 
0.5704067 
0.5759068 
0.5680516 
0.5638323 
0.5628754 
0.5602721 
0.5596837 
0.5587020 
0.5728760 
0.5743249 
0.5619804 
0.5684497 
0.5665623 
0.5690441 
0.5804672 
0.5999567 
0.6044121 
0.6170351 
0.6253234 
0.6381455 
0.6468874 
0.6640987 
0.6739229 
0.6778736 
0.6781871 
0.6626141 
0.6621478 
0.6734250 
0.6756636 
0.6644059 
0.6687053 
0.6543411 
0.6420635 
0.6426008 
0.6484770 
0.6325665 
0.6245516 
0.6136603 
0.6116988 
0.5928000 
0.5926475 
0.6046620 
0.5956294 
0.5936594 
0.5804750 
0.5868640 
0.5904051 
0.5974305 
0.6092076 
0.6285623 
0.6351400 
0.6461853 
0.6523626 
0.6399653 
0.6372010 
0.6377774 
0.6328154 
0.6451495 
0.6474092 
0.6449008 
0.6327867 
0.6399454 
0.6371218 
0.6442386 
0.6209493 
0.6158344 
0.6192982 
0.6318343 
0.6363811 
0.6356710 
0.6167580 
0.6278366 
0.6270403 
0.6419849 
0.6519945 
0.6684371 
0.6781252 
0.6655143 
0.6666657 
0.6620482 
0.6656828 
0.6665717 
0.6431213 
0.6469053 
0.6390430 
0.6374504 
0.6457748 
0.6420209 
0.6494306 
0.6486882 
0.6411638 
0.6349488 
0.6383736 
0.6376585 
0.6359839 
0.6413116 
0.6294772 
0.6279337 
0.6264799 
0.6275504 
0.6335841 
0.6133086 
0.6101834 
0.6082768 
0.6123101 
0.6094075 
0.6255737 
0.6339217 
0.6453085 
0.6521204 
0.6557317 
0.6491539 
0.6534556 
0.6470387 
0.6472955 
0.6628709 
0.6665340 
0.6602890 
0.6609423 
0.6514046 
0.6378892 
0.6355682 
0.6401827 
0.6536410 
0.6582619 
0.6689938 
0.7380333 
0.7616841 
0.7780183 
0.7830333 
0.7705849 
0.7628298 
0.7591478 
0.7485316 
0.7543418 
0.7563627 
0.7514785 
0.7464005 
0.7560318 
0.7509373 
0.7394889 
0.7347990 
0.7259322 
0.7208934 
0.7343032 
0.7362206 
0.7428569 
0.7389158 
0.7410011 
0.7407730 
0.7326811 
0.7443872 
0.7455066 
0.7346930 
0.7353175 
0.7403553 
0.7510070 
0.7442610 
0.7443238 
0.7288141 
0.7360342 
0.7316196 
0.7489116 
0.7501193 
0.7251075 
0.7195752 
0.7150579 
0.7283822 
0.7266310 
0.7401922 
0.7391714 
0.7429862 
0.7414253 
0.7481442 
0.7523967 
0.7644332 
0.7677525 
0.7451684 
0.7460529 
0.7426968 
0.7453084 
0.7156002 
0.7149316 
0.7180687 
0.6985266 
0.7116825 
0.7168299 
0.7131461 
0.7150054 
0.7274431 
0.7227940 
0.7199304 
0.7181647 
0.7082305 
0.6938951 
0.7013773 
0.6988922 
0.6962362 
0.6957203 
0.6805988 
0.6828688 
0.6711180 
0.6713268 
0.6683389 
0.6685955 
0.6706880 
0.6781357 
0.6632873 
0.6478899 
0.6467025 
0.6392947 
0.6533186 
0.6470180 
0.6313750 
0.6205043 
0.6262970 
0.6268770 
0.6480103 
0.6596538 
0.6781942 
0.6819083 
0.6816671 
0.6830777 
0.6914859 
0.6747568 
0.6896765 
0.6763394 
0.6684825 
0.6588617 
0.6686369 
0.6688207 
0.6804292 
0.6830592 
0.6865767 
0.6953436 
0.6944925 
0.6969841 
0.6908425 
0.7067184 
0.7007787 
0.6990192 
0.7014060 
0.7221122 
0.7103175 
0.7039492 
0.7059429 
0.7266026 
0.7086870 
0.7219671 
0.7139688 
0.6909644 
0.6869892 
0.6518517 
0.6460428 
0.6725285 
0.6673662 
0.6590682 
0.6495617 
0.6524798 
0.6486659 
0.6490821 
0.6293310 
0.6306909 
0.6283386 
0.6214242 
0.6308405 
0.6168707 
0.6204842 
0.6257119 
0.6401718 
0.6419321 
0.6596784 
0.6524969 
0.6695265 
0.6826107 
0.6802517 
0.6736622 
0.6845731 
0.6685132 
0.6848813 
0.6823972 
0.6723714 
0.6639077 
0.6781759 
0.6774684 
0.6877730 
0.6841201 
0.6969299 
0.6860323 
0.6843174 
0.6832990 
0.6803298 
0.6864087 
0.6930852 
0.6837956 
0.6720663 
0.6612344 
0.6710054 
0.6721518 
0.6590445 
0.6484553 
0.6404346 
0.6272125 
0.6387163 
0.6395336 
0.6203035 
0.6304818 
0.6225671 
0.6287323 
0.6263972 
0.6421021 
0.6383501 
0.6342302 
0.6302539 
0.6208189 
0.6345368 
0.6443091 
0.6322792 
0.6404289 
0.6304041 
0.6337449 
0.6368081 
0.6372683 
0.6486823 
0.6658573 
0.6672651 
0.6800412 
0.6923694 
0.7061079 
0.7189942 
0.7173186 
0.7474060 
0.7720039 
0.8004951 
0.8073284 
0.8081747 
0.8060728 
0.7685309 
0.7388858 
0.7300847 
0.7290167 
0.7218692 
0.7004148 
0.6973564 
0.6913392 
0.6799426 
0.6747597 
0.6805529 
0.6842714 
0.6727270 
0.6751487 
0.6735132 
0.6630887 
0.6726848 
0.6777474 
0.6708301 
0.6645254 
0.6707218 
0.6674730 
0.6695384 
0.6819731 
0.6850432 
0.6914983 
0.6878340 
0.6998484 
0.7105632 
0.7036410 
0.7074795 
0.7134933 
0.7167764 
0.7092608 
0.7207355 
0.7287574 
0.7372709 
0.7436108 
0.7419291 
0.7346740 
0.7303821 
0.7394931 
0.7341857 
0.7245015 
0.7103660 
0.7133020 
0.7186498 
0.7215367 
0.7138257 
0.7158571 
0.7167033 
0.7202376 
0.7110036 
0.7078986 
0.7142240 
0.7098556 
0.7152885 
0.7081173 
0.7560583 
0.7563077 
0.7575023 
0.7643144 
0.7665860 
0.7698641 
0.7692824 
0.7717952 
0.7433925 
0.7343565 
0.7320650 
0.7287460 
0.7275410 
0.7318717 
0.7283781 
0.7294790 
0.7299954 
0.7226811 
0.7138028 
0.7052821 
0.7181960 
0.7124505 
0.7036086 
0.7052210 
0.7030280 
0.7050915 
0.7058182 
0.6919353 
0.7052520 
0.7086509 
0.7025714 
0.7066206 
0.7142236 
0.7098627 
0.7242366 
0.7350955 
0.7571571 
0.7679425 
0.7692377 
0.7750334 
0.7861743 
0.7775283 
0.7744317 
0.7852507 
0.7944034 
0.7807869 
0.7771750 
0.7557852 
0.7518731 
0.7481103 
0.7283046 
0.7298535 
0.7258575 
0.7063688 
0.7172160 
0.7159598 
0.7147905 
0.6946738 
0.6962269 
0.6786790 
0.6778186 
0.6683684 
0.6665973 
0.6782032 
0.6815851 
0.6821407 
0.6611015 
0.6680387 
0.6647628 
0.6445999 
0.6307731 
0.6243073 
0.6139392 
0.6090858 
0.6094170 
0.6090417 
0.6340306 
0.6394089 
0.6498226 
0.6763460 
0.6810298 
0.6923864 
0.7127452 
0.7147480 
0.6789115 
0.6876942 
0.6987630 
0.7033440 
0.7135057 
0.7160063 
0.7177682 
0.7420250 
0.7483026 
0.7444166 
0.7424133 
0.7399290 
0.7539665 
0.7514353 
0.7365249 
0.7318727 
0.7369927 
0.7172076 
0.7038306 
0.7095103 
0.7013261 
0.6882515 
0.6901353 
0.6873288 
0.6744749 
0.6526699 
0.6325281 
0.6064375 
0.6067739 
0.5879049 
0.5782759 
0.5715599 
0.5467989 
0.5420482 
0.5403392 
0.5491289 
0.5498666 
0.5724725 
0.5862331 
0.5992635 
0.6095967 
0.6040293 
0.6220740 
0.6342851 
0.6179039 
0.6297097 
0.6497207 
0.6641801 
0.6649557 
0.6734125 
0.7062470 
0.7346416 
0.7566788 
0.7631804 
0.7324679 
0.7316203 
0.7467576 
0.7561383 
0.7686630 
0.7751019 
0.7714878 
0.7772487 
0.7715611 
0.7493079 
0.7333282 
0.7324794 
0.7280990 
0.7033840 
0.6943572 
0.6964423 
0.6870841 
0.6764744 
0.6766442 
0.6696116 
0.6807266 
0.6683010 
0.6662169 
0.6639049 
0.6611615 
0.6613255 
0.6582261 
0.6720388 
0.6732345 
0.6594447 
0.6561908 
0.6394319 
0.6287212 
0.6313612 
0.6421267 
0.6454853 
0.6671655 
0.6668370 
0.6903769 
0.6836750 
0.7066102 
0.7069645 
0.7340259 
0.7397377 
0.7405859 
0.7604484 
0.7725364 
0.7899123 
0.7869185 
0.7842559 
0.7841291 
0.7953205 
0.8235738 
0.8614283 
0.8579151 
0.8607308 
0.8653284 
0.8654094 
0.8571837 
0.8566672 
0.8540144 
0.8437703 
0.8127924 
0.7919546 
0.7756280 
0.7638414 
0.7513419 
0.7279330 
0.7466683 
0.7243149 
0.7238203 
0.7365054 
0.7273083 
0.7325778 
0.7199232 
0.7085982 
0.7028199 
0.6978730 
0.7074868 
0.6985983 
0.6994982 
0.6885442 
0.6897471 
0.7048363 
0.7195848 
0.7315053 
0.7360250 
0.7596823 
0.7730968 
0.7960379 
0.7968677 
0.7884639 
0.8037775 
0.8083337 
0.8119644 
0.8507695 
0.8429280 
0.8556205 
0.8749503 
0.8962289 
0.9101075 
0.9220448 
0.9345246 
0.9461362 
0.9363163 
0.9192018 
0.9118833 
0.9009577 
0.9075972 
0.9085702 
0.8839340 
0.8790366 
0.8725680 
0.8552789 
0.8305319 
0.8248670 
0.8256188 
0.8188685 
0.8124373 
0.8092545 
0.7929635 
0.7896620 
0.7872978 
0.7877418 
0.8168650 
0.8214632 
0.8365404 
0.8320452 
0.8203562 
0.7982483 
0.7544638 
0.6850546 
0.6777164 
0.6865400 
0.6956400 
0.7004616 
0.6883790 
0.6943785 
0.7014351 
0.7170788 
0.7395626 
0.7431560 
0.7386737 
0.7418584 
0.7601873 
0.7746595 
0.7889289 
0.7797140 
0.7832708 
0.8019558 
0.8083516 
0.8186396 
0.8334984 
0.8372888 
0.8447167 
0.8443326 
0.8342305 
0.8301160 
0.8348472 
0.8143337 
0.8004720 
0.8001758 
0.7927611 
0.7758051 
0.7661214 
0.7677500 
0.7576823 
0.7506579 
0.7430293 
0.7417763 
0.7451710 
0.7347346 
0.7421398 
0.7305121 
0.7394881 
0.7621482 
0.7591337 
0.7486573 
0.7467640 
0.7387186 
0.7454261 
0.7424286 
0.7472122 
0.7455686 
0.7308390 
0.7371765 
0.7343625 
0.7358223 
0.7415048 
0.7417125 
0.7461828 
0.7455561 
0.7527107 
0.7727627 
0.7815299 
0.7820847 
0.8043662 
0.8124244 
0.8326708 
0.8336016 
0.8393049 
0.8668513 
0.8705469 
0.8573087 
0.8788901 
0.8884560 
0.8658497 
0.8649778 
0.8510160 
0.8500074 
0.8458855 
0.8432619 
0.8466818 
0.8492370 
0.8463633 
0.8407921 
0.8402865 
0.8413988 
0.8368146 
0.8369368 
0.8391894 
0.8209498 
0.8186322 
0.8200555 
0.8261549 
0.8426693 
0.8477356 
0.8381536 
0.8137377 
0.8132141 
0.8114632 
0.8291643 
0.8201873 
0.8128109 
0.7983278 
0.7915750 
0.8008564 
0.7908288 
0.7901582 
0.7924181 
0.7972056 
0.7950562 
0.7886743 
0.8003746 
0.7979260 
0.8034546 
0.8047362 
0.7941600 
0.7976794 
0.8079453 
0.8354223 
0.8403779 
0.8459896 
0.8620212 
0.8617024 
0.8645103 
0.8671128 
0.8598391 
0.8532643 
0.8563209 
0.8476239 
0.8498551 
0.8484454 
0.8464995 
0.8661629 
0.8680056 
0.8669487 
0.8664553 
0.8591703 
0.8763497 
0.8817292 
0.8793522 
0.8791936 
0.8736972 
0.8550126 
0.8502176 
0.8534471 
0.8439995 
0.8529579 
0.8516540 
0.8544355 
0.8439773 
0.8525308 
0.8548100 
0.8630505 
0.8672080 
0.8638256 
0.8644514 
0.8665925 
0.8583661 
0.8568301 
0.8336035 
0.8332132 
0.8379005 
0.8354216 
0.8433070 
0.8598342 
0.8847128 
0.9189954 
0.9358563 
0.9323211 
0.9368993 
0.9318095 
0.9243191 
0.9168220 
0.9123629 
0.9117430 
0.9022327 
0.8870657 
0.8773334 
0.8686165 
0.8826429 
0.8836011 
0.8806853 
0.8800806 
0.8863015 
0.9222942 
0.9130011 
0.9039448 
0.9077269 
0.8975482 
0.8995037 
0.8940623 
0.9005837 
0.9016415 
0.8900928 
0.9026577 
0.9005450 
0.8907335 
0.9045233 
0.9025627 
0.9117601 
0.9134705 
0.9042454 
0.8977068 
0.8878585 
0.9049118 
0.9052900 
0.9027361 
0.9043813 
0.9075342 
0.9205578 
0.9201277 
0.9243924 
0.9180572 
0.9156826 
0.8983699 
0.8896594 
0.8968694 
0.8983113 
0.8784413 
0.8801553 
0.8860315 
0.8769833 
0.8624567 
0.8677964 
0.8478315 
0.8489262 
0.8374555 
0.8485581 
0.8439231 
0.8264428 
0.8291978 
0.8325113 
0.8404042 
0.8533945 
0.8570524 
0.8503364 
0.8553681 
0.8705655 
0.8685230 
0.8759983 
0.8694899 
0.8656056 
0.8709479 
0.8733911 
0.8830634 
0.8898537 
0.9062742 
0.9156118 
0.9187833 
0.9196141 
0.9229461 
0.9243277 
0.9328268 
0.9066951 
0.8932119 
0.8683967 
0.8607994 
0.8618335 
0.8567832 
0.8643589 
0.8564703 
0.8489500 
0.8502697 
0.8456290 
0.8517424 
0.8765165 
0.8662214 
0.8663809 
0.8535344 
0.8548540 
0.8424880 
0.8512536 
0.8546135 
0.8530598 
0.8508387 
0.8487380 
0.8311528 
0.8379392 
0.8357708 
0.8419029 
0.8511553 
0.8433556 
0.8412453 
0.8407202 
0.8384858 
0.8303851 
0.8408870 
0.8510962 
0.8571202 
0.8539305 
0.8528711 
0.8672490 
0.8603888 
0.8542427 
0.8385613 
0.8398923 
0.8419569 
0.8543539 
0.8386889 
0.8342030 
0.8205987 
0.8140968 
0.8257979 
0.8177550 
0.8177794 
0.8250832 
0.8159109 
0.8095750 
0.8130231 
0.8198669 
0.8095946 
0.8138654 
0.8212947 
0.8101262 
0.7957653 
0.7942987 
0.7955252 
0.7877547 
0.7871180 
0.7799330 
0.7900357 
0.7934791 
0.7860241 
0.7859925 
0.7912499 
0.7734951 
0.7557719 
0.7598114 
0.7665920 
0.7581735 
0.7655351 
0.7666025 
0.8002620 
0.7926640 
0.8022288 
0.8098999 
0.8045732 
0.8061324 
0.8103795 
0.8087343 
0.8099644 
0.8091413 
0.8083170 
0.8067221 
0.8129742 
0.8089261 
0.7881327 
0.8030240 
0.7931550 
0.7897838 
0.7824432 
0.7717587 
0.7588651 
0.7585989 
0.7521691 
0.7534111 
0.7489993 
0.7655092 
0.7638106 
0.7662086 
0.7612564 
0.7735600 
0.7624628 
0.7730207 
0.7667998 
0.7668536 
0.7742914 
0.7883922 
0.7933231 
0.7982905 
0.7883736 
0.7875006 
0.8200789 
0.8348256 
0.8400577 
0.8432521 
0.8421524 
0.8401088 
0.8593595 
0.8688352 
0.8828212 
0.8718849 
0.8775250 
0.8839436 
0.8852774 
0.8757804 
0.8689133 
0.8568653 
0.8462457 
0.8475641 
0.8576862 
0.8568491 
0.8680201 
0.8702431 
0.8932439 
0.8922342 
0.8639167 
0.8679138 
0.8641202 
0.8698761 
0.8706710 
0.8717451 
0.8641774 
0.8300038 
0.8503042 
0.8630623 
0.8584382 
0.8641408 
0.8757158 
0.8807165 
0.8829814 
0.8768004 
0.8585924 
0.8697957 
0.8675874 
0.8461950 
0.8365176 
0.8444753 
0.8550612 
0.8474512 
0.8528524 
0.8419678 
0.8501929 
0.8507418 
0.8279268 
0.8244917 
0.8242405 
0.8440196 
0.8498715 
0.8745572 
0.8957333 
0.9119540 
0.9331566 
0.9312235 
0.9381082 
0.9315476 
0.9364010 
0.9373010 
0.9575578 
0.9671927 
0.9653030 
0.9664933 
0.9746573 
0.9787054 
0.9822783 
0.9807016 
0.9769458 
0.9834456 
1.0000000 
0.9796268 
0.9787679 
0.9654751 
0.9633535 
0.9613131 
0.9623007 
0.9372732 
0.9207284 
0.9188233 
0.8954744 
0.8910024 
0.8905527 
0.8786706 
0.8713417 
0.8693227 
0.8689798 
0.8583136 
0.8702577 
0.8850416 
0.8871136 
0.8889219 
0.9002620 
0.9037622 
0.8810831 
0.8858320 
0.9161353 
0.9095485 
0.9318961 
0.9398498 
0.9414787 
0.9565216 
0.9683921 
0.9862314 
0.9733413 
0.9610185 
0.9629097 
0.9609010 
0.9541267 
0.9511724 
0.9465689 
0.9474790 
0.9323411 
0.9442488 
0.9268684 
0.9218160 
0.9524005 
0.9446291 
0.9326034 
0.8927122 
0.8914123 
0.8954279 
0.9083927 
0.9242302 
0.9286728 
0.9300590 
0.9304884 
0.9372789 
0.9387007 
0.9572767 
0.9580524 
0.9621753 
0.9752127 
0.9792864 
0.9826343 
0.9849683 
0.9776631 
0.9759211 
0.9543713 
0.9362983 
0.9247131 
0.9455861 
0.9490684 
0.9459295 
0.9300433 
0.9267990 
0.9256295 
0.9126132 
0.9156220 
0.9032153 
0.8980983 
0.9070445 
0.9246160 
0.9258634 
0.9290060 
0.9478792 
0.9483092 
0.9481166 
0.9570662 
0.9633205 
0.9741663 
0.9609327 
0.9651905 
0.9838725 
0.9637078 
0.9740352 
0.9696349 
0.9562236 
0.9465244 
0.9314859 
0.9289224 
0.9337568 
0.9190876 
0.9144541 
0.9089972 
0.9002571 
0.8977707 
0.8921508 
0.8870781 
0.8961216 
0.9021619 
0.9062307 
0.9109480 
0.9305621 
0.9300528 
0.9375782 
0.9488353 
0.9660520 
0.9856088 
0.9768620 
0.9683526 
0.9784824 
0.9615816 
0.9597948 
0.9668190 
0.9617974 
0.9715154 
0.9640089 
0.9559873 
0.9459706 
0.9371130 
0.9214403 
0.9054978 
0.9131917 
0.9122010 
0.9046164 
0.9030033 
0.9152622 
0.9066012 
0.9197285 
0.9148923 
