0.0001163 
-0.0001792 
0.0000248 
0.4985901 
-0.1562990 
0.3800210 
0.6972805 
0.7007854 
0.7005625 
0.6994797 
0.7008402 
0.7036534 
0.7041198 
0.7046086 
0.7062925 
0.7067019 
0.7082180 
0.7089370 
0.7091436 
0.7110480 
0.7117966 
0.7128504 
0.7133182 
0.7141618 
0.7148211 
0.7160410 
0.7175403 
0.7181007 
0.7186879 
0.7202825 
0.7202633 
0.7213208 
0.7235878 
0.7238799 
0.7252315 
0.7268448 
0.7269577 
0.7288513 
0.7293881 
0.7307234 
0.7318194 
0.7321411 
0.7337431 
0.7347603 
0.7352813 
0.7366133 
0.7367870 
0.7379330 
0.7389974 
0.7405284 
0.7419082 
0.7414725 
0.7430227 
0.7440283 
0.7445749 
0.7462032 
0.7466937 
0.7481346 
0.7487850 
0.7495384 
0.7496374 
0.7511819 
0.7522642 
0.7543467 
0.7548545 
0.7559658 
0.7556896 
0.7575100 
0.7576474 
0.7586735 
0.7598577 
0.7609862 
0.7624324 
0.7630469 
0.7631995 
0.7627880 
0.7633506 
0.7637234 
0.7646194 
0.7635440 
0.7656810 
0.7671691 
0.7669138 
0.7674139 
0.7679248 
0.7685625 
0.7693674 
0.7683052 
0.7708123 
0.7711941 
0.7733124 
0.7736449 
0.7749535 
0.7758760 
0.7753371 
0.7759879 
0.7774833 
0.7786578 
0.7800311 
0.7822648 
0.7842543 
0.7850445 
0.7865204 
0.7882847 
0.7886275 
0.7899284 
0.7891667 
0.7898301 
0.7901338 
0.7904697 
0.7914715 
0.7926523 
0.7931023 
0.7921849 
0.7918986 
0.7891647 
0.7893534 
0.7887136 
0.7869420 
0.7822639 
0.7836268 
0.7847269 
0.7866669 
0.7962392 
0.8004402 
0.8034491 
0.8063665 
0.8062460 
0.8075877 
0.8086214 
0.8085291 
0.8083391 
0.8082075 
0.8086753 
0.8094616 
0.8108853 
0.8122738 
0.8132591 
0.8150219 
0.8167196 
0.8171415 
0.8164497 
0.8166104 
0.8163946 
0.8174353 
0.8183915 
0.8194304 
0.8199822 
0.8208353 
0.8217467 
0.8228198 
0.8239154 
0.8241166 
0.8248299 
0.8258983 
0.8269617 
0.8286248 
0.8295578 
0.8303250 
0.8310793 
0.8314085 
0.8328647 
0.8331954 
0.8345677 
0.8347690 
0.8364008 
0.8371876 
0.8371918 
0.8387449 
0.8380728 
0.8387987 
0.8394576 
0.8393763 
0.8415572 
0.8424160 
0.8413158 
0.8423658 
0.8434559 
0.8433501 
0.8449664 
0.8449225 
0.8466472 
0.8474745 
0.8475104 
0.8469795 
0.8489403 
0.8493070 
0.8519943 
0.8526642 
0.8533847 
0.8535490 
0.8552763 
0.8555333 
0.8567173 
0.8570706 
0.8586063 
0.8576193 
0.8597691 
0.8605285 
0.8604629 
0.8611065 
0.8611107 
0.8618701 
0.8654132 
0.8655119 
0.8666180 
0.8688736 
0.8690015 
0.8702059 
0.8699976 
0.8710132 
0.8717653 
0.8723199 
0.8725150 
0.8731514 
0.8754472 
0.8754028 
0.8758536 
0.8760833 
0.8757765 
0.8798556 
0.8806433 
0.8809924 
0.8822113 
0.8826454 
0.8846033 
0.8837645 
0.8860569 
0.8863786 
0.8868021 
0.8874362 
0.8893161 
0.8894030 
0.8898011 
0.8907591 
0.8906163 
0.8903328 
0.8906013 
0.8920652 
0.8932271 
0.8929319 
0.8931727 
0.8938091 
0.8934903 
0.8937494 
0.8951558 
0.8947573 
0.8953468 
0.8965022 
0.8961782 
0.8958383 
0.8971733 
0.8972287 
0.8972599 
0.8981358 
0.8988681 
0.8986685 
0.9000513 
0.9012038 
0.9021229 
0.9023659 
0.9039152 
0.9041466 
0.9062142 
0.9075274 
0.9064911 
0.9078613 
0.9082677 
0.9095813 
0.9099179 
0.9103996 
0.9104973 
0.9093031 
0.9102867 
0.9116999 
0.9110407 
0.9122276 
0.9140757 
0.9142399 
0.9135861 
0.9150901 
0.9152823 
0.9160070 
0.9159227 
0.9172531 
0.9175056 
0.9184506 
0.9165067 
0.9200989 
0.9217712 
0.9245820 
0.9190594 
0.9193434 
0.9198844 
0.9226185 
0.9234488 
0.9238070 
0.9239575 
0.9250297 
0.9261771 
0.9264738 
0.9276945 
0.9284374 
0.9277713 
0.9267833 
0.9284475 
0.9295340 
0.9295643 
0.9296136 
0.9311040 
0.9319037 
0.9317706 
0.9335210 
0.9336215 
0.9350639 
0.9350461 
0.9361298 
0.9369291 
0.9379796 
0.9392262 
0.9390467 
0.9394343 
0.9401465 
0.9395283 
0.9400782 
0.9410423 
0.9400199 
0.9406775 
0.9411108 
0.9406529 
0.9409219 
0.9409775 
0.9418313 
0.9430188 
0.9430011 
0.9436661 
0.9442471 
0.9435651 
0.9444421 
0.9440418 
0.9450721 
0.9472393 
0.9477186 
0.9482485 
0.9484636 
0.9493309 
0.9479122 
0.9487082 
0.9500062 
0.9492357 
0.9500255 
0.9508924 
0.9524050 
0.9525772 
0.9515616 
0.9525151 
0.9531463 
0.9526672 
0.9534912 
0.9526543 
0.9550669 
0.9547444 
0.9554240 
0.9558013 
0.9565732 
0.9573116 
0.9581544 
0.9584081 
0.9585988 
0.9586298 
0.9580960 
0.9576170 
0.9581567 
0.9589440 
0.9589325 
0.9594686 
0.9591591 
0.9603845 
0.9619889 
0.9615743 
0.9611116 
0.9605949 
0.9626327 
0.9670141 
0.9690081 
0.9689160 
0.9690394 
0.9679467 
0.9632707 
0.9618145 
0.9615756 
0.9633359 
0.9651494 
0.9655112 
0.9648777 
0.9650870 
0.9650148 
0.9653974 
0.9662880 
0.9670204 
0.9673009 
0.9668689 
0.9671992 
0.9693672 
0.9696587 
0.9706089 
0.9712742 
0.9706869 
0.9714341 
0.9724030 
0.9742443 
0.9736087 
0.9739586 
0.9735269 
0.9738470 
0.9744675 
0.9736242 
0.9749933 
0.9747225 
0.9750130 
0.9750975 
0.9756328 
0.9773679 
0.9774535 
0.9771764 
0.9786519 
0.9786149 
0.9789656 
0.9799687 
0.9809108 
0.9791803 
0.9812265 
0.9814050 
0.9814283 
0.9816388 
0.9825459 
0.9834883 
0.9848721 
0.9855454 
0.9860432 
0.9861910 
0.9863702 
0.9863970 
0.9854296 
0.9862090 
0.9862919 
0.9867580 
0.9863425 
0.9847899 
0.9855487 
0.9867131 
0.9851326 
0.9854372 
0.9866046 
0.9862906 
0.9849635 
0.9855738 
0.9867248 
0.9878099 
0.9871152 
0.9871501 
0.9869825 
0.9869116 
0.9878063 
0.9871589 
0.9871025 
0.9869010 
0.9876560 
0.9878864 
0.9893423 
0.9886136 
0.9874330 
0.9895623 
0.9904319 
0.9909163 
0.9896208 
0.9911032 
0.9909286 
0.9915164 
0.9914618 
0.9923873 
0.9924646 
0.9931656 
0.9926057 
0.9914319 
0.9916626 
0.9923324 
0.9944476 
0.9943449 
0.9925668 
0.9924398 
0.9960433 
0.9961697 
0.9957214 
0.9946108 
0.9939929 
0.9942938 
0.9953176 
0.9950687 
0.9950141 
0.9964130 
0.9967775 
0.9960232 
0.9954841 
0.9954262 
0.9954577 
0.9959620 
0.9948425 
0.9954786 
0.9953813 
0.9959500 
0.9948135 
0.9953675 
0.9953233 
0.9956202 
0.9954018 
0.9957421 
0.9957915 
0.9962909 
0.9960401 
0.9955208 
0.9948146 
0.9949986 
0.9960207 
0.9954206 
0.9970212 
0.9966126 
0.9961405 
0.9964776 
0.9961702 
0.9966221 
0.9967169 
0.9966345 
0.9964170 
0.9965362 
0.9960957 
0.9964849 
0.9955995 
0.9971469 
0.9976712 
0.9976097 
0.9971005 
0.9975067 
0.9980550 
1.0000000 
0.9992629 
0.9972285 
0.9942708 
0.9970784 
0.9979742 
0.9986455 
0.9973662 
0.9978971 
0.9981002 
0.9982743 
0.9981069 
0.9981245 
0.9976820 
0.9977856 
0.9989811 
0.9973216 
0.9985780 
0.9982465 
0.9975650 
0.9977520 
0.9970252 
0.9979033 
0.9962656 
0.9970594 
0.9965060 
0.9969079 
0.9964791 
0.9959717 
0.9971667 
0.9960136 
0.9971038 
0.9959671 
0.9954788 
0.9966175 
0.9956360 
0.9955911 
0.9979250 
0.9968971 
0.9960168 
0.9972424 
0.9963064 
0.9949633 
0.9956269 
0.9962470 
0.9961625 
0.9968425 
0.9955122 
0.9949152 
0.9947944 
0.9934504 
0.9935358 
0.9926765 
0.9932526 
0.9939856 
0.9936903 
0.9933843 
0.9932757 
0.9931278 
0.9929094 
0.9898323 
0.9903242 
0.9932449 
0.9916969 
0.9924409 
0.9925860 
0.9924139 
0.9932283 
0.9929712 
0.9933149 
0.9922963 
0.9930601 
0.9924150 
0.9921946 
0.9911675 
0.9910606 
0.9903044 
0.9903984 
0.9905373 
0.9868255 
0.9889573 
0.9885931 
0.9887767 
0.9893173 
0.9884293 
0.9878537 
0.9876973 
0.9871339 
0.9873633 
0.9878810 
0.9864065 
0.9895175 
0.9888292 
0.9868818 
0.9867290 
0.9867969 
0.9865035 
0.9868736 
0.9870905 
0.9868675 
0.9851923 
0.9850600 
0.9862823 
0.9852318 
0.9849282 
0.9845648 
0.9848026 
0.9848082 
0.9846252 
0.9849429 
0.9829556 
0.9827483 
0.9827302 
0.9823046 
0.9823101 
0.9825965 
0.9814898 
0.9815883 
0.9816891 
0.9809165 
0.9815950 
0.9808497 
0.9797497 
0.9806873 
0.9814561 
0.9794700 
0.9803636 
0.9819655 
0.9800228 
0.9796879 
0.9789210 
0.9781197 
0.9775891 
0.9770501 
0.9765578 
0.9759235 
0.9748484 
0.9751351 
0.9742240 
0.9748094 
0.9740793 
0.9739931 
0.9733104 
0.9732652 
0.9731465 
0.9716126 
0.9721030 
0.9712679 
0.9719657 
0.9706861 
0.9715919 
0.9712766 
0.9712007 
0.9708772 
0.9703578 
0.9701435 
0.9682668 
0.9678544 
0.9672678 
0.9673657 
0.9675219 
0.9665572 
0.9656303 
0.9652434 
0.9651198 
0.9642270 
0.9642623 
0.9627413 
0.9634670 
0.9626567 
0.9626504 
0.9617075 
0.9613573 
0.9616089 
0.9615312 
0.9607431 
0.9611050 
0.9607627 
0.9615749 
0.9598139 
0.9603311 
0.9601746 
0.9590995 
0.9589481 
0.9589992 
0.9592634 
0.9567225 
0.9568551 
0.9574137 
0.9570083 
0.9562975 
0.9562770 
0.9531232 
0.9525570 
0.9529334 
0.9531421 
0.9530520 
0.9521086 
0.9511035 
0.9521165 
0.9524477 
0.9516768 
0.9517491 
0.9519991 
0.9514424 
0.9510427 
0.9503603 
0.9499704 
0.9473732 
0.9465932 
0.9459589 
0.9452842 
0.9449385 
0.9438654 
0.9436104 
0.9441074 
0.9436717 
0.9446351 
0.9423907 
0.9422094 
0.9424124 
0.9414834 
0.9417249 
0.9424260 
0.9417588 
0.9417063 
0.9418986 
0.9406008 
0.9413790 
0.9415720 
0.9411389 
0.9405175 
0.9409706 
0.9398001 
0.9385490 
0.9385322 
0.9367431 
0.9356079 
0.9375105 
0.9361359 
0.9361884 
0.9357798 
0.9347618 
0.9337363 
0.9354753 
0.9342445 
0.9332150 
0.9334802 
0.9328962 
0.9317051 
0.9306194 
0.9299744 
0.9290411 
0.9278870 
0.9275874 
0.9269161 
0.9267373 
0.9257862 
0.9247053 
0.9242934 
0.9249307 
0.9230353 
0.9210562 
0.9211328 
0.9205511 
0.9195068 
0.9192229 
0.9180448 
0.9167762 
0.9163452 
0.9159385 
0.9155503 
0.9160002 
0.9148824 
0.9138024 
0.9136113 
0.9133558 
0.9139704 
0.9124631 
0.9128276 
0.9103353 
0.9098908 
0.9099475 
0.9091986 
0.9087032 
0.9085589 
0.9085944 
0.9082741 
0.9081524 
0.9077783 
0.9042027 
0.9042361 
0.9056303 
0.9039519 
0.9038703 
0.9033124 
0.9024116 
0.9041654 
0.9032287 
0.9032610 
0.9024744 
0.9017807 
0.9012215 
0.8993805 
0.8954066 
0.8974237 
0.8969719 
0.8965807 
0.8956910 
0.8933258 
0.8939196 
0.8938688 
0.8932992 
0.8934661 
0.8935042 
0.8930852 
0.8930039 
0.8912397 
0.8914865 
0.8902918 
0.8899709 
0.8892406 
0.8873363 
0.8867228 
0.8856401 
0.8845887 
0.8835105 
0.8829956 
0.8819891 
0.8810497 
0.8817466 
0.8800351 
0.8781033 
0.8778941 
0.8759789 
0.8761425 
0.8754296 
0.8742853 
0.8746543 
0.8737440 
0.8741763 
0.8724838 
0.8712688 
0.8704184 
0.8701438 
0.8697648 
0.8691338 
0.8684678 
0.8680468 
0.8680147 
0.8676333 
0.8668297 
0.8664193 
0.8655484 
0.8647755 
0.8631760 
0.8629901 
0.8625234 
0.8613941 
0.8620339 
0.8606777 
0.8595556 
0.8583298 
0.8582305 
0.8570966 
0.8551233 
0.8550267 
0.8537626 
0.8528600 
0.8535685 
0.8521335 
0.8518689 
0.8517539 
0.8507211 
0.8486174 
0.8494907 
0.8493595 
0.8476112 
0.8475493 
0.8464259 
0.8453708 
0.8455785 
0.8439450 
0.8433862 
0.8425870 
0.8406642 
0.8399618 
0.8379775 
0.8363034 
0.8360552 
0.8365136 
0.8352091 
0.8348947 
0.8334147 
0.8326612 
0.8319921 
0.8315240 
0.8299374 
0.8295871 
0.8298066 
0.8295069 
0.8286551 
0.8279449 
0.8267840 
0.8254063 
0.8241156 
0.8234267 
0.8220691 
0.8214421 
0.8209980 
0.8199718 
0.8179561 
0.8178936 
0.8168759 
0.8164376 
0.8149826 
0.8152304 
0.8152584 
0.8146747 
0.8123982 
0.8110104 
0.8108814 
0.8084003 
0.8074830 
0.8072628 
0.8071940 
0.8066042 
0.8073632 
0.8054427 
0.8048841 
0.8040132 
0.8031751 
0.8016933 
0.8011721 
0.7999111 
0.7989065 
0.7979218 
0.7975309 
0.7958658 
0.7953175 
0.7943435 
0.7936888 
0.7934514 
0.7926720 
0.7913305 
0.7905772 
0.7902263 
0.7891299 
0.7888600 
0.7865266 
0.7854023 
0.7838771 
0.7831034 
0.7835409 
0.7828826 
0.7813528 
0.7808579 
0.7784742 
0.7778772 
0.7781023 
0.7775592 
0.7768445 
0.7755258 
0.7743334 
0.7725510 
0.7704957 
0.7687915 
0.7688483 
0.7699178 
0.7697958 
0.7687826 
0.7672889 
0.7674311 
0.7668760 
0.7649990 
0.7637936 
0.7624773 
0.7614541 
0.7608428 
0.7593684 
0.7584136 
0.7570998 
0.7566184 
0.7565068 
0.7555573 
0.7544784 
0.7535317 
0.7533124 
0.7527775 
0.7498461 
0.7503059 
0.7492764 
0.7477855 
0.7475547 
0.7460357 
0.7445087 
0.7422357 
0.7408599 
0.7400661 
0.7371510 
0.7364755 
0.7378205 
0.7356538 
0.7358609 
0.7338031 
0.7331308 
0.7323367 
0.7305176 
0.7298134 
0.7273833 
0.7268862 
0.7272691 
0.7270039 
0.7277427 
0.7265777 
0.7242215 
0.7242166 
0.7230964 
0.7222509 
0.7234963 
0.7202117 
0.7182913 
0.7184010 
0.7182079 
0.7169661 
0.7161948 
0.7156025 
0.7143350 
0.7136359 
0.7132938 
0.7111327 
0.7100819 
0.7077854 
0.7091020 
0.7084497 
0.7073119 
0.7060179 
0.7048314 
0.7040440 
0.7034649 
0.7011900 
0.7003408 
0.7002490 
0.6991754 
0.6993132 
0.6981064 
0.6980611 
0.6964330 
0.6939906 
0.6937543 
0.6928956 
0.6911785 
0.6909913 
0.6877895 
0.6866634 
0.6858029 
0.6854894 
0.6848094 
0.6842581 
0.6832662 
0.6818352 
0.6807712 
0.6797780 
0.6785018 
0.6781843 
0.6769049 
0.6762447 
0.6742453 
0.6734730 
0.6714328 
0.6705361 
0.6699493 
0.6695982 
0.6662203 
0.6661932 
0.6657093 
0.6640372 
0.6650189 
0.6653029 
0.6656758 
0.6643340 
0.6626858 
0.6606235 
0.6599770 
0.6574863 
0.6565680 
0.6575623 
0.6561403 
0.6547587 
0.6560531 
0.6510814 
0.6504510 
0.6499833 
0.6495775 
0.6467075 
0.6471292 
0.6464134 
0.6467310 
0.6456611 
0.6440673 
0.6443839 
0.6410318 
0.6409237 
0.6407475 
0.6387307 
0.6386057 
0.6350732 
0.6349973 
0.6346111 
0.6322437 
0.6294218 
0.6293562 
0.6277663 
0.6279020 
0.6262019 
0.6249195 
0.6235343 
0.6207127 
0.6200669 
0.6184643 
0.6193226 
0.6165412 
0.6159016 
0.6149816 
0.6142478 
0.6141442 
0.6125387 
0.6113663 
0.6089268 
0.6099169 
0.6074816 
0.6076469 
0.6079566 
0.6049400 
0.6030304 
0.6026853 
0.6020712 
0.6003336 
0.6006883 
0.5985996 
0.5992906 
0.5972473 
0.5956114 
0.5941493 
0.5936366 
0.5920234 
0.5904979 
0.5904505 
0.5894351 
0.5883260 
0.5927457 
0.5864504 
0.5844457 
0.5830045 
0.5849911 
0.5845033 
0.5840161 
0.5830754 
0.5825321 
0.5809288 
0.5792380 
0.5765549 
0.5738183 
0.5714342 
0.5738353 
0.5727931 
0.5710725 
0.5705320 
0.5679166 
0.5667172 
0.5687487 
0.5674804 
0.5692760 
0.5674328 
0.5669110 
0.5654585 
0.5644479 
0.5647915 
0.5584997 
0.5560611 
0.5578887 
0.5550000 
0.5555294 
0.5563357 
0.5561637 
0.5549224 
0.5541369 
0.5544824 
0.5539244 
0.5521160 
0.5517868 
0.5486879 
0.5489342 
0.5469832 
0.5447458 
0.5443076 
0.5419815 
0.5409061 
0.5390461 
0.5398771 
0.5390644 
0.5380841 
0.5371058 
0.5350534 
0.5342692 
0.5329295 
0.5331669 
0.5308618 
0.5301354 
0.5296435 
0.5288566 
0.5270864 
0.5257663 
0.5237798 
0.5232202 
0.5236550 
0.5231010 
0.5221651 
0.5214936 
0.5203951 
0.5208598 
0.5191832 
0.5196067 
0.5190299 
0.5179068 
0.5179737 
0.5157473 
0.5149640 
0.5149077 
0.5135139 
0.5116870 
0.5113368 
0.5096092 
0.5094708 
0.5073756 
0.5063855 
0.5055810 
0.5038287 
0.5037301 
0.5029425 
0.5017604 
0.5000763 
0.4983486 
0.4981422 
0.4977074 
0.4979865 
0.4955200 
0.4969267 
0.4963820 
0.4954261 
0.4934085 
0.4923649 
0.4900287 
0.4901569 
0.4884674 
0.4875282 
0.4869853 
0.4851388 
0.4831411 
0.4832690 
0.4846248 
0.4836126 
0.4801696 
0.4774593 
0.4782696 
0.4775821 
0.4744239 
0.4743108 
0.4727742 
0.4727969 
0.4713680 
0.4712032 
0.4691325 
0.4682535 
0.4683020 
0.4676485 
0.4666184 
0.4641820 
0.4649178 
0.4610478 
0.4595507 
0.4574442 
0.4562835 
0.4573237 
0.4588389 
0.4578824 
0.4560669 
0.4541467 
0.4539624 
0.4540326 
0.4544965 
0.4520620 
0.4502764 
0.4465204 
0.4453926 
0.4468143 
0.4457250 
0.4453908 
0.4437400 
0.4425568 
0.4398193 
0.4405102 
0.4400156 
0.4401539 
0.4376563 
0.4383286 
0.4373214 
0.4365012 
0.4366051 
0.4340103 
0.4322606 
0.4316826 
0.4319306 
0.4304585 
0.4293015 
0.4277661 
0.4267408 
0.4252335 
0.4238731 
0.4244018 
0.4224299 
0.4234759 
0.4215972 
0.4193911 
0.4171571 
0.4175859 
0.4168021 
0.4151631 
0.4125728 
0.4126865 
0.4125657 
0.4113316 
0.4108725 
0.4106781 
0.4088848 
0.4060702 
0.4067490 
0.4066272 
0.4067670 
0.4068019 
0.4087774 
0.4021772 
0.3995426 
0.3989843 
0.3977841 
0.3970284 
0.3966932 
0.3939911 
0.3928212 
0.3913579 
0.3903505 
0.3896690 
0.3901243 
0.3904229 
0.3881514 
0.3858974 
0.3865522 
0.3860447 
0.3854330 
0.3873687 
0.3889286 
0.3906860 
0.3887968 
0.3873949 
0.3847421 
0.3821092 
0.3776186 
0.3776152 
0.3769331 
0.3757947 
0.3747262 
0.3747752 
0.3711488 
0.3690409 
0.3652988 
0.3648815 
0.3630721 
0.3631122 
0.3622901 
0.3659614 
0.3662864 
0.3660713 
0.3634934 
0.3637670 
0.3620930 
0.3618199 
0.3609959 
0.3594420 
0.3586276 
0.3595320 
0.3575655 
0.3558822 
0.3549233 
0.3552172 
0.3530890 
0.3525980 
0.3524593 
0.3508801 
0.3491403 
0.3459752 
0.3473564 
0.3480037 
0.3458713 
0.3443625 
0.3444565 
0.3435128 
0.3417673 
0.3392558 
0.3409400 
0.3393384 
0.3365420 
0.3366715 
0.3362529 
0.3352110 
0.3345592 
0.3348047 
0.3337639 
0.3327780 
0.3321697 
0.3306938 
0.3294594 
0.3278801 
0.3278076 
0.3285025 
0.3280524 
0.3242530 
0.3247164 
0.3247545 
0.3243712 
0.3232175 
0.3217188 
0.3193292 
0.3200546 
0.3189345 
0.3183555 
0.3176731 
0.3161801 
0.3151741 
0.3148749 
0.3146960 
0.3123855 
0.3134656 
0.3109253 
0.3105094 
0.3093953 
0.3054751 
0.3034137 
0.3020419 
0.3034932 
0.3036437 
0.3015400 
0.3028424 
0.3013792 
0.3007548 
0.2981846 
0.2974585 
0.2942032 
0.2963072 
0.2939494 
0.2955005 
0.2961871 
0.2922077 
0.2912435 
0.2905693 
0.2880423 
0.2879466 
0.2865436 
0.2867530 
0.2841578 
0.2853767 
0.2817215 
0.2826672 
0.2810535 
0.2798192 
0.2781578 
0.2760651 
0.2760657 
0.2759030 
0.2741039 
0.2738476 
0.2744704 
0.2740836 
0.2714035 
0.2714576 
0.2712674 
0.2681134 
0.2685440 
0.2666329 
0.2675839 
0.2675973 
0.2676826 
0.2681765 
0.2681370 
0.2674897 
0.2633564 
0.2603500 
0.2583160 
0.2585890 
0.2568963 
0.2567097 
0.2562175 
0.2542369 
0.2572521 
0.2552644 
0.2547884 
0.2537812 
0.2530023 
0.2479861 
0.2473257 
0.2431069 
0.2405046 
0.2398242 
0.2402155 
0.2406301 
0.2414283 
0.2416024 
0.2413058 
0.2404409 
0.2402054 
0.2402424 
0.2378817 
0.2341872 
0.2360733 
0.2340601 
0.2334408 
0.2310191 
0.2305105 
0.2285262 
0.2284685 
0.2264932 
0.2254760 
0.2242820 
0.2244271 
0.2234450 
0.2238282 
0.2220481 
0.2232892 
0.2223926 
0.2217543 
0.2189948 
0.2166670 
0.2180461 
0.2179554 
0.2165022 
0.2137368 
0.2150946 
0.2130419 
0.2128360 
0.2105648 
0.2105785 
0.2084764 
0.2076410 
0.2051963 
0.2066278 
0.2042002 
0.2045259 
0.2044039 
0.2061640 
0.2047155 
0.2054866 
0.2076699 
0.2031898 
0.2001563 
0.1989597 
0.1971412 
0.1960640 
0.1973616 
0.1969291 
0.1964164 
0.1947998 
0.1933910 
0.1916681 
0.1916292 
0.1915551 
0.1911855 
0.1874624 
0.1882163 
0.1859197 
0.1837084 
0.1844847 
0.1842136 
0.1839748 
0.1800198 
0.1812613 
0.1815191 
0.1831989 
0.1821523 
0.1801458 
0.1813469 
0.1800195 
0.1775053 
0.1745735 
0.1726030 
0.1723808 
0.1708727 
0.1708935 
0.1693596 
0.1698156 
0.1684075 
0.1680740 
0.1663743 
0.1664986 
0.1647795 
0.1640091 
0.1627293 
0.1613086 
0.1601645 
0.1607089 
0.1589098 
0.1561834 
0.1554072 
0.1545726 
0.1546732 
0.1550883 
0.1550189 
0.1556225 
0.1540257 
0.1507191 
0.1505356 
0.1495862 
0.1470474 
0.1462083 
0.1461752 
0.1452636 
0.1453665 
0.1463411 
0.1463441 
0.1451725 
0.1423137 
0.1416539 
0.1411359 
0.1395637 
0.1385070 
0.1370975 
0.1379449 
0.1381235 
0.1387158 
0.1378009 
0.1374061 
0.1355798 
0.1353407 
0.1338593 
0.1325192 
0.1307694 
0.1304485 
0.1293011 
0.1278305 
0.1255549 
0.1253288 
0.1269186 
0.1279083 
0.1242517 
0.1242703 
0.1248896 
0.1237787 
0.1225886 
0.1225259 
0.1191923 
0.1203241 
0.1193712 
0.1196558 
0.1173998 
0.1164753 
0.1157978 
0.1145423 
0.1136106 
0.1146304 
0.1130122 
0.1118744 
0.1110230 
0.1098035 
0.1108781 
0.1096956 
0.1097248 
0.1116816 
0.1097886 
0.1097981 
0.1103104 
0.1081634 
0.1065501 
0.1068200 
0.1048507 
0.1049408 
0.1044166 
0.1064381 
0.1066568 
0.1060781 
0.1077359 
0.1052439 
0.1044461 
0.1008063 
0.0952234 
0.0910322 
0.0909404 
0.0904516 
0.0892535 
0.0882127 
0.0873522 
0.0870942 
0.0863349 
0.0867512 
0.0832804 
0.0836715 
0.0848824 
0.0825733 
0.0816792 
0.0815181 
0.0798238 
0.0764182 
0.0782792 
0.0787912 
0.0775272 
0.0750678 
0.0766846 
0.0772693 
0.0768477 
0.0730996 
0.0715813 
0.0711138 
0.0723841 
0.0705782 
0.0681112 
0.0686507 
0.0686368 
0.0689846 
0.0665185 
0.0679194 
0.0668792 
0.0647034 
0.0627186 
0.0629236 
0.0644087 
0.0616064 
0.0611169 
0.0594980 
0.0601152 
0.0597566 
0.0597826 
0.0573982 
0.0575354 
0.0573680 
0.0538847 
0.0543406 
0.0527543 
0.0539384 
0.0541600 
0.0515095 
0.0520183 
0.0506196 
0.0513925 
0.0495328 
0.0506091 
0.0508807 
0.0479707 
0.0473057 
0.0459567 
0.0463829 
0.0455598 
0.0453199 
0.0477242 
0.0480782 
0.0452136 
0.0456455 
0.0444301 
0.0433161 
0.0411681 
0.0419542 
0.0386240 
0.0382600 
0.0359604 
0.0351595 
0.0349959 
0.0351633 
0.0348573 
0.0351045 
0.0359590 
0.0335769 
0.0338155 
0.0338736 
0.0324650 
0.0333850 
0.0330386 
0.0321256 
0.0328969 
0.0322733 
0.0327785 
0.0338181 
0.0319568 
0.0325971 
0.0331238 
0.0308453 
0.0284449 
0.0300924 
0.0276540 
0.0267731 
0.0261171 
0.0283833 
0.0287879 
0.0262891 
0.0239044 
0.0197794 
0.0197931 
0.0203187 
0.0195301 
0.0220567 
0.0200870 
0.0202263 
0.0183003 
0.0179117 
0.0152771 
0.0137035 
0.0158051 
0.0131180 
0.0114492 
0.0124139 
0.0079283 
0.0067393 
0.0061385 
0.0053593 
0.0054997 
0.0056315 
0.0050653 
0.0046198 
0.0048355 
0.0032769 
0.0035981 
0.0019942 
0.0001352 
0.0006851 
0.0000000 
0.0017363 
0.0016161 
