-0.0000430 
0.0000907 
-0.0001407 
-0.1716597 
0.1945762 
0.3358356 
0.7085603 
0.7078058 
0.7107541 
0.7171714 
0.7149951 
0.7065375 
0.7266701 
0.7439198 
0.7566418 
0.7545271 
0.7674403 
0.7763185 
0.7824200 
0.8099729 
0.8367173 
0.8705466 
0.9055953 
0.9391827 
0.9703105 
0.9908765 
1.0000000 
0.9900079 
0.9749651 
0.9453114 
0.9276073 
0.8981367 
0.8828671 
0.8742922 
0.8564584 
0.8461553 
0.8373240 
0.8324846 
0.8394169 
0.8351946 
0.8282070 
0.8160158 
0.8140491 
0.8046866 
0.7729654 
0.7685741 
0.7726050 
0.7542704 
0.7411561 
0.7400003 
0.7443692 
0.7366863 
0.7330415 
0.7358098 
0.7300066 
0.7308557 
0.7297446 
0.7276234 
0.7452220 
0.7626086 
0.7831311 
0.8227278 
0.8614690 
0.9087312 
0.9483371 
0.9805698 
0.9965204 
0.9835896 
0.9717676 
0.9719142 
0.9480323 
0.9229210 
0.8935643 
0.8701876 
0.8464837 
0.8369778 
0.8227414 
0.8112218 
0.7913625 
0.7682859 
0.7873950 
0.7803082 
0.7832956 
0.7732432 
0.7587331 
0.7450970 
0.7239132 
0.6971748 
0.6812167 
0.6689225 
0.6562119 
0.6236852 
0.6088170 
0.5963108 
0.5956757 
0.5990772 
0.6089327 
0.6117688 
0.6422766 
0.6587518 
0.6798553 
0.7020675 
0.7298916 
0.7462719 
0.7616852 
0.7760487 
0.7958492 
0.7947375 
0.8170515 
0.8183961 
0.8160881 
0.8243960 
0.8263636 
0.8158609 
0.7980401 
0.8002352 
0.8064958 
0.8031376 
0.7919219 
0.7889010 
0.7868903 
0.7869615 
0.7734134 
0.7726547 
0.7774265 
0.7808103 
0.7731427 
0.7793547 
0.7755212 
0.7652984 
0.7588388 
0.7522977 
0.7207086 
0.6906440 
0.6816286 
0.6608978 
0.6662469 
0.6642834 
0.6723871 
0.6737327 
0.6910044 
0.6922588 
0.7004354 
0.7221104 
0.7329236 
0.7607933 
0.7794256 
0.7930226 
0.7987248 
0.7877445 
0.7749611 
0.7678039 
0.7425277 
0.7231916 
0.7169520 
0.7037328 
0.7047945 
0.6957810 
0.6961684 
0.7008602 
0.7081106 
0.7047054 
0.7150390 
0.7105962 
0.7134405 
0.7088143 
0.7122154 
0.7263271 
0.7097804 
0.7082754 
0.7129073 
0.7164193 
0.7205379 
0.7266461 
0.7108393 
0.6982855 
0.6888122 
0.6764818 
0.6667276 
0.6543007 
0.6529675 
0.6533323 
0.6677137 
0.6708962 
0.6847334 
0.6910178 
0.7064005 
0.7077247 
0.7080977 
0.7097016 
0.7166285 
0.7053117 
0.6942547 
0.6727999 
0.6483841 
0.6257354 
0.6140059 
0.6036917 
0.5897495 
0.5749049 
0.5773031 
0.5815842 
0.5826860 
0.5888012 
0.5843390 
0.5783791 
0.5863201 
0.6018831 
0.6087596 
0.6099147 
0.6147796 
0.6030182 
0.5959926 
0.6074316 
0.5946024 
0.5998282 
0.5974276 
0.5919852 
0.6124963 
0.6218112 
0.6418126 
0.6483322 
0.6613033 
0.6806169 
0.6868754 
0.7006990 
0.6964660 
0.7081298 
0.7046350 
0.6993222 
0.7001228 
0.6973766 
0.6637949 
0.6594611 
0.6469039 
0.6172421 
0.6184293 
0.6250885 
0.6210421 
0.6163936 
0.6202647 
0.6107944 
0.6066132 
0.6104351 
0.6047941 
0.5942261 
0.6067166 
0.5991540 
0.6000531 
0.5963379 
0.5921201 
0.5837766 
0.5892000 
0.5880997 
0.5919738 
0.5905488 
0.6002096 
0.6057501 
0.6192919 
0.6347301 
0.6479800 
0.6651988 
0.6836901 
0.7057322 
0.7125351 
0.7135197 
0.7149000 
0.7127652 
0.7105222 
0.7064420 
0.6985767 
0.6812745 
0.6888965 
0.6878610 
0.6937426 
0.7009543 
0.6986841 
0.6961257 
0.7013315 
0.7105866 
0.7125836 
0.7092681 
0.6965189 
0.6841944 
0.6696371 
0.6483361 
0.6414170 
0.6346903 
0.6255190 
0.6259745 
0.6307923 
0.6300652 
0.6352924 
0.6383060 
0.6309794 
0.6398373 
0.6457588 
0.6373329 
0.6346785 
0.6410324 
0.6463030 
0.6787046 
0.7009669 
0.7146775 
0.7167622 
0.7330805 
0.7420935 
0.7385915 
0.7500120 
0.7550507 
0.7450588 
0.7515753 
0.7476101 
0.7444081 
0.7378714 
0.7342810 
0.7128329 
0.7012146 
0.6957729 
0.6900026 
0.6820437 
0.6768489 
0.6815326 
0.6659432 
0.6676576 
0.6568188 
0.6723187 
0.6576652 
0.6446498 
0.6524652 
0.6402549 
0.6406534 
0.6422986 
0.6435034 
0.6414047 
0.6567825 
0.6711316 
0.6687801 
0.6727330 
0.6912867 
0.7214396 
0.7246506 
0.7317628 
0.7335632 
0.7374509 
0.7438328 
0.7325511 
0.7298416 
0.7272805 
0.7283544 
0.7316689 
0.7346721 
0.7432812 
0.7263625 
0.7075249 
0.7066796 
0.7007063 
0.6935780 
0.6929133 
0.6748892 
0.6457945 
0.6329010 
0.6199852 
0.6186723 
0.6327403 
0.6331889 
0.6228335 
0.6303624 
0.6175697 
0.6220955 
0.6312163 
0.6350696 
0.6361208 
0.6436981 
0.6628402 
0.6737964 
0.6745024 
0.6698473 
0.6740721 
0.6732178 
0.6824873 
0.6865624 
0.6969478 
0.7125973 
0.7147195 
0.7103333 
0.7084360 
0.7349023 
0.7355570 
0.7368829 
0.7431580 
0.7576456 
0.7650274 
0.7515400 
0.7458095 
0.7456778 
0.7371046 
0.7192406 
0.7359225 
0.7373034 
0.7433499 
0.7340834 
0.7318776 
0.7475771 
0.7557261 
0.7571805 
0.7549217 
0.7508900 
0.7372932 
0.7262350 
0.7124217 
0.7016918 
0.6898567 
0.6723976 
0.6747928 
0.6794829 
0.6778011 
0.6793425 
0.6876057 
0.6881775 
0.6862298 
0.6785647 
0.6786035 
0.6797984 
0.6701201 
0.6730489 
0.6753084 
0.6889074 
0.7009694 
0.7056060 
0.7239728 
0.7459697 
0.7647445 
0.7627215 
0.7730851 
0.7726982 
0.7596140 
0.7549101 
0.7671805 
0.7566955 
0.7542920 
0.7499864 
0.7550360 
0.7362858 
0.7455452 
0.7349961 
0.7215787 
0.7223934 
0.7217307 
0.7201093 
0.7058764 
0.7060715 
0.7105400 
0.7096568 
0.7137660 
0.7203947 
0.7246935 
0.7314555 
0.7329876 
0.7311544 
0.7341195 
0.7299532 
0.7245015 
0.7269467 
0.7171059 
0.7192428 
0.7225135 
0.7337198 
0.7304073 
0.7438034 
0.7461050 
0.7690399 
0.7809544 
0.7814245 
0.7950360 
0.8114659 
0.8178134 
0.8141383 
0.8051203 
0.8168102 
0.8150372 
0.8092642 
0.7978724 
0.7878604 
0.7744746 
0.7651085 
0.7583813 
0.7699999 
0.7666467 
0.7594292 
0.7549034 
0.7586546 
0.7590664 
0.7676555 
0.7796232 
0.7741983 
0.7730178 
0.7818122 
0.7881397 
0.7858004 
0.7808902 
0.7816243 
0.7882039 
0.7647356 
0.7818910 
0.7837320 
0.8079040 
0.8128020 
0.8191222 
0.8342847 
0.8291977 
0.8175263 
0.8215090 
0.8363994 
0.8366102 
0.8393060 
0.8504736 
0.8563442 
0.8557995 
0.8369631 
0.8226790 
0.8167506 
0.8109751 
0.7965993 
0.7818518 
0.7996396 
0.7992308 
0.7953008 
0.7990643 
0.7922495 
0.7877583 
0.7840142 
0.7782308 
0.7669847 
0.7529521 
0.7450628 
0.7380275 
0.7376565 
0.7380713 
0.7353992 
0.7240512 
0.7355906 
0.7459354 
0.7509417 
0.7562872 
0.7554964 
0.7649516 
0.7766101 
0.7675702 
0.7680028 
0.7701017 
0.7613188 
0.7680381 
0.7767086 
0.7805131 
0.7819991 
0.7889462 
0.8040559 
0.8019414 
0.8050050 
0.8081563 
0.7984622 
0.7796334 
0.7728081 
0.7565455 
0.7404623 
0.7423130 
0.7177765 
0.7121743 
0.7112452 
0.7211839 
0.7136670 
0.7197306 
0.7179657 
0.7276787 
0.7314784 
0.7327863 
0.7389297 
0.7345705 
0.7053311 
0.6941359 
0.6945543 
0.6826469 
0.6865392 
0.6862183 
0.6900730 
0.6984459 
0.6970492 
0.7077906 
0.7324679 
0.7467346 
0.7324584 
0.7355340 
0.7369283 
0.7402913 
0.7440203 
0.7487474 
0.7493346 
0.7470552 
0.7466129 
0.7423278 
0.7477770 
0.7494003 
0.7532457 
0.7552437 
0.7563884 
0.7671968 
0.7640565 
0.7691211 
0.7920789 
0.7816054 
0.7843887 
0.7613268 
0.7590943 
0.7449985 
0.7398401 
0.7433049 
0.7524504 
0.7625713 
0.7640043 
0.7780213 
0.7857726 
0.7948368 
0.8028528 
0.8125355 
0.8272989 
0.8217178 
0.8048552 
0.8018727 
0.8005841 
0.8087896 
0.7935652 
0.7959605 
0.7972459 
0.8008273 
0.8031737 
0.8072802 
0.8098960 
0.8099489 
0.8123816 
0.8228441 
0.8182173 
0.8209243 
0.8046713 
0.8023761 
0.8061131 
0.7951444 
0.7901623 
0.7817611 
0.7767987 
0.7846685 
0.7893496 
0.7982280 
0.7954011 
0.7885405 
0.7959461 
0.7717871 
0.7449638 
0.7137955 
0.6981307 
0.6951320 
0.6940200 
0.6935373 
0.7139372 
0.7203712 
0.7377373 
0.7638454 
0.7695358 
0.7791103 
0.7779267 
0.7827009 
0.7758757 
0.7612504 
0.7441029 
0.7331536 
0.7244091 
0.7056322 
0.7100318 
0.7145349 
0.7214672 
0.7262391 
0.7421673 
0.7425246 
0.7424417 
0.7297768 
0.7274863 
0.7323072 
0.7178269 
0.7049063 
0.6956655 
0.6847540 
0.6816490 
0.6800804 
0.6768565 
0.6802763 
0.6904115 
0.7039824 
0.6880616 
0.7050745 
0.6922912 
0.6927028 
0.6695226 
0.6689483 
0.6649352 
0.6758093 
0.6796135 
0.6924488 
0.6918361 
0.6947832 
0.7023641 
0.7081536 
0.7003718 
0.7123825 
0.7077942 
0.7167978 
0.7295049 
0.7391804 
0.7488590 
0.7570771 
0.7506265 
0.7505079 
0.7466078 
0.7532124 
0.7550415 
0.7570130 
0.7334784 
0.7124973 
0.7044616 
0.7030663 
0.7096745 
0.6980107 
0.6964412 
0.6937876 
0.6956090 
0.6890114 
0.6977739 
0.7101764 
0.7109432 
0.6918940 
0.6972776 
0.6771980 
0.6786130 
0.6703642 
0.6766666 
0.6684819 
0.6660665 
0.6787482 
0.6796557 
0.6912764 
0.6962853 
0.6976522 
0.7040100 
0.6771019 
0.6747022 
0.6778969 
0.6762674 
0.6712727 
0.6584277 
0.6663330 
0.6723158 
0.6754493 
0.6649457 
0.6587690 
0.6613152 
0.6744457 
0.6945039 
0.6949321 
0.7060357 
0.6985907 
0.7088444 
0.7212568 
0.7143415 
0.7054784 
0.7044586 
0.7079927 
0.6999100 
0.6960199 
0.6803483 
0.7026209 
0.7047287 
0.7079549 
0.6746662 
0.6871816 
0.6659817 
0.6643379 
0.6563925 
0.6366781 
0.6298372 
0.6419429 
0.6467108 
0.6504340 
0.6503778 
0.6431018 
0.6535643 
0.6397665 
0.6372254 
0.6359075 
0.6462120 
0.6309276 
0.6272549 
0.6421116 
0.6418889 
0.6362989 
0.6428857 
0.6582580 
0.6381994 
0.6588556 
0.6618272 
0.6564073 
0.6658938 
0.6859064 
0.6901063 
0.7054627 
0.7018313 
0.7016664 
0.7049765 
0.7016382 
0.6953670 
0.6925344 
0.7013304 
0.6983626 
0.6990731 
0.7109289 
0.7074110 
0.7014661 
0.7061329 
0.7110658 
0.6978254 
0.6859978 
0.6962471 
0.6839892 
0.6904910 
0.6692189 
0.6721566 
0.6735902 
0.6608179 
0.6446640 
0.6353450 
0.6355425 
0.6343866 
0.6211421 
0.6158876 
0.5992513 
0.6069382 
0.6137326 
0.6426656 
0.6541230 
0.6545535 
0.6541559 
0.6427450 
0.6483726 
0.6361649 
0.6280533 
0.6243525 
0.6290876 
0.6384870 
0.6319516 
0.6170559 
0.6267440 
0.6274092 
0.6248532 
0.6313014 
0.6508966 
0.6568632 
0.6793442 
0.6864306 
0.6863227 
0.6937980 
0.7008555 
0.7121425 
0.7237167 
0.7341284 
0.7273472 
0.7334695 
0.7363287 
0.7292330 
0.7359005 
0.7379809 
0.7338526 
0.7443434 
0.7497122 
0.7398617 
0.7311897 
0.7390516 
0.7341795 
0.7187689 
0.7131161 
0.6914920 
0.7039560 
0.6841789 
0.6701752 
0.6808631 
0.6894315 
0.6959412 
0.7038823 
0.7045434 
0.7105756 
0.7118623 
0.7314072 
0.7220747 
0.7175346 
0.7212660 
0.7129876 
0.7297870 
0.7494351 
0.7387116 
0.7387731 
0.7343231 
0.7404812 
0.7229608 
0.7219741 
0.7208117 
0.7257290 
0.7207592 
0.7311742 
0.7045255 
0.7190653 
0.7235467 
0.7363145 
0.7454686 
0.7403831 
0.7351541 
0.7543162 
0.7600569 
0.7736292 
0.7716352 
0.7662841 
0.7718840 
0.7824200 
0.7850519 
0.7775679 
0.7726228 
0.7667085 
0.7799703 
0.7732889 
0.7646113 
0.7540128 
0.7448606 
0.7464829 
0.7486649 
0.7570397 
0.7528962 
0.7553905 
0.7621073 
0.7668808 
0.7708900 
0.7764846 
0.7877503 
0.7957752 
0.8137822 
0.8105146 
0.7999830 
0.7954965 
0.7978631 
0.7935117 
0.7819661 
0.7746526 
0.7674353 
0.7647938 
0.7600111 
0.7674903 
0.7752823 
0.7769123 
0.7603551 
0.7604371 
0.7817061 
0.7807098 
0.7844049 
0.7882481 
0.7866780 
0.7785998 
0.7946175 
0.7818155 
0.7917855 
0.7845330 
0.7775324 
0.7683624 
0.7672837 
0.7556365 
0.7629860 
0.7479825 
0.7478889 
0.7423735 
0.7494607 
0.7530351 
0.7648717 
0.7656993 
0.7614167 
0.7584157 
0.7553141 
0.7550646 
0.7498957 
0.7749618 
0.7616855 
0.7590092 
0.7544387 
0.7549554 
0.7671418 
0.7688939 
0.7595853 
0.7598477 
0.7548227 
0.7465939 
0.7413430 
0.7367798 
0.7427096 
0.7368428 
0.7341379 
0.7511950 
0.7562496 
0.7653055 
0.7580509 
0.7586360 
0.7446350 
0.7466727 
0.7553737 
0.7751811 
0.7734841 
0.7500984 
0.7453352 
0.7247495 
0.7177134 
0.7179058 
0.7114409 
0.7037045 
0.6850849 
0.6852004 
0.6828776 
0.6806655 
0.6810374 
0.6913224 
0.6865479 
0.6927957 
0.7004696 
0.7120001 
0.7180990 
0.7338062 
0.7279871 
0.7344584 
0.7265767 
0.7242661 
0.7132900 
0.7079793 
0.7043683 
0.7136272 
0.7170640 
0.7239433 
0.7286811 
0.7286363 
0.7378367 
0.7465550 
0.7423229 
0.7439214 
0.7487077 
0.7660011 
0.7890545 
0.7899833 
0.8104783 
0.8216913 
0.8159954 
0.8485329 
0.8462317 
0.8490119 
0.8441304 
0.8307582 
0.8241186 
0.8161809 
0.8199074 
0.8015932 
0.8011783 
0.8073074 
0.8088594 
0.8194208 
0.8346421 
0.8441514 
0.8527153 
0.8623950 
0.8608340 
0.8526907 
0.8606888 
0.8629200 
0.8687638 
0.8512005 
0.8575753 
0.8509011 
0.8492237 
0.8494533 
0.8521673 
0.8399739 
0.8337560 
0.8360940 
0.8323111 
0.8266431 
0.8221756 
0.8288805 
0.8246391 
0.8170063 
0.7972175 
0.7934153 
0.7848606 
0.7975959 
0.7859234 
0.7858684 
0.7919941 
0.8030280 
0.8061413 
0.8139263 
0.8105423 
0.7882845 
0.7922697 
0.8018025 
0.7841694 
0.7834151 
0.7793582 
0.7725056 
0.7631283 
0.7487555 
0.7517611 
0.7531492 
0.7566894 
0.7608542 
0.7807367 
0.7894339 
0.7782828 
0.7818346 
0.7807201 
0.7762920 
0.7716801 
0.7717859 
0.7870648 
0.7864514 
0.7904814 
0.7829578 
0.7839562 
0.7861731 
0.8022600 
0.7980963 
0.8030257 
0.8020533 
0.8021450 
0.8067695 
0.7962267 
0.7899039 
0.7896850 
0.7751868 
0.7690730 
0.7741111 
0.7924790 
0.7892442 
0.7846882 
0.7819038 
0.7823915 
0.7756344 
0.7807779 
0.7593738 
0.7561609 
0.7484189 
0.7454148 
0.7450243 
0.7371437 
0.7391256 
0.7332644 
0.7240302 
0.7255114 
0.7233029 
0.7131649 
0.7136706 
0.7103063 
0.7049489 
0.7056635 
0.7367154 
0.7370898 
0.7430328 
0.7355407 
0.7274386 
0.7280318 
0.7261629 
0.7087202 
0.7184848 
0.7145052 
0.7193650 
0.7065218 
0.7120384 
0.7102739 
0.7138805 
0.7131848 
0.7215275 
0.7113365 
0.7161007 
0.7093085 
0.7012411 
0.7031200 
0.7062722 
0.7076389 
0.7145995 
0.7109892 
0.7015971 
0.6931906 
0.7419613 
0.7548566 
0.7623554 
0.7633135 
0.7615041 
0.7586946 
0.7591314 
0.7568734 
0.7470692 
0.7479524 
0.7409029 
0.7381803 
0.7339491 
0.7414246 
0.7388617 
0.7309538 
0.7433414 
0.7397454 
0.7496695 
0.7418447 
0.7361664 
0.7316950 
0.7219673 
0.7212138 
0.7123134 
0.7233431 
0.7345727 
0.7278786 
0.7286398 
0.7193210 
0.7272899 
0.7171750 
0.7090139 
0.6937364 
0.6738708 
0.6790991 
0.6897548 
0.6823621 
0.6868104 
0.6774259 
0.6831778 
0.6813228 
0.6831128 
0.6778206 
0.6674285 
0.6745940 
0.6797595 
0.6916345 
0.6897350 
0.6902263 
0.6944532 
0.6879766 
0.6930071 
0.6899411 
0.7030933 
0.7055599 
0.7102489 
0.7183109 
0.6892199 
0.6998333 
0.6846101 
0.6900868 
0.6944019 
0.6962478 
0.6942153 
0.6860237 
0.6799316 
0.6662095 
0.6658275 
0.6734180 
0.6783445 
0.6764311 
0.6784623 
0.6880575 
0.6971973 
0.7046000 
0.7012761 
0.6928910 
0.6813187 
0.7027156 
0.7085085 
0.7098399 
0.7146106 
0.7221289 
0.7318190 
0.7406958 
0.7520909 
0.7599523 
0.7587306 
0.7577751 
0.7536677 
0.7563144 
0.7523707 
0.7836094 
0.7889405 
0.7927250 
0.7941739 
0.7867742 
0.7756126 
0.7784469 
0.7855652 
0.7879547 
0.7740693 
0.7677691 
0.7624809 
0.7519206 
0.7534206 
0.7575857 
0.7610703 
0.7571981 
0.7512700 
0.7367293 
0.7375746 
0.7547556 
0.7648934 
0.7716492 
0.7794452 
0.7716980 
0.7620861 
0.7514037 
0.7511873 
0.7466233 
0.7462109 
0.7346389 
0.7292962 
0.7155828 
0.7236984 
0.7294221 
0.7473772 
0.7471013 
0.7374959 
0.7200440 
0.7126194 
0.7113117 
0.6981250 
0.6817802 
0.6760142 
0.6655264 
0.6449880 
0.6512282 
0.6437799 
0.6410790 
0.6541427 
0.6594318 
0.6410850 
0.6477958 
0.6293240 
0.6217242 
0.6315550 
0.6281615 
0.6186714 
0.6143383 
0.5909855 
0.5946456 
0.5953928 
0.5990552 
0.5976472 
0.6060125 
0.5938469 
0.5948178 
0.6058958 
0.5977384 
0.5918498 
0.5893272 
0.5798983 
0.5832416 
0.5837605 
0.5923902 
0.6060165 
0.6115610 
0.6075074 
0.6046392 
0.6006578 
0.6011915 
0.6029661 
0.6037014 
0.6094984 
0.6101157 
0.5967291 
0.5842319 
0.5867447 
0.5838789 
0.5872313 
0.5945804 
0.6058652 
0.6103424 
0.6057138 
0.6209846 
0.6185992 
0.6295823 
0.6301052 
0.6073882 
0.5946623 
0.5818390 
0.5661277 
0.5636845 
0.5654292 
0.5819816 
0.5975270 
0.6097942 
0.6107701 
0.6060919 
0.6005717 
0.5964178 
0.5969507 
0.6228087 
0.6475388 
0.6692493 
0.6701876 
0.6730084 
0.6654774 
0.6484776 
0.6286729 
0.6270153 
0.6277039 
0.6299836 
0.6196066 
0.6091810 
0.5955362 
0.5880842 
0.5846996 
0.5870720 
0.5850825 
0.5992732 
0.6129461 
0.6318080 
0.6514654 
0.6521355 
0.6567539 
0.6531064 
0.6502250 
0.6455999 
0.6440974 
0.6417361 
0.6360884 
0.6346396 
0.6265386 
0.6135807 
0.6239291 
0.6351904 
0.6288281 
0.6399449 
0.6429755 
0.6593008 
0.6504442 
0.6488531 
0.6492203 
0.6538085 
0.6518481 
0.6443998 
0.6421575 
0.6434739 
0.6404432 
0.6362489 
0.6481869 
0.6373548 
0.6370084 
0.6455746 
0.6316056 
0.6310085 
0.6304621 
0.6304033 
0.6228461 
0.6072753 
0.6013487 
0.6022400 
0.5929536 
0.5886661 
0.5696467 
0.5910250 
0.5794032 
0.5802264 
0.5971409 
0.6073670 
0.6247106 
0.6210066 
0.6158449 
0.6027814 
0.5929782 
0.5911591 
0.5824357 
0.5721016 
0.5694132 
0.5603814 
0.5468622 
0.5422114 
0.5351683 
0.5425711 
0.5367513 
0.5421338 
0.5618938 
0.5685755 
0.5660671 
0.5664295 
0.5675053 
0.5625885 
0.5550789 
0.5667840 
0.5736840 
0.5735653 
0.5797148 
0.5615739 
0.5322379 
0.5330840 
0.5369050 
0.5492610 
0.5653006 
0.5604317 
0.5682553 
0.5649846 
0.5529259 
0.5406526 
0.5331307 
0.5400689 
0.5249757 
0.5199850 
0.5141619 
0.5212938 
0.5271471 
0.5313522 
0.5440056 
0.5437824 
0.5368100 
0.5444776 
0.5360054 
0.5375443 
0.5346200 
0.5335486 
0.5247921 
0.5249238 
0.5302929 
0.5379878 
0.5502424 
0.5525999 
0.5603652 
0.5497050 
0.5427616 
0.5449082 
0.5542639 
0.5517474 
0.5603144 
0.5502569 
0.5422127 
0.5603105 
0.5615740 
0.5872548 
0.5848220 
0.5965466 
0.6053883 
0.6097905 
0.6186635 
0.6382635 
0.6452230 
0.5836511 
0.5731310 
0.5699339 
0.5719040 
0.5598426 
0.5605780 
0.5550779 
0.5516793 
0.5648218 
0.5671467 
0.5566302 
0.5594996 
0.5580446 
0.5531065 
0.5526240 
0.5643869 
0.5721123 
0.5689156 
0.5334070 
0.5385721 
0.5279769 
0.5119512 
0.5176969 
0.5236529 
0.5106965 
0.5106967 
0.5091029 
0.5080008 
0.5286238 
0.5349153 
0.5407812 
0.5411513 
0.5171903 
0.5200308 
0.5331746 
0.5555086 
0.5503985 
0.5559736 
0.5588045 
0.5498003 
0.5345936 
0.5085048 
0.5101733 
0.5187883 
0.5068283 
0.5205855 
0.5195742 
0.5142733 
0.5174772 
0.5219718 
0.5186365 
0.5206320 
0.5308315 
0.5388343 
0.5030691 
0.4916405 
0.4990279 
0.5008795 
0.5092047 
0.5129915 
0.5246428 
0.5350681 
0.5386435 
0.5318965 
0.5322779 
0.5444031 
0.5473226 
0.5388515 
0.5398126 
0.5504918 
0.5484572 
0.5487696 
0.5504012 
0.5407460 
0.5255813 
0.5110316 
0.5201318 
0.5203188 
0.5209929 
0.5276381 
0.5358334 
0.5530031 
0.5610124 
0.5549040 
0.5402014 
0.5393712 
0.5426553 
0.5460051 
0.5560869 
0.5474987 
0.5530859 
0.5674991 
0.5702767 
0.5629168 
0.5474487 
0.5361668 
0.5287980 
0.5206048 
0.5124198 
0.5206722 
0.5293720 
0.5385438 
0.5365788 
0.5407860 
0.5436370 
0.5445265 
0.5663701 
0.5659808 
0.5531251 
0.5469671 
0.5540495 
0.5582764 
0.5664227 
0.5720824 
0.5657464 
0.5635749 
0.5561119 
0.5605344 
0.5716112 
0.5801463 
0.5796354 
0.5658411 
0.5551974 
0.5484025 
0.5535545 
0.5571711 
0.5666634 
0.5745497 
0.5741358 
0.5678193 
0.5649840 
0.5633496 
0.5576816 
0.5386093 
0.5264673 
0.5210865 
0.5151028 
0.5161046 
0.5247294 
0.5143997 
0.5079014 
0.5259747 
0.5458851 
0.5659193 
0.5659990 
0.5752864 
0.5882788 
0.5874839 
0.5861874 
0.5947623 
0.5812922 
0.5852467 
0.5835650 
0.5852033 
0.5888753 
0.5891441 
0.5795787 
0.5715892 
0.5723465 
0.5585214 
0.5542033 
0.5423478 
0.5467518 
0.5701782 
0.5642343 
0.5641099 
0.5633217 
0.5714550 
0.5681520 
0.5654358 
0.5584953 
0.5541432 
0.5546892 
0.5606005 
0.5546610 
0.5644627 
0.5620771 
0.5647785 
0.5773930 
0.5827361 
0.6137144 
0.6230110 
0.6283311 
0.6256119 
0.5880808 
0.5428608 
0.5467603 
0.5522358 
0.5478502 
0.5494096 
0.5368450 
0.5300400 
0.5273718 
0.5271188 
0.5309745 
0.5261832 
0.5195701 
0.5240202 
0.5287298 
0.5175878 
0.5185131 
0.5140038 
0.5213937 
0.5304534 
0.5299829 
0.5298167 
0.5347780 
0.5342548 
0.5355121 
0.5361437 
0.5468180 
0.5541875 
0.5674635 
0.5545682 
0.5536162 
0.5568925 
0.5538555 
0.5620642 
0.5701276 
0.5752716 
0.5757077 
0.5572154 
0.5504912 
0.5520366 
0.5686669 
0.5702692 
0.5770717 
0.5723986 
0.5794757 
0.5912218 
0.5876488 
0.5767502 
0.5814576 
0.5873806 
0.6039019 
0.6191770 
0.6285500 
0.6187428 
0.5964885 
0.5912201 
0.5928526 
0.5844180 
0.6071543 
0.6000251 
0.5930871 
0.5781424 
0.5737824 
0.5696630 
0.5645203 
0.5645985 
0.5712535 
0.5835967 
0.5989386 
0.5945343 
0.5820010 
0.5918596 
0.5830606 
0.5682859 
0.5770653 
0.5846336 
0.5890030 
0.5808936 
0.5647968 
0.5525362 
0.5515187 
0.5474143 
0.5398165 
0.5330395 
0.5260158 
0.5039672 
0.4791067 
0.4808281 
0.4861291 
0.4931108 
0.5074877 
0.5257839 
0.5222714 
0.5261244 
0.5263909 
0.5320370 
0.5514795 
0.5448544 
0.5436401 
0.5444278 
0.5455618 
0.5534135 
0.5445437 
0.5363630 
0.5410501 
0.5629108 
0.5621585 
0.5532116 
0.5443697 
0.5360370 
0.5275310 
0.5263439 
0.5214560 
0.5399715 
0.5488162 
0.5578119 
0.5529872 
0.5327986 
0.5208510 
0.5097391 
0.5545796 
0.5657099 
0.5806409 
0.5847919 
0.5875186 
0.5854009 
0.5931448 
0.5938167 
0.5962842 
0.6035271 
0.6140024 
0.6250796 
0.6083976 
0.5918824 
0.5691450 
0.5611686 
0.5530007 
0.5553144 
0.5620902 
0.5685763 
0.5743786 
0.5638022 
0.5568760 
0.5532122 
0.5532291 
0.5683461 
0.5767983 
0.5835868 
0.5761955 
0.5627342 
0.5575259 
0.5608627 
0.5817360 
0.5756699 
0.5830447 
0.5912752 
0.6014497 
0.5888914 
0.5703606 
0.5641341 
0.5642408 
0.5538580 
0.5600092 
0.5557911 
0.5569049 
0.5568752 
0.5696929 
0.5625971 
0.5599866 
0.5629582 
0.5563459 
0.5562119 
0.5598264 
0.5728207 
0.5729790 
0.5782894 
0.5793229 
0.5754030 
0.5898646 
0.6094383 
0.6041532 
0.6021099 
0.5975950 
0.5852092 
0.5843676 
0.5788407 
0.5932809 
0.5759299 
0.5737371 
0.5729061 
0.5530110 
0.5469620 
0.5571602 
0.5679330 
0.5734684 
0.5517105 
0.5597415 
0.5507443 
0.5498340 
0.5583990 
0.5561265 
0.5583530 
0.5608035 
0.5567889 
0.5401829 
0.5393922 
0.5424977 
0.5360953 
0.5375951 
0.5173609 
0.5342477 
0.5305778 
0.5522510 
0.5638757 
0.5668396 
0.5759511 
0.5853191 
0.5895897 
0.5972376 
0.5869144 
0.5823258 
0.5752504 
0.5814422 
0.5720913 
0.5666909 
0.5760460 
0.5566181 
0.5513838 
0.5548739 
0.5534483 
0.5419377 
0.5286124 
0.5238081 
0.5350467 
0.5527696 
0.5621392 
0.5846451 
0.5981694 
0.5983031 
0.5964732 
0.5963010 
0.5842253 
0.5730079 
0.5656664 
0.5574150 
0.5452417 
0.5420570 
0.5466024 
0.5385799 
0.5358361 
0.5364928 
0.5372610 
0.5498657 
0.5597798 
0.5584846 
0.5404496 
0.5324403 
0.5219695 
0.5238089 
0.5292265 
0.5372430 
0.5476903 
0.5425158 
0.5331483 
0.5224062 
0.5168411 
0.5165412 
0.5379143 
0.5422689 
0.5646876 
0.5716263 
0.5708884 
0.5703845 
0.5740865 
0.5732494 
0.5700428 
0.5650259 
0.5679491 
0.5718026 
0.5734563 
0.5724626 
0.5748266 
0.5676349 
0.5496741 
0.5402096 
0.5324346 
0.5206472 
0.5068295 
0.5064292 
0.5171701 
0.5377382 
0.5366535 
0.5343388 
0.5556423 
0.5619453 
0.5557449 
0.5517384 
0.5567550 
0.5386192 
0.5499481 
0.5359774 
0.5299017 
0.5360967 
0.5422723 
0.5435008 
0.5436548 
0.5552426 
0.5665158 
0.5689143 
0.5624031 
0.5784455 
0.5827771 
0.5788510 
0.5826655 
0.5894464 
0.5805938 
0.5704769 
0.5708903 
0.5598588 
0.5540240 
0.5655873 
0.5628112 
0.5721705 
0.5767252 
0.5750669 
0.5757966 
0.5763954 
0.5542294 
0.5497074 
0.5569461 
0.5518231 
0.5385694 
0.5362251 
0.5364586 
0.5419319 
0.5242738 
0.5092708 
0.5073157 
0.5041215 
0.5117297 
0.5116006 
0.5144276 
0.5190291 
0.5289233 
0.5290395 
0.5383202 
0.5555606 
0.5446085 
0.5432127 
0.5418407 
0.5379028 
0.5334736 
0.5229386 
0.5226471 
0.5106003 
0.5103688 
0.5052304 
0.4961245 
0.4977641 
0.4973271 
0.5002285 
0.5100153 
0.5044226 
0.5067780 
0.5041911 
0.5014023 
0.4862258 
0.4752462 
0.4757475 
0.4808031 
0.4782915 
0.4765020 
0.4787621 
0.4819928 
0.4916661 
0.5012537 
0.4894530 
0.4874809 
0.4894893 
0.4790506 
0.4823380 
0.4726463 
0.4747041 
0.4720363 
0.4763356 
0.4780513 
0.4714539 
0.4653015 
0.4625421 
0.4567179 
0.4469616 
0.4515063 
0.4555845 
0.4556027 
0.4642525 
0.4609319 
0.4613847 
0.4609223 
0.4490391 
0.4523523 
0.4626244 
0.4607547 
0.4703637 
0.4708867 
0.4531335 
0.4326444 
0.4447337 
0.4501081 
0.4507980 
0.4589682 
0.4623290 
0.4564862 
0.4482016 
0.4521192 
0.4467153 
0.4606484 
0.4586896 
0.4403458 
0.4270618 
0.4121036 
0.4184589 
0.4140970 
0.4187738 
0.4177651 
0.4241172 
0.4116513 
0.3980075 
0.3977417 
0.3912774 
0.3988133 
0.4062813 
0.4213619 
0.4475821 
0.4538970 
0.4604366 
0.4514696 
0.4517061 
0.4349625 
0.4300722 
0.4234852 
0.4272254 
0.4194278 
0.4218470 
0.4212414 
0.4215598 
0.4174025 
0.4184083 
0.4106025 
0.4055200 
0.4165586 
0.4154349 
0.3983102 
0.4044119 
0.4112649 
0.4233307 
0.4296924 
0.4279342 
0.4225704 
0.4201602 
0.4127862 
0.4105131 
0.4206676 
0.4406485 
0.4509057 
0.4470241 
0.4494217 
0.4558418 
0.4523231 
0.4504782 
0.4507977 
0.4533183 
0.4546279 
0.4632354 
0.4617978 
0.4428686 
0.4243112 
0.4287433 
0.4401112 
0.4457974 
0.4552903 
0.4394564 
0.4385639 
0.4420563 
0.4362008 
0.4335246 
0.4247660 
0.4294598 
0.4276061 
0.4125114 
0.4127655 
0.4300585 
0.4432627 
0.4342988 
0.4419861 
0.4377148 
0.4402580 
0.4392196 
0.4283474 
0.4253031 
0.3988602 
0.3900753 
0.3807657 
0.3891316 
0.3962007 
0.3986897 
0.4056752 
0.3985610 
0.4000198 
0.4009639 
0.4042564 
0.3957490 
0.4119901 
0.4143447 
0.4183858 
0.4122738 
0.4061283 
0.3909813 
0.3933987 
0.3853206 
0.3632010 
0.3534598 
0.3617763 
0.3629267 
0.3673195 
0.3659153 
0.3767068 
0.3895024 
0.3894202 
0.3929441 
0.3924461 
0.3801713 
0.3779099 
0.3787785 
0.3749070 
0.3669218 
0.3814657 
0.3731652 
0.3684220 
0.3837799 
0.3887712 
0.3870522 
0.3788291 
0.3803693 
0.3951523 
0.3914082 
0.4081696 
0.4218363 
0.4228899 
0.4304600 
0.4210591 
0.4123308 
0.4122342 
0.3933033 
0.3828838 
0.3789659 
0.3843266 
0.3857983 
0.3866344 
0.3848463 
0.3828498 
0.3882402 
0.3929211 
0.3945531 
0.4012901 
0.4080877 
0.4144218 
0.4367400 
0.4315712 
0.4297978 
0.4309586 
0.4371977 
0.4427812 
0.4199766 
0.4180425 
0.4230657 
0.4131103 
0.4162679 
0.4129100 
0.4227084 
0.4271140 
0.4278722 
0.4331707 
0.4344832 
0.4447428 
0.4417049 
0.4245407 
0.4163270 
0.4213511 
0.4153080 
0.4225608 
0.4055586 
0.4201581 
0.4135889 
0.4131399 
0.4106737 
0.4089582 
0.4228640 
0.4187195 
0.4256483 
0.4123264 
0.4301135 
0.4406820 
0.4549153 
0.4560179 
0.4588902 
0.4570166 
0.4576717 
0.4482039 
0.4430300 
0.4331910 
0.4320642 
0.4323725 
0.4452485 
0.4372274 
0.4343290 
0.4397820 
0.4383269 
0.4450420 
0.4490716 
0.4533253 
0.4379264 
0.4562975 
0.4620774 
0.4645538 
0.4546185 
0.4559261 
0.4534040 
0.4345388 
0.4375357 
0.4344292 
0.4307327 
0.4302055 
0.4202535 
0.4344087 
0.4259937 
0.4413572 
0.4502049 
0.4541158 
0.4630906 
0.4451043 
0.4316646 
0.4347924 
0.4347854 
0.4337218 
0.4212071 
0.4012010 
0.3736019 
0.3669700 
0.3708884 
0.3726133 
0.3838616 
0.3857641 
0.3908203 
0.3975752 
0.4017798 
0.4014730 
0.3958478 
0.3953198 
0.3763309 
0.3750659 
0.3647258 
0.3478545 
0.3424828 
0.3454346 
0.3500193 
0.3523802 
0.3576167 
0.3656585 
0.3743091 
0.3826556 
0.3823282 
0.3786943 
0.3753863 
0.3718088 
0.3836272 
0.3825115 
0.3891911 
0.3972998 
0.3962119 
0.3917061 
0.3887042 
0.3712875 
0.3665266 
0.3638631 
0.3516055 
0.3437386 
0.3371953 
0.3464528 
0.3586375 
0.3726822 
0.3763891 
0.3828078 
0.3726022 
0.3510679 
0.3478250 
0.3378665 
0.3365567 
0.3310140 
0.3337836 
0.3319212 
0.3303022 
0.3361870 
0.3245201 
0.3187280 
0.3310131 
0.3190911 
0.3290627 
0.3190472 
0.3231534 
0.3413264 
0.3425415 
0.3472442 
0.3428416 
0.3422819 
0.3507500 
0.3463532 
0.3279388 
0.3112474 
0.3042310 
0.3058577 
0.3140224 
0.3375991 
0.3549062 
0.3704823 
0.3844155 
0.3952825 
0.4175102 
0.4078395 
0.4150230 
0.4166741 
0.4055113 
0.4132503 
0.4168956 
0.4116790 
0.4267530 
0.4328908 
0.4411054 
0.4397643 
0.4321214 
0.4411013 
0.4385443 
0.4298063 
0.4144531 
0.4192593 
0.4025312 
0.4285137 
0.4307598 
0.4366554 
0.4428609 
0.4422372 
0.4322448 
0.4185157 
0.4205387 
0.3983453 
0.3859824 
0.3919796 
0.3741582 
0.3762926 
0.3727873 
0.3899838 
0.3944525 
0.3968647 
0.3881192 
0.3997339 
0.3831425 
0.3905618 
0.3925985 
0.3793804 
0.3784518 
0.3955987 
0.3920874 
0.3657562 
0.3648526 
0.3766976 
0.3806822 
0.3759212 
0.3591280 
0.3445575 
0.3653084 
0.3490916 
0.3509484 
0.3640070 
0.3721470 
0.3749953 
0.3812455 
0.4030196 
0.4101330 
0.4155498 
0.4030613 
0.3991678 
0.3944953 
0.3983998 
0.3985177 
0.3875044 
0.4034789 
0.4014146 
0.3935436 
0.3835684 
0.3821872 
0.3874888 
0.3805346 
0.3656115 
0.3798906 
0.3759618 
0.3748256 
0.3647750 
0.3569471 
0.3757196 
0.3718945 
0.3679188 
0.3752727 
0.3518358 
0.3261515 
0.3145606 
0.3176075 
0.3189020 
0.3181760 
0.3226110 
0.3139937 
0.3178940 
0.3188482 
0.3019076 
0.3216222 
0.3107030 
0.3043999 
0.3158550 
0.3263577 
0.3299841 
0.3270010 
0.3023933 
0.3187547 
0.3254945 
0.3271275 
0.3354400 
0.3194692 
0.3087872 
0.3080663 
0.2944369 
0.3166429 
0.3179246 
0.3148095 
0.3296929 
0.3250321 
0.3251056 
0.3160621 
0.3085277 
0.3239345 
0.3150183 
0.3205341 
0.3407325 
0.3327365 
0.3423146 
0.3426387 
0.3276556 
0.3394906 
0.3542711 
0.3659266 
0.3647262 
0.3536004 
0.3497928 
0.3545110 
0.3514701 
0.3625759 
0.3759182 
0.3854116 
0.3930454 
0.3832744 
0.3709339 
0.3606668 
0.3524133 
0.3408609 
0.3315309 
0.3352633 
0.3182991 
0.3088933 
0.2972120 
0.2866587 
0.2603437 
0.2565768 
0.2594998 
0.2631839 
0.2586020 
0.2677294 
0.2676707 
0.2695566 
0.2698315 
0.2798636 
0.2867082 
0.2896216 
0.3074715 
0.3042175 
0.3196869 
0.3343312 
0.3412917 
0.3514307 
0.3520740 
0.3395096 
0.3399215 
0.3449315 
0.3458669 
0.3383639 
0.3378926 
0.3297906 
0.3243976 
0.3063351 
0.3103449 
0.2934236 
0.2805307 
0.2682022 
0.2835710 
0.2723905 
0.2576508 
0.2359760 
0.2311523 
0.2294668 
0.2245306 
0.2369042 
0.2372380 
0.2446544 
0.2554469 
0.2604241 
0.2606845 
0.2812859 
0.2889276 
0.2899767 
0.2965136 
0.3041377 
0.3027431 
0.3132539 
0.3286172 
0.3485369 
0.3494799 
0.3615308 
0.3479239 
0.3698299 
0.3676743 
0.3589025 
0.3515876 
0.3438278 
0.3350926 
0.3358442 
0.3464824 
0.3538752 
0.3739114 
0.3585534 
0.2982148 
0.3026584 
0.2991632 
0.3018511 
0.3236826 
0.3251323 
0.3189464 
0.3388370 
0.3375117 
0.3543315 
0.3532519 
0.3591486 
0.3620795 
0.3440923 
0.3458238 
0.3488300 
0.3321151 
0.3353973 
0.3283456 
0.3281892 
0.3312629 
0.3253316 
0.3326217 
0.3308189 
0.3184289 
0.3182007 
0.3259512 
0.3416279 
0.3497715 
0.3534419 
0.3697873 
0.3656234 
0.3513245 
0.3423487 
0.3401212 
0.3453415 
0.3453702 
0.3322928 
0.3280632 
0.3303331 
0.3097767 
0.3074552 
0.2974367 
0.3035523 
0.3052367 
0.2961974 
0.2947642 
0.2967708 
0.2986101 
0.3155503 
0.3489068 
0.3571919 
0.3514844 
0.3457963 
0.3491303 
0.3530815 
0.3512981 
0.3358996 
0.3465748 
0.3382056 
0.3359671 
0.3336130 
0.3285388 
0.3226900 
0.3056113 
0.3050673 
0.2911083 
0.2886393 
0.2792300 
0.2781594 
0.2755089 
0.2975752 
0.3012982 
0.3119588 
0.3206338 
0.3362121 
0.3431080 
0.3599678 
0.3593916 
0.3667865 
0.3731600 
0.3679121 
0.3764336 
0.3823106 
0.3841935 
0.3830301 
0.3905632 
0.3886044 
0.3758574 
0.3761587 
0.3853853 
0.3671376 
0.3578370 
0.3435405 
0.3365846 
0.3374243 
0.3285814 
0.3231810 
0.3190690 
0.3081326 
0.2968780 
0.2973876 
0.3084967 
0.3075838 
0.3206170 
0.3321826 
0.3281068 
0.3304548 
0.3285307 
0.3335945 
0.3315717 
0.3168365 
0.3101138 
0.3116968 
0.3057093 
0.3060802 
0.3009884 
0.3015219 
0.2930759 
0.2935036 
0.2961392 
0.2966316 
0.3418291 
0.3812768 
0.3877711 
0.3690019 
0.3559252 
0.3474704 
0.3466315 
0.3422194 
0.3324787 
0.3197220 
0.3191653 
0.3201644 
0.3113180 
0.3318673 
0.3395620 
0.3297876 
0.3460275 
0.3509901 
0.3449959 
0.3461386 
0.3391890 
0.3351820 
0.3288817 
0.3214691 
0.3186205 
0.2994110 
0.3027663 
0.3050756 
0.2901289 
0.2920338 
0.3064460 
0.3097629 
0.3067421 
0.2847939 
0.2779751 
0.2685230 
0.2806699 
0.2798708 
0.2645915 
0.2694419 
0.2907298 
0.2862052 
0.2990283 
0.3079626 
0.3194595 
0.3378791 
0.3439986 
0.3383819 
0.3096896 
0.2997495 
0.3046967 
0.2974393 
0.2868198 
0.2791582 
0.2829507 
0.2845013 
0.2817900 
0.2857401 
0.2987000 
0.3001909 
0.2959782 
0.2901121 
0.2928126 
0.2817068 
0.2841678 
0.2578374 
0.2442762 
0.2372747 
0.2261201 
0.2356626 
0.2305200 
0.2397002 
0.2424317 
0.2556047 
0.2592471 
0.2565752 
0.2564715 
0.2441290 
0.2287120 
0.2341300 
0.2428096 
0.2389733 
0.2709411 
0.2794156 
0.2639919 
0.2532875 
0.2607425 
0.2654565 
0.2511516 
0.2642881 
0.2549462 
0.2558507 
0.2563087 
0.2536807 
0.2381643 
0.2187368 
0.2234080 
0.2318223 
0.2164066 
0.2263130 
0.2339704 
0.2441069 
0.2517348 
0.2557332 
0.2536495 
0.2352313 
0.2365899 
0.2292115 
0.2194276 
0.2217123 
0.2103025 
0.2047879 
0.2121281 
0.2184312 
0.2129695 
0.2228328 
0.2351388 
0.2439720 
0.2622002 
0.2551214 
0.2534739 
0.2528231 
0.2563031 
0.2521621 
0.2483924 
0.2430954 
0.2461462 
0.2308242 
0.2010525 
0.1921093 
0.1810578 
0.1888679 
0.1912021 
0.1949173 
0.2076661 
0.2059433 
0.1959818 
0.1952729 
0.1947414 
0.2130373 
0.2180701 
0.2163778 
0.2135312 
0.2073401 
0.2081357 
0.2068771 
0.2064525 
0.1982090 
0.1911647 
0.2019708 
0.2062549 
0.2069061 
0.2183620 
0.2145007 
0.2209914 
0.2137848 
0.2249269 
0.2414238 
0.2439762 
0.1990209 
0.1972837 
0.2064145 
0.2024231 
0.2113509 
0.2297617 
0.2409524 
0.2253077 
0.2299360 
0.2273857 
0.2153036 
0.2076634 
0.1898017 
0.1673752 
0.1591669 
0.1507363 
0.1504273 
0.1539959 
0.1506194 
0.1547655 
0.1557246 
0.1473987 
0.1456137 
0.1375002 
0.1202638 
0.1297605 
0.1297636 
0.1168452 
0.1223952 
0.1408232 
0.1718457 
0.1867304 
0.1768198 
0.1817497 
0.1852592 
0.1740033 
0.1772327 
0.1788883 
0.1700984 
0.1739799 
0.1721251 
0.1608810 
0.1636607 
0.1623860 
0.1563186 
0.1641555 
0.1676150 
0.1771522 
0.1600416 
0.1651346 
0.1771922 
0.1815439 
0.1880225 
0.1899726 
0.2048097 
0.1994914 
0.1839301 
0.1779221 
0.1876757 
0.1771462 
0.1743001 
0.1908477 
0.1925320 
0.1917435 
0.1797181 
0.1788709 
0.1676979 
0.1427202 
0.1228189 
0.1145192 
0.1182448 
0.1030549 
0.1044736 
0.1351811 
0.1500842 
0.1745404 
0.1949025 
0.2080981 
0.2230272 
0.2345662 
0.2245305 
0.2306639 
0.2089398 
0.1919357 
0.1788792 
0.1801941 
0.1679606 
0.1460548 
0.1491802 
0.1440118 
0.1460970 
0.1680635 
0.1912735 
0.2018579 
0.2084577 
0.2102240 
0.1993861 
0.2002482 
0.1898016 
0.1805878 
0.1567775 
0.1390807 
0.1372659 
0.1464568 
0.1600716 
0.1721460 
0.1867117 
0.1918502 
0.2134445 
0.2142278 
0.2145413 
0.2041118 
0.1967894 
0.1675364 
0.1563500 
0.1371314 
0.1221750 
0.1120199 
0.1108056 
0.1152344 
0.1371411 
0.1595042 
0.1799280 
0.2065748 
0.2271825 
0.2277575 
0.2173182 
0.2038982 
0.1888825 
0.1508689 
0.1295509 
0.1103588 
0.0849115 
0.0636854 
0.0612319 
0.0593896 
0.0733044 
0.0938142 
0.1153522 
0.1389222 
0.1524894 
0.1590924 
0.1538616 
0.1439074 
0.1333895 
0.1224315 
0.1120376 
0.0941451 
0.0686934 
0.0556959 
0.0578255 
0.0603625 
0.0642380 
0.0832950 
0.1035862 
0.1249178 
0.1378112 
0.1499453 
0.1328225 
0.1312260 
0.1146496 
0.1016078 
0.0930760 
0.0699010 
0.0524754 
0.0630311 
0.0559671 
0.0516484 
0.0663965 
0.0986342 
0.1321922 
0.1587530 
0.1827136 
0.1969669 
0.1964210 
0.1940311 
0.1805743 
0.1662587 
0.1590653 
0.1474102 
0.1260956 
0.1021116 
0.0982325 
0.0862795 
0.0837056 
0.0878226 
0.1113417 
0.1158150 
0.1346176 
0.1530913 
0.1622397 
0.1508524 
0.1517094 
0.1610998 
0.1547412 
0.1237849 
0.1238585 
0.1116422 
0.0828116 
0.0662426 
0.0454224 
0.0410804 
0.0610176 
0.0536034 
0.0698799 
0.0733895 
0.0904327 
0.0778198 
0.0810730 
0.0945104 
0.0823987 
0.0643535 
0.0628303 
0.0376060 
0.0467673 
0.0487390 
0.0425003 
0.0431512 
0.0425124 
0.0562746 
0.0533794 
0.0614298 
0.0742976 
0.0946515 
0.1092857 
0.1124372 
0.1207084 
0.1242146 
0.1236133 
0.1136215 
0.0957013 
0.0920784 
0.0757533 
0.0678350 
0.0485715 
0.0519904 
0.0576754 
0.0664340 
0.0914192 
0.0947994 
0.1041291 
0.1122323 
0.1247696 
0.1132296 
0.1152266 
0.1118079 
0.0888751 
0.0732468 
0.0689815 
0.0762170 
0.0596758 
0.0659564 
0.0704256 
0.0750287 
0.0782102 
0.0755893 
0.0790033 
0.0778491 
0.0816561 
0.1128043 
0.1111801 
0.0952827 
0.0962927 
0.0846366 
0.0795137 
0.0836204 
0.0910098 
0.0827097 
0.1037115 
0.1023656 
0.0981914 
0.0950736 
0.0958795 
0.0957714 
0.1069303 
0.0822053 
0.0830254 
0.0780969 
0.0828356 
0.0773892 
0.0850692 
0.0747904 
0.0880664 
0.0759312 
0.0783312 
0.0987162 
0.0949619 
0.0862870 
0.0885261 
0.1072859 
0.1031646 
0.1184614 
0.1159740 
0.1370875 
0.1019654 
0.0968799 
0.0990665 
0.1001845 
0.1075291 
0.1068610 
0.1153134 
0.1120069 
0.1164482 
0.1151357 
0.1160584 
0.1186639 
0.1291564 
0.1279504 
0.1188746 
0.1170112 
0.1226278 
0.1184753 
0.1294873 
0.1217550 
0.1058619 
0.1116283 
0.1052025 
0.1120500 
0.0931749 
0.1035198 
0.0991597 
0.1008144 
0.1100277 
0.1141332 
0.1400674 
0.1313185 
0.1225675 
0.1132531 
0.1103088 
0.1038276 
0.1062698 
0.1061962 
0.1078013 
0.1087324 
0.1226034 
0.1134629 
0.1164394 
0.1187217 
0.1238194 
0.1414137 
0.1374894 
0.1310296 
0.1427057 
0.1187908 
0.1238642 
0.1340858 
0.1284511 
0.1456311 
0.1279073 
0.1203678 
0.1182588 
0.1256760 
0.1233671 
0.1267950 
0.1311632 
0.1296648 
0.1326752 
0.1302453 
0.1326049 
0.1321519 
0.1162216 
0.1060894 
0.1129132 
0.1115958 
0.1135374 
0.1030211 
0.1017488 
0.1033898 
0.1199737 
0.1294662 
0.1233590 
0.1175024 
0.1175232 
0.1239890 
0.1250080 
0.1273843 
0.1233457 
0.1191650 
0.1032067 
0.1171776 
0.1294462 
0.1293172 
0.1332006 
0.1261231 
0.1322454 
0.1336837 
0.1401815 
0.1335276 
0.1252080 
0.1266978 
0.1269557 
0.1149484 
0.1139524 
0.1345125 
0.1290144 
0.1193251 
0.1324312 
0.1345178 
0.1406328 
0.1362431 
0.1296844 
0.1324671 
0.1541474 
0.1557261 
0.1382550 
0.1309179 
0.1284726 
0.1230453 
0.1206547 
0.1162843 
0.1155548 
0.1172691 
0.1176142 
0.1214763 
0.1372914 
0.1249501 
0.1280550 
0.1214730 
0.1192181 
0.1302880 
0.1268632 
0.1140129 
0.1143152 
0.1140424 
0.1149262 
0.1237700 
0.1070042 
0.1124697 
0.1066258 
0.1021547 
0.1020887 
0.1176130 
0.1222797 
0.1212271 
0.1126209 
0.1126437 
0.1027989 
0.0997777 
0.0967525 
0.1001997 
0.1099632 
0.1192536 
0.1323636 
0.1314312 
0.1247432 
0.1309908 
0.1322829 
0.1165855 
0.1276404 
0.1276685 
0.1272132 
0.1297446 
0.1308085 
0.1241578 
0.1143613 
0.1119500 
0.1130935 
0.1102882 
0.0997243 
0.0945895 
0.0972272 
0.1079330 
0.1126825 
0.1075784 
0.0981134 
0.0961294 
0.0937088 
0.0924985 
0.0858104 
0.0929604 
0.0664889 
0.0700405 
0.0739994 
0.0778225 
0.0826812 
0.0843772 
0.0804544 
0.0864555 
0.0930791 
0.1065650 
0.1092151 
0.1130514 
0.1179856 
0.1226636 
0.1085368 
0.1090277 
0.1017971 
0.0957677 
0.0786931 
0.0788787 
0.0816868 
0.0746897 
0.0647542 
0.0739541 
0.0589480 
0.0737715 
0.0745776 
0.0825989 
0.0964895 
0.0883947 
0.1133089 
0.1048359 
0.1167779 
0.1080665 
0.1096210 
0.1082497 
0.0979347 
0.0894884 
0.0846852 
0.0912791 
0.0866932 
0.0773081 
0.0743672 
0.0792113 
0.0865135 
0.0891555 
0.0905662 
0.0823499 
0.0846537 
0.0862219 
0.1031110 
0.1098353 
0.1177744 
0.1012678 
0.1092998 
0.1099877 
0.1068173 
0.1070164 
0.1017873 
0.0953284 
0.0850036 
0.0819347 
0.0827633 
0.0804360 
0.0787187 
0.0874514 
0.0978915 
0.0917111 
0.0970680 
0.0961890 
0.0967145 
0.0938885 
0.1032295 
0.1238207 
0.1413671 
0.2285781 
0.1172184 
0.0963422 
0.0798366 
0.0819093 
0.0733499 
0.0777819 
0.0594401 
0.0523529 
0.0328183 
0.0222980 
0.0155463 
0.0195561 
0.0064572 
0.0033874 
0.0066682 
0.0000000 
0.0153405 
0.0255819 
0.0406288 
0.0387755 
0.0393729 
0.0499030 
0.0383214 
0.0425494 
0.0285045 
0.0435969 
0.0402386 
0.0411067 
0.0299874 
0.0293233 
0.0360611 
0.0388662 
0.0467792 
0.0581596 
0.0408745 
0.0483704 
0.0438359 
0.0399227 
0.0287868 
0.0365665 
0.0429629 
0.0414974 
0.0429627 
0.0558012 
0.0409083 
0.0411964 
0.0348232 
0.0229251 
0.0240891 
0.0179413 
0.0188209 
0.0142750 
0.0068587 
0.0138779 
0.0098844 
0.0031561 
0.0105290 
0.0142983 
0.0099477 
