-0.0001874 
-0.0001717 
-0.0000450 
0.4219940 
0.1027708 
-0.1637181 
0.9284308 
0.9273204 
0.9282238 
0.9323189 
0.9316628 
0.9385793 
0.9449299 
0.9480628 
0.9480523 
0.9478156 
0.9499049 
0.9410335 
0.9386135 
0.9426879 
0.9416441 
0.9350373 
0.9363490 
0.9455638 
0.9474215 
0.9461931 
0.9448927 
0.9478379 
0.9422342 
0.9425339 
0.9384752 
0.9308599 
0.9342470 
0.9322129 
0.9363519 
0.9346685 
0.9304400 
0.9313955 
0.9331805 
0.9286228 
0.9281579 
0.9321036 
0.9375894 
0.9395764 
0.9321005 
0.9327655 
0.9288116 
0.9306226 
0.9292471 
0.9276619 
0.9287408 
0.9260996 
0.9316138 
0.9351033 
0.9378787 
0.9430397 
0.9391252 
0.9374844 
0.9355671 
0.9322858 
0.9293449 
0.9359023 
0.9327408 
0.9350325 
0.9309812 
0.9370593 
0.9354616 
0.9348792 
0.9280612 
0.9354404 
0.9424299 
0.9381003 
0.9329756 
0.9242736 
0.9193052 
0.9106358 
0.8949590 
0.8979276 
0.8956701 
0.8972777 
0.9001967 
0.9084083 
0.9187191 
0.9432845 
0.9693679 
0.9928012 
0.9984271 
1.0000000 
0.9979566 
0.9986790 
0.9903438 
0.9728728 
0.9641070 
0.9470306 
0.9339901 
0.9317305 
0.9268215 
0.9249209 
0.9246421 
0.9264126 
0.9285838 
0.9311441 
0.9338448 
0.9374133 
0.9365559 
0.9354796 
0.9309219 
0.9294447 
0.9242183 
0.9248308 
0.9222528 
0.9169567 
0.9227726 
0.9223220 
0.9281362 
0.9267351 
0.9252669 
0.9300045 
0.9237668 
0.9278181 
0.9218540 
0.9170182 
0.9235285 
0.9264490 
0.9219855 
0.9122994 
0.9116561 
0.9175028 
0.9205127 
0.9235648 
0.9249317 
0.9274537 
0.9321226 
0.9302483 
0.9244365 
0.9211095 
0.9253485 
0.9192508 
0.9176244 
0.9195176 
0.9186098 
0.9226351 
0.9299457 
0.9262588 
0.9344874 
0.9365519 
0.9375304 
0.9440280 
0.9464990 
0.9381733 
0.9411033 
0.9449981 
0.9431008 
0.9393856 
0.9411057 
0.9434816 
0.9435499 
0.9454121 
0.9446089 
0.9455323 
0.9388411 
0.9381635 
0.9393802 
0.9285546 
0.9279951 
0.9311723 
0.9290412 
0.9319658 
0.9213003 
0.9200175 
0.9257292 
0.9179138 
0.9232250 
0.9169378 
0.9122578 
0.9107756 
0.9101520 
0.9209560 
0.9278749 
0.9203028 
0.9171134 
0.9070330 
0.9109862 
0.8993262 
0.9069008 
0.9094176 
0.9087702 
0.9064007 
0.9145250 
0.9097191 
0.9065336 
0.9060639 
0.9066473 
0.9089899 
0.8992612 
0.9110133 
0.9122403 
0.9153910 
0.9189779 
0.9174395 
0.9149235 
0.9140850 
0.9198504 
0.9073890 
0.9095840 
0.9139732 
0.9110889 
0.9128268 
0.9127829 
0.9123432 
0.9033693 
0.9187479 
0.9187344 
0.9133833 
0.9176900 
0.9191630 
0.9196601 
0.9164324 
0.9143266 
0.9147801 
0.9228598 
0.9156654 
0.9247688 
0.9208439 
0.9310040 
0.9287619 
0.9311524 
0.9294459 
0.9319839 
0.9319158 
0.9300775 
0.9312101 
0.9197281 
0.9163433 
0.9346521 
0.9252353 
0.9248287 
0.9263116 
0.9304292 
0.9326558 
0.9340141 
0.9372645 
0.9370833 
0.9354285 
0.9335712 
0.9315811 
0.9365996 
0.9368838 
0.9276259 
0.9313580 
0.9257954 
0.9251287 
0.9254938 
0.9247134 
0.9296334 
0.9269100 
0.9217800 
0.9309408 
0.9336302 
0.9391396 
0.9446443 
0.9434549 
0.9400766 
0.9354586 
0.9302625 
0.9187599 
0.9225505 
0.9308350 
0.9289685 
0.9238557 
0.9213795 
0.9240365 
0.9187415 
0.9182099 
0.9196752 
0.9166240 
0.9148415 
0.9160757 
0.9311410 
0.9296988 
0.9294076 
0.9335833 
0.9361669 
0.9365724 
0.9363393 
0.9338844 
0.9303142 
0.9272905 
0.9292205 
0.9188141 
0.9117610 
0.9119252 
0.9129063 
0.9118575 
0.9108011 
0.9130107 
0.9083130 
0.9110633 
0.9091906 
0.9119194 
0.9115160 
0.9162958 
0.9093068 
0.9074515 
0.9045796 
0.9073589 
0.9062935 
0.9029970 
0.9012365 
0.9007721 
0.8983474 
0.8988874 
0.9049530 
0.9025941 
0.9003130 
0.8995633 
0.9118793 
0.9203391 
0.9184109 
0.9185068 
0.9136649 
0.9174111 
0.9154913 
0.9115291 
0.9093225 
0.9188733 
0.9120371 
0.9062762 
0.9040669 
0.9083182 
0.9101415 
0.9082531 
0.9036989 
0.9140437 
0.9158696 
0.9184138 
0.9232649 
0.9143775 
0.9126112 
0.9179197 
0.9182385 
0.9207906 
0.9192486 
0.9259063 
0.9239982 
0.9282093 
0.9208944 
0.9270843 
0.9258391 
0.9219185 
0.9202319 
0.9259884 
0.9289195 
0.9257855 
0.9269673 
0.9268951 
0.9179550 
0.9174776 
0.9143684 
0.9105335 
0.9040904 
0.9057917 
0.9032520 
0.9115703 
0.9133408 
0.9117187 
0.9145923 
0.9178066 
0.9162258 
0.9166085 
0.9145446 
0.9065350 
0.9066075 
0.9042297 
0.9084712 
0.9100385 
0.8991740 
0.8985816 
0.9006506 
0.9048870 
0.9099018 
0.9052898 
0.9042382 
0.9130075 
0.9025810 
0.9040859 
0.9068172 
0.9045133 
0.9108520 
0.9082485 
0.9161243 
0.9121628 
0.9204210 
0.9160977 
0.9148212 
0.9253912 
0.9272740 
0.9218525 
0.9241137 
0.9260530 
0.9345877 
0.9375432 
0.9338619 
0.9345953 
0.9326182 
0.9230243 
0.9227367 
0.9275057 
0.9250215 
0.9230854 
0.9226996 
0.9154454 
0.9161352 
0.9152508 
0.9189865 
0.9293469 
0.9196061 
0.9200082 
0.9157242 
0.9137399 
0.9241618 
0.9255710 
0.9285514 
0.9265845 
0.9282901 
0.9267700 
0.9295324 
0.9333789 
0.9385640 
0.9446499 
0.9319608 
0.9410042 
0.9453127 
0.9372501 
0.9378813 
0.9420735 
0.9393986 
0.9300286 
0.9378067 
0.9369163 
0.9318948 
0.9299265 
0.9290108 
0.9200014 
0.9298343 
0.9263684 
0.9248806 
0.9267912 
0.9277866 
0.9201491 
0.9252985 
0.9207827 
0.9100390 
0.9202524 
0.9191786 
0.9160042 
0.9137214 
0.9178118 
0.9194952 
0.9173795 
0.9208952 
0.9228264 
0.9218631 
0.9252914 
0.9246257 
0.9222077 
0.9108059 
0.9179427 
0.9159672 
0.9169607 
0.9177797 
0.9210224 
0.9179725 
0.9168377 
0.9180226 
0.9161781 
0.9180051 
0.9235240 
0.9244099 
0.9291729 
0.9183196 
0.9181319 
0.9242893 
0.9282709 
0.9264696 
0.9179180 
0.9201189 
0.9315554 
0.9315772 
0.9311624 
0.9245795 
0.9189224 
0.9224487 
0.9243598 
0.9143483 
0.9176426 
0.9162848 
0.9129608 
0.9146876 
0.9143930 
0.9165560 
0.9156626 
0.9164668 
0.9148251 
0.9139299 
0.9025338 
0.9060993 
0.8996669 
0.8992517 
0.8981592 
0.8972122 
0.8993433 
0.8994597 
0.9018175 
0.9027520 
0.9027573 
0.9036465 
0.9047369 
0.9040934 
0.9013951 
0.9017278 
0.9019790 
0.9066276 
0.9086449 
0.9049451 
0.9101767 
0.9131188 
0.9164678 
0.9197738 
0.9245547 
0.9299548 
0.9339395 
0.9197778 
0.9294718 
0.9369246 
0.9377472 
0.9447761 
0.9444477 
0.9511527 
0.9514502 
0.9500193 
0.9442993 
0.9435464 
0.9392314 
0.9394848 
0.9417655 
0.9430001 
0.9429276 
0.9435338 
0.9416526 
0.9392428 
0.9363590 
0.9373750 
0.9364674 
0.9396224 
0.9377638 
0.9344506 
0.9365649 
0.9369142 
0.9388862 
0.9351571 
0.9384650 
0.9274073 
0.9274743 
0.9300524 
0.9290396 
0.9359420 
0.9352193 
0.9317454 
0.9428994 
0.9376077 
0.9302967 
0.9419093 
0.9437349 
0.9468777 
0.9531239 
0.9491861 
0.9577390 
0.9604904 
0.9575756 
0.9456704 
0.9439753 
0.9440620 
0.9458322 
0.9458799 
0.9441288 
0.9406120 
0.9428426 
0.9390164 
0.9400487 
0.9391644 
0.9306977 
0.9291993 
0.9344791 
0.9360195 
0.9371944 
0.9410434 
0.9439366 
0.9374214 
0.9230042 
0.9022504 
0.8760638 
0.8817102 
0.8810748 
0.8817643 
0.8954626 
0.9133473 
0.9200921 
0.9337152 
0.9410540 
0.9394014 
0.9383649 
0.9288703 
0.9265738 
0.9325501 
0.9348362 
0.9360723 
0.9395436 
0.9384903 
0.9366665 
0.9369052 
0.9330892 
0.9334834 
0.9338870 
0.9371934 
0.9347479 
0.9380032 
0.9388966 
0.9365383 
0.9347319 
0.9312525 
0.9299269 
0.9308885 
0.9348510 
0.9304542 
0.9293092 
0.9297468 
0.9290491 
0.9402818 
0.9388169 
0.9367744 
0.9431075 
0.9469282 
0.9414919 
0.9374755 
0.9338345 
0.9327284 
0.9278329 
0.9205767 
0.9229976 
0.9226890 
0.9310058 
0.9266401 
0.9310287 
0.9298926 
0.9334523 
0.9337023 
0.9315378 
0.9291149 
0.9319439 
0.9297219 
0.9246630 
0.9205281 
0.9273931 
0.9258619 
0.9305232 
0.9378497 
0.9383409 
0.9420088 
0.9392816 
0.9433309 
0.9380382 
0.9385500 
0.9338365 
0.9372833 
0.9493526 
0.9334062 
0.9371058 
0.9325674 
0.9319638 
0.9263928 
0.9332844 
0.9315366 
0.9355071 
0.9264171 
0.9358853 
0.9340041 
0.9350170 
0.9271023 
0.9203709 
0.9210490 
0.9306378 
0.9323175 
0.9324766 
0.9289941 
0.9335941 
0.9427528 
0.9386945 
0.9359565 
0.9388599 
0.9392864 
0.9333556 
0.9349642 
0.9315083 
0.9382928 
0.9337970 
0.9332658 
0.9267275 
0.9293816 
0.9288476 
0.9340401 
0.9295115 
0.9315298 
0.9264663 
0.9299190 
0.9277738 
0.9223685 
0.9264658 
0.9246908 
0.9282160 
0.9253795 
0.9268319 
0.9239559 
0.9200943 
0.9222747 
0.9116468 
0.9016933 
0.9088699 
0.9021422 
0.9016112 
0.9030638 
0.9007350 
0.9066696 
0.9108128 
0.9092224 
0.9104060 
0.9156536 
0.9111126 
0.9238553 
0.9212727 
0.9179134 
0.9144472 
0.9072394 
0.9179464 
0.9250649 
0.9174192 
0.9183013 
0.9204547 
0.9240064 
0.9221745 
0.9221020 
0.9241721 
0.9179604 
0.9233821 
0.9179210 
0.9150473 
0.9199412 
0.9146590 
0.9234885 
0.9395650 
0.9325344 
0.9445430 
0.9387659 
0.9379501 
0.9399225 
0.9356043 
0.9311331 
0.9324410 
0.9312069 
0.9278524 
0.9334568 
0.9304427 
0.9212804 
0.9244811 
0.9324771 
0.9210055 
0.9258944 
0.9287591 
0.9330118 
0.9315557 
0.9238575 
0.9161517 
0.9289595 
0.9161714 
0.9146718 
0.9130171 
0.9188678 
0.9161758 
0.9211536 
0.9356688 
0.9268539 
0.9298909 
0.9295016 
0.9345449 
0.9338813 
0.9330724 
0.9364726 
0.9320177 
0.9354456 
0.9281660 
0.9341284 
0.9291697 
0.9350103 
0.9280133 
0.9298729 
0.9278073 
0.9340970 
0.9311260 
0.9320199 
0.9268796 
0.9337074 
0.9242617 
0.9238806 
0.9233133 
0.9221480 
0.9238266 
0.9269512 
0.9281816 
0.9216899 
0.9241019 
0.9272685 
0.9249603 
0.9238196 
0.9234861 
0.9238343 
0.9197619 
0.9226324 
0.9261155 
0.9318221 
0.9289691 
0.9263962 
0.9254954 
0.9263136 
0.9457437 
0.9534274 
0.9557607 
0.9556159 
0.9484331 
0.9412552 
0.9314410 
0.9329245 
0.9386198 
0.9417569 
0.9422810 
0.9355877 
0.9402790 
0.9391758 
0.9347782 
0.9289358 
0.9245953 
0.9340052 
0.9263996 
0.9221169 
0.9180309 
0.9226317 
0.9283361 
0.9274546 
0.9263846 
0.9344023 
0.9352001 
0.9328848 
0.9285622 
0.9300177 
0.9260120 
0.9264063 
0.9268399 
0.9258557 
0.9214874 
0.9253038 
0.9255142 
0.9252672 
0.9246814 
0.9218440 
0.9247075 
0.9308324 
0.9332314 
0.9262181 
0.9317616 
0.9306033 
0.9325496 
0.9280076 
0.9246977 
0.9249326 
0.9187219 
0.9244182 
0.9174119 
0.9227887 
0.9079924 
0.9190552 
0.9183538 
0.9226333 
0.9231898 
0.9352219 
0.9341382 
0.9359253 
0.9391860 
0.9542004 
0.9419839 
0.9433594 
0.9402853 
0.9428542 
0.9401015 
0.9389855 
0.9415619 
0.9366841 
0.9425171 
0.9453559 
0.9442954 
0.9324740 
0.9233340 
0.9451856 
0.9391197 
0.9367879 
0.9368304 
0.9298885 
0.9297175 
0.9397758 
0.9292537 
0.9299484 
0.9440966 
0.9455812 
0.9391530 
0.9391464 
0.9466377 
0.9483716 
0.9466812 
0.9364218 
0.9427548 
0.9415951 
0.9381677 
0.9458613 
0.9432898 
0.9383308 
0.9421838 
0.9383182 
0.9348713 
0.9297604 
0.9244915 
0.9301570 
0.9297752 
0.9322974 
0.9367838 
0.9382258 
0.9425318 
0.9383410 
0.9565991 
0.9515668 
0.9601440 
0.9587417 
0.9650861 
0.9644025 
0.9571580 
0.9580195 
0.9535926 
0.9611963 
0.9618516 
0.9595691 
0.9634044 
0.9660349 
0.9552189 
0.9644698 
0.9589255 
0.9599837 
0.9547678 
0.9578643 
0.9570094 
0.9591488 
0.9514972 
0.9571669 
0.9532009 
0.9554132 
0.9577232 
0.9494007 
0.9561488 
0.9478795 
0.9508069 
0.9490632 
0.9571997 
0.9562216 
0.9617585 
0.9546074 
0.9505670 
0.9609317 
0.9495894 
0.9501354 
0.9535152 
0.9631565 
0.9709894 
0.9683569 
0.9677979 
0.9723210 
0.9671612 
0.9671060 
0.9586536 
0.9638437 
0.9590193 
0.9574094 
0.9685628 
0.9752369 
0.9649856 
0.9726685 
0.9754605 
0.9750254 
0.9770194 
0.9761987 
0.9740777 
0.9769940 
0.9761196 
0.9753421 
0.9742669 
0.9704074 
0.9721419 
0.9769880 
0.9750566 
0.9754906 
0.9772114 
0.9811727 
0.9722810 
0.9772563 
0.9806335 
0.9706668 
0.9695337 
0.9705597 
0.9762863 
0.9742700 
0.9652092 
0.9677145 
0.9716620 
0.9681652 
0.9615284 
0.9567835 
0.9618533 
0.9669483 
0.9629209 
0.9654088 
0.9668035 
0.9669463 
0.9631141 
0.9653786 
0.9679436 
0.9703127 
0.9623556 
0.9517897 
0.9562524 
0.9528103 
0.9615080 
0.9594496 
0.9612528 
0.9645914 
0.9621806 
0.9604180 
0.9626912 
0.9611361 
0.9570979 
0.9621610 
0.9683992 
0.9699341 
0.9789294 
0.9828171 
0.9734431 
0.9686790 
0.9658313 
0.9695731 
0.9758907 
0.9693134 
0.9622110 
0.9636943 
0.9705183 
0.9644252 
0.9595018 
0.9559784 
0.9548512 
0.9554599 
0.9580975 
0.9484181 
0.9487961 
0.9555472 
0.9525088 
0.9533103 
0.9465766 
0.9518031 
0.9503413 
0.9446927 
0.9460986 
0.9435236 
0.9476449 
0.9403549 
0.9475255 
0.9450112 
0.9435032 
0.9479084 
0.9393863 
0.9481521 
0.9347642 
0.9444874 
0.9456077 
0.9470009 
0.9395344 
0.9404058 
0.9394262 
0.9367431 
0.9441545 
0.9480407 
0.9496548 
0.9513309 
0.9467540 
0.9477420 
0.9374327 
0.9298498 
0.9372657 
0.9315353 
0.9335911 
0.9297214 
0.9257215 
0.9410688 
0.9386997 
0.9158828 
0.9114366 
0.9201667 
0.9154697 
0.9187134 
0.9301739 
0.9398022 
0.9288023 
0.9285183 
0.9395546 
0.9398087 
0.9415655 
0.9333816 
0.9405842 
0.9404966 
0.9380286 
0.9310226 
0.9345948 
0.9396780 
0.9314179 
0.9179865 
0.9187601 
0.9055166 
0.9192125 
0.9164172 
0.9203617 
0.9212152 
0.9207680 
0.9234623 
0.9268520 
0.9261838 
0.9331540 
0.9273712 
0.9295641 
0.9279689 
0.9307510 
0.9308249 
0.9249117 
0.9099907 
0.9132917 
0.9211039 
0.9092323 
0.8995709 
0.8974219 
0.9036021 
0.8988181 
0.8923697 
0.9008309 
0.8934930 
0.8964520 
0.9008438 
0.9012152 
0.8993366 
0.9078880 
0.9056539 
0.8957434 
0.8955909 
0.9009836 
0.9033313 
0.8968339 
0.8978032 
0.9022601 
0.9116113 
0.9150593 
0.9168980 
0.9092800 
0.9089526 
0.9048690 
0.9008073 
0.9061222 
0.9039242 
0.8889625 
0.8943101 
0.8941769 
0.8901017 
0.8891885 
0.9014624 
0.8974599 
0.8850550 
0.8974835 
0.8871787 
0.8877403 
0.9151156 
0.9139957 
0.9145712 
0.9164992 
0.9116184 
0.9140556 
0.9126781 
0.8969398 
0.8968676 
0.8946143 
0.8993453 
0.9032550 
0.8989845 
0.9139177 
0.8929363 
0.8945567 
0.8916978 
0.8927747 
0.8920293 
0.8928411 
0.8983618 
0.8820578 
0.8744851 
0.8889522 
0.8860484 
0.8869341 
0.8858524 
0.8908013 
0.8828670 
0.8702597 
0.8795572 
0.8850012 
0.8857269 
0.8854309 
0.8924017 
0.8810228 
0.8880918 
0.8845597 
0.8853782 
0.8824929 
0.8899443 
0.8905488 
0.8892567 
0.8874381 
0.8796981 
0.8705757 
0.8814999 
0.8874214 
0.8835900 
0.8916428 
0.8906829 
0.8739376 
0.8881923 
0.8782763 
0.8773186 
0.8717267 
0.8639522 
0.8602409 
0.8653114 
0.8734545 
0.8706026 
0.8706395 
0.8747837 
0.8678174 
0.8575371 
0.8623220 
0.8707527 
0.8696408 
0.8624765 
0.8750098 
0.8657776 
0.8711566 
0.8704106 
0.8632725 
0.8594773 
0.8700654 
0.8689548 
0.8731359 
0.8670810 
0.8749301 
0.8819735 
0.8874771 
0.8857630 
0.8723098 
0.8699937 
0.8776061 
0.8781808 
0.8798993 
0.8742158 
0.8609118 
0.8762865 
0.8626581 
0.8757768 
0.8830105 
0.8903218 
0.8920700 
0.8931630 
0.8825493 
0.8783102 
0.8779889 
0.8774482 
0.8680470 
0.8764274 
0.8818277 
0.8708009 
0.8696888 
0.8811957 
0.8747795 
0.8764690 
0.8752249 
0.8782037 
0.8883481 
0.8770680 
0.8798796 
0.8726017 
0.8874849 
0.8773138 
0.8823152 
0.8764811 
0.8857577 
0.8844880 
0.8830912 
0.8830165 
0.8834733 
0.8915224 
0.8716744 
0.8673991 
0.8693580 
0.8747335 
0.8720200 
0.8687745 
0.8841829 
0.8733817 
0.8589017 
0.8704815 
0.8655989 
0.8602839 
0.8585030 
0.8525000 
0.8488461 
0.8508077 
0.8511986 
0.8507835 
0.8505380 
0.8672395 
0.8560820 
0.8609925 
0.8564538 
0.8562959 
0.8680433 
0.8645800 
0.8561630 
0.8635957 
0.8708341 
0.8488680 
0.8574615 
0.8500981 
0.8574593 
0.8430599 
0.8518090 
0.8388440 
0.8355791 
0.8463205 
0.8510544 
0.8499005 
0.8495646 
0.8535026 
0.8542205 
0.8462593 
0.8460450 
0.8560680 
0.8476610 
0.8412087 
0.8310523 
0.8340396 
0.8348634 
0.8309287 
0.8211677 
0.8153659 
0.8086571 
0.8127504 
0.8254120 
0.8163724 
0.8268466 
0.8345310 
0.8193462 
0.8242005 
0.8310414 
0.8303737 
0.8439357 
0.8281548 
0.8341718 
0.8307365 
0.8140271 
0.8257530 
0.8215691 
0.8186020 
0.8214343 
0.8290030 
0.8235383 
0.8171933 
0.8203298 
0.8194882 
0.8220964 
0.8330071 
0.8340537 
0.8533315 
0.8515783 
0.8475345 
0.8553405 
0.8606304 
0.8445015 
0.8371048 
0.8220093 
0.8291485 
0.8230364 
0.8196722 
0.8214156 
0.8220473 
0.8271523 
0.8271160 
0.8259892 
0.8134305 
0.8026086 
0.7885419 
0.8061517 
0.8234915 
0.8080897 
0.7944737 
0.8001691 
0.7977890 
0.8040885 
0.8142057 
0.7930095 
0.7871498 
0.7923216 
0.8139084 
0.8158498 
0.7969496 
0.7829887 
0.7885197 
0.8052249 
0.7919936 
0.7901760 
0.7852798 
0.7693207 
0.7689772 
0.7683202 
0.7747621 
0.7543706 
0.7440255 
0.7532878 
0.7381389 
0.7577952 
0.7709542 
0.7526434 
0.7604892 
0.7674700 
0.7662642 
0.7630904 
0.7648575 
0.7584192 
0.7449808 
0.7478174 
0.7389470 
0.7501896 
0.7755966 
0.7761518 
0.7926798 
0.7887864 
0.7842387 
0.7897374 
0.7813607 
0.7820132 
0.7945237 
0.8046595 
0.8036404 
0.7889464 
0.7839636 
0.7792074 
0.7674230 
0.7729190 
0.7731383 
0.7800901 
0.7705516 
0.7697920 
0.7708666 
0.7726376 
0.7608565 
0.7653136 
0.7669351 
0.7716142 
0.7631594 
0.7563840 
0.7580876 
0.7584461 
0.7565772 
0.7838111 
0.7863175 
0.7718667 
0.7645141 
0.7773573 
0.7699596 
0.7538286 
0.7375552 
0.7485705 
0.7505715 
0.7528716 
0.7442767 
0.7395440 
0.7604621 
0.7372731 
0.7510837 
0.7464764 
0.7594090 
0.7610631 
0.7451629 
0.7681898 
0.7710880 
0.7553116 
0.7475294 
0.7526116 
0.7362698 
0.7571212 
0.7586324 
0.7526967 
0.7533978 
0.7443809 
0.7490044 
0.7451684 
0.7717752 
0.7569309 
0.7418391 
0.7402052 
0.7286694 
0.7370524 
0.7588679 
0.7440254 
0.7428353 
0.7251329 
0.7338340 
0.7279391 
0.7218599 
0.7331162 
0.7271591 
0.7403123 
0.7407310 
0.7459698 
0.7678914 
0.7598775 
0.7735811 
0.7597967 
0.7434429 
0.7273497 
0.7341740 
0.7425532 
0.7441213 
0.7278813 
0.7210293 
0.7318737 
0.7325609 
0.7378238 
0.7468066 
0.7292595 
0.7358031 
0.7282535 
0.7426082 
0.7190894 
0.7341382 
0.7425760 
0.7450457 
0.7239018 
0.7338080 
0.7165615 
0.7281397 
0.7245284 
0.7245574 
0.7239924 
0.7107407 
0.7134883 
0.7079810 
0.7119348 
0.7083171 
0.7210136 
0.7202622 
0.7170490 
0.7190998 
0.7104266 
0.7200136 
0.7104422 
0.7223712 
0.7170618 
0.7125150 
0.7241807 
0.7197419 
0.6971067 
0.7152313 
0.6844149 
0.7003283 
0.6910563 
0.6852003 
0.6798361 
0.6881519 
0.6864464 
0.6832041 
0.6933575 
0.6962505 
0.6748030 
0.6773490 
0.6715107 
0.6760503 
0.6721075 
0.6660234 
0.6720100 
0.6785527 
0.6724751 
0.6691540 
0.6664751 
0.6765796 
0.6706342 
0.6711964 
0.6670318 
0.6771431 
0.6644885 
0.6795011 
0.6646399 
0.6659240 
0.6667453 
0.6869920 
0.6769836 
0.6832822 
0.6856880 
0.6720213 
0.6569669 
0.6527583 
0.6637845 
0.6627484 
0.6570063 
0.6552593 
0.6505084 
0.6619291 
0.6620609 
0.6595746 
0.6366575 
0.6381221 
0.6608428 
0.6469781 
0.6452992 
0.6566066 
0.6549533 
0.6406093 
0.6414638 
0.6468262 
0.6644333 
0.6577098 
0.6660736 
0.6275100 
0.6329611 
0.6399113 
0.6412384 
0.6439803 
0.6367202 
0.6490095 
0.6461704 
0.6579896 
0.6594611 
0.6795646 
0.6579174 
0.6597581 
0.6530605 
0.6463371 
0.6544271 
0.6636064 
0.6763058 
0.6587951 
0.6597159 
0.6485206 
0.6410411 
0.6388885 
0.6181357 
0.6375728 
0.6231022 
0.6179667 
0.6356891 
0.6258904 
0.6013234 
0.5982318 
0.6246144 
0.6067323 
0.5791011 
0.5760080 
0.6085887 
0.5943630 
0.5735542 
0.5931463 
0.6249813 
0.6112427 
0.5987774 
0.6092526 
0.6091979 
0.5898090 
0.6015331 
0.6331988 
0.6211869 
0.6123814 
0.5955979 
0.6166101 
0.6091322 
0.6140911 
0.6376738 
0.6194353 
0.5936500 
0.5850960 
0.5723223 
0.5732798 
0.5974803 
0.6281932 
0.6179663 
0.6076169 
0.6188880 
0.6177889 
0.6133968 
0.6103697 
0.6044302 
0.6163836 
0.6184777 
0.6317426 
0.6171446 
0.6345675 
0.6396151 
0.6398950 
0.6321398 
0.6289984 
0.6433574 
0.6250159 
0.6445906 
0.6195791 
0.6173929 
0.5964886 
0.5760870 
0.5836440 
0.5810494 
0.5930522 
0.5930143 
0.5785460 
0.5905765 
0.5794078 
0.5926635 
0.5946894 
0.5889418 
0.5920190 
0.5872683 
0.5895641 
0.5945065 
0.6008824 
0.5974461 
0.5960225 
0.6065029 
0.6031235 
0.5972390 
0.5934799 
0.6042346 
0.5924943 
0.6083407 
0.5937745 
0.5947933 
0.5861966 
0.5780819 
0.5647393 
0.5687937 
0.5540911 
0.5536890 
0.5516296 
0.5371085 
0.5566707 
0.5324429 
0.5228419 
0.5336980 
0.5412163 
0.5337075 
0.5375245 
0.5504343 
0.5577716 
0.5650232 
0.5562366 
0.5436067 
0.5403463 
0.5601213 
0.5545984 
0.5611153 
0.5613802 
0.5508713 
0.5626638 
0.5589084 
0.5576763 
0.5699696 
0.5582635 
0.5571766 
0.5611489 
0.5586562 
0.5560639 
0.5546079 
0.5550252 
0.5318536 
0.5340053 
0.5421386 
0.5208060 
0.5247410 
0.5407004 
0.5467305 
0.5356024 
0.5182055 
0.5300399 
0.5366536 
0.5402519 
0.5326023 
0.5279729 
0.5146955 
0.5304731 
0.5259250 
0.5375369 
0.5365520 
0.5251954 
0.5252041 
0.5499656 
0.5195063 
0.5320368 
0.5262834 
0.5373031 
0.5325844 
0.5297297 
0.5173159 
0.5234143 
0.5366994 
0.5261572 
0.5184736 
0.5273407 
0.5344425 
0.5378487 
0.5365400 
0.5499935 
0.5463880 
0.5443175 
0.5398748 
0.5244766 
0.5298502 
0.5312783 
0.5436699 
0.5410876 
0.5165457 
0.5326395 
0.5279592 
0.5262610 
0.5280515 
0.5311568 
0.5241246 
0.4931255 
0.5187133 
0.5210084 
0.5487520 
0.5048972 
0.5118329 
0.5185381 
0.5458252 
0.5286651 
0.5068734 
0.4932723 
0.5228056 
0.5438663 
0.5224395 
0.5259489 
0.5004258 
0.5187217 
0.5168965 
0.5447327 
0.5046134 
0.5109988 
0.5138219 
0.5238832 
0.5143180 
0.5089938 
0.5195065 
0.5442529 
0.5219525 
0.5114400 
0.5100543 
0.4986177 
0.5108679 
0.5094502 
0.5236825 
0.5098749 
0.5062820 
0.5231295 
0.5362921 
0.5213188 
0.5135509 
0.5021595 
0.5144076 
0.5079825 
0.5021972 
0.4982648 
0.5055274 
0.5020198 
0.4949764 
0.5034473 
0.5294089 
0.5293717 
0.5264403 
0.4972047 
0.5113333 
0.5311908 
0.5159435 
0.5213620 
0.5088064 
0.5139798 
0.4886337 
0.4886110 
0.4882160 
0.5031638 
0.5087780 
0.5069303 
0.4866828 
0.4863358 
0.5087508 
0.5063124 
0.5037393 
0.5036289 
0.4800120 
0.4958631 
0.4758437 
0.4655393 
0.4740024 
0.4720037 
0.4725180 
0.4671332 
0.4785940 
0.4603773 
0.4661970 
0.4752297 
0.4768537 
0.4790356 
0.4778812 
0.4738622 
0.4592491 
0.4503350 
0.4535889 
0.4494849 
0.4512333 
0.4612332 
0.4748072 
0.4590906 
0.4589325 
0.4660849 
0.4580491 
0.4554953 
0.4661684 
0.4827972 
0.4507101 
0.4544072 
0.4388820 
0.4651820 
0.4409409 
0.4667571 
0.4483144 
0.4390489 
0.4442778 
0.4538082 
0.4546290 
0.4465553 
0.4249754 
0.4447223 
0.4521922 
0.4228593 
0.4143761 
0.4184802 
0.4510147 
0.4498117 
0.4627860 
0.4501267 
0.4374255 
0.4283218 
0.4015171 
0.4192341 
0.4278150 
0.4203315 
0.4224276 
0.4400088 
0.4426063 
0.4283938 
0.4452189 
0.4397037 
0.4306257 
0.4068759 
0.3957867 
0.4032968 
0.4053212 
0.4098507 
0.4108329 
0.4131156 
0.4130788 
0.4075246 
0.4071461 
0.4137085 
0.4037342 
0.4281466 
0.4278892 
0.4293580 
0.4245713 
0.4177390 
0.4118980 
0.4183158 
0.4142077 
0.4122822 
0.4143502 
0.4353407 
0.4275099 
0.4264252 
0.4253740 
0.4305246 
0.4279854 
0.4216085 
0.4226151 
0.3984342 
0.4138337 
0.4140858 
0.4155832 
0.4168343 
0.4310928 
0.4132837 
0.4255600 
0.4346910 
0.4187360 
0.4028790 
0.4071475 
0.4233944 
0.4301154 
0.4325630 
0.4334027 
0.4245651 
0.4279212 
0.4352775 
0.4264014 
0.4139309 
0.4080433 
0.3990557 
0.3947887 
0.4300205 
0.4350733 
0.4337499 
0.3928100 
0.3956344 
0.3936031 
0.4149371 
0.3951793 
0.3987500 
0.3947275 
0.3953336 
0.3962772 
0.3961704 
0.4143071 
0.4168625 
0.4054673 
0.4149996 
0.4058387 
0.3804813 
0.3719497 
0.3842722 
0.4034105 
0.4121596 
0.4024067 
0.4090565 
0.4075602 
0.3862262 
0.4036801 
0.3899070 
0.3896102 
0.3735118 
0.3899558 
0.3867853 
0.3639053 
0.3732268 
0.3891737 
0.3832985 
0.3845305 
0.3837940 
0.3802401 
0.3727120 
0.3665136 
0.3424988 
0.3716345 
0.3785682 
0.3840777 
0.3698026 
0.3654458 
0.3666269 
0.3674153 
0.3627385 
0.3781259 
0.3708241 
0.3640796 
0.3577859 
0.3544580 
0.3652527 
0.3512979 
0.3472003 
0.3458337 
0.3559300 
0.3621740 
0.3734479 
0.3512637 
0.3461863 
0.3676232 
0.3616803 
0.3559185 
0.3665659 
0.3906570 
0.3771766 
0.3781316 
0.3724614 
0.3478727 
0.3513882 
0.3531301 
0.3547382 
0.3426326 
0.3471309 
0.3561788 
0.3394812 
0.3610500 
0.3532536 
0.3610299 
0.3522031 
0.3495431 
0.3289222 
0.3465016 
0.3255822 
0.3213966 
0.3524166 
0.3589520 
0.3911207 
0.3841101 
0.3560423 
0.3385402 
0.3435955 
0.3370883 
0.3394435 
0.3591386 
0.3405375 
0.3477817 
0.3666292 
0.3584083 
0.3586773 
0.3525716 
0.3401729 
0.3373989 
0.3425664 
0.3398078 
0.3469858 
0.3609062 
0.3495044 
0.3489192 
0.3503897 
0.3613614 
0.3508172 
0.3455240 
0.3455726 
0.3483607 
0.3567563 
0.3506880 
0.3442440 
0.3340542 
0.3423053 
0.3417414 
0.3374251 
0.3398210 
0.3398211 
0.3345655 
0.3282345 
0.3146861 
0.3198694 
0.3370905 
0.3346694 
0.3357218 
0.3373589 
0.3252347 
0.3096707 
0.3167673 
0.3172431 
0.3235303 
0.3474673 
0.3378984 
0.3131345 
0.3211931 
0.3187147 
0.3128260 
0.3146776 
0.3231416 
0.3239123 
0.3158896 
0.3114674 
0.3180208 
0.3193797 
0.3081772 
0.3056999 
0.3023596 
0.3041619 
0.3034373 
0.3136558 
0.3167480 
0.3038663 
0.3123822 
0.3157963 
0.3134525 
0.3000244 
0.3012165 
0.3058947 
0.3109271 
0.3146067 
0.2907562 
0.2987216 
0.3101263 
0.2793608 
0.2789621 
0.2914049 
0.2917761 
0.2948981 
0.2922799 
0.2935710 
0.2928664 
0.2927782 
0.2779786 
0.2894061 
0.2894962 
0.2940557 
0.3004699 
0.3001478 
0.2972531 
0.2938073 
0.2928596 
0.2910034 
0.3013631 
0.2931246 
0.2888389 
0.2815234 
0.2878009 
0.2837614 
0.2767568 
0.2791865 
0.2809205 
0.2859811 
0.2829088 
0.2787043 
0.2533236 
0.2608962 
0.2657974 
0.2778527 
0.2836620 
0.2512588 
0.2440228 
0.2590848 
0.2713365 
0.2801308 
0.2752900 
0.2710138 
0.2732328 
0.2770753 
0.2600743 
0.2284624 
0.2066926 
0.2211628 
0.2219838 
0.2215036 
0.2360270 
0.2322423 
0.2306853 
0.2179980 
0.2215729 
0.2229571 
0.2361727 
0.2350383 
0.2180096 
0.2338248 
0.2506187 
0.2588319 
0.2521140 
0.2487520 
0.2495004 
0.2342249 
0.2250662 
0.2290383 
0.2293621 
0.2178205 
0.2214844 
0.2125361 
0.2179252 
0.2101666 
0.2179501 
0.2346775 
0.2220602 
0.2100441 
0.2239686 
0.2343282 
0.2349958 
0.2225837 
0.2165447 
0.2212680 
0.2303560 
0.2419073 
0.2406990 
0.2469807 
0.2346098 
0.2314452 
0.2167378 
0.2260692 
0.2415723 
0.2279173 
0.2034001 
0.2322366 
0.2250176 
0.2250925 
0.2195262 
0.2163713 
0.2187378 
0.2063272 
0.2115412 
0.2168125 
0.2117588 
0.2110111 
0.2193466 
0.2420414 
0.2395691 
0.2270248 
0.2075468 
0.2020565 
0.2292678 
0.2406521 
0.2488336 
0.2334060 
0.2017268 
0.2079689 
0.2139313 
0.2505338 
0.2552582 
0.2202544 
0.2077090 
0.2048118 
0.2036314 
0.2276635 
0.2346254 
0.2050168 
0.1921622 
0.2032134 
0.1910490 
0.2198988 
0.2258827 
0.2191869 
0.2011753 
0.2145876 
0.2119806 
0.2202898 
0.2179572 
0.1921776 
0.1927662 
0.2095239 
0.2059524 
0.1919374 
0.2145636 
0.2202900 
0.2069840 
0.2203906 
0.2203919 
0.2132217 
0.2172113 
0.2223599 
0.2163604 
0.2068506 
0.2047165 
0.2116756 
0.2100818 
0.1994802 
0.1995207 
0.1966610 
0.2003144 
0.1939802 
0.1924356 
0.1844112 
0.1857957 
0.1838251 
0.1864478 
0.1995294 
0.1791897 
0.1698499 
0.1664251 
0.1638065 
0.1654667 
0.1774068 
0.1765529 
0.1809263 
0.1607082 
0.1610584 
0.1572813 
0.1308332 
0.1412754 
0.1418671 
0.1566964 
0.1599928 
0.1593241 
0.1610949 
0.1424260 
0.1404733 
0.1442016 
0.1560929 
0.1699785 
0.1900589 
0.1927496 
0.1782234 
0.1585424 
0.1628076 
0.1518429 
0.1749958 
0.1846524 
0.1866462 
0.1846007 
0.1895308 
0.1959856 
0.2057373 
0.1957247 
0.1411400 
0.1477590 
0.1589324 
0.1416664 
0.1180013 
0.1277907 
0.1394334 
0.1294721 
0.1246369 
0.1511911 
0.1692770 
0.1492951 
0.1324321 
0.1514781 
0.1639833 
0.1777189 
0.1547847 
0.1373703 
0.1337722 
0.1441474 
0.1618938 
0.1456904 
0.1379052 
0.1319613 
0.1507439 
0.1472251 
0.1261760 
0.1191705 
0.1333438 
0.1379528 
0.1255470 
0.1200141 
0.1202217 
0.1350322 
0.1386517 
0.1348611 
0.1541177 
0.1452103 
0.1422656 
0.1278986 
0.1214108 
0.1269060 
0.1329023 
0.1368687 
0.1435133 
0.1422809 
0.1440477 
0.1501538 
0.1497612 
0.1514001 
0.1442099 
0.1361393 
0.1248547 
0.1233195 
0.1316986 
0.1385540 
0.1502210 
0.1343184 
0.1507029 
0.1473258 
0.1498517 
0.1358866 
0.1107104 
0.1263651 
0.1241209 
0.1352473 
0.1633313 
0.1416577 
0.1187751 
0.1348040 
0.1359636 
0.1211255 
0.1350302 
0.1199141 
0.1261633 
0.1565710 
0.1459145 
0.1457975 
0.1494257 
0.1323866 
0.1259795 
0.1236561 
0.0992087 
0.1150199 
0.1277767 
0.1262802 
0.1368551 
0.1401876 
0.1280858 
0.1215248 
0.1137146 
0.1225671 
0.1559870 
0.1597578 
0.1486436 
0.1374858 
0.1443845 
0.1375193 
0.1260151 
0.1077935 
0.1248758 
0.1485080 
0.1597006 
0.1392300 
0.1131947 
0.1064657 
0.1205266 
0.1294099 
0.1383209 
0.1319153 
0.1211719 
0.1183660 
0.1184013 
0.0991177 
0.1081754 
0.1062975 
0.1194731 
0.1139313 
0.1083359 
0.0949312 
0.0946590 
0.1031260 
0.1148152 
0.0957204 
0.1096922 
0.1200384 
0.1148998 
0.1053659 
0.1071229 
0.0847350 
0.0867601 
0.1000552 
0.0835284 
0.1012691 
0.0865701 
0.0722328 
0.0724752 
0.0651530 
0.0842226 
0.0839086 
0.0622698 
0.0674635 
0.0673983 
0.0570220 
0.0695529 
0.0889291 
0.0707111 
0.0721973 
0.0686475 
0.0660629 
0.0613848 
0.0802472 
0.0804330 
0.0611033 
0.0694908 
0.0899558 
0.0779409 
0.0665408 
0.0660369 
0.0710049 
0.0776435 
0.0589643 
0.0659433 
0.0837300 
0.0748194 
0.0625147 
0.0632048 
0.0661943 
0.0590707 
0.0470806 
0.0418833 
0.0529082 
0.0584823 
0.0536916 
0.0494984 
0.0493268 
0.0578940 
0.0590000 
0.0527134 
0.0401352 
0.0439148 
0.0411477 
0.0443952 
0.0554061 
0.0654792 
0.0675057 
0.0688051 
0.0647485 
0.0603666 
0.0649314 
0.0541812 
0.0458484 
0.0334903 
0.0479949 
0.0545526 
0.0764504 
0.0792620 
0.0570106 
0.0609599 
0.0540032 
0.0649980 
0.0534156 
0.0529060 
0.0614467 
0.0682283 
0.0452845 
0.0426020 
0.0442555 
0.0515566 
0.0427556 
0.0226982 
0.0300766 
0.0290249 
0.0465105 
0.0636521 
0.0564969 
0.0498400 
0.0362253 
0.0429435 
0.0482826 
0.0485049 
0.0379565 
0.0471853 
0.0369435 
0.0221812 
0.0182077 
0.0227263 
0.0345250 
0.0129903 
0.0130923 
0.0186838 
0.0360391 
0.0527997 
0.0484612 
0.0455041 
0.0440054 
0.0426833 
0.0256895 
0.0013714 
0.0000000 
0.0225741 
0.0338550 
