-0.0001905 
-0.0001685 
-0.0001690 
0.0818824 
-0.0027569 
0.1802071 
0.9942900 
1.0000000 
0.9972755 
0.9834071 
0.9748155 
0.9764179 
0.9765404 
0.9889022 
0.9887268 
0.9775262 
0.9765916 
0.9731764 
0.9590059 
0.9640917 
0.9761276 
0.9687686 
0.9768881 
0.9828668 
0.9773928 
0.9736339 
0.9861988 
0.9767989 
0.9711594 
0.9763717 
0.9768806 
0.9722419 
0.9782605 
0.9765070 
0.9762783 
0.9754423 
0.9740638 
0.9743563 
0.9725109 
0.9738703 
0.9801405 
0.9779617 
0.9663862 
0.9629639 
0.9565666 
0.9609130 
0.9691509 
0.9708912 
0.9666904 
0.9710677 
0.9781201 
0.9735936 
0.9790683 
0.9807940 
0.9740701 
0.9696744 
0.9587065 
0.9701170 
0.9708042 
0.9629086 
0.9486224 
0.9564078 
0.9659439 
0.9693326 
0.9712343 
0.9693407 
0.9717512 
0.9765000 
0.9726013 
0.9759231 
0.9819619 
0.9736983 
0.9678568 
0.9630439 
0.9703327 
0.9769077 
0.9668911 
0.9571940 
0.9621327 
0.9614411 
0.9592419 
0.9678518 
0.9684694 
0.9685961 
0.9601669 
0.9493301 
0.9385690 
0.9447074 
0.9350301 
0.9311805 
0.9433290 
0.9467742 
0.9533741 
0.9622849 
0.9671206 
0.9582487 
0.9534311 
0.9459421 
0.9516779 
0.9562756 
0.9656225 
0.9652964 
0.9589763 
0.9678314 
0.9660578 
0.9715728 
0.9660006 
0.9618807 
0.9610498 
0.9583127 
0.9658597 
0.9745632 
0.9721285 
0.9640219 
0.9551830 
0.9578591 
0.9555813 
0.9529765 
0.9594116 
0.9687336 
0.9622491 
0.9533567 
0.9447511 
0.9363459 
0.9412996 
0.9426918 
0.9399395 
0.9418402 
0.9393417 
0.9347260 
0.9314714 
0.9235255 
0.9293077 
0.9310114 
0.9346297 
0.9408849 
0.9509027 
0.9570236 
0.9583661 
0.9598685 
0.9542547 
0.9489186 
0.9521327 
0.9546250 
0.9560668 
0.9499713 
0.9430091 
0.9344665 
0.9382083 
0.9355064 
0.9227410 
0.9252585 
0.9291450 
0.9342676 
0.9428706 
0.9403751 
0.9422137 
0.9459981 
0.9435914 
0.9454586 
0.9387503 
0.9356349 
0.9336619 
0.9338680 
0.9325550 
0.9374740 
0.9359061 
0.9278571 
0.9157899 
0.9004132 
0.8972110 
0.9037742 
0.9070301 
0.9095789 
0.9166720 
0.9256844 
0.9400960 
0.9549743 
0.9474406 
0.9236239 
0.9097515 
0.9334138 
0.9542576 
0.9526983 
0.9308854 
0.9201343 
0.9404258 
0.9605003 
0.9414322 
0.9069679 
0.8932614 
0.8884253 
0.8858895 
0.8905278 
0.8914316 
0.8978139 
0.9043317 
0.9239407 
0.9565711 
0.9473361 
0.9156482 
0.9313061 
0.9584081 
0.9605105 
0.9399398 
0.9202267 
0.9305627 
0.9603173 
0.9636390 
0.9132409 
0.8805624 
0.8760998 
0.8811337 
0.8966277 
0.9126277 
0.9290471 
0.9374380 
0.9542635 
0.9784497 
0.9856245 
0.9487848 
0.9178658 
0.9212145 
0.9384757 
0.9567550 
0.9581221 
0.9345067 
0.9267580 
0.9313405 
0.9229056 
0.8942992 
0.8576466 
0.8432177 
0.8485326 
0.8635918 
0.8605729 
0.8610653 
0.8727222 
0.9015724 
0.9252316 
0.9443230 
0.9486668 
0.9496769 
0.9564670 
0.9633634 
0.9452358 
0.9343933 
0.9377719 
0.9525846 
0.9701518 
0.9608354 
0.9328484 
0.9071003 
0.8955128 
0.8864879 
0.8645181 
0.8549580 
0.8515976 
0.8563581 
0.8779986 
0.9000326 
0.9063505 
0.9076558 
0.9165647 
0.9202230 
0.9172523 
0.9034367 
0.8949284 
0.8851957 
0.8841252 
0.8935014 
0.8885929 
0.8786317 
0.8747725 
0.8635799 
0.8582953 
0.8607098 
0.8542627 
0.8475698 
0.8525732 
0.8603940 
0.8632786 
0.8703051 
0.8730842 
0.8873403 
0.8974199 
0.9230486 
0.9365389 
0.9366766 
0.9209052 
0.9027206 
0.8858991 
0.8750981 
0.8814055 
0.8949051 
0.8997735 
0.8923289 
0.8881330 
0.8872138 
0.8916791 
0.8950083 
0.8919245 
0.8871233 
0.8721122 
0.8614071 
0.8545324 
0.8588875 
0.8550341 
0.8502119 
0.8496664 
0.8635970 
0.8789387 
0.8802209 
0.8765787 
0.8815870 
0.8852912 
0.8908185 
0.8971061 
0.8968966 
0.9026510 
0.9024634 
0.9019613 
0.8936856 
0.8815666 
0.8788870 
0.8787331 
0.8770360 
0.8780111 
0.8744052 
0.8772460 
0.8778176 
0.8939358 
0.8940517 
0.8968781 
0.8923590 
0.8948891 
0.8911777 
0.8808920 
0.8868701 
0.8905548 
0.8916680 
0.8946978 
0.9035618 
0.9062806 
0.9168390 
0.8995467 
0.8805759 
0.8748274 
0.8653465 
0.8531356 
0.8492419 
0.8499257 
0.8464609 
0.8488459 
0.8566563 
0.8712768 
0.8725658 
0.8785325 
0.8802052 
0.8925282 
0.8877455 
0.8896810 
0.8820539 
0.8734396 
0.8709094 
0.8678798 
0.8586161 
0.8562824 
0.8671106 
0.8855943 
0.8891862 
0.8898352 
0.8780740 
0.8760844 
0.8717117 
0.8670394 
0.8492387 
0.8385062 
0.8406235 
0.8381336 
0.8443646 
0.8432435 
0.8382633 
0.8385562 
0.8389883 
0.8433930 
0.8415935 
0.8462688 
0.8410064 
0.8337892 
0.8200670 
0.8218800 
0.8339244 
0.8307868 
0.8355963 
0.8391620 
0.8404302 
0.8348836 
0.8312552 
0.8365079 
0.8398610 
0.8470961 
0.8522635 
0.8470538 
0.8459482 
0.8483951 
0.8545682 
0.8611555 
0.8652536 
0.8661852 
0.8645233 
0.8540281 
0.8458141 
0.8424575 
0.8495313 
0.8640790 
0.8653836 
0.8669634 
0.8621358 
0.8598025 
0.8527895 
0.8508163 
0.8539844 
0.8520848 
0.8491005 
0.8500394 
0.8396660 
0.8523226 
0.8557273 
0.8562880 
0.8546581 
0.8631491 
0.8660968 
0.8598405 
0.8470482 
0.8483344 
0.8493408 
0.8494071 
0.8560179 
0.8620830 
0.8569747 
0.8524576 
0.8529948 
0.8399413 
0.8478616 
0.8439774 
0.8377465 
0.8409433 
0.8466857 
0.8497977 
0.8494142 
0.8447005 
0.8398668 
0.8451875 
0.8408658 
0.8276243 
0.8337381 
0.8477093 
0.8590105 
0.8570044 
0.8573038 
0.8450307 
0.8376801 
0.8434082 
0.8292341 
0.8306833 
0.8378035 
0.8367043 
0.8391021 
0.8508905 
0.8435424 
0.8338859 
0.8273686 
0.8275106 
0.8202860 
0.8126179 
0.8112963 
0.8160453 
0.8185198 
0.8190754 
0.8206898 
0.8252286 
0.8228102 
0.8264110 
0.8204041 
0.8250914 
0.8256973 
0.8384529 
0.8314062 
0.8354911 
0.8474894 
0.8431653 
0.8353398 
0.8340057 
0.8443071 
0.8343628 
0.8328764 
0.8311250 
0.8284536 
0.8207116 
0.8147586 
0.8139843 
0.8190318 
0.8164818 
0.8127751 
0.8159600 
0.8155721 
0.8156633 
0.8193732 
0.8202464 
0.8069168 
0.8029903 
0.8047130 
0.8041082 
0.8056804 
0.8051853 
0.8118440 
0.8175113 
0.8281670 
0.8231242 
0.8254377 
0.8245027 
0.8252698 
0.8226605 
0.8243631 
0.8292512 
0.8237451 
0.8162054 
0.8215074 
0.8253345 
0.8301414 
0.8379827 
0.8390958 
0.8413500 
0.8290023 
0.8123424 
0.8133121 
0.8144775 
0.8194826 
0.8134902 
0.8037366 
0.7981966 
0.8013477 
0.7961529 
0.7941073 
0.7932238 
0.7973007 
0.7988490 
0.7901323 
0.7927165 
0.7986722 
0.8033951 
0.8070238 
0.8093988 
0.8061813 
0.8035029 
0.8087622 
0.8145976 
0.8277770 
0.8401028 
0.8396328 
0.8380374 
0.8334983 
0.8312740 
0.8256261 
0.8245476 
0.8257574 
0.8223364 
0.8170445 
0.8189192 
0.8218544 
0.8278979 
0.8296006 
0.8162690 
0.7999558 
0.8049140 
0.8228634 
0.8340463 
0.8249087 
0.8013125 
0.7926237 
0.8032431 
0.8195251 
0.8184861 
0.8150669 
0.8097301 
0.8033706 
0.8106627 
0.8042754 
0.7910353 
0.7888442 
0.7989088 
0.8264642 
0.8211771 
0.8004159 
0.7809250 
0.7781362 
0.7972068 
0.8145186 
0.8081215 
0.7932528 
0.7933756 
0.8007085 
0.8121634 
0.8110890 
0.8090500 
0.8030382 
0.8119199 
0.8228413 
0.8284865 
0.8184559 
0.8106488 
0.8021772 
0.8135438 
0.8175007 
0.8164445 
0.8117003 
0.8072470 
0.8020502 
0.8001444 
0.7967202 
0.7940778 
0.7740545 
0.7806271 
0.7942404 
0.7969707 
0.7899896 
0.8088857 
0.7990374 
0.7900971 
0.7918489 
0.7932774 
0.7874415 
0.7832847 
0.7955105 
0.8037616 
0.7953620 
0.7894119 
0.7903336 
0.7931550 
0.7971869 
0.8031923 
0.8100885 
0.8067209 
0.8106917 
0.8193072 
0.8211667 
0.8344612 
0.8325002 
0.8196990 
0.8087124 
0.8020241 
0.8069351 
0.8127590 
0.8165753 
0.8087654 
0.7949977 
0.7878094 
0.7903404 
0.7949020 
0.8051719 
0.7959164 
0.7792459 
0.7681263 
0.7656158 
0.7845908 
0.8058763 
0.7996333 
0.7847299 
0.7537507 
0.7402484 
0.7490759 
0.7704135 
0.7849149 
0.7907241 
0.7714976 
0.7539929 
0.7425595 
0.7492162 
0.7767391 
0.7947195 
0.7971352 
0.7829438 
0.7647926 
0.7510014 
0.7604531 
0.7852792 
0.7992317 
0.7972592 
0.7811440 
0.7662704 
0.7615865 
0.7682084 
0.7693456 
0.7758259 
0.7854482 
0.7824298 
0.7615692 
0.7591687 
0.7527502 
0.7625436 
0.7597936 
0.7647413 
0.7591130 
0.7553329 
0.7379306 
0.7368811 
0.7420401 
0.7508027 
0.7560926 
0.7585867 
0.7465632 
0.7396250 
0.7368231 
0.7512821 
0.7699550 
0.7855173 
0.7915410 
0.7740813 
0.7579480 
0.7486583 
0.7500505 
0.7495748 
0.7618178 
0.7663095 
0.7557565 
0.7423164 
0.7443247 
0.7456474 
0.7660927 
0.7745029 
0.7757103 
0.7739772 
0.7682757 
0.7594256 
0.7661586 
0.7784095 
0.7794043 
0.7728255 
0.7679281 
0.7666192 
0.7718718 
0.7766406 
0.7907094 
0.7959082 
0.7939487 
0.7902103 
0.7768498 
0.7568442 
0.7476771 
0.7433260 
0.7522840 
0.7492583 
0.7528029 
0.7570151 
0.7583998 
0.7584443 
0.7524825 
0.7624556 
0.7699305 
0.7648016 
0.7532733 
0.7468651 
0.7485326 
0.7503353 
0.7447841 
0.7392033 
0.7486455 
0.7495704 
0.7536521 
0.7529501 
0.7581941 
0.7657105 
0.7730504 
0.7744722 
0.7672798 
0.7734101 
0.7655239 
0.7647838 
0.7483621 
0.7375144 
0.7303008 
0.7302859 
0.7220322 
0.7235507 
0.7240087 
0.7139253 
0.7236778 
0.7285374 
0.7345971 
0.7242926 
0.7290170 
0.7324702 
0.7450661 
0.7364382 
0.7337980 
0.7304254 
0.7348055 
0.7343418 
0.7366847 
0.7421919 
0.7379033 
0.7423287 
0.7378670 
0.7413039 
0.7338033 
0.7483800 
0.7517757 
0.7516114 
0.7558404 
0.7648519 
0.7571254 
0.7499966 
0.7414706 
0.7474610 
0.7481844 
0.7567618 
0.7520591 
0.7566789 
0.7582662 
0.7532571 
0.7448323 
0.7382957 
0.7493520 
0.7568288 
0.7597721 
0.7510136 
0.7455630 
0.7460357 
0.7560617 
0.7537431 
0.7686998 
0.7628519 
0.7556994 
0.7428387 
0.7442085 
0.7497951 
0.7589239 
0.7613962 
0.7638308 
0.7594545 
0.7568512 
0.7456776 
0.7378638 
0.7365852 
0.7406425 
0.7489615 
0.7540798 
0.7486476 
0.7314006 
0.7347103 
0.7360921 
0.7338396 
0.7415221 
0.7448399 
0.7476470 
0.7526208 
0.7478598 
0.7526514 
0.7537095 
0.7471517 
0.7405432 
0.7368561 
0.7367527 
0.7455333 
0.7512167 
0.7609743 
0.7636789 
0.7574867 
0.7471953 
0.7440581 
0.7521932 
0.7504515 
0.7474069 
0.7476573 
0.7529870 
0.7530128 
0.7548428 
0.7490884 
0.7489865 
0.7489186 
0.7537385 
0.7483259 
0.7544156 
0.7579523 
0.7540870 
0.7605244 
0.7497426 
0.7431169 
0.7362512 
0.7348261 
0.7361994 
0.7417668 
0.7364193 
0.7327447 
0.7202495 
0.7268342 
0.7220112 
0.7179305 
0.7242610 
0.7186077 
0.7229705 
0.7328638 
0.7426624 
0.7326129 
0.7307022 
0.7162540 
0.7071191 
0.7075687 
0.7044635 
0.7041934 
0.7181372 
0.7207377 
0.7177044 
0.7302121 
0.7305151 
0.7274495 
0.7370357 
0.7326709 
0.7341150 
0.7336323 
0.7337044 
0.7344567 
0.7312117 
0.7212837 
0.7227784 
0.7076585 
0.7093043 
0.7114844 
0.7157125 
0.7179602 
0.7225268 
0.7231220 
0.7306406 
0.7117525 
0.7023622 
0.6914349 
0.6916119 
0.6927538 
0.7052924 
0.7098578 
0.7166494 
0.7084224 
0.7073252 
0.7093571 
0.7059510 
0.7084000 
0.7088807 
0.7035967 
0.7024064 
0.6975103 
0.6969365 
0.6955667 
0.7002012 
0.7055581 
0.7110615 
0.7146383 
0.7150064 
0.7194123 
0.7242332 
0.7181710 
0.7178173 
0.7140928 
0.7182112 
0.7209915 
0.7339991 
0.7410678 
0.7229729 
0.7197924 
0.7163076 
0.7166125 
0.7164948 
0.7162018 
0.7148361 
0.7063355 
0.6949893 
0.6900212 
0.6962636 
0.6945810 
0.6956677 
0.7058437 
0.7171788 
0.7147472 
0.7139362 
0.7082683 
0.7094774 
0.7033668 
0.7099364 
0.7090428 
0.7020913 
0.6960969 
0.6834331 
0.6915040 
0.6895631 
0.7038751 
0.7066058 
0.7056358 
0.7036794 
0.7030370 
0.7076337 
0.7151007 
0.7144015 
0.7073336 
0.6997095 
0.6956305 
0.6962357 
0.7033133 
0.7121517 
0.7183175 
0.7105366 
0.7035498 
0.6962805 
0.6899492 
0.6904312 
0.6911075 
0.6801104 
0.6726375 
0.6692340 
0.6816280 
0.6931404 
0.6960366 
0.7005842 
0.7001423 
0.6959441 
0.6858656 
0.6783799 
0.6878700 
0.6911094 
0.6843942 
0.6755046 
0.6786974 
0.6910661 
0.6988868 
0.6999812 
0.6994656 
0.6885432 
0.6950506 
0.6794711 
0.6757323 
0.6795281 
0.6794007 
0.6763056 
0.6807886 
0.6761375 
0.6748049 
0.6736232 
0.6799242 
0.6763648 
0.6768764 
0.6739442 
0.6806597 
0.6679370 
0.6695094 
0.6690836 
0.6686447 
0.6898400 
0.6921248 
0.6931975 
0.6938097 
0.6806777 
0.6767180 
0.6641138 
0.6639905 
0.6617456 
0.6579095 
0.6560991 
0.6472243 
0.6416246 
0.6397621 
0.6479975 
0.6524466 
0.6539597 
0.6583942 
0.6556282 
0.6493127 
0.6547893 
0.6546477 
0.6434378 
0.6364415 
0.6414353 
0.6474110 
0.6495278 
0.6489119 
0.6512941 
0.6604288 
0.6580063 
0.6629859 
0.6687466 
0.6653584 
0.6661060 
0.6703871 
0.6650230 
0.6551973 
0.6462317 
0.6463542 
0.6499857 
0.6587095 
0.6418722 
0.6470590 
0.6425782 
0.6473546 
0.6481263 
0.6465477 
0.6461506 
0.6475296 
0.6479859 
0.6491559 
0.6454420 
0.6483722 
0.6483427 
0.6539713 
0.6453118 
0.6457441 
0.6478234 
0.6418858 
0.6426764 
0.6413112 
0.6417558 
0.6321760 
0.6279733 
0.6292891 
0.6403281 
0.6463565 
0.6510891 
0.6530734 
0.6498124 
0.6397112 
0.6350215 
0.6358273 
0.6444515 
0.6552816 
0.6618902 
0.6465793 
0.6395462 
0.6287867 
0.6397800 
0.6409346 
0.6431729 
0.6462208 
0.6452691 
0.6491330 
0.6489182 
0.6431114 
0.6453102 
0.6373469 
0.6347767 
0.6383584 
0.6415890 
0.6445119 
0.6429941 
0.6524004 
0.6380762 
0.6354928 
0.6289403 
0.6240639 
0.6346305 
0.6379110 
0.6450765 
0.6474871 
0.6421242 
0.6359875 
0.6301410 
0.6346423 
0.6356870 
0.6398813 
0.6288745 
0.6177544 
0.6227948 
0.6106313 
0.6117868 
0.6140574 
0.6168745 
0.6105521 
0.6076334 
0.6195389 
0.6245526 
0.6242948 
0.6178331 
0.6202552 
0.6184736 
0.6194774 
0.6148675 
0.6035515 
0.5943231 
0.5959909 
0.5988883 
0.6081800 
0.6215382 
0.6179342 
0.6158620 
0.6171359 
0.6168668 
0.6234142 
0.6364820 
0.6376102 
0.6279376 
0.6197042 
0.6159384 
0.6322906 
0.6382556 
0.6324194 
0.6391885 
0.6429293 
0.6374928 
0.6322015 
0.6214180 
0.6105787 
0.6035997 
0.6068204 
0.6152079 
0.6314719 
0.6427795 
0.6512315 
0.6477522 
0.6249439 
0.6059818 
0.5903605 
0.5912853 
0.5902278 
0.5957253 
0.5995514 
0.6021199 
0.6072027 
0.6172497 
0.6168983 
0.6167382 
0.6164892 
0.6204662 
0.6258402 
0.6262423 
0.6315837 
0.6215413 
0.6009196 
0.5920523 
0.5968642 
0.6008489 
0.6085647 
0.6054779 
0.6049125 
0.5953487 
0.5875638 
0.5892635 
0.5827449 
0.5862877 
0.6034811 
0.6166194 
0.6311999 
0.6335702 
0.6284492 
0.6145679 
0.6021008 
0.5972434 
0.5939202 
0.5873646 
0.5906311 
0.5925492 
0.5894362 
0.5903019 
0.5927889 
0.5935684 
0.5696704 
0.5658959 
0.5707954 
0.5816667 
0.5965722 
0.6013100 
0.6010255 
0.6040939 
0.5980025 
0.5918703 
0.5895126 
0.5870984 
0.5842056 
0.5903437 
0.5888248 
0.5931997 
0.5965158 
0.6066548 
0.6069442 
0.6071870 
0.6050367 
0.5995845 
0.5941821 
0.5815930 
0.5798042 
0.5826345 
0.5903379 
0.6007282 
0.5981991 
0.5927665 
0.5944544 
0.5941035 
0.5824018 
0.5736419 
0.5729156 
0.5752282 
0.5734507 
0.5736683 
0.5625288 
0.5620161 
0.5601124 
0.5566152 
0.5579050 
0.5645388 
0.5648700 
0.5642856 
0.5707413 
0.5733059 
0.5740793 
0.5743129 
0.5689051 
0.5636270 
0.5671210 
0.5686842 
0.5749404 
0.5739147 
0.5751546 
0.5788515 
0.5907943 
0.5943428 
0.5887098 
0.5797815 
0.5665950 
0.5573234 
0.5513857 
0.5497614 
0.5543683 
0.5627362 
0.5637112 
0.5592435 
0.5588219 
0.5641658 
0.5713206 
0.5746861 
0.5765515 
0.5677351 
0.5574238 
0.5496600 
0.5355142 
0.5301284 
0.5238197 
0.5300143 
0.5318577 
0.5426773 
0.5388579 
0.5516824 
0.5619357 
0.5600970 
0.5551260 
0.5517645 
0.5527975 
0.5582254 
0.5616130 
0.5673368 
0.5596203 
0.5582212 
0.5554140 
0.5597627 
0.5613947 
0.5559987 
0.5590322 
0.5631237 
0.5625956 
0.5606885 
0.5586966 
0.5588672 
0.5680308 
0.5738904 
0.5579466 
0.5561085 
0.5596314 
0.5654794 
0.5610381 
0.5507906 
0.5530251 
0.5514065 
0.5559334 
0.5638281 
0.5550154 
0.5477868 
0.5604813 
0.5706014 
0.5730650 
0.5650186 
0.5493998 
0.5407418 
0.5432086 
0.5423313 
0.5373323 
0.5347406 
0.5425529 
0.5510354 
0.5542041 
0.5532218 
0.5477281 
0.5425883 
0.5429127 
0.5365671 
0.5334863 
0.5310402 
0.5290952 
0.5360485 
0.5456333 
0.5589096 
0.5672519 
0.5755669 
0.5772140 
0.5823283 
0.5742861 
0.5637398 
0.5458175 
0.5418059 
0.5383119 
0.5337589 
0.5319752 
0.5261597 
0.5270506 
0.5293315 
0.5282229 
0.5301255 
0.5373888 
0.5403161 
0.5432154 
0.5398567 
0.5377204 
0.5343181 
0.5323551 
0.5442972 
0.5442109 
0.5570323 
0.5618766 
0.5667659 
0.5623569 
0.5575933 
0.5630939 
0.5610666 
0.5716843 
0.5658497 
0.5507285 
0.5400153 
0.5373564 
0.5461520 
0.5448333 
0.5441216 
0.5453563 
0.5450335 
0.5409275 
0.5339254 
0.5332765 
0.5383399 
0.5415374 
0.5512956 
0.5549170 
0.5401774 
0.5316246 
0.5362589 
0.5345756 
0.5447928 
0.5551616 
0.5665203 
0.5620068 
0.5469600 
0.5354375 
0.5197263 
0.5200261 
0.5263232 
0.5382708 
0.5426304 
0.5395417 
0.5372948 
0.5294894 
0.5201792 
0.5182526 
0.5199880 
0.5273876 
0.5262354 
0.5280905 
0.5248830 
0.5205718 
0.5186071 
0.5224647 
0.5228443 
0.5192656 
0.5252218 
0.5330824 
0.5319993 
0.5275223 
0.5222465 
0.5164150 
0.5085438 
0.5071043 
0.5161514 
0.5168635 
0.5182192 
0.5226286 
0.5279216 
0.5329763 
0.5283214 
0.5212329 
0.5205973 
0.5076619 
0.5157980 
0.5146360 
0.5180963 
0.5138751 
0.5063742 
0.4996643 
0.4964499 
0.4943709 
0.4931541 
0.4960995 
0.5071847 
0.5007531 
0.4977470 
0.4881829 
0.4970292 
0.5080591 
0.5121293 
0.5084841 
0.5072297 
0.5020158 
0.5153587 
0.5176105 
0.5223573 
0.5214561 
0.5217687 
0.5232943 
0.5197843 
0.5197827 
0.5206719 
0.5219752 
0.5153086 
0.5078819 
0.5034128 
0.5118042 
0.5077083 
0.5004027 
0.5021120 
0.5084055 
0.5088384 
0.5026685 
0.4968902 
0.5023480 
0.5184885 
0.5155305 
0.5153381 
0.5208424 
0.5277013 
0.5223194 
0.5206399 
0.5169508 
0.4983568 
0.5084170 
0.5154334 
0.5095641 
0.5014976 
0.5049343 
0.5083443 
0.5079587 
0.5100044 
0.5003370 
0.5003815 
0.5045477 
0.4971169 
0.5039872 
0.4979600 
0.5066955 
0.5049585 
0.4959859 
0.4978799 
0.4996532 
0.5049801 
0.5010266 
0.5023516 
0.4943600 
0.4919256 
0.4913377 
0.4908349 
0.4950878 
0.4905264 
0.4873504 
0.4811431 
0.4806463 
0.4774456 
0.4809485 
0.4770671 
0.4842891 
0.4831895 
0.4812549 
0.4843347 
0.4895525 
0.4980619 
0.4949534 
0.4924845 
0.4965540 
0.4837039 
0.4893884 
0.4922305 
0.5010914 
0.4982610 
0.4941170 
0.4808300 
0.4682253 
0.4701368 
0.4746568 
0.4709864 
0.4676244 
0.4653760 
0.4642911 
0.4681141 
0.4718311 
0.4810790 
0.4859877 
0.4883787 
0.4898204 
0.4847616 
0.4890489 
0.4894746 
0.4799536 
0.4785938 
0.4888571 
0.4917392 
0.4902302 
0.4972173 
0.4908950 
0.4865329 
0.4872740 
0.4938775 
0.4987399 
0.5026557 
0.4978511 
0.4964331 
0.4981714 
0.4945381 
0.4933973 
0.4958491 
0.4881497 
0.4821735 
0.4786952 
0.4742908 
0.4761488 
0.4774160 
0.4754823 
0.4723601 
0.4699270 
0.4595271 
0.4493998 
0.4478371 
0.4548502 
0.4659119 
0.4744216 
0.4790560 
0.4724235 
0.4672989 
0.4641681 
0.4615664 
0.4603436 
0.4651811 
0.4669672 
0.4640098 
0.4625177 
0.4650645 
0.4696576 
0.4776047 
0.4776750 
0.4788589 
0.4741058 
0.4593606 
0.4574933 
0.4603903 
0.4615327 
0.4589745 
0.4490116 
0.4534206 
0.4537878 
0.4595961 
0.4600155 
0.4600802 
0.4631015 
0.4587065 
0.4481207 
0.4479569 
0.4459167 
0.4438016 
0.4451149 
0.4459449 
0.4431077 
0.4428588 
0.4444634 
0.4460832 
0.4482217 
0.4524733 
0.4564338 
0.4590067 
0.4581121 
0.4565673 
0.4553911 
0.4570691 
0.4520495 
0.4492130 
0.4537718 
0.4605132 
0.4608520 
0.4652632 
0.4610345 
0.4594343 
0.4514082 
0.4549217 
0.4528669 
0.4516401 
0.4439770 
0.4503194 
0.4490420 
0.4455806 
0.4446251 
0.4416399 
0.4440190 
0.4537193 
0.4556541 
0.4496577 
0.4463971 
0.4418091 
0.4463179 
0.4487123 
0.4586467 
0.4572617 
0.4591216 
0.4547779 
0.4618070 
0.4663773 
0.4704724 
0.4813677 
0.4811292 
0.4711331 
0.4674582 
0.4444260 
0.4199887 
0.4282112 
0.4304488 
0.4256642 
0.4278496 
0.4270851 
0.4260450 
0.4286213 
0.4342724 
0.4437886 
0.4338951 
0.4220978 
0.4164255 
0.4180156 
0.4306426 
0.4382706 
0.4446428 
0.4482089 
0.4550393 
0.4597025 
0.4478527 
0.4443836 
0.4376269 
0.4349294 
0.4355121 
0.4331275 
0.4328068 
0.4415742 
0.4417486 
0.4494704 
0.4554433 
0.4574158 
0.4603039 
0.4581120 
0.4552206 
0.4478373 
0.4379138 
0.4338509 
0.4287430 
0.4226059 
0.4288704 
0.4347570 
0.4510952 
0.4577765 
0.4645070 
0.4648736 
0.4498915 
0.4406521 
0.4276584 
0.4216431 
0.4194321 
0.4252855 
0.4280781 
0.4341562 
0.4478945 
0.4482115 
0.4422271 
0.4387266 
0.4302715 
0.4211786 
0.4118473 
0.4158058 
0.4201451 
0.4239023 
0.4314524 
0.4337721 
0.4325535 
0.4446345 
0.4397892 
0.4344552 
0.4293744 
0.4095462 
0.3943490 
0.3994535 
0.4039821 
0.4006131 
0.4014066 
0.3916773 
0.3804108 
0.3823206 
0.3830308 
0.3865035 
0.3869986 
0.3904310 
0.4013486 
0.4080627 
0.4215165 
0.4216500 
0.4191068 
0.4081016 
0.3915568 
0.3764991 
0.3753973 
0.3737347 
0.3764089 
0.3843819 
0.3952023 
0.4102462 
0.4116970 
0.4108615 
0.3985393 
0.3831490 
0.3761004 
0.3703998 
0.3674671 
0.3672930 
0.3715107 
0.3905264 
0.4052584 
0.4180150 
0.4259935 
0.4227083 
0.4195221 
0.4160988 
0.4074311 
0.3919291 
0.3678093 
0.3608277 
0.3742971 
0.3935153 
0.4064478 
0.4088313 
0.3963281 
0.3871014 
0.3859823 
0.3820834 
0.3713594 
0.3586644 
0.3488168 
0.3543034 
0.3556177 
0.3625635 
0.3588808 
0.3612997 
0.3611776 
0.3632593 
0.3672451 
0.3707913 
0.3692606 
0.3677131 
0.3682889 
0.3726814 
0.3734954 
0.3777591 
0.3791421 
0.3901187 
0.3910946 
0.3966618 
0.3990307 
0.3925783 
0.3852628 
0.3825989 
0.3814083 
0.3844582 
0.3905492 
0.3892503 
0.3823374 
0.3789597 
0.3775005 
0.3764123 
0.3713273 
0.3729602 
0.3738382 
0.3798493 
0.3769584 
0.3787471 
0.3703691 
0.3678261 
0.3726570 
0.3716737 
0.3730226 
0.3758755 
0.3725273 
0.3715259 
0.3744997 
0.3709741 
0.3658309 
0.3613232 
0.3616000 
0.3577076 
0.3634253 
0.3672739 
0.3688409 
0.3687125 
0.3672961 
0.3778051 
0.3753921 
0.3687041 
0.3682172 
0.3651116 
0.3677885 
0.3761938 
0.3841270 
0.3868852 
0.3783272 
0.3800442 
0.3771095 
0.3752384 
0.3771251 
0.3821651 
0.3879332 
0.3886073 
0.3836422 
0.3750161 
0.3716118 
0.3695129 
0.3730803 
0.3809183 
0.3775994 
0.3867730 
0.3882560 
0.3843940 
0.3734753 
0.3599265 
0.3470502 
0.3477665 
0.3576415 
0.3713193 
0.3757942 
0.3703051 
0.3743932 
0.3811270 
0.3719510 
0.3661605 
0.3656617 
0.3572738 
0.3704642 
0.3747697 
0.3781844 
0.3735950 
0.3612840 
0.3548338 
0.3532854 
0.3527828 
0.3535519 
0.3648960 
0.3746168 
0.3810329 
0.3843034 
0.3876672 
0.3877244 
0.3763055 
0.3760741 
0.3641346 
0.3565829 
0.3421961 
0.3408162 
0.3402194 
0.3469568 
0.3638322 
0.3713610 
0.3794033 
0.3846431 
0.3864291 
0.3725854 
0.3695704 
0.3543780 
0.3483091 
0.3410494 
0.3396036 
0.3427594 
0.3484927 
0.3477058 
0.3419941 
0.3373120 
0.3381426 
0.3416090 
0.3371359 
0.3431128 
0.3445431 
0.3455560 
0.3448159 
0.3435736 
0.3390816 
0.3381006 
0.3419566 
0.3411894 
0.3471864 
0.3503804 
0.3500230 
0.3575785 
0.3569493 
0.3545600 
0.3517315 
0.3512998 
0.3453297 
0.3426952 
0.3457461 
0.3475399 
0.3439595 
0.3322160 
0.3255149 
0.3290129 
0.3302199 
0.3272287 
0.3350760 
0.3452452 
0.3470970 
0.3500664 
0.3489371 
0.3421771 
0.3321218 
0.3302190 
0.3294613 
0.3291356 
0.3380758 
0.3522502 
0.3599309 
0.3604793 
0.3612554 
0.3521909 
0.3445109 
0.3467432 
0.3467824 
0.3454674 
0.3373641 
0.3406421 
0.3424322 
0.3403913 
0.3404640 
0.3383952 
0.3408201 
0.3335674 
0.3357669 
0.3320289 
0.3252039 
0.3203433 
0.3222093 
0.3210156 
0.3249446 
0.3224648 
0.3184988 
0.3215258 
0.3294380 
0.3219829 
0.3283808 
0.3401923 
0.3404269 
0.3354454 
0.3342573 
0.3342077 
0.3318559 
0.3272267 
0.3309193 
0.3308178 
0.3379238 
0.3313983 
0.3191265 
0.3229406 
0.3206888 
0.3179502 
0.3164880 
0.3156382 
0.3144885 
0.3134733 
0.2961169 
0.2883501 
0.2930336 
0.3028605 
0.3097185 
0.3142250 
0.3113761 
0.3066743 
0.3037137 
0.3077686 
0.3167560 
0.3224697 
0.3248912 
0.3194663 
0.3058742 
0.3049962 
0.3038374 
0.3168404 
0.3279815 
0.3360765 
0.3327103 
0.3301960 
0.3163810 
0.3134552 
0.3135771 
0.3141883 
0.3146450 
0.3047679 
0.2994916 
0.2978785 
0.2959924 
0.2982103 
0.3051051 
0.3137336 
0.3020642 
0.2934607 
0.2972715 
0.2945868 
0.2969019 
0.3035575 
0.3059083 
0.3026010 
0.2947907 
0.2900729 
0.2905021 
0.2963994 
0.2989708 
0.2968451 
0.2914572 
0.2778568 
0.2839214 
0.2929349 
0.2971822 
0.2991376 
0.2995605 
0.3052853 
0.3092412 
0.3126488 
0.3161719 
0.3163420 
0.3119483 
0.3038255 
0.3051094 
0.3092639 
0.3113324 
0.3063709 
0.2974966 
0.2867775 
0.2907928 
0.2961893 
0.3001748 
0.3024738 
0.2947560 
0.2886684 
0.2816796 
0.2798060 
0.2886654 
0.2885309 
0.2922806 
0.2883408 
0.2805412 
0.2730868 
0.2759198 
0.2765751 
0.2815102 
0.2781048 
0.2808524 
0.2807933 
0.2876507 
0.2856018 
0.2933531 
0.2925512 
0.2953178 
0.2993720 
0.2982017 
0.2893901 
0.2842066 
0.2839540 
0.2843383 
0.2800250 
0.2841259 
0.2805998 
0.2799805 
0.2783021 
0.2784871 
0.2774014 
0.2741326 
0.2753259 
0.2748686 
0.2750121 
0.2695231 
0.2627866 
0.2658719 
0.2695755 
0.2717500 
0.2714866 
0.2694117 
0.2695876 
0.2607803 
0.2611360 
0.2647548 
0.2676914 
0.2707530 
0.2724722 
0.2784712 
0.2822626 
0.2879193 
0.2890826 
0.2880608 
0.2894240 
0.2928229 
0.2985077 
0.2962484 
0.3003002 
0.2983910 
0.3004067 
0.2987026 
0.2979657 
0.2935607 
0.2970195 
0.2975623 
0.2930762 
0.2960455 
0.2819542 
0.2833050 
0.2888938 
0.2972341 
0.2998445 
0.2883629 
0.2857705 
0.2821955 
0.2819248 
0.2787532 
0.2793932 
0.2761793 
0.2712927 
0.2694517 
0.2668864 
0.2696948 
0.2710175 
0.2680447 
0.2707627 
0.2687967 
0.2599833 
0.2538500 
0.2572892 
0.2542503 
0.2517035 
0.2481128 
0.2483234 
0.2523817 
0.2535873 
0.2645281 
0.2557967 
0.2404190 
0.2441221 
0.2443857 
0.2484806 
0.2468146 
0.2527249 
0.2614178 
0.2638098 
0.2713109 
0.2776090 
0.2787324 
0.2709319 
0.2697051 
0.2708182 
0.2675736 
0.2696267 
0.2785319 
0.2795401 
0.2772109 
0.2827823 
0.2809219 
0.2770659 
0.2769845 
0.2733046 
0.2698682 
0.2712424 
0.2731262 
0.2709296 
0.2804729 
0.2961638 
0.3019854 
0.3047953 
0.3003746 
0.2967485 
0.2922976 
0.2935859 
0.2812578 
0.2735236 
0.2656404 
0.2596143 
0.2602451 
0.2596136 
0.2512847 
0.2458874 
0.2498311 
0.2416478 
0.2404350 
0.2334994 
0.2290024 
0.2295473 
0.2337796 
0.2328954 
0.2349380 
0.2348665 
0.2425473 
0.2395541 
0.2357658 
0.2413526 
0.2315280 
0.2247255 
0.2265385 
0.2330045 
0.2344862 
0.2371281 
0.2390964 
0.2402906 
0.2456233 
0.2460171 
0.2478272 
0.2404200 
0.2403406 
0.2460559 
0.2486570 
0.2509051 
0.2491904 
0.2468896 
0.2453247 
0.2491814 
0.2554525 
0.2624456 
0.2638855 
0.2467998 
0.2343388 
0.2296304 
0.2282740 
0.2302246 
0.2303314 
0.2335228 
0.2381643 
0.2436328 
0.2376103 
0.2316654 
0.2267571 
0.2250075 
0.2354440 
0.2398679 
0.2440532 
0.2384880 
0.2363916 
0.2290481 
0.2276405 
0.2364283 
0.2346511 
0.2334670 
0.2289555 
0.2335726 
0.2485466 
0.2509814 
0.2624485 
0.2604746 
0.2477449 
0.2440903 
0.2468140 
0.2629206 
0.2636381 
0.2480623 
0.2361863 
0.2277538 
0.2368173 
0.2534861 
0.2560534 
0.2520355 
0.2305971 
0.2266467 
0.2367067 
0.2499656 
0.2510471 
0.2457378 
0.2370851 
0.2393844 
0.2372715 
0.2384440 
0.2325128 
0.2221148 
0.2103831 
0.1985548 
0.1963898 
0.1976043 
0.1952402 
0.1821871 
0.1665693 
0.1426511 
0.1390612 
0.1446001 
0.1539618 
0.1735010 
0.1842423 
0.1849964 
0.1843034 
0.1838843 
0.1898715 
0.1966104 
0.2109168 
0.2254727 
0.2272847 
0.2315632 
0.2346426 
0.2421269 
0.2443590 
0.2484411 
0.2510223 
0.2567761 
0.2609987 
0.2570093 
0.2549973 
0.2451558 
0.2388788 
0.2262352 
0.2357803 
0.2383016 
0.2430014 
0.2485550 
0.2535890 
0.2487277 
0.2444001 
0.2353871 
0.2281534 
0.2238995 
0.2173841 
0.2149924 
0.2133976 
0.2213799 
0.2198525 
0.2194560 
0.2186662 
0.2059239 
0.1943379 
0.1758068 
0.1642634 
0.1558355 
0.1467512 
0.1533049 
0.1602910 
0.1698121 
0.1637047 
0.1663249 
0.1750852 
0.1750497 
0.1770829 
0.1766371 
0.1791405 
0.1810887 
0.1828036 
0.1883183 
0.1900028 
0.1984598 
0.1999918 
0.2040005 
0.2184072 
0.2305418 
0.2557502 
0.2735881 
0.2893928 
0.2930691 
0.2790903 
0.2695167 
0.2534525 
0.2444850 
0.2322827 
0.2344036 
0.2375323 
0.2390628 
0.2463390 
0.2507175 
0.2487095 
0.2609636 
0.2606018 
0.2510682 
0.2393941 
0.2394750 
0.2330712 
0.2266473 
0.2131926 
0.2022412 
0.1898852 
0.1866561 
0.1921174 
0.1946012 
0.2055996 
0.2176129 
0.2240313 
0.2132179 
0.2032719 
0.2023386 
0.1849231 
0.1662221 
0.1542479 
0.1423526 
0.1430663 
0.1362502 
0.1395731 
0.1483670 
0.1483918 
0.1498616 
0.1532307 
0.1607253 
0.1596540 
0.1607841 
0.1582190 
0.1572761 
0.1607708 
0.1617521 
0.1734125 
0.1770565 
0.1819813 
0.1830894 
0.1858090 
0.1946809 
0.2032649 
0.2263960 
0.2328385 
0.2287526 
0.2302874 
0.2292629 
0.2265496 
0.2217935 
0.2181522 
0.2320148 
0.2281190 
0.2264724 
0.2244418 
0.2186567 
0.2166054 
0.2158134 
0.2088666 
0.2017657 
0.1998721 
0.1973265 
0.1954152 
0.2019903 
0.2010510 
0.1872574 
0.1850981 
0.1761623 
0.1657114 
0.1673093 
0.1687098 
0.1756546 
0.1734574 
0.1582877 
0.1575403 
0.1484040 
0.1469428 
0.1431463 
0.1368496 
0.1239953 
0.1214952 
0.1143193 
0.1254281 
0.1294824 
0.1264204 
0.1320946 
0.1239563 
0.1306308 
0.1266493 
0.1206535 
0.1261215 
0.1314203 
0.1391953 
0.1497111 
0.1506678 
0.1600361 
0.1536483 
0.1494626 
0.1537911 
0.1622083 
0.1598934 
0.1559712 
0.1569576 
0.1601293 
0.1690756 
0.1752991 
0.1693597 
0.1667697 
0.1722608 
0.1728495 
0.1720048 
0.1724464 
0.1668850 
0.1682202 
0.1602831 
0.1621316 
0.1613391 
0.1627875 
0.1693621 
0.1663363 
0.1587297 
0.1479339 
0.1482805 
0.1550927 
0.1642010 
0.1642460 
0.1618541 
0.1584540 
0.1531963 
0.1463104 
0.1474896 
0.1476438 
0.1432100 
0.1373973 
0.1298913 
0.1328464 
0.1292487 
0.1302448 
0.1294153 
0.1315863 
0.1370480 
0.1392574 
0.1385419 
0.1367832 
0.1307803 
0.1294645 
0.1275327 
0.1318177 
0.1336140 
0.1426328 
0.1357441 
0.1255238 
0.1232905 
0.1348551 
0.1481839 
0.1576808 
0.1613513 
0.1573241 
0.1563728 
0.1554080 
0.1477328 
0.1511998 
0.1522176 
0.1474825 
0.1502186 
0.1436595 
0.1418207 
0.1368514 
0.1360338 
0.1416247 
0.1474832 
0.1501164 
0.1540190 
0.1492876 
0.1354556 
0.1230785 
0.1218841 
0.1186435 
0.1212793 
0.1277703 
0.1151594 
0.1122841 
0.1068916 
0.1129759 
0.1201990 
0.1327800 
0.1415296 
0.1448727 
0.1277984 
0.0958281 
0.0888737 
0.0902670 
0.0971838 
0.1043192 
0.1047064 
0.1001736 
0.1060359 
0.1055064 
0.1122876 
0.1209138 
0.1221117 
0.1165644 
0.1046074 
0.1009566 
0.0970093 
0.0916541 
0.1011789 
0.1100400 
0.1185016 
0.1236316 
0.1244241 
0.1220776 
0.1248269 
0.1226098 
0.1219126 
0.1306756 
0.1291766 
0.1300759 
0.1253807 
0.1363363 
0.1418037 
0.1432135 
0.1428767 
0.1486346 
0.1483068 
0.1456790 
0.1448950 
0.1484562 
0.1513483 
0.1473965 
0.1475235 
0.1490557 
0.1486757 
0.1460090 
0.1373091 
0.1286450 
0.1243299 
0.1242580 
0.1233383 
0.1292567 
0.1315408 
0.1207436 
0.1170768 
0.1123338 
0.1184870 
0.1216025 
0.1151198 
0.1127664 
0.1051055 
0.1020183 
0.1000078 
0.0960982 
0.0958954 
0.0923386 
0.0996894 
0.1007517 
0.0932671 
0.0904958 
0.0890987 
0.0925428 
0.0975526 
0.1022433 
0.0951287 
0.0894457 
0.0905709 
0.0911793 
0.0945632 
0.0937270 
0.1022689 
0.1004538 
0.1014548 
0.1048000 
0.1003820 
0.0993129 
0.0967509 
0.1009820 
0.0956567 
0.0936195 
0.0965567 
0.0947652 
0.1065667 
0.1114923 
0.1236042 
0.1161111 
0.1097926 
0.1026828 
0.1031029 
0.1069701 
0.1105643 
0.1104889 
0.1134122 
0.1246329 
0.1313051 
0.1318483 
0.1325080 
0.1350173 
0.1263810 
0.1245292 
0.1254463 
0.1123044 
0.1075269 
0.0999508 
0.0994677 
0.1004950 
0.0994524 
0.0989186 
0.1003431 
0.0931964 
0.0957772 
0.0932889 
0.0856947 
0.0988676 
0.1073593 
0.1133944 
0.1026648 
0.0921377 
0.0916354 
0.0870834 
0.0832453 
0.0781530 
0.0781559 
0.0736484 
0.0722276 
0.0691280 
0.0759579 
0.0726848 
0.0718791 
0.0731847 
0.0779071 
0.0755126 
0.0789821 
0.0810966 
0.0821506 
0.0861447 
0.0871315 
0.0863117 
0.0837949 
0.0882601 
0.0925954 
0.0954952 
0.1044831 
0.1095174 
0.1161974 
0.1151007 
0.1131907 
0.1190235 
0.1134703 
0.1108729 
0.1115172 
0.1074052 
0.1109053 
0.1189060 
0.1188602 
0.1177879 
0.1145166 
0.1085277 
0.1031037 
0.1007985 
0.0980569 
0.0879940 
0.0957440 
0.0984039 
0.0962095 
0.0958608 
0.0842478 
0.0753806 
0.0673441 
0.0639205 
0.0598681 
0.0600946 
0.0574947 
0.0527826 
0.0574835 
0.0592084 
0.0572120 
0.0563367 
0.0405985 
0.0376014 
0.0423967 
0.0464617 
0.0551048 
0.0537591 
0.0590611 
0.0574191 
0.0596000 
0.0554474 
0.0504685 
0.0450429 
0.0385218 
0.0467582 
0.0495299 
0.0526314 
0.0561213 
0.0656669 
0.0685114 
0.0642623 
0.0691056 
0.0763795 
0.0816505 
0.0843108 
0.0878649 
0.0806842 
0.0839319 
0.0868178 
0.0817636 
0.0859441 
0.0940588 
0.0955318 
0.1030227 
0.1030650 
0.1061839 
0.1030854 
0.1069598 
0.1017802 
0.1086750 
0.1042532 
0.0845798 
0.0819039 
0.0812649 
0.0848398 
0.0908961 
0.0883457 
0.0842369 
0.0859273 
0.0869628 
0.0819155 
0.0826409 
0.0830314 
0.0842475 
0.0762868 
0.0762871 
0.0751610 
0.0727099 
0.0706817 
0.0655265 
0.0647449 
0.0595199 
0.0626977 
0.0530980 
0.0554421 
0.0490098 
0.0443400 
0.0491508 
0.0532834 
0.0462011 
0.0471247 
0.0496417 
0.0528616 
0.0545141 
0.0659917 
0.0786902 
0.0720875 
0.0659977 
0.0656281 
0.0672908 
0.0786830 
0.0864022 
0.0907373 
0.0921332 
0.0946714 
0.1025505 
0.1062421 
0.1189916 
0.1193234 
0.1125604 
0.1047586 
0.0993827 
0.1072240 
0.1172112 
0.1341680 
0.1321338 
0.1304930 
0.1231545 
0.1155125 
0.1109952 
0.1187047 
0.1182678 
0.1108835 
0.1044190 
0.1023681 
0.1040442 
0.1135470 
0.1219107 
0.1190060 
0.1131753 
0.1046687 
0.0981642 
0.0977488 
0.0955064 
0.0968885 
0.0949319 
0.0945324 
0.0893267 
0.0870467 
0.0852214 
0.0909698 
0.0973582 
0.0948077 
0.0859982 
0.0722440 
0.0740162 
0.0746169 
0.0703452 
0.0726266 
0.0761866 
0.0703611 
0.0715200 
0.0678353 
0.0649428 
0.0674696 
0.0732666 
0.0722611 
0.0726135 
0.0771944 
0.0727589 
0.0720890 
0.0706084 
0.0750449 
0.0675624 
0.0630619 
0.0654296 
0.0685808 
0.0738990 
0.0789997 
0.0897450 
0.0875643 
0.0863389 
0.0899493 
0.0903026 
0.0839045 
0.0921056 
0.1082953 
0.1081538 
0.1078414 
0.1103857 
0.1173467 
0.1101998 
0.1082930 
0.1088711 
0.1122985 
0.1083796 
0.1095695 
0.1163889 
0.1137382 
0.1091181 
0.1077009 
0.0984335 
0.0887229 
0.0851345 
0.0826402 
0.0795580 
0.0824672 
0.0860162 
0.0894011 
0.0842378 
0.0899737 
0.0828552 
0.0675822 
0.0563739 
0.0487976 
0.0404650 
0.0410621 
0.0446946 
0.0430658 
0.0453115 
0.0548340 
0.0611741 
0.0644897 
0.0614456 
0.0612703 
0.0483059 
0.0298156 
0.0269584 
0.0245227 
0.0252952 
0.0342637 
0.0445010 
0.0447616 
0.0514320 
0.0580309 
0.0549714 
0.0507899 
0.0541717 
0.0522739 
0.0525854 
0.0535787 
0.0494494 
0.0481657 
0.0488097 
0.0490089 
0.0615219 
0.0689480 
0.0691338 
0.0742294 
0.0736759 
0.0696618 
0.0679510 
0.0662544 
0.0651516 
0.0640319 
0.0670278 
0.0731266 
0.0753251 
0.0811176 
0.0800752 
0.0789829 
0.0742601 
0.0713186 
0.0769665 
0.0746010 
0.0781696 
0.0771697 
0.0796559 
0.0810008 
0.0781176 
0.0783134 
0.0828474 
0.0757020 
0.0675264 
0.0742660 
0.0737432 
0.0716636 
0.0644205 
0.0564939 
0.0505716 
0.0429874 
0.0376960 
0.0417186 
0.0394382 
0.0494843 
0.0583586 
0.0601948 
0.0622308 
0.0576987 
0.0563998 
0.0595784 
0.0524867 
0.0465540 
0.0443184 
0.0414946 
0.0426710 
0.0429684 
0.0419484 
0.0484856 
0.0525392 
0.0578282 
0.0608536 
0.0626947 
0.0680285 
0.0738168 
0.0745260 
0.0768069 
0.0738843 
0.0781469 
0.0723639 
0.0647354 
0.0654471 
0.0573176 
0.0633638 
0.0666369 
0.0647699 
0.0596000 
0.0579288 
0.0591294 
0.0580111 
0.0661679 
0.0725101 
0.0713537 
0.0698150 
0.0596973 
0.0513564 
0.0519417 
0.0554616 
0.0508737 
0.0490037 
0.0440652 
0.0479262 
0.0320563 
0.0323453 
0.0473120 
0.0430819 
0.0473921 
0.0562948 
0.0495795 
0.0481686 
0.0486505 
0.0478063 
0.0491717 
0.0471754 
0.0464129 
0.0386618 
0.0332827 
0.0332637 
0.0344207 
0.0370433 
0.0410333 
0.0456845 
0.0520153 
0.0540785 
0.0507152 
0.0452555 
0.0451823 
0.0389216 
0.0355220 
0.0316043 
0.0333565 
0.0382383 
0.0427362 
0.0618436 
0.0661958 
0.0691328 
0.0738383 
0.0678546 
0.0573796 
0.0556348 
0.0462974 
0.0376948 
0.0359148 
0.0330216 
0.0351541 
0.0278119 
0.0413236 
0.0517130 
0.0639276 
0.0693922 
0.0705670 
0.0698765 
0.0650539 
0.0560776 
0.0601773 
0.0384281 
0.0246825 
0.0159207 
0.0096014 
0.0145449 
0.0200574 
0.0317433 
0.0434613 
0.0612942 
0.0677097 
0.0676379 
0.0690610 
0.0686771 
0.0643692 
0.0582195 
0.0394609 
0.0324800 
0.0291867 
0.0269218 
0.0245932 
0.0362954 
0.0263972 
0.0359226 
0.0395356 
0.0493594 
0.0621971 
0.0697067 
0.0688564 
0.0646279 
0.0692232 
0.0664935 
0.0638830 
0.0600243 
0.0624997 
0.0424206 
0.0319594 
0.0198288 
0.0072885 
0.0000000 
0.0006602 
0.0090175 
0.0191526 
0.0324949 
0.0462363 
0.0435931 
0.0439064 
0.0435151 
0.0397732 
0.0367480 
0.0385180 
0.0492168 
0.0531379 
0.0565308 
0.0502155 
0.0278879 
0.0220013 
0.0210804 
0.0294809 
0.0424606 
0.0462631 
0.0491544 
0.0447590 
0.0398947 
0.0323333 
0.0426081 
0.0495089 
0.0523090 
0.0535161 
0.0558289 
0.0477739 
0.0397709 
0.0280121 
0.0279147 
0.0299979 
0.0320257 
0.0293231 
0.0322114 
0.0363870 
0.0310615 
0.0271651 
0.0265603 
0.0306013 
0.0411430 
0.0406064 
0.0429936 
0.0404582 
0.0281551 
0.0277076 
0.0309722 
0.0296161 
0.0274073 
0.0296495 
0.0314253 
0.0282548 
0.0245168 
0.0267785 
0.0246025 
0.0269258 
0.0300092 
0.0304887 
0.0204905 
0.0168827 
0.0121498 
0.0104546 
0.0146015 
0.0180774 
0.0215720 
0.0274709 
0.0308677 
0.0345896 
0.0342331 
0.0282952 
0.0291295 
0.0296961 
0.0325032 
0.0325626 
0.0311769 
0.0346242 
0.0272984 
0.0292158 
0.0293658 
0.0226350 
0.0241699 
0.0232374 
0.0217216 
0.0290704 
0.0329609 
0.0325751 
0.0344902 
0.0333139 
0.0340969 
0.0368589 
0.0319736 
0.0287566 
0.0198453 
0.0175884 
0.0154515 
0.0111120 
0.0041448 
0.0025511 
0.0023488 
0.0009548 
0.0085343 
0.0136862 
0.0081277 
0.0110397 
0.0099293 
0.0124205 
0.0130025 
0.0147008 
0.0199065 
0.0192362 
0.0137583 
0.0219830 
0.0337757 
0.0353849 
0.0385321 
0.0373719 
0.0306190 
0.0246907 
0.0183759 
0.0107040 
0.0189099 
0.0209956 
0.0218207 
0.0235735 
0.0133407 
0.0114925 
0.0018633 
0.0016092 
0.0053153 
0.0018607 
0.0060008 
0.0069933 
0.0027914 
