-0.0001568 
0.0000606 
-0.0001169 
-0.2238110 
-0.1621689 
-0.3645602 
0.7615990 
0.7646791 
0.7624463 
0.7574959 
0.7600160 
0.7556573 
0.7584810 
0.7606194 
0.7651903 
0.7620340 
0.7667930 
0.7671865 
0.7701209 
0.7670380 
0.7762780 
0.7810419 
0.7809778 
0.7740950 
0.7745378 
0.7767341 
0.7791165 
0.7794919 
0.7765846 
0.7796208 
0.7788059 
0.7699743 
0.7709065 
0.7741499 
0.7680640 
0.7713857 
0.7777561 
0.7735194 
0.7740050 
0.7701892 
0.7769232 
0.7699961 
0.7735447 
0.7759698 
0.7715453 
0.7764027 
0.7733856 
0.7714855 
0.7731921 
0.7692688 
0.7724401 
0.7694359 
0.7697000 
0.7660463 
0.7652661 
0.7701485 
0.7686242 
0.7717792 
0.7756302 
0.7723172 
0.7741818 
0.7755561 
0.7722173 
0.7787433 
0.7844484 
0.7827912 
0.7870037 
0.7845719 
0.7847104 
0.7801029 
0.7773718 
0.7802983 
0.7722836 
0.7704153 
0.7719815 
0.7655363 
0.7598996 
0.7636661 
0.7616976 
0.7609465 
0.7586902 
0.7629023 
0.7653797 
0.7631640 
0.7649596 
0.7530890 
0.7546669 
0.7488955 
0.7438147 
0.7497666 
0.7498170 
0.7577494 
0.7616450 
0.7597766 
0.7543335 
0.7538987 
0.7561487 
0.7589976 
0.7654364 
0.7660293 
0.7644401 
0.7605872 
0.7587690 
0.7608526 
0.7633437 
0.7662988 
0.7732683 
0.7732033 
0.7757114 
0.7698776 
0.7655593 
0.7753025 
0.7723591 
0.7722701 
0.7716455 
0.7692241 
0.7673660 
0.7666990 
0.7597826 
0.7582234 
0.7569030 
0.7575967 
0.7579628 
0.7615878 
0.7555638 
0.7561703 
0.7535168 
0.7556794 
0.7591509 
0.7635589 
0.7585067 
0.7599781 
0.7626164 
0.7619499 
0.7663125 
0.7673374 
0.7649229 
0.7633834 
0.7692035 
0.7664566 
0.7700867 
0.7679850 
0.7658559 
0.7608722 
0.7659435 
0.7632303 
0.7607916 
0.7661166 
0.7713076 
0.7745723 
0.7731620 
0.7754514 
0.7746602 
0.7739840 
0.7739273 
0.7749769 
0.7687136 
0.7805328 
0.7840725 
0.7768791 
0.7708642 
0.7704208 
0.7750755 
0.7752025 
0.7828504 
0.7808286 
0.7874105 
0.7806523 
0.7869226 
0.7869584 
0.7913608 
0.7865083 
0.7934068 
0.7954884 
0.7941933 
0.7976252 
0.7925503 
0.7941177 
0.7892927 
0.7890977 
0.7884760 
0.7818880 
0.7819398 
0.7765366 
0.7806229 
0.7849338 
0.7830525 
0.7855807 
0.7885763 
0.7880533 
0.7941800 
0.7871468 
0.7866605 
0.7867391 
0.7819144 
0.7789124 
0.7804961 
0.7838647 
0.7831606 
0.7772215 
0.7748159 
0.7724903 
0.7769339 
0.7767347 
0.7850263 
0.7838523 
0.7890144 
0.7857375 
0.7875039 
0.7806278 
0.7802182 
0.7835123 
0.7910995 
0.7918368 
0.7966321 
0.7995075 
0.8004541 
0.7979404 
0.8020967 
0.7791147 
0.7819136 
0.7913120 
0.7875117 
0.7939285 
0.8017890 
0.8012618 
0.8027629 
0.8095608 
0.8160112 
0.8122815 
0.8072362 
0.8110167 
0.8080477 
0.8036377 
0.7992012 
0.7959499 
0.7978793 
0.7974533 
0.8015444 
0.7995151 
0.8000304 
0.7972286 
0.7985579 
0.7894104 
0.7899256 
0.7943140 
0.7910351 
0.7882125 
0.7922931 
0.7887985 
0.7903269 
0.7883687 
0.7929541 
0.7815868 
0.7840159 
0.7859185 
0.7864913 
0.7815394 
0.7790996 
0.7814745 
0.7867680 
0.7839528 
0.7904918 
0.7943922 
0.8016472 
0.8019207 
0.7998276 
0.8038662 
0.8044994 
0.8038377 
0.8063266 
0.8177935 
0.8187267 
0.8197674 
0.8170921 
0.8123740 
0.8056694 
0.8031936 
0.8005148 
0.7975139 
0.7968522 
0.7942217 
0.7948358 
0.7892546 
0.7903293 
0.7919428 
0.7808795 
0.7743223 
0.7680193 
0.7576826 
0.7567434 
0.7657006 
0.7660107 
0.7674121 
0.7659226 
0.7687376 
0.7679726 
0.7669013 
0.7675268 
0.7695507 
0.7712484 
0.7801377 
0.7848422 
0.7953502 
0.7972219 
0.8035616 
0.8132237 
0.8146115 
0.8152991 
0.8152610 
0.8068147 
0.8141229 
0.8137308 
0.8139391 
0.8124437 
0.8108007 
0.8133870 
0.7938548 
0.7955984 
0.7996446 
0.7996795 
0.7984849 
0.7960469 
0.7977620 
0.7927236 
0.7936864 
0.7956049 
0.7954355 
0.7922032 
0.7942291 
0.7928629 
0.7940859 
0.7843364 
0.7854622 
0.7893808 
0.7932706 
0.8024151 
0.8023838 
0.8078650 
0.8127205 
0.8227492 
0.8296713 
0.8327034 
0.8180984 
0.8122643 
0.8103131 
0.8085759 
0.8017280 
0.8015290 
0.7991171 
0.7934690 
0.7951959 
0.7940946 
0.7878980 
0.7851962 
0.7810694 
0.7763290 
0.7795507 
0.7772723 
0.7834973 
0.7959955 
0.8186204 
0.8276338 
0.8377254 
0.8367599 
0.8415570 
0.8370225 
0.8425305 
0.8358119 
0.8347234 
0.8246845 
0.8162889 
0.8020819 
0.7951322 
0.7968035 
0.7992234 
0.8062395 
0.8078675 
0.8072530 
0.8084602 
0.8020748 
0.8102434 
0.8112653 
0.8161197 
0.8182765 
0.8203636 
0.8211545 
0.8207511 
0.8232874 
0.8255524 
0.8283796 
0.8275743 
0.8253595 
0.8043733 
0.7951794 
0.7920529 
0.7961792 
0.7890088 
0.7895150 
0.7914163 
0.7893581 
0.8063694 
0.8018703 
0.8075736 
0.8013464 
0.8094863 
0.8134228 
0.8126461 
0.8124232 
0.8199866 
0.8234062 
0.8210121 
0.8233483 
0.8241700 
0.8163050 
0.8144648 
0.8007244 
0.8023117 
0.8052248 
0.8095934 
0.8123788 
0.8187911 
0.8202739 
0.8276805 
0.8245613 
0.8219024 
0.8243691 
0.8160073 
0.8138391 
0.8158080 
0.8151619 
0.8186566 
0.8181532 
0.8252580 
0.8176468 
0.8178936 
0.8164172 
0.8076078 
0.8065865 
0.8077226 
0.8126849 
0.8176750 
0.8186779 
0.8223744 
0.8272722 
0.8260695 
0.8198206 
0.8255703 
0.8203517 
0.8252431 
0.8311926 
0.8160336 
0.8225949 
0.8213198 
0.8200303 
0.8231312 
0.8194772 
0.8244795 
0.8271681 
0.8244265 
0.8203632 
0.8258086 
0.8260701 
0.8284516 
0.8274612 
0.8285788 
0.8270318 
0.8273734 
0.8238093 
0.8240152 
0.8337508 
0.8343684 
0.8294640 
0.8240945 
0.8230172 
0.8230348 
0.8222356 
0.8266174 
0.8327088 
0.8386681 
0.8410643 
0.8425287 
0.8388229 
0.8444056 
0.8456397 
0.8421190 
0.8462728 
0.8531591 
0.8571985 
0.8596453 
0.8523231 
0.8453432 
0.8433711 
0.8391106 
0.8417967 
0.8423029 
0.8446854 
0.8534893 
0.8544088 
0.8525698 
0.8481644 
0.8521504 
0.8519153 
0.8530800 
0.8397133 
0.8309838 
0.8454869 
0.8473483 
0.8535324 
0.8509454 
0.8502073 
0.8502663 
0.8419454 
0.8411720 
0.8394475 
0.8394606 
0.8340299 
0.8362628 
0.8302986 
0.8338974 
0.8364643 
0.8335909 
0.8337343 
0.8323532 
0.8246801 
0.8206607 
0.8235943 
0.8223466 
0.8236650 
0.8211918 
0.8158479 
0.8238359 
0.8229063 
0.8180498 
0.8190260 
0.8187506 
0.8284856 
0.8265813 
0.8261232 
0.8247473 
0.8289225 
0.8292190 
0.8289424 
0.8330797 
0.8366726 
0.8330060 
0.8330600 
0.8333335 
0.8340484 
0.8335110 
0.8277034 
0.8308696 
0.8336263 
0.8339290 
0.8376418 
0.8373874 
0.8356059 
0.8313966 
0.8307973 
0.8342737 
0.8341704 
0.8306193 
0.8286760 
0.8311549 
0.8297858 
0.8309195 
0.8307928 
0.8301787 
0.8256163 
0.8295765 
0.8360354 
0.8340605 
0.8343647 
0.8332824 
0.8383222 
0.8347817 
0.8310658 
0.8316109 
0.8380162 
0.8372121 
0.8389306 
0.8454444 
0.8397897 
0.8488729 
0.8344964 
0.8387999 
0.8337734 
0.8292990 
0.8337322 
0.8394980 
0.8337920 
0.8370776 
0.8358152 
0.8383599 
0.8343007 
0.8295441 
0.8344834 
0.8289057 
0.8323519 
0.8343960 
0.8363771 
0.8276161 
0.8367596 
0.8402958 
0.8354251 
0.8389817 
0.8446458 
0.8398806 
0.8446043 
0.8430850 
0.8402904 
0.8387187 
0.8357681 
0.8384926 
0.8417869 
0.8450415 
0.8462665 
0.8463871 
0.8526004 
0.8468818 
0.8477167 
0.8491336 
0.8524239 
0.8468084 
0.8422610 
0.8535499 
0.8539808 
0.8427647 
0.8410717 
0.8493362 
0.8470778 
0.8576953 
0.8575144 
0.8605531 
0.8532756 
0.8573001 
0.8617328 
0.8551711 
0.8642659 
0.8688521 
0.8692239 
0.8691491 
0.8699614 
0.8681121 
0.8657303 
0.8624222 
0.8619329 
0.8574731 
0.8611209 
0.8586859 
0.8607416 
0.8592579 
0.8576912 
0.8590828 
0.8626229 
0.8601100 
0.8593637 
0.8579636 
0.8588528 
0.8651894 
0.8669797 
0.8656953 
0.8666949 
0.8638786 
0.8645317 
0.8631920 
0.8676339 
0.8633525 
0.8664695 
0.8657737 
0.8682168 
0.8685908 
0.8665743 
0.8671804 
0.8677829 
0.8656307 
0.8628602 
0.8664505 
0.8647104 
0.8652699 
0.8605703 
0.8604146 
0.8688371 
0.8726628 
0.8703271 
0.8708015 
0.8691112 
0.8700465 
0.8687874 
0.8664005 
0.8732860 
0.8656006 
0.8771334 
0.8781521 
0.8702048 
0.8735019 
0.8724196 
0.8725851 
0.8731077 
0.8765815 
0.8758959 
0.8723253 
0.8736234 
0.8702940 
0.8825427 
0.8780270 
0.8773747 
0.8786866 
0.8723074 
0.8694802 
0.8738229 
0.8687902 
0.8745366 
0.8773844 
0.8804612 
0.8847971 
0.8781517 
0.8744293 
0.8812330 
0.8915112 
0.8923998 
0.8934357 
0.8958493 
0.8912939 
0.8936238 
0.8904545 
0.8893551 
0.8916346 
0.8878174 
0.8885270 
0.8889895 
0.8831752 
0.8827824 
0.8810558 
0.8800718 
0.8824308 
0.8757428 
0.8802197 
0.8777432 
0.8737991 
0.8771238 
0.8754896 
0.8777466 
0.8806889 
0.8710250 
0.8743889 
0.8840896 
0.8809374 
0.8811415 
0.8785961 
0.8781141 
0.8824448 
0.8774157 
0.8826748 
0.8860942 
0.8864056 
0.8881285 
0.8846425 
0.8770852 
0.8842121 
0.8785239 
0.8783484 
0.8812431 
0.8818820 
0.8866174 
0.8800768 
0.8842809 
0.8824344 
0.8791032 
0.8745054 
0.8726297 
0.8764295 
0.8779483 
0.8828708 
0.8924468 
0.8974634 
0.9071205 
0.9024293 
0.9058697 
0.9075247 
0.8980463 
0.8935916 
0.8955768 
0.8850091 
0.8867532 
0.8830035 
0.8819990 
0.8798887 
0.8899432 
0.9000612 
0.9001263 
0.9050978 
0.9016800 
0.9094177 
0.9177611 
0.9167971 
0.9239459 
0.9262064 
0.9206012 
0.9117900 
0.8996380 
0.8787837 
0.8651072 
0.8688939 
0.8806332 
0.8760256 
0.8745172 
0.8790501 
0.8760097 
0.8764479 
0.8788277 
0.8752321 
0.8801709 
0.8776809 
0.8762940 
0.8725959 
0.8744136 
0.8656735 
0.8658268 
0.8731341 
0.8737961 
0.8704954 
0.8686289 
0.8796865 
0.8747343 
0.8721151 
0.8760791 
0.8737684 
0.8697629 
0.8741497 
0.8754286 
0.8850742 
0.8873096 
0.8916304 
0.8987338 
0.8940163 
0.8946253 
0.8925127 
0.8920311 
0.8925269 
0.8870744 
0.8935580 
0.8976442 
0.8996065 
0.8978232 
0.8997974 
0.9015978 
0.9042261 
0.9032927 
0.8913735 
0.8946879 
0.8946747 
0.8921492 
0.8937394 
0.8949533 
0.8858309 
0.8892652 
0.8985532 
0.9041884 
0.9011894 
0.8941943 
0.8905843 
0.8925562 
0.8907077 
0.8961515 
0.9004779 
0.8997810 
0.9018379 
0.8980759 
0.9038093 
0.9007959 
0.9022691 
0.8971750 
0.8916272 
0.8971302 
0.8939481 
0.8961190 
0.8932670 
0.8987510 
0.9011047 
0.8993211 
0.8874562 
0.8869246 
0.8847121 
0.8944110 
0.8973538 
0.8936274 
0.8883758 
0.8979212 
0.8957413 
0.8901588 
0.8906998 
0.8876850 
0.8928314 
0.9014673 
0.9087994 
0.9054523 
0.9021330 
0.9023176 
0.9026446 
0.8972715 
0.9027657 
0.9163364 
0.9199615 
0.9220726 
0.9261319 
0.9215708 
0.9220421 
0.9161507 
0.9161757 
0.9226181 
0.9216763 
0.9177281 
0.9181404 
0.9141194 
0.9124635 
0.9144904 
0.9100938 
0.9123089 
0.9088047 
0.9141525 
0.9002782 
0.9038212 
0.8970326 
0.9040704 
0.9061672 
0.9039920 
0.9113533 
0.9185945 
0.9202653 
0.9177524 
0.9095196 
0.9078347 
0.9119181 
0.9150674 
0.9139978 
0.9092485 
0.9117423 
0.9102514 
0.9068818 
0.9012544 
0.9066699 
0.9051946 
0.9113666 
0.9083840 
0.9055490 
0.9068312 
0.9015043 
0.9051300 
0.9073215 
0.9057837 
0.8982331 
0.8943344 
0.9024635 
0.9041855 
0.9000906 
0.9021808 
0.9035870 
0.9063571 
0.9124154 
0.9125577 
0.9146340 
0.9156787 
0.9157086 
0.9138423 
0.9141799 
0.9114933 
0.9079585 
0.9142418 
0.9102187 
0.9119441 
0.9170743 
0.9156894 
0.9179028 
0.9122240 
0.9103919 
0.9084201 
0.9087062 
0.9125736 
0.9135063 
0.9126600 
0.9173865 
0.9154798 
0.9149507 
0.9140803 
0.9154867 
0.9148091 
0.9146512 
0.9254849 
0.9230407 
0.9205263 
0.9263665 
0.9151193 
0.9123502 
0.9106890 
0.9073046 
0.9120160 
0.9193997 
0.9151222 
0.9202446 
0.9284913 
0.9328763 
0.9263727 
0.9240969 
0.9255227 
0.9207358 
0.9189241 
0.9203068 
0.9218969 
0.9257404 
0.9293894 
0.9250694 
0.9251023 
0.9271426 
0.9283110 
0.9248859 
0.9228675 
0.9248368 
0.9180628 
0.9258746 
0.9254611 
0.9248850 
0.9261633 
0.9190684 
0.9176358 
0.9078438 
0.9153715 
0.9010559 
0.8992556 
0.9003925 
0.9011514 
0.9047332 
0.8974367 
0.8949158 
0.8868735 
0.9031753 
0.9024960 
0.9061186 
0.9078580 
0.8963950 
0.8973569 
0.9031829 
0.8998702 
0.9031716 
0.8971381 
0.8954582 
0.8933207 
0.8962349 
0.8977562 
0.9008487 
0.9057396 
0.9052038 
0.9059019 
0.9044670 
0.9097352 
0.9109614 
0.9119463 
0.9107126 
0.9009222 
0.8986059 
0.9016716 
0.9015205 
0.9059559 
0.9062741 
0.9107470 
0.9134632 
0.9106373 
0.9097474 
0.9134946 
0.9123816 
0.9184112 
0.9159514 
0.9171490 
0.9219994 
0.9286379 
0.9310488 
0.9295421 
0.9269759 
0.9284989 
0.9310523 
0.9312099 
0.9246170 
0.9199890 
0.9193213 
0.9119840 
0.9109527 
0.9207182 
0.9236378 
0.9206784 
0.9159787 
0.9136960 
0.9164621 
0.9135115 
0.9164933 
0.9191417 
0.9202000 
0.9238750 
0.9179723 
0.9140507 
0.9079586 
0.9119116 
0.9181288 
0.9238811 
0.9273893 
0.9315826 
0.9343295 
0.9347884 
0.9319005 
0.9343023 
0.9263377 
0.9268471 
0.9217683 
0.9270752 
0.9324718 
0.9275756 
0.9249885 
0.9257830 
0.9301306 
0.9282085 
0.9177509 
0.9217212 
0.9259900 
0.9351050 
0.9296941 
0.9315926 
0.9327416 
0.9273701 
0.9249775 
0.9212881 
0.9230700 
0.9212152 
0.9196661 
0.9126899 
0.9109836 
0.9083563 
0.9154727 
0.9081375 
0.9085503 
0.9062663 
0.9092001 
0.9102152 
0.9072703 
0.8920069 
0.8991167 
0.8974892 
0.8977397 
0.8956916 
0.9001450 
0.9008117 
0.9000086 
0.8973237 
0.9026622 
0.9002349 
0.9069699 
0.9019732 
0.9071754 
0.9059480 
0.9027242 
0.8989547 
0.8944543 
0.8896146 
0.8902248 
0.8921433 
0.8954413 
0.8988413 
0.8991579 
0.8986729 
0.8988428 
0.8942618 
0.8914602 
0.8933827 
0.8917847 
0.8905956 
0.8864023 
0.8873727 
0.8988517 
0.8935412 
0.8865640 
0.8933574 
0.8990606 
0.9002716 
0.8954172 
0.8963793 
0.9011779 
0.8946549 
0.8954751 
0.8945255 
0.8895983 
0.8870837 
0.8944154 
0.8939911 
0.8923763 
0.8985322 
0.8933980 
0.8925975 
0.8943130 
0.8933174 
0.8870677 
0.8987921 
0.9018108 
0.9117922 
0.9170220 
0.9078792 
0.9042399 
0.9122388 
0.9075219 
0.9111827 
0.9096466 
0.9179716 
0.9115250 
0.9084359 
0.9064679 
0.9054169 
0.9035996 
0.9071375 
0.9077113 
0.9056684 
0.9075359 
0.9076932 
0.9100743 
0.9029390 
0.8983345 
0.9033770 
0.9064261 
0.9176475 
0.9121001 
0.9111480 
0.9089213 
0.9077719 
0.9108356 
0.9107959 
0.9128696 
0.9163410 
0.9065040 
0.9124252 
0.9112717 
0.9095023 
0.9118867 
0.9136686 
0.9139027 
0.9110052 
0.9054241 
0.9095448 
0.9081617 
0.9181435 
0.9216930 
0.9241882 
0.9224003 
0.9255702 
0.9182870 
0.9199608 
0.9274394 
0.9234984 
0.9190768 
0.9220591 
0.9186810 
0.9130536 
0.9113769 
0.9184943 
0.9192803 
0.9118514 
0.9162846 
0.9126488 
0.9143418 
0.9144782 
0.9159926 
0.9141775 
0.9144166 
0.9131142 
0.9085294 
0.9105263 
0.9124130 
0.9108519 
0.9130412 
0.9201770 
0.9203445 
0.9192876 
0.9218306 
0.9181667 
0.9148507 
0.9253216 
0.9291264 
0.9325189 
0.9339403 
0.9266084 
0.9253495 
0.9268756 
0.9313224 
0.9362199 
0.9353440 
0.9368419 
0.9396227 
0.9373877 
0.9389585 
0.9433021 
0.9426034 
0.9456886 
0.9412903 
0.9306594 
0.9449183 
0.9487439 
0.9390803 
0.9371644 
0.9406679 
0.9374631 
0.9388568 
0.9392904 
0.9314038 
0.9397897 
0.9313417 
0.9294537 
0.9271938 
0.9226192 
0.9244728 
0.9286437 
0.9239448 
0.9199417 
0.9178764 
0.9167419 
0.9194951 
0.9191230 
0.9164725 
0.9245787 
0.9217751 
0.9143315 
0.9181463 
0.9241492 
0.9243326 
0.9239121 
0.9238164 
0.9234692 
0.9318615 
0.9200445 
0.9259544 
0.9200834 
0.9202832 
0.9252043 
0.9292406 
0.9221261 
0.9283971 
0.9265651 
0.9346736 
0.9312992 
0.9316842 
0.9290822 
0.9363418 
0.9443585 
0.9420230 
0.9423533 
0.9495051 
0.9444764 
0.9399570 
0.9245750 
0.9287683 
0.9180084 
0.9271416 
0.9244896 
0.9344854 
0.9352010 
0.9297330 
0.9306089 
0.9285240 
0.9298897 
0.9233821 
0.9259157 
0.9211640 
0.9229914 
0.9270473 
0.9210061 
0.9316739 
0.9205010 
0.9101935 
0.9074735 
0.9062382 
0.9107519 
0.9182323 
0.9197109 
0.9216828 
0.9217032 
0.9140718 
0.9200764 
0.9226566 
0.9292214 
0.9257925 
0.9215359 
0.9151570 
0.9191193 
0.9283177 
0.9288678 
0.9219976 
0.9165300 
0.9131744 
0.9164940 
0.9098009 
0.9175733 
0.9170337 
0.9197763 
0.9143097 
0.9091380 
0.9137236 
0.9144864 
0.9141349 
0.9130035 
0.9276827 
0.9389420 
0.9458450 
0.9399563 
0.9362927 
0.9353735 
0.9299364 
0.9242109 
0.9245536 
0.9233518 
0.9295216 
0.9278129 
0.9311552 
0.9355302 
0.9264658 
0.9174437 
0.9148741 
0.9180290 
0.9234895 
0.9301603 
0.9252275 
0.9288941 
0.9305336 
0.9292307 
0.9277598 
0.9277535 
0.9342441 
0.9349522 
0.9350868 
0.9358799 
0.9410202 
0.9418147 
0.9390443 
0.9353710 
0.9404789 
0.9340555 
0.9338792 
0.9414376 
0.9418038 
0.9409317 
0.9521178 
0.9455095 
0.9525182 
0.9494007 
0.9505818 
0.9469346 
0.9461328 
0.9419883 
0.9420854 
0.9464908 
0.9378827 
0.9394650 
0.9330909 
0.9304174 
0.9321737 
0.9343901 
0.9374114 
0.9348618 
0.9390102 
0.9423091 
0.9432763 
0.9439363 
0.9409860 
0.9445038 
0.9449803 
0.9472850 
0.9443149 
0.9425775 
0.9429280 
0.9439944 
0.9395857 
0.9390768 
0.9339743 
0.9389957 
0.9432966 
0.9425722 
0.9438186 
0.9409952 
0.9319029 
0.9396490 
0.9551484 
0.9575165 
0.9529822 
0.9534675 
0.9555443 
0.9588124 
0.9530243 
0.9531187 
0.9528931 
0.9528812 
0.9549357 
0.9533334 
0.9634448 
0.9628746 
0.9552310 
0.9553834 
0.9575829 
0.9472541 
0.9528599 
0.9556681 
0.9592315 
0.9575403 
0.9495026 
0.9521092 
0.9533391 
0.9444928 
0.9478805 
0.9519884 
0.9574959 
0.9561353 
0.9525770 
0.9472962 
0.9514376 
0.9525222 
0.9537600 
0.9529915 
0.9527242 
0.9458344 
0.9582368 
0.9573923 
0.9629898 
0.9627118 
0.9594861 
0.9545276 
0.9585901 
0.9483731 
0.9522250 
0.9564589 
0.9681274 
0.9657722 
0.9551225 
0.9594123 
0.9534729 
0.9607220 
0.9529844 
0.9524920 
0.9487467 
0.9442225 
0.9502008 
0.9371537 
0.9481212 
0.9512351 
0.9541578 
0.9562489 
0.9606312 
0.9639519 
0.9664779 
0.9669215 
0.9558656 
0.9526545 
0.9418904 
0.9563173 
0.9559241 
0.9615119 
0.9570906 
0.9657256 
0.9705812 
0.9613200 
0.9599491 
0.9563115 
0.9562123 
0.9620599 
0.9646465 
0.9671565 
0.9664113 
0.9640216 
0.9614712 
0.9584485 
0.9614441 
0.9593128 
0.9680509 
0.9728913 
0.9665117 
0.9700528 
0.9654480 
0.9713150 
0.9647946 
0.9691831 
0.9697494 
0.9715492 
0.9675854 
0.9611940 
0.9653576 
0.9688637 
0.9635771 
0.9584703 
0.9699144 
0.9619734 
0.9728556 
0.9697377 
0.9737318 
0.9777244 
0.9731993 
0.9704091 
0.9687748 
0.9711239 
0.9707404 
0.9726664 
0.9687313 
0.9659948 
0.9720802 
0.9778197 
0.9629478 
0.9677234 
0.9591334 
0.9617698 
0.9627649 
0.9651884 
0.9677501 
0.9711762 
0.9732387 
0.9728635 
0.9645718 
0.9730637 
0.9703242 
0.9721887 
0.9668914 
0.9661163 
0.9654736 
0.9619569 
0.9652847 
0.9657203 
0.9657412 
0.9584952 
0.9651350 
0.9582619 
0.9627976 
0.9591643 
0.9662556 
0.9675428 
0.9743331 
0.9702693 
0.9659945 
0.9628465 
0.9606021 
0.9622710 
0.9704561 
0.9636583 
0.9656750 
0.9689869 
0.9609031 
0.9575176 
0.9565688 
0.9674209 
0.9662583 
0.9679887 
0.9605612 
0.9670446 
0.9618006 
0.9672564 
0.9621240 
0.9626918 
0.9584847 
0.9610123 
0.9691454 
0.9727657 
0.9688978 
0.9682584 
0.9646047 
0.9613828 
0.9638431 
0.9681519 
0.9668221 
0.9682991 
0.9620792 
0.9565401 
0.9648133 
0.9620332 
0.9671825 
0.9671998 
0.9744405 
0.9791493 
0.9901086 
0.9863886 
0.9871826 
0.9872358 
0.9839829 
0.9806362 
0.9846502 
0.9769750 
0.9770928 
0.9749154 
0.9750398 
0.9734210 
0.9731186 
0.9763392 
0.9787399 
0.9721812 
0.9768113 
0.9831516 
0.9854987 
0.9866154 
0.9825015 
0.9860854 
0.9891616 
0.9941357 
0.9844009 
0.9860548 
0.9814931 
0.9794244 
0.9791243 
0.9803755 
0.9813779 
0.9825230 
0.9857815 
0.9848190 
0.9832703 
0.9798661 
0.9786314 
0.9826953 
0.9821152 
0.9856404 
0.9845640 
0.9819102 
0.9831682 
0.9843323 
0.9825529 
0.9795184 
0.9820165 
0.9851715 
0.9835156 
0.9809132 
0.9855617 
0.9803003 
0.9715597 
0.9825050 
0.9854202 
0.9922515 
1.0000000 
0.9922368 
0.9951517 
0.9850499 
0.9739001 
0.9561467 
0.9578845 
0.9551601 
0.9550921 
0.9594516 
0.9484737 
0.9525868 
0.9511237 
0.9448347 
0.9528103 
0.9480292 
0.9431436 
0.9456728 
0.9489961 
0.9491894 
0.9504542 
0.9467075 
0.9445597 
0.9508959 
0.9498956 
0.9489662 
0.9462229 
0.9471760 
0.9519041 
0.9479954 
0.9451865 
0.9438722 
0.9479107 
0.9438664 
0.9460845 
0.9403269 
0.9339546 
0.9386149 
0.9389056 
0.9395718 
0.9316191 
0.9209459 
0.9201213 
0.9260440 
0.9288061 
0.9241891 
0.9188601 
0.9193985 
0.9174517 
0.9256113 
0.9260876 
0.9157086 
0.9239206 
0.9205157 
0.9192193 
0.9176031 
0.9212262 
0.9272327 
0.9280603 
0.9236452 
0.9255984 
0.9220003 
0.9197299 
0.9223190 
0.9206796 
0.9187680 
0.9203026 
0.9224906 
0.9205034 
0.9197053 
0.9221829 
0.9217496 
0.9265909 
0.9247823 
0.9229036 
0.9215512 
0.9202987 
0.9172797 
0.9213772 
0.9182604 
0.9170942 
0.9222014 
0.9214680 
0.9154387 
0.9224850 
0.9120176 
0.9048475 
0.9055101 
0.9040047 
0.9072132 
0.9086819 
0.9064080 
0.9047394 
0.9056415 
0.9123154 
0.9070360 
0.9106931 
0.9159331 
0.9130772 
0.9174834 
0.9149530 
0.9125742 
0.9131283 
0.9077724 
0.9111514 
0.9127371 
0.9035700 
0.9061544 
0.8972601 
0.8978789 
0.8936805 
0.9005638 
0.8992094 
0.8991348 
0.8984698 
0.8958343 
0.9011553 
0.9062219 
0.9069570 
0.8962037 
0.8850827 
0.8886696 
0.8877156 
0.8900643 
0.8945098 
0.9001984 
0.9039129 
0.9031991 
0.8954020 
0.8909076 
0.8929302 
0.8867611 
0.8902309 
0.8828518 
0.8851069 
0.8909497 
0.8882577 
0.8952677 
0.8947149 
0.8958333 
0.8802909 
0.8888205 
0.8922536 
0.8952456 
0.8921857 
0.8975248 
0.8948465 
0.8921611 
0.8927075 
0.9086473 
0.9019343 
0.8966834 
0.8979376 
0.8971461 
0.8959840 
0.8933807 
0.8897319 
0.8919868 
0.8850895 
0.8915570 
0.8961000 
0.8925996 
0.8912852 
0.8833634 
0.8788526 
0.8791992 
0.8766119 
0.8796354 
0.8837536 
0.8832687 
0.8802351 
0.8818459 
0.8919850 
0.8866433 
0.8767956 
0.8754788 
0.8738868 
0.8729066 
0.8750297 
0.8730083 
0.8712510 
0.8650893 
0.8630139 
0.8594134 
0.8485880 
0.8501436 
0.8492984 
0.8507492 
0.8474267 
0.8497487 
0.8619229 
0.8529488 
0.8446281 
0.8494465 
0.8413420 
0.8422840 
0.8358652 
0.8360668 
0.8334537 
0.8313649 
0.8285444 
0.8274871 
0.8238927 
0.8265802 
0.8232985 
0.8212827 
0.8145443 
0.8148616 
0.8145223 
0.8134912 
0.8149308 
0.8067738 
0.8067723 
0.8036865 
0.8028327 
0.8093183 
0.8086043 
0.7930901 
0.7910892 
0.7928230 
0.7944346 
0.7856651 
0.7939810 
0.7964038 
0.7936297 
0.7875728 
0.7885998 
0.7857179 
0.7925103 
0.7919975 
0.7853106 
0.7725026 
0.7709989 
0.7753416 
0.7683880 
0.7736169 
0.7826280 
0.7838848 
0.7764650 
0.7788690 
0.7780612 
0.7724850 
0.7708461 
0.7658574 
0.7679345 
0.7610243 
0.7516623 
0.7405493 
0.7508636 
0.7495587 
0.7454523 
0.7443591 
0.7463375 
0.7467386 
0.7487115 
0.7481882 
0.7451144 
0.7520878 
0.7490191 
0.7434558 
0.7428648 
0.7383061 
0.7318427 
0.7378183 
0.7349741 
0.7321057 
0.7279894 
0.7136446 
0.7107254 
0.7010959 
0.7034713 
0.7014323 
0.6926609 
0.6936114 
0.6988426 
0.6951616 
0.6953287 
0.7065106 
0.7166827 
0.7251622 
0.7327672 
0.7339600 
0.7365816 
0.7360128 
0.7304542 
0.7186385 
0.7120648 
0.7078164 
0.7025841 
0.7033711 
0.7024310 
0.7015349 
0.6991840 
0.7054925 
0.7081357 
0.7010244 
0.7002742 
0.6970285 
0.6948024 
0.6922280 
0.6950210 
0.6939451 
0.6992051 
0.7040789 
0.6974161 
0.7027379 
0.6943466 
0.6916708 
0.6907887 
0.6806504 
0.6752266 
0.6780059 
0.6675144 
0.6672713 
0.6786513 
0.6742112 
0.6733332 
0.6795833 
0.6765862 
0.6776425 
0.6681110 
0.6676541 
0.6676010 
0.6748166 
0.6655037 
0.6596713 
0.6596536 
0.6537859 
0.6572511 
0.6548482 
0.6509132 
0.6424601 
0.6336685 
0.6376204 
0.6345923 
0.6290770 
0.6360092 
0.6375283 
0.6367201 
0.6404805 
0.6373000 
0.6406732 
0.6387591 
0.6289453 
0.6201955 
0.6243323 
0.6232104 
0.6224962 
0.6202124 
0.6233504 
0.6229195 
0.6175357 
0.6229813 
0.6170868 
0.6199629 
0.6206631 
0.6215109 
0.6141082 
0.6027699 
0.5998323 
0.5959326 
0.6145185 
0.6152578 
0.6136343 
0.6094727 
0.6090110 
0.5994338 
0.6075095 
0.6012006 
0.6036170 
0.5934987 
0.5925773 
0.5904211 
0.5897684 
0.5928758 
0.5922560 
0.5827250 
0.5878401 
0.5921767 
0.5990507 
0.5946543 
0.5763518 
0.5740690 
0.5779346 
0.5724658 
0.5754717 
0.5780817 
0.5744854 
0.5713648 
0.5736988 
0.5738528 
0.5791074 
0.5803221 
0.5770594 
0.5754218 
0.5706577 
0.5771777 
0.5655927 
0.5685239 
0.5580386 
0.5589553 
0.5543860 
0.5500343 
0.5394008 
0.5404479 
0.5381294 
0.5423586 
0.5488394 
0.5417078 
0.5302095 
0.5341169 
0.5386695 
0.5387277 
0.5329932 
0.5310068 
0.5343947 
0.5305159 
0.5240796 
0.5150730 
0.5141601 
0.5205124 
0.5149438 
0.5092403 
0.5092353 
0.5041891 
0.5052834 
0.5096094 
0.5035073 
0.5072620 
0.5066072 
0.5002735 
0.4942454 
0.4931555 
0.4999524 
0.5037795 
0.5092835 
0.5154673 
0.5180653 
0.5200129 
0.5216894 
0.5162662 
0.5016716 
0.5008284 
0.4958860 
0.4953247 
0.4938498 
0.4988971 
0.5030288 
0.5018946 
0.4975012 
0.4945557 
0.4861306 
0.4866574 
0.4851302 
0.4857455 
0.4865800 
0.4876621 
0.4902587 
0.4901012 
0.4847670 
0.4885363 
0.4829036 
0.4807145 
0.4857254 
0.4859441 
0.4873413 
0.4897745 
0.4940222 
0.4902670 
0.4901003 
0.4872233 
0.4832057 
0.4826495 
0.4854902 
0.4934786 
0.4807015 
0.4807306 
0.4837662 
0.4716768 
0.4715655 
0.4670240 
0.4685734 
0.4712481 
0.4714145 
0.4586340 
0.4588102 
0.4590183 
0.4475374 
0.4499119 
0.4396292 
0.4441967 
0.4481715 
0.4466460 
0.4408750 
0.4425974 
0.4425644 
0.4411850 
0.4375990 
0.4347576 
0.4447739 
0.4434692 
0.4485909 
0.4438511 
0.4273946 
0.4319968 
0.4320954 
0.4347134 
0.4365795 
0.4415667 
0.4350814 
0.4305940 
0.4332749 
0.4279377 
0.4268554 
0.4204887 
0.4205824 
0.4280308 
0.4273785 
0.4245720 
0.4217944 
0.4093133 
0.4129151 
0.4125955 
0.4002559 
0.3973596 
0.4019117 
0.3988382 
0.4030600 
0.3986395 
0.3969686 
0.3919845 
0.3904820 
0.3907912 
0.3857284 
0.3852263 
0.3892627 
0.3900768 
0.3884947 
0.3876721 
0.3884519 
0.3854087 
0.3823291 
0.3819764 
0.3809435 
0.3820155 
0.3688727 
0.3707861 
0.3661385 
0.3655373 
0.3667130 
0.3689505 
0.3693862 
0.3656501 
0.3657835 
0.3657523 
0.3690514 
0.3630365 
0.3676907 
0.3636041 
0.3665302 
0.3656728 
0.3608633 
0.3611102 
0.3566317 
0.3559469 
0.3549222 
0.3544578 
0.3538699 
0.3458992 
0.3375410 
0.3367328 
0.3379337 
0.3399252 
0.3400937 
0.3402850 
0.3387618 
0.3291363 
0.3297233 
0.3347081 
0.3339850 
0.3337822 
0.3310996 
0.3345065 
0.3352774 
0.3307325 
0.3272382 
0.3271172 
0.3294260 
0.3325614 
0.3232149 
0.3256023 
0.3285938 
0.3261898 
0.3251071 
0.3184278 
0.3225369 
0.3223801 
0.3198774 
0.3166528 
0.3109536 
0.3061038 
0.3098518 
0.3045948 
0.3037369 
0.3076607 
0.3072355 
0.2969813 
0.2982301 
0.2996893 
0.2976675 
0.2925643 
0.2872168 
0.2928097 
0.2928549 
0.2905705 
0.2881897 
0.2952155 
0.2857760 
0.2820671 
0.2811510 
0.2829749 
0.2874999 
0.2910976 
0.2913729 
0.2883260 
0.2862728 
0.2863894 
0.2833879 
0.2802253 
0.2809525 
0.2766011 
0.2701707 
0.2783924 
0.2751643 
0.2732035 
0.2718784 
0.2647933 
0.2701946 
0.2700167 
0.2683085 
0.2702215 
0.2678309 
0.2772010 
0.2806766 
0.2746993 
0.2799326 
0.2776193 
0.2770291 
0.2785020 
0.2622245 
0.2526626 
0.2558777 
0.2537057 
0.2535638 
0.2589303 
0.2528996 
0.2559638 
0.2473827 
0.2432099 
0.2394645 
0.2373001 
0.2376935 
0.2347869 
0.2379658 
0.2351300 
0.2331961 
0.2307918 
0.2316815 
0.2233779 
0.2261748 
0.2230296 
0.2222212 
0.2165472 
0.2192551 
0.2143491 
0.2190838 
0.2172720 
0.2081397 
0.2041121 
0.2038991 
0.2125536 
0.2140462 
0.2309647 
0.2270427 
0.2185112 
0.2140812 
0.2115400 
0.2135939 
0.2094290 
0.2033660 
0.1946863 
0.1937506 
0.1908425 
0.1948501 
0.1925755 
0.1907400 
0.1837628 
0.1876553 
0.1866018 
0.1867302 
0.1890384 
0.1817157 
0.1809101 
0.1755024 
0.1676888 
0.1735395 
0.1736097 
0.1672102 
0.1691394 
0.1626601 
0.1671569 
0.1660990 
0.1690609 
0.1651237 
0.1623653 
0.1548262 
0.1491473 
0.1482652 
0.1445468 
0.1439273 
0.1473792 
0.1425573 
0.1478509 
0.1401719 
0.1387428 
0.1377700 
0.1343117 
0.1444144 
0.1401478 
0.1453116 
0.1461648 
0.1450449 
0.1399775 
0.1390478 
0.1375181 
0.1344502 
0.1338958 
0.1280680 
0.1285829 
0.1270965 
0.1333715 
0.1319222 
0.1408965 
0.1430415 
0.1367286 
0.1372935 
0.1355235 
0.1358744 
0.1277362 
0.1327284 
0.1331030 
0.1398086 
0.1348113 
0.1347546 
0.1274492 
0.1252590 
0.1326816 
0.1343681 
0.1290022 
0.1297827 
0.1326083 
0.1269532 
0.1267617 
0.1314172 
0.1329273 
0.1266483 
0.1251291 
0.1213638 
0.1133539 
0.1010146 
0.1060099 
0.0898541 
0.0899767 
0.0836166 
0.0849725 
0.0720244 
0.0711191 
0.0755063 
0.0793641 
0.0802032 
0.0800477 
0.0765261 
0.0851967 
0.0860890 
0.0824328 
0.0802736 
0.0818783 
0.0834071 
0.0814108 
0.0835404 
0.0879624 
0.0903958 
0.0827888 
0.0808017 
0.0792892 
0.0780136 
0.0747459 
0.0736287 
0.0758206 
0.0750622 
0.0718948 
0.0666195 
0.0733508 
0.0727475 
0.0665412 
0.0666597 
0.0633220 
0.0594815 
0.0647277 
0.0598401 
0.0479935 
0.0641596 
0.0640169 
0.0582151 
0.0596081 
0.0536706 
0.0566679 
0.0642543 
0.0631469 
0.0594773 
0.0567625 
0.0499097 
0.0515915 
0.0509474 
0.0467309 
0.0534794 
0.0523887 
0.0472437 
0.0479596 
0.0444611 
0.0404120 
0.0372423 
0.0427158 
0.0423498 
0.0449865 
0.0449611 
0.0460058 
0.0423501 
0.0396961 
0.0367721 
0.0371134 
0.0387116 
0.0387873 
0.0412390 
0.0435605 
0.0437528 
0.0356239 
0.0371813 
0.0361753 
0.0350139 
0.0378206 
0.0351753 
0.0345062 
0.0329850 
0.0283135 
0.0308180 
0.0313941 
0.0290151 
0.0249798 
0.0244713 
0.0255881 
0.0227528 
0.0147085 
0.0162845 
0.0132331 
0.0100118 
0.0079283 
0.0135607 
0.0060985 
0.0122629 
0.0092136 
0.0081932 
0.0029212 
0.0037798 
0.0000000 
