-0.0000223 
0.0001585 
-0.0001992 
-0.5210426 
-0.1943583 
-0.3453664 
0.0012964 
0.0024130 
0.0000000 
0.0097024 
0.0087785 
0.0079436 
0.0116434 
0.0179927 
0.0163869 
0.0169888 
0.0188422 
0.0183774 
0.0134324 
0.0156536 
0.0163792 
0.0132244 
0.0127057 
0.0110498 
0.0110342 
0.0131117 
0.0122685 
0.0105857 
0.0085033 
0.0076390 
0.0122662 
0.0124364 
0.0146909 
0.0135864 
0.0128493 
0.0193978 
0.0167998 
0.0201925 
0.0207707 
0.0207808 
0.0186198 
0.0171036 
0.0169931 
0.0210595 
0.0154306 
0.0184139 
0.0203429 
0.0218454 
0.0221578 
0.0204053 
0.0250219 
0.0266582 
0.0213801 
0.0240677 
0.0264259 
0.0281645 
0.0313169 
0.0291904 
0.0300913 
0.0338924 
0.0325850 
0.0332719 
0.0353038 
0.0404860 
0.0487709 
0.0484860 
0.0525777 
0.0572657 
0.0568418 
0.0621483 
0.0686466 
0.0664327 
0.0684155 
0.0723125 
0.0763263 
0.0789629 
0.0781507 
0.0845328 
0.0837673 
0.0820146 
0.0770007 
0.0868795 
0.0897365 
0.0876956 
0.0863810 
0.0899018 
0.0931957 
0.0898500 
0.0919034 
0.0945415 
0.1016134 
0.1023374 
0.1041130 
0.1075672 
0.1014569 
0.1028366 
0.1009544 
0.0962603 
0.0948987 
0.0939212 
0.0957054 
0.0975155 
0.0911376 
0.0956901 
0.0934829 
0.0929649 
0.0906938 
0.0918955 
0.0953640 
0.0940078 
0.0962213 
0.0950544 
0.0972924 
0.0931539 
0.0902085 
0.0897099 
0.0928419 
0.0914395 
0.0951114 
0.0944551 
0.0909674 
0.0996808 
0.0912658 
0.0908483 
0.0913344 
0.0936131 
0.0938543 
0.0949493 
0.0949248 
0.0962215 
0.0970872 
0.0989852 
0.1003520 
0.0961856 
0.0997265 
0.1001908 
0.1062770 
0.1091077 
0.1093131 
0.1092323 
0.1102464 
0.1061202 
0.1121614 
0.1186590 
0.1232007 
0.1220381 
0.1279405 
0.1276176 
0.1352835 
0.1381725 
0.1366837 
0.1379077 
0.1354419 
0.1397698 
0.1470523 
0.1443014 
0.1532485 
0.1568685 
0.1546299 
0.1580227 
0.1594199 
0.1676848 
0.1714948 
0.1764123 
0.1798265 
0.1848275 
0.1854028 
0.1866114 
0.1896020 
0.1918889 
0.1938436 
0.1925430 
0.2010955 
0.2070481 
0.2118797 
0.2052930 
0.2078033 
0.2132997 
0.2139124 
0.2157115 
0.2342446 
0.2319399 
0.2264007 
0.2174384 
0.2209590 
0.2216054 
0.2230402 
0.2214677 
0.2179962 
0.2101749 
0.2058532 
0.2039941 
0.1925908 
0.1873555 
0.1820058 
0.1822243 
0.1780198 
0.1800557 
0.1733266 
0.1727811 
0.1739184 
0.1705733 
0.1700356 
0.1705575 
0.1720869 
0.1745665 
0.1723263 
0.1752468 
0.1817188 
0.1829677 
0.1853611 
0.1854745 
0.1881442 
0.1828424 
0.1782572 
0.1776355 
0.1778520 
0.1783728 
0.1821103 
0.1807425 
0.1868585 
0.1864825 
0.1874761 
0.1878329 
0.1895149 
0.1932530 
0.1953076 
0.1978703 
0.1960270 
0.1943462 
0.1968868 
0.1999089 
0.1956052 
0.1959158 
0.1939695 
0.1927870 
0.1953464 
0.1963582 
0.2033459 
0.2019474 
0.2042853 
0.2032437 
0.2000786 
0.2022133 
0.2047251 
0.2102681 
0.2142251 
0.2160403 
0.2190487 
0.2183230 
0.2203591 
0.2286686 
0.2282870 
0.2350825 
0.2317444 
0.2286874 
0.2281600 
0.2296341 
0.2283183 
0.2332880 
0.2389466 
0.2410701 
0.2458833 
0.2523769 
0.2506328 
0.2542594 
0.2523255 
0.2516729 
0.2495763 
0.2406200 
0.2483211 
0.2500991 
0.2554098 
0.2572559 
0.2558097 
0.2544543 
0.2555643 
0.2546739 
0.2500554 
0.2477790 
0.2480048 
0.2466730 
0.2494385 
0.2525872 
0.2533341 
0.2530989 
0.2589426 
0.2615720 
0.2592466 
0.2646758 
0.2603013 
0.2600812 
0.2569737 
0.2638377 
0.2658564 
0.2646868 
0.2639563 
0.2587655 
0.2602801 
0.2623669 
0.2576100 
0.2610045 
0.2590243 
0.2595243 
0.2564159 
0.2490995 
0.2517368 
0.2573384 
0.2578450 
0.2626831 
0.2640802 
0.2676993 
0.2682905 
0.2706430 
0.2687008 
0.2639271 
0.2630198 
0.2639889 
0.2620555 
0.2622938 
0.2613180 
0.2622330 
0.2575854 
0.2582289 
0.2584092 
0.2606600 
0.2650911 
0.2768997 
0.2777651 
0.2805859 
0.2809425 
0.2881535 
0.2876324 
0.2995845 
0.3068503 
0.3067360 
0.3114836 
0.3040117 
0.3020919 
0.3025604 
0.3087741 
0.3092052 
0.3144276 
0.3170140 
0.3178378 
0.3190253 
0.3179236 
0.3149838 
0.3151089 
0.3139698 
0.3158680 
0.3197136 
0.3245019 
0.3281412 
0.3281551 
0.3248857 
0.3280929 
0.3381151 
0.3418430 
0.3416748 
0.3375984 
0.3360680 
0.3366534 
0.3345594 
0.3369547 
0.3357673 
0.3398150 
0.3453542 
0.3480099 
0.3496792 
0.3467439 
0.3475642 
0.3458043 
0.3352790 
0.3373184 
0.3356150 
0.3369844 
0.3366922 
0.3385884 
0.3389190 
0.3330688 
0.3322644 
0.3312476 
0.3334367 
0.3248824 
0.3254204 
0.3243859 
0.3267159 
0.3239587 
0.3288325 
0.3265796 
0.3285860 
0.3342913 
0.3279941 
0.3292671 
0.3332984 
0.3356004 
0.3313068 
0.3361198 
0.3403464 
0.3433676 
0.3412572 
0.3378985 
0.3417097 
0.3430370 
0.3452061 
0.3484613 
0.3526210 
0.3545841 
0.3569825 
0.3566556 
0.3629216 
0.3693860 
0.3785501 
0.3886292 
0.3882069 
0.3919743 
0.3945764 
0.3955411 
0.3945122 
0.3953671 
0.3983648 
0.4034814 
0.4040678 
0.4024917 
0.3982069 
0.4008999 
0.4028288 
0.4076781 
0.4107461 
0.4045327 
0.4083346 
0.4071585 
0.4063926 
0.4141910 
0.4143744 
0.4152934 
0.4146184 
0.4172460 
0.4205943 
0.4176427 
0.4183456 
0.4229868 
0.4210913 
0.4235171 
0.4232683 
0.4216033 
0.4255984 
0.4277227 
0.4216369 
0.4228097 
0.4275470 
0.4285195 
0.4326033 
0.4334355 
0.4337643 
0.4380662 
0.4440658 
0.4482596 
0.4443592 
0.4437764 
0.4407151 
0.4395381 
0.4460911 
0.4407385 
0.4347511 
0.4329547 
0.4327788 
0.4319352 
0.4339616 
0.4329684 
0.4306282 
0.4305487 
0.4361426 
0.4367884 
0.4368349 
0.4365370 
0.4440555 
0.4397926 
0.4404420 
0.4444324 
0.4465287 
0.4455249 
0.4443374 
0.4483049 
0.4541033 
0.4546163 
0.4544969 
0.4542143 
0.4541727 
0.4511887 
0.4488832 
0.4536829 
0.4564790 
0.4617849 
0.4709904 
0.4821055 
0.4903411 
0.5012070 
0.5062674 
0.5080976 
0.5099332 
0.5028252 
0.4995389 
0.4982895 
0.5000396 
0.5028739 
0.5037336 
0.4994300 
0.4947745 
0.5079774 
0.5129144 
0.5102199 
0.5098384 
0.5095742 
0.5157842 
0.5172348 
0.5186624 
0.5176453 
0.5176381 
0.5191259 
0.5214650 
0.5263152 
0.5221286 
0.5172632 
0.5130308 
0.5064683 
0.5016052 
0.5071704 
0.5095139 
0.5080659 
0.5086052 
0.5103303 
0.5083045 
0.5057856 
0.5082759 
0.5031209 
0.5034252 
0.5051978 
0.5072732 
0.5055249 
0.5006233 
0.5022359 
0.5001702 
0.5027142 
0.5025199 
0.5130305 
0.5095057 
0.5030939 
0.5016152 
0.5020156 
0.5009090 
0.4995684 
0.4963827 
0.4998114 
0.4981486 
0.4997629 
0.5087375 
0.4992025 
0.4969258 
0.4955478 
0.4968893 
0.4941963 
0.4947656 
0.4961088 
0.4986811 
0.5017948 
0.4984251 
0.5022035 
0.5113954 
0.5133726 
0.5122998 
0.5169101 
0.5214209 
0.5330023 
0.5274117 
0.5234234 
0.5312959 
0.5325435 
0.5307052 
0.5248942 
0.5712725 
0.5758185 
0.5844307 
0.5830879 
0.5812239 
0.5763329 
0.5727514 
0.5735206 
0.5786168 
0.5842769 
0.5775158 
0.5799383 
0.5819463 
0.5850202 
0.5863163 
0.5841772 
0.5808195 
0.5810886 
0.5808722 
0.5800074 
0.5777458 
0.5757629 
0.5658623 
0.5688889 
0.5712043 
0.5683890 
0.5660185 
0.5701243 
0.5695655 
0.5619249 
0.5694826 
0.5701522 
0.5725094 
0.5736262 
0.5613292 
0.5580219 
0.5606326 
0.5596165 
0.5622706 
0.5601633 
0.5642206 
0.5609295 
0.5748762 
0.5722398 
0.5688854 
0.5702183 
0.5673914 
0.5661564 
0.5692683 
0.5674127 
0.5700047 
0.5696525 
0.5714268 
0.5742950 
0.5755745 
0.5840802 
0.5845495 
0.5783426 
0.5742245 
0.5845487 
0.5923949 
0.5978325 
0.5998797 
0.5949977 
0.5939113 
0.5992073 
0.5945639 
0.5983037 
0.6011039 
0.6128344 
0.6124316 
0.6238536 
0.6212955 
0.6284490 
0.6350381 
0.6344029 
0.6374286 
0.6338667 
0.6420147 
0.6497947 
0.6442890 
0.6482881 
0.6523363 
0.6744837 
0.6908725 
0.7057238 
0.7028988 
0.7007515 
0.7026278 
0.7052173 
0.7061223 
0.6998665 
0.7030024 
0.7029471 
0.6994538 
0.6953497 
0.6979475 
0.7010645 
0.6964931 
0.6899845 
0.6921756 
0.6887317 
0.6826525 
0.6840394 
0.6839834 
0.6825019 
0.6785826 
0.6837747 
0.6864264 
0.6894931 
0.6862090 
0.6921952 
0.6914241 
0.6897803 
0.6846019 
0.6907926 
0.6922643 
0.6962751 
0.6910084 
0.6880526 
0.6867777 
0.6880251 
0.6876747 
0.6869838 
0.6824929 
0.6862553 
0.6842075 
0.6836141 
0.6819486 
0.6846731 
0.6799222 
0.6892810 
0.6897697 
0.6932830 
0.7006013 
0.7008486 
0.7036691 
0.7056457 
0.7048598 
0.7015830 
0.7079259 
0.7154376 
0.7118051 
0.7180022 
0.7152106 
0.7124250 
0.7173841 
0.7155658 
0.7257197 
0.7270296 
0.7302497 
0.7324256 
0.7388419 
0.7417314 
0.7407974 
0.7465141 
0.7422751 
0.7400491 
0.7415457 
0.7414827 
0.7424522 
0.7398050 
0.7442428 
0.7484972 
0.7473526 
0.7603018 
0.7612587 
0.7693475 
0.7664283 
0.7708999 
0.7727164 
0.7712022 
0.7672131 
0.7741836 
0.7769558 
0.7713884 
0.7629293 
0.7711427 
0.7613233 
0.7551347 
0.7571006 
0.7539464 
0.7630394 
0.7678223 
0.7588310 
0.7487616 
0.7511859 
0.7519021 
0.7563479 
0.7555488 
0.7511569 
0.7511141 
0.7505568 
0.7559172 
0.7549678 
0.7517316 
0.7522851 
0.7516282 
0.7553730 
0.7519369 
0.7420097 
0.7482434 
0.7380389 
0.7411261 
0.7429228 
0.7434496 
0.7494848 
0.7536475 
0.7608251 
0.7588799 
0.7648058 
0.7665460 
0.7762483 
0.7773044 
0.7788912 
0.7782994 
0.7804283 
0.7793811 
0.7816217 
0.7921049 
0.7949059 
0.7940461 
0.7929271 
0.8007959 
0.8025362 
0.8098360 
0.8067976 
0.8067870 
0.8042469 
0.7996643 
0.7919528 
0.7927890 
0.7915844 
0.7869362 
0.7878660 
0.7914074 
0.7888229 
0.7860322 
0.7840820 
0.7826824 
0.7739172 
0.7707887 
0.7695181 
0.7667353 
0.7663068 
0.7671766 
0.7627021 
0.7707845 
0.7703344 
0.7677283 
0.7718033 
0.7701044 
0.7703565 
0.7735477 
0.7792094 
0.7825871 
0.7843374 
0.7854200 
0.7823889 
0.7823188 
0.7884254 
0.7862339 
0.7833052 
0.7834301 
0.7810359 
0.7779175 
0.7694959 
0.7714119 
0.7672574 
0.7699389 
0.7593689 
0.7587010 
0.7558755 
0.7582698 
0.7630856 
0.7605412 
0.7648738 
0.7770440 
0.7771630 
0.7793315 
0.7825341 
0.7921402 
0.7984685 
0.8038900 
0.8169869 
0.8182701 
0.8235129 
0.8172801 
0.8210895 
0.8206732 
0.8257426 
0.8262718 
0.8318850 
0.8425467 
0.8420310 
0.8363083 
0.8326761 
0.8370596 
0.8393057 
0.8396254 
0.8352923 
0.8347990 
0.8339995 
0.8396523 
0.8413341 
0.8447137 
0.8436781 
0.8356985 
0.8280461 
0.8276442 
0.8294133 
0.8356963 
0.8377730 
0.8460738 
0.8411791 
0.8441179 
0.8416754 
0.8489293 
0.8491353 
0.8456876 
0.8410892 
0.8351978 
0.8363715 
0.8339169 
0.8320274 
0.8266528 
0.8279113 
0.8283906 
0.8290171 
0.8281511 
0.8286488 
0.8273569 
0.8251824 
0.8355490 
0.8344518 
0.8378273 
0.8370605 
0.8347403 
0.8348774 
0.8360991 
0.8361728 
0.8396499 
0.8344463 
0.8361778 
0.8418143 
0.8374944 
0.8402650 
0.8404940 
0.8441965 
0.8436515 
0.8401776 
0.8421243 
0.8442582 
0.8481573 
0.8430735 
0.8410489 
0.8507714 
0.8611985 
0.8722551 
0.8839726 
0.8927992 
0.8981641 
0.8998122 
0.9099583 
0.9173567 
0.9237421 
0.9304461 
0.9280006 
0.9259581 
0.9233370 
0.9200883 
0.9219471 
0.9223109 
0.9225473 
0.9243017 
0.9257387 
0.9268668 
0.9282225 
0.9303481 
0.9338439 
0.9386113 
0.9377015 
0.9388293 
0.9391593 
0.9424068 
0.9410444 
0.9310341 
0.9330254 
0.9295330 
0.9294636 
0.9322330 
0.9319487 
0.9317535 
0.9290954 
0.9287968 
0.9292938 
0.9296686 
0.9318751 
0.9319419 
0.9319272 
0.9344637 
0.9279651 
0.9284892 
0.9252805 
0.9314217 
0.9334811 
0.9373097 
0.9404101 
0.9388823 
0.9409313 
0.9380923 
0.9438372 
0.9359110 
0.9340852 
0.9408390 
0.9392982 
0.9362847 
0.9358978 
0.9350838 
0.9380217 
0.9342061 
0.9331957 
0.9351912 
0.9357714 
0.9356683 
0.9365418 
0.9398116 
0.9453706 
0.9334655 
0.9290754 
0.9151120 
0.9093228 
0.9067603 
0.9053659 
0.9160842 
0.9278349 
0.9318870 
0.9370327 
0.9469634 
0.9455298 
0.9459748 
0.9442613 
0.9421211 
0.9368237 
0.9470236 
0.9466563 
0.9509933 
0.9486485 
0.9472474 
0.9487376 
0.9501455 
0.9483040 
0.9533482 
0.9491098 
0.9491656 
0.9487045 
0.9503921 
0.9529988 
0.9529669 
0.9557944 
0.9530269 
0.9478703 
0.9500272 
0.9531754 
0.9521165 
0.9458055 
0.9436756 
0.9358547 
0.9364136 
0.9303698 
0.9283997 
0.9232630 
0.9237570 
0.9266578 
0.9290093 
0.9361607 
0.9394073 
0.9430487 
0.9432885 
0.9416478 
0.9422293 
0.9458971 
0.9496363 
0.9522292 
0.9542229 
0.9563753 
0.9575515 
0.9558236 
0.9587266 
0.9599249 
0.9598043 
0.9624216 
0.9632547 
0.9606510 
0.9606346 
0.9616026 
0.9612327 
0.9675514 
0.9678910 
0.9712848 
0.9707166 
0.9755247 
0.9793140 
0.9780672 
0.9813015 
0.9623700 
0.9324612 
0.9242433 
0.9175217 
0.9126993 
0.9362382 
0.9586711 
0.9581925 
0.9586837 
0.9501366 
0.9444350 
0.9379175 
0.9365406 
0.9420335 
0.9477901 
0.9547964 
0.9661698 
0.9602340 
0.9552477 
0.9507665 
0.9524771 
0.9524959 
0.9258549 
0.8985970 
0.9233179 
0.9541599 
0.9520876 
0.9516974 
0.9457724 
0.9455607 
0.9442640 
0.9426757 
0.9441049 
0.9383060 
0.9392975 
0.9417772 
0.9454182 
0.9451910 
0.9500745 
0.9517291 
0.9512751 
0.9494857 
0.9456321 
0.9492888 
0.9535973 
0.9560251 
0.9529324 
0.9510226 
0.9547549 
0.9054374 
0.9040140 
0.9037242 
0.9543984 
0.9578609 
0.9572739 
0.9543101 
0.9524469 
0.9502889 
0.9451138 
0.9456388 
0.9535323 
0.9533855 
0.9487353 
0.9490776 
0.9467971 
0.9476208 
0.9537968 
0.9522283 
0.9464475 
0.9447617 
0.9422972 
0.9463543 
0.9483827 
0.9525530 
0.9494072 
0.9317241 
0.9091990 
0.8936716 
0.8930250 
0.8907144 
0.9170331 
0.9389573 
0.9508137 
0.9488896 
0.9514547 
0.9502784 
0.9428322 
0.9282509 
0.9176344 
0.9038635 
0.8956560 
0.8973936 
0.9032207 
0.9190788 
0.9281507 
0.9409915 
0.9412360 
0.9359064 
0.9371253 
0.9374297 
0.9383458 
0.9371053 
0.9357438 
0.9333562 
0.9329898 
0.9347539 
0.9337449 
0.9304373 
0.9232441 
0.9068406 
0.8954676 
0.8835059 
0.8970184 
0.9106285 
0.9277473 
0.9472655 
0.9550198 
0.9542525 
0.9527329 
0.9468070 
0.9445943 
0.9444423 
0.9443887 
0.9425449 
0.9425140 
0.9392278 
0.9357614 
0.9331426 
0.9341497 
0.9351185 
0.9301069 
0.9311708 
0.9264647 
0.9305958 
0.9278687 
0.9307107 
0.9272078 
0.9296017 
0.9326109 
0.9287961 
0.9219890 
0.9260126 
0.9304905 
0.9308633 
0.9308111 
0.9323273 
0.9298189 
0.9294639 
0.9301874 
0.9210060 
0.9112774 
0.9009236 
0.8849391 
0.8720102 
0.8640702 
0.8533398 
0.8400718 
0.8425089 
0.8440109 
0.8509336 
0.8673863 
0.8672399 
0.8784210 
0.8827851 
0.8937443 
0.9012626 
0.9090530 
0.9116168 
0.9168393 
0.9254958 
0.9250793 
0.9319861 
0.9402599 
0.9465258 
0.9534928 
0.9596706 
0.9550758 
0.9524374 
0.9513539 
0.9505742 
0.9526229 
0.9546986 
0.9571118 
0.9574945 
0.9583081 
0.9613635 
0.9608137 
0.9625835 
0.9614949 
0.9655051 
0.9642876 
0.9663535 
0.9610406 
0.9549269 
0.9506749 
0.9457550 
0.9414649 
0.9346268 
0.9325653 
0.9321061 
0.9280522 
0.9256456 
0.9235893 
0.9278326 
0.9335130 
0.9467868 
0.9514205 
0.9552861 
0.9643435 
0.9620291 
0.9634984 
0.9619950 
0.9614648 
0.9659464 
0.9658464 
0.9684847 
0.9637233 
0.9633631 
0.9622016 
0.9599943 
0.9587114 
0.9543672 
0.9505066 
0.9378353 
0.9316913 
0.9305667 
0.9221847 
0.9246163 
0.9285353 
0.9265994 
0.9313951 
0.9291072 
0.9290967 
0.9228538 
0.9249350 
0.9405077 
0.9466585 
0.9499991 
0.9502063 
0.9543737 
0.9617139 
0.9670995 
0.9700886 
0.9740001 
0.9775200 
0.9736727 
0.9698652 
0.9657541 
0.9624710 
0.9610774 
0.9598718 
0.9617086 
0.9557656 
0.9480152 
0.9523632 
0.9483685 
0.9399536 
0.9350413 
0.9236237 
0.9123144 
0.9102999 
0.9100601 
0.9089324 
0.9153203 
0.9087691 
0.9037910 
0.9005364 
0.9011851 
0.8995491 
0.9018165 
0.8977782 
0.8998361 
0.8980450 
0.9014898 
0.9035613 
0.9047871 
0.9079598 
0.9126296 
0.9170570 
0.9124076 
0.9139134 
0.9124965 
0.9104080 
0.9038039 
0.8949372 
0.8852480 
0.8936801 
0.8922876 
0.8941749 
0.8828596 
0.8806290 
0.8826001 
0.8919542 
0.8846522 
0.8875066 
0.8902398 
0.8901369 
0.8908881 
0.8909935 
0.8971286 
0.8990236 
0.9039363 
0.9120431 
0.9193270 
0.9231113 
0.9224955 
0.9245839 
0.9223286 
0.9219093 
0.9232474 
0.9248956 
0.9296757 
0.9345717 
0.9363510 
0.9430218 
0.9473481 
0.9545413 
0.9679027 
0.9721353 
0.9780630 
0.9795898 
0.9808174 
0.9763857 
0.9721695 
0.9634881 
0.9601135 
0.9575872 
0.9589359 
0.9594082 
0.9547798 
0.9530957 
0.9534079 
0.9521535 
0.9529505 
0.9539627 
0.9518358 
0.9531269 
0.9479608 
0.9494944 
0.9520111 
0.9525255 
0.9516030 
0.9535523 
0.9529389 
0.9567607 
0.9537088 
0.9529286 
0.9511919 
0.9545323 
0.9491721 
0.9520928 
0.9468734 
0.9405196 
0.9366948 
0.9339169 
0.9297821 
0.9219687 
0.9170542 
0.9172265 
0.9139390 
0.9121793 
0.9092824 
0.9083496 
0.9054953 
0.9075319 
0.8906852 
0.8868380 
0.8815686 
0.8806690 
0.8839723 
0.8754807 
0.8700746 
0.8638810 
0.8626830 
0.8620647 
0.8641087 
0.8635528 
0.8684261 
0.8689759 
0.8679526 
0.8739756 
0.8914730 
0.8934830 
0.8945811 
0.8948328 
0.8945992 
0.8995312 
0.9050979 
0.9110427 
0.9075089 
0.9110283 
0.9189824 
0.9207826 
0.9281918 
0.9382480 
0.9399808 
0.9543223 
0.9622199 
0.9627992 
0.9653257 
0.9638101 
0.9636395 
0.9651508 
0.9629641 
0.9629587 
0.9625447 
0.9612256 
0.9588394 
0.9586446 
0.9671860 
0.9644071 
0.9680540 
0.9668199 
0.9711460 
0.9644021 
0.9655221 
0.9633101 
0.9688236 
0.9725804 
0.9691429 
0.9720781 
0.9758404 
0.9732688 
0.9761320 
0.9800483 
0.9875585 
0.9853509 
0.9862489 
0.9841655 
0.9892615 
0.9875329 
0.9811169 
0.9776362 
0.9842758 
0.9799188 
0.9862295 
0.9826926 
0.9843700 
0.9883634 
0.9848119 
0.9807119 
0.9789520 
0.9750859 
0.9790216 
0.9833391 
0.9825893 
0.9800729 
0.9721747 
0.9737774 
0.9678419 
0.9695877 
0.9709623 
0.9721062 
0.9660294 
0.9648117 
0.9626979 
0.9628442 
0.9685412 
0.9635079 
0.9617631 
0.9609600 
0.9624047 
0.9651785 
0.9633673 
0.9606773 
0.9403352 
0.9394015 
0.9393239 
0.9369581 
0.9321593 
0.9322168 
0.9324703 
0.9293882 
0.9394687 
0.9400672 
0.9387432 
0.9385533 
0.9345595 
0.9396962 
0.9352686 
0.9343988 
0.9304177 
0.9339386 
0.9318766 
0.9361253 
0.9368780 
0.9407250 
0.9377430 
0.9392747 
0.9411026 
0.9399893 
0.9371122 
0.9437701 
0.9436925 
0.9477894 
0.9352354 
0.9442975 
0.9385340 
0.9320113 
0.9382220 
0.9422932 
0.9459865 
0.9462039 
0.9432456 
0.9491597 
0.9499963 
0.9458807 
0.9439908 
0.9481695 
0.9473017 
0.9488933 
0.9459479 
0.9443530 
0.9401710 
0.9416329 
0.9462861 
0.9420398 
0.9530138 
0.9548622 
0.9392391 
0.9346808 
0.9251248 
0.9307021 
0.9285736 
0.9286424 
0.9351093 
0.9391355 
0.9395750 
0.9340669 
0.9330311 
0.9411795 
0.9488540 
0.9526330 
0.9525480 
0.9554320 
0.9531508 
0.9552301 
0.9600585 
0.9601669 
0.9573304 
0.9538904 
0.9533745 
0.9546323 
0.9546715 
0.9513706 
0.9531863 
0.9515503 
0.9511869 
0.9450444 
0.9395608 
0.9348018 
0.9326682 
0.9311052 
0.9378804 
0.9365940 
0.9452374 
0.9413612 
0.9409692 
0.9410749 
0.9372899 
0.9368436 
0.9352746 
0.9371732 
0.9333413 
0.9282056 
0.9339469 
0.9331055 
0.9329240 
0.9258907 
0.9197881 
0.9213960 
0.9262201 
0.9295494 
0.9238155 
0.9209596 
0.9253043 
0.9205369 
0.9237640 
0.9286032 
0.9270090 
0.9288651 
0.9252848 
0.9228381 
0.9294522 
0.9331724 
0.9365042 
0.9377839 
0.9364754 
0.9400742 
0.9378284 
0.9425198 
0.9488910 
0.9494516 
0.9523696 
0.9528232 
0.9520813 
0.9518892 
0.9532690 
0.9530418 
0.9478875 
0.9423325 
0.9493953 
0.9511816 
0.9518778 
0.9485689 
0.9546604 
0.9599072 
0.9648138 
0.9662908 
0.9655064 
0.9692962 
0.9714568 
0.9728349 
0.9756910 
0.9813221 
0.9819286 
0.9826095 
0.9872227 
0.9892507 
0.9903635 
0.9894643 
0.9946160 
0.9947576 
0.9943383 
0.9952538 
0.9981094 
0.9954977 
0.9921104 
0.9956361 
0.9941281 
0.9838624 
0.9820645 
0.9831856 
0.9835287 
0.9802033 
0.9838313 
0.9843060 
0.9829294 
0.9855361 
0.9858944 
0.9839391 
0.9801199 
0.9859717 
0.9902296 
0.9951655 
0.9991037 
1.0000000 
0.9961640 
0.9878397 
0.9738116 
0.9580359 
0.9595268 
0.9563636 
0.9562428 
0.9559626 
0.9505398 
0.9540496 
0.9533911 
0.9591895 
0.9571083 
0.9552688 
0.9482031 
0.9436970 
0.9439742 
0.9464657 
0.9462653 
0.9425862 
0.9400049 
0.9406723 
0.9440664 
0.9446463 
0.9464507 
0.9424769 
0.9439311 
0.9480712 
0.9490582 
0.9452234 
0.9488688 
0.9510482 
0.9497118 
0.9456764 
0.9443469 
0.9425811 
0.9433153 
0.9390166 
0.9421307 
0.9404868 
0.9394273 
0.9368212 
0.9393721 
0.9366751 
0.9324549 
0.9309033 
0.9350814 
0.9400452 
0.9405253 
0.9320511 
0.9282857 
0.9222197 
0.9205630 
0.9204788 
0.9159152 
0.9170490 
0.9122593 
0.9115542 
0.9133067 
0.9133803 
0.9142075 
0.9097321 
0.9113371 
0.9104205 
0.9127522 
0.9110064 
0.9074788 
0.9051866 
0.9088553 
0.9075043 
0.9160495 
0.9096091 
0.9076074 
0.9068946 
0.9068190 
0.9028503 
0.9030669 
0.9065684 
0.9048977 
0.9025142 
0.9052767 
0.9010034 
0.9008801 
0.9013425 
0.9044659 
0.9129671 
0.9138537 
0.9092145 
0.9086477 
0.9114233 
0.9129211 
0.9124823 
0.9195754 
0.9126430 
0.9110566 
0.9119270 
0.9083616 
0.9077370 
0.9106970 
0.9036847 
0.9022336 
0.9018479 
0.8974536 
0.8966400 
0.8902886 
0.8884481 
0.8846057 
0.8956689 
0.8967395 
0.8879684 
0.8840812 
0.8759325 
0.8758948 
0.8735539 
0.8648086 
0.8684133 
0.8740842 
0.8648730 
0.8690515 
0.8638616 
0.8584126 
0.8585183 
0.8711003 
0.8699723 
0.8781727 
0.8796623 
0.8784823 
0.8714586 
0.8725091 
0.8735249 
0.8685454 
0.8704031 
0.8686526 
0.8700912 
0.8718982 
0.8691065 
0.8660236 
0.8655307 
0.8630582 
0.8629855 
0.8538443 
0.8590934 
0.8573813 
0.8450561 
0.8445049 
0.8396445 
0.8408135 
0.8398982 
0.8310459 
0.8291921 
0.8279764 
0.8131708 
0.8089568 
0.8034304 
0.8050919 
0.7976320 
0.7863519 
0.7769465 
0.7813438 
0.7758182 
0.8323465 
0.8255707 
0.8186745 
0.8139499 
0.8053374 
0.8010945 
0.7893066 
0.7860137 
0.7862617 
0.7764490 
0.7760424 
0.7674467 
0.7559944 
0.7465913 
0.7426464 
0.7413312 
0.7303361 
0.7185054 
0.7087761 
0.6964641 
0.6902182 
0.6898286 
0.6758351 
