0.0001213 
0.0001356 
0.0000653 
-0.3118506 
0.0226178 
0.3407070 
0.0786836 
0.0707720 
0.0593702 
0.0477749 
0.0487297 
0.0421081 
0.0349142 
0.0379109 
0.0388914 
0.0449830 
0.0507421 
0.0480682 
0.0461048 
0.0444333 
0.0385920 
0.0382675 
0.0297149 
0.0254214 
0.0299436 
0.0264940 
0.0257646 
0.0226115 
0.0257339 
0.0189856 
0.0162162 
0.0131162 
0.0042475 
0.0138259 
0.0113059 
0.0059479 
0.0056723 
0.0041891 
0.0092809 
0.0121502 
0.0173205 
0.0137351 
0.0120974 
0.0016970 
0.0052233 
0.0059758 
0.0087822 
0.0236309 
0.0257301 
0.0218344 
0.0201238 
0.0209080 
0.0228363 
0.0216106 
0.0244099 
0.0142599 
0.0145282 
0.0131689 
0.0129205 
0.0124969 
0.0077273 
0.0036813 
0.0292323 
0.0248131 
0.0161298 
0.0177713 
0.0205997 
0.0235671 
0.0135052 
0.0155126 
0.0086563 
0.0022516 
0.0006335 
0.0074960 
0.0102753 
0.0088892 
0.0040339 
0.0048229 
0.0101890 
0.0004215 
0.0000000 
0.0016201 
0.0220437 
0.0261345 
0.0202964 
0.0160288 
0.0174053 
0.0195334 
0.0205447 
0.0237440 
0.0241575 
0.0202025 
0.0261847 
0.0171197 
0.0178050 
0.2894324 
0.2829638 
0.2835890 
0.2965565 
0.2838062 
0.2677648 
0.2605214 
0.2626681 
0.2582255 
0.2467049 
0.2521029 
0.2524476 
0.2599115 
0.2460438 
0.2577036 
0.2525994 
0.2472957 
0.2466796 
0.2402276 
0.2431300 
0.2399769 
0.2503314 
0.2575447 
0.2576504 
0.2613638 
0.2601972 
0.2652863 
0.2467688 
0.2326160 
0.2439456 
0.2383105 
0.2212914 
0.2286101 
0.2157600 
0.2194318 
0.2111044 
0.2112330 
0.2165712 
0.2153868 
0.2211123 
0.2174110 
0.2225757 
0.2236526 
0.2329342 
0.2272900 
0.2453453 
0.2322549 
0.2270335 
0.2313532 
0.2337289 
0.2302282 
0.2330768 
0.2293228 
0.2253172 
0.2252797 
0.2227446 
0.2301934 
0.2241973 
0.2148941 
0.2107554 
0.2159120 
0.2242877 
0.2341919 
0.2279238 
0.2293885 
0.2453174 
0.2457421 
0.2487459 
0.2409672 
0.2605566 
0.2594868 
0.2573376 
0.2630084 
0.2407834 
0.3096655 
0.3078901 
0.4174692 
0.4023789 
0.5289917 
0.6121146 
0.6028755 
0.6829156 
0.6894128 
0.7345321 
0.7433373 
0.7648431 
0.7973929 
0.7894056 
0.8061817 
0.8091840 
0.8209727 
0.8295691 
0.8222071 
0.8264253 
0.8306576 
0.8273726 
0.8357522 
0.8293385 
0.8334773 
0.8291410 
0.8262239 
0.8294055 
0.8279188 
0.8269647 
0.8270387 
0.8294646 
0.8208112 
0.8307397 
0.8281841 
0.8266968 
0.8285193 
0.8366033 
0.8329551 
0.8299216 
0.8226630 
0.8259832 
0.8238342 
0.8260748 
0.8277989 
0.8341267 
0.8474556 
0.8411583 
0.8444066 
0.8475687 
0.8458030 
0.8540717 
0.8598243 
0.8544524 
0.8470280 
0.8447886 
0.8430181 
0.8433845 
0.8423918 
0.8389954 
0.8362440 
0.8393679 
0.8345438 
0.8223262 
0.8178355 
0.8227516 
0.8196335 
0.8167770 
0.8054104 
0.8088136 
0.7999617 
0.8024851 
0.7990378 
0.8066895 
0.7997194 
0.7945113 
0.7941008 
0.7943412 
0.8004934 
0.8016448 
0.7975679 
0.8135758 
0.8201554 
0.8177148 
0.8162285 
0.8112692 
0.8074625 
0.7994396 
0.7958591 
0.7941856 
0.7909434 
0.7893703 
0.7962380 
0.7991073 
0.8044281 
0.8046529 
0.8039160 
0.8114259 
0.8074357 
0.8063394 
0.8029960 
0.8082835 
0.7937482 
0.7947922 
0.7836816 
0.7825783 
0.7812182 
0.7817446 
0.7823073 
0.7933290 
0.7990743 
0.8054458 
0.8079534 
0.8103229 
0.8107664 
0.7999441 
0.7983114 
0.8049620 
0.8056519 
0.8048900 
0.8019040 
0.7930878 
0.7938427 
0.7952912 
0.7901976 
0.7928828 
0.7944828 
0.7893045 
0.7865479 
0.7892014 
0.7818050 
0.7892769 
0.7841050 
0.7882860 
0.7856530 
0.7906230 
0.7948808 
0.8032196 
0.7991360 
0.8036642 
0.8036820 
0.8147889 
0.8106704 
0.8101435 
0.8070210 
0.8020242 
0.8017571 
0.8089265 
0.8050170 
0.7907466 
0.7908669 
0.7863747 
0.7876793 
0.7886433 
0.7809140 
0.7852348 
0.7833588 
0.7859830 
0.7832659 
0.7740961 
0.7782902 
0.7803414 
0.7790484 
0.7831026 
0.7913163 
0.7871941 
0.7979657 
0.7845614 
0.7750092 
0.7598862 
0.7674451 
0.7774762 
0.7772985 
0.7730448 
0.7717872 
0.7670852 
0.7609538 
0.7460194 
0.7489631 
0.7478143 
0.7594689 
0.7561817 
0.7733622 
0.7682953 
0.7779894 
0.7794881 
0.7677044 
0.7771733 
0.7809074 
0.7862830 
0.7794966 
0.7785140 
0.7819570 
0.7776444 
0.7705787 
0.7747736 
0.7738556 
0.7750337 
0.7712899 
0.7805383 
0.7804937 
0.7761643 
0.7668508 
0.7689191 
0.7674923 
0.7685322 
0.7718111 
0.7756249 
0.7816126 
0.7694110 
0.7741676 
0.7717209 
0.7712417 
0.7736466 
0.7669319 
0.7621546 
0.7597124 
0.7575373 
0.7547017 
0.7609096 
0.7579465 
0.7701702 
0.7594631 
0.7754300 
0.7813079 
0.7807034 
0.7960609 
0.8008568 
0.7940616 
0.7950385 
0.7976724 
0.8062795 
0.8076786 
0.8109863 
0.8183543 
0.8214261 
0.8268703 
0.8333374 
0.8164896 
0.8069913 
0.8040988 
0.8161197 
0.8195721 
0.8133015 
0.8138778 
0.8169249 
0.8207001 
0.8150959 
0.8108073 
0.8140494 
0.8131618 
0.8284637 
0.8230720 
0.8222244 
0.8327705 
0.8292231 
0.8191264 
0.8084795 
0.8017690 
0.8008388 
0.7922583 
0.7957420 
0.7840208 
0.7957946 
0.7917017 
0.8008721 
0.7968923 
0.8124486 
0.8207416 
0.8285166 
0.8328140 
0.8281162 
0.8391783 
0.8498538 
0.8516492 
0.8676291 
0.8735237 
0.8847353 
0.8917180 
0.8841913 
0.8752181 
0.8704626 
0.8645627 
0.8588761 
0.8525478 
0.8557319 
0.8492350 
0.8558578 
0.8504961 
0.8461516 
0.8483670 
0.8712041 
0.8709991 
0.8417502 
0.8507796 
0.8410041 
0.8389797 
0.8286234 
0.8289715 
0.8274491 
0.8243222 
0.8325434 
0.8334329 
0.8230087 
0.8181126 
0.8213721 
0.8205624 
0.8341012 
0.8429300 
0.8585598 
0.8650664 
0.8789954 
0.8754921 
0.8609013 
0.8591571 
0.8669061 
0.8715808 
0.8748188 
0.8988954 
0.8881517 
0.8728601 
0.8551803 
0.8476309 
0.8416085 
0.8409625 
0.8351129 
0.8338328 
0.8383946 
0.8322273 
0.8324258 
0.8464876 
0.8638347 
0.8609751 
0.8731998 
0.8863713 
0.8905063 
0.8935986 
0.9113184 
0.9238149 
0.9533035 
0.9549120 
0.9559542 
0.9386745 
0.9191794 
0.9081279 
0.9070725 
0.8971935 
0.8869692 
0.8706794 
0.8711951 
0.8818623 
0.8572085 
0.8643363 
0.8563052 
0.8601557 
0.8599029 
0.8657903 
0.8658323 
0.8669566 
0.8573325 
0.8621097 
0.8619007 
0.8706948 
0.8770778 
0.8895781 
0.8962227 
0.9057483 
0.9314437 
0.9354993 
0.9402848 
0.9463284 
0.9490190 
0.9458511 
0.9409497 
0.9299225 
0.9212300 
0.8977832 
0.8811814 
0.8803673 
0.8765439 
0.8832343 
0.8814362 
0.8813067 
0.8827329 
0.8835806 
0.8876074 
0.8754412 
0.8688657 
0.8648711 
0.8491433 
0.8375321 
0.8510087 
0.8659060 
0.8757023 
0.8991651 
0.9139747 
0.9550930 
0.9537706 
0.9356813 
0.9297366 
0.9337441 
0.9251321 
0.9147891 
0.9224199 
0.9244065 
0.9280435 
0.9115239 
0.8805369 
0.8806133 
0.8749471 
0.8880027 
0.8902229 
0.8746085 
0.8745412 
0.8889899 
0.8921054 
0.8844017 
0.8878996 
0.8840494 
0.8844336 
0.8804502 
0.8888257 
0.8903124 
0.9071039 
0.9208260 
0.9210862 
0.9419116 
0.9446228 
0.9433428 
0.9411738 
0.9335733 
0.9423566 
0.9319018 
0.9392472 
0.9426898 
0.9535407 
0.9395630 
0.9179737 
0.8906463 
0.8852918 
0.8778308 
0.8777973 
0.8818908 
0.8720111 
0.8834302 
0.8964992 
0.9108876 
0.9232716 
0.9241364 
0.9298021 
0.9522495 
0.9487210 
0.9583972 
0.9778563 
0.9865847 
0.9951273 
1.0000000 
0.9915860 
0.9848472 
0.9809202 
0.9736352 
0.9606485 
0.9513404 
0.9509582 
0.9526319 
0.9506840 
0.9408769 
0.9345366 
0.9275057 
0.9283634 
0.9238236 
0.9114290 
0.9086592 
0.9116936 
0.8994549 
0.8860833 
0.8825116 
0.8905631 
0.8936080 
0.8974004 
0.8950839 
0.9061974 
0.9087078 
0.9202684 
0.9215626 
0.9317625 
0.9453267 
0.9383638 
0.9393804 
0.9351182 
0.9613234 
0.9573704 
0.9349478 
0.9219177 
0.9241750 
0.9228858 
0.9100833 
0.9021384 
0.8931523 
0.8932112 
0.8907685 
0.8891184 
0.8861730 
0.8939191 
0.9143570 
0.9109685 
0.9064462 
0.9040299 
0.9018689 
0.8947231 
0.8898168 
0.8892098 
0.8954680 
0.9000949 
0.9019615 
0.8939325 
0.9086055 
0.9020276 
0.8885880 
0.8858262 
0.8885477 
0.8901787 
0.8984109 
0.9193399 
0.9249117 
0.9301276 
0.9329713 
0.9283037 
0.9343381 
0.9450736 
0.9418714 
0.9453842 
0.9518008 
0.9520615 
0.9489957 
0.9602398 
0.9715971 
0.9621433 
0.9514813 
0.9542124 
0.9506191 
0.9467129 
0.9340648 
0.9346816 
0.9248374 
0.9265239 
0.9233564 
0.9221020 
0.9262897 
0.9303237 
0.9304766 
0.9302102 
0.9206599 
0.9201574 
0.9227292 
0.9229075 
0.9238797 
0.9197141 
0.9319887 
0.9225840 
0.9257936 
0.9170292 
0.9276755 
0.9308607 
0.9197296 
0.9279282 
0.9367533 
0.9338522 
0.9324275 
0.9270774 
0.9246328 
0.9260555 
0.9217588 
0.9097772 
0.9201252 
0.9221300 
0.9202845 
0.9217447 
0.9163583 
0.9205924 
0.9194432 
0.9032612 
0.9077419 
0.8997956 
0.8813730 
0.8921277 
0.8924994 
0.8940576 
0.8935409 
0.8974102 
0.8978571 
0.9126073 
0.8999648 
0.8976158 
0.8987038 
0.9077163 
0.8993514 
0.9084374 
0.9200680 
0.9225477 
0.9313679 
0.9398741 
0.9390076 
0.9462772 
0.9564942 
0.9590955 
0.9635961 
0.9566566 
0.9634788 
0.9697481 
0.9734400 
0.9712662 
0.9482144 
0.9570009 
0.9520039 
0.9572898 
0.9556727 
0.9436012 
0.9476587 
0.9466806 
0.9474948 
0.9413355 
0.9482354 
0.9450766 
0.9500867 
0.9467596 
0.9451593 
0.9510141 
0.9466895 
0.9452598 
0.9509256 
0.9433349 
0.9275660 
0.9241926 
0.9262928 
0.9351652 
0.9346374 
0.9285273 
0.9341573 
0.9274386 
0.9241919 
0.9352073 
0.9337924 
0.9330885 
0.9308216 
0.9318550 
0.9408843 
0.9437860 
0.9369545 
0.9304004 
0.9258421 
0.9337523 
0.9294016 
0.9321302 
0.9367395 
0.9255570 
0.9221241 
0.9362540 
0.9260037 
0.9298118 
0.9338734 
0.9369580 
0.9415389 
0.9495800 
0.9541391 
0.9601043 
0.9718169 
0.9394117 
0.9322967 
0.9367046 
0.9423163 
0.9375386 
0.9417177 
0.9341732 
0.9337603 
0.9262644 
0.9259319 
0.9284004 
0.9310210 
0.9469468 
0.9416654 
0.9456047 
0.9472265 
0.9329604 
0.9312405 
0.9318113 
0.9316254 
0.9320045 
0.9333001 
0.9322872 
0.9368209 
0.9428060 
0.9470505 
0.9477364 
0.9518417 
0.9576389 
0.9668177 
0.9576782 
0.9623543 
0.9489297 
0.9481316 
0.9482989 
0.9521575 
0.9443539 
0.9355562 
0.9375294 
0.9479995 
0.9464226 
0.9481850 
0.9568510 
0.9631866 
0.9678659 
0.9720769 
0.9742947 
0.9619794 
0.9675048 
0.9587633 
0.9677005 
0.9585364 
0.9707513 
0.9632159 
0.9586951 
0.9527022 
0.9462773 
0.9449214 
0.9481609 
0.9600548 
0.9660143 
0.9583971 
0.9635936 
0.9700913 
0.9662238 
0.9575331 
0.9600865 
0.9559630 
0.9528627 
0.9424736 
0.9434034 
0.9403202 
0.9452673 
0.9284156 
0.9092538 
0.9248448 
0.9159052 
0.9070154 
0.9126398 
0.9100902 
0.9138996 
0.9198021 
0.9257829 
0.9361132 
0.9303928 
0.9260367 
0.9139158 
0.9177154 
0.9302478 
0.9309127 
0.9245913 
0.9257030 
0.9284501 
0.9213842 
0.9208017 
0.9220924 
0.9271153 
0.9333180 
0.9261199 
0.9297537 
0.9211411 
0.9249035 
0.9386535 
0.9260859 
0.9198074 
0.9319588 
0.9288627 
0.9330194 
0.9374251 
0.9374885 
0.9388419 
0.9398359 
0.9417463 
0.9480103 
0.9425816 
0.9406718 
0.9279659 
0.9349555 
0.9362236 
0.9324016 
0.9301287 
0.9340690 
0.9256177 
0.9324753 
0.9250676 
0.9147569 
0.9205679 
0.9321335 
0.9236728 
0.9115787 
0.9111915 
0.9024946 
0.9005544 
0.9026634 
0.9029053 
0.9197422 
0.9216805 
0.9304671 
0.9303867 
0.9289381 
0.9265836 
0.9275420 
0.9156472 
0.9131514 
0.8999969 
0.9170714 
0.9104561 
0.9158163 
0.9177825 
0.9217444 
0.9299811 
0.9304800 
0.9332535 
0.9295126 
0.9306715 
0.9194504 
0.9210845 
0.9082819 
0.9124121 
0.9143616 
0.9229775 
0.9183863 
0.9236663 
0.9227686 
0.9186923 
0.9135745 
0.9124031 
0.9203353 
0.9343211 
0.9212770 
0.9155040 
0.9101800 
0.9206842 
0.9190260 
0.9016096 
0.8984416 
0.8968479 
0.9045130 
0.8990204 
0.9042660 
0.9078772 
0.9099666 
0.8984477 
0.9067470 
0.8975093 
0.8961868 
0.9083140 
0.9093483 
0.9034364 
0.9044592 
0.9058628 
0.9124424 
0.9127247 
0.8970053 
0.9042305 
0.9035165 
0.9027482 
0.9186989 
0.9160641 
0.9096892 
0.9189189 
0.9137856 
0.9132020 
0.9110392 
0.9159406 
0.9146149 
0.9143858 
0.9177337 
0.9251578 
0.9348694 
0.9312753 
0.9384586 
0.9316196 
0.9155971 
0.9116520 
0.9180860 
0.9114190 
0.9082622 
0.9197695 
0.9195431 
0.9199402 
0.9248767 
0.9247473 
0.9201501 
0.9164704 
0.9125413 
0.9127228 
0.9154672 
0.9138262 
0.9177447 
0.9189458 
0.9200360 
0.9130621 
0.9145461 
0.9200033 
0.9215427 
0.9311269 
0.9312392 
0.9317016 
0.9314336 
0.9357780 
0.9148828 
0.9134804 
0.9071808 
0.9145255 
0.9121700 
0.9060769 
0.9088091 
0.9152737 
0.9171260 
0.9143274 
0.9096199 
0.9112521 
0.9049352 
0.9031101 
0.9069391 
0.9065368 
0.9135912 
0.9147804 
0.9220715 
0.9165740 
0.9067094 
0.9180054 
0.9124156 
0.9123512 
0.9154859 
0.9045406 
0.8983680 
0.9006423 
0.9019986 
0.9102294 
0.9045807 
0.9094871 
0.8991750 
0.9112984 
0.9011060 
0.9076413 
0.8999663 
0.9008063 
0.9026705 
0.8974718 
0.8975238 
0.9040893 
0.8997035 
0.8980068 
0.9004708 
0.8989699 
0.9145030 
0.9083964 
0.8990098 
0.8988849 
0.8923347 
0.8933794 
0.8889862 
0.8900159 
0.8920049 
0.8889079 
0.8935795 
0.8875423 
0.9047885 
0.8994987 
0.9059013 
0.8976304 
0.8995686 
0.9026014 
0.9087429 
0.9079974 
0.9042866 
0.9039627 
0.9039290 
0.9234139 
0.9236813 
0.9151470 
0.9196815 
0.9148598 
0.9053886 
0.9147572 
0.9148732 
0.9124935 
0.9200620 
0.9108261 
0.9112745 
0.9094748 
0.9128521 
0.8906322 
0.8886820 
0.8939018 
0.8959105 
0.8944998 
0.8954596 
0.8978025 
0.9019531 
0.8970379 
0.8983379 
0.8863084 
0.8799238 
0.8960363 
0.8804143 
0.8923151 
0.8940262 
0.8928334 
0.8942192 
0.9023351 
0.8909199 
0.9034450 
0.8951366 
0.8997379 
0.8967682 
0.8921907 
0.9019448 
0.8926294 
0.8853441 
0.8851281 
0.8963094 
0.8953409 
0.8959281 
0.8932418 
0.8954225 
0.8869797 
0.8824822 
0.8786766 
0.8801527 
0.9254269 
0.9248973 
0.9311087 
0.9320484 
0.9384367 
0.9306061 
0.9152182 
0.8974337 
0.9030171 
0.9030259 
0.9033276 
0.9154312 
0.9051468 
0.9107503 
0.9097745 
0.9061992 
0.9040883 
0.9014079 
0.9115138 
0.9106447 
0.9200755 
0.9216954 
0.9264776 
0.9132880 
0.9132991 
0.9089078 
0.9026218 
0.9040035 
0.9039821 
0.9119801 
0.9182872 
0.9197200 
0.9261336 
0.9345830 
0.9329506 
0.9164053 
0.9136829 
0.9072962 
0.9132423 
0.9147147 
0.9167743 
0.9191212 
0.9128721 
0.9144051 
0.9190158 
0.9118082 
0.9099246 
0.9057339 
0.9104472 
0.9199988 
0.9049832 
0.9091130 
0.9022311 
0.9036729 
0.9089735 
0.9008836 
0.9069195 
0.9052788 
0.8910701 
0.8877338 
0.8865931 
0.8895004 
0.8884892 
0.8910565 
0.8876623 
0.8844777 
0.8828042 
0.8816254 
0.8858052 
0.8812158 
0.8799837 
0.8775006 
0.8734108 
0.8773149 
0.8787416 
0.8875474 
0.8817480 
0.8826927 
0.8706205 
0.8748142 
0.8665475 
0.8625078 
0.8672850 
0.8705988 
0.8734262 
0.8750841 
0.8854928 
0.8774994 
0.8833259 
0.8880713 
0.8962969 
0.8773601 
0.8883531 
0.8959351 
0.8881518 
0.8883252 
0.8880283 
0.8944257 
0.8835214 
0.8799363 
0.8732081 
0.8728404 
0.8686493 
0.8696551 
0.8693268 
0.8703465 
0.8708259 
0.8759981 
0.8725658 
0.8739539 
0.8740596 
0.8620190 
0.8751655 
0.8799657 
0.8729837 
0.8725397 
0.8761368 
0.8777677 
0.8762762 
0.8734859 
0.8765356 
0.8753142 
0.8849556 
0.8877561 
0.8721211 
0.8694637 
0.8660769 
0.8674951 
0.8682463 
0.8766072 
0.8871974 
0.8842578 
0.8851129 
0.8869521 
0.8793596 
0.8736118 
0.8698620 
0.8663936 
0.8650987 
0.8600448 
0.8638403 
0.8594078 
0.8614541 
0.8685865 
0.8711242 
0.8751185 
0.8747899 
0.8676771 
0.8824919 
0.8791154 
0.8777102 
0.8811136 
0.8669643 
0.8747838 
0.8699113 
0.8657526 
0.8570248 
0.8672068 
0.8591140 
0.8600666 
0.8602827 
0.8599944 
0.8606271 
0.8584359 
0.8535487 
0.8595099 
0.8581035 
0.8638472 
0.8556678 
0.8502623 
0.8566931 
0.8612999 
0.8644608 
0.8557135 
0.8497089 
0.8544230 
0.8645317 
0.8612964 
0.8515328 
0.8537889 
0.8542098 
0.8481862 
0.8566755 
0.8628892 
0.8672198 
0.8637078 
0.8632569 
0.8549886 
0.8574443 
0.8534281 
0.8449121 
0.8406143 
0.8425749 
0.8402078 
0.8375895 
0.8418304 
0.8508121 
0.8525919 
0.8500940 
0.8452098 
0.8436434 
0.8458632 
0.8602538 
0.8706150 
0.8747354 
0.8884741 
0.9010571 
0.9107667 
0.9085736 
0.9169377 
0.9108478 
0.8999975 
0.8802993 
0.8718308 
0.8676210 
0.8524114 
0.8454474 
0.8492197 
0.8351435 
0.8308347 
0.8272153 
0.8323519 
0.8327376 
0.8301642 
0.8260977 
0.8297514 
0.8303168 
0.8302386 
0.8287020 
0.8395550 
0.8370398 
0.8430777 
0.8423489 
0.8344279 
0.8453841 
0.8443645 
0.8436820 
0.8476644 
0.8518706 
0.8536724 
0.8451475 
0.8447199 
0.8436849 
0.8385916 
0.8440609 
0.8384363 
0.8431252 
0.8358692 
0.8372976 
0.8380233 
0.8319799 
0.8282456 
0.8329673 
0.8262696 
0.8358284 
0.8290964 
0.8354978 
0.8401626 
0.8363952 
0.8509680 
0.8539780 
0.8553211 
0.8509702 
0.8450000 
0.8412788 
0.8398664 
0.8378326 
0.8326381 
0.8375893 
0.8409849 
0.8380102 
0.8264870 
0.8370561 
0.8263649 
0.8265495 
0.8290312 
0.8339082 
0.8447377 
0.8152349 
0.8162743 
0.8172582 
0.8208687 
0.8245925 
0.8234925 
0.8242267 
0.8190451 
0.8110504 
0.8151816 
0.8088713 
0.8140039 
0.8235778 
0.8224175 
0.8218488 
0.8189713 
0.8178781 
0.8172435 
0.8240669 
0.8272045 
0.8241114 
0.8265962 
0.8267613 
0.8308365 
0.8228415 
0.8142015 
0.8128653 
0.8113087 
0.8092590 
0.7988205 
0.8126953 
0.8171069 
0.8185056 
0.8189318 
0.8309243 
0.8313458 
0.8367635 
0.8351384 
0.8306422 
0.8359575 
0.8306402 
0.8288693 
0.8309225 
0.8273178 
0.8261302 
0.8459506 
0.8469789 
0.8435758 
0.8481341 
0.8445604 
0.8360718 
0.8349474 
0.8355534 
0.8286085 
0.8332413 
0.8411664 
0.8451997 
0.8479431 
0.8297335 
0.8301837 
0.8245679 
0.8184621 
0.8102859 
0.8086475 
0.8073110 
0.8086952 
0.8047300 
0.8124452 
0.8110802 
0.8110021 
0.8192959 
0.8243475 
0.8297839 
0.8462220 
0.8439236 
0.8220756 
0.8171522 
0.8115510 
0.8101571 
0.8093649 
0.7979240 
0.7967381 
0.7971043 
0.8007134 
0.8008299 
0.8111809 
0.7976040 
0.7940237 
0.8016745 
0.7929041 
0.8024349 
0.8096132 
0.8038322 
0.8162204 
0.8207300 
0.8067783 
0.8089610 
0.8123423 
0.8069344 
0.8097311 
0.8056692 
0.8088975 
0.8083843 
0.8146682 
0.8271250 
0.8317329 
0.8338371 
0.8130310 
0.8061372 
0.8085116 
0.8149726 
0.8175049 
0.8210674 
0.8157371 
0.8228429 
0.8340302 
0.8233974 
0.8287138 
0.8277702 
0.8244365 
0.8214516 
0.8222902 
0.8202057 
0.8166885 
0.8195500 
0.8289055 
0.8337428 
0.8330467 
0.8425662 
0.8215776 
0.8250108 
0.8331138 
0.8266101 
0.8265569 
0.8295627 
0.8244438 
0.8254343 
0.8290947 
0.8159567 
0.8089919 
0.8066795 
0.8082050 
0.7960574 
0.7993386 
0.8064103 
0.8163447 
0.8063946 
0.8133167 
0.8145041 
0.8170247 
0.8177621 
0.8160112 
0.8140423 
0.8122395 
0.8093458 
0.8113061 
0.8195177 
0.8272304 
0.8175007 
0.8114661 
0.8173983 
0.8206342 
0.8239580 
0.8274668 
0.8305237 
0.8376467 
0.8937692 
0.8445079 
0.8406882 
0.8361839 
0.8311938 
0.8266344 
0.8283184 
0.8236432 
0.8199112 
0.8227738 
0.8232852 
0.8186278 
0.8178880 
0.8143749 
0.8196522 
0.8305538 
0.8416744 
0.8324938 
0.8300983 
0.8346765 
0.8403106 
0.8367883 
0.8347894 
0.8258858 
0.8294164 
0.8266984 
0.8278990 
0.8256502 
0.8327474 
0.8370845 
0.8250926 
0.8287892 
0.8195409 
0.8201995 
0.8250229 
0.8249802 
0.8241958 
0.8129202 
0.8057814 
0.8130051 
0.8139912 
0.8080089 
0.8063483 
0.8059434 
0.8016314 
0.8088992 
0.8081633 
0.8118501 
0.8191972 
0.8169689 
0.8261974 
0.8242625 
0.8437298 
0.8372156 
