-0.0000068 
0.0000624 
0.0001750 
0.3624925 
0.2294294 
-0.0209409 
0.9477851 
0.9457256 
0.9590916 
0.9673473 
0.9630133 
0.9551391 
0.9595665 
1.0000000 
0.9944224 
0.9629688 
0.9316455 
0.9395958 
0.9342597 
0.9224570 
0.9135484 
0.9000962 
0.8958720 
0.9188803 
0.9211993 
0.9153608 
0.8924606 
0.9212733 
0.9421465 
0.9310154 
0.9200663 
0.8884976 
0.8859354 
0.8954470 
0.9121106 
0.9230024 
0.9040425 
0.8968660 
0.9013177 
0.8975266 
0.8896057 
0.9365028 
0.9519358 
0.9657217 
0.9716269 
0.9869796 
0.9807796 
0.9508165 
0.9219280 
0.9387613 
0.9605388 
0.9427681 
0.9310857 
0.9441626 
0.9505269 
0.9677733 
0.9507929 
0.9129733 
0.8862046 
0.8668757 
0.8756033 
0.9154300 
0.8856467 
0.9084872 
0.8712115 
0.8875360 
0.8806013 
0.8799578 
0.8852815 
0.9064616 
0.9026756 
0.9143634 
0.9272000 
0.8871466 
0.8814054 
0.8643014 
0.8327230 
0.8633446 
0.8547376 
0.8786534 
0.8744375 
0.9010778 
0.8782796 
0.8785494 
0.8440479 
0.8438459 
0.8554764 
0.8623481 
0.8633512 
0.8308384 
0.8405102 
0.8205518 
0.8532748 
0.8385467 
0.8478728 
0.8122516 
0.8384105 
0.8540813 
0.8479108 
0.8530084 
0.8475499 
0.8532431 
0.8895865 
0.8852474 
0.8963681 
0.8965605 
0.8821211 
0.8829127 
0.8641226 
0.8832742 
0.9000294 
0.8829044 
0.8692038 
0.8495217 
0.8647184 
0.8837106 
0.8805661 
0.8470406 
0.8628258 
0.8849514 
0.9061556 
0.8811295 
0.8724637 
0.8608660 
0.8706774 
0.8591348 
0.8231263 
0.8122552 
0.8308957 
0.8685021 
0.8385476 
0.8340401 
0.8401458 
0.8368660 
0.8089350 
0.8228007 
0.8614322 
0.8638465 
0.8281741 
0.8006472 
0.8334656 
0.8322710 
0.8003742 
0.7871664 
0.7884626 
0.7796257 
0.7786937 
0.8058641 
0.8339557 
0.8393584 
0.8307740 
0.8357719 
0.8421528 
0.8369253 
0.8098927 
0.7928900 
0.8250957 
0.7935383 
0.7739696 
0.7921685 
0.7996657 
0.8066646 
0.8106968 
0.8114441 
0.8006213 
0.7937742 
0.8026426 
0.8409930 
0.8786670 
0.8590258 
0.8221567 
0.8001224 
0.8128878 
0.8251195 
0.8299012 
0.8306040 
0.8046418 
0.7926150 
0.7707288 
0.8070939 
0.8342595 
0.8203895 
0.8234112 
0.8200675 
0.8158635 
0.7852348 
0.8086972 
0.8064746 
0.8001677 
0.7936456 
0.8067414 
0.8295295 
0.8042649 
0.7753479 
0.7810665 
0.7941105 
0.7939231 
0.8058043 
0.8067415 
0.7870822 
0.7791119 
0.7789327 
0.8204875 
0.8554389 
0.8775615 
0.8313788 
0.7787218 
0.7468591 
0.7833832 
0.8527394 
0.8814735 
0.8037209 
0.7394040 
0.7027699 
0.7161019 
0.7851532 
0.8530135 
0.8392807 
0.7731930 
0.7116177 
0.7425880 
0.8198031 
0.8686671 
0.8419999 
0.7866873 
0.7440184 
0.7812056 
0.8337049 
0.8801030 
0.8524016 
0.7697313 
0.7055194 
0.7430139 
0.7826672 
0.8223521 
0.8314603 
0.8062101 
0.7496990 
0.7433126 
0.7637609 
0.8031659 
0.8156143 
0.8316243 
0.7914026 
0.7829141 
0.7937464 
0.8113687 
0.8229787 
0.8124484 
0.8176490 
0.8008557 
0.7826088 
0.8125103 
0.7947063 
0.8158672 
0.8397958 
0.8423205 
0.8301509 
0.7899977 
0.7654066 
0.7711015 
0.7915517 
0.8021621 
0.7536245 
0.7467268 
0.7426256 
0.7683509 
0.7740883 
0.7620298 
0.7728710 
0.7757360 
0.7704450 
0.7736795 
0.7626464 
0.7558999 
0.7698362 
0.7755940 
0.7768072 
0.7665625 
0.7678557 
0.7874699 
0.7675680 
0.7693391 
0.7400853 
0.7229937 
0.7458320 
0.7652725 
0.7713478 
0.7667810 
0.7355925 
0.7678952 
0.7884623 
0.8022054 
0.7958180 
0.7984920 
0.7636305 
0.7590916 
0.7904765 
0.8003455 
0.8178107 
0.7771276 
0.7438353 
0.7412317 
0.7443884 
0.7787990 
0.7935008 
0.7912048 
0.7636939 
0.7412559 
0.7363967 
0.7189705 
0.7530968 
0.7733125 
0.7984635 
0.7895944 
0.7625777 
0.7767619 
0.7669049 
0.7925706 
0.7565784 
0.7274466 
0.7590879 
0.7233520 
0.7426572 
0.7332977 
0.7322874 
0.7379014 
0.6863999 
0.7156578 
0.7300881 
0.7459266 
0.7468646 
0.7096513 
0.7236269 
0.7346134 
0.7529070 
0.7420093 
0.7102598 
0.7259840 
0.7018062 
0.7094415 
0.7031637 
0.7023481 
0.7318456 
0.7263952 
0.7271779 
0.7304415 
0.7012211 
0.7232579 
0.7165780 
0.7009934 
0.7378167 
0.7539157 
0.7567437 
0.7389851 
0.7044642 
0.6890612 
0.7059116 
0.7243102 
0.7409594 
0.7118633 
0.7038635 
0.7020371 
0.6949694 
0.7380337 
0.7369841 
0.7418820 
0.7699397 
0.7204916 
0.7116194 
0.7020028 
0.7030378 
0.7095990 
0.6992723 
0.7308905 
0.7400967 
0.7268921 
0.7585581 
0.7602433 
0.7532600 
0.7543214 
0.7369719 
0.7360263 
0.7543426 
0.7436659 
0.7238564 
0.7096514 
0.7077300 
0.7150669 
0.7062598 
0.7126490 
0.7131634 
0.7081332 
0.7275864 
0.7131099 
0.6915504 
0.6927890 
0.7161726 
0.7607094 
0.7611707 
0.7532107 
0.7501612 
0.7086497 
0.7010938 
0.7166813 
0.7345314 
0.7585104 
0.7790355 
0.7677230 
0.7247292 
0.7396346 
0.7353193 
0.7143723 
0.6908184 
0.7095869 
0.7354605 
0.7174255 
0.6997980 
0.6997429 
0.6817016 
0.6969782 
0.7187569 
0.7303022 
0.7235407 
0.7005578 
0.7133453 
0.6976201 
0.6924194 
0.6943232 
0.7080517 
0.7021054 
0.7251616 
0.7293797 
0.7174081 
0.7009451 
0.6866683 
0.6945964 
0.7096225 
0.7145617 
0.7148783 
0.7320327 
0.7113169 
0.6964782 
0.6786691 
0.6706450 
0.6677938 
0.6900027 
0.6991648 
0.7058142 
0.7002652 
0.6963327 
0.6820788 
0.6691486 
0.6765480 
0.6803275 
0.6838105 
0.6959627 
0.6940593 
0.6953046 
0.6931636 
0.6791097 
0.6922305 
0.7250087 
0.7213756 
0.7049884 
0.7338582 
0.7251766 
0.7281063 
0.7465525 
0.7435094 
0.7235678 
0.7261924 
0.7251283 
0.7274573 
0.7294416 
0.7044927 
0.6856059 
0.7003107 
0.7101375 
0.7298692 
0.7269108 
0.7220139 
0.7197585 
0.7230686 
0.7200469 
0.6906640 
0.6810337 
0.7068401 
0.7462947 
0.7490532 
0.7478516 
0.7371979 
0.6971026 
0.6937762 
0.6903476 
0.6863037 
0.6951562 
0.7179289 
0.7435103 
0.7310606 
0.7249346 
0.7460162 
0.7158163 
0.6898417 
0.6837569 
0.6910108 
0.6966453 
0.7055114 
0.6966897 
0.6991056 
0.6932056 
0.7010346 
0.7216304 
0.7229841 
0.7251686 
0.7205917 
0.7231995 
0.7358260 
0.7597352 
0.7552681 
0.7342916 
0.7249078 
0.7288292 
0.7119601 
0.7384494 
0.7277615 
0.7210529 
0.7360917 
0.7343427 
0.7448019 
0.7491396 
0.7249299 
0.7077173 
0.7233467 
0.7384455 
0.7223089 
0.7228942 
0.6980640 
0.6859381 
0.6970909 
0.7010874 
0.7360435 
0.7505790 
0.7115559 
0.6827520 
0.6639784 
0.6538516 
0.6715706 
0.7110227 
0.7183333 
0.7178210 
0.6871446 
0.6683953 
0.7217593 
0.7557562 
0.7393750 
0.7265085 
0.7122500 
0.7204287 
0.7421021 
0.7390136 
0.7175219 
0.6860183 
0.7015255 
0.7076924 
0.6910537 
0.6979405 
0.6757215 
0.6548536 
0.6525272 
0.6577610 
0.6454011 
0.6327090 
0.6330973 
0.6567891 
0.6662220 
0.6719444 
0.6577218 
0.6580505 
0.6512267 
0.6526687 
0.6721865 
0.7022682 
0.7050451 
0.6829765 
0.6819738 
0.7008212 
0.7124182 
0.7308479 
0.7436652 
0.7448059 
0.7096760 
0.6982553 
0.6983853 
0.7183772 
0.7297945 
0.7181117 
0.6825507 
0.6780472 
0.6665151 
0.6615387 
0.6647369 
0.6939686 
0.6856813 
0.6868551 
0.6965886 
0.6799959 
0.6777764 
0.6890529 
0.6924800 
0.6734612 
0.6697377 
0.6678402 
0.6710577 
0.6742797 
0.6633345 
0.6750925 
0.6987604 
0.6908183 
0.6939039 
0.7078013 
0.7155821 
0.7173037 
0.7137769 
0.6961282 
0.7177439 
0.7171286 
0.7250567 
0.7038439 
0.6840815 
0.6752967 
0.6534696 
0.6270506 
0.6334053 
0.6585536 
0.6566435 
0.6237401 
0.6286273 
0.6041984 
0.6058066 
0.6015262 
0.6147787 
0.6475064 
0.6325057 
0.6369979 
0.6511563 
0.6244071 
0.6284553 
0.6111354 
0.6423371 
0.6752487 
0.7046649 
0.7266172 
0.7062091 
0.7010652 
0.6972337 
0.6688188 
0.6677291 
0.6571071 
0.6550354 
0.6448000 
0.6203044 
0.6114139 
0.6145195 
0.5950453 
0.5895317 
0.6004254 
0.6257803 
0.6354086 
0.6526225 
0.6754449 
0.6413300 
0.6336490 
0.6080881 
0.6170582 
0.6484856 
0.6281341 
0.5997647 
0.6078188 
0.6096561 
0.6128667 
0.6040788 
0.5714614 
0.5732210 
0.6137996 
0.6245542 
0.6354792 
0.6596387 
0.6344258 
0.6262195 
0.6316984 
0.6180858 
0.6240550 
0.6324937 
0.6168687 
0.6170118 
0.6180818 
0.6041571 
0.6008655 
0.5943656 
0.5849549 
0.5673591 
0.5994638 
0.5822551 
0.6028420 
0.6481538 
0.6165596 
0.5943363 
0.6312487 
0.6297526 
0.5956327 
0.6134539 
0.6273339 
0.5879358 
0.5934157 
0.6032555 
0.5855892 
0.6020940 
0.5869663 
0.5501968 
0.5593035 
0.5775177 
0.5641794 
0.5742624 
0.5899985 
0.5970186 
0.5942034 
0.5997238 
0.5661819 
0.5841617 
0.6247472 
0.6084477 
0.5870115 
0.5881995 
0.6016991 
0.6010129 
0.6184917 
0.6146010 
0.5899881 
0.5825674 
0.5762464 
0.5859506 
0.5853572 
0.5778382 
0.5892779 
0.5942349 
0.6086997 
0.6347679 
0.6303442 
0.6157235 
0.6075372 
0.6079366 
0.5912786 
0.5771225 
0.5642874 
0.5711408 
0.5942603 
0.5958462 
0.5907467 
0.5888534 
0.5956722 
0.6055849 
0.5984921 
0.5845419 
0.5520416 
0.5354630 
0.5246908 
0.5302803 
0.5227277 
0.5226868 
0.5370174 
0.5605913 
0.5678752 
0.5886015 
0.5996618 
0.5807913 
0.5812657 
0.5799042 
0.5760072 
0.5618181 
0.6031843 
0.6176858 
0.6144045 
0.5845406 
0.5924577 
0.5976109 
0.5999017 
0.5930665 
0.5674009 
0.5507218 
0.5347196 
0.5381938 
0.5519319 
0.5294223 
0.4817305 
0.4590454 
0.4724336 
0.4757320 
0.4815439 
0.4899207 
0.5168078 
0.5264143 
0.5242845 
0.5272249 
0.5600726 
0.5874108 
0.6003568 
0.6056550 
0.6122705 
0.6319567 
0.6379869 
0.6350709 
0.6455403 
0.6243034 
0.6110515 
0.5905843 
0.5714523 
0.5604747 
0.5699489 
0.5806792 
0.5879799 
0.6016057 
0.5991426 
0.6159173 
0.6297267 
0.6773396 
0.6749960 
0.6477672 
0.6221632 
0.6336507 
0.6098049 
0.5866257 
0.5688226 
0.5597094 
0.5643645 
0.5503908 
0.5631233 
0.5939712 
0.6123366 
0.6231530 
0.6575104 
0.6758410 
0.6795318 
0.6736955 
0.6637438 
0.6527605 
0.6194418 
0.6136914 
0.6015102 
0.5814184 
0.5703832 
0.5702844 
0.5539315 
0.5638923 
0.5409123 
0.4969834 
0.4942502 
0.5089596 
0.5319820 
0.5544375 
0.6027314 
0.6493369 
0.6780099 
0.6541183 
0.6467101 
0.6630250 
0.6643824 
0.6334954 
0.6199190 
0.6163021 
0.5999496 
0.5761495 
0.5846091 
0.5725041 
0.5398680 
0.5149954 
0.5211801 
0.5069248 
0.4991635 
0.5104313 
0.5090758 
0.4992862 
0.5096900 
0.5448974 
0.5493747 
0.5504608 
0.5700901 
0.5677100 
0.5820883 
0.5727063 
0.5692957 
0.5643034 
0.5661505 
0.5842970 
0.5911540 
0.6259618 
0.6367570 
0.6305621 
0.6244476 
0.6471180 
0.6314299 
0.6223317 
0.6280547 
0.6267305 
0.6049202 
0.5905475 
0.5606530 
0.5361903 
0.5280978 
0.5410240 
0.5509392 
0.5817630 
0.5978983 
0.6157044 
0.6334371 
0.6237037 
0.6303295 
0.6285861 
0.6210580 
0.6069164 
0.5783947 
0.5435869 
0.5516333 
0.5728151 
0.5859694 
0.6014416 
0.5976367 
0.5926873 
0.5853133 
0.5812017 
0.5828564 
0.5896882 
0.6065020 
0.6147803 
0.5862343 
0.5605828 
0.5569597 
0.5615697 
0.5784493 
0.5676487 
0.5487838 
0.5350912 
0.5188334 
0.5151237 
0.5282906 
0.5490077 
0.5593872 
0.5725377 
0.5447582 
0.5244876 
0.5305949 
0.5769100 
0.5926173 
0.5905174 
0.5745405 
0.5608817 
0.5497671 
0.5592811 
0.5979300 
0.6331054 
0.6492964 
0.6477193 
0.6271802 
0.5867494 
0.5523678 
0.5763212 
0.5944349 
0.5918927 
0.5866490 
0.5752355 
0.5390230 
0.4942243 
0.4598109 
0.4681692 
0.4990924 
0.5078582 
0.5146976 
0.5001270 
0.4901070 
0.4578091 
0.4491720 
0.4735017 
0.5297018 
0.5638662 
0.5932070 
0.6051235 
0.5745283 
0.5386425 
0.5305762 
0.5485932 
0.5449006 
0.5618426 
0.5657376 
0.5513878 
0.5214874 
0.4825234 
0.4966300 
0.5278991 
0.5435012 
0.5104869 
0.5007862 
0.5236679 
0.5093854 
0.4789001 
0.4851429 
0.5200337 
0.5466042 
0.5471551 
0.5136535 
0.5282424 
0.5559994 
0.5510311 
0.5462947 
0.5413721 
0.5626397 
0.5683646 
0.5584934 
0.5582135 
0.5567759 
0.5505996 
0.5505571 
0.5619098 
0.5744158 
0.5750880 
0.5513522 
0.5532869 
0.5767496 
0.5869707 
0.5758476 
0.5606613 
0.5814371 
0.5794167 
0.5529914 
0.5079147 
0.4855311 
0.4884539 
0.5184373 
0.5414325 
0.5527156 
0.5512193 
0.5334559 
0.5216712 
0.5199630 
0.5001310 
0.4714419 
0.4926568 
0.5177969 
0.5418085 
0.5382358 
0.5303546 
0.4899688 
0.4659195 
0.4641431 
0.4814191 
0.5307689 
0.5604562 
0.5589107 
0.5350161 
0.4922955 
0.4764295 
0.4821989 
0.4716328 
0.4747387 
0.5226315 
0.5633264 
0.5558119 
0.5415469 
0.5451370 
0.5201690 
0.4953806 
0.4730912 
0.5065080 
0.5811540 
0.6140424 
0.5953336 
0.5853182 
0.5700376 
0.5273085 
0.4908028 
0.4847987 
0.5097217 
0.5381549 
0.5572703 
0.5742269 
0.5832625 
0.5786326 
0.5576807 
0.5340462 
0.5225813 
0.5053737 
0.4917340 
0.5022911 
0.5466299 
0.5348504 
0.5371558 
0.5250889 
0.5060677 
0.4888000 
0.5003515 
0.4915606 
0.5104787 
0.5184665 
0.5251915 
0.5292772 
0.5209713 
0.4804884 
0.4459877 
0.4395888 
0.4439169 
0.4760248 
0.5096287 
0.5214550 
0.5260978 
0.5069022 
0.4735169 
0.4456691 
0.4421072 
0.4519016 
0.4455286 
0.4436753 
0.4609413 
0.4890057 
0.4971452 
0.5088270 
0.5163610 
0.5133269 
0.5152617 
0.5201533 
0.5128639 
0.5145025 
0.5129336 
0.5352794 
0.5626054 
0.5501760 
0.5228185 
0.5251134 
0.5211742 
0.5143458 
0.5116516 
0.5012141 
0.4917270 
0.4745312 
0.4863996 
0.5019539 
0.4973093 
0.5034703 
0.5045352 
0.5105895 
0.5146306 
0.5036713 
0.5081719 
0.5151451 
0.5222814 
0.5274815 
0.5120721 
0.5164077 
0.5277248 
0.5360308 
0.5119193 
0.5013914 
0.4914915 
0.4992225 
0.4907988 
0.4965019 
0.5121392 
0.5191532 
0.5145548 
0.5100006 
0.5026677 
0.4887471 
0.4797453 
0.4910839 
0.4930846 
0.4787683 
0.4767862 
0.4810490 
0.4673575 
0.4440701 
0.4558290 
0.4649627 
0.4599835 
0.4597253 
0.4831265 
0.4735939 
0.4584240 
0.4459917 
0.4537722 
0.4791568 
0.4854934 
0.4752840 
0.4768962 
0.4597587 
0.4659002 
0.4896320 
0.4935248 
0.4699811 
0.4660443 
0.4500967 
0.4681701 
0.4785173 
0.4778828 
0.4616539 
0.4410549 
0.4049790 
0.3916022 
0.4074813 
0.4317478 
0.4408326 
0.4413012 
0.4240093 
0.4296629 
0.4283147 
0.4315337 
0.4354582 
0.4339883 
0.4416438 
0.4588440 
0.4431328 
0.4260904 
0.4289619 
0.4387355 
0.4449866 
0.4539290 
0.4533173 
0.4586869 
0.4735404 
0.4553276 
0.4527114 
0.4711462 
0.4684135 
0.4667500 
0.4741452 
0.4858654 
0.4990899 
0.5252634 
0.5335694 
0.5029841 
0.4837637 
0.4728909 
0.4690428 
0.4602518 
0.4500821 
0.4602779 
0.4676218 
0.4673238 
0.4693320 
0.4645265 
0.4513058 
0.4666988 
0.4582059 
0.4507527 
0.4349897 
0.4510664 
0.4573499 
0.4428733 
0.4304736 
0.4292501 
0.4403222 
0.4312459 
0.4228124 
0.4143427 
0.4137794 
0.4231981 
0.4163099 
0.4021465 
0.4070568 
0.4140433 
0.4132930 
0.4202697 
0.4445222 
0.4442825 
0.4452911 
0.4565719 
0.4662639 
0.4481212 
0.4101770 
0.3886774 
0.4039484 
0.3993626 
0.3663653 
0.3676152 
0.3833784 
0.3823788 
0.3786560 
0.4014545 
0.4220256 
0.4167216 
0.4061543 
0.4267310 
0.4514287 
0.4590318 
0.4754069 
0.4777361 
0.4550357 
0.4501984 
0.4617608 
0.4850215 
0.4977264 
0.4894505 
0.4952468 
0.4799489 
0.4594585 
0.4627151 
0.4702996 
0.4552199 
0.4470023 
0.4695360 
0.4856132 
0.4833008 
0.4711232 
0.4415446 
0.4430582 
0.4152781 
0.4320320 
0.4737144 
0.4487901 
0.4272107 
0.4357196 
0.4477690 
0.4472854 
0.4388562 
0.4446765 
0.4365083 
0.4124248 
0.4224074 
0.4340980 
0.4315346 
0.4091549 
0.3917546 
0.3988697 
0.4295204 
0.4523642 
0.4353715 
0.3897157 
0.3923234 
0.3982602 
0.4027320 
0.4175389 
0.4094871 
0.4120795 
0.3956720 
0.4000330 
0.3988124 
0.4173465 
0.4164751 
0.4187757 
0.4008515 
0.4026533 
0.4364955 
0.4700143 
0.4653235 
0.4491165 
0.4400442 
0.4391249 
0.4496134 
0.4532191 
0.4636763 
0.4756623 
0.4811789 
0.4749932 
0.4591966 
0.4455755 
0.4441910 
0.4441811 
0.4366179 
0.4234894 
0.4026229 
0.3834622 
0.3615241 
0.3665598 
0.3812465 
0.4075195 
0.4103974 
0.4130843 
0.4164902 
0.4120936 
0.4213585 
0.4107560 
0.3937083 
0.3718528 
0.3690342 
0.3700812 
0.3569973 
0.3605484 
0.3762997 
0.3924993 
0.3841321 
0.3923120 
0.3845461 
0.3654751 
0.3562653 
0.3420132 
0.3514417 
0.3456738 
0.3511180 
0.3577019 
0.3778421 
0.3888194 
0.3752193 
0.3753990 
0.3907466 
0.4238715 
0.4336231 
0.4363205 
0.4520206 
0.4587157 
0.4594040 
0.4717791 
0.4486061 
0.4380862 
0.4078828 
0.4038574 
0.4075713 
0.3995197 
0.4023993 
0.3974358 
0.3927509 
0.3994571 
0.4032050 
0.4035167 
0.4116038 
0.4319166 
0.4474497 
0.4457634 
0.4451699 
0.4335311 
0.4243756 
0.4108566 
0.4251242 
0.4135411 
0.4053533 
0.3971788 
0.3854258 
0.3818619 
0.3932956 
0.3845624 
0.3955930 
0.4058911 
0.4028186 
0.3902345 
0.3820880 
0.4070604 
0.4136765 
0.4042676 
0.3844552 
0.3959420 
0.3990699 
0.3848704 
0.3966023 
0.4017969 
0.3946495 
0.3856525 
0.3878101 
0.3792893 
0.3777844 
0.3811020 
0.3625589 
0.3692730 
0.3652351 
0.3720311 
0.3840914 
0.3943772 
0.3964619 
0.3936519 
0.3963723 
0.4090307 
0.4214525 
0.4172919 
0.3849189 
0.3918347 
0.4006921 
0.3970693 
0.3988228 
0.4114301 
0.3974405 
0.3719851 
0.3851150 
0.3906667 
0.4021429 
0.4209919 
0.4319696 
0.4224703 
0.4138182 
0.4101099 
0.4258395 
0.4023100 
0.3714020 
0.3805157 
0.3707372 
0.3566059 
0.3421253 
0.3548424 
0.3879482 
0.3939229 
0.3872625 
0.4064556 
0.4032688 
0.4018043 
0.4192896 
0.4285932 
0.3920833 
0.3688012 
0.3567802 
0.3621225 
0.3674015 
0.3730206 
0.3692565 
0.3656253 
0.3481220 
0.3335218 
0.3458358 
0.3843475 
0.3844926 
0.3871442 
0.3995809 
0.3880204 
0.3778422 
0.3841243 
0.3921195 
0.3894616 
0.3919488 
0.3834280 
0.3708019 
0.3791680 
0.3799487 
0.3977990 
0.3968840 
0.3823395 
0.3745678 
0.3796423 
0.3873067 
0.3815785 
0.3826390 
0.3729059 
0.3851781 
0.3881662 
0.4061600 
0.4167682 
0.4235350 
0.4054345 
0.3974410 
0.3807550 
0.3786267 
0.3724658 
0.3411353 
0.3296487 
0.3332263 
0.3448925 
0.3479231 
0.3684131 
0.3917688 
0.3812381 
0.3591892 
0.3588425 
0.3605651 
0.3523270 
0.3587941 
0.3525894 
0.3369172 
0.3397851 
0.3428686 
0.3517555 
0.3646752 
0.3717175 
0.3626630 
0.3550356 
0.3592340 
0.3780498 
0.3727923 
0.3575178 
0.3363936 
0.3149493 
0.3419632 
0.3710979 
0.3748562 
0.3675691 
0.3496427 
0.3451116 
0.3550047 
0.3550241 
0.3344327 
0.3102908 
0.2935902 
0.3079617 
0.3530192 
0.3961140 
0.4133889 
0.4195370 
0.4053884 
0.4314683 
0.4516776 
0.4405343 
0.3952781 
0.3416855 
0.3053922 
0.2930419 
0.2839247 
0.2932253 
0.2911694 
0.2907661 
0.3191679 
0.3740873 
0.4146993 
0.4123645 
0.3831692 
0.3400387 
0.3264445 
0.3211099 
0.3284584 
0.3371520 
0.3324865 
0.3400915 
0.3529291 
0.3514389 
0.3461006 
0.3412163 
0.3336212 
0.3313843 
0.3368119 
0.3444599 
0.3478701 
0.3558336 
0.3641990 
0.3872097 
0.4022124 
0.4076256 
0.3917025 
0.3583424 
0.3413232 
0.3366313 
0.3297483 
0.3373628 
0.3300681 
0.3469030 
0.3717087 
0.3834825 
0.3753805 
0.3313684 
0.2757455 
0.2551076 
0.2587148 
0.2845649 
0.3103456 
0.3380375 
0.3504192 
0.3582480 
0.3458943 
0.3202330 
0.2899831 
0.2751334 
0.2892574 
0.2925559 
0.3043088 
0.3096652 
0.3138516 
0.3051009 
0.2996132 
0.2862275 
0.2712503 
0.2841157 
0.3053762 
0.3428864 
0.3601476 
0.3669472 
0.3559648 
0.3245644 
0.2938962 
0.2594558 
0.2072025 
0.2122400 
0.2270987 
0.2558671 
0.2877458 
0.3094665 
0.3124995 
0.3130458 
0.3415242 
0.3636962 
0.3776759 
0.3906988 
0.3553038 
0.3304766 
0.3280861 
0.3374290 
0.3364852 
0.3175253 
0.2805800 
0.2545476 
0.2505478 
0.2571850 
0.2768373 
0.3127811 
0.3535633 
0.3709423 
0.4025922 
0.3925776 
0.3758057 
0.3422724 
0.3131324 
0.2905415 
0.2616409 
0.2430989 
0.2374786 
0.2566373 
0.2664929 
0.2828643 
0.3120189 
0.3210021 
0.3249294 
0.3046408 
0.2968645 
0.2937300 
0.3003857 
0.3073629 
0.3168141 
0.3222239 
0.3034255 
0.3051653 
0.3243794 
0.3349184 
0.3402759 
0.3543330 
0.3644450 
0.3665956 
0.3572428 
0.3423907 
0.3059026 
0.2957438 
0.2991791 
0.3063547 
0.3081962 
0.3346767 
0.3468110 
0.3257020 
0.3173614 
0.2811500 
0.2797744 
0.2742744 
0.2825569 
0.2727068 
0.2568041 
0.2492734 
0.2322901 
0.2220076 
0.2314522 
0.2484863 
0.2768115 
0.2718483 
0.2660004 
0.2869192 
0.2875904 
0.2687846 
0.2365261 
0.2286148 
0.2398166 
0.2497732 
0.2560655 
0.2707349 
0.2465032 
0.2568769 
0.2801598 
0.2896636 
0.2911609 
0.2918198 
0.2828457 
0.2564403 
0.2439859 
0.2661388 
0.2483654 
0.2320669 
0.2228417 
0.2201976 
0.2383450 
0.2647028 
0.2900610 
0.3011666 
0.2746732 
0.2509075 
0.2361597 
0.2406233 
0.2631952 
0.2904355 
0.2756130 
0.2613549 
0.2509080 
0.2571035 
0.2823824 
0.2901558 
0.2818769 
0.2672454 
0.2349935 
0.2241804 
0.2481513 
0.2894000 
0.2927547 
0.2797415 
0.2513124 
0.2361011 
0.2283151 
0.2198590 
0.2281205 
0.2467822 
0.2515313 
0.2476962 
0.2458628 
0.2518438 
0.2746661 
0.2735161 
0.2668548 
0.2596984 
0.2510318 
0.2638999 
0.2714765 
0.2592248 
0.2408067 
0.2143152 
0.1985279 
0.2044263 
0.2311321 
0.2448258 
0.2551351 
0.2604817 
0.2719387 
0.2490815 
0.2308571 
0.2336183 
0.2509174 
0.2795410 
0.3156141 
0.3229306 
0.3146452 
0.3034021 
0.2915911 
0.2965391 
0.2930066 
0.2786524 
0.2641068 
0.2547968 
0.2379343 
0.2406385 
0.2510277 
0.2731024 
0.2737781 
0.2710712 
0.2624668 
0.2406672 
0.2234258 
0.2466250 
0.2602071 
0.2754669 
0.2613405 
0.2519066 
0.2285713 
0.2158472 
0.2208300 
0.2414125 
0.2582396 
0.2748182 
0.2835845 
0.2759809 
0.2652098 
0.2716105 
0.2625153 
0.2424041 
0.2181445 
0.2112578 
0.2170613 
0.2333679 
0.2371532 
0.2398096 
0.2527102 
0.2492287 
0.2456281 
0.2524629 
0.2754125 
0.2742922 
0.2635660 
0.2615460 
0.2649130 
0.2623086 
0.2542071 
0.2536309 
0.2470912 
0.2642303 
0.2719372 
0.2784990 
0.2722817 
0.2620870 
0.2514141 
0.2449783 
0.2565839 
0.2668111 
0.2417173 
0.2190786 
0.2229106 
0.2578321 
0.2512593 
0.2387085 
0.2243618 
0.2390052 
0.2533856 
0.2648791 
0.2528971 
0.2343176 
0.2356704 
0.2583984 
0.2735770 
0.2800226 
0.2690944 
0.2553784 
0.2622650 
0.2615824 
0.2647336 
0.2650432 
0.2530978 
0.2479139 
0.2593827 
0.2502398 
0.2430861 
0.2246504 
0.2354970 
0.2564261 
0.2614365 
0.2705232 
0.2383729 
0.1972271 
0.1950857 
0.2117323 
0.2187787 
0.1940535 
0.1649872 
0.1778628 
0.1952509 
0.1982776 
0.1941597 
0.2005935 
0.2092844 
0.2435310 
0.2482975 
0.2283308 
0.2271991 
0.2580334 
0.2769597 
0.2661765 
0.2475623 
0.2471283 
0.2645150 
0.2673712 
0.2542985 
0.2334024 
0.2132889 
0.2260702 
0.2378712 
0.2371242 
0.2292091 
0.2267371 
0.2338417 
0.2380817 
0.2293352 
0.2011588 
0.2265192 
0.2363495 
0.2577711 
0.2431539 
0.2253978 
0.2131352 
0.2291480 
0.2389054 
0.2083840 
0.1840904 
0.1698352 
0.1711386 
0.1802414 
0.1816712 
0.1822683 
0.1959724 
0.2123196 
0.2181713 
0.2190472 
0.2192098 
0.2234090 
0.2115418 
0.2143036 
0.2192901 
0.2269152 
0.2293445 
0.2150073 
0.2120270 
0.2042288 
0.2140208 
0.2086746 
0.1995850 
0.1802563 
0.1782211 
0.1863966 
0.2104510 
0.2188104 
0.2147043 
0.2126563 
0.2212952 
0.2405943 
0.2465714 
0.2331527 
0.1906987 
0.1791729 
0.1827148 
0.2004369 
0.2061317 
0.1860756 
0.1728878 
0.1820565 
0.1998372 
0.2058686 
0.1938481 
0.1786764 
0.1712316 
0.1819496 
0.1750310 
0.1470715 
0.1403347 
0.1444657 
0.1526200 
0.1714376 
0.1978547 
0.2017259 
0.1757811 
0.1427758 
0.1505621 
0.1719552 
0.1896390 
0.1851064 
0.1786622 
0.1846561 
0.1940354 
0.2221910 
0.2325160 
0.2123554 
0.1672307 
0.1561313 
0.1618174 
0.1713251 
0.1787253 
0.1852623 
0.1890364 
0.2014501 
0.2238487 
0.2441666 
0.2193704 
0.1766653 
0.1617510 
0.1673124 
0.1763017 
0.1809588 
0.1735505 
0.1637654 
0.1639193 
0.2027138 
0.2583593 
0.2801622 
0.2443923 
0.1960139 
0.1747268 
0.1794147 
0.1871642 
0.1925483 
0.1728787 
0.1522529 
0.1609528 
0.2023506 
0.2542883 
0.2675868 
0.2342692 
0.2117918 
0.2029470 
0.2057641 
0.1996982 
0.1850926 
0.1489787 
0.1113832 
0.1037758 
0.1364057 
0.1666809 
0.1740558 
0.1656116 
0.1575118 
0.1553498 
0.1619381 
0.1781786 
0.1586403 
0.1378358 
0.1295177 
0.1547836 
0.1884628 
0.2135200 
0.2152829 
0.2023605 
0.1963052 
0.1930645 
0.1925593 
0.2057438 
0.2111716 
0.1932385 
0.1660361 
0.1458953 
0.1384387 
0.1457369 
0.1327284 
0.1151207 
0.1091349 
0.1242616 
0.1408892 
0.1574444 
0.1530418 
0.1381589 
0.1197777 
0.1239751 
0.1345393 
0.1546692 
0.1793144 
0.1839100 
0.1596574 
0.1467540 
0.1408082 
0.1548083 
0.1547422 
0.1613591 
0.1604408 
0.1608428 
0.1558516 
0.1801549 
0.1801740 
0.1802162 
0.1710443 
0.1557645 
0.1510612 
0.1768284 
0.2175976 
0.2353465 
0.2562151 
0.2603514 
0.2104604 
0.1870153 
0.1714261 
0.1793654 
0.1943054 
0.1893743 
0.1777410 
0.1842094 
0.1892064 
0.1938011 
0.2023787 
0.1770942 
0.1384883 
0.1061572 
0.0822130 
0.0691409 
0.0567545 
0.0704692 
0.0885279 
0.1309897 
0.1639292 
0.1837032 
0.1944180 
0.1683647 
0.1494375 
0.1599510 
0.1493919 
0.1511914 
0.1504373 
0.1555717 
0.1765941 
0.1986911 
0.2086327 
0.2187767 
0.2186052 
0.2190757 
0.2102349 
0.1838171 
0.1578801 
0.1273646 
0.1246940 
0.1472146 
0.1596825 
0.1538862 
0.1432005 
0.1381968 
0.1209627 
0.1151736 
0.1270827 
0.1256140 
0.1161392 
0.1101927 
0.1309045 
0.1684292 
0.1849271 
0.2018529 
0.2080941 
0.1955797 
0.1587508 
0.1184558 
0.1015092 
0.1115812 
0.1382514 
0.1691563 
0.1902750 
0.1950206 
0.1884569 
0.1750594 
0.1471015 
0.1043866 
0.0661250 
0.0401421 
0.0480028 
0.0731919 
0.0916444 
0.1001069 
0.1131306 
0.1390799 
0.1378672 
0.1362850 
0.1108843 
0.1080538 
0.1119386 
0.1044512 
0.1014603 
0.1229409 
0.1524392 
0.1608049 
0.1600303 
0.1340588 
0.1300791 
0.1261192 
0.1338826 
0.1397511 
0.1471512 
0.1739082 
0.1835605 
0.1766107 
0.1414971 
0.1293905 
0.1125549 
0.1073221 
0.1234789 
0.1436602 
0.1552233 
0.1561604 
0.1596960 
0.1614880 
0.1601620 
0.1605376 
0.1438104 
0.1217512 
0.1108086 
0.1150589 
0.1152734 
0.1232340 
0.1384161 
0.1373018 
0.1265166 
0.1195454 
0.1381394 
0.1527849 
0.1481430 
0.1493175 
0.1310028 
0.1217354 
0.1108125 
0.1078689 
0.1048545 
0.0948248 
0.0914704 
0.0935625 
0.0905660 
0.1010840 
0.1263564 
0.1378955 
0.1296692 
0.1299143 
0.1328195 
0.1219629 
0.1327974 
0.1387693 
0.1187796 
0.1244868 
0.1125103 
0.1161910 
0.1213139 
0.1310990 
0.1452047 
0.1326477 
0.1258222 
0.1199629 
0.1293842 
0.1270265 
0.1356773 
0.1402740 
0.1325938 
0.1221641 
0.1096577 
0.1082685 
0.1078619 
0.1045247 
0.1079936 
0.0969523 
0.1111754 
0.1302299 
0.1356156 
0.1427877 
0.1305523 
0.1088813 
0.0901585 
0.0833829 
0.0784806 
0.0776183 
0.0902539 
0.1042488 
0.1072784 
0.0979082 
0.1046567 
0.1014453 
0.0849767 
0.0787978 
0.0874084 
0.0980273 
0.1158700 
0.1211558 
0.1318516 
0.1210705 
0.1197460 
0.1119515 
0.0781099 
0.0607473 
0.0627215 
0.0687030 
0.1010313 
0.1248994 
0.1321360 
0.1042705 
0.0665889 
0.0515842 
0.0456872 
0.0462542 
0.0580360 
0.0710793 
0.0757669 
0.0607741 
0.0667846 
0.0631609 
0.0631149 
0.0527450 
0.0575709 
0.0708913 
0.0909171 
0.0934922 
0.0890510 
0.0744588 
0.0634987 
0.0486096 
0.0444382 
0.0559078 
0.0930719 
0.1156895 
0.1262047 
0.1334009 
0.1278317 
0.1134353 
0.1003740 
0.1027983 
0.1166944 
0.0991397 
0.0891322 
0.0959504 
0.1113202 
0.1284799 
0.1224680 
0.1185822 
0.1018650 
0.0868908 
0.0677104 
0.0615049 
0.0511488 
0.0449679 
0.0435288 
0.0477139 
0.0307703 
0.0132607 
0.0290589 
0.0482936 
0.0526297 
0.0667354 
0.0689743 
0.0746471 
0.0762504 
0.0581360 
0.0469913 
0.0436221 
0.0520420 
0.0625366 
0.0726258 
0.0591299 
0.0616069 
0.0752427 
0.0623342 
0.0453262 
0.0322590 
0.0263431 
0.0308764 
0.0243726 
0.0014320 
0.0000000 
0.0291471 
0.0660020 
0.0840057 
0.0777483 
0.0571462 
0.0400775 
0.0337707 
0.0456264 
0.0611021 
0.0661973 
0.0718423 
0.0745176 
0.0807114 
0.0648350 
0.0575450 
0.0461598 
0.0465289 
0.0671038 
0.0820523 
0.0878557 
0.0807206 
0.0818870 
0.0636208 
0.0549114 
0.0653844 
0.0616606 
0.0782288 
0.0878096 
0.0790017 
0.0661567 
0.0511321 
0.0596837 
0.0694231 
0.0772321 
0.0783762 
0.0847660 
0.0822645 
0.0810547 
0.0700414 
0.0780793 
0.0818382 
0.0825881 
0.0835390 
0.0891848 
0.0684807 
0.0574358 
0.0711402 
0.0834593 
0.0932132 
0.0961905 
0.0885433 
0.1080124 
0.1024233 
0.0816121 
0.0569605 
0.0490102 
0.0384712 
0.0223364 
0.0178874 
0.0054789 
0.0084148 
0.0201517 
0.0186202 
0.0191266 
0.0145968 
0.0068278 
