-0.0001656 
0.0000109 
-0.0000826 
-0.4050001 
0.2153342 
-0.2297528 
0.9987734 
0.9970394 
0.9957103 
0.9962861 
0.9945092 
0.9942241 
0.9945252 
1.0000000 
0.9974670 
0.9974282 
0.9977751 
0.9991189 
0.9967860 
0.9959919 
0.9974147 
0.9941284 
0.9917274 
0.9941062 
0.9936735 
0.9898771 
0.9886597 
0.9897315 
0.9894728 
0.9884354 
0.9863005 
0.9811997 
0.9806677 
0.9811976 
0.9792207 
0.9817278 
0.9816361 
0.9825047 
0.9825229 
0.9848547 
0.9857522 
0.9835740 
0.9835984 
0.9840605 
0.9804096 
0.9789430 
0.9821252 
0.9824142 
0.9838685 
0.9830138 
0.9821325 
0.9846848 
0.9823291 
0.9804313 
0.9789417 
0.9802177 
0.9749782 
0.9762044 
0.9741675 
0.9737186 
0.9677784 
0.9712164 
0.9690096 
0.9743660 
0.9716420 
0.9697330 
0.9654540 
0.9642381 
0.9625001 
0.9612104 
0.9608531 
0.9622667 
0.9598541 
0.9601122 
0.9619320 
0.9611488 
0.9593548 
0.9589158 
0.9584828 
0.9553014 
0.9542475 
0.9557571 
0.9552943 
0.9565154 
0.9548226 
0.9552171 
0.9535330 
0.9520155 
0.9523531 
0.9547014 
0.9537861 
0.9525492 
0.9525107 
0.9489649 
0.9477238 
0.9466645 
0.9522016 
0.9497802 
0.9493227 
0.9491901 
0.9488797 
0.9466109 
0.9457101 
0.9433194 
0.9414231 
0.9393408 
0.9395525 
0.9386026 
0.9328636 
0.9345505 
0.9335927 
0.9353286 
0.9375136 
0.9295240 
0.9311749 
0.9301227 
0.9325816 
0.9336508 
0.9304577 
0.9301863 
0.9345007 
0.9340271 
0.9295579 
0.9326349 
0.9347655 
0.9384843 
0.9346290 
0.9398906 
0.9410954 
0.9428384 
0.9457413 
0.9444246 
0.9434975 
0.9447640 
0.9442805 
0.9448085 
0.9492425 
0.9495501 
0.9479644 
0.9472816 
0.9467069 
0.9477527 
0.9447232 
0.9395060 
0.9437491 
0.9378233 
0.9384051 
0.9397128 
0.9405510 
0.9383322 
0.9406409 
0.9377906 
0.9361789 
0.9364172 
0.9348782 
0.9360581 
0.9353483 
0.9316359 
0.9355824 
0.9337061 
0.9354242 
0.9369518 
0.9362697 
0.9337862 
0.9345650 
0.9359658 
0.9348948 
0.9332610 
0.9337602 
0.9354036 
0.9339538 
0.9347897 
0.9325652 
0.9345612 
0.9347444 
0.9365234 
0.9340588 
0.9343477 
0.9313249 
0.9299708 
0.9295526 
0.9313154 
0.9312993 
0.9304974 
0.9289798 
0.9271203 
0.9256380 
0.9234955 
0.9233834 
0.9211426 
0.9213833 
0.9188628 
0.9161205 
0.9198038 
0.9205655 
0.9176894 
0.9170727 
0.9176527 
0.9171166 
0.9172682 
0.9173070 
0.9171176 
0.9178728 
0.9150694 
0.9119315 
0.9157866 
0.9118297 
0.9119652 
0.9144467 
0.9143470 
0.9118686 
0.9161494 
0.9141593 
0.9128205 
0.9083159 
0.9116555 
0.9101424 
0.9098001 
0.9078140 
0.9061227 
0.9101931 
0.9102669 
0.9135188 
0.9072311 
0.9060632 
0.9068344 
0.9083390 
0.9049194 
0.9031902 
0.9023315 
0.9032298 
0.9005858 
0.9005309 
0.9000582 
0.9001979 
0.8964152 
0.8974799 
0.8988834 
0.9008751 
0.9031326 
0.9064469 
0.9056571 
0.9049305 
0.9020672 
0.8999241 
0.8983406 
0.8972195 
0.8996507 
0.8998249 
0.8980420 
0.8997251 
0.8997053 
0.8982845 
0.8983675 
0.8944098 
0.8924453 
0.8909725 
0.8928541 
0.8900772 
0.8904028 
0.8924646 
0.8923948 
0.8916414 
0.8944028 
0.8944538 
0.8952936 
0.8950633 
0.8961597 
0.8951220 
0.8929771 
0.8946952 
0.8935618 
0.8935078 
0.8962631 
0.8927363 
0.8959061 
0.8979125 
0.8972456 
0.8867070 
0.8882540 
0.8909790 
0.8908802 
0.8912984 
0.8869518 
0.8884774 
0.8895533 
0.8859466 
0.8891461 
0.8889693 
0.8891577 
0.8876339 
0.8869870 
0.8842754 
0.8868247 
0.8882276 
0.8878717 
0.8877933 
0.8884933 
0.8839448 
0.8837705 
0.8838728 
0.8866648 
0.8902034 
0.8878417 
0.8842169 
0.8872568 
0.8829715 
0.8824635 
0.8771029 
0.8722088 
0.8714780 
0.8738425 
0.8761015 
0.8775322 
0.8775534 
0.8757554 
0.8744729 
0.8744510 
0.8732363 
0.8691207 
0.8707550 
0.8708798 
0.8725398 
0.8708479 
0.8680446 
0.8714056 
0.8705762 
0.8707771 
0.8679152 
0.8699596 
0.8671959 
0.8712124 
0.8700818 
0.8676857 
0.8669188 
0.8681850 
0.8680431 
0.8645750 
0.8613128 
0.8679117 
0.8635458 
0.8611734 
0.8621212 
0.8634819 
0.8661426 
0.8647210 
0.8612681 
0.8630046 
0.8610748 
0.8632659 
0.8657718 
0.8688709 
0.8719094 
0.8698511 
0.8673238 
0.8685780 
0.8666085 
0.8662445 
0.8655890 
0.8641924 
0.8590228 
0.8633333 
0.8666616 
0.8662805 
0.8661194 
0.8686667 
0.8672491 
0.8673442 
0.8690588 
0.8686999 
0.8657550 
0.8662395 
0.8659334 
0.8625049 
0.8650746 
0.8658668 
0.8657289 
0.8632534 
0.8679541 
0.8689389 
0.8671926 
0.8652347 
0.8633761 
0.8604641 
0.8583278 
0.8607576 
0.8683895 
0.8690263 
0.8667231 
0.8655911 
0.8631757 
0.8623359 
0.8579603 
0.8521596 
0.8484840 
0.8506525 
0.8536894 
0.8521009 
0.8551225 
0.8576299 
0.8525389 
0.8503472 
0.8497468 
0.8537036 
0.8513301 
0.8518467 
0.8543656 
0.8530603 
0.8523997 
0.8524407 
0.8519909 
0.8546003 
0.8520023 
0.8536742 
0.8550004 
0.8582127 
0.8580226 
0.8557776 
0.8555082 
0.8492543 
0.8493301 
0.8480565 
0.8500342 
0.8485985 
0.8500677 
0.8484212 
0.8488468 
0.8477976 
0.8483474 
0.8460095 
0.8472749 
0.8462011 
0.8459621 
0.8427739 
0.8391580 
0.8406962 
0.8405649 
0.8443002 
0.8455716 
0.8443524 
0.8435546 
0.8415091 
0.8394322 
0.8368892 
0.8420653 
0.8421041 
0.8496018 
0.8434689 
0.8394635 
0.8371731 
0.8369787 
0.8333300 
0.8340192 
0.8374214 
0.8368712 
0.8394151 
0.8418796 
0.8437613 
0.8410768 
0.8395653 
0.8409188 
0.8359206 
0.8303323 
0.8384830 
0.8335290 
0.8334753 
0.8313524 
0.8305689 
0.8314454 
0.8355975 
0.8331195 
0.8345333 
0.8322737 
0.8309118 
0.8330814 
0.8301896 
0.8313970 
0.8285673 
0.8272509 
0.8297861 
0.8285502 
0.8288833 
0.8241270 
0.8231132 
0.8224759 
0.8255096 
0.8281640 
0.8306659 
0.8304132 
0.8250938 
0.8244710 
0.8244934 
0.8233772 
0.8342847 
0.8342726 
0.8355416 
0.8317499 
0.8301879 
0.8320145 
0.8343160 
0.8334064 
0.8407635 
0.8341302 
0.8322580 
0.8297767 
0.8284079 
0.8264357 
0.8263763 
0.8260805 
0.8266373 
0.8233722 
0.8227683 
0.8218231 
0.8186183 
0.8186467 
0.8156580 
0.8203862 
0.8165942 
0.8176566 
0.8178336 
0.8193629 
0.8187627 
0.8188282 
0.8162053 
0.8166362 
0.8173440 
0.8190851 
0.8240490 
0.8245892 
0.8205387 
0.8193839 
0.8155248 
0.8130928 
0.8137521 
0.8118363 
0.8139354 
0.8148689 
0.8136870 
0.8140403 
0.8122767 
0.8115215 
0.8121361 
0.8131758 
0.8134210 
0.8112192 
0.8101725 
0.8060195 
0.8089210 
0.8062896 
0.8088650 
0.8095905 
0.8088577 
0.8083238 
0.8107230 
0.8144200 
0.8085766 
0.7995802 
0.7981356 
0.7987339 
0.7990341 
0.8024015 
0.8031608 
0.7995029 
0.7947156 
0.7907104 
0.7926614 
0.7914743 
0.7920614 
0.7930684 
0.7971374 
0.7971593 
0.7968888 
0.7979932 
0.7962149 
0.7982144 
0.7959895 
0.7920882 
0.7937249 
0.7943244 
0.7923662 
0.7962308 
0.7962517 
0.7965877 
0.8040725 
0.8029628 
0.7984874 
0.7962049 
0.7936760 
0.7944701 
0.7962102 
0.7905323 
0.7893155 
0.7878171 
0.7900716 
0.7891105 
0.7862145 
0.7878520 
0.7890644 
0.7884724 
0.7856967 
0.7881376 
0.7920697 
0.7932415 
0.7840891 
0.7841302 
0.7842056 
0.7857453 
0.7835354 
0.7834694 
0.7848429 
0.7782162 
0.7819749 
0.7820175 
0.7844475 
0.7863375 
0.7842885 
0.7815789 
0.7859255 
0.7820441 
0.7819252 
0.7820005 
0.7790170 
0.7742826 
0.7772112 
0.7780608 
0.7805480 
0.7798325 
0.7773063 
0.7773654 
0.7763302 
0.7769634 
0.7772595 
0.7759244 
0.7746847 
0.7736088 
0.7726194 
0.7679397 
0.7692389 
0.7725528 
0.7740728 
0.7721190 
0.7721491 
0.7730133 
0.7696597 
0.7720033 
0.7773055 
0.7771976 
0.7798114 
0.7781960 
0.7758749 
0.7731561 
0.7729888 
0.7724625 
0.7702538 
0.7738714 
0.7725608 
0.7731970 
0.7722072 
0.7672260 
0.7681040 
0.7700037 
0.7708008 
0.7667046 
0.7732805 
0.7736549 
0.7734317 
0.7734545 
0.7706634 
0.7749695 
0.7699716 
0.7718080 
0.7685521 
0.7688499 
0.7691091 
0.7711137 
0.7739819 
0.7753108 
0.7746954 
0.7709578 
0.7701332 
0.7716416 
0.7737310 
0.7735596 
0.7673858 
0.7651977 
0.7653183 
0.7652415 
0.7602096 
0.7629210 
0.7659931 
0.7663950 
0.7667209 
0.7693255 
0.7694389 
0.7643460 
0.7630804 
0.7594836 
0.7582403 
0.7647004 
0.7612176 
0.7655792 
0.7614393 
0.7579770 
0.7566737 
0.7583812 
0.7598132 
0.7599668 
0.7625935 
0.7619082 
0.7641571 
0.7601195 
0.7573648 
0.7617682 
0.7576262 
0.7575089 
0.7574353 
0.7567690 
0.7596970 
0.7599302 
0.7582869 
0.7603671 
0.7622312 
0.7539509 
0.7532075 
0.7561180 
0.7505969 
0.7474931 
0.7508631 
0.7491659 
0.7516294 
0.7484327 
0.7517499 
0.7507869 
0.7513397 
0.7528870 
0.7555252 
0.7606717 
0.7598782 
0.7581046 
0.7585292 
0.7549808 
0.7513922 
0.7450574 
0.7436881 
0.7423010 
0.7396024 
0.7405621 
0.7420757 
0.7441177 
0.7459733 
0.7509374 
0.7553041 
0.7526671 
0.7583895 
0.7584784 
0.7575684 
0.7573330 
0.7563660 
0.7535520 
0.7542954 
0.7504028 
0.7494018 
0.7422662 
0.7460619 
0.7411953 
0.7443752 
0.7446997 
0.7510686 
0.7581265 
0.7590306 
0.7613544 
0.7569317 
0.7552603 
0.7537394 
0.7471160 
0.7447742 
0.7467989 
0.7454642 
0.7452832 
0.7459100 
0.7451056 
0.7434367 
0.7460565 
0.7460186 
0.7473633 
0.7476622 
0.7452434 
0.7471939 
0.7500042 
0.7498536 
0.7460487 
0.7424706 
0.7378513 
0.7363155 
0.7343435 
0.7345537 
0.7338716 
0.7368818 
0.7321637 
0.7366342 
0.7389855 
0.7352087 
0.7367981 
0.7381624 
0.7413236 
0.7411466 
0.7439443 
0.7437161 
0.7404491 
0.7376469 
0.7358853 
0.7305129 
0.7325427 
0.7322210 
0.7320919 
0.7342578 
0.7365769 
0.7393689 
0.7396185 
0.7413165 
0.7383413 
0.7383693 
0.7356392 
0.7365429 
0.7331599 
0.7293789 
0.7294241 
0.7255295 
0.7267862 
0.7301588 
0.7323682 
0.7408150 
0.7411467 
0.7403490 
0.7412566 
0.7418524 
0.7429115 
0.7411125 
0.7402953 
0.7414786 
0.7371087 
0.7374941 
0.7359298 
0.7360104 
0.7330029 
0.7344618 
0.7342246 
0.7332052 
0.7306581 
0.7277361 
0.7263839 
0.7245741 
0.7230379 
0.7243531 
0.7229475 
0.7110628 
0.6986407 
0.6916252 
0.6906530 
0.6928594 
0.6959567 
0.6985917 
0.7003253 
0.7011155 
0.7036880 
0.7080360 
0.7055614 
0.7028242 
0.7023892 
0.7039617 
0.7092021 
0.7138659 
0.7148178 
0.7158779 
0.7209254 
0.7206629 
0.7215280 
0.7146590 
0.7141323 
0.7101709 
0.7077746 
0.7042401 
0.6969536 
0.6946877 
0.6961004 
0.6974554 
0.7009987 
0.7043646 
0.7109557 
0.7138457 
0.7159207 
0.7183489 
0.7195670 
0.7156165 
0.7123854 
0.7071030 
0.7049214 
0.6965953 
0.6990621 
0.6993108 
0.7011241 
0.7045562 
0.7035658 
0.7125449 
0.7165751 
0.7187143 
0.7237932 
0.7229355 
0.7238700 
0.7205695 
0.7144790 
0.7062306 
0.7034021 
0.6994229 
0.6985740 
0.6918646 
0.6921315 
0.6938974 
0.6972561 
0.7034756 
0.7044896 
0.7050466 
0.7118523 
0.7113670 
0.7175543 
0.7187954 
0.7136699 
0.7168441 
0.7119371 
0.7065431 
0.7025737 
0.6975384 
0.6918256 
0.6949384 
0.6935480 
0.6931113 
0.6901675 
0.6919297 
0.6955761 
0.6988491 
0.7028037 
0.7027428 
0.7031884 
0.7028345 
0.7028145 
0.7035881 
0.7042071 
0.7019803 
0.6984966 
0.6985427 
0.6972587 
0.6964844 
0.6943828 
0.6969132 
0.6993923 
0.7019807 
0.7025417 
0.7056618 
0.7069010 
0.7097151 
0.7089142 
0.7087005 
0.7043855 
0.7014220 
0.7028305 
0.7001569 
0.7016606 
0.6989455 
0.6945005 
0.6923531 
0.6896340 
0.6953635 
0.6966136 
0.6990103 
0.6998295 
0.7008496 
0.6989846 
0.6953385 
0.6925312 
0.6938937 
0.6923896 
0.6971431 
0.6977304 
0.6980339 
0.6942787 
0.6977391 
0.6946547 
0.6959125 
0.6892981 
0.6873149 
0.6803936 
0.6741481 
0.6767962 
0.6694675 
0.6724361 
0.6713808 
0.6747296 
0.6770026 
0.6773169 
0.6783397 
0.6816906 
0.6799899 
0.6786468 
0.6790535 
0.6791664 
0.6806312 
0.6794924 
0.6760341 
0.6787380 
0.6760487 
0.6760057 
0.6748603 
0.6733973 
0.6737215 
0.6772338 
0.6739705 
0.6764452 
0.6772589 
0.6773557 
0.6789490 
0.6778402 
0.6770380 
0.6730543 
0.6742170 
0.6717939 
0.6720414 
0.6732093 
0.6734729 
0.6713882 
0.6655435 
0.6673992 
0.6670798 
0.6688135 
0.6679438 
0.6650434 
0.6681180 
0.6724748 
0.6748164 
0.6738157 
0.6725935 
0.6736310 
0.6684278 
0.6679731 
0.6665371 
0.6647653 
0.6651395 
0.6652575 
0.6644455 
0.6646804 
0.6655752 
0.6625006 
0.6665962 
0.6651292 
0.6644110 
0.6673051 
0.6706788 
0.6734712 
0.6757092 
0.6730572 
0.6753654 
0.6758822 
0.6706622 
0.6674956 
0.6619560 
0.6638679 
0.6634945 
0.6613222 
0.6596532 
0.6604740 
0.6610536 
0.6629421 
0.6634472 
0.6648224 
0.6631149 
0.6638852 
0.6625068 
0.6587157 
0.6570733 
0.6585345 
0.6548992 
0.6565742 
0.6590132 
0.6549600 
0.6570430 
0.6565730 
0.6595026 
0.6613485 
0.6645960 
0.6627752 
0.6603819 
0.6637087 
0.6676485 
0.6675635 
0.6603736 
0.6579352 
0.6598441 
0.6602370 
0.6531002 
0.6529799 
0.6533228 
0.6535186 
0.6526952 
0.6511336 
0.6511107 
0.6520083 
0.6486819 
0.6509840 
0.6510225 
0.6520152 
0.6511152 
0.6485272 
0.6435993 
0.6427148 
0.6414535 
0.6423688 
0.6413331 
0.6412824 
0.6421009 
0.6412712 
0.6371042 
0.6391965 
0.6420891 
0.6454669 
0.6440249 
0.6435396 
0.6436647 
0.6410541 
0.6404697 
0.6440330 
0.6422537 
0.6431031 
0.6468094 
0.6471500 
0.6474770 
0.6436503 
0.6355838 
0.6356262 
0.6356895 
0.6391120 
0.6438082 
0.6430743 
0.6412299 
0.6372156 
0.6400470 
0.6348080 
0.6337298 
0.6355938 
0.6372035 
0.6337381 
0.6357717 
0.6330668 
0.6310305 
0.6288472 
0.6314014 
0.6257795 
0.6274487 
0.6265814 
0.6278133 
0.6288690 
0.6327535 
0.6278301 
0.6302421 
0.6294462 
0.6256285 
0.6243742 
0.6221729 
0.6217387 
0.6195793 
0.6188052 
0.6191764 
0.6168753 
0.6150579 
0.6191698 
0.6208454 
0.6148750 
0.6195180 
0.6168007 
0.6143875 
0.6164147 
0.6161879 
0.6191143 
0.6171093 
0.6163480 
0.6123452 
0.6129556 
0.6092477 
0.6110963 
0.6110018 
0.6110893 
0.6130984 
0.6125696 
0.6125054 
0.6150333 
0.6132589 
0.6118886 
0.6088215 
0.6047880 
0.6018071 
0.6227248 
0.6288786 
0.6314596 
0.6327930 
0.6342964 
0.6301650 
0.6230207 
0.6192569 
0.6156046 
0.6160941 
0.6151809 
0.6123994 
0.6123108 
0.6104893 
0.6134387 
0.6106504 
0.6105564 
0.6079827 
0.6115060 
0.6094496 
0.6116234 
0.6079297 
0.6059836 
0.6060309 
0.6043420 
0.6110282 
0.6085687 
0.6124271 
0.6114644 
0.6119218 
0.6130434 
0.6097743 
0.6100838 
0.6064408 
0.6055208 
0.6023061 
0.6059330 
0.6045517 
0.6001999 
0.6038846 
0.6061787 
0.6055685 
0.6048997 
0.6052721 
0.6051736 
0.6078197 
0.6087783 
0.6070591 
0.6077251 
0.6058666 
0.6048345 
0.5992416 
0.6005708 
0.5995534 
0.6042568 
0.6000206 
0.5998554 
0.6012997 
0.5978243 
0.5980181 
0.5995016 
0.6049062 
0.6070149 
0.6078915 
0.6073557 
0.6043344 
0.6029090 
0.5989884 
0.6004440 
0.5991735 
0.5972230 
0.5977219 
0.5988877 
0.5960265 
0.5975693 
0.5954868 
0.5942786 
0.5928497 
0.5897081 
0.5907524 
0.5918564 
0.5887627 
0.5937946 
0.5947808 
0.5977360 
0.6005128 
0.6003447 
0.5974260 
0.5920000 
0.5882760 
0.5877056 
0.5864255 
0.5885410 
0.5918830 
0.5910579 
0.5930530 
0.5890688 
0.5868415 
0.5856459 
0.5884571 
0.5870368 
0.5852100 
0.5872351 
0.5887806 
0.5889193 
0.5873698 
0.5813045 
0.5810826 
0.5800075 
0.5771664 
0.5764603 
0.5769930 
0.5772120 
0.5788060 
0.5774287 
0.5791976 
0.5804459 
0.5783747 
0.5754435 
0.5761826 
0.5790552 
0.5779189 
0.5814753 
0.5816774 
0.5818320 
0.5815413 
0.5770474 
0.5757246 
0.5792210 
0.5808807 
0.5811182 
0.5796119 
0.5838948 
0.5851610 
0.5817491 
0.5780734 
0.5782857 
0.5789394 
0.5753362 
0.5780181 
0.5765100 
0.5753135 
0.5748305 
0.5767433 
0.5747508 
0.5735995 
0.5740204 
0.5804258 
0.5807618 
0.5804066 
0.5816732 
0.5801395 
0.5768936 
0.5793224 
0.5767516 
0.5767301 
0.5711961 
0.5705180 
0.5698110 
0.5708074 
0.5750153 
0.5705302 
0.5714079 
0.5710979 
0.5698077 
0.5689826 
0.5681069 
0.5680828 
0.5649541 
0.5660304 
0.5644224 
0.5714172 
0.5722676 
0.5631088 
0.5620860 
0.5607481 
0.5665657 
0.5655451 
0.5641203 
0.5645574 
0.5662545 
0.5682440 
0.5679125 
0.5665126 
0.5629567 
0.5644878 
0.5656898 
0.5674657 
0.5633048 
0.5658308 
0.5686088 
0.5654641 
0.5645750 
0.5635991 
0.5659680 
0.5655355 
0.5658291 
0.5614156 
0.5643845 
0.5649750 
0.5613844 
0.5600932 
0.5644372 
0.5687806 
0.5671262 
0.5714996 
0.5768774 
0.5827350 
0.5814323 
0.5782755 
0.5768800 
0.5672584 
0.5611192 
0.5631583 
0.5596416 
0.5554373 
0.5531865 
0.5549099 
0.5563257 
0.5507837 
0.5517700 
0.5503073 
0.5478288 
0.5452769 
0.5445831 
0.5429571 
0.5408962 
0.5437104 
0.5435884 
0.5429974 
0.5436102 
0.5443644 
0.5432371 
0.5431014 
0.5428775 
0.5451922 
0.5417263 
0.5406312 
0.5416294 
0.5409560 
0.5362284 
0.5394124 
0.5387147 
0.5393426 
0.5370629 
0.5337384 
0.5320008 
0.5340030 
0.5334494 
0.5329089 
0.5373904 
0.5344252 
0.5369087 
0.5370234 
0.5393297 
0.5381877 
0.5354919 
0.5362212 
0.5359164 
0.5338017 
0.5361545 
0.5347145 
0.5360492 
0.5344752 
0.5360361 
0.5355627 
0.5332343 
0.5260741 
0.5225458 
0.5270648 
0.5252159 
0.5250279 
0.5263552 
0.5274666 
0.5284815 
0.5305707 
0.5325026 
0.5361100 
0.5375284 
0.5363424 
0.5331062 
0.5308767 
0.5314016 
0.5291727 
0.5282579 
0.5287419 
0.5263985 
0.5261370 
0.5242353 
0.5254587 
0.5231280 
0.5214127 
0.5237311 
0.5227809 
0.5226737 
0.5199652 
0.5216163 
0.5254744 
0.5244131 
0.5231432 
0.5219930 
0.5190566 
0.5156994 
0.5164231 
0.5180075 
0.5203415 
0.5209995 
0.5196546 
0.5218748 
0.5206937 
0.5189768 
0.5156178 
0.5168309 
0.5192402 
0.5158313 
0.5183981 
0.5169696 
0.5158779 
0.5210358 
0.5202802 
0.5213015 
0.5202277 
0.5150104 
0.5173338 
0.5151302 
0.5103889 
0.5142589 
0.5137045 
0.5067113 
0.5102580 
0.5095677 
0.5140114 
0.5190666 
0.5180312 
0.5196918 
0.5137335 
0.5126040 
0.5137197 
0.5129303 
0.5111270 
0.5138326 
0.5102164 
0.5074502 
0.5089112 
0.5107098 
0.5143842 
0.5110153 
0.5142720 
0.5119915 
0.5151522 
0.5110200 
0.5063272 
0.5098760 
0.4940223 
0.4929931 
0.4941252 
0.4971009 
0.4978418 
0.4967277 
0.4968105 
0.4980458 
0.5012755 
0.5001257 
0.4989740 
0.5010843 
0.4986994 
0.4987553 
0.4965221 
0.4991790 
0.4973071 
0.4955011 
0.4940020 
0.4961662 
0.4957042 
0.4947518 
0.4968332 
0.4960677 
0.4948159 
0.4918965 
0.4920718 
0.4914102 
0.4959203 
0.4939793 
0.4942447 
0.4946183 
0.4908845 
0.4890776 
0.4890825 
0.4917096 
0.4889286 
0.4830150 
0.4852552 
0.4911931 
0.4948870 
0.4905306 
0.4890404 
0.4944441 
0.4870487 
0.4871192 
0.4851685 
0.4827295 
0.4803499 
0.4781089 
0.4789789 
0.4813000 
0.4844410 
0.4864732 
0.4776439 
0.4770281 
0.4754500 
0.4735520 
0.4804369 
0.4817590 
0.4820475 
0.4845781 
0.4813445 
0.4788967 
0.4750534 
0.4816763 
0.4833059 
0.4799578 
0.4765447 
0.4766670 
0.4702929 
0.4602227 
0.4629140 
0.4625677 
0.4697990 
0.4705667 
0.4715988 
0.4736090 
0.4727087 
0.4714459 
0.4711203 
0.4748334 
0.4754247 
0.4732626 
0.4706600 
0.4692343 
0.4672059 
0.4690356 
0.4694824 
0.4696333 
0.4709807 
0.4695707 
0.4680951 
0.4681033 
0.4680716 
0.4706718 
0.4739284 
0.4737765 
0.4729917 
0.4715911 
0.4690045 
0.4712912 
0.4664913 
0.4641297 
0.4625451 
0.4621817 
0.4671452 
0.4695939 
0.4677788 
0.4674060 
0.4678194 
0.4681825 
0.4616040 
0.4648880 
0.4639642 
0.4638180 
0.4610190 
0.4602204 
0.4633250 
0.4637137 
0.4643875 
0.4638972 
0.4639015 
0.4634525 
0.4635582 
0.4670334 
0.4683608 
0.4674205 
0.4680925 
0.4630547 
0.4643430 
0.4647184 
0.4612027 
0.4617672 
0.4631208 
0.4649148 
0.4653469 
0.4639763 
0.4637894 
0.4633416 
0.4751774 
0.4755077 
0.4703277 
0.4700660 
0.4662893 
0.4662295 
0.4685710 
0.4667464 
0.4629601 
0.4676110 
0.4654190 
0.4672433 
0.4702295 
0.4678728 
0.4667526 
0.4709622 
0.4696040 
0.4709771 
0.4703119 
0.4680610 
0.4665658 
0.4634873 
0.4639666 
0.4641743 
0.4639163 
0.4617242 
0.4630140 
0.4653629 
0.4653212 
0.4643578 
0.4663203 
0.4668282 
0.4678262 
0.4670641 
0.4658611 
0.4678627 
0.4665024 
0.4664425 
0.4738949 
0.4789933 
0.4857866 
0.4843953 
0.4800683 
0.4760340 
0.4655577 
0.4471347 
0.4468133 
0.4505424 
0.4488876 
0.4485184 
0.4453641 
0.4483905 
0.4480917 
0.4467754 
0.4488652 
0.4478865 
0.4502566 
0.4469096 
0.4458033 
0.4425982 
0.4466008 
0.4435110 
0.4431121 
0.4464034 
0.4427666 
0.4400978 
0.4421159 
0.4465194 
0.4464628 
0.4479797 
0.4477394 
0.4470754 
0.4488590 
0.4494088 
0.4476091 
0.4478627 
0.4439030 
0.4461239 
0.4438652 
0.4416569 
0.4414341 
0.4437533 
0.4432514 
0.4405774 
0.4442356 
0.4423623 
0.4413050 
0.4426847 
0.4425778 
0.4440646 
0.4431348 
0.4405439 
0.4395095 
0.4414553 
0.4389464 
0.4397036 
0.4414606 
0.4399200 
0.4395922 
0.4379661 
0.4386975 
0.4361811 
0.4405684 
0.4398474 
0.4405140 
0.4356277 
0.4350549 
0.4346606 
0.4390119 
0.4372575 
0.4340018 
0.4348437 
0.4382571 
0.4382690 
0.4352181 
0.4402828 
0.4358650 
0.4274861 
0.4303124 
0.4308864 
0.4323613 
0.4303293 
0.4321723 
0.4298737 
0.4300084 
0.4312407 
0.4293912 
0.4324585 
0.4267412 
0.4286642 
0.4215150 
0.4233231 
0.4232018 
0.4220613 
0.4219560 
0.4204427 
0.4207868 
0.4213026 
0.4207556 
0.4238914 
0.4261566 
0.4257847 
0.4269025 
0.4266359 
0.4272490 
0.4274019 
0.4261239 
0.4232299 
0.4220966 
0.4222870 
0.4195624 
0.4165932 
0.4156253 
0.4161329 
0.4186687 
0.4201752 
0.4211880 
0.4230445 
0.4225396 
0.4211929 
0.4179160 
0.4133423 
0.4101560 
0.4129498 
0.4183003 
0.4144179 
0.4086206 
0.4045483 
0.4009312 
0.3943811 
0.3979620 
0.3995322 
0.4020361 
0.3995018 
0.4024370 
0.4060984 
0.4108552 
0.4162839 
0.4300849 
0.4350573 
0.4334672 
0.4340903 
0.4343239 
0.4384793 
0.4383646 
0.4395412 
0.4395666 
0.4383250 
0.4328542 
0.4269552 
0.4245840 
0.4207469 
0.4159119 
0.4122560 
0.4150682 
0.4132384 
0.4095921 
0.4073732 
0.4061114 
0.4077765 
0.4116607 
0.4110771 
0.4135647 
0.4130386 
0.4117478 
0.4077797 
0.4103163 
0.4070145 
0.4040912 
0.4050513 
0.4054886 
0.4039012 
0.4063756 
0.4102828 
0.4092304 
0.4071021 
0.4114056 
0.4083600 
0.4070557 
0.4067760 
0.4069624 
0.4066655 
0.4094524 
0.4086152 
0.3991474 
0.4021355 
0.3991001 
0.3988597 
0.3985155 
0.3979588 
0.4036422 
0.3960723 
0.3953308 
0.3953779 
0.3915009 
0.3930264 
0.3923253 
0.3963104 
0.3973084 
0.3963278 
0.3971300 
0.3982742 
0.3971955 
0.4017085 
0.4044221 
0.4010978 
0.4035608 
0.4032527 
0.4022768 
0.3999728 
0.4015875 
0.4020116 
0.3975820 
0.3963451 
0.3978695 
0.3971592 
0.3951623 
0.3954131 
0.3936185 
0.3916796 
0.3952843 
0.3933545 
0.3962652 
0.3934767 
0.3890195 
0.3907171 
0.3913152 
0.3877163 
0.3867200 
0.3879052 
0.3887753 
0.3897504 
0.3874372 
0.3888094 
0.3869949 
0.3836464 
0.3840805 
0.3897679 
0.3921049 
0.3908152 
0.3901696 
0.3896597 
0.3869251 
0.3862567 
0.3890432 
0.3888460 
0.3837464 
0.3839708 
0.3836026 
0.3826337 
0.3807669 
0.3856713 
0.3862609 
0.3792401 
0.3823089 
0.3800302 
0.3815144 
0.3817604 
0.3818111 
0.3732247 
0.3713396 
0.3656250 
0.3637155 
0.3609316 
0.3629806 
0.3652516 
0.3671046 
0.3637800 
0.3657286 
0.3666443 
0.3669036 
0.3706337 
0.3674872 
0.3676840 
0.3655818 
0.3650439 
0.3624910 
0.3605662 
0.3612072 
0.3619235 
0.3606972 
0.3592128 
0.3582827 
0.3598152 
0.3599493 
0.3603089 
0.3601249 
0.3613547 
0.3624671 
0.3569300 
0.3567501 
0.3543516 
0.3550861 
0.3590286 
0.3605705 
0.3576034 
0.3548113 
0.3564551 
0.3587581 
0.3580583 
0.3580212 
0.3611674 
0.3568267 
0.3568051 
0.3601410 
0.3555742 
0.3560528 
0.3556469 
0.3565749 
0.3555493 
0.3561911 
0.3569621 
0.3543817 
0.3545175 
0.3547581 
0.3543776 
0.3530344 
0.3589524 
0.3597697 
0.3609058 
0.3587724 
0.3571617 
0.3592952 
0.3559722 
0.3554928 
0.3550921 
0.3512863 
0.3535784 
0.3505758 
0.3513770 
0.3506361 
0.3484382 
0.3467257 
0.3491078 
0.3489024 
0.3489398 
0.3488745 
0.3469902 
0.3436952 
0.3422322 
0.3457164 
0.3464212 
0.3466092 
0.3473760 
0.3475990 
0.3466095 
0.3458063 
0.3463212 
0.3439265 
0.3454120 
0.3467078 
0.3438513 
0.3418202 
0.3485214 
0.3494736 
0.3490053 
0.3469876 
0.3490105 
0.3475010 
0.3466973 
0.3418738 
0.3450388 
0.3417789 
0.3420922 
0.3431696 
0.3411518 
0.3395199 
0.3398388 
0.3390769 
0.3410941 
0.3406040 
0.3332531 
0.3330538 
0.3340866 
0.3345822 
0.3379737 
0.3401243 
0.3421634 
0.3445596 
0.3468758 
0.3466373 
0.3431857 
0.3409746 
0.3425170 
0.3399686 
0.3377738 
0.3416387 
0.3383680 
0.3391266 
0.3378861 
0.3377582 
0.3387976 
0.3402037 
0.3381737 
0.3361088 
0.3345045 
0.3355363 
0.3345355 
0.3390496 
0.3382931 
0.3400110 
0.3385790 
0.3337939 
0.3343456 
0.3366017 
0.3385533 
0.3390085 
0.3404777 
0.3384378 
0.3311036 
0.3318183 
0.3334826 
0.3339252 
0.3370005 
0.3376697 
0.3412903 
0.3411103 
0.3328266 
0.3220873 
0.3239119 
0.3262597 
0.3213265 
0.3228760 
0.3263328 
0.3274207 
0.3258366 
0.3269064 
0.3256493 
0.3285976 
0.3255182 
0.3228476 
0.3218499 
0.3211977 
0.3246541 
0.3229944 
0.3240818 
0.3283152 
0.3258023 
0.3268440 
0.3279205 
0.3256936 
0.3235011 
0.3216178 
0.3208636 
0.3227049 
0.3209606 
0.3217711 
0.3199514 
0.3196326 
0.3201884 
0.3222986 
0.3172269 
0.3230946 
0.3172133 
0.3174864 
0.3182564 
0.3181845 
0.3217736 
0.3257155 
0.3255386 
0.3238039 
0.3224166 
0.3201559 
0.3168384 
0.3177152 
0.3185673 
0.3182048 
0.3155807 
0.3162511 
0.3165409 
0.3174907 
0.3158237 
0.3190374 
0.3193473 
0.3222711 
0.3231519 
0.3195075 
0.3189816 
0.3149198 
0.3132091 
0.3150286 
0.3108219 
0.3113496 
0.3151636 
0.3129246 
0.3136436 
0.3161804 
0.3139745 
0.3117573 
0.3107955 
0.3111986 
0.3083961 
0.3049261 
0.3050174 
0.3140921 
0.3174357 
0.3154536 
0.3159222 
0.3096209 
0.3087363 
0.3107764 
0.3105827 
0.3063373 
0.3014388 
0.3020357 
0.3056114 
0.3065613 
0.3064187 
0.3047806 
0.3084669 
0.3055762 
0.3075329 
0.3090692 
0.3123324 
0.3101457 
0.3071725 
0.3116069 
0.3117970 
0.3084498 
0.3078199 
0.3083119 
0.3110439 
0.3098054 
0.3049556 
0.3075201 
0.3134349 
0.3136546 
0.3212011 
0.3200939 
0.3175280 
0.3123674 
0.3140983 
0.3181620 
0.3160905 
0.3136942 
0.3169677 
0.3152412 
0.3132762 
0.3142582 
0.3139797 
0.3120463 
0.3121014 
0.3114410 
0.3142230 
0.3135363 
0.3078005 
0.3102604 
0.3122757 
0.3110271 
0.3123960 
0.3160637 
0.3125430 
0.3083346 
0.3066994 
0.3111460 
0.3101120 
0.3065732 
0.3075853 
0.3090702 
0.3091028 
0.3085328 
0.3085337 
0.3043278 
0.3041121 
0.3070608 
0.3102501 
0.3062991 
0.3079452 
0.3056863 
0.3039725 
0.3071207 
0.3065144 
0.3080235 
0.3065762 
0.3043853 
0.3067665 
0.3044785 
0.3021296 
0.3004867 
0.2962277 
0.2996172 
0.2989545 
0.3018111 
0.3018346 
0.3035355 
0.3015793 
0.2999471 
0.3011821 
0.3046913 
0.3044171 
0.3043680 
0.3081708 
0.3044438 
0.3018122 
0.2954037 
0.2989163 
0.2946473 
0.2958175 
0.2948522 
0.2919986 
0.2941152 
0.2943552 
0.2968819 
0.2959371 
0.2945100 
0.2973767 
0.2944840 
0.2932448 
0.2910891 
0.2905488 
0.2928581 
0.2902525 
0.2891324 
0.2884883 
0.2874635 
0.2879635 
0.2899248 
0.2877308 
0.2855579 
0.2806844 
0.2815041 
0.2838836 
0.2838682 
0.2852303 
0.2816821 
0.2828151 
0.2823681 
0.2829560 
0.2815124 
0.2817223 
0.2836639 
0.2807624 
0.2862989 
0.2818457 
0.2819541 
0.2812875 
0.2766451 
0.2812129 
0.2783459 
0.2802598 
0.2798215 
0.2795954 
0.2861441 
0.2847802 
0.2839461 
0.2854062 
0.2862539 
0.2867008 
0.2827369 
0.2738376 
0.2663693 
0.2666695 
0.2685470 
0.2646034 
0.2670988 
0.2661265 
0.2677495 
0.2658999 
0.2648462 
0.2640436 
0.2620962 
0.2618242 
0.2618023 
0.2622430 
0.2615756 
0.2604773 
0.2597075 
0.2590266 
0.2598887 
0.2592365 
0.2629854 
0.2636844 
0.2619853 
0.2601463 
0.2572457 
0.2569331 
0.2575559 
0.2588430 
0.2643076 
0.2643747 
0.2643516 
0.2659401 
0.2654465 
0.2648968 
0.2646236 
0.2634089 
0.2651570 
0.2655578 
0.2622667 
0.2596709 
0.2603658 
0.2583883 
0.2548420 
0.2578251 
0.2578399 
0.2585976 
0.2589874 
0.2588397 
0.2607318 
0.2596690 
0.2607247 
0.2542088 
0.2564682 
0.2580662 
0.2557918 
0.2564925 
0.2572884 
0.2568782 
0.2614042 
0.2599374 
0.2606623 
0.2612242 
0.2613448 
0.2630781 
0.2579772 
0.2577738 
0.2576603 
0.2567463 
0.2590216 
0.2602679 
0.2586664 
0.2571705 
0.2585698 
0.2582507 
0.2574106 
0.2594071 
0.2597072 
0.2643329 
0.2611867 
0.2615150 
0.2604252 
0.2598560 
0.2574337 
0.2544884 
0.2513292 
0.2588358 
0.2583827 
0.2587976 
0.2540545 
0.2543352 
0.2555589 
0.2566821 
0.2552688 
0.2537168 
0.2529644 
0.2511601 
0.2526303 
0.2498341 
0.2454262 
0.2491111 
0.2480793 
0.2495905 
0.2482418 
0.2491269 
0.2509487 
0.2427399 
0.2439463 
0.2441389 
0.2414811 
0.2419936 
0.2400593 
0.2361700 
0.2335718 
0.2421551 
0.2400118 
0.2382183 
0.2353981 
0.2366980 
0.2331552 
0.2380519 
0.2390763 
0.2385572 
0.2355365 
0.2378369 
0.2393480 
0.2312248 
0.2297557 
0.2322570 
0.2326324 
0.2315299 
0.2350585 
0.2339850 
0.2367851 
0.2326030 
0.2334777 
0.2333099 
0.2260775 
0.2276916 
0.2289631 
0.2326183 
0.2328308 
0.2315344 
0.2282662 
0.2258483 
0.2265289 
0.2269658 
0.2273169 
0.2238498 
0.2253156 
0.2256292 
0.2239888 
0.2235511 
0.2190614 
0.2229098 
0.2198112 
0.2183357 
0.2207329 
0.2211256 
0.2229105 
0.2184645 
0.2193063 
0.2294026 
0.2266971 
0.2277697 
0.2261991 
0.2242543 
0.2211215 
0.2246641 
0.2240065 
0.2237813 
0.2216697 
0.2220776 
0.2210934 
0.2222128 
0.2219269 
0.2170340 
0.2226618 
0.2225381 
0.2138109 
0.2160727 
0.2173026 
0.2217235 
0.2217747 
0.2145134 
0.2163022 
0.2209033 
0.2200465 
0.2215377 
0.2163678 
0.2165201 
0.2132212 
0.2118933 
0.2177717 
0.2175372 
0.2165967 
0.2177691 
0.2167426 
0.2155165 
0.2179786 
0.2129421 
0.2176360 
0.2180356 
0.2185368 
0.2225552 
0.2221245 
0.2240302 
0.2254054 
0.2229797 
0.2227672 
0.2241774 
0.2231523 
0.2226548 
0.2207213 
0.2193868 
0.2200440 
0.2191246 
0.2166253 
0.2184975 
0.2164566 
0.2183746 
0.2142798 
0.2123913 
0.2119761 
0.2114391 
0.2103887 
0.2108253 
0.2129409 
0.2164622 
0.2153132 
0.2154254 
0.2149014 
0.2079913 
0.2093849 
0.2085235 
0.2085074 
0.2065611 
0.2089635 
0.2122485 
0.2137307 
0.2103197 
0.2113525 
0.2097793 
0.2080882 
0.2104250 
0.2076491 
0.2076313 
0.2091449 
0.2132104 
0.2172154 
0.2152353 
0.2142332 
0.2153718 
0.2130133 
0.2091826 
0.2046902 
0.1983582 
0.1971263 
0.1968325 
0.1929631 
0.2054439 
0.2086093 
0.2085913 
0.2073236 
0.2137849 
0.2137459 
0.2121282 
0.2086497 
0.2045944 
0.2020689 
0.2030096 
0.2092938 
0.2098410 
0.2090297 
0.2077142 
0.2076237 
0.2052525 
0.2102785 
0.2079954 
0.2040629 
0.2010056 
0.2012269 
0.1959159 
0.1952950 
0.1969130 
0.1959382 
0.1925922 
0.1941219 
0.1907995 
0.1912731 
0.1915797 
0.1887928 
0.1882924 
0.1910123 
0.1890121 
0.1916589 
0.1942593 
0.1961559 
0.2037995 
0.2044034 
0.1889236 
0.1861971 
0.1873250 
0.1875711 
0.1882597 
0.1870880 
0.1866794 
0.1879481 
0.1877054 
0.1870939 
0.1879010 
0.1891319 
0.1917706 
0.1862814 
0.1873210 
0.1916753 
0.1885656 
0.1921259 
0.1934078 
0.1943782 
0.1958620 
0.1945081 
0.1957681 
0.1944269 
0.1922471 
0.1920999 
0.1901109 
0.1904107 
0.1929767 
0.1897409 
0.1918444 
0.1860360 
0.1838022 
0.1814485 
0.1815225 
0.1808279 
0.1818783 
0.1837273 
0.1829550 
0.1828722 
0.1816798 
0.1831076 
0.1779950 
0.1828352 
0.1841279 
0.1803544 
0.1813437 
0.1801960 
0.1808460 
0.1800242 
0.1861329 
0.1817929 
0.1728783 
0.1701454 
0.1702102 
0.1705023 
0.1735040 
0.1697280 
0.1704183 
0.1722097 
0.1717744 
0.1722127 
0.1730685 
0.1727569 
0.1713176 
0.1720976 
0.1719726 
0.1724968 
0.1720108 
0.1693608 
0.1690528 
0.1696443 
0.1701276 
0.1702356 
0.1653039 
0.1667149 
0.1653949 
0.1642299 
0.1631878 
0.1635032 
0.1631200 
0.1618255 
0.1669041 
0.1653020 
0.1685360 
0.1673808 
0.1685977 
0.1677907 
0.1679981 
0.1662195 
0.1684655 
0.1692321 
0.1730018 
0.1695940 
0.1715758 
0.1715640 
0.1707532 
0.1707767 
0.1708932 
0.1686443 
0.1684245 
0.1671254 
0.1713757 
0.1674819 
0.1729279 
0.1747942 
0.1729201 
0.1736027 
0.1750449 
0.1726274 
0.1745863 
0.1723591 
0.1719242 
0.1692453 
0.1699447 
0.1718245 
0.1697514 
0.1705683 
0.1685612 
0.1708246 
0.1708401 
0.1697773 
0.1796860 
0.1892627 
0.1942109 
0.1859054 
0.1816631 
0.1802102 
0.1776340 
0.1777241 
0.1734081 
0.1708521 
0.1716601 
0.1706540 
0.1668642 
0.1669232 
0.1654955 
0.1623435 
0.1618902 
0.1625633 
0.1627983 
0.1651143 
0.1624896 
0.1582753 
0.1510229 
0.1507855 
0.1533249 
0.1532864 
0.1527977 
0.1515541 
0.1498915 
0.1500543 
0.1576870 
0.1593778 
0.1601686 
0.1586043 
0.1602472 
0.1560482 
0.1613394 
0.1601995 
0.1561405 
0.1541156 
0.1571197 
0.1549444 
0.1538243 
0.1510691 
0.1473488 
0.1473890 
0.1479178 
0.1489100 
0.1431187 
0.1423197 
0.1452032 
0.1439295 
0.1439333 
0.1416110 
0.1406717 
0.1392343 
0.1398173 
0.1407098 
0.1428671 
0.1430741 
0.1468879 
0.1447392 
0.1456383 
0.1469120 
0.1516787 
0.1449840 
0.1450900 
0.1478697 
0.1457028 
0.1499755 
0.1472742 
0.1445443 
0.1425072 
0.1443346 
0.1448941 
0.1423549 
0.1399556 
0.1386176 
0.1353085 
0.1367485 
0.1363094 
0.1363332 
0.1407694 
0.1375036 
0.1326822 
0.1297408 
0.1286631 
0.1286118 
0.1215805 
0.1222197 
0.1163996 
0.1194338 
0.1222600 
0.1205005 
0.1193366 
0.1201694 
0.1177742 
0.1230693 
0.1230608 
0.1265973 
0.1291026 
0.1309989 
0.1339865 
0.1380722 
0.1405234 
0.1357013 
0.1375635 
0.1397875 
0.1415406 
0.1413834 
0.1413155 
0.1405875 
0.1423121 
0.1428467 
0.1388814 
0.1390761 
0.1387168 
0.1383981 
0.1389267 
0.1373023 
0.1375342 
0.1397179 
0.1407087 
0.1427932 
0.1427602 
0.1332543 
0.1260317 
0.1070025 
0.1108485 
0.1091114 
0.1069246 
0.1044058 
0.1079146 
0.1063556 
0.1093473 
0.1048529 
0.1034932 
0.1044277 
0.1023604 
0.1079323 
0.1105518 
0.1101459 
0.1121296 
0.1142344 
0.1153891 
0.1175178 
0.1185366 
0.1196017 
0.1227647 
0.1242328 
0.1255143 
0.1293808 
0.1345421 
0.1344396 
0.1252064 
0.1224606 
0.1278962 
0.1373627 
0.1417367 
0.1328580 
0.1338963 
0.1349532 
0.1334322 
0.1386964 
0.1417137 
0.1413610 
0.1394771 
0.1363224 
0.1352537 
0.1318164 
0.1324099 
0.1296105 
0.1273033 
0.1240103 
0.1245584 
0.1247446 
0.1229037 
0.1197965 
0.1187583 
0.1169131 
0.1140544 
0.1102104 
0.1095329 
0.1079158 
0.1089508 
0.1062978 
0.1050128 
0.1038655 
0.1031390 
0.1087773 
0.1120780 
0.1069832 
0.1085506 
0.1117082 
0.1122157 
0.1091374 
0.1089629 
0.1090480 
0.1121672 
0.1103806 
0.1053591 
0.1061922 
0.1047805 
0.1011862 
0.1022055 
0.1006049 
0.1061738 
0.0951288 
0.0915568 
0.0905251 
0.0907957 
0.0883527 
0.0872297 
0.0890353 
0.0897083 
0.0875462 
0.0910152 
0.0967542 
0.0922764 
0.0926192 
0.0990385 
0.1016690 
0.1002284 
0.0980198 
0.0981185 
0.0936705 
0.0934317 
0.0914071 
0.0928506 
0.0931608 
0.0952452 
0.1013178 
0.1057410 
0.1066834 
0.1046583 
0.1082053 
0.1111668 
0.1153377 
0.1149223 
0.1135789 
0.1179973 
0.1169465 
0.1183557 
0.1163200 
0.1202714 
0.1171557 
0.1104394 
0.1126119 
0.1070694 
0.1106871 
0.1131678 
0.1134844 
0.1138115 
0.1040384 
0.1024503 
0.0983194 
0.0990361 
0.1021718 
0.1019083 
0.1014891 
0.1013318 
0.1012334 
0.1026750 
0.1038042 
0.1033745 
0.1025282 
0.1023184 
0.1015273 
0.0952267 
0.0918214 
0.0865093 
0.0867649 
0.0797589 
0.0811355 
0.0794895 
0.0782722 
0.0813255 
0.0782593 
0.0796987 
0.0831686 
0.0858322 
0.0877014 
0.0892919 
0.0908634 
0.0948802 
0.0976054 
0.0961455 
0.0980595 
0.0972815 
0.0952605 
0.0908017 
0.0870318 
0.0883244 
0.0860238 
0.0811645 
0.0777903 
0.0773405 
0.0777609 
0.0789481 
0.0791625 
0.0781707 
0.0789201 
0.0806023 
0.0782855 
0.0840600 
0.0888607 
0.0896806 
0.0858574 
0.0864380 
0.0877953 
0.0846647 
0.0831133 
0.0786306 
0.0784170 
0.0757178 
0.0734041 
0.0716982 
0.0712675 
0.0743688 
0.0722840 
0.0724435 
0.0729519 
0.0703692 
0.0696554 
0.0739153 
0.0739630 
0.0739761 
0.0761305 
0.0785681 
0.0790761 
0.0801267 
0.0809120 
0.0785037 
0.0745271 
0.0748574 
0.0721832 
0.0689700 
0.0699871 
0.0682661 
0.0680592 
0.0650456 
0.0647085 
0.0647374 
0.0672213 
0.0652939 
0.0678311 
0.0653854 
0.0703377 
0.0727262 
0.0715431 
0.0711196 
0.0714448 
0.0745321 
0.0739116 
0.0712324 
0.0734562 
0.0773205 
0.0729306 
0.0677233 
0.0669836 
0.0698959 
0.0708901 
0.0683344 
0.0699015 
0.0676727 
0.0679020 
0.0642339 
0.0607842 
0.0678641 
0.0664321 
0.0654820 
0.0667282 
0.0614311 
0.0601921 
0.0610885 
0.0597497 
0.0597385 
0.0583625 
0.0589178 
0.0568725 
0.0556771 
0.0564061 
0.0550209 
0.0544338 
0.0487090 
0.0500856 
0.0610324 
0.0624890 
0.0611287 
0.0590249 
0.0571504 
0.0569999 
0.0567809 
0.0534224 
0.0533998 
0.0525593 
0.0515976 
0.0521022 
0.0516633 
0.0512786 
0.0512264 
0.0533688 
0.0514316 
0.0530424 
0.0517315 
0.0501077 
0.0497652 
0.0510193 
0.0530592 
0.0477491 
0.0489587 
0.0476045 
0.0478791 
0.0457108 
0.0438844 
0.0426385 
0.0414794 
0.0393413 
0.0451021 
0.0402339 
0.0364518 
0.0373973 
0.0356978 
0.0373091 
0.0369021 
0.0393325 
0.0419689 
0.0459020 
0.0455976 
0.0419917 
0.0439960 
0.0458071 
0.0466103 
0.0485176 
0.0382139 
0.0391667 
0.0419803 
0.0424654 
0.0434136 
0.0485317 
0.0438110 
0.0472259 
0.0409835 
0.0414940 
0.0404509 
0.0398179 
0.0375478 
0.0377034 
0.0363471 
0.0341151 
0.0371559 
0.0357160 
0.0389906 
0.0281762 
0.0276187 
0.0282809 
0.0258875 
0.0260332 
0.0260156 
0.0262363 
0.0244499 
0.0248641 
0.0250148 
0.0269505 
0.0230626 
0.0273876 
0.0281666 
0.0235443 
0.0265628 
0.0253748 
0.0260701 
0.0315371 
0.0344395 
0.0281174 
0.0298076 
0.0226819 
0.0313420 
0.0323196 
0.0334652 
0.0358069 
0.0327658 
0.0346230 
0.0358823 
0.0433197 
0.0394375 
0.0377468 
0.0358336 
0.0389463 
0.0351977 
0.0378017 
0.0363888 
0.0353803 
0.0379163 
0.0387359 
0.0302908 
0.0297539 
0.0326796 
0.0300440 
0.0360324 
0.0308648 
0.0299295 
0.0308032 
0.0279874 
0.0244143 
0.0240146 
0.0197744 
0.0248870 
0.0243973 
0.0255774 
0.0252574 
0.0246173 
0.0171715 
0.0157032 
0.0184474 
0.0193643 
0.0195367 
0.0197958 
0.0201424 
0.0210903 
0.0192292 
0.0184160 
0.0174323 
0.0180455 
0.0180466 
0.0159213 
0.0187277 
0.0170262 
0.0208511 
0.0205146 
0.0183483 
0.0198633 
0.0180916 
0.0160110 
0.0186862 
0.0169794 
0.0178718 
0.0182133 
0.0161341 
0.0171182 
0.0196687 
0.0188067 
0.0230276 
0.0207457 
0.0200845 
0.0174760 
0.0186897 
0.0138594 
0.0144607 
0.0110947 
0.0120623 
0.0116776 
0.0114729 
0.0177809 
0.0134389 
0.0087144 
0.0085081 
0.0083357 
0.0067301 
0.0075140 
0.0057004 
0.0036587 
0.0063070 
0.0043846 
0.0000000 
