-0.0001200 
0.0001073 
-0.0000056 
-0.3310645 
-0.0969287 
-0.0531240 
0.9927264 
1.0000000 
0.9864352 
0.9706840 
0.9728460 
0.9731271 
0.9770367 
0.9734774 
0.9647381 
0.9591151 
0.9553512 
0.9663415 
0.9621550 
0.9619381 
0.9614894 
0.9655294 
0.9694981 
0.9716250 
0.9708998 
0.9672721 
0.9695698 
0.9714233 
0.9677854 
0.9607737 
0.9549125 
0.9565886 
0.9611435 
0.9653923 
0.9655755 
0.9590629 
0.9590094 
0.9561546 
0.9540979 
0.9563208 
0.9560515 
0.9636441 
0.9692798 
0.9627411 
0.9576133 
0.9583475 
0.9631077 
0.9618927 
0.9556948 
0.9465543 
0.9492062 
0.9540417 
0.9524520 
0.9472625 
0.9419585 
0.9416434 
0.9405387 
0.9354145 
0.9380346 
0.9344205 
0.9373843 
0.9336982 
0.9294539 
0.9408593 
0.9445836 
0.9406383 
0.9366194 
0.9321990 
0.9294594 
0.9267587 
0.9203560 
0.9177197 
0.9174792 
0.9187779 
0.9192213 
0.9233981 
0.9269560 
0.9288012 
0.9245591 
0.9174678 
0.9180778 
0.9213813 
0.9228771 
0.9205047 
0.9173842 
0.9153555 
0.9142008 
0.9122483 
0.9104756 
0.9076270 
0.9073654 
0.9096917 
0.9110740 
0.9123808 
0.9125306 
0.9100271 
0.9093201 
0.9083483 
0.9058912 
0.9047146 
0.9057535 
0.9040967 
0.9022161 
0.8997006 
0.9008253 
0.9019869 
0.8976592 
0.8986418 
0.8953308 
0.8946730 
0.8915865 
0.8899020 
0.8883257 
0.8879869 
0.8886365 
0.8914018 
0.8926401 
0.8955834 
0.8907337 
0.8909743 
0.8907564 
0.8950641 
0.8950715 
0.8940143 
0.8912335 
0.8924173 
0.8949317 
0.8952461 
0.8962634 
0.8960798 
0.8946500 
0.8918433 
0.8849357 
0.8821564 
0.8832231 
0.8830584 
0.8840004 
0.8889219 
0.8888703 
0.8917995 
0.8903878 
0.8861992 
0.8856703 
0.8843467 
0.8830189 
0.8834946 
0.8813226 
0.8771252 
0.8802661 
0.8825252 
0.8806155 
0.8797360 
0.8765954 
0.8743164 
0.8728693 
0.8688139 
0.8680112 
0.8689887 
0.8674883 
0.8663561 
0.8615468 
0.8617721 
0.8656426 
0.8678141 
0.8659069 
0.8657356 
0.8675010 
0.8686536 
0.8651539 
0.8660458 
0.8653596 
0.8635820 
0.8603322 
0.8603274 
0.8593967 
0.8575320 
0.8580583 
0.8569314 
0.8564553 
0.8587892 
0.8599451 
0.8549930 
0.8559234 
0.8534451 
0.8528367 
0.8502905 
0.8550098 
0.8543983 
0.8594054 
0.8578457 
0.8523214 
0.8534284 
0.8516261 
0.8563787 
0.8554120 
0.8557556 
0.8527356 
0.8502502 
0.8521340 
0.8498581 
0.8477692 
0.8472181 
0.8466166 
0.8437934 
0.8417323 
0.8414475 
0.8422039 
0.8363727 
0.8365027 
0.8367531 
0.8403030 
0.8444188 
0.8436113 
0.8387010 
0.8337628 
0.8353402 
0.8367476 
0.8390921 
0.8360733 
0.8355269 
0.8430738 
0.8469251 
0.8489354 
0.8419648 
0.8377979 
0.8390397 
0.8365401 
0.8339073 
0.8233175 
0.8272911 
0.8244511 
0.8259427 
0.8241126 
0.8259179 
0.8278993 
0.8280594 
0.8213310 
0.8207202 
0.8204955 
0.8227687 
0.8146802 
0.8200867 
0.8190121 
0.8181865 
0.8217981 
0.8156426 
0.8196563 
0.8140107 
0.8242126 
0.8164404 
0.8237340 
0.8188167 
0.8161806 
0.8186728 
0.8148108 
0.8132967 
0.8065807 
0.8115573 
0.8070385 
0.8043560 
0.8069074 
0.8062707 
0.8135937 
0.8157228 
0.8175237 
0.8185931 
0.8167864 
0.8168679 
0.8197682 
0.8163996 
0.8179887 
0.8175816 
0.8120776 
0.8106447 
0.7901876 
0.7909099 
0.7973528 
0.7964396 
0.7944746 
0.7948923 
0.7940246 
0.7917728 
0.7931414 
0.7919499 
0.7955994 
0.8007490 
0.7994380 
0.8029736 
0.8053520 
0.7983810 
0.8027374 
0.8047764 
0.8039282 
0.8004374 
0.8003576 
0.7973954 
0.7956631 
0.7844672 
0.7882339 
0.7838683 
0.7827755 
0.7827655 
0.7809381 
0.7818953 
0.7764211 
0.7806057 
0.7763611 
0.7804979 
0.7792842 
0.7755858 
0.7731387 
0.7817740 
0.7807720 
0.7772319 
0.7795889 
0.7759563 
0.7767119 
0.7724931 
0.7662471 
0.7674982 
0.7647064 
0.7648680 
0.7659924 
0.7620453 
0.7636132 
0.7666443 
0.7666426 
0.7653814 
0.7666467 
0.7709748 
0.7700384 
0.7684504 
0.7654939 
0.7708684 
0.7716398 
0.7719519 
0.7694113 
0.7631921 
0.7609664 
0.7638006 
0.7620854 
0.7663004 
0.7654085 
0.7627171 
0.7692657 
0.7687782 
0.7654198 
0.7629233 
0.7656369 
0.7623934 
0.7609158 
0.7619712 
0.7624032 
0.7633169 
0.7593388 
0.7565748 
0.7573047 
0.7628988 
0.7570063 
0.7593436 
0.7571046 
0.7592203 
0.7539814 
0.7514757 
0.7571793 
0.7582424 
0.7556653 
0.7505435 
0.7430891 
0.7453816 
0.7353521 
0.7377144 
0.7346820 
0.7294930 
0.7397928 
0.7370070 
0.7397871 
0.7437206 
0.7379035 
0.7447717 
0.7515827 
0.7456815 
0.7531570 
0.7431154 
0.7329770 
0.7424024 
0.7289554 
0.7333590 
0.7394137 
0.7296373 
0.7368497 
0.7314303 
0.7312888 
0.7377430 
0.7305224 
0.7258360 
0.7353312 
0.7284718 
0.7279004 
0.7317343 
0.7285954 
0.7350320 
0.7368861 
0.7362803 
0.7435444 
0.7419622 
0.7381704 
0.7443007 
0.7395649 
0.7305461 
0.7351034 
0.7345419 
0.7368623 
0.7345753 
0.7304232 
0.7318388 
0.7343440 
0.7246802 
0.7287535 
0.7307102 
0.7238560 
0.7248963 
0.7318691 
0.7250691 
0.7275366 
0.7288606 
0.7209531 
0.7158999 
0.7220408 
0.7176832 
0.7170629 
0.7169927 
0.7091359 
0.7016140 
0.7076104 
0.6999929 
0.6984407 
0.7033715 
0.7059182 
0.7180146 
0.7233700 
0.7276210 
0.7171722 
0.7143373 
0.7210923 
0.7136352 
0.7082626 
0.7084563 
0.7093101 
0.7052649 
0.7031681 
0.7082817 
0.7105393 
0.7054182 
0.7083029 
0.7117658 
0.7119656 
0.7136883 
0.7166927 
0.7135232 
0.7106719 
0.7125319 
0.7128639 
0.7139019 
0.7143693 
0.7120152 
0.7147660 
0.7181373 
0.7146870 
0.7170177 
0.7109211 
0.7080986 
0.7098627 
0.7109703 
0.7070028 
0.7058957 
0.7083108 
0.7121086 
0.7135357 
0.7138801 
0.7122221 
0.7133511 
0.7060527 
0.7075993 
0.7035056 
0.7047280 
0.7022837 
0.7086683 
0.7096104 
0.7069197 
0.7052859 
0.7030772 
0.7036132 
0.7028047 
0.7044325 
0.7036969 
0.7027233 
0.6983879 
0.6948418 
0.6883789 
0.6904499 
0.6943771 
0.6900842 
0.6867317 
0.6909113 
0.6862669 
0.6837066 
0.6788142 
0.6799857 
0.6794541 
0.6763188 
0.6747611 
0.6724126 
0.6714969 
0.6736222 
0.6752964 
0.6742692 
0.6684684 
0.6714430 
0.6764731 
0.6746217 
0.6709793 
0.6714314 
0.6724816 
0.6763637 
0.6775311 
0.6777472 
0.6722607 
0.6707292 
0.6725280 
0.6744094 
0.6767503 
0.6726478 
0.6693683 
0.6714191 
0.6729415 
0.6798411 
0.6781603 
0.6770776 
0.6778237 
0.6773051 
0.6810333 
0.6804842 
0.6772031 
0.6754961 
0.6711573 
0.6747982 
0.6788705 
0.6763492 
0.6728993 
0.6688931 
0.6724971 
0.6737584 
0.6715946 
0.6686364 
0.6634550 
0.6640891 
0.6644474 
0.6629297 
0.6637261 
0.6621136 
0.6565655 
0.6529779 
0.6519408 
0.6549535 
0.6534572 
0.6556809 
0.6474639 
0.6499438 
0.6488824 
0.6445215 
0.6421693 
0.6404441 
0.6408790 
0.6372348 
0.6348190 
0.6359376 
0.6386200 
0.6401115 
0.6349447 
0.6357923 
0.6336949 
0.6383325 
0.6383149 
0.6365888 
0.6330297 
0.6301061 
0.6288154 
0.6281747 
0.6322882 
0.6316241 
0.6328162 
0.6321720 
0.6300265 
0.6302299 
0.6289572 
0.6274579 
0.6248722 
0.6280909 
0.6251858 
0.6251489 
0.6263952 
0.6253941 
0.6223565 
0.6201967 
0.6214451 
0.6247156 
0.6249665 
0.6265199 
0.6289464 
0.6247823 
0.6279605 
0.6204878 
0.6201176 
0.6191218 
0.6172842 
0.6226459 
0.6261808 
0.6221742 
0.6237453 
0.6216496 
0.6192297 
0.6159644 
0.6181175 
0.6150902 
0.6181746 
0.6140187 
0.6135015 
0.6148216 
0.6135767 
0.6160043 
0.6150290 
0.6137346 
0.6141499 
0.6150002 
0.6146665 
0.6177853 
0.6113869 
0.6074603 
0.6127379 
0.6170328 
0.6151447 
0.6161137 
0.6234076 
0.6224199 
0.6193897 
0.6174324 
0.6151721 
0.6090491 
0.6066180 
0.5997180 
0.5959894 
0.5975877 
0.5954172 
0.6013186 
0.6089652 
0.6072470 
0.6033560 
0.5977788 
0.5941483 
0.5949097 
0.5963600 
0.5932176 
0.5926495 
0.5905322 
0.5890638 
0.5904490 
0.5854445 
0.5903866 
0.5930377 
0.5956322 
0.5966539 
0.5951427 
0.5973251 
0.5983971 
0.6000127 
0.5989994 
0.5938332 
0.5844220 
0.5814076 
0.5763969 
0.5811028 
0.5852376 
0.5819527 
0.5772358 
0.5826978 
0.5861275 
0.5843023 
0.5826877 
0.5813288 
0.5828844 
0.5869997 
0.5845350 
0.5785894 
0.5746182 
0.5762263 
0.5842362 
0.5807952 
0.5826702 
0.5817464 
0.5841877 
0.5765217 
0.5725861 
0.5713773 
0.5745300 
0.5731914 
0.5702383 
0.5714875 
0.5720103 
0.5751115 
0.5752337 
0.5716884 
0.5716092 
0.5708353 
0.5702727 
0.5684214 
0.5638445 
0.5634460 
0.5651508 
0.5644573 
0.5602656 
0.5679894 
0.5720176 
0.5691196 
0.5690323 
0.5625761 
0.5578735 
0.5606617 
0.5554592 
0.5572862 
0.5560366 
0.5570993 
0.5514630 
0.5482765 
0.5551587 
0.5584946 
0.5552621 
0.5554565 
0.5561134 
0.5544191 
0.5478780 
0.5470415 
0.5487886 
0.5471133 
0.5468609 
0.5433635 
0.5461597 
0.5481422 
0.5500414 
0.5516283 
0.5575203 
0.5575141 
0.5528866 
0.5502130 
0.5497115 
0.5472844 
0.5432613 
0.5430938 
0.5500995 
0.5529388 
0.5496200 
0.5496686 
0.5488970 
0.5519302 
0.5462200 
0.5468045 
0.5464570 
0.5485671 
0.5417377 
0.5368333 
0.5433723 
0.5399641 
0.5397513 
0.5415849 
0.5495701 
0.5440981 
0.5409806 
0.5389892 
0.5426316 
0.5446550 
0.5401151 
0.5305135 
0.5350604 
0.5258993 
0.5229967 
0.5256141 
0.5219126 
0.5197330 
0.5232211 
0.5289580 
0.5271078 
0.5260869 
0.5244368 
0.5234387 
0.5203995 
0.5164555 
0.5135067 
0.5154127 
0.5144894 
0.5160947 
0.5193762 
0.5119753 
0.5151162 
0.5136647 
0.5150706 
0.5144141 
0.5185359 
0.5190254 
0.5146146 
0.5117908 
0.5151758 
0.5165316 
0.5174544 
0.5125866 
0.5156684 
0.5153144 
0.5162199 
0.5158284 
0.5168098 
0.5179742 
0.5169433 
0.5143912 
0.5106737 
0.5105150 
0.5109694 
0.5094873 
0.5103675 
0.5115752 
0.5104121 
0.5104895 
0.5079120 
0.5123502 
0.5066669 
0.5131751 
0.5128737 
0.5120619 
0.5112706 
0.5133343 
0.5094965 
0.5117502 
0.5082320 
0.5108231 
0.5117014 
0.5087771 
0.5048105 
0.5127563 
0.5146887 
0.5114797 
0.5088132 
0.5030224 
0.5037377 
0.5016735 
0.4984018 
0.4953845 
0.4964685 
0.4978446 
0.4989358 
0.5005187 
0.5037386 
0.5006783 
0.4979687 
0.4997217 
0.4997722 
0.4998648 
0.5033046 
0.5038032 
0.4965755 
0.4939523 
0.4914523 
0.4879369 
0.4900030 
0.4956451 
0.4956373 
0.4938528 
0.4935839 
0.4942959 
0.4942505 
0.4915064 
0.4883945 
0.4916108 
0.4946071 
0.4928558 
0.4893861 
0.4888052 
0.4887269 
0.4843810 
0.4831199 
0.4842896 
0.4914172 
0.4947880 
0.4972865 
0.4949219 
0.4947706 
0.4915378 
0.4882924 
0.4853022 
0.4849766 
0.4816222 
0.4863129 
0.4907928 
0.4850065 
0.4869677 
0.4798550 
0.4781513 
0.4771355 
0.4752730 
0.4738315 
0.4712327 
0.4726555 
0.4701782 
0.4697388 
0.4700148 
0.4693635 
0.4667300 
0.4683497 
0.4623976 
0.4650517 
0.4627032 
0.4644450 
0.4691753 
0.4674253 
0.4625030 
0.4578999 
0.4565152 
0.4582963 
0.4611022 
0.4542510 
0.4565600 
0.4571279 
0.4566473 
0.4599534 
0.4582109 
0.4593103 
0.4595372 
0.4527055 
0.4506055 
0.4484406 
0.4487452 
0.4483997 
0.4507682 
0.4487950 
0.4514656 
0.4559247 
0.4556283 
0.4537073 
0.4546696 
0.4585556 
0.4625399 
0.4620560 
0.4593593 
0.4572896 
0.4514733 
0.4500351 
0.4526940 
0.4535298 
0.4528421 
0.4514284 
0.4538647 
0.4493276 
0.4468300 
0.4525658 
0.4545967 
0.4534278 
0.4480757 
0.4471186 
0.4492255 
0.4439267 
0.4400547 
0.4394247 
0.4409493 
0.4421812 
0.4481399 
0.4450126 
0.4491032 
0.4478046 
0.4440432 
0.4425773 
0.4411412 
0.4392606 
0.4420589 
0.4380438 
0.4423647 
0.4417775 
0.4402010 
0.4341358 
0.4333830 
0.4293047 
0.4316321 
0.4343436 
0.4383324 
0.4363663 
0.4334897 
0.4342963 
0.4239893 
0.4139733 
0.4107129 
0.4170568 
0.4242754 
0.4254808 
0.4252027 
0.4274071 
0.4219836 
0.4180641 
0.4173226 
0.4155707 
0.4096439 
0.4112681 
0.4125807 
0.4149382 
0.4128196 
0.4132476 
0.4103262 
0.4075154 
0.4038265 
0.4070897 
0.4135917 
0.4202247 
0.4171618 
0.4127720 
0.4147846 
0.4091011 
0.4022704 
0.3996004 
0.4007109 
0.4026376 
0.4035442 
0.4077154 
0.4048113 
0.4030909 
0.3998227 
0.4001421 
0.3983777 
0.3985382 
0.3992063 
0.4014197 
0.4011707 
0.4002597 
0.3940657 
0.3975216 
0.3989809 
0.3998266 
0.3977131 
0.3998046 
0.4009987 
0.3992342 
0.3981124 
0.3933007 
0.3930231 
0.3966197 
0.3965302 
0.4008478 
0.4017141 
0.4019768 
0.3961217 
0.3993511 
0.4041093 
0.4105131 
0.4150938 
0.4111611 
0.4044515 
0.4014719 
0.4001716 
0.3967891 
0.3945514 
0.3973071 
0.4009944 
0.4053766 
0.4005652 
0.3934532 
0.3905860 
0.3930350 
0.3939069 
0.3959222 
0.3927781 
0.3919471 
0.3875296 
0.3885291 
0.3831059 
0.3850989 
0.3889531 
0.3949414 
0.3952287 
0.3863829 
0.3787781 
0.3750168 
0.3780157 
0.3831075 
0.3856261 
0.3844851 
0.3807602 
0.3815222 
0.3840717 
0.3844822 
0.3847345 
0.3889006 
0.3891192 
0.3887287 
0.3795473 
0.3766149 
0.3772772 
0.3782392 
0.3713742 
0.3770792 
0.3770679 
0.3802225 
0.3764185 
0.3804879 
0.3810362 
0.3863107 
0.3853748 
0.3880257 
0.3799735 
0.3764694 
0.3725066 
0.3722350 
0.3726879 
0.3681027 
0.3670903 
0.3702793 
0.3691935 
0.3682880 
0.3737957 
0.3759724 
0.3785279 
0.3748295 
0.3734597 
0.3713067 
0.3728057 
0.3679059 
0.3661022 
0.3640104 
0.3640777 
0.3667451 
0.3648283 
0.3722557 
0.3786889 
0.3707440 
0.3662320 
0.3643601 
0.3616903 
0.3586613 
0.3596399 
0.3560134 
0.3564690 
0.3524234 
0.3523007 
0.3579041 
0.3619459 
0.3616523 
0.3542684 
0.3501024 
0.3444122 
0.3394609 
0.3340472 
0.3268707 
0.3288818 
0.3288557 
0.3300531 
0.3303676 
0.3317757 
0.3322782 
0.3329604 
0.3341018 
0.3326262 
0.3295964 
0.3262343 
0.3317649 
0.3297944 
0.3275553 
0.3236237 
0.3246619 
0.3254329 
0.3326802 
0.3384361 
0.3421445 
0.3431802 
0.3419244 
0.3386040 
0.3377275 
0.3313683 
0.3309826 
0.3268949 
0.3289030 
0.3312158 
0.3343806 
0.3392468 
0.3426442 
0.3481651 
0.3522360 
0.3518161 
0.3535160 
0.3546153 
0.3539636 
0.3484319 
0.3378433 
0.3344330 
0.3332238 
0.3289382 
0.3410761 
0.3405958 
0.3421922 
0.3437129 
0.3408767 
0.3383360 
0.3314217 
0.3256126 
0.3179153 
0.3101738 
0.3084418 
0.3072739 
0.3094362 
0.3085306 
0.3109407 
0.3127823 
0.3147552 
0.3143291 
0.3171288 
0.3240499 
0.3278119 
0.3276974 
0.3274030 
0.3240186 
0.3141943 
0.3118656 
0.3098399 
0.3092722 
0.3121607 
0.3178115 
0.3224813 
0.3245153 
0.3244768 
0.3210693 
0.3161979 
0.3181463 
0.3211825 
0.3207951 
0.3239687 
0.3261498 
0.3266175 
0.3238062 
0.3191244 
0.3158357 
0.3093543 
0.3066048 
0.3041262 
0.3054823 
0.3052844 
0.3040487 
0.3061063 
0.3032347 
0.3015537 
0.3020380 
0.3026500 
0.2984160 
0.3003055 
0.3024964 
0.2998691 
0.3016948 
0.3040572 
0.3046252 
0.3017716 
0.2979578 
0.2927116 
0.2853490 
0.2860200 
0.2814366 
0.2829667 
0.2858953 
0.2864356 
0.2861499 
0.2828631 
0.2860779 
0.2813130 
0.2800009 
0.2799657 
0.2760130 
0.2771335 
0.2775466 
0.2783526 
0.2776033 
0.2813717 
0.2807918 
0.2809720 
0.2812166 
0.2824775 
0.2789559 
0.2716632 
0.2713459 
0.2746446 
0.2746165 
0.2716995 
0.2722632 
0.2747824 
0.2772831 
0.2815045 
0.2861877 
0.2846347 
0.2878126 
0.2860279 
0.2825550 
0.2810012 
0.2798555 
0.2822461 
0.2822721 
0.2796122 
0.2749043 
0.2667171 
0.2644564 
0.2633139 
0.2602488 
0.2597479 
0.2625625 
0.2644442 
0.2683289 
0.2769151 
0.2764195 
0.2743254 
0.2731785 
0.2749740 
0.2725258 
0.2700851 
0.2663022 
0.2613783 
0.2617625 
0.2615983 
0.2620862 
0.2678318 
0.2630145 
0.2593410 
0.2623975 
0.2650941 
0.2671478 
0.2687875 
0.2683099 
0.2707641 
0.2717873 
0.2665039 
0.2620326 
0.2597928 
0.2579782 
0.2559866 
0.2544359 
0.2472990 
0.2479462 
0.2486266 
0.2513638 
0.2522011 
0.2501936 
0.2474078 
0.2399057 
0.2306995 
0.2360536 
0.2395579 
0.2368297 
0.2379622 
0.2395775 
0.2373036 
0.2390507 
0.2380658 
0.2420570 
0.2450469 
0.2460033 
0.2397958 
0.2411635 
0.2401778 
0.2407500 
0.2405062 
0.2395614 
0.2394261 
0.2386843 
0.2381456 
0.2416248 
0.2419993 
0.2404851 
0.2429234 
0.2451343 
0.2429185 
0.2424666 
0.2448538 
0.2423110 
0.2464413 
0.2445822 
0.2438934 
0.2452345 
0.2456687 
0.2467882 
0.2410374 
0.2438653 
0.2427905 
0.2374730 
0.2366433 
0.2322729 
0.2342387 
0.2312429 
0.2339898 
0.2353714 
0.2341545 
0.2351960 
0.2345193 
0.2364633 
0.2369709 
0.2398020 
0.2364971 
0.2436776 
0.2505389 
0.2573425 
0.2549169 
0.2549380 
0.2492892 
0.2452147 
0.2393463 
0.2401186 
0.2390776 
0.2355358 
0.2369099 
0.2356885 
0.2316929 
0.2269221 
0.2285655 
0.2252106 
0.2218217 
0.2189345 
0.2211737 
0.2226510 
0.2233041 
0.2239060 
0.2256782 
0.2257819 
0.2281929 
0.2271835 
0.2260858 
0.2249100 
0.2224642 
0.2158214 
0.2168246 
0.2137762 
0.2145014 
0.2160625 
0.2122905 
0.2099576 
0.2118643 
0.2090092 
0.2071183 
0.2048971 
0.2058910 
0.2057186 
0.2083125 
0.2084114 
0.2098887 
0.2113645 
0.2104580 
0.2079568 
0.2064898 
0.2039639 
0.2050840 
0.2048576 
0.2013529 
0.2031166 
0.2061571 
0.2052377 
0.2066839 
0.2065669 
0.2080873 
0.2057161 
0.2077333 
0.2095445 
0.2076109 
0.2078546 
0.2056341 
0.2041566 
0.2073395 
0.2070405 
0.2077031 
0.2082469 
0.2084298 
0.2038170 
0.2026045 
0.2028450 
0.2049837 
0.2014765 
0.2038271 
0.2018467 
0.2061316 
0.2044944 
0.2049066 
0.2015838 
0.1960643 
0.1959752 
0.1951631 
0.1966975 
0.1967814 
0.2003262 
0.2040666 
0.2049168 
0.2002504 
0.2025488 
0.2019770 
0.2022261 
0.1966717 
0.1965100 
0.1910767 
0.1897365 
0.1867631 
0.1890681 
0.1919390 
0.1889190 
0.1906998 
0.1916807 
0.1848270 
0.1820171 
0.1815083 
0.1824428 
0.1789221 
0.1766425 
0.1737685 
0.1780436 
0.1772551 
0.1752928 
0.1782575 
0.1777186 
0.1766244 
0.1816775 
0.1784567 
0.1788117 
0.1733870 
0.1702600 
0.1638240 
0.1634476 
0.1649310 
0.1651223 
0.1679509 
0.1698910 
0.1743616 
0.1706497 
0.1710916 
0.1693626 
0.1728833 
0.1732575 
0.1749042 
0.1702744 
0.1665095 
0.1685633 
0.1698064 
0.1706379 
0.1678403 
0.1710311 
0.1705308 
0.1728898 
0.1726277 
0.1765181 
0.1749684 
0.1620318 
0.1613334 
0.1636251 
0.1608836 
0.1603413 
0.1561338 
0.1566533 
0.1555424 
0.1640308 
0.1687980 
0.1688841 
0.1659768 
0.1656139 
0.1652362 
0.1601029 
0.1580234 
0.1584600 
0.1488591 
0.1479409 
0.1467134 
0.1447716 
0.1522311 
0.1559096 
0.1535014 
0.1533547 
0.1459406 
0.1475398 
0.1485597 
0.1498514 
0.1532400 
0.1535771 
0.1581279 
0.1555086 
0.1530838 
0.1558673 
0.1595697 
0.1590598 
0.1586627 
0.1565660 
0.1549671 
0.1549067 
0.1493757 
0.1440760 
0.1472323 
0.1449419 
0.1486671 
0.1499173 
0.1503849 
0.1474021 
0.1499867 
0.1527827 
0.1551801 
0.1568739 
0.1559347 
0.1462034 
0.1424684 
0.1419973 
0.1365862 
0.1369685 
0.1365713 
0.1341781 
0.1374374 
0.1382103 
0.1358040 
0.1368164 
0.1434557 
0.1451098 
0.1452599 
0.1462407 
0.1475554 
0.1462817 
0.1398594 
0.1409887 
0.1434347 
0.1379043 
0.1374097 
0.1366653 
0.1375659 
0.1390284 
0.1392097 
0.1342690 
0.1353305 
0.1364919 
0.1303983 
0.1274499 
0.1244114 
0.1251340 
0.1246328 
0.1288789 
0.1265225 
0.1307903 
0.1320280 
0.1316337 
0.1312305 
0.1253090 
0.1263905 
0.1251698 
0.1225508 
0.1193580 
0.1243958 
0.1258204 
0.1283750 
0.1266217 
0.1264405 
0.1219681 
0.1254050 
0.1273708 
0.1298177 
0.1303153 
0.1300933 
0.1282123 
0.1252462 
0.1232108 
0.1166527 
0.1139209 
0.1123128 
0.1096311 
0.1108234 
0.1162405 
0.1240492 
0.1288608 
0.1256550 
0.1240405 
0.1206199 
0.1179704 
0.1170133 
0.1186633 
0.1181678 
0.1194769 
0.1140010 
0.1104425 
0.1113623 
0.1144800 
0.1131161 
0.1096242 
0.1110458 
0.1084252 
0.1073496 
0.1060393 
0.1003140 
0.0991728 
0.1042030 
0.1035297 
0.1037549 
0.1045025 
0.1050266 
0.1046798 
0.1041510 
0.1016626 
0.1044491 
0.1024895 
0.1035659 
0.1036666 
0.1035159 
0.1060190 
0.1080644 
0.1066031 
0.1066619 
0.1110410 
0.1114697 
0.1102518 
0.1091763 
0.1053582 
0.1037903 
0.1019735 
0.0992730 
0.0954457 
0.0948103 
0.0926478 
0.0921161 
0.0957112 
0.0957633 
0.0966442 
0.0972653 
0.0946210 
0.0949631 
0.0959361 
0.0965404 
0.1004501 
0.1064656 
0.1135425 
0.1160417 
0.1145795 
0.1124590 
0.1020735 
0.0843086 
0.0835906 
0.0866996 
0.0854953 
0.0831362 
0.0815093 
0.0869277 
0.0859442 
0.0861010 
0.0869637 
0.0868628 
0.0862273 
0.0848485 
0.0815524 
0.0808427 
0.0813897 
0.0788724 
0.0785229 
0.0799959 
0.0851877 
0.0854710 
0.0889200 
0.0938230 
0.0899789 
0.0889150 
0.0881087 
0.0852892 
0.0883643 
0.0876708 
0.0817179 
0.0805670 
0.0841574 
0.0839273 
0.0789048 
0.0735402 
0.0734401 
0.0700323 
0.0696016 
0.0711475 
0.0738755 
0.0750759 
0.0733052 
0.0767139 
0.0773114 
0.0797759 
0.0777866 
0.0756563 
0.0734859 
0.0767777 
0.0755752 
0.0812933 
0.0822798 
0.0796495 
0.0739590 
0.0709582 
0.0699598 
0.0654983 
0.0661973 
0.0683759 
0.0711712 
0.0690125 
0.0658640 
0.0643242 
0.0611543 
0.0583756 
0.0598391 
0.0610141 
0.0677505 
0.0704683 
0.0674682 
0.0680593 
0.0663159 
0.0590523 
0.0595533 
0.0595246 
0.0645419 
0.0652918 
0.0672983 
0.0655514 
0.0603404 
0.0599948 
0.0576889 
0.0533994 
0.0533707 
0.0570449 
0.0588866 
0.0659223 
0.0649706 
0.0623638 
0.0604695 
0.0559842 
0.0522801 
0.0563267 
0.0584252 
0.0588243 
0.0636747 
0.0587568 
0.0515336 
0.0474682 
0.0475238 
0.0523989 
0.0540886 
0.0573610 
0.0586558 
0.0577808 
0.0516640 
0.0460043 
0.0442866 
0.0443276 
0.0469677 
0.0469343 
0.0489774 
0.0537292 
0.0494036 
0.0420631 
0.0360968 
0.0334581 
0.0371012 
0.0419414 
0.0488705 
0.0448549 
0.0446347 
0.0416228 
0.0370695 
0.0361536 
0.0410535 
0.0440803 
0.0444400 
0.0440287 
0.0405588 
0.0400023 
0.0362861 
0.0344089 
0.0355391 
0.0373049 
0.0371591 
0.0355734 
0.0340111 
0.0347436 
0.0341329 
0.0314105 
0.0325364 
0.0351015 
0.0358734 
0.0310788 
0.0274833 
0.0277400 
0.0278532 
0.0294740 
0.0307188 
0.0295404 
0.0283664 
0.0296006 
0.0271348 
0.0284517 
0.0331983 
0.0342899 
0.0312124 
0.0279657 
0.0243882 
0.0210487 
0.0182509 
0.0192787 
0.0152914 
0.0176333 
0.0297331 
0.0295436 
0.0341700 
0.0381054 
0.0352787 
0.0324393 
0.0359316 
0.0325315 
0.0302529 
0.0305333 
0.0314516 
0.0287699 
0.0237799 
0.0261359 
0.0200733 
0.0203012 
0.0203367 
0.0185853 
0.0115679 
0.0107576 
0.0152890 
0.0133511 
0.0121661 
0.0115514 
0.0081677 
0.0074293 
0.0091195 
0.0127968 
0.0086741 
0.0033406 
0.0049166 
0.0000928 
0.0000000 
0.0076573 
0.0101298 
0.0096396 
0.0087494 
0.0093853 
0.0070170 
0.0069326 
0.0095003 
0.0081970 
0.0070881 
0.0041294 
0.0087624 
