-0.0000199 
0.0000829 
-0.0000091 
-0.0660574 
0.1020815 
0.1239532 
0.9879988 
0.9739326 
0.9819653 
0.9863579 
0.9824211 
0.9978503 
1.0000000 
0.9910912 
0.9787194 
0.9918274 
0.9960244 
0.9882975 
0.9666020 
0.9451468 
0.9392775 
0.9484498 
0.9553857 
0.9647895 
0.9618570 
0.9678690 
0.9571305 
0.9630236 
0.9476426 
0.9450415 
0.9569240 
0.9670117 
0.9574961 
0.9453425 
0.9430204 
0.9424948 
0.9424825 
0.9511577 
0.9536444 
0.9425147 
0.9474361 
0.9436425 
0.9363386 
0.9361117 
0.9240173 
0.9155027 
0.9213910 
0.9435280 
0.9435442 
0.9328982 
0.9206669 
0.9216619 
0.9238859 
0.9329361 
0.9300494 
0.9279582 
0.9099489 
0.9281259 
0.9366488 
0.9306883 
0.9173031 
0.9027174 
0.8979148 
0.9112630 
0.9336665 
0.9388213 
0.9401277 
0.9393526 
0.9356261 
0.9308888 
0.9400672 
0.9519608 
0.9575485 
0.9426270 
0.9307752 
0.9184531 
0.9172058 
0.9309811 
0.9368112 
0.9492392 
0.9464966 
0.9432870 
0.9342777 
0.9274038 
0.9224563 
0.9248687 
0.9137246 
0.8956644 
0.8800470 
0.8741934 
0.8751605 
0.8662276 
0.8617578 
0.8586466 
0.8594303 
0.8580260 
0.8464492 
0.8413057 
0.8473647 
0.8472128 
0.8474386 
0.8438583 
0.8349526 
0.8435795 
0.8492443 
0.8593835 
0.8498818 
0.8365870 
0.8319455 
0.8352153 
0.8498117 
0.8651622 
0.8775173 
0.8773798 
0.8721432 
0.8716630 
0.8774321 
0.8723034 
0.8720223 
0.8684889 
0.8554311 
0.8514731 
0.8546728 
0.8700107 
0.8694926 
0.8751066 
0.8819282 
0.8849747 
0.8891724 
0.8994207 
0.9010572 
0.9051534 
0.9056595 
0.8966336 
0.9048128 
0.9000528 
0.9057232 
0.9005152 
0.8963290 
0.8958531 
0.8927449 
0.8843410 
0.8619239 
0.8476678 
0.8430622 
0.8450535 
0.8585456 
0.8567502 
0.8566719 
0.8534340 
0.8315827 
0.8233995 
0.8124230 
0.8112215 
0.8079874 
0.8198241 
0.8183030 
0.8154959 
0.8206923 
0.8302558 
0.8269707 
0.8243102 
0.8155302 
0.8154053 
0.8193234 
0.8156702 
0.8183060 
0.8277876 
0.8311217 
0.8286342 
0.8298646 
0.8241246 
0.8150809 
0.8163794 
0.8278478 
0.8332842 
0.8443763 
0.8520496 
0.8634242 
0.8587185 
0.8526144 
0.8436245 
0.8344305 
0.8335246 
0.8254906 
0.8368091 
0.8446942 
0.8445386 
0.8423274 
0.8330992 
0.8339608 
0.8460731 
0.8354599 
0.8207691 
0.8139946 
0.8130763 
0.8224788 
0.8314662 
0.8318426 
0.8397608 
0.8315972 
0.8315225 
0.8285933 
0.8248739 
0.8237699 
0.8283807 
0.8369889 
0.8452800 
0.8489638 
0.8324150 
0.8215774 
0.8176756 
0.8132110 
0.7945651 
0.7768506 
0.7943073 
0.8060164 
0.8080690 
0.8002236 
0.8013303 
0.7975710 
0.7949550 
0.7890339 
0.7901020 
0.7973901 
0.8125233 
0.8146323 
0.8173837 
0.8097577 
0.8066950 
0.8047028 
0.8031980 
0.8040597 
0.8008536 
0.8072056 
0.8183899 
0.8218042 
0.8154642 
0.8115787 
0.8023698 
0.7946849 
0.7841253 
0.7768810 
0.7750262 
0.7762372 
0.7833007 
0.7852060 
0.7747269 
0.7800733 
0.7802698 
0.7958594 
0.7925080 
0.7817039 
0.7829420 
0.7812269 
0.7811161 
0.7942819 
0.8056911 
0.8047434 
0.8069591 
0.7998763 
0.7945474 
0.7941405 
0.7992776 
0.8034909 
0.8115231 
0.8149426 
0.8160293 
0.8242915 
0.8165336 
0.8094476 
0.8093445 
0.8040159 
0.8016638 
0.8099509 
0.8092941 
0.8047382 
0.8048651 
0.8047591 
0.8073725 
0.8135189 
0.8141421 
0.8142559 
0.8196764 
0.8186266 
0.8128932 
0.8222759 
0.8157567 
0.8049956 
0.7972704 
0.7934886 
0.8018095 
0.8110853 
0.8154563 
0.8198607 
0.8226886 
0.8338324 
0.8240840 
0.8203299 
0.8167326 
0.8214971 
0.8334589 
0.8325274 
0.8330904 
0.8227089 
0.8184281 
0.8187796 
0.8175508 
0.8086997 
0.8164180 
0.8159307 
0.8175127 
0.8220782 
0.8265453 
0.8246614 
0.8111458 
0.7964219 
0.7852513 
0.7879107 
0.7880540 
0.7853404 
0.7844912 
0.7803198 
0.7776815 
0.7892432 
0.8069366 
0.7992113 
0.7999093 
0.8018181 
0.8172033 
0.8099763 
0.8061862 
0.7866301 
0.7734304 
0.7698388 
0.7803040 
0.7900451 
0.7890089 
0.7820896 
0.7784804 
0.7785472 
0.7808895 
0.7903916 
0.7916951 
0.7893104 
0.7887991 
0.7854659 
0.7809234 
0.7801604 
0.7876456 
0.7894445 
0.7957831 
0.7985077 
0.7822205 
0.7687740 
0.7615673 
0.7501212 
0.7639063 
0.7735594 
0.7774642 
0.7680553 
0.7646071 
0.7592967 
0.7638415 
0.7838110 
0.7790780 
0.7739691 
0.7584276 
0.7520419 
0.7473735 
0.7471533 
0.7484336 
0.7377558 
0.7304875 
0.7433612 
0.7599497 
0.7752107 
0.7726593 
0.7606470 
0.7445287 
0.7498121 
0.7691258 
0.7822178 
0.7805691 
0.7641875 
0.7450040 
0.7521923 
0.7624310 
0.7764090 
0.7769483 
0.7658061 
0.7519800 
0.7633653 
0.7828850 
0.8027614 
0.8114568 
0.8097796 
0.7874594 
0.7857188 
0.7891183 
0.8018565 
0.7975962 
0.7910853 
0.7868160 
0.7844853 
0.7832247 
0.7839504 
0.7805911 
0.7793231 
0.7758912 
0.7891897 
0.7975341 
0.8113277 
0.8012209 
0.7955423 
0.8009016 
0.7945440 
0.7948785 
0.7881165 
0.7864379 
0.7775844 
0.7677829 
0.7682501 
0.7712684 
0.7677075 
0.7700000 
0.7689014 
0.7654132 
0.7573072 
0.7544570 
0.7578162 
0.7609874 
0.7717037 
0.7699877 
0.7616139 
0.7541039 
0.7510800 
0.7561940 
0.7602737 
0.7732659 
0.7693170 
0.7588558 
0.7573462 
0.7540760 
0.7608547 
0.7556015 
0.7562754 
0.7527008 
0.7469630 
0.7376987 
0.7243328 
0.7169647 
0.7220637 
0.7344884 
0.7335219 
0.7332841 
0.7348198 
0.7405640 
0.7570220 
0.7568506 
0.7643330 
0.7534883 
0.7440232 
0.7505320 
0.7477357 
0.7528256 
0.7415989 
0.7476087 
0.7521900 
0.7568735 
0.7530466 
0.7460645 
0.7378407 
0.7338672 
0.7494935 
0.7551025 
0.7474924 
0.7373192 
0.7333058 
0.7344603 
0.7385978 
0.7505930 
0.7505965 
0.7362258 
0.7304172 
0.7278918 
0.7237656 
0.7219591 
0.7436478 
0.7537159 
0.7542850 
0.7360959 
0.7247214 
0.7191055 
0.7282085 
0.7478142 
0.7459896 
0.7413604 
0.7197080 
0.7114544 
0.7077147 
0.7121649 
0.7083193 
0.7081608 
0.7119947 
0.7195777 
0.7189961 
0.7218475 
0.7320562 
0.7343677 
0.7432260 
0.7424844 
0.7518197 
0.7488422 
0.7562334 
0.7641111 
0.7552480 
0.7551228 
0.7540996 
0.7556986 
0.7542391 
0.7442631 
0.7405976 
0.7451819 
0.7502795 
0.7506875 
0.7561851 
0.7474795 
0.7418698 
0.7428694 
0.7427071 
0.7354553 
0.7449720 
0.7430009 
0.7574975 
0.7676279 
0.7608867 
0.7571627 
0.7578587 
0.7523226 
0.7479829 
0.7497681 
0.7414257 
0.7396428 
0.7328166 
0.7296906 
0.7375250 
0.7535638 
0.7510918 
0.7465021 
0.7461956 
0.7332803 
0.7337080 
0.7348309 
0.7410619 
0.7336552 
0.7279989 
0.7220430 
0.7245325 
0.7284014 
0.7210749 
0.7185710 
0.7157355 
0.7204278 
0.7126757 
0.7073842 
0.7019290 
0.6922696 
0.6972283 
0.7038379 
0.7144972 
0.7097161 
0.7031968 
0.6990818 
0.7003343 
0.7051988 
0.6902924 
0.7020099 
0.7113635 
0.7105093 
0.7086240 
0.6967670 
0.6911671 
0.6848688 
0.6873926 
0.6845377 
0.6966279 
0.7184047 
0.7299128 
0.7231099 
0.7220345 
0.7087370 
0.7038780 
0.7002338 
0.6948876 
0.6988077 
0.6989331 
0.7009974 
0.6946901 
0.6882164 
0.6927324 
0.6981191 
0.6984981 
0.6927275 
0.6923363 
0.6949878 
0.6951124 
0.6922890 
0.6803085 
0.6847251 
0.6824507 
0.6870258 
0.6763984 
0.6746671 
0.6743230 
0.6722947 
0.6617931 
0.6574761 
0.6587866 
0.6675202 
0.6883549 
0.6880041 
0.6741629 
0.6713710 
0.6669911 
0.6661314 
0.6585386 
0.6646518 
0.6696012 
0.6721397 
0.6713421 
0.6656246 
0.6620297 
0.6623746 
0.6596038 
0.6612959 
0.6806539 
0.6882453 
0.6893237 
0.6933780 
0.6851542 
0.6691643 
0.6639933 
0.6480114 
0.6548789 
0.6675369 
0.6655804 
0.6626674 
0.6637544 
0.6637497 
0.6585807 
0.6558877 
0.6449650 
0.6357104 
0.6371938 
0.6493530 
0.6589164 
0.6573507 
0.6527114 
0.6461671 
0.6363829 
0.6376544 
0.6318610 
0.6405940 
0.6401753 
0.6496436 
0.6584024 
0.6643609 
0.6618596 
0.6389733 
0.6366683 
0.6432326 
0.6530107 
0.6614313 
0.6575714 
0.6589882 
0.6557849 
0.6568746 
0.6602170 
0.6555773 
0.6429563 
0.6465202 
0.6577663 
0.6624643 
0.6597863 
0.6585181 
0.6669163 
0.6602626 
0.6519067 
0.6579176 
0.6605316 
0.6588803 
0.6538054 
0.6446315 
0.6550293 
0.6628593 
0.6661888 
0.6696925 
0.6873915 
0.6764614 
0.6851480 
0.6640085 
0.6607321 
0.6623491 
0.6580582 
0.6499435 
0.6511080 
0.6461935 
0.6492578 
0.6564878 
0.6722380 
0.6724463 
0.6781958 
0.6678450 
0.6539701 
0.6384863 
0.6173843 
0.6142874 
0.6163492 
0.6123900 
0.6295767 
0.6412458 
0.6444442 
0.6415354 
0.6441856 
0.6369897 
0.6233246 
0.6272115 
0.6234004 
0.6244266 
0.6206866 
0.6290295 
0.6454807 
0.6395888 
0.6288907 
0.6258484 
0.6408769 
0.6338931 
0.6199291 
0.6100757 
0.6104348 
0.6106434 
0.6113459 
0.6210251 
0.6308710 
0.6320360 
0.6319452 
0.6429658 
0.6476433 
0.6431509 
0.6473608 
0.6484886 
0.6392535 
0.6301042 
0.6274850 
0.6330262 
0.6319781 
0.6280854 
0.6255000 
0.6303741 
0.6310918 
0.6274379 
0.6202896 
0.6262440 
0.6375964 
0.6457548 
0.6472510 
0.6499096 
0.6458755 
0.6512931 
0.6483583 
0.6315544 
0.6190261 
0.6172931 
0.6167368 
0.6086249 
0.6131704 
0.6197401 
0.6370706 
0.6454634 
0.6445592 
0.6426710 
0.6439642 
0.6272544 
0.6225333 
0.6154064 
0.6165500 
0.6209961 
0.6426139 
0.6534418 
0.6414134 
0.6403159 
0.6367859 
0.6469085 
0.6423889 
0.6404373 
0.6410256 
0.6380663 
0.6406178 
0.6367589 
0.6330015 
0.6256512 
0.6171040 
0.6187776 
0.6266335 
0.6254030 
0.6397432 
0.6451892 
0.6396457 
0.6385626 
0.6443140 
0.6393968 
0.6369069 
0.6269748 
0.6229630 
0.6184841 
0.6210849 
0.6118931 
0.6029589 
0.6011154 
0.5989367 
0.5966752 
0.6035784 
0.6060958 
0.5997550 
0.6097798 
0.6131403 
0.5994253 
0.6018319 
0.6102973 
0.6080929 
0.6117167 
0.6121541 
0.6157564 
0.6073877 
0.5944705 
0.5908770 
0.5973344 
0.6004399 
0.6055022 
0.5948901 
0.5983362 
0.6021030 
0.6064501 
0.6017353 
0.6069887 
0.6081880 
0.6065068 
0.6007473 
0.5996911 
0.6123855 
0.6191379 
0.6229096 
0.6172617 
0.6172723 
0.6191285 
0.6117447 
0.6127975 
0.6260099 
0.6221744 
0.6218709 
0.6230718 
0.6266443 
0.6285148 
0.6333914 
0.6387851 
0.6372536 
0.6350331 
0.6407976 
0.6368126 
0.6385076 
0.6405974 
0.6305268 
0.6230095 
0.6266647 
0.6260205 
0.6227163 
0.6090313 
0.6023915 
0.6069546 
0.6139701 
0.6067071 
0.5952509 
0.5997130 
0.6107395 
0.5998042 
0.5983462 
0.5933647 
0.5995429 
0.6023459 
0.5896803 
0.5830325 
0.5776489 
0.5782405 
0.5817308 
0.5869190 
0.5915057 
0.5830250 
0.5904808 
0.5862455 
0.5846501 
0.5853717 
0.5805961 
0.5854430 
0.5852806 
0.5784083 
0.5730295 
0.5739971 
0.5840134 
0.5865841 
0.5875685 
0.5820593 
0.5790356 
0.5701966 
0.5692003 
0.5548592 
0.5608078 
0.5574039 
0.5615547 
0.5673772 
0.5664048 
0.5629507 
0.5670328 
0.5693574 
0.5736085 
0.5788926 
0.5750556 
0.5913643 
0.5983079 
0.5987159 
0.5907598 
0.5973618 
0.5917518 
0.5993290 
0.5918819 
0.5848462 
0.5724914 
0.5674495 
0.5644350 
0.5636353 
0.5599102 
0.5512791 
0.5523318 
0.5509857 
0.5488711 
0.5496837 
0.5545865 
0.5625200 
0.5722840 
0.5790834 
0.5886126 
0.5907271 
0.5896201 
0.5882729 
0.5889267 
0.5868619 
0.5809439 
0.5838100 
0.5834556 
0.5882482 
0.5842368 
0.5795632 
0.5725190 
0.5691234 
0.5691256 
0.5744653 
0.5676982 
0.5689699 
0.5598843 
0.5553257 
0.5495302 
0.5533405 
0.5473664 
0.5609814 
0.5607028 
0.5569475 
0.5567344 
0.5605796 
0.5495892 
0.5582492 
0.5563299 
0.5678723 
0.5844843 
0.5951885 
0.5923080 
0.5987232 
0.5915689 
0.5899655 
0.5842644 
0.5762465 
0.5805992 
0.5749519 
0.5774237 
0.5683626 
0.5616361 
0.5571466 
0.5539971 
0.5551517 
0.5518745 
0.5569498 
0.5537083 
0.5455998 
0.5387580 
0.5302470 
0.5275288 
0.5154567 
0.5207670 
0.5236153 
0.5269358 
0.5230587 
0.5234481 
0.5257192 
0.5242520 
0.5303392 
0.5384917 
0.5423018 
0.5494841 
0.5606842 
0.5631367 
0.5754355 
0.5704282 
0.5650275 
0.5667338 
0.5690421 
0.5693045 
0.5662603 
0.5621576 
0.5573866 
0.5499191 
0.5312816 
0.5284387 
0.5201242 
0.5178914 
0.5098036 
0.4964462 
0.5014816 
0.5020966 
0.5022749 
0.5125576 
0.5191706 
0.5286294 
0.5316322 
0.5364985 
0.5393678 
0.5393911 
0.5399472 
0.5375902 
0.5379168 
0.5489277 
0.5534610 
0.5567382 
0.5592892 
0.5505165 
0.5471862 
0.5470329 
0.5521139 
0.5555703 
0.5606735 
0.5558591 
0.5471180 
0.5401108 
0.5212062 
0.5139136 
0.5093820 
0.5015873 
0.5089962 
0.5136687 
0.5183800 
0.5202040 
0.5248729 
0.5269498 
0.5343282 
0.5504664 
0.5515137 
0.5429169 
0.5442374 
0.5484092 
0.5457124 
0.5468991 
0.5391834 
0.5419058 
0.5346423 
0.5327658 
0.5402741 
0.5438246 
0.5389044 
0.5380353 
0.5419151 
0.5293053 
0.5166878 
0.5185249 
0.5123451 
0.5126418 
0.5062124 
0.5054224 
0.5127752 
0.5161612 
0.5152239 
0.5165199 
0.5213118 
0.5218129 
0.5218909 
0.5291479 
0.5305534 
0.5257606 
0.5212442 
0.5165031 
0.5151142 
0.5059747 
0.5106077 
0.5159894 
0.5265477 
0.5309677 
0.5316706 
0.5287115 
0.5226836 
0.5242176 
0.5213132 
0.5138498 
0.5128502 
0.5043069 
0.5005550 
0.5006877 
0.5004603 
0.5048402 
0.5110628 
0.5071517 
0.5097891 
0.5188030 
0.5311063 
0.5343902 
0.5312670 
0.5290779 
0.5222977 
0.5160436 
0.5200784 
0.5149964 
0.5146393 
0.5159096 
0.5154410 
0.5180548 
0.5200617 
0.5080497 
0.5010868 
0.4971323 
0.4977506 
0.5038227 
0.5018426 
0.4961472 
0.4891636 
0.4859011 
0.4844903 
0.4876029 
0.4859316 
0.4816965 
0.4877077 
0.4951588 
0.4988930 
0.5037976 
0.5069422 
0.5137922 
0.5110353 
0.5107917 
0.5119653 
0.5138845 
0.5135467 
0.5180274 
0.5109872 
0.5078968 
0.5071413 
0.5023805 
0.5095278 
0.5118709 
0.5141480 
0.5066540 
0.4965512 
0.4870201 
0.4839921 
0.4922597 
0.4989014 
0.5062422 
0.5068388 
0.5105586 
0.5084774 
0.5065618 
0.5069597 
0.5093284 
0.5063634 
0.5042778 
0.4981415 
0.4930999 
0.4836251 
0.4788590 
0.4765580 
0.4835544 
0.4906508 
0.4907433 
0.4895653 
0.5094701 
0.5171754 
0.5221240 
0.5193853 
0.5183558 
0.5103070 
0.5079568 
0.5054868 
0.5070464 
0.4984103 
0.5053701 
0.5039032 
0.5073980 
0.5093082 
0.5111619 
0.5098232 
0.5056469 
0.5029205 
0.4933609 
0.4859650 
0.5008392 
0.4997027 
0.5006860 
0.5024621 
0.4982983 
0.5005784 
0.5028342 
0.4989162 
0.4907123 
0.4850073 
0.4739563 
0.4571979 
0.4514951 
0.4534528 
0.4595058 
0.4576929 
0.4690086 
0.4701097 
0.4713034 
0.4758584 
0.4766835 
0.4743208 
0.4690280 
0.4733652 
0.4658403 
0.4686944 
0.4647687 
0.4705272 
0.4665279 
0.4625544 
0.4547798 
0.4563473 
0.4626732 
0.4605235 
0.4665808 
0.4581392 
0.4571195 
0.4607394 
0.4564420 
0.4640871 
0.4634757 
0.4693972 
0.4707237 
0.4737886 
0.4830491 
0.4803899 
0.4788485 
0.4712722 
0.4721575 
0.4744899 
0.4692733 
0.4658905 
0.4599451 
0.4547310 
0.4503729 
0.4468033 
0.4462956 
0.4413854 
0.4372616 
0.4366885 
0.4418706 
0.4424975 
0.4500152 
0.4451206 
0.4442168 
0.4397289 
0.4305408 
0.4208771 
0.4247389 
0.4251300 
0.4308127 
0.4337742 
0.4381850 
0.4479094 
0.4468245 
0.4477560 
0.4454507 
0.4433660 
0.4402098 
0.4413586 
0.4344820 
0.4333950 
0.4348663 
0.4359727 
0.4420613 
0.4501021 
0.4548335 
0.4542212 
0.4581543 
0.4572640 
0.4592514 
0.4611118 
0.4587611 
0.4558324 
0.4559296 
0.4613135 
0.4694828 
0.4677079 
0.4594982 
0.4488483 
0.4401608 
0.4358194 
0.4342645 
0.4299440 
0.4269114 
0.4305239 
0.4276954 
0.4387038 
0.4489926 
0.4525268 
0.4515147 
0.4454385 
0.4393544 
0.4385029 
0.4349348 
0.4280406 
0.4236968 
0.4207713 
0.4169176 
0.4182355 
0.4178126 
0.4250852 
0.4197363 
0.4115509 
0.4072385 
0.4123332 
0.4139109 
0.4185228 
0.4292323 
0.4296777 
0.4235227 
0.4249703 
0.4191749 
0.4259482 
0.4273276 
0.4207601 
0.4185088 
0.4127454 
0.4063650 
0.4078619 
0.4091686 
0.3971726 
0.3854294 
0.3808161 
0.3753982 
0.3736136 
0.3744264 
0.3816194 
0.3870834 
0.3932174 
0.3899402 
0.3982163 
0.4055323 
0.3995568 
0.3988884 
0.4081442 
0.4226061 
0.4282807 
0.4316885 
0.4298394 
0.4239864 
0.4146665 
0.4139316 
0.4116102 
0.4166986 
0.4238798 
0.4187212 
0.4070166 
0.3987807 
0.3972812 
0.3937618 
0.3914048 
0.3907614 
0.3821516 
0.3838705 
0.3863047 
0.3890946 
0.3951705 
0.3915065 
0.3978552 
0.4056057 
0.4070439 
0.3996456 
0.3933966 
0.3944462 
0.4022440 
0.4132590 
0.4240826 
0.4291530 
0.4273206 
0.4194965 
0.4081709 
0.3932985 
0.3924014 
0.4005272 
0.4021537 
0.3955509 
0.3882842 
0.3937029 
0.3953591 
0.3944151 
0.4031754 
0.4069839 
0.4133508 
0.4093040 
0.4051672 
0.4021288 
0.4112681 
0.4104922 
0.4085176 
0.4023579 
0.4015713 
0.3996613 
0.3922841 
0.3932545 
0.3953130 
0.3988625 
0.3846602 
0.3847589 
0.3854455 
0.3890200 
0.3949499 
0.4031644 
0.4061320 
0.4086576 
0.4104928 
0.4152811 
0.4126224 
0.4104742 
0.4097142 
0.4155040 
0.4147550 
0.4141076 
0.4132354 
0.4166876 
0.4159037 
0.4120798 
0.4080900 
0.3948944 
0.3972068 
0.3962539 
0.3848864 
0.3935268 
0.3850846 
0.3903870 
0.3887534 
0.3959729 
0.3979375 
0.4036580 
0.4180033 
0.4181734 
0.4111142 
0.4029652 
0.3923518 
0.3888699 
0.3879336 
0.3896584 
0.3843393 
0.3861544 
0.3853330 
0.3881748 
0.3817795 
0.3914172 
0.3962204 
0.4083087 
0.4099349 
0.4155701 
0.4169221 
0.4080327 
0.3984425 
0.3932035 
0.3887400 
0.3944192 
0.4005715 
0.4128114 
0.4158393 
0.4136100 
0.4060597 
0.3960238 
0.3906040 
0.3937583 
0.4002839 
0.3910820 
0.3929274 
0.3882467 
0.3872882 
0.3876241 
0.3893078 
0.3982457 
0.4060962 
0.4127175 
0.4199498 
0.4204622 
0.4329503 
0.4301680 
0.4278250 
0.4212996 
0.4300306 
0.4311445 
0.4342620 
0.4273402 
0.4192486 
0.4116171 
0.4068895 
0.3963952 
0.3913209 
0.3931980 
0.3976982 
0.3992311 
0.4067286 
0.4046310 
0.4055039 
0.3987805 
0.3976796 
0.3970115 
0.3913348 
0.4097680 
0.4174367 
0.4236875 
0.4181868 
0.4198382 
0.4147285 
0.4027066 
0.4030952 
0.3993151 
0.4008538 
0.4118918 
0.4201337 
0.4244309 
0.4188514 
0.4120585 
0.3973925 
0.3867276 
0.3654653 
0.3740754 
0.3824236 
0.3862919 
0.3888856 
0.3930192 
0.3838182 
0.3873021 
0.3943993 
0.3929633 
0.3906382 
0.4066249 
0.4089948 
0.4143273 
0.4144433 
0.4185668 
0.4127200 
0.3929730 
0.3772059 
0.3782971 
0.3739773 
0.3691557 
0.3761232 
0.3830019 
0.3857289 
0.3886392 
0.3931976 
0.3881443 
0.3879337 
0.3887910 
0.3998033 
0.4082234 
0.4020407 
0.4033629 
0.4024708 
0.4129667 
0.4191855 
0.4232182 
0.4192707 
0.4242139 
0.4297804 
0.4241492 
0.4325977 
0.4430021 
0.4396270 
0.4334936 
0.4286082 
0.4158714 
0.4116285 
0.4095352 
0.4094885 
0.4080290 
0.4209635 
0.4169236 
0.4004092 
0.4028724 
0.4195838 
0.4300197 
0.4388092 
0.4498784 
0.4460666 
0.4461548 
0.4438916 
0.4431649 
0.4332308 
0.4387457 
0.4416525 
0.4339940 
0.4265847 
0.4304750 
0.4295886 
0.4281820 
0.4362025 
0.4388141 
0.4429873 
0.4360760 
0.4307057 
0.4289924 
0.4322149 
0.4342007 
0.4361659 
0.4337783 
0.4331474 
0.4406297 
0.4352852 
0.4270269 
0.4267918 
0.4250588 
0.4265560 
0.4291688 
0.4287152 
0.4169991 
0.4110918 
0.4090561 
0.4059642 
0.4058076 
0.4050431 
0.4093953 
0.4061701 
0.4052659 
0.4146470 
0.4254782 
0.4203807 
0.4101880 
0.3969588 
0.3955589 
0.4090789 
0.4123074 
0.4080309 
0.4012160 
0.3909215 
0.3782589 
0.3820983 
0.3813178 
0.3799159 
0.3833461 
0.3891118 
0.3962083 
0.4022163 
0.4020942 
0.3955108 
0.3868548 
0.3844933 
0.3842420 
0.3863039 
0.3912687 
0.3951816 
0.3969046 
0.3994292 
0.3987710 
0.4016108 
0.4043494 
0.4075455 
0.4170755 
0.4188333 
0.4215034 
0.4242436 
0.4258730 
0.4235784 
0.4255467 
0.4218464 
0.4210291 
0.4171299 
0.4250541 
0.4158713 
0.4110505 
0.4073441 
0.4080956 
0.4001700 
0.4037687 
0.4104541 
0.4219716 
0.4376934 
0.4428531 
0.4518781 
0.4492502 
0.4533721 
0.4523143 
0.4532040 
0.4512798 
0.4559220 
0.4512017 
0.4501872 
0.4589959 
0.4635069 
0.4564084 
0.4504924 
0.4516972 
0.4554426 
0.4507526 
0.4454189 
0.4399902 
0.4326229 
0.4287193 
0.4219477 
0.4268486 
0.4243625 
0.4204623 
0.4298809 
0.4430938 
0.4684662 
0.4719402 
0.4756670 
0.4762473 
0.4501635 
0.4098779 
0.4103725 
0.4096309 
0.4023684 
0.3961546 
0.3882838 
0.3864997 
0.3831448 
0.3848325 
0.3896743 
0.3803227 
0.3754698 
0.3723078 
0.3734934 
0.3690890 
0.3644620 
0.3542158 
0.3447337 
0.3356048 
0.3356862 
0.3306781 
0.3437309 
0.3501230 
0.3480130 
0.3560743 
0.3651207 
0.3687964 
0.3850470 
0.3887103 
0.3933232 
0.4012739 
0.4055670 
0.4128055 
0.4172195 
0.4240339 
0.4222203 
0.4189150 
0.4171181 
0.4157623 
0.4203113 
0.4281723 
0.4317199 
0.4404889 
0.4418965 
0.4541821 
0.4537789 
0.4472514 
0.4449115 
0.4451412 
0.4370139 
0.4345787 
0.4343632 
0.4253371 
0.4195369 
0.4296674 
0.4339519 
0.4356192 
0.4477369 
0.4530730 
0.4524616 
0.4507439 
0.4559258 
0.4638980 
0.4583173 
0.4513403 
0.4411322 
0.4300217 
0.4311553 
0.4269574 
0.4235654 
0.4327843 
0.4416876 
0.4307217 
0.4316106 
0.4211428 
0.4073541 
0.3961314 
0.3829720 
0.3684499 
0.3570480 
0.3515049 
0.3446990 
0.3391552 
0.3487749 
0.3565849 
0.3606802 
0.3784871 
0.3874411 
0.3979017 
0.4096710 
0.4148767 
0.4222219 
0.4270193 
0.4369637 
0.4468903 
0.4467868 
0.4458438 
0.4328623 
0.4255055 
0.4204168 
0.4342581 
0.4316981 
0.4329643 
0.4252148 
0.4101579 
0.3941863 
0.3805644 
0.3867044 
0.3911920 
0.3929530 
0.3894070 
0.3793989 
0.3717309 
0.3644731 
0.3649828 
0.3687555 
0.3676208 
0.3800955 
0.3931583 
0.4153560 
0.4263852 
0.4327877 
0.4442180 
0.4491169 
0.4621145 
0.4773575 
0.4855595 
0.4720311 
0.4541021 
0.4491631 
0.4525449 
0.4626536 
0.4778659 
0.4809215 
0.4646126 
0.4513796 
0.4336943 
0.4197516 
0.4249909 
0.4336486 
0.4396890 
0.4229264 
0.3901331 
0.3679400 
0.3657462 
0.3658395 
0.3670105 
0.3691627 
0.3691304 
0.3666155 
0.3699186 
0.3706906 
0.3695066 
0.3692079 
0.3839192 
0.4118031 
0.4391169 
0.4490795 
0.4235844 
0.3875909 
0.3639865 
0.3768028 
0.4073078 
0.4372728 
0.4415434 
0.4381883 
0.4154724 
0.3922102 
0.3835518 
0.3941375 
0.4241031 
0.4401374 
0.4267630 
0.3809239 
0.3432041 
0.3378617 
0.3362609 
0.3359886 
0.3375457 
0.3387092 
0.3466945 
0.3516252 
0.3635179 
0.3746895 
0.3929910 
0.4193690 
0.4436295 
0.4845585 
0.5081151 
0.4860917 
0.4345166 
0.3962968 
0.3867597 
0.4170083 
0.4466033 
0.4666914 
0.4556391 
0.4332840 
0.3976707 
0.3750210 
0.3781153 
0.4191784 
0.4616141 
0.4578532 
0.4052266 
0.3469906 
0.3022080 
0.2793591 
0.2738248 
0.2798573 
0.2780399 
0.2885089 
0.2954715 
0.2965460 
0.3022673 
0.3087521 
0.3267946 
0.3614859 
0.3998512 
0.4434031 
0.4886251 
0.4798733 
0.4299515 
0.3828714 
0.3835499 
0.4080513 
0.4554762 
0.4908498 
0.5004092 
0.4787070 
0.4383066 
0.3981710 
0.3899154 
0.4044425 
0.4431121 
0.4799257 
0.4721232 
0.4215132 
0.3474376 
0.3116405 
0.2995623 
0.2928164 
0.2890348 
0.2951887 
0.2991361 
0.3045761 
0.3125915 
0.3175310 
0.3252584 
0.3470107 
0.3705693 
0.4009518 
0.4416925 
0.4904352 
0.5117749 
0.4966049 
0.4549006 
0.4147101 
0.3888269 
0.3950600 
0.4170952 
0.4404521 
0.4527591 
0.4496918 
0.4335346 
0.4119775 
0.4045464 
0.4071457 
0.4263555 
0.4505327 
0.4478857 
0.4156505 
0.3696870 
0.3217826 
0.2864238 
0.2670180 
0.2533241 
0.2501770 
0.2610634 
0.2669168 
0.2758586 
0.2864461 
0.2952255 
0.3072987 
0.3197547 
0.3365938 
0.3621981 
0.3973292 
0.4299851 
0.4511618 
0.4501137 
0.4425314 
0.4384115 
0.4267880 
0.4145867 
0.4087560 
0.4105386 
0.4133172 
0.4249456 
0.4214686 
0.4131028 
0.3990533 
0.3970084 
0.3966082 
0.3843626 
0.3728092 
0.3695978 
0.3653753 
0.3751665 
0.3807666 
0.3589148 
0.3252820 
0.3053194 
0.2993475 
0.3019464 
0.3016723 
0.3110825 
0.3204349 
0.3268481 
0.3292991 
0.3440059 
0.3621769 
0.3758828 
0.3860696 
0.3875257 
0.3865283 
0.3883633 
0.4122461 
0.4486552 
0.4712512 
0.4647019 
0.4268244 
0.3841569 
0.3658674 
0.3668573 
0.3928961 
0.4238340 
0.4411944 
0.4532428 
0.4492153 
0.4150033 
0.3706735 
0.3411953 
0.3339369 
0.3688821 
0.4181012 
0.4380505 
0.4428716 
0.4277913 
0.3796477 
0.3478770 
0.3397501 
0.3443271 
0.3507658 
0.3600696 
0.3649477 
0.3770219 
0.3811790 
0.3924604 
0.3957890 
0.3921946 
0.3844319 
0.3809192 
0.3828317 
0.3962573 
0.4210319 
0.4609065 
0.4979969 
0.4999948 
0.4636685 
0.4193822 
0.3822233 
0.3734698 
0.3868147 
0.4169672 
0.4472717 
0.4612005 
0.4559391 
0.4337079 
0.4152506 
0.3959933 
0.3807114 
0.3750024 
0.3751594 
0.3905188 
0.4185172 
0.4278444 
0.4176683 
0.3887397 
0.3474246 
0.3291595 
0.3298342 
0.3250103 
0.3265599 
0.3221297 
0.3194275 
0.3141050 
0.3101906 
0.3191940 
0.3336370 
0.3456124 
0.3642803 
0.3782146 
0.3904654 
0.3944647 
0.4137538 
0.4369773 
0.4568935 
0.4810077 
0.4849536 
0.4675604 
0.4397044 
0.4124855 
0.3964903 
0.3999388 
0.4014102 
0.4095232 
0.4209401 
0.4249391 
0.4269471 
0.4137590 
0.4079089 
0.3912890 
0.3863780 
0.3900334 
0.3934460 
0.4041184 
0.4102825 
0.3998318 
0.3734921 
0.3380689 
0.3105462 
0.2931667 
0.2871900 
0.2805036 
0.2805604 
0.2756150 
0.2759985 
0.2847983 
0.3006979 
0.3032500 
0.3111218 
0.3229296 
0.3360469 
0.3450680 
0.3594087 
0.3717986 
0.3875803 
0.4056261 
0.4298775 
0.4341211 
0.4357418 
0.4308614 
0.4158335 
0.3996019 
0.3896616 
0.3848775 
0.4010790 
0.4149478 
0.4228389 
0.4303750 
0.4334403 
0.4254105 
0.4122486 
0.3995721 
0.3855254 
0.3801459 
0.3827776 
0.3979107 
0.4134751 
0.4131810 
0.3960009 
0.3636764 
0.3257844 
0.2941254 
0.2861957 
0.2888533 
0.3024815 
0.3096068 
0.3027568 
0.3038986 
0.3096967 
0.3109176 
0.3132399 
0.3071713 
0.3123677 
0.3177525 
0.3160971 
0.3278321 
0.3431259 
0.3563894 
0.3696227 
0.3994895 
0.4214726 
0.4457962 
0.4543056 
0.4368013 
0.4069204 
0.3691336 
0.3491174 
0.3452867 
0.3567581 
0.3727794 
0.3875561 
0.3990761 
0.3951261 
0.3915172 
0.3838688 
0.3686526 
0.3450521 
0.3259177 
0.3205656 
0.3235458 
0.3374016 
0.3591616 
0.3705303 
0.3735041 
0.3511382 
0.3103724 
0.2842868 
0.2805898 
0.2753318 
0.2903218 
0.2916716 
0.2934837 
0.2942910 
0.2977416 
0.3048739 
0.3035696 
0.3006678 
0.3111360 
0.3175141 
0.3267379 
0.3382408 
0.3511447 
0.3617390 
0.3719154 
0.3904840 
0.4187313 
0.4387710 
0.4450307 
0.4459786 
0.4291040 
0.3947720 
0.3624242 
0.3399790 
0.3302299 
0.3451271 
0.3677810 
0.4009664 
0.4326039 
0.4338294 
0.4296503 
0.4115574 
0.3830385 
0.3515813 
0.3119223 
0.2862158 
0.2867559 
0.3019372 
0.3327510 
0.3689721 
0.3939604 
0.4049849 
0.3979207 
0.3703196 
0.3380269 
0.3099802 
0.2882242 
0.2815726 
0.2857988 
0.2787066 
0.2804551 
0.2858679 
0.2896953 
0.3023303 
0.3011524 
0.3052852 
0.3151304 
0.3211317 
0.3353162 
0.3441767 
0.3569690 
0.3603442 
0.3538816 
0.3523807 
0.3584353 
0.3645671 
0.3931113 
0.4213341 
0.4446046 
0.4405568 
0.4328802 
0.4106182 
0.3837681 
0.3748027 
0.3742801 
0.3816834 
0.3869213 
0.3986184 
0.4099778 
0.4079717 
0.4084656 
0.3918800 
0.3815004 
0.3756932 
0.3673461 
0.3661425 
0.3709356 
0.3743872 
0.3792053 
0.3839703 
0.3660739 
0.3467591 
0.3330785 
0.3058461 
0.2835325 
0.2577475 
0.2409934 
0.2242203 
0.2291286 
0.2373143 
0.2394144 
0.2360740 
0.2286554 
0.2269212 
0.2194672 
0.2348971 
0.2454025 
0.2541911 
0.2636575 
0.2639940 
0.2745033 
0.2753613 
0.2912075 
0.3076388 
0.3242701 
0.3493224 
0.3777780 
0.4142473 
0.4514667 
0.4675593 
0.4756475 
0.4487710 
0.4100917 
0.3660514 
0.3411274 
0.3193055 
0.3097203 
0.3227927 
0.3460853 
0.3747548 
0.3965986 
0.4158353 
0.4260880 
0.4288492 
0.4200370 
0.4066843 
0.3831902 
0.3578397 
0.3303994 
0.2960601 
0.2754701 
0.2684341 
0.2786883 
0.3092536 
0.3376114 
0.3583959 
0.3747053 
0.3792128 
0.3666935 
0.3524345 
0.3299868 
0.3049915 
0.2780537 
0.2509987 
0.2385153 
0.2261371 
0.2265285 
0.2290470 
0.2372996 
0.2353809 
0.2407005 
0.2414927 
0.2362783 
0.2327746 
0.2388539 
0.2444113 
0.2555354 
0.2600507 
0.2674112 
0.2697303 
0.2687310 
0.2716195 
0.2790301 
0.2936912 
0.2995148 
0.3168020 
0.3259961 
0.3327567 
0.3488068 
0.3586314 
0.3686348 
0.3927184 
0.4106454 
0.4292236 
0.4356920 
0.4413439 
0.4326342 
0.4176142 
0.4013429 
0.3729004 
0.3503337 
0.3351409 
0.3198181 
0.3185087 
0.3220908 
0.3328515 
0.3459476 
0.3523248 
0.3649992 
0.3668341 
0.3752440 
0.3754894 
0.3767185 
0.3739899 
0.3662611 
0.3537571 
0.3326830 
0.3132518 
0.2982947 
0.2924639 
0.2928148 
0.2924713 
0.2945735 
0.3005984 
0.3083649 
0.3217412 
0.3321872 
0.3350524 
0.3425360 
0.3424560 
0.3334881 
0.3176807 
0.3140080 
0.2992689 
0.2949059 
0.2907231 
0.2796938 
0.2682832 
0.2577861 
0.2542398 
0.2479187 
0.2408485 
0.2428909 
0.2441471 
0.2419813 
0.2431328 
0.2537243 
0.2514646 
0.2521016 
0.2535308 
0.2583146 
0.2596361 
0.2684456 
0.2769182 
0.2725548 
0.2746246 
0.2824738 
0.2825959 
0.2760606 
0.2784078 
0.2918199 
0.3062797 
0.3165052 
0.3285965 
0.3394146 
0.3563430 
0.3600872 
0.3674227 
0.3823848 
0.3878736 
0.3889288 
0.3881267 
0.3991573 
0.3949561 
0.3947513 
0.3792251 
0.3671539 
0.3564343 
0.3522041 
0.3470958 
0.3410221 
0.3489724 
0.3430932 
0.3363061 
0.3437163 
0.3528810 
0.3628989 
0.3613947 
0.3555102 
0.3531542 
0.3411587 
0.3343620 
0.3193176 
0.3106666 
0.3112653 
0.3033669 
0.2949105 
0.2872635 
0.2685541 
0.2527393 
0.2464154 
0.2405599 
0.2394198 
0.2458277 
0.2541441 
0.2562041 
0.2655016 
0.2692213 
0.2595851 
0.2640452 
0.2497597 
0.2335734 
0.2198029 
0.2002730 
0.1913841 
0.1811251 
0.1624170 
0.1655362 
0.1702870 
0.1725335 
0.1817618 
0.1794219 
0.1690671 
0.1672637 
0.1586346 
0.1710308 
0.1782457 
0.1868747 
0.1965519 
0.1961794 
0.1992833 
0.2000403 
0.1927023 
0.2013608 
0.2009325 
0.2058317 
0.2231913 
0.2226229 
0.2213479 
0.2239812 
0.2219352 
0.2242308 
0.2262330 
0.2300700 
0.2427176 
0.2520536 
0.2576188 
0.2619943 
0.2713198 
0.2900137 
0.3109413 
0.3316889 
0.3500760 
0.3605118 
0.3633771 
0.3692763 
0.3684085 
0.3605451 
0.3478783 
0.3340369 
0.3162432 
0.2924428 
0.2738456 
0.2631338 
0.2564430 
0.2548774 
0.2525554 
0.2598422 
0.2637532 
0.2825602 
0.3013981 
0.3106950 
0.3108574 
0.3144211 
0.3162929 
0.3171093 
0.3136927 
0.3069051 
0.3014247 
0.2977379 
0.2893098 
0.2835284 
0.2716459 
0.2598180 
0.2515155 
0.2507789 
0.2424389 
0.2348027 
0.2368180 
0.2335540 
0.2379112 
0.2420051 
0.2519546 
0.2486094 
0.2545871 
0.2621061 
0.2788357 
0.2814076 
0.2835992 
0.2801295 
0.2712190 
0.2685499 
0.2658067 
0.2617151 
0.2469227 
0.2287221 
0.2134246 
0.2052439 
0.1943548 
0.1879793 
0.1802758 
0.1710552 
0.1709666 
0.1692624 
0.1649951 
0.1611404 
0.1627930 
0.1596768 
0.1558538 
0.1577497 
0.1470458 
0.1498263 
0.1459949 
0.1430823 
0.1423662 
0.1537150 
0.1621347 
0.1680276 
0.1830323 
0.2020396 
0.2270509 
0.2354598 
0.2171840 
0.2278226 
0.2415654 
0.2551240 
0.2693369 
0.2800630 
0.2945425 
0.3150517 
0.3257237 
0.3302143 
0.3369334 
0.3435043 
0.3459045 
0.3410168 
0.3415591 
0.3449400 
0.3390877 
0.3463151 
0.3479183 
0.3441634 
0.3430817 
0.3329742 
0.3237244 
0.3152492 
0.3046596 
0.2979275 
0.2951468 
0.2940090 
0.2926404 
0.2813284 
0.2786562 
0.2724934 
0.2561193 
0.2423079 
0.2386290 
0.2321428 
0.2335475 
0.2372092 
0.2333216 
0.2284573 
0.2262456 
0.2247846 
0.2222154 
0.2282972 
0.2302028 
0.2277493 
0.2242375 
0.2223536 
0.2167915 
0.2133491 
0.2195773 
0.2150454 
0.2044124 
0.2025320 
0.1995881 
0.2056321 
0.2074575 
0.2013694 
0.2040202 
0.1947850 
0.1933469 
0.1914439 
0.1865210 
0.1851502 
0.1798316 
0.1862317 
0.1912475 
0.2036079 
0.2024473 
0.2076105 
0.2078489 
0.2173804 
0.2190801 
0.2192491 
0.2225104 
0.2268967 
0.2278875 
0.2337376 
0.2310107 
0.2423798 
0.2451310 
0.2437192 
0.2568874 
0.2599859 
0.2615471 
0.2646504 
0.2776466 
0.2877678 
0.2868581 
0.2905636 
0.3029669 
0.3118875 
0.3144367 
0.3173986 
0.3202928 
0.3210848 
0.3214908 
0.3236628 
0.3296154 
0.3233539 
0.3168735 
0.3101885 
0.3062251 
0.2927691 
0.2842512 
0.2728805 
0.2502078 
0.2376296 
0.2266345 
0.2130161 
0.1992120 
0.1899547 
0.1832654 
0.1755337 
0.1740422 
0.1762965 
0.1788155 
0.1806361 
0.1843375 
0.1853133 
0.1903213 
0.1903378 
0.2072598 
0.2202091 
0.2226738 
0.2099410 
0.2028510 
0.2034939 
0.2036063 
0.2100334 
0.2107194 
0.2066520 
0.2059482 
0.2035911 
0.1994517 
0.2000065 
0.1968709 
0.1957107 
0.2004803 
0.2080015 
0.2127325 
0.2163405 
0.2143786 
0.2191722 
0.2240175 
0.2273560 
0.2393221 
0.2519911 
0.2678684 
0.2780089 
0.2809817 
0.2956581 
0.3046526 
0.3137203 
0.3211693 
0.3183569 
0.3163457 
0.3066424 
0.2995253 
0.2859533 
0.2621314 
0.2467563 
0.2287936 
0.2035881 
0.1927998 
0.1810441 
0.1720966 
0.1657012 
0.1626096 
0.1622315 
0.1556269 
0.1616752 
0.1770196 
0.1866069 
0.1959044 
0.1994763 
0.2102546 
0.2123344 
0.2150738 
0.2187384 
0.2266282 
0.2323278 
0.2353239 
0.2353650 
0.2442265 
0.2419156 
0.2460424 
0.2333901 
0.2288974 
0.2302531 
0.2301961 
0.2300998 
0.2298222 
0.2268965 
0.2231435 
0.2229511 
0.2170855 
0.2114717 
0.2051898 
0.1988545 
0.1949051 
0.1979608 
0.1897290 
0.1780647 
0.1790787 
0.1742875 
0.1576272 
0.1438868 
0.1431921 
0.1489396 
0.1488899 
0.1590607 
0.1700122 
0.1902537 
0.2118715 
0.2324674 
0.2522434 
0.2695055 
0.2873289 
0.3107107 
0.3211677 
0.3359230 
0.3471543 
0.3488365 
0.3466518 
0.3419580 
0.3235093 
0.2921184 
0.2699924 
0.2437615 
0.2195350 
0.1963415 
0.1774723 
0.1665251 
0.1695781 
0.1664835 
0.1534103 
0.1553361 
0.1600058 
0.1633952 
0.1675362 
0.1726758 
0.1796332 
0.1863450 
0.1863724 
0.1890991 
0.1949861 
0.1928885 
0.1955469 
0.1954313 
0.2075852 
0.2086534 
0.2039742 
0.2083911 
0.2116263 
0.2069249 
0.2110387 
0.2098110 
0.2080381 
0.2020270 
0.1972854 
0.2008339 
0.1965097 
0.1956482 
0.1917754 
0.1867425 
0.1797306 
0.1758629 
0.1692398 
0.1565477 
0.1509174 
0.1440939 
0.1373413 
0.1330672 
0.1362763 
0.1369407 
0.1417607 
0.1495120 
0.1653743 
0.1874861 
0.2100936 
0.2101381 
0.2197293 
0.2345075 
0.2418652 
0.2484947 
0.2577561 
0.2583726 
0.2542315 
0.2475564 
0.2450441 
0.2417783 
0.2435231 
0.2482835 
0.2583100 
0.2697820 
0.2737685 
0.2867217 
0.2987714 
0.3003086 
0.3031539 
0.2996601 
0.2947263 
0.2836717 
0.2699399 
0.2524134 
0.2329819 
0.2107451 
0.1881380 
0.1688734 
0.1508973 
0.1384900 
0.1328038 
0.1217226 
0.1202770 
0.1124059 
0.1055576 
0.0976100 
0.0936438 
0.0956120 
0.1021362 
0.0983710 
0.0863812 
0.0884144 
0.0912480 
0.0888372 
0.0969767 
0.0964750 
0.0949502 
0.0937952 
0.1020384 
0.1127806 
0.1205974 
0.1224633 
0.1232982 
0.1365826 
0.1423374 
0.1423493 
0.1457816 
0.1572639 
0.1589059 
0.1639085 
0.1843392 
0.1911823 
0.1936054 
0.2066606 
0.2181911 
0.2204014 
0.2334588 
0.2476521 
0.2676404 
0.2881557 
0.3074708 
0.3287471 
0.3459376 
0.3464507 
0.3448558 
0.3313472 
0.3181471 
0.3088850 
0.2805068 
0.2478587 
0.2337231 
0.2154399 
0.2043316 
0.1969381 
0.1944145 
0.1876782 
0.1804721 
0.1896714 
0.1875046 
0.1866773 
0.1939808 
0.1938155 
0.1950875 
0.1942216 
0.1901365 
0.1792416 
0.1717442 
0.1606376 
0.1463719 
0.1287407 
0.1099841 
0.1013109 
0.0969427 
0.0842668 
0.0785090 
0.0659914 
0.0568111 
0.0545379 
0.0443126 
0.0409394 
0.0353028 
0.0320644 
0.0258684 
0.0270099 
0.0202595 
0.0281495 
0.0371409 
0.0514488 
0.0766153 
0.1102595 
0.1542881 
0.1985959 
0.2467063 
0.2895374 
0.3317862 
0.3614369 
0.3834406 
0.3957306 
0.3881729 
0.3696931 
0.3437933 
0.3080301 
0.2722108 
0.2347250 
0.2026744 
0.1853378 
0.1630260 
0.1467729 
0.1421908 
0.1426351 
0.1483571 
0.1549894 
0.1535151 
0.1478888 
0.1524938 
0.1520521 
0.1495270 
0.1397126 
0.1321423 
0.1235365 
0.1172684 
0.1041178 
0.0946775 
0.0855206 
0.0836918 
0.0702356 
0.0705724 
0.0660533 
0.0687000 
0.0688351 
0.0727730 
0.0806250 
0.0758796 
0.0777618 
0.0900662 
0.0923759 
0.1037885 
0.1236001 
0.1417507 
0.1682647 
0.1942671 
0.2236340 
0.2502517 
0.2774279 
0.2982265 
0.3109766 
0.3160054 
0.3110498 
0.2953070 
0.2767918 
0.2484438 
0.2327452 
0.2193656 
0.2134815 
0.2017796 
0.1940265 
0.1828623 
0.1760491 
0.1695743 
0.1580368 
0.1448495 
0.1315635 
0.1237738 
0.1093495 
0.0930388 
0.0891260 
0.0784393 
0.0713662 
0.0728367 
0.0631349 
0.0534777 
0.0548991 
0.0473148 
0.0512789 
0.0529075 
0.0586298 
0.0574630 
0.0646070 
0.0735006 
0.0802934 
0.0859353 
0.1014081 
0.1105878 
0.1346347 
0.1598563 
0.1902283 
0.2163162 
0.2356312 
0.2497412 
0.2437245 
0.2397620 
0.2355483 
0.2255842 
0.2177297 
0.2067152 
0.1953079 
0.1904740 
0.1764223 
0.1614729 
0.1514378 
0.1420135 
0.1334899 
0.1284830 
0.1123698 
0.1012066 
0.0940616 
0.0863155 
0.0871697 
0.0849543 
0.0840949 
0.0842526 
0.0867475 
0.0844485 
0.0896252 
0.0878069 
0.0942369 
0.1016780 
0.1057229 
0.1182930 
0.1168526 
0.1168068 
0.1135638 
0.1098767 
0.1074742 
0.0981734 
0.0973570 
0.1011460 
0.1100905 
0.1488082 
0.1683793 
0.1919048 
0.2268224 
0.2516611 
0.2595502 
0.2486640 
0.2235185 
0.1832275 
0.1446085 
0.1007047 
0.0698029 
0.0573502 
0.0529379 
0.0601458 
0.0698345 
0.0632121 
0.0677763 
0.0652763 
0.0543121 
0.0507778 
0.0507752 
0.0344896 
0.0374769 
0.0323849 
0.0318757 
0.0390542 
0.0426791 
0.0505835 
0.0587838 
0.0724687 
0.0861126 
0.1006111 
0.1165662 
0.1277057 
0.1180990 
0.1185225 
0.1070667 
0.0961760 
0.0859664 
0.0744367 
0.0832606 
0.0973886 
0.1227086 
0.1510364 
0.1907294 
0.2233683 
0.2531500 
0.2681632 
0.2639395 
0.2487789 
0.2128763 
0.1647774 
0.1227465 
0.0837588 
0.0427711 
0.0187862 
0.0086405 
0.0093223 
0.0083981 
0.0183619 
0.0326422 
0.0392669 
0.0493188 
0.0531330 
0.0623555 
0.0573496 
0.0613838 
0.0656527 
0.0767977 
0.0891920 
0.1089668 
0.1174071 
0.1261294 
0.1279788 
0.1273062 
0.1181504 
0.1130175 
0.1048578 
0.0866907 
0.0733435 
0.0533047 
0.0450856 
0.0460606 
0.0380920 
0.0552372 
0.0772758 
0.0950830 
0.1221433 
0.1412289 
0.1487897 
0.1367238 
0.1270092 
0.1177761 
0.1075014 
0.0943528 
0.0893976 
0.0813344 
0.0753980 
0.0697342 
0.0641417 
0.0561334 
0.0474264 
0.0379514 
0.0313088 
0.0263015 
0.0292047 
0.0376106 
0.0542121 
0.0985763 
0.1359260 
0.1682943 
0.1905682 
0.2060383 
0.2010654 
0.1858250 
0.1640429 
0.1289859 
0.0997727 
0.0672802 
0.0546030 
0.0443923 
0.0314249 
0.0247151 
0.0203372 
0.0245305 
0.0342461 
0.0517844 
0.0736405 
0.0994429 
0.1102225 
0.1257324 
0.1252192 
0.1257987 
0.1243357 
0.1152133 
0.1035453 
0.1023996 
0.1035826 
0.1028305 
0.0963208 
0.0863295 
0.0820684 
0.0853260 
0.0837178 
0.0738886 
0.0859604 
0.1082977 
0.1443749 
0.1821392 
0.2167978 
0.2342718 
0.2315681 
0.2049716 
0.1643856 
0.1311458 
0.0889345 
0.0676823 
0.0403472 
0.0253530 
0.0244581 
0.0263715 
0.0218674 
0.0259443 
0.0269815 
0.0208620 
0.0213466 
0.0131518 
0.0201428 
0.0317184 
0.0443774 
0.0546388 
0.0675558 
0.0733004 
0.0767171 
0.0759620 
0.0868897 
0.0858725 
0.0769885 
0.0644744 
0.0524094 
0.0442465 
0.0371846 
0.0385725 
0.0541868 
0.0779455 
0.1273027 
0.1762287 
0.2253429 
0.2734251 
0.2782099 
0.2503355 
0.2051132 
0.1437382 
0.0905691 
0.0533756 
0.0244661 
0.0106144 
0.0093538 
0.0128551 
0.0159958 
0.0156613 
0.0230334 
0.0248450 
0.0205034 
0.0156125 
0.0191360 
0.0263481 
0.0371522 
0.0541351 
0.0783066 
0.0808784 
0.1008584 
0.1155158 
0.1186670 
0.1083450 
0.0996626 
0.0778113 
0.0533719 
0.0393691 
0.0374411 
0.0452056 
0.0630633 
0.1029290 
0.1572084 
0.1920418 
0.2175249 
0.2250161 
0.2033812 
0.1731463 
0.1421050 
0.1124293 
0.0806901 
0.0639796 
0.0533649 
0.0348572 
0.0270144 
0.0278942 
0.0217100 
0.0233044 
0.0169988 
0.0192203 
0.0088864 
0.0076506 
0.0030020 
0.0017618 
0.0052833 
0.0013330 
0.0000000 
0.0072260 
0.0200592 
0.0261404 
0.0278973 
0.0240855 
0.0309780 
0.0339827 
0.0374970 
0.0453352 
0.0616670 
0.0938258 
0.1182756 
0.1523654 
0.1737755 
0.1744248 
0.1624589 
0.1467174 
0.1262783 
0.1181452 
0.1080699 
0.0928159 
0.0693415 
0.0549983 
0.0481299 
0.0373600 
0.0298425 
0.0260265 
0.0196904 
0.0147184 
0.0124300 
0.0152832 
0.0190624 
0.0155213 
0.0082605 
0.0081526 
0.0175417 
0.0311501 
0.0695715 
0.0144857 
0.0108964 
0.0052537 
0.0056212 
0.0064197 
0.0157394 
0.0211564 
0.0367900 
0.0616859 
0.0820264 
0.1000896 
0.1166987 
0.1178994 
0.1220294 
0.1152153 
0.0931655 
0.0848429 
0.0753321 
0.0723344 
0.0668617 
0.0695102 
0.0776752 
0.0756536 
0.0782834 
0.0714490 
0.0624820 
0.0476605 
0.0433952 
0.0366333 
