-0.0001042 
-0.0001109 
0.0001571 
-0.5049281 
-0.1447493 
-0.3104092 
0.8544098 
0.8568235 
0.8516889 
0.8565417 
0.8641756 
0.8553292 
0.8493912 
0.8662598 
0.8569524 
0.8633124 
0.8860980 
0.8856399 
0.8780773 
0.8886753 
0.8867011 
0.8829609 
0.8947633 
0.8882694 
0.8748521 
0.8852426 
0.8829760 
0.8768619 
0.8618268 
0.8480376 
0.8561487 
0.8497054 
0.8519068 
0.8554892 
0.8626027 
0.8600986 
0.8555786 
0.8574374 
0.8639499 
0.8648295 
0.8723643 
0.8816984 
0.8856189 
0.8808477 
0.8760473 
0.8802530 
0.8777002 
0.8748915 
0.8908161 
0.8880545 
0.8975929 
0.8904074 
0.8778499 
0.8816017 
0.8710760 
0.8568960 
0.8496782 
0.8425523 
0.8214138 
0.8122783 
0.8121050 
0.8104493 
0.8071558 
0.8070282 
0.8180840 
0.8181884 
0.8065528 
0.8010244 
0.8016778 
0.8043622 
0.8032629 
0.7960866 
0.8116531 
0.8033223 
0.8004084 
0.8146656 
0.8161257 
0.8365042 
0.8376594 
0.8147483 
0.8105616 
0.8184283 
0.8007947 
0.8103499 
0.8037550 
0.7932778 
0.8024501 
0.7904828 
0.7836220 
0.7765228 
0.7861725 
0.7952442 
0.8088071 
0.8210307 
0.8255438 
0.8468044 
0.8521648 
0.8536711 
0.8611762 
0.8603282 
0.8600496 
0.8704348 
0.8613871 
0.8717389 
0.8780152 
0.8769329 
0.8737896 
0.8731684 
0.8718353 
0.8657374 
0.8622600 
0.8580797 
0.8548039 
0.8445686 
0.8376891 
0.8314188 
0.8373366 
0.8231006 
0.8269892 
0.8106516 
0.8074836 
0.8004527 
0.7834725 
0.7784668 
0.7586448 
0.7426768 
0.7409499 
0.7151644 
0.7010725 
0.6817293 
0.6762519 
0.6700997 
0.6617469 
0.6517685 
0.6541928 
0.6702287 
0.6718736 
0.6675737 
0.6786786 
0.7000850 
0.6903052 
0.6860912 
0.6798536 
0.6735001 
0.6764521 
0.6907010 
0.6980713 
0.6866899 
0.6791066 
0.6748427 
0.6691300 
0.6603757 
0.6472735 
0.6378752 
0.6273556 
0.6219130 
0.6231422 
0.6367317 
0.6333085 
0.6395444 
0.6437392 
0.6644017 
0.6773852 
0.6758694 
0.6877261 
0.7016025 
0.7021837 
0.7016118 
0.6951145 
0.7102366 
0.7198515 
0.7094311 
0.7074874 
0.7063231 
0.7039439 
0.6987368 
0.6935874 
0.6838414 
0.6882765 
0.6937391 
0.6738031 
0.6756298 
0.6711505 
0.6619845 
0.6482947 
0.6434930 
0.6416038 
0.6420970 
0.6267572 
0.6128771 
0.6429129 
0.6173227 
0.5860047 
0.5757785 
0.5480332 
0.5250559 
0.4823780 
0.4339496 
0.4196200 
0.4140443 
0.3877440 
0.3705979 
0.3458582 
0.3154569 
0.2958168 
0.2783325 
0.2683357 
0.2564973 
0.2473139 
0.2458688 
0.2183607 
0.2181572 
0.2254607 
0.2263117 
0.2121682 
0.2191135 
0.1969468 
0.1808987 
0.1782020 
0.1567382 
0.1459215 
0.1263579 
0.1151008 
0.0826244 
0.0660121 
0.0450405 
0.0341216 
0.0113283 
0.0000000 
0.0150654 
0.0278888 
0.0494491 
0.0737543 
0.0800522 
0.0107829 
0.0007942 
0.0006539 
0.0319995 
0.0433528 
0.0480862 
0.0443006 
0.0402618 
0.0705097 
0.0601591 
0.0920521 
0.1147150 
0.1154196 
0.1464668 
0.1613396 
0.1542906 
0.1935520 
0.1979036 
0.2198042 
0.2423201 
0.2914271 
0.3364555 
0.3574958 
0.4055176 
0.4073636 
0.4327387 
0.4528390 
0.4602216 
0.4781211 
0.4949711 
0.5020363 
0.5222592 
0.5037876 
0.5102886 
0.5219375 
0.5384887 
0.5450183 
0.5571650 
0.5734209 
0.5808415 
0.5621427 
0.5300766 
0.5362159 
0.5464435 
0.5396583 
0.5534494 
0.5622413 
0.5753300 
0.5849319 
0.6113708 
0.6190481 
0.6208346 
0.6320284 
0.6958851 
0.7077981 
0.7082112 
0.7182716 
0.7239516 
0.7123415 
0.7025150 
0.7152397 
0.7245017 
0.7202122 
0.7117732 
0.7067626 
0.7068733 
0.7048596 
0.6898775 
0.6810364 
0.6385332 
0.5997480 
0.6054756 
0.6366532 
0.6452258 
0.6392913 
0.6333036 
0.6365628 
0.6381751 
0.6466591 
0.6598673 
0.6734612 
0.6809935 
0.6886497 
0.6886059 
0.7020576 
0.7195391 
0.7344002 
0.7495963 
0.7506780 
0.7847775 
0.8058938 
0.8007147 
0.8091110 
0.7998725 
0.7862998 
0.7577376 
0.7201091 
0.7199458 
0.7059329 
0.7055565 
0.6900858 
0.6909902 
0.6955389 
0.6995615 
0.7030372 
0.7164238 
0.7324093 
0.7323205 
0.7288390 
0.7516457 
0.7714330 
0.8044602 
0.8143506 
0.8200341 
0.7870398 
0.7621339 
0.7453967 
0.7198414 
0.7038307 
0.6879952 
0.6682487 
0.6640158 
0.6662295 
0.6988895 
0.6964370 
0.7106924 
0.7291309 
0.7484166 
0.7748088 
0.7883963 
0.7922130 
0.8029672 
0.7988702 
0.8057957 
0.8106991 
0.8165585 
0.8220439 
0.8210620 
0.8181035 
0.8345135 
0.8407126 
0.8509855 
0.8514208 
0.8571657 
0.8523514 
0.8439713 
0.8310348 
0.8195956 
0.8091382 
0.8023466 
0.8022945 
0.8041721 
0.8013545 
0.8044054 
0.8111185 
0.8241397 
0.8388753 
0.8444859 
0.8594279 
0.8459110 
0.8482276 
0.8485751 
0.8513451 
0.8424662 
0.8584063 
0.8605370 
0.8652862 
0.8627556 
0.8572900 
0.8632305 
0.8615078 
0.8640056 
0.8977861 
0.9177621 
0.9063764 
0.8847589 
0.8457150 
0.8404339 
0.8290591 
0.8494484 
0.8803046 
0.8800240 
0.8593237 
0.8361510 
0.8296526 
0.8148132 
0.7934502 
0.7570321 
0.7423809 
0.7398968 
0.7110960 
0.7066134 
0.7016895 
0.7032969 
0.7047956 
0.7112306 
0.7004947 
0.7091296 
0.7174553 
0.7289392 
0.7373520 
0.7568320 
0.7680247 
0.7650586 
0.7890594 
0.7987904 
0.8089715 
0.8135820 
0.8391645 
0.8481114 
0.8661548 
0.8685430 
0.8748932 
0.8808558 
0.8787206 
0.8700515 
0.8723912 
0.8802153 
0.8768726 
0.8439163 
0.8233963 
0.8026898 
0.7945306 
0.8015201 
0.8111614 
0.6924451 
0.6416689 
0.6294007 
0.6218454 
0.6247670 
0.5681285 
0.5702870 
0.5712940 
0.5944970 
0.6281745 
0.6596334 
0.6659574 
0.6798007 
0.6932276 
0.7201337 
0.8101036 
0.9130567 
0.9869165 
0.9947425 
1.0000000 
0.8869168 
0.7786190 
0.6975061 
0.6655690 
0.6554747 
0.6500759 
0.6355823 
0.6322777 
0.6443909 
0.6409296 
0.6342413 
0.6270351 
0.6253695 
0.6213040 
0.6084937 
0.6003176 
0.5927620 
0.5752080 
0.5657426 
0.5495159 
0.5337253 
0.5332557 
0.5397275 
0.5375051 
0.5396131 
0.5465051 
0.5595306 
0.5620374 
0.5602655 
0.5623907 
0.5772536 
0.5841961 
0.5911509 
0.6072125 
0.6145253 
0.6340547 
0.6324606 
0.6463785 
0.6497672 
0.6359330 
0.6345471 
0.6394340 
0.6289514 
0.6181318 
0.6153442 
0.6088974 
0.6174565 
0.6233349 
0.6222292 
0.6340652 
0.6466765 
0.6403631 
0.6552486 
0.6531296 
0.6560458 
0.6526416 
0.6462394 
0.6619170 
0.6758106 
0.6690558 
0.6757343 
0.6691421 
0.6739036 
0.6876799 
0.6961112 
0.7056970 
0.7116745 
0.7162528 
0.7193309 
0.7227148 
0.7319603 
0.7205802 
0.6966950 
0.7039144 
0.7049775 
0.7247892 
0.7360545 
0.7461925 
0.7490884 
0.7482829 
0.7575076 
0.7522991 
0.7631653 
0.7714035 
0.7680865 
0.7689135 
0.7780608 
0.7769393 
0.7521548 
0.7450391 
0.7321766 
0.7265424 
0.7123282 
0.7073131 
0.6907109 
0.6901901 
0.6692293 
0.6507758 
0.6578651 
0.6559997 
0.6567291 
0.6550860 
0.6402559 
0.6330323 
0.6368316 
0.6470888 
0.6456874 
0.6353022 
0.6303410 
0.6338500 
0.6364159 
0.6291342 
0.6095799 
0.5949066 
0.5869325 
0.5628922 
0.5386797 
0.5246489 
0.5186488 
0.5212489 
0.5256831 
0.5281432 
0.5292340 
0.5459270 
0.5430245 
0.5503505 
0.5671512 
0.5900461 
0.5983780 
0.6079274 
0.6189734 
0.6268373 
0.6401205 
0.6342094 
0.6524407 
0.6625763 
0.6678424 
0.6730522 
0.6845087 
0.6855831 
0.6913486 
0.7013038 
0.6893803 
0.6920933 
0.6892227 
0.6802305 
0.6847476 
0.6769095 
0.6644739 
0.6677426 
0.6659621 
0.6677695 
0.6838317 
0.7003075 
0.7113244 
0.7161446 
0.7099022 
0.7171033 
0.7130394 
0.7117226 
0.7102889 
0.7073824 
0.7085090 
0.7269064 
0.7201633 
0.7146519 
0.7255748 
0.7304185 
0.7216403 
0.7118217 
0.6861872 
0.6836424 
0.6754286 
0.6713001 
0.6591855 
0.6539155 
0.6643639 
0.6617048 
0.6584134 
0.6582268 
0.6588490 
0.6485719 
0.6391214 
0.6281379 
0.6254109 
0.6245514 
0.6295720 
0.6335021 
0.6471473 
0.6604671 
0.6730241 
0.6889222 
0.7061441 
0.7074393 
0.7209416 
0.7229696 
0.7312635 
0.7364346 
0.7423385 
0.7550637 
0.7695283 
0.7568141 
0.7599984 
0.7500037 
0.7596788 
0.7654902 
0.7653182 
0.7618708 
0.7623983 
0.7639377 
0.7534088 
0.7628397 
0.7631790 
0.7775049 
0.7616225 
0.7540676 
0.7435574 
0.7452053 
0.7273313 
0.7327410 
0.7199902 
0.7200923 
0.7052165 
0.6955536 
0.6914932 
0.7125133 
0.6964336 
0.6988311 
0.6927478 
0.6920042 
0.6947874 
0.6864010 
0.6828618 
0.6851323 
0.6696896 
0.6746972 
0.6686281 
0.6551405 
0.6612578 
0.6635193 
0.6575533 
0.6594730 
0.6610011 
0.6708286 
0.6586065 
0.6768337 
0.6605991 
0.6327013 
0.6424985 
0.6380853 
0.6357999 
0.6440395 
0.6519314 
0.6656849 
0.6558541 
0.6589238 
0.6605430 
0.6617776 
0.6793780 
0.6726905 
0.6784362 
0.6964151 
0.6956766 
0.6915196 
0.7066878 
0.7128938 
0.7111493 
0.7117445 
0.7183769 
0.7181609 
0.7307962 
0.7317314 
0.7323442 
0.7370780 
0.7351732 
0.7185974 
0.7240953 
0.7242784 
0.7223025 
0.7155420 
0.7185587 
0.7214102 
0.7171054 
0.7152326 
0.7097343 
0.7145910 
0.7023857 
0.7003888 
0.7094435 
0.7037310 
0.6963999 
0.7012599 
0.7074047 
0.6966890 
0.6979022 
0.6965572 
0.6893248 
0.6962005 
0.6908915 
0.6936208 
0.6864495 
0.6741794 
0.6513359 
0.6591566 
0.6485965 
0.6540173 
0.6528781 
0.6455548 
0.6462896 
0.6504516 
0.6336527 
0.6171941 
0.6219676 
0.6242476 
0.6386628 
0.6220841 
0.6262312 
0.6244396 
0.6250726 
0.6254472 
0.6314525 
0.6503701 
0.6397723 
0.6572630 
0.6601282 
0.6804886 
0.6823049 
0.6848296 
0.7076446 
0.7073395 
0.7240109 
0.7188450 
0.7103246 
0.7329153 
0.7418876 
0.7533924 
0.7603780 
0.7818850 
0.7917243 
0.8113522 
0.8196289 
0.8400878 
0.8476734 
0.8630568 
0.8521735 
0.8573544 
0.8633551 
0.8651563 
0.8650840 
0.8729120 
0.8838482 
0.8757150 
0.8766146 
0.8688509 
0.8706408 
0.8660241 
0.8685972 
0.8678017 
0.8504085 
0.8363403 
0.8318459 
0.8239788 
0.8069106 
0.7944016 
0.7955724 
0.7674853 
0.7551572 
0.7356074 
0.7231863 
0.6924588 
0.6883426 
0.6984563 
0.6907694 
0.6818177 
0.6730459 
0.6645820 
0.6604381 
0.6663742 
0.6566143 
0.6453640 
0.6332263 
0.6326187 
0.6123143 
0.6220467 
0.6211421 
0.6143531 
0.6124720 
0.6007358 
0.5978912 
0.5833368 
0.5654471 
0.5582767 
0.5626162 
0.5429415 
0.5520109 
0.5706698 
0.5616345 
0.5360461 
0.5418129 
0.5401523 
0.5501250 
0.5594299 
0.5479785 
0.5459147 
0.5389236 
0.5461341 
0.5461308 
0.5499984 
0.5600786 
0.5845762 
0.5849374 
0.5941845 
0.6025313 
0.6209046 
0.6263551 
0.6412737 
0.6640159 
0.6740233 
0.6824514 
0.6961997 
0.6962885 
0.6876298 
0.6863348 
0.6881347 
0.7073921 
0.7178126 
0.7149974 
0.7259301 
0.7320618 
0.7381599 
0.7297835 
0.7459110 
0.7518241 
0.7668922 
0.7676068 
0.7852319 
0.7742961 
0.7675771 
0.7533528 
0.7609962 
0.7625375 
0.7836621 
0.7834668 
0.7920679 
0.7874727 
0.7936503 
0.7865732 
0.7660589 
0.7739337 
0.7710595 
0.7616696 
0.7728380 
0.7522509 
0.7400013 
0.7365010 
0.7306726 
0.7098785 
0.7058886 
0.7002062 
0.6907803 
0.6949063 
0.6850209 
0.6751094 
0.6700109 
0.6764649 
0.6718378 
0.6738469 
0.6732313 
0.6736714 
0.6872016 
0.6899021 
0.6976506 
0.6976191 
0.6902621 
0.6803844 
0.6932931 
0.6925414 
0.6814072 
0.6724603 
0.6733172 
0.6588591 
0.6785794 
0.6822690 
0.6932273 
0.6902891 
0.6892039 
0.6943583 
0.6897390 
0.6805182 
0.6647440 
0.6585133 
0.6540764 
0.6638494 
0.6484028 
0.6656877 
0.6671547 
0.6620664 
0.6500180 
0.6507745 
0.6560357 
0.6613449 
0.6485107 
0.6677914 
0.6643367 
0.6590723 
0.6493279 
0.6446142 
0.6525163 
0.6693969 
0.6779860 
0.6764141 
0.6668117 
0.6520754 
0.6557563 
0.6335690 
0.6410723 
0.6425716 
0.6505598 
0.6531083 
0.6545187 
0.6577666 
0.6575836 
0.6544077 
0.6511748 
0.6517370 
0.6438484 
0.6383505 
0.6421553 
0.6398360 
0.6359367 
0.6364129 
0.6228953 
0.6014830 
0.5911202 
0.5777354 
0.5684497 
0.5701350 
0.5793965 
0.5978602 
0.5846849 
0.5902661 
0.5773586 
0.5778997 
0.5661720 
0.5806280 
0.5765956 
0.5628663 
0.5658202 
0.5718005 
0.5602775 
0.5702166 
0.5705715 
0.5710554 
0.5690660 
0.5524881 
0.5698034 
0.5645548 
0.5822428 
0.5871088 
0.5829715 
0.5607908 
0.5501142 
0.5463278 
0.5414882 
0.5257598 
0.5318842 
0.5160816 
0.5161287 
0.5224152 
0.5300666 
0.5338988 
0.5395020 
0.5420000 
0.5509857 
0.5369749 
0.5527337 
0.5660988 
0.5711066 
0.5855008 
0.5940875 
0.5983653 
0.5911160 
0.5765954 
0.5926079 
0.5860640 
0.5721199 
0.5636533 
0.5572942 
0.5585776 
0.5580884 
0.5542856 
0.5605335 
0.5477544 
0.5514372 
0.5413685 
0.5277906 
0.5220206 
0.5164555 
0.5026055 
0.4993230 
0.5079157 
0.5231544 
0.5316910 
0.5274466 
0.5287618 
0.5355488 
0.5303334 
0.5392418 
0.5356349 
0.5288726 
0.5365992 
0.5155500 
0.5032890 
0.5049534 
0.4940499 
0.4888755 
0.4672938 
0.4522346 
0.4340418 
0.4244595 
0.4070844 
0.4160329 
0.4385970 
0.4426107 
0.4415203 
0.4337545 
0.4475085 
0.4374252 
0.4301570 
0.4334526 
0.4484924 
0.4558844 
0.4521448 
0.4575135 
0.4501330 
0.4550269 
0.4673362 
0.4705200 
0.4881110 
0.5096338 
0.4979544 
0.4998304 
0.4991276 
0.5137654 
0.5236209 
0.5246778 
0.5191368 
0.5315883 
0.5287714 
0.5148187 
0.5334350 
0.5221211 
0.5353478 
0.5161346 
0.5216743 
0.5079874 
0.4925273 
0.4895517 
0.4827215 
0.4910606 
0.4956236 
0.4747511 
0.4520936 
0.4579075 
0.4336109 
0.4268738 
0.4271618 
0.4444604 
0.4442238 
0.4377965 
0.4364754 
0.4163132 
0.4397786 
0.4371306 
0.4435951 
0.4530562 
0.4574493 
0.4497342 
0.4323459 
0.4162248 
0.4263408 
0.4138736 
0.4046244 
0.3967849 
0.3896035 
0.4035282 
0.4001942 
0.4135289 
0.4137053 
0.4096323 
0.4019205 
0.4029280 
0.3972727 
0.3994270 
0.4007444 
0.4060815 
0.3944033 
0.3916143 
0.3808089 
0.3908730 
0.3739827 
0.3688180 
0.3725143 
0.3719969 
0.3586318 
0.3532130 
0.3448226 
0.3529442 
0.3593460 
0.3555031 
0.3633434 
0.3580020 
0.3570994 
0.3750286 
0.3757929 
0.3776851 
0.3651464 
0.3628182 
0.3673123 
0.3897621 
0.4104772 
0.4312524 
0.4266648 
0.4197552 
0.4064063 
0.3872335 
0.3778900 
0.3579332 
0.3642284 
0.3668021 
0.3870518 
0.3653310 
0.3600606 
0.3655198 
0.3550459 
0.3478633 
0.3361716 
0.3346912 
0.3257656 
0.3216251 
0.3293007 
0.3280688 
0.3213644 
0.3085836 
0.3145369 
0.3017111 
0.2981915 
0.2931720 
0.2618733 
0.2578689 
0.2312149 
0.2549763 
0.2453564 
0.2505848 
0.2365711 
0.2522922 
0.2395385 
0.2289834 
0.2314620 
0.2379132 
0.2370613 
0.2288239 
0.2255411 
0.2166285 
0.2291335 
0.2236226 
0.2197219 
0.2215831 
0.2237449 
0.2263250 
0.2225920 
0.2421993 
0.2432783 
0.2676785 
0.2556627 
0.2648611 
0.2596807 
0.2430581 
0.2463170 
0.2594138 
0.2722771 
0.2749763 
0.2730045 
0.2670707 
0.2528572 
0.2438814 
0.2534553 
0.2422612 
0.2580644 
0.2623535 
0.2674368 
0.2569023 
0.2473020 
0.2478736 
0.2664123 
0.2681072 
0.2808444 
0.2787511 
0.3015806 
0.3129553 
0.3066863 
0.3077481 
0.2986219 
0.3025952 
0.2975509 
0.2867698 
0.2630613 
0.2463893 
0.2506988 
0.2465863 
0.2602573 
0.2692621 
0.2803271 
0.2772390 
0.2810341 
0.2910112 
0.3030060 
0.3011533 
0.3109447 
0.3063616 
0.3021318 
0.3048024 
0.3043366 
0.3008739 
0.2996771 
0.3004764 
0.2963969 
0.2808962 
0.2671489 
0.2731971 
0.2693543 
0.2586479 
0.2478688 
0.2401550 
0.2341213 
0.2261226 
0.2225344 
0.2143224 
0.2201594 
0.2272771 
0.2261180 
0.2276999 
0.2337854 
0.2268369 
0.2140939 
0.2002882 
0.2133148 
0.2300734 
0.2393517 
0.2264477 
0.2408469 
0.2392362 
0.2336229 
0.2166588 
0.1935911 
0.1974530 
0.1849604 
0.1926464 
0.2003428 
0.2041263 
0.2100217 
0.2081417 
0.2155851 
0.2114072 
0.2255360 
0.1965707 
0.1905670 
0.1984501 
0.1949401 
0.1945112 
0.1900062 
0.1722503 
0.1706702 
0.1683745 
0.1732131 
0.1799532 
0.1791321 
0.1677382 
0.1613421 
0.1645038 
0.1623967 
0.1635037 
0.1718277 
0.1629006 
0.1776393 
0.1813787 
0.1785612 
0.1833439 
0.1823821 
0.1842600 
0.1918278 
0.1985949 
0.1907033 
0.2008209 
0.2019583 
0.2151211 
0.1863771 
0.1881329 
0.2006538 
0.1978955 
0.1910581 
0.2003496 
0.2086019 
0.2144357 
0.2146431 
0.2278362 
0.2411523 
0.2381055 
0.2386491 
0.2408317 
0.2431466 
0.2573225 
0.2481797 
0.2364395 
0.2310263 
0.2403978 
0.2319031 
0.2347476 
0.2384115 
0.2258285 
0.2337647 
0.2366388 
0.2330771 
0.2219869 
0.2268485 
0.2478768 
0.2491961 
0.2377357 
0.2438592 
0.2391319 
0.2155919 
0.1938121 
0.1982316 
0.2089455 
0.2000829 
0.2029053 
0.1931804 
0.1932643 
0.1631276 
0.1795624 
0.1724819 
0.1671735 
0.1515149 
0.1431956 
0.1625296 
0.1731649 
0.1728000 
0.1645342 
0.1669027 
0.1763124 
0.1711297 
0.1846680 
0.1779977 
0.1837947 
0.1753652 
0.1730643 
0.1717679 
0.1922844 
0.1864128 
0.1645312 
0.1604273 
0.1725261 
0.1654087 
0.1678990 
0.1767246 
0.1663803 
0.1533713 
0.1577710 
0.1687168 
0.1708582 
0.1930914 
0.1903974 
0.1957544 
0.1942772 
0.1916537 
0.1903828 
0.1982392 
0.1954161 
0.1963943 
0.1990275 
0.2013193 
0.2033693 
0.1843769 
0.1827414 
0.1949001 
0.1796205 
0.1746513 
0.1720388 
0.2078325 
0.2164469 
0.2098930 
0.2106454 
0.2331849 
0.2173267 
0.2162362 
0.2185562 
0.2015809 
0.2053030 
0.2078094 
0.1968399 
0.1891364 
0.1917316 
0.1890411 
0.1891759 
0.1851377 
0.1885278 
0.1784550 
0.1746381 
0.1662190 
0.1579362 
0.1612106 
0.1733967 
0.1687848 
0.1726286 
0.1657851 
0.1566089 
0.1742397 
0.1697341 
0.1776556 
0.1839447 
0.1925836 
0.1538504 
0.1848240 
0.1731144 
0.1840826 
0.1812179 
0.1705829 
0.1809029 
0.1822014 
0.1961434 
0.2018249 
0.1872449 
0.2058199 
0.2077644 
0.2080185 
0.2163033 
0.2364364 
0.2228287 
0.2367410 
0.2575621 
0.2508079 
0.2539523 
0.2660875 
0.2646474 
0.2665827 
0.2724690 
0.2667073 
0.2460805 
0.2417166 
0.2375808 
0.2370548 
0.2307992 
0.2436411 
0.2323497 
0.2187303 
0.2207990 
0.2147136 
0.2289107 
0.2203343 
0.2007929 
0.1915633 
0.1697730 
0.1881585 
0.1880142 
0.1858463 
0.1637416 
0.1785543 
0.1852409 
0.1995706 
0.1874815 
0.1796366 
0.1808081 
0.1529104 
0.1530459 
0.1407383 
0.1372854 
0.1349184 
0.1327046 
0.1500418 
0.1566461 
0.1621079 
0.1629624 
0.1517123 
0.1645179 
0.1615903 
0.1544858 
0.1358118 
0.1360581 
0.1423775 
0.1240152 
0.1175691 
0.1368314 
0.1249720 
0.1240620 
0.1343782 
0.1251315 
0.1216572 
0.1314806 
0.1246674 
0.1452985 
0.1523540 
0.1628162 
0.1580163 
0.1894144 
0.1547994 
0.1625870 
0.1683029 
0.1698572 
0.1691110 
0.1780226 
0.1783680 
0.1954376 
0.2144735 
0.2046792 
0.2056162 
0.2266554 
0.2426582 
0.2552873 
0.2718640 
0.2819317 
0.2854271 
0.3017229 
0.3169785 
0.3149100 
0.3297194 
0.3386759 
0.3154656 
0.3196266 
0.3095350 
0.3148698 
0.3258618 
0.3288292 
0.3308552 
0.3234502 
0.3088492 
0.3027930 
0.2777148 
0.2822675 
0.2676340 
0.2715077 
0.2562044 
0.2642938 
0.2376459 
0.2334591 
0.2416933 
0.2337629 
0.1995166 
0.1970670 
0.1932872 
0.1972322 
0.1960324 
0.1764790 
0.1892223 
0.1560765 
0.1598931 
0.1506776 
0.1254745 
0.1020407 
0.1107439 
0.1058492 
0.1004351 
0.0973773 
0.0916326 
0.0922484 
0.0967275 
0.0980817 
0.0930974 
0.0982129 
0.1021085 
0.0924730 
0.0981590 
0.0909491 
0.0953961 
0.0956293 
0.0961708 
0.1054346 
0.0977402 
0.1073149 
0.1225146 
0.1171170 
0.1313467 
0.1263308 
0.1345617 
0.1238518 
0.1347334 
0.1311827 
0.1134828 
0.1272955 
0.1225845 
0.1253594 
0.1439108 
0.1480962 
0.1663119 
0.1654291 
0.1654556 
0.1560440 
0.1609215 
0.1680737 
0.1802528 
0.1847851 
0.1849279 
0.1767017 
0.1743858 
0.1866620 
0.1939005 
0.2170376 
0.2028580 
0.2007804 
0.1903788 
0.2041353 
0.2003308 
0.2093179 
0.2138961 
0.2226407 
0.2248759 
0.2359322 
0.2341150 
0.2282582 
0.2299237 
0.2361069 
0.2327269 
0.2286363 
0.2288330 
0.2101096 
0.2027757 
0.2012718 
0.2009981 
0.1894778 
0.1981426 
0.1911120 
0.1851351 
0.1779415 
0.1653337 
0.1641093 
0.1568531 
0.1692545 
0.1545730 
0.1764848 
0.1672201 
0.1807178 
0.1877099 
0.1797297 
0.1980331 
0.2017532 
0.2127114 
0.2246736 
0.2267908 
0.2219730 
0.2247067 
0.2442198 
0.2595532 
0.2710676 
0.2821356 
0.2929947 
0.2916459 
0.2776072 
0.2388105 
0.1822591 
0.1766577 
0.1749890 
0.1907860 
0.1855765 
0.1641864 
0.1627369 
0.1571990 
0.1760254 
0.1837107 
0.1887661 
0.1829205 
0.1889065 
0.1854614 
0.2004520 
0.1897436 
0.1955608 
0.1990892 
0.1839297 
0.1901869 
0.1859519 
0.1960495 
0.2065903 
0.2135265 
0.2062992 
0.2177047 
0.2155148 
0.2206550 
0.2136769 
0.2224750 
0.2248076 
0.2262669 
0.2479406 
0.2406843 
0.2505574 
0.2408872 
0.2431779 
0.2480848 
0.2313015 
0.2331790 
0.2367405 
0.2384180 
0.2457893 
0.2394384 
0.2523178 
0.2438900 
0.2384618 
0.2403005 
0.2361980 
0.2547703 
0.2540288 
0.2504991 
0.2587520 
0.2510421 
0.2458808 
0.2505701 
0.2480185 
0.2596207 
0.2552028 
0.2523060 
0.2568410 
0.2533187 
0.2508596 
0.2515713 
0.2550567 
0.2417815 
0.2373453 
0.2558938 
0.2550281 
0.2468466 
0.2600295 
0.2390947 
0.2099677 
0.2415673 
0.2604831 
0.2409157 
0.2628819 
0.2715218 
0.2846392 
0.2756404 
0.2902009 
0.2867835 
0.2947553 
0.2824370 
0.2781905 
0.2806817 
0.2935285 
0.2732060 
0.2876557 
0.2816430 
0.2774940 
0.2677818 
0.3061230 
0.2894199 
0.2926018 
0.2917481 
0.2909742 
0.2817564 
0.2833352 
0.2726881 
0.2834107 
0.2767130 
0.2822525 
0.2824489 
0.2907345 
0.2699250 
0.2683943 
0.2689617 
0.2534688 
0.2434505 
0.2362394 
0.2282952 
0.2345902 
0.2395448 
0.2240382 
0.2139437 
0.1942256 
0.2082309 
0.2156789 
0.2435335 
0.2268240 
0.2320003 
0.2314105 
0.2313852 
0.2230698 
0.2383685 
0.2424326 
0.2385099 
0.2313180 
0.2330395 
0.2308932 
0.2344012 
0.2315824 
0.2305757 
0.2198374 
0.2184165 
0.2013839 
0.2046447 
0.2096681 
0.2076785 
0.2071283 
0.2026927 
0.2066243 
0.2162882 
0.2291119 
0.2282400 
0.2203716 
0.2184862 
0.2084159 
0.2129730 
0.2000807 
0.1927564 
0.1957682 
0.1943558 
0.2026141 
0.2158037 
0.2082630 
0.2011380 
0.2035111 
0.1933284 
0.1819872 
0.1833965 
0.1828226 
0.1830808 
0.1736580 
0.2009077 
0.1858272 
0.1967764 
0.2015722 
0.1991875 
0.1952502 
0.2047300 
0.2020635 
0.2000493 
0.2051775 
0.2137070 
0.2052355 
0.2029800 
0.1970876 
0.1970873 
0.2064783 
0.2074731 
0.2073100 
0.2079381 
0.2173944 
0.2337420 
0.2278325 
0.2395307 
0.2402385 
0.2201069 
0.2254057 
0.2238367 
0.2374061 
0.2358759 
0.2438179 
0.2666287 
0.2675975 
0.2654085 
0.2764838 
0.2801918 
0.2719680 
0.2795204 
0.2780753 
0.2639115 
0.2512007 
0.2494904 
0.2545815 
0.2569858 
0.2551688 
0.2568298 
0.2554893 
0.2461519 
0.2437186 
0.2371207 
0.2323717 
0.2249689 
0.2167656 
0.2312230 
0.2282652 
0.2125929 
0.2347332 
0.2370606 
0.2261646 
0.2403198 
0.2687319 
0.2547619 
0.2457156 
0.2566963 
0.2450349 
0.2434201 
0.2304961 
0.2281443 
0.2435086 
0.2258149 
0.2302792 
0.2270855 
0.2191890 
0.2217083 
0.2094536 
0.2096110 
0.2021470 
0.2159029 
0.1993690 
0.1940735 
0.1889816 
0.1849901 
0.1954521 
0.2134093 
0.1941209 
0.1974501 
0.2103890 
0.2061679 
0.2155976 
0.2132715 
0.1962855 
0.1930024 
0.1810209 
0.1722952 
0.1769032 
0.1815439 
0.1725666 
0.1748666 
0.1806634 
0.1809396 
0.1904037 
0.2071035 
0.2199308 
0.2397574 
0.2372752 
0.2375691 
0.2328484 
0.2325855 
0.2213517 
0.2286399 
0.2362556 
0.2225474 
0.2029444 
0.2268210 
0.2191426 
0.2159845 
0.2131384 
0.2148280 
0.1965282 
0.1998432 
0.2103370 
0.1939690 
0.1914213 
0.1814804 
0.1884645 
0.2097668 
0.1981072 
0.2020224 
0.2089562 
0.2059809 
0.1980791 
0.2022979 
0.2145836 
0.1957745 
0.2044057 
0.2047301 
0.2014138 
0.2116811 
0.2056459 
0.2001109 
0.1921104 
0.1880380 
0.1967253 
0.1959470 
0.2049130 
0.2173956 
0.2234529 
0.2121454 
0.2135128 
0.2072235 
0.2266701 
0.2151177 
0.2040230 
0.2067283 
0.2060218 
0.1909869 
0.1963385 
0.1891577 
0.1980153 
0.1975251 
0.2027844 
0.2064169 
0.1991211 
0.1939964 
0.1956148 
0.1976653 
0.1825095 
0.1871506 
0.1814698 
0.1775764 
0.1830643 
0.1801286 
0.1850843 
0.1764088 
0.1745110 
0.1575933 
0.1528131 
0.1576524 
0.1664244 
0.1565812 
0.1518518 
0.1631732 
0.1713565 
0.1830474 
0.1934481 
0.1838545 
0.1806245 
0.1754743 
0.1853141 
0.1782772 
0.1828138 
0.1831315 
0.1634489 
0.1771010 
0.1757367 
0.1633115 
0.1597600 
0.1646535 
0.1784556 
0.1632107 
0.1634910 
0.1567567 
0.1672762 
0.1559416 
0.1537626 
0.1531008 
0.1439134 
0.1244749 
0.1503843 
0.1503709 
0.1610235 
0.1505670 
0.1520996 
0.1509132 
0.1540960 
0.1602694 
0.1600130 
0.1652873 
0.1726281 
0.1677818 
0.1831924 
0.1613070 
0.1605151 
0.1726204 
0.1729525 
0.1750923 
0.1751295 
0.1840776 
0.1688308 
0.1725370 
0.1748222 
0.1707862 
0.1745643 
0.1683701 
0.1862386 
0.1886841 
0.1964114 
0.2071057 
0.1932958 
0.1807969 
0.1665092 
0.1776162 
0.1923311 
0.1921652 
0.1667942 
0.1297075 
0.1242890 
0.1515898 
0.1592610 
0.1580572 
0.1620896 
0.1582922 
0.1531681 
0.1710804 
0.1677543 
0.1668855 
0.1631024 
0.1566945 
0.1692849 
0.1654254 
0.1930722 
0.1842503 
0.1824469 
0.1852074 
0.2081079 
0.2158450 
0.2214919 
0.2316131 
0.2410204 
0.2458582 
0.2310403 
0.2252782 
0.2169762 
0.2000361 
0.1840823 
0.1940597 
0.1955512 
0.2080318 
0.2208983 
0.2239929 
0.2311350 
0.2139761 
0.2039656 
0.1921812 
0.1930282 
0.2055587 
0.1955818 
0.1884796 
0.1956021 
0.1992421 
0.2017215 
0.1889936 
0.1829822 
0.1923994 
0.1912665 
0.1789407 
0.1869562 
0.2003588 
0.1939936 
0.1887417 
0.1893529 
0.1884370 
0.1797732 
0.1852616 
0.1703540 
0.1845697 
0.2002384 
0.1913915 
0.2095920 
0.1790093 
0.1787494 
0.1740655 
0.1824967 
0.1857047 
0.2061037 
0.1929694 
0.1975919 
0.2114539 
0.2141346 
0.2273850 
0.2168917 
0.2107924 
0.2185265 
0.1949041 
0.1740392 
0.1848851 
