-0.0001567 
0.0001469 
0.0000085 
0.3586735 
0.0904691 
0.4690842 
1.0000000 
0.9948092 
0.9751181 
0.9766179 
0.9894337 
0.9970588 
0.9930459 
0.9942892 
0.9912349 
0.9732900 
0.9601592 
0.9619257 
0.9764442 
0.9735917 
0.9705473 
0.9680982 
0.9719231 
0.9595272 
0.9592140 
0.9729197 
0.9757916 
0.9740974 
0.9621251 
0.9496388 
0.9479840 
0.9410822 
0.9311857 
0.9162644 
0.9245311 
0.9379471 
0.9400165 
0.9243227 
0.9177462 
0.9229001 
0.9251504 
0.9074703 
0.8898239 
0.8947761 
0.9039871 
0.9116874 
0.8983180 
0.8971384 
0.8951079 
0.8930589 
0.8858565 
0.8794184 
0.8780027 
0.8813257 
0.8887914 
0.8935017 
0.8895301 
0.8809228 
0.8867842 
0.8781578 
0.8544351 
0.8591815 
0.8621153 
0.8679292 
0.8669500 
0.8656667 
0.8696545 
0.8615839 
0.8528401 
0.8673266 
0.8652843 
0.8666350 
0.8586241 
0.8589463 
0.8635596 
0.8675963 
0.8618289 
0.8585459 
0.8422467 
0.8467748 
0.8447914 
0.8409569 
0.8510735 
0.8475907 
0.8406448 
0.8546504 
0.8506607 
0.8449288 
0.8385558 
0.8323887 
0.8411639 
0.8483236 
0.8549926 
0.8650690 
0.8395457 
0.8466464 
0.8505170 
0.8418521 
0.8539235 
0.8469619 
0.8504279 
0.8588933 
0.8545328 
0.8479295 
0.8491903 
0.8418377 
0.8467055 
0.8429860 
0.8451448 
0.8529737 
0.8490662 
0.8436407 
0.8425152 
0.8294048 
0.8480046 
0.8445486 
0.8361483 
0.8367497 
0.8354643 
0.8345052 
0.8422430 
0.8272524 
0.8330720 
0.8471585 
0.8478533 
0.8468866 
0.8433683 
0.8249742 
0.8261830 
0.8292520 
0.8245454 
0.8368709 
0.8595871 
0.8527539 
0.8560643 
0.8440403 
0.8234808 
0.8200843 
0.8165344 
0.8160992 
0.8309898 
0.8315488 
0.8378835 
0.8534792 
0.8499310 
0.8399777 
0.8412412 
0.8320293 
0.8293083 
0.8462769 
0.8500616 
0.8527128 
0.8484939 
0.8370657 
0.8281890 
0.8249027 
0.8174655 
0.8301875 
0.8392438 
0.8359295 
0.8439194 
0.8556269 
0.8298215 
0.8273785 
0.8306354 
0.8223290 
0.8239819 
0.8358481 
0.8333524 
0.8367220 
0.8409201 
0.8364105 
0.8309131 
0.8303660 
0.8252187 
0.8261565 
0.8261952 
0.8151571 
0.8138631 
0.8278940 
0.8200216 
0.8046898 
0.7985949 
0.7958535 
0.8003099 
0.8107707 
0.8130726 
0.8107184 
0.8031001 
0.8089662 
0.8026274 
0.7975187 
0.7957292 
0.8024934 
0.8069389 
0.8243584 
0.8252631 
0.8356271 
0.8437610 
0.8380874 
0.8343451 
0.8278642 
0.8313233 
0.8217716 
0.8074406 
0.8093662 
0.8136016 
0.8134914 
0.8265622 
0.8131631 
0.8043852 
0.8091399 
0.8105856 
0.8015037 
0.7902988 
0.7916291 
0.7890346 
0.7856791 
0.7911456 
0.8022089 
0.8023492 
0.8114064 
0.8114165 
0.8085444 
0.8123706 
0.8094664 
0.7984635 
0.7866279 
0.7787871 
0.7946078 
0.8022874 
0.8154938 
0.8151475 
0.8084607 
0.8105543 
0.8010564 
0.7931697 
0.7917657 
0.7902151 
0.7982619 
0.7999349 
0.7839208 
0.7866045 
0.7745301 
0.7610187 
0.7708086 
0.7743021 
0.7828019 
0.7892283 
0.7858347 
0.7864276 
0.7799930 
0.7804763 
0.7810814 
0.7774368 
0.7759910 
0.7786821 
0.7775327 
0.7730417 
0.7751989 
0.7638512 
0.7769392 
0.7687981 
0.7756873 
0.7938684 
0.7809101 
0.7745328 
0.7584428 
0.7557289 
0.7803200 
0.7848773 
0.7779468 
0.7851373 
0.7851434 
0.7814065 
0.7731648 
0.7594994 
0.7752771 
0.7781543 
0.7763351 
0.7784149 
0.7775324 
0.7748295 
0.7690501 
0.7546776 
0.7488580 
0.7462115 
0.7460544 
0.7473649 
0.7511701 
0.7586877 
0.7538971 
0.7509661 
0.7534496 
0.7603239 
0.7718951 
0.7738713 
0.7811085 
0.7864765 
0.7818441 
0.7805586 
0.7840306 
0.7952266 
0.7947653 
0.7826124 
0.7748809 
0.7686194 
0.7683352 
0.7695376 
0.7831861 
0.7823657 
0.7815315 
0.7790180 
0.7713936 
0.7690383 
0.7697570 
0.7628639 
0.7695675 
0.7764509 
0.7733623 
0.7645403 
0.7512776 
0.7542634 
0.7734945 
0.7897135 
0.7842682 
0.7774201 
0.7688272 
0.7528780 
0.7461861 
0.7450324 
0.7582627 
0.7530440 
0.7466028 
0.7447985 
0.7598734 
0.7550143 
0.7520962 
0.7589983 
0.7733403 
0.7748724 
0.7667008 
0.7539336 
0.7637062 
0.7638476 
0.7512927 
0.7441969 
0.7304851 
0.7247578 
0.7212191 
0.7288431 
0.7452581 
0.7451607 
0.7486482 
0.7461809 
0.7472222 
0.7375668 
0.7349882 
0.7469507 
0.7414082 
0.7332006 
0.7285560 
0.7314014 
0.7262201 
0.7262930 
0.7435127 
0.7467071 
0.7495759 
0.7456970 
0.7566753 
0.7580853 
0.7449347 
0.7437800 
0.7443363 
0.7454247 
0.7366758 
0.7381541 
0.7378985 
0.7372010 
0.7410850 
0.7316014 
0.7339284 
0.7287521 
0.7292355 
0.7229548 
0.7186101 
0.7209546 
0.7159036 
0.7285451 
0.7216350 
0.7086852 
0.7079140 
0.7156185 
0.7175712 
0.7237102 
0.7205413 
0.7191785 
0.7077779 
0.6984374 
0.7087785 
0.7143225 
0.7107710 
0.7028926 
0.7159032 
0.7044959 
0.6959054 
0.7055930 
0.7149559 
0.7242450 
0.7188619 
0.7081085 
0.6932097 
0.7013809 
0.7180114 
0.7274703 
0.7070288 
0.6984976 
0.6888202 
0.6847121 
0.6909905 
0.7023855 
0.7097638 
0.7113580 
0.7083918 
0.7085580 
0.7104273 
0.6920137 
0.6893341 
0.6823058 
0.6814301 
0.6684461 
0.6665741 
0.6723451 
0.6753128 
0.6918284 
0.7013382 
0.6902074 
0.6766525 
0.6729882 
0.6749824 
0.6836913 
0.6775468 
0.6750792 
0.6702028 
0.6677214 
0.6627656 
0.6574733 
0.6466430 
0.6352604 
0.6325093 
0.6261739 
0.6371520 
0.6401202 
0.6443869 
0.6402497 
0.6381529 
0.6463764 
0.6539084 
0.6548653 
0.6629148 
0.6679059 
0.6589829 
0.6611812 
0.6533951 
0.6457086 
0.6413706 
0.6504871 
0.6483975 
0.6473104 
0.6352026 
0.6300071 
0.6261561 
0.6188878 
0.6268167 
0.6351378 
0.6354573 
0.6337739 
0.6372019 
0.6387744 
0.6393638 
0.6263105 
0.6210259 
0.6223148 
0.6292499 
0.6356840 
0.6380381 
0.6276819 
0.6221836 
0.6186066 
0.6118049 
0.6154800 
0.6291052 
0.6345420 
0.6463201 
0.6554054 
0.6541132 
0.6464969 
0.6492182 
0.6459269 
0.6416101 
0.6393812 
0.6412057 
0.6370251 
0.6367733 
0.6393597 
0.6358291 
0.6330513 
0.6329013 
0.6298198 
0.6310976 
0.6362012 
0.6367205 
0.6385307 
0.6450576 
0.6496812 
0.6519334 
0.6424475 
0.6410927 
0.6431980 
0.6408434 
0.6371593 
0.6339510 
0.6388372 
0.6446499 
0.6574106 
0.6643818 
0.6620297 
0.6518146 
0.6498040 
0.6465725 
0.6496285 
0.6489945 
0.6420230 
0.6339807 
0.6388364 
0.6543376 
0.6597174 
0.6607896 
0.6548252 
0.6376562 
0.6309335 
0.6287907 
0.6288069 
0.6360147 
0.6522913 
0.6634119 
0.6618411 
0.6619592 
0.6529436 
0.6552978 
0.6561477 
0.6521080 
0.6415265 
0.6447269 
0.6417898 
0.6475221 
0.6554005 
0.6586382 
0.6469790 
0.6401191 
0.6449022 
0.6544526 
0.6617475 
0.6544354 
0.6420895 
0.6336548 
0.6338238 
0.6375462 
0.6470855 
0.6567129 
0.6548218 
0.6412779 
0.6314348 
0.6241772 
0.6165743 
0.6212465 
0.6174761 
0.6214609 
0.6247814 
0.6280636 
0.6353639 
0.6355674 
0.6354817 
0.6287751 
0.6174566 
0.6059687 
0.5931811 
0.5916247 
0.5969435 
0.6048329 
0.6025050 
0.5985453 
0.5931489 
0.5940579 
0.5890262 
0.5983679 
0.6092121 
0.6123917 
0.6069589 
0.5971339 
0.5973658 
0.5956116 
0.5956996 
0.6058929 
0.6017489 
0.5961304 
0.5888064 
0.5899902 
0.5789256 
0.5733364 
0.5639193 
0.5763724 
0.5729766 
0.5680099 
0.5688736 
0.5702165 
0.5697536 
0.5695867 
0.5673736 
0.5609130 
0.5680834 
0.5677146 
0.5596139 
0.5659116 
0.5710578 
0.5689316 
0.5613294 
0.5621907 
0.5572726 
0.5599704 
0.5542815 
0.5493455 
0.5479703 
0.5460724 
0.5387392 
0.5480839 
0.5591892 
0.5606183 
0.5594926 
0.5510730 
0.5446142 
0.5355422 
0.5378880 
0.5449974 
0.5637928 
0.5802249 
0.5923118 
0.5872135 
0.5741351 
0.5597442 
0.5429567 
0.5440515 
0.5543001 
0.5679534 
0.5678171 
0.5715792 
0.5794434 
0.5753542 
0.5736294 
0.5698777 
0.5700808 
0.5629864 
0.5643779 
0.5663558 
0.5555102 
0.5450605 
0.5470635 
0.5541045 
0.5546013 
0.5518012 
0.5501700 
0.5521822 
0.5474681 
0.5606227 
0.5708009 
0.5745311 
0.5732250 
0.5762575 
0.5869505 
0.5851359 
0.5878991 
0.5842582 
0.5822402 
0.5733204 
0.5647014 
0.5596051 
0.5460666 
0.5379751 
0.5308869 
0.5258094 
0.5134082 
0.5089477 
0.5176776 
0.5230605 
0.5190989 
0.5193199 
0.5271467 
0.5265159 
0.5263930 
0.5180976 
0.5233534 
0.5262445 
0.5264514 
0.5162346 
0.5189725 
0.5253798 
0.5222089 
0.5103830 
0.5107943 
0.5057613 
0.5052400 
0.4995362 
0.5111781 
0.5183787 
0.5196637 
0.5257436 
0.5269708 
0.5369653 
0.5379301 
0.5360406 
0.5430142 
0.5420747 
0.5410475 
0.5524708 
0.5488493 
0.5451418 
0.5236746 
0.5272010 
0.5290520 
0.5305105 
0.5267165 
0.5196663 
0.5235691 
0.5157321 
0.5067042 
0.5061004 
0.5066302 
0.4962748 
0.4867715 
0.4799936 
0.4790884 
0.4787552 
0.4753910 
0.4924676 
0.5098461 
0.5077670 
0.5053349 
0.5033656 
0.5115432 
0.5075388 
0.5068834 
0.5137086 
0.5080182 
0.5041801 
0.4980033 
0.4883504 
0.4908009 
0.4926156 
0.4948031 
0.5153717 
0.5260771 
0.5232578 
0.5155235 
0.5101337 
0.5234289 
0.5382657 
0.5346624 
0.5284036 
0.5222747 
0.5196928 
0.5105863 
0.5003195 
0.5059627 
0.5076161 
0.5032741 
0.4896420 
0.4844180 
0.4959844 
0.5006201 
0.4891468 
0.4831540 
0.4808229 
0.4805057 
0.4647049 
0.4614521 
0.4631046 
0.4690131 
0.4564409 
0.4453784 
0.4535127 
0.4634893 
0.4738104 
0.4708107 
0.4808865 
0.4847995 
0.4915790 
0.4944168 
0.4942278 
0.4938257 
0.4930704 
0.4943643 
0.4825336 
0.4849281 
0.4886441 
0.4946817 
0.4983073 
0.5026642 
0.5030886 
0.4905938 
0.4776270 
0.4797479 
0.4822860 
0.4937016 
0.4871321 
0.4855007 
0.4922657 
0.4986697 
0.4990722 
0.4943255 
0.4999257 
0.4962806 
0.4914592 
0.4903526 
0.4904046 
0.4904756 
0.4916937 
0.4940990 
0.4970029 
0.4992007 
0.5110227 
0.5125878 
0.5172431 
0.5083579 
0.5070509 
0.4997226 
0.5030334 
0.4946945 
0.4996608 
0.4993418 
0.5032147 
0.4902556 
0.4842875 
0.4821480 
0.4895430 
0.4916230 
0.5001413 
0.4985493 
0.4998172 
0.4974147 
0.4855746 
0.4788076 
0.4674469 
0.4669386 
0.4604562 
0.4591751 
0.4631364 
0.4717328 
0.4731015 
0.4773329 
0.4712717 
0.4718426 
0.4741123 
0.4769491 
0.4837640 
0.4719858 
0.4591364 
0.4578952 
0.4556167 
0.4593618 
0.4566687 
0.4604256 
0.4628281 
0.4601801 
0.4604720 
0.4641514 
0.4631421 
0.4712590 
0.4752149 
0.4711727 
0.4726637 
0.4885542 
0.4885675 
0.4856142 
0.4727412 
0.4699053 
0.4756452 
0.4827529 
0.4751471 
0.4664318 
0.4602789 
0.4670113 
0.4589256 
0.4416902 
0.4238037 
0.4303004 
0.4467037 
0.4599387 
0.4587410 
0.4657140 
0.4628463 
0.4635677 
0.4548937 
0.4437491 
0.4425467 
0.4493796 
0.4553619 
0.4591196 
0.4560653 
0.4575363 
0.4646275 
0.4721625 
0.4807842 
0.4804413 
0.4811746 
0.4820412 
0.4832703 
0.4826628 
0.4729714 
0.4530727 
0.4462188 
0.4420275 
0.4401566 
0.4247142 
0.4245462 
0.4332618 
0.4392408 
0.4308330 
0.4299771 
0.4263664 
0.4237631 
0.4284037 
0.4278049 
0.4305113 
0.4284061 
0.4240541 
0.4241326 
0.4269040 
0.4329321 
0.4287697 
0.4259613 
0.4232815 
0.4289270 
0.4370291 
0.4395592 
0.4302394 
0.4157208 
0.4110379 
0.4087790 
0.4068170 
0.4035446 
0.4031033 
0.4037486 
0.4021770 
0.3985411 
0.4017970 
0.4083863 
0.4074555 
0.4090100 
0.4033415 
0.4014102 
0.4072570 
0.4130721 
0.4125022 
0.4144153 
0.4106671 
0.4149414 
0.4090820 
0.4036024 
0.4048120 
0.4039294 
0.3972585 
0.3889805 
0.3808792 
0.3871526 
0.4027714 
0.4034062 
0.4002844 
0.3898431 
0.3853571 
0.3879041 
0.3890273 
0.3895533 
0.3948948 
0.3922856 
0.3893918 
0.4027277 
0.4091099 
0.4043151 
0.3968788 
0.3935464 
0.3823145 
0.3788103 
0.3818120 
0.3703134 
0.3592643 
0.3527862 
0.3554585 
0.3560637 
0.3633256 
0.3777107 
0.3768489 
0.3665024 
0.3651278 
0.3707390 
0.3685985 
0.3684991 
0.3697005 
0.3580321 
0.3548897 
0.3533393 
0.3614712 
0.3715979 
0.3752507 
0.3747775 
0.3716495 
0.3778374 
0.3806669 
0.3725514 
0.3699472 
0.3679166 
0.3653498 
0.3754240 
0.3809690 
0.3734850 
0.3693904 
0.3751552 
0.3819083 
0.3663874 
0.3701180 
0.3675177 
0.3689899 
0.3787477 
0.3905576 
0.3802667 
0.3730550 
0.3764437 
0.3749738 
0.3735438 
0.3809299 
0.3846950 
0.3772400 
0.3706438 
0.3667863 
0.3597308 
0.3591814 
0.3709932 
0.3706513 
0.3661683 
0.3707994 
0.3730425 
0.3677429 
0.3674536 
0.3717589 
0.3663286 
0.3634377 
0.3699522 
0.3723403 
0.3668610 
0.3688501 
0.3816025 
0.3798594 
0.3696146 
0.3692715 
0.3690011 
0.3542211 
0.3575694 
0.3688040 
0.3671098 
0.3631168 
0.3636938 
0.3706817 
0.3588243 
0.3680754 
0.3805454 
0.3710646 
0.3603325 
0.3603609 
0.3685177 
0.3696565 
0.3700703 
0.3779860 
0.3656833 
0.3597013 
0.3637704 
0.3644573 
0.3597159 
0.3630089 
0.3662107 
0.3570221 
0.3410014 
0.3497398 
0.3628724 
0.3596049 
0.3455883 
0.3434050 
0.3430850 
0.3448798 
0.3457519 
0.3548731 
0.3486331 
0.3464559 
0.3500473 
0.3562040 
0.3357875 
0.3348870 
0.3498252 
0.3575891 
0.3402777 
0.3349261 
0.3362369 
0.3383419 
0.3348061 
0.3359976 
0.3431935 
0.3367312 
0.3253500 
0.3233114 
0.3174509 
0.3115167 
0.3175766 
0.3258832 
0.3287471 
0.3091407 
0.3005443 
0.3126899 
0.3136662 
0.3068818 
0.3210156 
0.3419838 
0.3446419 
0.3229324 
0.3131557 
0.3227303 
0.3252436 
0.3257020 
0.3282879 
0.3331553 
0.3327368 
0.3272449 
0.3224018 
0.3255841 
0.3241793 
0.3137181 
0.3103343 
0.3015603 
0.2956111 
0.3012050 
0.3049972 
0.2997537 
0.3027388 
0.2972311 
0.3001060 
0.3008528 
0.3017871 
0.3025724 
0.3054665 
0.3059577 
0.2948576 
0.2840974 
0.2887538 
0.2984826 
0.2928362 
0.2886741 
0.2919313 
0.2952002 
0.2840569 
0.2761884 
0.2791235 
0.2854395 
0.2823304 
0.2717208 
0.2746277 
0.2927425 
0.2991684 
0.2920692 
0.2945915 
0.3001488 
0.2928300 
0.2805249 
0.2709650 
0.2792161 
0.2801502 
0.2801899 
0.2757436 
0.2771237 
0.2809068 
0.2733288 
0.2639604 
0.2552985 
0.2674114 
0.2698887 
0.2640513 
0.2626617 
0.2655361 
0.2674747 
0.2618764 
0.2647961 
0.2751123 
0.3016723 
0.3075909 
0.2976631 
0.3016766 
0.3122605 
0.3043354 
0.2978890 
0.2995291 
0.3139001 
0.3101923 
0.3072901 
0.2924329 
0.2933245 
0.3011072 
0.3067851 
0.2847641 
0.2711374 
0.2733229 
0.2766813 
0.2752619 
0.2730154 
0.2752258 
0.2813600 
0.2878172 
0.2918494 
0.2935280 
0.3012558 
0.2940674 
0.2777678 
0.2696894 
0.2811156 
0.2821025 
0.2726811 
0.2830408 
0.2917016 
0.2902833 
0.2806657 
0.2771088 
0.2701894 
0.2737873 
0.2793921 
0.2814799 
0.2809455 
0.2857056 
0.2927370 
0.2872270 
0.2690436 
0.2669139 
0.2693195 
0.2639744 
0.2664055 
0.2599268 
0.2535177 
0.2582079 
0.2713315 
0.2771432 
0.2770660 
0.2866006 
0.2813555 
0.2740917 
0.2794186 
0.2877288 
0.2800026 
0.2789019 
0.2815983 
0.2775197 
0.2683681 
0.2745293 
0.2811352 
0.2762567 
0.2666966 
0.2671208 
0.2646993 
0.2553649 
0.2632587 
0.2691502 
0.2710012 
0.2741091 
0.2787340 
0.2788833 
0.2675060 
0.2621949 
0.2724501 
0.2693997 
0.2658310 
0.2734867 
0.2740887 
0.2695982 
0.2777227 
0.2747227 
0.2650811 
0.2559259 
0.2718845 
0.2750820 
0.2653202 
0.2645965 
0.2718382 
0.2718529 
0.2587954 
0.2595775 
0.2589217 
0.2500827 
0.2515660 
0.2633650 
0.2570336 
0.2496868 
0.2545587 
0.2636118 
0.2569711 
0.2435907 
0.2510571 
0.2599107 
0.2516421 
0.2422489 
0.2406724 
0.2513469 
0.2512670 
0.2526490 
0.2509048 
0.2419470 
0.2377777 
0.2502723 
0.2543512 
0.2496830 
0.2340863 
0.2399950 
0.2442171 
0.2336012 
0.2355495 
0.2442716 
0.2525517 
0.2525132 
0.2390238 
0.2296347 
0.2280579 
0.2350833 
0.2405143 
0.2423102 
0.2361637 
0.2369323 
0.2449413 
0.2532153 
0.2571239 
0.2562805 
0.2388274 
0.2338526 
0.2428867 
0.2470204 
0.2445862 
0.2424022 
0.2412442 
0.2432258 
0.2381966 
0.2374311 
0.2491641 
0.2440838 
0.2253445 
0.2273766 
0.2255417 
0.2309055 
0.2332083 
0.2410843 
0.2469171 
0.2378378 
0.2256885 
0.2389374 
0.2560700 
0.2398108 
0.2265325 
0.2278092 
0.2332111 
0.2332695 
0.2313294 
0.2422804 
0.2471385 
0.2361830 
0.2359970 
0.2387146 
0.2538186 
0.2440520 
0.2261579 
0.2107660 
0.2191142 
0.2152187 
0.2142470 
0.2235898 
0.2294292 
0.2301576 
0.2284241 
0.2259608 
0.2292746 
0.2136088 
0.2054379 
0.1981941 
0.2013139 
0.2066369 
0.2044854 
0.1991935 
0.2130203 
0.2191757 
0.2185332 
0.2115621 
0.2161530 
0.2259575 
0.2201162 
0.2118283 
0.2185986 
0.2276606 
0.2322705 
0.2204034 
0.2244601 
0.2361098 
0.2300269 
0.2210566 
0.2133893 
0.2123057 
0.2177823 
0.2075136 
0.1945231 
0.1854013 
0.1887702 
0.1966567 
0.1991118 
0.2008090 
0.2022850 
0.2040982 
0.1988687 
0.2014799 
0.2025880 
0.2096018 
0.2054538 
0.1957107 
0.1890710 
0.1986672 
0.2014100 
0.1930902 
0.1881969 
0.1904426 
0.2039081 
0.2103335 
0.1999089 
0.1963082 
0.1988040 
0.2000822 
0.1980270 
0.1961936 
0.2041853 
0.1967790 
0.1971195 
0.1956586 
0.2101473 
0.2233508 
0.2228387 
0.2115072 
0.2050904 
0.2077598 
0.2123394 
0.2110349 
0.1886538 
0.1813037 
0.1863516 
0.1890279 
0.1838240 
0.1765748 
0.1717063 
0.1768728 
0.1892098 
0.1902415 
0.1918138 
0.1946272 
0.1972572 
0.1963829 
0.2027800 
0.1958745 
0.1942147 
0.1882676 
0.1905776 
0.1917957 
0.1862631 
0.1842981 
0.1818408 
0.1790512 
0.1856802 
0.1856004 
0.1904197 
0.1875274 
0.1888767 
0.1911875 
0.1908870 
0.1925196 
0.1841505 
0.1758322 
0.1758431 
0.1763803 
0.1766915 
0.1762884 
0.1683106 
0.1837642 
0.1884337 
0.1918185 
0.1877457 
0.1893944 
0.1843147 
0.1816938 
0.1848739 
0.1825349 
0.1671182 
0.1528262 
0.1571887 
0.1650036 
0.1624797 
0.1604393 
0.1626028 
0.1756362 
0.1803365 
0.1834065 
0.1730932 
0.1740398 
0.1782170 
0.1836345 
0.1845095 
0.1703413 
0.1555469 
0.1605859 
0.1660909 
0.1628482 
0.1595840 
0.1641351 
0.1628254 
0.1656240 
0.1659704 
0.1598906 
0.1624171 
0.1715171 
0.1775054 
0.1655474 
0.1627417 
0.1517500 
0.1660395 
0.1733056 
0.1680927 
0.1553778 
0.1556602 
0.1666054 
0.1774436 
0.1783555 
0.1709924 
0.1681089 
0.1818582 
0.1861614 
0.1808559 
0.1610180 
0.1530214 
0.1434930 
0.1464246 
0.1424915 
0.1349888 
0.1384348 
0.1464646 
0.1527923 
0.1552948 
0.1492207 
0.1492781 
0.1561153 
0.1584451 
0.1484606 
0.1341853 
0.1349340 
0.1423154 
0.1415552 
0.1367201 
0.1273650 
0.1358756 
0.1393807 
0.1396519 
0.1381162 
0.1371422 
0.1437695 
0.1437332 
0.1477791 
0.1416505 
0.1439459 
0.1394892 
0.1338153 
0.1275305 
0.1288559 
0.1322902 
0.1401360 
0.1376692 
0.1296047 
0.1265721 
0.1307236 
0.1314353 
0.1311518 
0.1246190 
0.1304419 
0.1391612 
0.1362007 
0.1298483 
0.1280259 
0.1302262 
0.1294148 
0.1276308 
0.1226821 
0.1265919 
0.1305769 
0.1311416 
0.1253781 
0.1190087 
0.1157053 
0.1201981 
0.1247203 
0.1267037 
0.1216470 
0.1108077 
0.1050092 
0.1010206 
0.1040199 
0.1161019 
0.1216810 
0.1182457 
0.1099578 
0.1072033 
0.1150445 
0.1146206 
0.1173400 
0.1143050 
0.1175724 
0.1242801 
0.1307785 
0.1194877 
0.1111032 
0.1012120 
0.1035389 
0.1082761 
0.1098575 
0.1034563 
0.1004857 
0.0980607 
0.0867814 
0.0924713 
0.1017121 
0.1054179 
0.1100602 
0.1213811 
0.1254547 
0.1334432 
0.1337502 
0.1298551 
0.1205522 
0.1153760 
0.1096450 
0.1105236 
0.1046004 
0.1025887 
0.1037592 
0.0998965 
0.0971411 
0.0971753 
0.0965264 
0.0980136 
0.0930308 
0.0930759 
0.0964134 
0.1039082 
0.1079786 
0.1088756 
0.1019976 
0.1007541 
0.0943285 
0.0890756 
0.0905892 
0.0963066 
0.0930749 
0.0932166 
0.0923191 
0.0892705 
0.0822864 
0.0769446 
0.0694289 
0.0725543 
0.0738764 
0.0822661 
0.0889793 
0.0905081 
0.0925419 
0.0859138 
0.0778767 
0.0677091 
0.0727891 
0.0730875 
0.0757329 
0.0824570 
0.0790966 
0.0831158 
0.0852773 
0.0858423 
0.0770409 
0.0771342 
0.0853070 
0.0854191 
0.0886491 
0.0901044 
0.0876179 
0.0813959 
0.0803623 
0.0795046 
0.0765587 
0.0720177 
0.0671066 
0.0673625 
0.0632975 
0.0557864 
0.0517602 
0.0453093 
0.0477212 
0.0546113 
0.0533362 
0.0580940 
0.0704069 
0.0850986 
0.0915690 
0.0881720 
0.0806238 
0.0693490 
0.0620072 
0.0632235 
0.0643104 
0.0712556 
0.0722352 
0.0773492 
0.0767347 
0.0712567 
0.0678023 
0.0618113 
0.0623704 
0.0629729 
0.0595845 
0.0533240 
0.0606206 
0.0637821 
0.0690925 
0.0617670 
0.0511695 
0.0398385 
0.0412311 
0.0453364 
0.0504337 
0.0490728 
0.0478117 
0.0399982 
0.0366121 
0.0408089 
0.0479515 
0.0469527 
0.0493947 
0.0498082 
0.0468550 
0.0471843 
0.0505839 
0.0543579 
0.0542872 
0.0477124 
0.0394000 
0.0400109 
0.0392912 
0.0402219 
0.0479209 
0.0559343 
0.0620994 
0.0553105 
0.0458640 
0.0462967 
0.0414884 
0.0335299 
0.0293034 
0.0312950 
0.0314503 
0.0359370 
0.0367027 
0.0383008 
0.0415050 
0.0422830 
0.0402803 
0.0372500 
0.0336125 
0.0328516 
0.0303735 
0.0350051 
0.0357804 
0.0389864 
0.0315819 
0.0214243 
0.0127086 
0.0068710 
0.0185403 
0.0316649 
0.0426842 
0.0472083 
0.0459349 
0.0453312 
0.0455991 
0.0346927 
0.0284060 
0.0173369 
0.0144620 
0.0109821 
0.0105111 
0.0315490 
0.0424167 
0.0462079 
0.0428654 
0.0343278 
0.0253605 
0.0274550 
0.0317243 
0.0338692 
0.0272647 
0.0220055 
0.0197855 
0.0264297 
0.0399870 
0.0365368 
0.0258348 
0.0168638 
0.0164750 
0.0215126 
0.0253371 
0.0248023 
0.0240841 
0.0199185 
0.0172722 
0.0192697 
0.0216676 
0.0325188 
0.0290527 
0.0229629 
0.0200254 
0.0273671 
0.0310688 
0.0353336 
0.0339227 
0.0363591 
0.0326933 
0.0218387 
0.0245037 
0.0299704 
0.0301614 
0.0288005 
0.0264067 
0.0273491 
0.0306897 
0.0326763 
0.0291585 
0.0219751 
0.0241777 
0.0201561 
0.0210773 
0.0164561 
0.0202810 
0.0230185 
0.0202573 
0.0187580 
0.0214515 
0.0201176 
0.0134168 
0.0098488 
0.0061632 
0.0051302 
0.0102672 
0.0124018 
0.0183983 
0.0259450 
0.0305846 
0.0332108 
0.0286993 
0.0241833 
0.0236731 
0.0225214 
0.0248726 
0.0256378 
0.0281176 
0.0279756 
0.0229508 
0.0156163 
0.0074729 
0.0106482 
0.0155050 
0.0147336 
0.0236779 
0.0201073 
0.0255821 
0.0278683 
0.0200097 
0.0090014 
0.0039273 
0.0050739 
0.0000000 
