0.0000285 
-0.0000911 
0.0001482 
-0.3952667 
-0.0203327 
0.1692286 
0.0048353 
0.0064159 
0.0068295 
0.0089252 
0.0045790 
0.0016850 
0.0069494 
0.0164627 
0.0115989 
0.0134581 
0.0180531 
0.0184216 
0.0131271 
0.0071068 
0.0112166 
0.0056424 
0.0029936 
0.0000000 
0.0063543 
0.0046618 
0.0193353 
0.0392056 
0.0594976 
0.0771997 
0.0950003 
0.1085132 
0.1141745 
0.1057742 
0.0999562 
0.0978674 
0.0854184 
0.0791894 
0.0798046 
0.0711587 
0.0649956 
0.0631637 
0.0663621 
0.0625680 
0.0648369 
0.0693627 
0.0662572 
0.0586305 
0.0575877 
0.0514457 
0.0432887 
0.0435940 
0.0443681 
0.0375105 
0.0371435 
0.0316805 
0.0276102 
0.0234029 
0.0219953 
0.0157143 
0.0091609 
0.0054222 
0.0083409 
0.0068787 
0.0076136 
0.0124838 
0.0099099 
0.0091594 
0.0123442 
0.0159459 
0.0231766 
0.0272507 
0.0290417 
0.0334452 
0.0370137 
0.0341039 
0.0393428 
0.0367883 
0.0333001 
0.0300888 
0.0286631 
0.0279498 
0.0369024 
0.0375311 
0.0306761 
0.0341965 
0.0301772 
0.0263436 
0.0204168 
0.0150875 
0.0166679 
0.0150503 
0.0151957 
0.0202152 
0.0232149 
0.0249839 
0.0203344 
0.0204015 
0.0260373 
0.0299791 
0.0299793 
0.0289858 
0.0281905 
0.0290375 
0.0346180 
0.0436166 
0.0502654 
0.0533301 
0.0494876 
0.0539800 
0.0553268 
0.0614472 
0.0579303 
0.0619174 
0.0563041 
0.0634618 
0.0616107 
0.0615077 
0.0537723 
0.0460406 
0.0509624 
0.0485780 
0.0459347 
0.0422035 
0.0463790 
0.0532234 
0.0474351 
0.0510612 
0.0594862 
0.0633507 
0.0634404 
0.0669079 
0.0594002 
0.0576096 
0.0548812 
0.0520877 
0.0604582 
0.0650155 
0.0692670 
0.0712634 
0.0752609 
0.0727570 
0.0701015 
0.0751312 
0.0718126 
0.0688966 
0.0734050 
0.0779526 
0.0690155 
0.0690466 
0.0662670 
0.0734718 
0.0738980 
0.0732571 
0.0719472 
0.0728494 
0.0850856 
0.0869350 
0.0935503 
0.0905546 
0.0903711 
0.0913171 
0.0906299 
0.0899498 
0.0852817 
0.0878060 
0.0919104 
0.0824100 
0.0787540 
0.0801436 
0.0828908 
0.0868704 
0.0867512 
0.0894045 
0.0957885 
0.0985046 
0.0974111 
0.0891153 
0.0993639 
0.1025831 
0.1030663 
0.1008734 
0.0978853 
0.0979873 
0.1019480 
0.0960905 
0.0941641 
0.0871358 
0.0957157 
0.0955569 
0.0951356 
0.0941580 
0.0964697 
0.0957287 
0.1007607 
0.0978414 
0.0966060 
0.0955572 
0.0901958 
0.0929002 
0.0865140 
0.0879350 
0.0945402 
0.0909145 
0.0902962 
0.0874615 
0.0807439 
0.0851146 
0.0872943 
0.0911874 
0.0912570 
0.0976916 
0.0956108 
0.0977174 
0.0924818 
0.0928829 
0.1006520 
0.0968265 
0.1063153 
0.1023353 
0.1216876 
0.1240517 
0.1233895 
0.1190076 
0.1259018 
0.1311991 
0.1334505 
0.1261967 
0.1183428 
0.1174024 
0.1147128 
0.1097132 
0.1088341 
0.1089647 
0.1151507 
0.1146550 
0.1233196 
0.1348285 
0.1412198 
0.1354701 
0.1340117 
0.1369083 
0.1370272 
0.1293772 
0.1285439 
0.1273064 
0.1309476 
0.1216402 
0.1288551 
0.1294181 
0.1286200 
0.1254215 
0.1258662 
0.1287447 
0.1289900 
0.1306988 
0.1357496 
0.1359071 
0.1391331 
0.1387029 
0.1354902 
0.1329723 
0.1395851 
0.1423324 
0.1347852 
0.1340182 
0.1275721 
0.1197952 
0.1186404 
0.1192898 
0.1214685 
0.1199321 
0.1276324 
0.1281362 
0.1307572 
0.1317663 
0.1324138 
0.1328261 
0.1412663 
0.1387106 
0.1378968 
0.1373382 
0.1415295 
0.1441940 
0.1500912 
0.1563857 
0.1530215 
0.1475146 
0.1534188 
0.1506039 
0.1384296 
0.1311498 
0.1304163 
0.1337454 
0.1382808 
0.1476874 
0.1483836 
0.1436517 
0.1412359 
0.1485690 
0.1545531 
0.1556906 
0.1543741 
0.1550745 
0.1603829 
0.1634558 
0.1693306 
0.1582414 
0.1522557 
0.1638076 
0.1747047 
0.1742341 
0.1734000 
0.1708916 
0.1701291 
0.1675030 
0.1624201 
0.1666998 
0.1828320 
0.1823835 
0.1825145 
0.1798548 
0.1817052 
0.1799900 
0.1697080 
0.1698046 
0.1807127 
0.1842625 
0.1738147 
0.1728184 
0.1631436 
0.1797359 
0.1779414 
0.1753078 
0.1783852 
0.1818160 
0.1820917 
0.1678935 
0.1595490 
0.1561435 
0.1637410 
0.1577834 
0.1558473 
0.1557078 
0.1637660 
0.1625780 
0.1485725 
0.1428613 
0.1499595 
0.1501359 
0.1488359 
0.1491417 
0.1590703 
0.1630230 
0.1615706 
0.1556875 
0.1649064 
0.1663509 
0.1617085 
0.1572919 
0.1551203 
0.1550159 
0.1465212 
0.1487261 
0.1481049 
0.1534666 
0.1559124 
0.1596503 
0.1549275 
0.1558432 
0.1627936 
0.1556015 
0.1555519 
0.1644336 
0.1735151 
0.1767045 
0.1850904 
0.1915907 
0.1963093 
0.1949717 
0.1946428 
0.1933662 
0.1973495 
0.1852948 
0.1997659 
0.1963050 
0.1962007 
0.1896795 
0.1804103 
0.1853232 
0.1838777 
0.1814554 
0.1820524 
0.1765069 
0.1802197 
0.1767692 
0.1800891 
0.1842826 
0.1872619 
0.1890576 
0.1873230 
0.1868755 
0.1923358 
0.1986215 
0.2046619 
0.2103075 
0.2092732 
0.2130185 
0.2074151 
0.2054717 
0.2027000 
0.2063663 
0.1994680 
0.1975513 
0.2018927 
0.1988502 
0.1944938 
0.1936184 
0.2043197 
0.2139140 
0.2180127 
0.2163124 
0.2192716 
0.2215484 
0.2177572 
0.2153095 
0.2069106 
0.2105952 
0.2093741 
0.2133755 
0.2143203 
0.2099577 
0.2093049 
0.2099529 
0.2105851 
0.2161147 
0.2168175 
0.2179601 
0.2200720 
0.2154436 
0.2113530 
0.2126307 
0.2093520 
0.2077868 
0.2089292 
0.2099397 
0.2045008 
0.2135783 
0.2231280 
0.2269470 
0.2296237 
0.2346009 
0.2301734 
0.2307961 
0.2290961 
0.2300833 
0.2339664 
0.2336876 
0.2324480 
0.2368559 
0.2431747 
0.2470214 
0.2369947 
0.2342614 
0.2270817 
0.2322011 
0.2320619 
0.2332501 
0.2280824 
0.2346479 
0.2355994 
0.2333263 
0.2357960 
0.2393584 
0.2390361 
0.2376188 
0.2307262 
0.2358060 
0.2285757 
0.2346895 
0.2416778 
0.2440094 
0.2424095 
0.2487201 
0.2534670 
0.2517492 
0.2432308 
0.2585582 
0.2578079 
0.2504668 
0.2527471 
0.2550860 
0.2504107 
0.2538770 
0.2573151 
0.2522398 
0.2520346 
0.2513323 
0.2561805 
0.2581362 
0.2625624 
0.2641380 
0.2593116 
0.2490275 
0.2495132 
0.2571529 
0.2578514 
0.2586406 
0.2559002 
0.2638544 
0.2597884 
0.2615527 
0.2550657 
0.2493680 
0.2495137 
0.2468075 
0.2399635 
0.2457513 
0.2506441 
0.2492195 
0.2439432 
0.2413639 
0.2474367 
0.2453218 
0.2375988 
0.2315875 
0.2352567 
0.2401203 
0.2466345 
0.2497746 
0.2493170 
0.2484581 
0.2478951 
0.2499257 
0.2400185 
0.2494416 
0.2520704 
0.2504425 
0.2536992 
0.2587388 
0.2668589 
0.2719843 
0.2752393 
0.2755099 
0.2816920 
0.2786883 
0.2768556 
0.2745877 
0.2793707 
0.2743095 
0.2703437 
0.2683782 
0.2727775 
0.2758092 
0.2763784 
0.2723763 
0.2661099 
0.2745923 
0.2704091 
0.2682301 
0.2726237 
0.2762192 
0.2666632 
0.2727121 
0.2720359 
0.2680326 
0.2681647 
0.2606881 
0.2566253 
0.2595957 
0.2637685 
0.2574302 
0.2661949 
0.2706746 
0.2721390 
0.2633603 
0.2651782 
0.2712987 
0.2799945 
0.2802671 
0.2819397 
0.2809489 
0.2856191 
0.2831106 
0.2788237 
0.2720740 
0.2800673 
0.2764987 
0.2816327 
0.2826217 
0.2789329 
0.2713846 
0.2743441 
0.2790333 
0.2858113 
0.2918688 
0.2832872 
0.2826121 
0.2806649 
0.2768373 
0.2824386 
0.2803640 
0.2772903 
0.2774574 
0.2778766 
0.2825804 
0.2874523 
0.2828989 
0.2855928 
0.2879431 
0.2899335 
0.3000466 
0.2941180 
0.2990562 
0.3043293 
0.3018136 
0.3021940 
0.3041035 
0.3012736 
0.2968819 
0.2947509 
0.2979750 
0.2990031 
0.2963901 
0.2946759 
0.2984687 
0.2977874 
0.2977722 
0.3070757 
0.3032745 
0.3032892 
0.3048875 
0.3083705 
0.3112944 
0.3132714 
0.3159845 
0.3183715 
0.3115696 
0.3037620 
0.3036241 
0.3093658 
0.3077876 
0.3143805 
0.3144339 
0.3203141 
0.3242146 
0.3201946 
0.3188330 
0.3196549 
0.3198520 
0.3162957 
0.3119783 
0.3137193 
0.3012384 
0.3013498 
0.3041086 
0.3063670 
0.3034993 
0.3021654 
0.3048194 
0.2986887 
0.3068843 
0.2980912 
0.3018610 
0.3013859 
0.3004645 
0.3016117 
0.2966666 
0.2924883 
0.2957923 
0.3075294 
0.3115061 
0.3147474 
0.3129454 
0.3136198 
0.3088968 
0.3001056 
0.3121524 
0.3160031 
0.3265712 
0.3180029 
0.3145411 
0.3183437 
0.3193894 
0.3224773 
0.3256521 
0.3273206 
0.3258623 
0.3169961 
0.3180618 
0.3163377 
0.3241320 
0.3276180 
0.3280204 
0.3229971 
0.3238242 
0.3183386 
0.3153124 
0.3203694 
0.3218687 
0.3250183 
0.3228370 
0.3205412 
0.3054598 
0.3093581 
0.3086209 
0.3112463 
0.3150890 
0.3118217 
0.3171991 
0.3161278 
0.3221562 
0.3222213 
0.3171045 
0.3209737 
0.3212418 
0.3179337 
0.3187503 
0.3181221 
0.3288696 
0.3252161 
0.3059932 
0.2984301 
0.3094735 
0.3191585 
0.3201200 
0.3283673 
0.3308549 
0.3268487 
0.3244999 
0.3222577 
0.3237767 
0.3228516 
0.3250250 
0.3235275 
0.3232095 
0.3246362 
0.3237921 
0.3279214 
0.3289035 
0.3293065 
0.3246227 
0.3238346 
0.3451097 
0.3442688 
0.3449182 
0.3400629 
0.3450162 
0.3455331 
0.3454000 
0.3454289 
0.3465691 
0.3361515 
0.3327654 
0.3297302 
0.3288137 
0.3270676 
0.3281277 
0.3337984 
0.3401843 
0.3376709 
0.3318501 
0.3342949 
0.3362197 
0.3378248 
0.3385414 
0.3282437 
0.3318073 
0.3317550 
0.3330177 
0.3368953 
0.3449448 
0.3426480 
0.3511264 
0.3543918 
0.3605564 
0.3754835 
0.3880210 
0.3857917 
0.3826059 
0.3745340 
0.3651857 
0.3619049 
0.3522535 
0.3406610 
0.3382750 
0.3292949 
0.3532743 
0.3609813 
0.3679618 
0.3650078 
0.3672937 
0.3613881 
0.3605966 
0.3589937 
0.3644680 
0.3663401 
0.3645269 
0.3598442 
0.3548338 
0.3531910 
0.3506972 
0.3556482 
0.3523961 
0.3512761 
0.3498620 
0.3501234 
0.3504032 
0.3499296 
0.3609292 
0.3684893 
0.3668558 
0.3693237 
0.3661333 
0.3586892 
0.3609801 
0.3595321 
0.3579656 
0.3669021 
0.3684530 
0.3658669 
0.3657770 
0.3653592 
0.3674310 
0.3698514 
0.3756793 
0.3787787 
0.3738505 
0.3725475 
0.3759052 
0.3732031 
0.3775298 
0.3743416 
0.3763959 
0.3755119 
0.3741601 
0.3723457 
0.3733609 
0.3799065 
0.3795824 
0.3758181 
0.3908755 
0.4057739 
0.4024333 
0.4003774 
0.4013717 
0.4025599 
0.3999946 
0.3921095 
0.3890981 
0.3930210 
0.3871155 
0.3800817 
0.3757870 
0.3687267 
0.3724400 
0.3701938 
0.3736658 
0.3833033 
0.3868812 
0.3845629 
0.3909485 
0.3927262 
0.4016034 
0.4043067 
0.3995826 
0.3873734 
0.3822725 
0.3854763 
0.3849256 
0.3915247 
0.3900463 
0.3885022 
0.3869718 
0.3976220 
0.4050379 
0.4085706 
0.4036592 
0.4009980 
0.4005659 
0.3976546 
0.3936887 
0.3919287 
0.3932974 
0.3960032 
0.3923500 
0.3959820 
0.3829187 
0.3846103 
0.3834828 
0.3861206 
0.3892343 
0.3875685 
0.3894759 
0.3950198 
0.3923831 
0.3945408 
0.3897099 
0.3923378 
0.3919755 
0.3833021 
0.3828337 
0.3775339 
0.3808976 
0.3799343 
0.3819503 
0.3764290 
0.3819008 
0.3922791 
0.3863461 
0.3963401 
0.3970267 
0.4009023 
0.4046122 
0.4083431 
0.3988933 
0.4073974 
0.4048463 
0.4043085 
0.4051483 
0.3927784 
0.3898914 
0.3880818 
0.3931318 
0.3997725 
0.4052391 
0.4035686 
0.4008283 
0.4054668 
0.4030547 
0.4042565 
0.3925508 
0.3892077 
0.3933042 
0.3900115 
0.3884023 
0.3843570 
0.3900545 
0.3933679 
0.3962515 
0.3920639 
0.3984648 
0.4028010 
0.4011751 
0.4004896 
0.4008568 
0.4059166 
0.4117642 
0.4106363 
0.4051384 
0.4051960 
0.3991231 
0.3936305 
0.3790805 
0.3834582 
0.3870110 
0.3923589 
0.4151519 
0.4243878 
0.4236153 
0.4247305 
0.4281155 
0.4300996 
0.4179726 
0.4143586 
0.4176681 
0.4115621 
0.4135719 
0.4130939 
0.4159556 
0.4140879 
0.4209278 
0.4170251 
0.4190910 
0.4265775 
0.4274192 
0.4253892 
0.4244069 
0.4178288 
0.4214008 
0.4202995 
0.4253039 
0.4246942 
0.4189511 
0.4157179 
0.4190494 
0.4081946 
0.4117052 
0.4167757 
0.4145868 
0.4212167 
0.4201759 
0.4263009 
0.4175299 
0.4165609 
0.4233739 
0.4164755 
0.4160474 
0.4141801 
0.4148882 
0.4191405 
0.4142407 
0.4072025 
0.4179217 
0.4172797 
0.4148110 
0.4174085 
0.4174506 
0.4298930 
0.4403544 
0.4410360 
0.4390777 
0.4430091 
0.4413477 
0.4373465 
0.4387014 
0.4524019 
0.4539367 
0.4533998 
0.4513612 
0.4470505 
0.4450771 
0.4420547 
0.4455317 
0.4495290 
0.4484400 
0.4495922 
0.4454206 
0.4504392 
0.4465896 
0.4536676 
0.4541352 
0.4615409 
0.4646378 
0.4516812 
0.4438122 
0.4435377 
0.4477724 
0.4452621 
0.4446004 
0.4433963 
0.4559718 
0.4538468 
0.4569696 
0.4551752 
0.4575068 
0.4485883 
0.4444924 
0.4410964 
0.4417894 
0.4380981 
0.4495066 
0.4473393 
0.4321992 
0.4437504 
0.4477895 
0.4532229 
0.4611429 
0.4682047 
0.4555121 
0.4590626 
0.4547490 
0.4534244 
0.4584982 
0.4575662 
0.4548504 
0.4532816 
0.4542086 
0.4502537 
0.4566749 
0.4539019 
0.4572360 
0.4602765 
0.4646129 
0.4699065 
0.4764650 
0.4825909 
0.4783720 
0.4777920 
0.4763214 
0.4767125 
0.4750916 
0.4662266 
0.4707452 
0.4705291 
0.4701245 
0.4666794 
0.4619510 
0.4576340 
0.4631461 
0.4692660 
0.4798163 
0.4840302 
0.4811007 
0.4780249 
0.4859024 
0.4819078 
0.4714304 
0.4790167 
0.4761544 
0.4850969 
0.4840020 
0.4878530 
0.4860670 
0.4899847 
0.4848223 
0.4839928 
0.4863890 
0.4903897 
0.4975837 
0.4993693 
0.4905711 
0.4916781 
0.4868703 
0.4821993 
0.4802199 
0.4831469 
0.4801565 
0.4765144 
0.4756845 
0.4690321 
0.4792484 
0.4750751 
0.4659251 
0.4670530 
0.4886055 
0.4830879 
0.4797876 
0.4764449 
0.4810479 
0.4794042 
0.4756375 
0.4782155 
0.4772612 
0.4793924 
0.4778950 
0.4779145 
0.4705754 
0.4681955 
0.4705439 
0.4693971 
0.4811523 
0.4803646 
0.4673995 
0.4631898 
0.4673406 
0.4768294 
0.4760735 
0.4816021 
0.4757983 
0.4783640 
0.4752854 
0.4749643 
0.4718444 
0.4628806 
0.4619121 
0.4675237 
0.4620398 
0.4769561 
0.4848430 
0.4837715 
0.4852719 
0.4862340 
0.4893502 
0.4893088 
0.4802094 
0.4863337 
0.4883376 
0.4836396 
0.4834892 
0.4801795 
0.4758605 
0.4808594 
0.4767117 
0.4830791 
0.4964683 
0.4919339 
0.4894075 
0.4909460 
0.4921255 
0.4943843 
0.4882252 
0.4896975 
0.4840957 
0.4910092 
0.4867503 
0.4893366 
0.4775848 
0.4761697 
0.4774625 
0.4795561 
0.4776615 
0.4910322 
0.4938079 
0.5021570 
0.4978289 
0.5002125 
0.4981518 
0.5171133 
0.5175263 
0.5225800 
0.5223812 
0.5199660 
0.5168429 
0.5124270 
0.5004503 
0.4928576 
0.4928409 
0.5033299 
0.4997908 
0.4995402 
0.5003818 
0.4991515 
0.5062129 
0.5079692 
0.5135375 
0.5097001 
0.5075410 
0.5073033 
0.5010443 
0.4916522 
0.4797291 
0.4747200 
0.4866280 
0.4927454 
0.4963518 
0.5066720 
0.5164213 
0.5151303 
0.5123182 
0.5129086 
0.5116832 
0.5069259 
0.4896201 
0.4846360 
0.4745932 
0.4691951 
0.4634157 
0.4638951 
0.4698818 
0.4751499 
0.4842847 
0.4958542 
0.5004936 
0.5071986 
0.5076107 
0.5104212 
0.5133113 
0.5125734 
0.5090985 
0.5110336 
0.5099274 
0.5166442 
0.5150942 
0.5122189 
0.5098498 
0.5037606 
0.5029506 
0.5087645 
0.5140754 
0.5233379 
0.5191764 
0.5212617 
0.5169058 
0.5148628 
0.5047875 
0.5073762 
0.5035492 
0.5042319 
0.5068270 
0.5017888 
0.5063271 
0.5067954 
0.5083625 
0.5074212 
0.5239147 
0.5219210 
0.5304949 
0.5267343 
0.5246875 
0.5310514 
0.5298083 
0.5257331 
0.5275627 
0.5269567 
0.5241538 
0.5206290 
0.5252235 
0.5205873 
0.5243432 
0.5269772 
0.5357614 
0.5417316 
0.5454019 
0.5479917 
0.5557653 
0.5442415 
0.5490389 
0.5450043 
0.5442509 
0.5416958 
0.5412069 
0.5418294 
0.5447836 
0.5414602 
0.5401477 
0.5456722 
0.5365714 
0.5372153 
0.5539017 
0.5534802 
0.5611865 
0.5576750 
0.5604130 
0.5691424 
0.5656181 
0.5518529 
0.5523253 
0.5657391 
0.5641535 
0.5637607 
0.5620335 
0.5508371 
0.5512409 
0.5403009 
0.5434059 
0.5342391 
0.5460783 
0.5512835 
0.5539548 
0.5585916 
0.5588119 
0.5574883 
0.5589280 
0.5578824 
0.5618964 
0.5594021 
0.5659798 
0.5603366 
0.5597635 
0.5612641 
0.5639827 
0.5585601 
0.5768278 
0.5751770 
0.5853625 
0.5878875 
0.5892279 
0.5920965 
0.5859968 
0.5841171 
0.5884244 
0.5831890 
0.5847150 
0.5819641 
0.5856704 
0.5769272 
0.5795107 
0.5851296 
0.5909675 
0.6002691 
0.5948645 
0.5991145 
0.5979291 
0.5983168 
0.5996640 
0.5993153 
0.5994274 
0.5888222 
0.5879950 
0.5891603 
0.5891059 
0.5876010 
0.5885042 
0.5909471 
0.5881809 
0.5861715 
0.5998705 
0.6010572 
0.5955707 
0.6000455 
0.6000535 
0.6033034 
0.6046395 
0.6028713 
0.6067304 
0.6065311 
0.6070662 
0.6115290 
0.6034819 
0.6025653 
0.6019634 
0.6011916 
0.5914559 
0.5917989 
0.6042282 
0.6088896 
0.6067825 
0.6116488 
0.6070267 
0.6062983 
0.6168548 
0.6147644 
0.6257348 
0.6380786 
0.6488129 
0.6427168 
0.6364744 
0.6330267 
0.6208679 
0.6133837 
0.6266002 
0.6281168 
0.6234628 
0.6246510 
0.6238706 
0.6264774 
0.6241230 
0.6254493 
0.6265267 
0.6280037 
0.6265304 
0.6253882 
0.6168874 
0.6180817 
0.6240312 
0.6239529 
0.6251937 
0.6241538 
0.6344369 
0.6395134 
0.6411856 
0.6445180 
0.6406842 
0.6320927 
0.6178835 
0.6110227 
0.6107804 
0.6223933 
0.6266109 
0.6355114 
0.6411345 
0.6412462 
0.6348546 
0.6397689 
0.6619507 
0.6648149 
0.6636304 
0.6623601 
0.6603176 
0.6567890 
0.6504518 
0.6500539 
0.6474555 
0.6504845 
0.6567225 
0.6552349 
0.6492659 
0.6493716 
0.6530512 
0.6558639 
0.6568897 
0.6574270 
0.6686837 
0.6765880 
0.6729630 
0.6691718 
0.6720436 
0.6687689 
0.6686055 
0.6688206 
0.6701029 
0.6810609 
0.6715036 
0.6705233 
0.6620690 
0.6582321 
0.6569349 
0.6512216 
0.6634430 
0.6678522 
0.6660248 
0.6681041 
0.6681388 
0.6680130 
0.6697924 
0.6738437 
0.6766495 
0.6761537 
0.6810373 
0.6836208 
0.6815556 
0.6801862 
0.6819527 
0.6750375 
0.6791874 
0.6772135 
0.6819221 
0.6840839 
0.6901854 
0.6758958 
0.6781803 
0.6719961 
0.6722108 
0.6784949 
0.6755113 
0.6798296 
0.6821824 
0.6760734 
0.6734822 
0.6761233 
0.6804505 
0.6827044 
0.6966050 
0.6974075 
0.6958729 
0.6972573 
0.6978651 
0.6980342 
0.6952848 
0.6948747 
0.6997862 
0.6992630 
0.7024779 
0.7000240 
0.6951809 
0.6844839 
0.6842109 
0.6850208 
0.6791389 
0.6834789 
0.6903755 
0.7015413 
0.6963510 
0.7006446 
0.6994117 
0.6973622 
0.6990762 
0.7039074 
0.6959160 
0.6972405 
0.7043399 
0.7015067 
0.7049806 
0.7037606 
0.7097580 
0.7159790 
0.7298342 
0.7223101 
0.7229242 
0.7190369 
0.7042039 
0.7042890 
0.6965684 
0.6966543 
0.7013831 
0.7006650 
0.6999097 
0.7010802 
0.7024306 
0.6952516 
0.7007655 
0.7025118 
0.7029745 
0.7047415 
0.6889712 
0.6936337 
0.6984447 
0.7050915 
0.7150938 
0.7112093 
0.7054421 
0.7119281 
0.7192714 
0.7196612 
0.7133698 
0.7172173 
0.7181548 
0.7174366 
0.7164879 
0.7217534 
0.7348336 
0.7305150 
0.7206773 
0.7228218 
0.7324528 
0.7347295 
0.7385055 
0.7365591 
0.7363071 
0.7298685 
0.7264331 
0.7255799 
0.7248090 
0.7134718 
0.7063778 
0.7122994 
0.7108770 
0.7035153 
0.6998782 
0.7111317 
0.7189662 
0.7229678 
0.7351890 
0.7328333 
0.7232093 
0.7199149 
0.7232147 
0.7300709 
0.7243264 
0.7301624 
0.7341022 
0.7330382 
0.7283659 
0.7251535 
0.7357447 
0.7340339 
0.7254095 
0.7347010 
0.7357413 
0.7421792 
0.7448491 
0.7432616 
0.7420890 
0.7437748 
0.7477582 
0.7411062 
0.7412446 
0.7301166 
0.7309052 
0.7341042 
0.7411007 
0.7524667 
0.7519282 
0.7623882 
0.7656453 
0.7621151 
0.7597675 
0.7567135 
0.7545344 
0.7447863 
0.7441107 
0.7411540 
0.7348329 
0.7366606 
0.7292367 
0.7327375 
0.7310199 
0.7297519 
0.7357938 
0.7386171 
0.7453657 
0.7512108 
0.7451645 
0.7487802 
0.7546293 
0.7634825 
0.7725911 
0.7826116 
0.7737898 
0.7736168 
0.7638352 
0.7523324 
0.7430152 
0.7408973 
0.7314884 
0.7343094 
0.7271079 
0.7238916 
0.7383873 
0.7475217 
0.7416169 
0.7393802 
0.7438311 
0.7460693 
0.7546229 
0.7665441 
0.7748281 
0.7772987 
0.7819296 
0.7812848 
0.7763224 
0.7704289 
0.7773933 
0.7761382 
0.7680333 
0.7568951 
0.7526032 
0.7504442 
0.7443066 
0.7368299 
0.7366698 
0.7352697 
0.7343903 
0.7441019 
0.7457970 
0.7525190 
0.7552065 
0.7636127 
0.7673690 
0.7787156 
0.7769345 
0.7819536 
0.7869675 
0.7793836 
0.7721900 
0.7679005 
0.7708187 
0.7735683 
0.7690236 
0.7645322 
0.7646997 
0.7635991 
0.7666741 
0.7730669 
0.7736917 
0.7818772 
0.7856402 
0.8079378 
0.8031413 
0.7949614 
0.7885808 
0.7801881 
0.7845158 
0.7847358 
0.7889890 
0.7931169 
0.7913166 
0.7901147 
0.7887575 
0.7885782 
0.7864609 
0.7850285 
0.7844656 
0.7807899 
0.7738526 
0.7623087 
0.7710989 
0.7870118 
0.7874079 
0.7860708 
0.7876735 
0.7871214 
0.7839550 
0.7827124 
0.7840555 
0.7797233 
0.7787472 
0.7749766 
0.7762881 
0.7729542 
0.7719474 
0.7842048 
0.7872336 
0.7923669 
0.7950520 
0.7932988 
0.7989104 
0.7978807 
0.7963927 
0.8044817 
0.8023913 
0.8038603 
0.8065753 
0.8023854 
0.8025451 
0.7919080 
0.7897725 
0.7913487 
0.7955577 
0.7985714 
0.8026404 
0.8047391 
0.8069193 
0.8038345 
0.8060418 
0.8076010 
0.8118924 
0.8087616 
0.8118539 
0.8223458 
0.8202539 
0.8154183 
0.8150267 
0.8100708 
0.8046159 
0.8084422 
0.8184128 
0.8121950 
0.8106401 
0.8117132 
0.8121146 
0.8090647 
0.8188037 
0.8167422 
0.8192598 
0.8106353 
0.8077682 
0.8110195 
0.8088515 
0.7943751 
0.7982589 
0.7966723 
0.8020460 
0.7977481 
0.7899805 
0.7952524 
0.8014157 
0.7959456 
0.7999715 
0.7914311 
0.7877199 
0.7862073 
0.7933473 
0.7877177 
0.7901538 
0.8008529 
0.8009622 
0.8012364 
0.7970359 
0.7982360 
0.8072636 
0.8091307 
0.8166038 
0.8131931 
0.8226442 
0.8193345 
0.8164210 
0.8164046 
0.8174499 
0.8209388 
0.8195818 
0.8056464 
0.8149423 
0.8127991 
0.8095834 
0.8110574 
0.8058914 
0.8057245 
0.8025279 
0.8018855 
0.8102377 
0.8115309 
0.8097082 
0.8155050 
0.8130569 
0.8118942 
0.8080283 
0.8070403 
0.8044299 
0.8055012 
0.8002320 
0.7906824 
0.7850377 
0.7901989 
0.8029982 
0.8159142 
0.8251956 
0.8229803 
0.8158715 
0.8139612 
0.8144230 
0.8124911 
0.8097502 
0.8117853 
0.8121051 
0.8166599 
0.8261239 
0.8269940 
0.8193272 
0.8141091 
0.8109643 
0.8112263 
0.8102177 
0.8119740 
0.8128394 
0.8151066 
0.8217412 
0.8210974 
0.8237286 
0.8279816 
0.8290625 
0.8321080 
0.8348363 
0.8372510 
0.8365075 
0.8335319 
0.8335879 
0.8294796 
0.8292334 
0.8415360 
0.8386688 
0.8357888 
0.8330993 
0.8322826 
0.8253428 
0.8229843 
0.8386510 
0.8406903 
0.8490137 
0.8450355 
0.8568146 
0.8555655 
0.8573956 
0.8476794 
0.8361715 
0.8335577 
0.8367797 
0.8371801 
0.8397576 
0.8390714 
0.8478715 
0.8419276 
0.8453782 
0.8436313 
0.8411877 
0.8442671 
0.8395825 
0.8384814 
0.8331660 
0.8358152 
0.8418013 
0.8341672 
0.8408199 
0.8454665 
0.8544691 
0.8532477 
0.8597438 
0.8642337 
0.8627804 
0.8589870 
0.8650928 
0.8577716 
0.8509207 
0.8540531 
0.8533108 
0.8541307 
0.8538536 
0.8464128 
0.8343528 
0.8409711 
0.8382346 
0.8400054 
0.8391811 
0.8299237 
0.8314760 
0.8435811 
0.8480989 
0.8470662 
0.8494402 
0.8500427 
0.8483706 
0.8478148 
0.8586383 
0.8550259 
0.8485363 
0.8512532 
0.8491488 
0.8450107 
0.8556584 
0.8619786 
0.8529842 
0.8533007 
0.8523936 
0.8554139 
0.8556632 
0.8571943 
0.8570652 
0.8659546 
0.8634747 
0.8620536 
0.8656968 
0.8653100 
0.8550146 
0.8497272 
0.8502442 
0.8462918 
0.8393577 
0.8365486 
0.8380270 
0.8457568 
0.8608113 
0.8670966 
0.8686181 
0.8670390 
0.8696280 
0.8645213 
0.8660658 
0.8656099 
0.8633610 
0.8601076 
0.8549257 
0.8498948 
0.8483450 
0.8528931 
0.8395937 
0.8396696 
0.8401877 
0.8486750 
0.8549428 
0.8593230 
0.8616150 
0.8679416 
0.8659184 
0.8672553 
0.8694234 
0.8690839 
0.8592538 
0.8509299 
0.8458104 
0.8481701 
0.8469957 
0.8523908 
0.8581501 
0.8589867 
0.8660734 
0.8702233 
0.8744633 
0.8774124 
0.8801977 
0.8775833 
0.8747690 
0.8709786 
0.8745025 
0.8847244 
0.8838360 
0.8856041 
0.8830256 
0.8837559 
0.8946043 
0.8916515 
0.8914081 
0.8969408 
0.8908603 
0.9003988 
0.8943000 
0.8955622 
0.9010406 
0.9030330 
0.9041888 
0.9051454 
0.9053775 
0.9020478 
0.8920325 
0.9000579 
0.8973051 
0.8981186 
0.8965788 
0.8987178 
0.9006828 
0.9070667 
0.9086146 
0.9058944 
0.9071692 
0.9080581 
0.9035282 
0.8985032 
0.8994839 
0.9020287 
0.8987176 
0.8975961 
0.8965974 
0.8904754 
0.8922454 
0.9038624 
0.9023346 
0.9034053 
0.9024358 
0.9002532 
0.9039490 
0.8985143 
0.8958362 
0.8968773 
0.8917913 
0.8964865 
0.8945773 
0.8922680 
0.8963691 
0.8861793 
0.8813834 
0.8773566 
0.8832388 
0.8764598 
0.8800864 
0.8820883 
0.8892619 
0.8972713 
0.8942048 
0.8977027 
0.8986951 
0.8962002 
0.8888657 
0.8911009 
0.8887932 
0.8880448 
0.8872656 
0.8857457 
0.8870427 
0.8913875 
0.9003904 
0.9009216 
0.8944027 
0.8945588 
0.8957319 
0.8944114 
0.8915022 
0.8925808 
0.8901785 
0.8924669 
0.8969082 
0.8983101 
0.8979074 
0.8947169 
0.8897075 
0.8873920 
0.8843232 
0.8825061 
0.8839402 
0.8850405 
0.8809395 
0.8860143 
0.8952167 
0.8938861 
0.8868608 
0.8865518 
0.8845315 
0.8858940 
0.8889403 
0.8901528 
0.8875684 
0.8892649 
0.8914555 
0.8929226 
0.8950417 
0.9019381 
0.9018403 
0.9092255 
0.9073251 
0.9091511 
0.9083111 
0.9052614 
0.9134627 
0.9182980 
0.9115868 
0.9174068 
0.9105672 
0.9102112 
0.9107101 
0.9024785 
0.8983603 
0.9003783 
0.8975430 
0.8979230 
0.8953096 
0.8904310 
0.8890012 
0.8838443 
0.8882212 
0.8871685 
0.8881901 
0.8919504 
0.8932499 
0.9032353 
0.9094016 
0.9188541 
0.9195541 
0.9260026 
0.9187868 
0.9152149 
0.9254179 
0.9211852 
0.9171426 
0.9081273 
0.9079618 
0.9096067 
0.9234760 
0.9257525 
0.9292899 
0.9254302 
0.9300151 
0.9283810 
0.9271894 
0.9255953 
0.9217686 
0.9236193 
0.9295344 
0.9260948 
0.9313130 
0.9324022 
0.9336370 
0.9355369 
0.9445486 
0.9486053 
0.9466127 
0.9431800 
0.9419507 
0.9415675 
0.9436894 
0.9369298 
0.9373670 
0.9391048 
0.9395857 
0.9336672 
0.9373066 
0.9455058 
0.9493689 
0.9499550 
0.9533221 
0.9553703 
0.9484260 
0.9396316 
0.9414645 
0.9430918 
0.9459369 
0.9508926 
0.9508651 
0.9473620 
0.9536057 
0.9477462 
0.9418133 
0.9373130 
0.9420612 
0.9452756 
0.9353819 
0.9368191 
0.9370206 
0.9387467 
0.9436384 
0.9449444 
0.9359474 
0.9347682 
0.9374106 
0.9363703 
0.9278703 
0.9195143 
0.9207835 
0.9212227 
0.9244573 
0.9284006 
0.9335741 
0.9326113 
0.9296131 
0.9288182 
0.9305942 
0.9297284 
0.9297384 
0.9365593 
0.9311919 
0.9274192 
0.9303541 
0.9320266 
0.9272910 
0.9215309 
0.9158651 
0.9078510 
0.9074834 
0.9165401 
0.9203531 
0.9246807 
0.9197090 
0.9300488 
0.9251300 
0.9302181 
0.9327904 
0.9305448 
0.9291312 
0.9291854 
0.9241727 
0.9265521 
0.9280036 
0.9244417 
0.9266358 
0.9257841 
0.9255533 
0.9364388 
0.9385103 
0.9354212 
0.9339946 
0.9376925 
0.9330556 
0.9379746 
0.9416236 
0.9351477 
0.9359476 
0.9376559 
0.9359111 
0.9320004 
0.9259598 
0.9185448 
0.9154432 
0.9111532 
0.9148509 
0.9096865 
0.9123931 
0.9122597 
0.9110024 
0.9120827 
0.9141211 
0.9176103 
0.9102702 
0.9152896 
0.9138078 
0.9147146 
0.9167300 
0.9183512 
0.9168617 
0.9266195 
0.9190093 
0.9213920 
0.9286708 
0.9350330 
0.9366872 
0.9449853 
0.9478531 
0.9492754 
0.9467729 
0.9434200 
0.9479286 
0.9542343 
0.9521452 
0.9440916 
0.9506938 
0.9530919 
0.9455311 
0.9442552 
0.9379434 
0.9422443 
0.9445027 
0.9471332 
0.9467646 
0.9457003 
0.9508439 
0.9547626 
0.9570908 
0.9619466 
0.9666918 
0.9720929 
0.9757647 
0.9759769 
0.9729179 
0.9675758 
0.9710913 
0.9727895 
0.9740755 
0.9774221 
0.9875160 
0.9865158 
0.9888282 
0.9857217 
0.9781798 
0.9781050 
0.9810675 
0.9828951 
0.9814582 
0.9829219 
0.9779286 
0.9822005 
0.9892459 
0.9872049 
0.9820149 
0.9791157 
0.9817375 
0.9793534 
0.9699028 
0.9697364 
0.9709888 
0.9690295 
0.9822061 
0.9962865 
1.0000000 
0.9997121 
0.9936942 
0.9872980 
0.9879322 
0.9879155 
0.9845797 
0.9837873 
0.9832794 
0.9862790 
0.9842470 
0.9807444 
0.9750468 
0.9719553 
0.9707051 
0.9714788 
0.9684802 
0.9700353 
0.9659361 
0.9657265 
0.9673034 
0.9663685 
0.9710154 
0.9676545 
0.9651143 
0.9605494 
0.9519977 
