-0.0000388 
-0.0000912 
-0.0000065 
-0.2806173 
0.0735039 
-0.4887142 
0.9958486 
0.9968075 
1.0000000 
0.9984495 
0.9960666 
0.9951885 
0.9953545 
0.9950627 
0.9951457 
0.9920784 
0.9957026 
0.9938289 
0.9894369 
0.9871954 
0.9897048 
0.9831005 
0.9791729 
0.9814686 
0.9802686 
0.9753856 
0.9795450 
0.9884356 
0.9861389 
0.9840643 
0.9859098 
0.9859043 
0.9799490 
0.9795018 
0.9782730 
0.9807351 
0.9772373 
0.9784944 
0.9783483 
0.9758376 
0.9754573 
0.9775395 
0.9750138 
0.9709044 
0.9725741 
0.9742926 
0.9739997 
0.9729438 
0.9712973 
0.9651992 
0.9645578 
0.9680941 
0.9676264 
0.9665110 
0.9679721 
0.9692337 
0.9656653 
0.9655492 
0.9656496 
0.9621576 
0.9623834 
0.9630955 
0.9625732 
0.9607863 
0.9608225 
0.9630474 
0.9599846 
0.9602829 
0.9573540 
0.9546690 
0.9547133 
0.9578640 
0.9521573 
0.9513597 
0.9526306 
0.9526174 
0.9492600 
0.9491485 
0.9478374 
0.9473537 
0.9495506 
0.9511861 
0.9522412 
0.9521462 
0.9521659 
0.9538403 
0.9532600 
0.9482313 
0.9484405 
0.9455738 
0.9439427 
0.9432704 
0.9436011 
0.9398090 
0.9403054 
0.9403198 
0.9387672 
0.9387891 
0.9411968 
0.9362138 
0.9346849 
0.9356219 
0.9371733 
0.9355449 
0.9306259 
0.9274536 
0.9288188 
0.9289795 
0.9270200 
0.9263269 
0.9250523 
0.9230394 
0.9279665 
0.9273398 
0.9261953 
0.9266680 
0.9260081 
0.9224647 
0.9274691 
0.9260942 
0.9229775 
0.9234044 
0.9198814 
0.9205448 
0.9189229 
0.9180556 
0.9223567 
0.9210656 
0.9189065 
0.9208088 
0.9223812 
0.9215430 
0.9214710 
0.9219361 
0.9218179 
0.9223641 
0.9233195 
0.9210098 
0.9190229 
0.9190923 
0.9179266 
0.9169879 
0.9158434 
0.9147503 
0.9153556 
0.9167818 
0.9194293 
0.9180756 
0.9156116 
0.9160805 
0.9173944 
0.9154913 
0.9130573 
0.9150241 
0.9149747 
0.9138929 
0.9125988 
0.9119034 
0.9133056 
0.9106496 
0.9103002 
0.9105258 
0.9117427 
0.9130871 
0.9104020 
0.9111806 
0.9101971 
0.9096901 
0.9089230 
0.9046822 
0.9063448 
0.9054658 
0.9042552 
0.9018525 
0.9041661 
0.9028108 
0.9006161 
0.8982780 
0.8976448 
0.8971424 
0.8965983 
0.8993556 
0.8991508 
0.8980777 
0.8979624 
0.8945338 
0.8963328 
0.8992005 
0.8976494 
0.8917040 
0.8918601 
0.8892211 
0.8906949 
0.8915476 
0.8895872 
0.8903523 
0.8854471 
0.8835072 
0.8854931 
0.8833645 
0.8845215 
0.8848502 
0.8847780 
0.8836147 
0.8824145 
0.8811984 
0.8825905 
0.8798283 
0.8794225 
0.8792789 
0.8756957 
0.8741515 
0.8722235 
0.8745367 
0.8760847 
0.8769076 
0.8756064 
0.8765772 
0.8782074 
0.8801991 
0.8795791 
0.8821474 
0.8811143 
0.8807320 
0.8810553 
0.8852309 
0.8842038 
0.8850188 
0.8823532 
0.8804398 
0.8805264 
0.8814682 
0.8804178 
0.8778629 
0.8768755 
0.8763829 
0.8752684 
0.8786327 
0.8771461 
0.8758559 
0.8733153 
0.8715394 
0.8709483 
0.8681378 
0.8696317 
0.8712018 
0.8717483 
0.8668740 
0.8670106 
0.8697079 
0.8703649 
0.8684904 
0.8662734 
0.8627683 
0.8600989 
0.8602942 
0.8603790 
0.8611767 
0.8595915 
0.8596623 
0.8579339 
0.8581490 
0.8537381 
0.8567693 
0.8545065 
0.8509823 
0.8512338 
0.8524657 
0.8521907 
0.8533653 
0.8517835 
0.8520747 
0.8513056 
0.8513790 
0.8505164 
0.8481790 
0.8483881 
0.8485739 
0.8464509 
0.8465351 
0.8460034 
0.8472919 
0.8497526 
0.8455041 
0.8443942 
0.8437381 
0.8449318 
0.8424814 
0.8413408 
0.8411238 
0.8397104 
0.8384140 
0.8383881 
0.8379918 
0.8400213 
0.8414868 
0.8451520 
0.8460892 
0.8419775 
0.8381038 
0.8386853 
0.8378061 
0.8363551 
0.8355087 
0.8328538 
0.8323253 
0.8319603 
0.8288502 
0.8315333 
0.8316250 
0.8314139 
0.8318713 
0.8323135 
0.8300582 
0.8340728 
0.8351508 
0.8373143 
0.8367331 
0.8342840 
0.8328997 
0.8317692 
0.8296138 
0.8289333 
0.8269309 
0.8281382 
0.8243973 
0.8280817 
0.8290534 
0.8279672 
0.8305813 
0.8309327 
0.8280658 
0.8307426 
0.8278618 
0.8287178 
0.8281300 
0.8282916 
0.8241267 
0.8240011 
0.8229458 
0.8240848 
0.8252902 
0.8247069 
0.8297134 
0.8293378 
0.8283788 
0.8254866 
0.8217705 
0.8188975 
0.8180462 
0.8162977 
0.8174672 
0.8205893 
0.8208662 
0.8157101 
0.8152181 
0.8171170 
0.8199693 
0.8174019 
0.8160360 
0.8134574 
0.8128508 
0.8093099 
0.8093777 
0.8125738 
0.8125232 
0.8134886 
0.8103624 
0.8111494 
0.8104048 
0.8107984 
0.8090714 
0.8101045 
0.8127911 
0.8148091 
0.8131371 
0.8130202 
0.8113003 
0.8147459 
0.8146320 
0.8129584 
0.8116072 
0.8087823 
0.8109253 
0.8101410 
0.8118414 
0.8119772 
0.8131491 
0.8161932 
0.8194705 
0.8202064 
0.8169119 
0.8168340 
0.8143290 
0.8117156 
0.8103270 
0.8113087 
0.8107321 
0.8087874 
0.8098240 
0.8108261 
0.8129775 
0.8136507 
0.8076052 
0.8115060 
0.8119422 
0.8088346 
0.8050924 
0.8033169 
0.8065154 
0.8057732 
0.8029182 
0.8030977 
0.8056250 
0.8030174 
0.8019928 
0.8013781 
0.8039251 
0.7992188 
0.7958652 
0.7937458 
0.7957727 
0.7936461 
0.7941181 
0.7935813 
0.7935137 
0.7911844 
0.7919973 
0.7960345 
0.7965784 
0.7921980 
0.7905083 
0.7895141 
0.7864095 
0.7834622 
0.7828713 
0.7843555 
0.7843188 
0.7845506 
0.7846515 
0.7861375 
0.7851654 
0.7816505 
0.7785025 
0.7821397 
0.7804730 
0.7812161 
0.7789357 
0.7765797 
0.7800057 
0.7793115 
0.7794786 
0.7771042 
0.7785327 
0.7772114 
0.7758054 
0.7754426 
0.7774585 
0.7767611 
0.7763394 
0.7754885 
0.7729096 
0.7730526 
0.7741673 
0.7669507 
0.7651019 
0.7690443 
0.7727616 
0.7661454 
0.7675080 
0.7703730 
0.7703148 
0.7691716 
0.7674301 
0.7689862 
0.7663167 
0.7653871 
0.7658004 
0.7664703 
0.7666517 
0.7680513 
0.7701386 
0.7655565 
0.7653480 
0.7675287 
0.7646555 
0.7604618 
0.7654074 
0.7637609 
0.7625965 
0.7613134 
0.7589852 
0.7577949 
0.7576566 
0.7575109 
0.7585173 
0.7563560 
0.7554819 
0.7535759 
0.7544784 
0.7554431 
0.7564486 
0.7533233 
0.7541661 
0.7536910 
0.7502731 
0.7505938 
0.7502490 
0.7527254 
0.7529159 
0.7525441 
0.7518653 
0.7492492 
0.7486288 
0.7491838 
0.7483155 
0.7480622 
0.7476165 
0.7473268 
0.7468896 
0.7441567 
0.7426937 
0.7426416 
0.7406511 
0.7397922 
0.7415047 
0.7419244 
0.7426718 
0.7423776 
0.7403482 
0.7406592 
0.7372046 
0.7371546 
0.7379457 
0.7375899 
0.7362428 
0.7366410 
0.7356308 
0.7389442 
0.7390625 
0.7366848 
0.7374822 
0.7391596 
0.7373115 
0.7393766 
0.7358346 
0.7334298 
0.7338096 
0.7341362 
0.7344800 
0.7343867 
0.7343344 
0.7352121 
0.7348892 
0.7335085 
0.7323618 
0.7318068 
0.7340176 
0.7316009 
0.7312592 
0.7311351 
0.7315497 
0.7307914 
0.7307649 
0.7300180 
0.7298999 
0.7293458 
0.7283068 
0.7302672 
0.7314684 
0.7296082 
0.7303829 
0.7316562 
0.7282723 
0.7284898 
0.7305400 
0.7281456 
0.7296826 
0.7271482 
0.7277673 
0.7279372 
0.7271000 
0.7262639 
0.7283199 
0.7261548 
0.7239449 
0.7236295 
0.7243615 
0.7262358 
0.7248475 
0.7212037 
0.7211186 
0.7215405 
0.7195859 
0.7183715 
0.7171459 
0.7128473 
0.7119255 
0.7097916 
0.7054976 
0.7072707 
0.7072881 
0.7065743 
0.7093385 
0.7111422 
0.7104555 
0.7123847 
0.7121822 
0.7130253 
0.7132965 
0.7086806 
0.7104055 
0.7114362 
0.7116122 
0.7111427 
0.7144118 
0.7152357 
0.7162890 
0.7168819 
0.7144957 
0.7138174 
0.7134767 
0.7109394 
0.7121633 
0.7162556 
0.7161823 
0.7132892 
0.7061951 
0.7030582 
0.7000921 
0.6997570 
0.7005456 
0.7012270 
0.7001844 
0.7003558 
0.7002784 
0.7010739 
0.6992382 
0.7008476 
0.6979167 
0.7005506 
0.7023886 
0.7045239 
0.7052952 
0.7074966 
0.7039893 
0.7038516 
0.7032714 
0.7035440 
0.7019798 
0.7031662 
0.7021709 
0.7035437 
0.7012198 
0.7010776 
0.7011730 
0.7019302 
0.7000119 
0.6985926 
0.6966619 
0.6964274 
0.6967147 
0.6952228 
0.6980640 
0.6998483 
0.6984628 
0.6962022 
0.6915217 
0.6938274 
0.6935595 
0.6955632 
0.6954173 
0.6940502 
0.6927619 
0.6937474 
0.6930824 
0.6914276 
0.6908418 
0.6866753 
0.6841959 
0.6827403 
0.6850212 
0.6854889 
0.6873668 
0.6846766 
0.6836801 
0.6823998 
0.6814045 
0.6803926 
0.6787510 
0.6822818 
0.6814890 
0.6835455 
0.6820774 
0.6810048 
0.6787223 
0.6791293 
0.6791997 
0.6839133 
0.6822036 
0.6834757 
0.6807231 
0.6803071 
0.6784550 
0.6810991 
0.6803432 
0.6816186 
0.6828806 
0.6805540 
0.6785948 
0.6780367 
0.6770929 
0.6787757 
0.6741574 
0.6756946 
0.6763947 
0.6768707 
0.6781296 
0.6741178 
0.6757718 
0.6762694 
0.6756802 
0.6747482 
0.6740563 
0.6731881 
0.6710512 
0.6661570 
0.6684431 
0.6669074 
0.6668041 
0.6661028 
0.6640896 
0.6645026 
0.6624367 
0.6657561 
0.6634298 
0.6651642 
0.6628756 
0.6630349 
0.6603419 
0.6603231 
0.6618724 
0.6621055 
0.6626055 
0.6614938 
0.6599161 
0.6598759 
0.6590661 
0.6584282 
0.6568437 
0.6566591 
0.6561940 
0.6553945 
0.6547175 
0.6532170 
0.6518042 
0.6523121 
0.6548592 
0.6561438 
0.6565113 
0.6580825 
0.6574463 
0.6593489 
0.6596485 
0.6595001 
0.6580058 
0.6558465 
0.6554227 
0.6526028 
0.6509873 
0.6503623 
0.6490649 
0.6474671 
0.6480076 
0.6507021 
0.6501668 
0.6514766 
0.6515692 
0.6496866 
0.6465834 
0.6448924 
0.6393865 
0.6389660 
0.6367046 
0.6355814 
0.6336319 
0.6353310 
0.6354214 
0.6366342 
0.6442749 
0.6450070 
0.6416678 
0.6404168 
0.6410913 
0.6386673 
0.6317068 
0.6326310 
0.6323402 
0.6299542 
0.6303431 
0.6328682 
0.6323090 
0.6315107 
0.6320751 
0.6330348 
0.6334384 
0.6336345 
0.6301835 
0.6267552 
0.6273682 
0.6248760 
0.6236807 
0.6299463 
0.6286794 
0.6300010 
0.6332319 
0.6365093 
0.6338795 
0.6328049 
0.6336808 
0.6329191 
0.6354987 
0.6380336 
0.6368517 
0.6346295 
0.6351586 
0.6334878 
0.6301995 
0.6326369 
0.6349938 
0.6322397 
0.6312494 
0.6283204 
0.6249663 
0.6252815 
0.6256025 
0.6241940 
0.6230663 
0.6214225 
0.6212913 
0.6205938 
0.6203934 
0.6208816 
0.6198905 
0.6185616 
0.6223862 
0.6216924 
0.6204946 
0.6223345 
0.6198912 
0.6206967 
0.6180885 
0.6155367 
0.6156939 
0.6156302 
0.6150827 
0.6154237 
0.6159048 
0.6164973 
0.6145553 
0.6123334 
0.6131299 
0.6136441 
0.6124970 
0.6112342 
0.6136095 
0.6157774 
0.6141001 
0.6136159 
0.6117692 
0.6116058 
0.6132465 
0.6121569 
0.6112872 
0.6137205 
0.6122629 
0.6139981 
0.6081856 
0.6069726 
0.6100555 
0.6075037 
0.6063084 
0.6049470 
0.6081117 
0.6061604 
0.6050553 
0.6054240 
0.6037595 
0.6037170 
0.6033206 
0.6023674 
0.6028752 
0.6021395 
0.6024803 
0.6019602 
0.6029910 
0.6018089 
0.5993531 
0.5988939 
0.5983424 
0.5970259 
0.5962761 
0.5964144 
0.5966192 
0.5948806 
0.5948165 
0.5965832 
0.5952999 
0.5948139 
0.5926303 
0.5923507 
0.5926362 
0.5919063 
0.5919375 
0.5918249 
0.5902754 
0.5888733 
0.5896318 
0.5880395 
0.5899865 
0.5936727 
0.5919750 
0.5926248 
0.5905445 
0.5873881 
0.5858460 
0.5846588 
0.5870652 
0.5912233 
0.5922149 
0.5914050 
0.5900574 
0.5870166 
0.5873512 
0.5859264 
0.5834865 
0.5830269 
0.5834260 
0.5818648 
0.5813158 
0.5787128 
0.5780796 
0.5771163 
0.5774804 
0.5784244 
0.5804123 
0.5813617 
0.5808271 
0.5815244 
0.5794488 
0.5787830 
0.5777837 
0.5747890 
0.5760668 
0.5761925 
0.5753816 
0.5729474 
0.5706209 
0.5694071 
0.5694243 
0.5705957 
0.5740195 
0.5716792 
0.5695766 
0.5687847 
0.5700963 
0.5683580 
0.5676236 
0.5701339 
0.5694090 
0.5708963 
0.5714275 
0.5650731 
0.5657899 
0.5666804 
0.5682806 
0.5664876 
0.5668461 
0.5654012 
0.5661395 
0.5664304 
0.5680610 
0.5670357 
0.5667311 
0.5650810 
0.5653757 
0.5652364 
0.5647102 
0.5639415 
0.5641223 
0.5623686 
0.5593480 
0.5598271 
0.5557039 
0.5561931 
0.5547896 
0.5556719 
0.5550856 
0.5544122 
0.5529973 
0.5512564 
0.5492521 
0.5487932 
0.5515532 
0.5506750 
0.5508917 
0.5499731 
0.5524103 
0.5524895 
0.5515504 
0.5488834 
0.5473766 
0.5466512 
0.5491801 
0.5484411 
0.5476259 
0.5492929 
0.5492138 
0.5485067 
0.5492755 
0.5476846 
0.5478674 
0.5487434 
0.5478833 
0.5471723 
0.5468187 
0.5468158 
0.5474097 
0.5462632 
0.5455216 
0.5455644 
0.5451549 
0.5437505 
0.5443307 
0.5438809 
0.5439880 
0.5443576 
0.5427439 
0.5429026 
0.5412904 
0.5410849 
0.5374921 
0.5387826 
0.5403278 
0.5402732 
0.5388937 
0.5384364 
0.5390913 
0.5397847 
0.5392803 
0.5396431 
0.5390931 
0.5386797 
0.5396639 
0.5417205 
0.5428027 
0.5410648 
0.5416197 
0.5442002 
0.5439688 
0.5432304 
0.5424764 
0.5430857 
0.5406370 
0.5395568 
0.5379265 
0.5387497 
0.5375804 
0.5349568 
0.5369159 
0.5383841 
0.5383454 
0.5384908 
0.5357736 
0.5361268 
0.5357144 
0.5376840 
0.5339631 
0.5335069 
0.5321561 
0.5324829 
0.5344134 
0.5309797 
0.5303658 
0.5321873 
0.5338447 
0.5334860 
0.5338417 
0.5324983 
0.5316103 
0.5308465 
0.5300727 
0.5318670 
0.5326909 
0.5317844 
0.5322891 
0.5322192 
0.5301534 
0.5295976 
0.5278342 
0.5292576 
0.5284936 
0.5290330 
0.5303736 
0.5307724 
0.5299973 
0.5325610 
0.5298345 
0.5282056 
0.5272098 
0.5277027 
0.5259519 
0.5240841 
0.5230969 
0.5227110 
0.5214183 
0.5209872 
0.5192469 
0.5180475 
0.5167162 
0.5161392 
0.5175433 
0.5195672 
0.5203598 
0.5209863 
0.5203565 
0.5178640 
0.5186175 
0.5153984 
0.5158916 
0.5147737 
0.5161992 
0.5145473 
0.5147127 
0.5153099 
0.5177762 
0.5164503 
0.5156040 
0.5148385 
0.5156322 
0.5148901 
0.5143416 
0.5134619 
0.5119605 
0.5108966 
0.5107355 
0.5135600 
0.5115508 
0.5110651 
0.5085263 
0.5089110 
0.5110581 
0.5116925 
0.5124687 
0.5099264 
0.5098259 
0.5092288 
0.5064846 
0.5082789 
0.5094287 
0.5084160 
0.5087402 
0.5091355 
0.5100577 
0.5079755 
0.5052772 
0.5043602 
0.5060093 
0.5034419 
0.5040469 
0.5049094 
0.5043114 
0.5054830 
0.5037914 
0.5051433 
0.5046213 
0.5029755 
0.5026932 
0.5026049 
0.5014073 
0.5021895 
0.5027363 
0.5044511 
0.5016365 
0.5019433 
0.4991389 
0.4985042 
0.4974289 
0.4964665 
0.4958481 
0.4980380 
0.4946861 
0.4933594 
0.4945539 
0.4953731 
0.4959591 
0.4918673 
0.4915780 
0.4972667 
0.4981129 
0.5000362 
0.4982404 
0.4973055 
0.4936963 
0.4919397 
0.4903044 
0.4888506 
0.4908651 
0.4890783 
0.4877293 
0.4868730 
0.4865254 
0.4861472 
0.4848162 
0.4843990 
0.4831383 
0.4841785 
0.4837245 
0.4821001 
0.4823870 
0.4820588 
0.4828899 
0.4813103 
0.4830519 
0.4819119 
0.4825932 
0.4815582 
0.4806471 
0.4814186 
0.4788650 
0.4804508 
0.4810341 
0.4824869 
0.4811519 
0.4842334 
0.4828925 
0.4814022 
0.4798553 
0.4801674 
0.4795286 
0.4772137 
0.4779408 
0.4784989 
0.4806313 
0.4785193 
0.4786753 
0.4786635 
0.4784323 
0.4778327 
0.4751887 
0.4758646 
0.4752209 
0.4758970 
0.4754302 
0.4737727 
0.4745812 
0.4734397 
0.4751177 
0.4767276 
0.4783577 
0.4779484 
0.4766556 
0.4754314 
0.4746281 
0.4744292 
0.4738988 
0.4747898 
0.4765147 
0.4750561 
0.4746304 
0.4741500 
0.4719461 
0.4723528 
0.4739286 
0.4736064 
0.4735736 
0.4712531 
0.4717049 
0.4707359 
0.4718168 
0.4733166 
0.4718942 
0.4712371 
0.4746536 
0.4732576 
0.4743247 
0.4722754 
0.4713334 
0.4713389 
0.4715794 
0.4720186 
0.4752255 
0.4763976 
0.4733668 
0.4740239 
0.4749172 
0.4726963 
0.4723732 
0.4703599 
0.4733230 
0.4707321 
0.4684090 
0.4666228 
0.4673771 
0.4671639 
0.4663813 
0.4663608 
0.4666454 
0.4648739 
0.4629217 
0.4635199 
0.4614087 
0.4607998 
0.4625674 
0.4647077 
0.4655338 
0.4614580 
0.4588846 
0.4604305 
0.4586646 
0.4581538 
0.4583180 
0.4567704 
0.4556314 
0.4534030 
0.4533046 
0.4540785 
0.4530981 
0.4523084 
0.4533171 
0.4516129 
0.4526846 
0.4517742 
0.4504973 
0.4532550 
0.4535833 
0.4522832 
0.4532501 
0.4516081 
0.4509949 
0.4514618 
0.4512483 
0.4509906 
0.4522813 
0.4497706 
0.4491096 
0.4514459 
0.4530283 
0.4517460 
0.4528335 
0.4467306 
0.4475803 
0.4451075 
0.4442843 
0.4396016 
0.4387476 
0.4392159 
0.4413251 
0.4411556 
0.4395410 
0.4386578 
0.4378459 
0.4366117 
0.4353328 
0.4354590 
0.4359669 
0.4347709 
0.4364758 
0.4351216 
0.4353632 
0.4340522 
0.4331475 
0.4358171 
0.4363832 
0.4378956 
0.4357299 
0.4352771 
0.4343640 
0.4342100 
0.4337188 
0.4338932 
0.4340857 
0.4355607 
0.4361650 
0.4348701 
0.4355316 
0.4322985 
0.4320389 
0.4298482 
0.4304776 
0.4314763 
0.4290623 
0.4298005 
0.4300862 
0.4286072 
0.4268089 
0.4270172 
0.4280424 
0.4274024 
0.4294675 
0.4305921 
0.4317743 
0.4313892 
0.4322820 
0.4341263 
0.4376953 
0.4382373 
0.4366824 
0.4343332 
0.4313301 
0.4300484 
0.4283559 
0.4278998 
0.4267387 
0.4258611 
0.4263210 
0.4258928 
0.4232785 
0.4227965 
0.4237805 
0.4246254 
0.4249223 
0.4244694 
0.4236439 
0.4219274 
0.4228793 
0.4231569 
0.4208725 
0.4198014 
0.4199574 
0.4197536 
0.4186105 
0.4193220 
0.4187233 
0.4194691 
0.4168514 
0.4165084 
0.4172480 
0.4173319 
0.4158575 
0.4158965 
0.4171304 
0.4166712 
0.4168441 
0.4163802 
0.4161016 
0.4165278 
0.4152605 
0.4137239 
0.4125232 
0.4152004 
0.4146548 
0.4141555 
0.4146522 
0.4144989 
0.4158021 
0.4158408 
0.4135831 
0.4142595 
0.4138814 
0.4159036 
0.4145690 
0.4126375 
0.4116861 
0.4108678 
0.4082893 
0.4077015 
0.4083555 
0.4072652 
0.4085281 
0.4122297 
0.4105458 
0.4099474 
0.4092061 
0.4104530 
0.4090837 
0.4086818 
0.4079889 
0.4059215 
0.4052039 
0.4052211 
0.4019779 
0.4036252 
0.4042000 
0.4059304 
0.4077405 
0.4059318 
0.4070712 
0.4051083 
0.4050819 
0.4041809 
0.4036762 
0.4033325 
0.4058418 
0.4039254 
0.4048642 
0.4043307 
0.4053917 
0.4037773 
0.4023569 
0.3991476 
0.4006794 
0.4005324 
0.4004101 
0.4010806 
0.4012702 
0.4036913 
0.4043958 
0.4032933 
0.4018605 
0.4013033 
0.4010596 
0.3981295 
0.3966835 
0.3948128 
0.3958537 
0.3963997 
0.3971823 
0.3971471 
0.3958612 
0.3949485 
0.3949175 
0.3929705 
0.3943960 
0.3962735 
0.3983696 
0.3966848 
0.3978271 
0.3966105 
0.3970730 
0.3984305 
0.4012162 
0.3982187 
0.3947996 
0.3950849 
0.3937201 
0.3953505 
0.3953020 
0.3959577 
0.3964092 
0.3951652 
0.3944550 
0.3940061 
0.3933727 
0.3925468 
0.3936346 
0.3955810 
0.3977765 
0.3976780 
0.3971109 
0.3964325 
0.3918459 
0.3905566 
0.3908973 
0.3900488 
0.3891766 
0.3867860 
0.3879703 
0.3889930 
0.3902250 
0.3872120 
0.3867478 
0.3861290 
0.3851972 
0.3842950 
0.3845638 
0.3845819 
0.3854192 
0.3862083 
0.3879335 
0.3867709 
0.3827771 
0.3829888 
0.3854592 
0.3828476 
0.3837551 
0.3832533 
0.3814258 
0.3808449 
0.3820586 
0.3812290 
0.3800565 
0.3800866 
0.3763852 
0.3757243 
0.3749648 
0.3782603 
0.3779139 
0.3783904 
0.3778150 
0.3805909 
0.3826611 
0.3816704 
0.3824518 
0.3818025 
0.3774257 
0.3773264 
0.3744423 
0.3731869 
0.3712854 
0.3726862 
0.3750263 
0.3759025 
0.3779377 
0.3780207 
0.3740140 
0.3726960 
0.3726975 
0.3707922 
0.3718608 
0.3724405 
0.3727799 
0.3732627 
0.3714247 
0.3707283 
0.3690284 
0.3695163 
0.3697695 
0.3691447 
0.3693935 
0.3706127 
0.3700880 
0.3701005 
0.3701173 
0.3678781 
0.3680741 
0.3669109 
0.3646273 
0.3657579 
0.3652352 
0.3633851 
0.3639228 
0.3654857 
0.3650224 
0.3632478 
0.3615177 
0.3612423 
0.3594027 
0.3607162 
0.3610372 
0.3598778 
0.3601866 
0.3588463 
0.3574120 
0.3573832 
0.3561364 
0.3582600 
0.3593976 
0.3598708 
0.3576952 
0.3546560 
0.3544216 
0.3558918 
0.3567061 
0.3561343 
0.3554860 
0.3551179 
0.3551814 
0.3584087 
0.3568177 
0.3537420 
0.3529404 
0.3517560 
0.3516622 
0.3500219 
0.3519896 
0.3540313 
0.3531911 
0.3527998 
0.3570048 
0.3582511 
0.3577959 
0.3570257 
0.3552964 
0.3519068 
0.3498227 
0.3488704 
0.3510928 
0.3494270 
0.3483135 
0.3476242 
0.3472130 
0.3509771 
0.3525187 
0.3533939 
0.3538592 
0.3530907 
0.3511616 
0.3492017 
0.3502350 
0.3510123 
0.3505871 
0.3524699 
0.3510818 
0.3522085 
0.3510969 
0.3510768 
0.3505306 
0.3494051 
0.3493653 
0.3509062 
0.3516741 
0.3511993 
0.3500605 
0.3499998 
0.3502233 
0.3507342 
0.3491959 
0.3505953 
0.3486501 
0.3448556 
0.3451802 
0.3436415 
0.3449872 
0.3445352 
0.3463464 
0.3445115 
0.3432801 
0.3431620 
0.3416465 
0.3421038 
0.3437823 
0.3435440 
0.3439165 
0.3444432 
0.3437076 
0.3466087 
0.3467397 
0.3484880 
0.3500729 
0.3499939 
0.3505566 
0.3514435 
0.3505805 
0.3500731 
0.3470859 
0.3395924 
0.3381349 
0.3352863 
0.3358628 
0.3347109 
0.3349868 
0.3347961 
0.3365273 
0.3367539 
0.3364947 
0.3364086 
0.3341008 
0.3331945 
0.3319565 
0.3312848 
0.3307252 
0.3300255 
0.3285259 
0.3320158 
0.3316686 
0.3292676 
0.3294075 
0.3300609 
0.3293847 
0.3273416 
0.3271589 
0.3266251 
0.3262119 
0.3253654 
0.3249447 
0.3248540 
0.3267761 
0.3273089 
0.3261541 
0.3255901 
0.3247866 
0.3243338 
0.3240797 
0.3243856 
0.3248600 
0.3248640 
0.3227006 
0.3223220 
0.3225858 
0.3241699 
0.3250882 
0.3255269 
0.3255170 
0.3271214 
0.3251497 
0.3216476 
0.3221920 
0.3210655 
0.3210896 
0.3233212 
0.3232461 
0.3188328 
0.3190449 
0.3201781 
0.3218012 
0.3222426 
0.3219543 
0.3198141 
0.3198799 
0.3173173 
0.3189630 
0.3210104 
0.3224713 
0.3226812 
0.3210112 
0.3199335 
0.3190473 
0.3174241 
0.3181607 
0.3186886 
0.3189702 
0.3192610 
0.3154924 
0.3140320 
0.3151099 
0.3166140 
0.3184016 
0.3197353 
0.3182429 
0.3159202 
0.3140880 
0.3170128 
0.3189792 
0.3212647 
0.3215559 
0.3200803 
0.3180640 
0.3160366 
0.3154343 
0.3157650 
0.3161156 
0.3182351 
0.3178997 
0.3177662 
0.3145986 
0.3155964 
0.3158040 
0.3150862 
0.3164353 
0.3172282 
0.3158475 
0.3142144 
0.3130342 
0.3116099 
0.3137728 
0.3129937 
0.3126960 
0.3119488 
0.3097565 
0.3080233 
0.3073209 
0.3052188 
0.3054062 
0.3063959 
0.3092776 
0.3087581 
0.3091398 
0.3091086 
0.3084423 
0.3082406 
0.3083700 
0.3072616 
0.3059796 
0.3056474 
0.3061629 
0.3062238 
0.3074321 
0.3068905 
0.3058646 
0.3056115 
0.3034162 
0.3028089 
0.3021932 
0.3026923 
0.3030960 
0.3043481 
0.3051463 
0.3065607 
0.3072726 
0.3070296 
0.3069788 
0.3062797 
0.3058191 
0.3063347 
0.3071048 
0.3073485 
0.3072683 
0.3067391 
0.3063409 
0.3073211 
0.3082287 
0.3075819 
0.3062990 
0.3042621 
0.3022633 
0.2980266 
0.2983950 
0.2965162 
0.2949187 
0.2949294 
0.2981746 
0.2988599 
0.3003581 
0.3024124 
0.3015249 
0.2990496 
0.2999569 
0.2997959 
0.2988201 
0.2980461 
0.2967848 
0.2958987 
0.2973948 
0.2984406 
0.2961278 
0.2948551 
0.2931759 
0.2948166 
0.2952492 
0.2942352 
0.2952268 
0.2951121 
0.2954518 
0.2941902 
0.2935493 
0.2925356 
0.2918728 
0.2932219 
0.2929270 
0.2922603 
0.2933148 
0.2923667 
0.2929553 
0.2945088 
0.2947194 
0.2945365 
0.2947602 
0.2942506 
0.2916664 
0.2899404 
0.2904387 
0.2908532 
0.2896241 
0.2896943 
0.2908336 
0.2894682 
0.2896624 
0.2891491 
0.2893376 
0.2887214 
0.2870857 
0.2859852 
0.2878629 
0.2903623 
0.2888260 
0.2908881 
0.2921183 
0.2902493 
0.2901768 
0.2903840 
0.2869892 
0.2857410 
0.2864057 
0.2866144 
0.2858820 
0.2844990 
0.2837417 
0.2826384 
0.2844280 
0.2843320 
0.2870966 
0.2864921 
0.2857037 
0.2861441 
0.2876583 
0.2863790 
0.2874204 
0.2865052 
0.2854637 
0.2842181 
0.2842856 
0.2871124 
0.2859328 
0.2863539 
0.2863221 
0.2872785 
0.2890027 
0.2865955 
0.2843274 
0.2796635 
0.2779878 
0.2776127 
0.2781636 
0.2780251 
0.2762998 
0.2761866 
0.2750169 
0.2737192 
0.2743564 
0.2741351 
0.2758003 
0.2770300 
0.2773045 
0.2765029 
0.2763862 
0.2754975 
0.2736157 
0.2714680 
0.2683645 
0.2689852 
0.2692562 
0.2697329 
0.2669932 
0.2664756 
0.2658710 
0.2687036 
0.2699570 
0.2701297 
0.2700034 
0.2689124 
0.2685726 
0.2670674 
0.2680034 
0.2681014 
0.2679522 
0.2666799 
0.2659526 
0.2668214 
0.2672545 
0.2662056 
0.2661946 
0.2660859 
0.2642842 
0.2642797 
0.2631968 
0.2625523 
0.2621680 
0.2632269 
0.2639332 
0.2646808 
0.2645297 
0.2675828 
0.2661898 
0.2672243 
0.2650329 
0.2627778 
0.2598364 
0.2606127 
0.2607390 
0.2613003 
0.2606593 
0.2610964 
0.2623168 
0.2629892 
0.2605669 
0.2602011 
0.2609776 
0.2612568 
0.2597014 
0.2603698 
0.2595752 
0.2601138 
0.2583961 
0.2598642 
0.2591764 
0.2608014 
0.2601316 
0.2583224 
0.2595411 
0.2615016 
0.2612137 
0.2615926 
0.2603005 
0.2597704 
0.2601437 
0.2596813 
0.2593499 
0.2563572 
0.2544867 
0.2581508 
0.2587449 
0.2581685 
0.2562007 
0.2583254 
0.2572928 
0.2570108 
0.2581651 
0.2605466 
0.2573947 
0.2579991 
0.2547718 
0.2543208 
0.2522198 
0.2521349 
0.2527652 
0.2504594 
0.2514420 
0.2529935 
0.2525718 
0.2512301 
0.2489983 
0.2483059 
0.2495277 
0.2498597 
0.2499193 
0.2493340 
0.2493515 
0.2485923 
0.2490500 
0.2492154 
0.2487009 
0.2492698 
0.2478841 
0.2475822 
0.2483820 
0.2476130 
0.2469201 
0.2487795 
0.2495384 
0.2499481 
0.2506726 
0.2491738 
0.2486752 
0.2467790 
0.2453672 
0.2445682 
0.2449955 
0.2455529 
0.2488387 
0.2504065 
0.2509372 
0.2494638 
0.2456391 
0.2438250 
0.2454047 
0.2452367 
0.2455297 
0.2463295 
0.2463765 
0.2432827 
0.2446820 
0.2434872 
0.2430384 
0.2444686 
0.2433347 
0.2436060 
0.2430465 
0.2433146 
0.2414762 
0.2411804 
0.2407534 
0.2403825 
0.2408992 
0.2416229 
0.2433380 
0.2409582 
0.2393114 
0.2379485 
0.2369535 
0.2351492 
0.2324781 
0.2316438 
0.2315222 
0.2335112 
0.2348260 
0.2364122 
0.2377946 
0.2372475 
0.2363282 
0.2373370 
0.2377047 
0.2382092 
0.2400468 
0.2388666 
0.2388528 
0.2380395 
0.2379674 
0.2373256 
0.2386936 
0.2397843 
0.2395482 
0.2362713 
0.2360503 
0.2366216 
0.2352744 
0.2311285 
0.2321446 
0.2344533 
0.2362163 
0.2353970 
0.2356368 
0.2350460 
0.2347858 
0.2337461 
0.2316843 
0.2302412 
0.2314482 
0.2314971 
0.2314008 
0.2310710 
0.2316085 
0.2305045 
0.2317513 
0.2304828 
0.2307986 
0.2312873 
0.2317904 
0.2320224 
0.2281574 
0.2261504 
0.2264176 
0.2279607 
0.2282520 
0.2280364 
0.2264056 
0.2280493 
0.2285744 
0.2274378 
0.2280014 
0.2271711 
0.2273903 
0.2273381 
0.2231871 
0.2242675 
0.2262003 
0.2259537 
0.2233596 
0.2248160 
0.2242379 
0.2240938 
0.2242564 
0.2244046 
0.2233307 
0.2206967 
0.2215665 
0.2216622 
0.2238931 
0.2243065 
0.2239550 
0.2232197 
0.2207543 
0.2176933 
0.2185609 
0.2206298 
0.2191661 
0.2192184 
0.2205766 
0.2219468 
0.2199604 
0.2199419 
0.2186998 
0.2191562 
0.2184541 
0.2162790 
0.2160847 
0.2202745 
0.2219248 
0.2221021 
0.2192989 
0.2198741 
0.2206425 
0.2186587 
0.2190912 
0.2180672 
0.2159890 
0.2148953 
0.2141411 
0.2151983 
0.2150158 
0.2141471 
0.2133109 
0.2136204 
0.2136736 
0.2140172 
0.2124313 
0.2113286 
0.2103234 
0.2107421 
0.2099672 
0.2096477 
0.2110384 
0.2114708 
0.2110850 
0.2081817 
0.2098942 
0.2114483 
0.2110282 
0.2113299 
0.2110667 
0.2103209 
0.2097203 
0.2092651 
0.2071340 
0.2067950 
0.2085827 
0.2082432 
0.2100100 
0.2099223 
0.2084995 
0.2077477 
0.2067334 
0.2076201 
0.2088250 
0.2098607 
0.2089604 
0.2101810 
0.2089703 
0.2087646 
0.2079250 
0.2078455 
0.2062625 
0.2070814 
0.2090727 
0.2099975 
0.2106871 
0.2104208 
0.2073383 
0.2092183 
0.2091747 
0.2077624 
0.2076380 
0.2080720 
0.2074005 
0.2045925 
0.2022513 
0.2042645 
0.2032400 
0.2040189 
0.2036323 
0.2037033 
0.2052276 
0.2044298 
0.2053072 
0.2065620 
0.2063116 
0.2051774 
0.2045185 
0.2048386 
0.2043896 
0.2029941 
0.2032923 
0.2033690 
0.2030306 
0.2033663 
0.2042515 
0.2039653 
0.2046412 
0.2046071 
0.2044670 
0.2028770 
0.2026108 
0.2012076 
0.2026214 
0.2004240 
0.1972885 
0.1987759 
0.1977076 
0.1971422 
0.1953287 
0.1950764 
0.1970914 
0.1966141 
0.1971589 
0.1959192 
0.1950396 
0.1965474 
0.1956233 
0.1952767 
0.1946607 
0.1947131 
0.1978280 
0.1979273 
0.1973291 
0.1963870 
0.1950044 
0.1962751 
0.1966559 
0.1972954 
0.1962583 
0.1937942 
0.1912637 
0.1888075 
0.1889945 
0.1891460 
0.1889345 
0.1884823 
0.1900544 
0.1888629 
0.1899557 
0.1881933 
0.1877059 
0.1877404 
0.1884855 
0.1886269 
0.1886972 
0.1882988 
0.1878385 
0.1865552 
0.1857179 
0.1860103 
0.1864242 
0.1852283 
0.1852054 
0.1851108 
0.1849551 
0.1853637 
0.1859061 
0.1860527 
0.1886089 
0.1897240 
0.1905376 
0.1892441 
0.1878522 
0.1855647 
0.1858580 
0.1869434 
0.1872283 
0.1877581 
0.1873977 
0.1875896 
0.1860362 
0.1848205 
0.1857101 
0.1875099 
0.1838339 
0.1838586 
0.1829828 
0.1821792 
0.1840991 
0.1836970 
0.1833413 
0.1801218 
0.1824045 
0.1817948 
0.1806799 
0.1812609 
0.1809538 
0.1785056 
0.1798945 
0.1808618 
0.1817909 
0.1802867 
0.1810882 
0.1826883 
0.1824361 
0.1815295 
0.1800223 
0.1792121 
0.1768447 
0.1746336 
0.1758847 
0.1773766 
0.1782850 
0.1764673 
0.1764380 
0.1777691 
0.1783659 
0.1789814 
0.1776143 
0.1779387 
0.1793337 
0.1782169 
0.1780115 
0.1776140 
0.1774193 
0.1773324 
0.1781149 
0.1787295 
0.1788479 
0.1789917 
0.1785063 
0.1783428 
0.1781158 
0.1779831 
0.1781194 
0.1784431 
0.1805523 
0.1783025 
0.1762415 
0.1778382 
0.1766996 
0.1780331 
0.1804735 
0.1802536 
0.1772836 
0.1766574 
0.1765763 
0.1778117 
0.1770345 
0.1784811 
0.1755210 
0.1732743 
0.1707800 
0.1721294 
0.1735442 
0.1733771 
0.1721411 
0.1740470 
0.1721258 
0.1717630 
0.1739760 
0.1717335 
0.1719038 
0.1720057 
0.1715304 
0.1691887 
0.1693996 
0.1711074 
0.1724416 
0.1707584 
0.1684206 
0.1680143 
0.1700596 
0.1692795 
0.1716782 
0.1722124 
0.1714696 
0.1702272 
0.1687589 
0.1680860 
0.1689818 
0.1697251 
0.1679098 
0.1683575 
0.1677848 
0.1687493 
0.1675716 
0.1667741 
0.1681796 
0.1680594 
0.1661213 
0.1667122 
0.1676483 
0.1687440 
0.1679429 
0.1672916 
0.1686643 
0.1671464 
0.1669488 
0.1643960 
0.1640855 
0.1668755 
0.1676780 
0.1694445 
0.1688692 
0.1636387 
0.1626972 
0.1635346 
0.1627128 
0.1621227 
0.1603104 
0.1606014 
0.1596920 
0.1603971 
0.1604720 
0.1574119 
0.1590892 
0.1580505 
0.1555699 
0.1577104 
0.1583391 
0.1597650 
0.1582902 
0.1566074 
0.1563456 
0.1562141 
0.1567292 
0.1558341 
0.1534136 
0.1521792 
0.1532831 
0.1519750 
0.1558921 
0.1575892 
0.1589486 
0.1585295 
0.1567178 
0.1551404 
0.1535113 
0.1531587 
0.1558179 
0.1561717 
0.1548878 
0.1557153 
0.1537772 
0.1536321 
0.1526221 
0.1534655 
0.1545786 
0.1554398 
0.1553193 
0.1532424 
0.1532528 
0.1499903 
0.1493049 
0.1488644 
0.1484882 
0.1488336 
0.1500511 
0.1507673 
0.1528271 
0.1514437 
0.1501528 
0.1475410 
0.1456715 
0.1450177 
0.1448275 
0.1445443 
0.1461318 
0.1484432 
0.1482504 
0.1464419 
0.1470916 
0.1474769 
0.1457241 
0.1438743 
0.1449282 
0.1463728 
0.1470213 
0.1455620 
0.1463695 
0.1442131 
0.1417200 
0.1418450 
0.1423592 
0.1444544 
0.1455578 
0.1446270 
0.1433717 
0.1447819 
0.1431237 
0.1425565 
0.1415390 
0.1414031 
0.1409885 
0.1419036 
0.1413728 
0.1421374 
0.1419913 
0.1422221 
0.1388859 
0.1372418 
0.1373299 
0.1399958 
0.1399693 
0.1399921 
0.1386982 
0.1384504 
0.1381002 
0.1379084 
0.1370600 
0.1366185 
0.1363398 
0.1364853 
0.1365385 
0.1362632 
0.1370888 
0.1368134 
0.1354639 
0.1342216 
0.1349598 
0.1332311 
0.1354737 
0.1360328 
0.1373934 
0.1369650 
0.1373394 
0.1334113 
0.1352194 
0.1360513 
0.1340308 
0.1320734 
0.1325402 
0.1334787 
0.1327991 
0.1347566 
0.1359446 
0.1387531 
0.1370565 
0.1295128 
0.1304006 
0.1293152 
0.1292223 
0.1293612 
0.1279817 
0.1275763 
0.1286384 
0.1298557 
0.1307419 
0.1325039 
0.1311634 
0.1309329 
0.1307414 
0.1295894 
0.1309796 
0.1303577 
0.1313690 
0.1311245 
0.1307139 
0.1323580 
0.1325839 
0.1312236 
0.1315749 
0.1306499 
0.1302368 
0.1297831 
0.1301561 
0.1300712 
0.1299136 
0.1317070 
0.1318388 
0.1305541 
0.1287930 
0.1282795 
0.1298424 
0.1306440 
0.1291982 
0.1289155 
0.1306030 
0.1286881 
0.1268527 
0.1263997 
0.1262520 
0.1263920 
0.1263357 
0.1266610 
0.1263698 
0.1282391 
0.1297639 
0.1336166 
0.1325140 
0.1290385 
0.1275473 
0.1261217 
0.1261231 
0.1263276 
0.1250952 
0.1258239 
0.1247262 
0.1264986 
0.1254779 
0.1262432 
0.1257760 
0.1253199 
0.1249021 
0.1250595 
0.1262647 
0.1236737 
0.1241670 
0.1248531 
0.1260075 
0.1242877 
0.1236137 
0.1232438 
0.1242509 
0.1242749 
0.1269778 
0.1242082 
0.1233273 
0.1233752 
0.1223822 
0.1244017 
0.1244939 
0.1247534 
0.1253720 
0.1254645 
0.1247511 
0.1239770 
0.1240620 
0.1253790 
0.1250424 
0.1256353 
0.1253610 
0.1246251 
0.1237058 
0.1234265 
0.1233771 
0.1230102 
0.1220020 
0.1210813 
0.1219527 
0.1211579 
0.1228958 
0.1222182 
0.1214023 
0.1220892 
0.1209768 
0.1198505 
0.1189501 
0.1175406 
0.1168639 
0.1155618 
0.1145327 
0.1156886 
0.1157778 
0.1163430 
0.1161865 
0.1164402 
0.1146134 
0.1154377 
0.1158081 
0.1211444 
0.1229624 
0.1225597 
0.1210726 
0.1197695 
0.1183261 
0.1184718 
0.1173487 
0.1160091 
0.1154033 
0.1136270 
0.1133886 
0.1139632 
0.1146678 
0.1149796 
0.1152436 
0.1145559 
0.1157334 
0.1160006 
0.1150090 
0.1123656 
0.1131206 
0.1130554 
0.1127206 
0.1142206 
0.1140183 
0.1137876 
0.1141334 
0.1132282 
0.1137239 
0.1161389 
0.1168000 
0.1175401 
0.1163079 
0.1157909 
0.1146098 
0.1163869 
0.1149865 
0.1135065 
0.1129657 
0.1131536 
0.1118851 
0.1129362 
0.1124944 
0.1129016 
0.1125078 
0.1128654 
0.1128926 
0.1099787 
0.1078894 
0.1097007 
0.1097679 
0.1102302 
0.1100042 
0.1102486 
0.1091616 
0.1089429 
0.1087169 
0.1065598 
0.1050136 
0.1036936 
0.1023165 
0.1035528 
0.1031651 
0.1032465 
0.1012699 
0.0996470 
0.0985248 
0.1004106 
0.1016390 
0.1012390 
0.1028690 
0.1019172 
0.1024189 
0.1026138 
0.1024095 
0.1029838 
0.1036114 
0.1035939 
0.1049372 
0.1043193 
0.1028427 
0.1035341 
0.1029289 
0.1003536 
0.0994374 
0.1003084 
0.1029546 
0.1010942 
0.1040170 
0.1018740 
0.1005830 
0.1012619 
0.1011212 
0.1004784 
0.1006509 
0.0999574 
0.1005286 
0.0964055 
0.0972138 
0.0966842 
0.0973530 
0.0982997 
0.0980910 
0.0979400 
0.0953709 
0.0955952 
0.0943278 
0.0946311 
0.0941303 
0.0939621 
0.0945580 
0.0961930 
0.0967032 
0.0964117 
0.0960476 
0.0967438 
0.0969326 
0.0963834 
0.0964369 
0.0952043 
0.0949066 
0.0948260 
0.0956879 
0.0962284 
0.0951564 
0.0953703 
0.0962113 
0.0976485 
0.0993002 
0.0968737 
0.0980544 
0.0975536 
0.0969597 
0.0966184 
0.0967084 
0.0947975 
0.0940678 
0.0936525 
0.0973577 
0.0975810 
0.0976510 
0.0945968 
0.0938410 
0.0933952 
0.0938072 
0.0940807 
0.0930630 
0.0899154 
0.0899724 
0.0889320 
0.0906689 
0.0929133 
0.0916826 
0.0912345 
0.0899254 
0.0884015 
0.0913558 
0.0918604 
0.0872997 
0.0855927 
0.0840603 
0.0836644 
0.0854615 
0.0886204 
0.0892266 
0.0868355 
0.0877792 
0.0863843 
0.0858008 
0.0869458 
0.0874412 
0.0867383 
0.0859001 
0.0851689 
0.0849355 
0.0845724 
0.0841777 
0.0843906 
0.0849660 
0.0853084 
0.0832860 
0.0810400 
0.0810187 
0.0831156 
0.0800969 
0.0786024 
0.0774060 
0.0751390 
0.0777144 
0.0794024 
0.0750569 
0.0750718 
0.0733371 
0.0739446 
0.0736140 
0.0745125 
0.0754021 
0.0766585 
0.0766965 
0.0758265 
0.0754354 
0.0749791 
0.0731421 
0.0741898 
0.0729613 
0.0732465 
0.0702837 
0.0706412 
0.0709661 
0.0726273 
0.0721266 
0.0711101 
0.0728901 
0.0732408 
0.0735403 
0.0752579 
0.0770213 
0.0759516 
0.0762919 
0.0790681 
0.0789761 
0.0791758 
0.0794502 
0.0789479 
0.0779911 
0.0773817 
0.0752932 
0.0763761 
0.0750967 
0.0765481 
0.0772026 
0.0778795 
0.0776721 
0.0759692 
0.0753050 
0.0749241 
0.0763658 
0.0753605 
0.0733006 
0.0713442 
0.0692167 
0.0705089 
0.0704827 
0.0740680 
0.0732836 
0.0709622 
0.0690509 
0.0686666 
0.0680629 
0.0683553 
0.0705492 
0.0709213 
0.0715090 
0.0723868 
0.0713927 
0.0743848 
0.0755410 
0.0763799 
0.0751949 
0.0728768 
0.0736662 
0.0744780 
0.0747537 
0.0734170 
0.0739849 
0.0737299 
0.0742964 
0.0718210 
0.0703312 
0.0693443 
0.0705560 
0.0687184 
0.0684706 
0.0668481 
0.0679221 
0.0657887 
0.0639744 
0.0636643 
0.0648764 
0.0675748 
0.0667121 
0.0663507 
0.0663083 
0.0639541 
0.0607565 
0.0594611 
0.0591736 
0.0587813 
0.0587150 
0.0579375 
0.0561269 
0.0565830 
0.0558403 
0.0556260 
0.0555691 
0.0576409 
0.0569919 
0.0554921 
0.0526633 
0.0519952 
0.0543613 
0.0543846 
0.0530584 
0.0566930 
0.0589161 
0.0591457 
0.0582086 
0.0587443 
0.0596940 
0.0595008 
0.0590951 
0.0580806 
0.0574241 
0.0577360 
0.0573216 
0.0579386 
0.0586870 
0.0587232 
0.0583683 
0.0588730 
0.0600932 
0.0581546 
0.0578334 
0.0600308 
0.0589285 
0.0578214 
0.0576820 
0.0583894 
0.0569966 
0.0560157 
0.0557242 
0.0565419 
0.0572872 
0.0555050 
0.0552088 
0.0549927 
0.0572193 
0.0577646 
0.0568057 
0.0555481 
0.0554679 
0.0557759 
0.0557667 
0.0541443 
0.0546314 
0.0546593 
0.0567528 
0.0571708 
0.0573058 
0.0567052 
0.0576358 
0.0565320 
0.0561700 
0.0544767 
0.0547396 
0.0544430 
0.0548612 
0.0540447 
0.0538461 
0.0537725 
0.0553166 
0.0533901 
0.0554786 
0.0536860 
0.0536642 
0.0523136 
0.0523236 
0.0546106 
0.0554684 
0.0556514 
0.0553870 
0.0527868 
0.0529157 
0.0539897 
0.0542623 
0.0552516 
0.0532637 
0.0543939 
0.0512455 
0.0494229 
0.0503548 
0.0502104 
0.0499812 
0.0494255 
0.0500372 
0.0509176 
0.0504307 
0.0478112 
0.0464045 
0.0470223 
0.0465985 
0.0462452 
0.0446127 
0.0454353 
0.0458180 
0.0457568 
0.0475144 
0.0469265 
0.0470004 
0.0472844 
0.0479323 
0.0468847 
0.0482904 
0.0478359 
0.0465743 
0.0469716 
0.0475274 
0.0486767 
0.0497880 
0.0502343 
0.0508492 
0.0505363 
0.0511011 
0.0504654 
0.0511767 
0.0515778 
0.0519144 
0.0568125 
0.0559363 
0.0540968 
0.0544910 
0.0543835 
0.0537650 
0.0536922 
0.0539946 
0.0541735 
0.0565295 
0.0552370 
0.0550815 
0.0550570 
0.0545207 
0.0542473 
0.0543679 
0.0529074 
0.0528934 
0.0519328 
0.0503371 
0.0495177 
0.0501062 
0.0488057 
0.0502980 
0.0486461 
0.0485156 
0.0481506 
0.0461420 
0.0458348 
0.0450731 
0.0458069 
0.0442756 
0.0448531 
0.0458952 
0.0461019 
0.0418414 
0.0412312 
0.0413040 
0.0408064 
0.0401882 
0.0400759 
0.0402221 
0.0408872 
0.0396908 
0.0384561 
0.0384802 
0.0374258 
0.0393120 
0.0402279 
0.0389891 
0.0390786 
0.0400347 
0.0392996 
0.0411747 
0.0408168 
0.0393740 
0.0404116 
0.0410192 
0.0412517 
0.0407700 
0.0395073 
0.0397393 
0.0378308 
0.0373854 
0.0360052 
0.0377356 
0.0357753 
0.0344383 
0.0333824 
0.0340762 
0.0324958 
0.0315170 
0.0309083 
0.0303376 
0.0309030 
0.0314864 
0.0298856 
0.0283048 
0.0282627 
0.0280520 
0.0280397 
0.0240504 
0.0236457 
0.0222646 
0.0174934 
0.0196091 
0.0179269 
0.0157449 
0.0131781 
0.0132424 
0.0112797 
0.0122032 
0.0111541 
0.0115123 
0.0094224 
0.0096635 
0.0101396 
0.0107266 
0.0111226 
0.0122384 
0.0131004 
0.0127048 
0.0127445 
0.0129671 
0.0133543 
0.0130795 
0.0141143 
0.0158592 
0.0176932 
0.0193069 
0.0207807 
0.0212597 
0.0211980 
0.0194776 
0.0203176 
0.0207865 
0.0219222 
0.0215205 
0.0221143 
0.0212852 
0.0219622 
0.0227572 
0.0222948 
0.0234505 
0.0222096 
0.0220125 
0.0214314 
0.0199749 
0.0195871 
0.0181152 
0.0183238 
0.0188855 
0.0181868 
0.0186049 
0.0208144 
0.0193208 
0.0167600 
0.0187795 
0.0194443 
0.0185759 
0.0189205 
0.0193312 
0.0193201 
0.0220360 
0.0206097 
0.0182084 
0.0191494 
0.0194286 
0.0196082 
0.0187234 
0.0196805 
0.0197423 
0.0191259 
0.0168094 
0.0165285 
0.0181524 
0.0155309 
0.0162222 
0.0151182 
0.0137474 
0.0145686 
0.0151995 
0.0134483 
0.0132404 
0.0126254 
0.0112353 
0.0101876 
0.0073290 
0.0064380 
0.0054098 
0.0062330 
0.0061067 
0.0057057 
0.0059248 
0.0051468 
0.0041684 
0.0047149 
0.0034179 
0.0032840 
0.0039189 
0.0048902 
0.0056056 
0.0061956 
0.0065811 
0.0056181 
0.0043563 
0.0055441 
0.0041809 
0.0000000 
0.0007957 
0.0009107 
0.0009305 
0.0014297 
0.0015440 
0.0013597 
0.0013452 
0.0026920 
0.0024128 
0.0018739 
0.0026890 
0.0042852 
0.0042456 
0.0046034 
0.0050550 
0.0051004 
0.0036244 
0.0042869 
0.0049578 
0.0060582 
0.0064899 
0.0082737 
0.0064058 
0.0072515 
0.0062055 
0.0055854 
0.0050477 
