0.0001089 
0.0001462 
0.0000806 
0.1445760 
-0.1549959 
-0.1658300 
0.9840370 
0.9836548 
0.9882034 
0.9921226 
0.9878298 
0.9989002 
0.9910436 
1.0000000 
0.9915335 
0.9854160 
0.9917062 
0.9918503 
0.9837355 
0.9735745 
0.9777812 
0.9730579 
0.9687815 
0.9716176 
0.9696165 
0.9749352 
0.9717648 
0.9754683 
0.9690417 
0.9819059 
0.9859374 
0.9859465 
0.9723362 
0.9702654 
0.9684810 
0.9703875 
0.9647752 
0.9710760 
0.9669577 
0.9726551 
0.9690281 
0.9709940 
0.9712099 
0.9736981 
0.9768487 
0.9769037 
0.9790477 
0.9728197 
0.9759325 
0.9697722 
0.9641208 
0.9613565 
0.9597205 
0.9608148 
0.9556283 
0.9519209 
0.9565415 
0.9519033 
0.9617558 
0.9586672 
0.9482298 
0.9460809 
0.9413235 
0.9407562 
0.9463164 
0.9497415 
0.9514744 
0.9483156 
0.9527488 
0.9515340 
0.9575878 
0.9623223 
0.9539981 
0.9580382 
0.9531596 
0.9622113 
0.9662630 
0.9658279 
0.9546824 
0.9574967 
0.9584821 
0.9648701 
0.9625375 
0.9665759 
0.9581223 
0.9612406 
0.9602186 
0.9607952 
0.9568161 
0.9552899 
0.9461784 
0.9457650 
0.9386569 
0.9397605 
0.9394567 
0.9463885 
0.9537034 
0.9469826 
0.9540744 
0.9534715 
0.9489305 
0.9530214 
0.9453782 
0.9487105 
0.9500475 
0.9574753 
0.9563550 
0.9503788 
0.9444769 
0.9493529 
0.9484919 
0.9426459 
0.9480218 
0.9479263 
0.9495245 
0.9438983 
0.9496846 
0.9497829 
0.9488341 
0.9371278 
0.9419582 
0.9407678 
0.9422237 
0.9417179 
0.9481846 
0.9488774 
0.9637850 
0.9709071 
0.9659909 
0.9425995 
0.9378197 
0.9412301 
0.9467225 
0.9449983 
0.9374660 
0.9279329 
0.9331340 
0.9403674 
0.9424371 
0.9433955 
0.9475203 
0.9522878 
0.9506721 
0.9459567 
0.9502710 
0.9645281 
0.9635405 
0.9605005 
0.9594821 
0.9600784 
0.9630360 
0.9709117 
0.9637885 
0.9465545 
0.9401549 
0.9387670 
0.9383173 
0.9467500 
0.9480121 
0.9459309 
0.9431717 
0.9363185 
0.9374602 
0.9417702 
0.9441101 
0.9461752 
0.9519421 
0.9531357 
0.9505678 
0.9391294 
0.9413915 
0.9448982 
0.9553356 
0.9544321 
0.9647492 
0.9616528 
0.9551238 
0.9550090 
0.9468716 
0.9554698 
0.9508353 
0.9520782 
0.9517218 
0.9547733 
0.9591647 
0.9602843 
0.9523494 
0.9601808 
0.9563064 
0.9482343 
0.9494170 
0.9448372 
0.9484973 
0.9488303 
0.9389863 
0.9412080 
0.9432175 
0.9392197 
0.9444880 
0.9504363 
0.9508907 
0.9519792 
0.9513198 
0.9502760 
0.9580781 
0.9613636 
0.9641968 
0.9599116 
0.9709724 
0.9690401 
0.9668548 
0.9721166 
0.9688257 
0.9618995 
0.9621215 
0.9678990 
0.9683744 
0.9689932 
0.9668139 
0.9708127 
0.9765784 
0.9778016 
0.9815053 
0.9937231 
0.9929599 
0.9947919 
0.9913009 
0.9851872 
0.9830937 
0.9857805 
0.9837380 
0.9871303 
0.9923187 
0.9981207 
0.9903306 
0.9839414 
0.9827630 
0.9766365 
0.9796686 
0.9796857 
0.9858735 
0.9898316 
0.9860694 
0.9827918 
0.9782112 
0.9769245 
0.9694055 
0.9731418 
0.9773338 
0.9763064 
0.9680854 
0.9628878 
0.9616188 
0.9560881 
0.9604968 
0.9571054 
0.9586176 
0.9650150 
0.9647189 
0.9594713 
0.9460584 
0.9460235 
0.9425571 
0.9430170 
0.9403845 
0.9426439 
0.9484260 
0.9383881 
0.9367861 
0.9573859 
0.9553753 
0.9536299 
0.9609933 
0.9622562 
0.9594837 
0.9549590 
0.9628163 
0.9610566 
0.9645352 
0.9560983 
0.9495703 
0.9558584 
0.9532821 
0.9541583 
0.9543729 
0.9668529 
0.9558981 
0.9563050 
0.9453214 
0.9485460 
0.9474932 
0.9455908 
0.9423716 
0.9430867 
0.9415441 
0.9436024 
0.9379261 
0.9302646 
0.9244249 
0.9257189 
0.9288918 
0.9265723 
0.9346797 
0.9328897 
0.9239130 
0.9241539 
0.9329250 
0.9425003 
0.9463778 
0.9440539 
0.9408385 
0.9372590 
0.9410515 
0.9415930 
0.9517575 
0.9487418 
0.9529982 
0.9568997 
0.9504998 
0.9458603 
0.9563713 
0.9503765 
0.9541246 
0.9417902 
0.9388635 
0.9433870 
0.9462680 
0.9489946 
0.9454559 
0.9504174 
0.9528145 
0.9562582 
0.9591335 
0.9734958 
0.9648087 
0.9681864 
0.9709402 
0.9607507 
0.9553820 
0.9453169 
0.9439464 
0.9504507 
0.9560362 
0.9594844 
0.9591648 
0.9588742 
0.9512349 
0.9575811 
0.9509331 
0.9539537 
0.9536981 
0.9499409 
0.9320002 
0.9291621 
0.9315904 
0.9393339 
0.9449550 
0.9532697 
0.9544807 
0.9584763 
0.9533981 
0.9703939 
0.9686761 
0.9700101 
0.9648574 
0.9692475 
0.9732684 
0.9711132 
0.9842735 
0.9837499 
0.9734363 
0.9800615 
0.9750823 
0.9719935 
0.9787218 
0.9806772 
0.9777411 
0.9625392 
0.9708412 
0.9721814 
0.9721860 
0.9664513 
0.9658789 
0.9626733 
0.9535979 
0.9510919 
0.9497840 
0.9530659 
0.9536100 
0.9577675 
0.9626709 
0.9620728 
0.9728622 
0.9695532 
0.9596415 
0.9636352 
0.9661104 
0.9524231 
0.9477216 
0.9471829 
0.9501145 
0.9469405 
0.9454867 
0.9427906 
0.9433850 
0.9485090 
0.9477027 
0.9443196 
0.9380900 
0.9386824 
0.9344007 
0.9320695 
0.9308114 
0.9331509 
0.9408373 
0.9382357 
0.9429242 
0.9377242 
0.9330319 
0.9365100 
0.9366721 
0.9429425 
0.9499249 
0.9468045 
0.9531091 
0.9554475 
0.9562075 
0.9556560 
0.9615835 
0.9605336 
0.9526398 
0.9511709 
0.9491545 
0.9539727 
0.9584103 
0.9575555 
0.9549783 
0.9581199 
0.9610058 
0.9599951 
0.9527563 
0.9570589 
0.9588868 
0.9526811 
0.9559486 
0.9514775 
0.9452546 
0.9446917 
0.9455927 
0.9420643 
0.9396396 
0.9417531 
0.9401855 
0.9418433 
0.9439612 
0.9450424 
0.9403344 
0.9315302 
0.9378251 
0.9518343 
0.9580434 
0.9543785 
0.9414165 
0.9345919 
0.9293899 
0.9289939 
0.9304098 
0.9368989 
0.9380713 
0.9476234 
0.9491218 
0.9480430 
0.9425456 
0.9404151 
0.9412710 
0.9474174 
0.9495557 
0.9438793 
0.9439446 
0.9509898 
0.9536028 
0.9574778 
0.9537265 
0.9579045 
0.9531160 
0.9595006 
0.9663060 
0.9741179 
0.9719566 
0.9663394 
0.9669317 
0.9709917 
0.9752387 
0.9741204 
0.9701589 
0.9723447 
0.9779773 
0.9819768 
0.9775079 
0.9844653 
0.9735304 
0.9711112 
0.9741259 
0.9745975 
0.9698057 
0.9571100 
0.9591539 
0.9608372 
0.9580956 
0.9629834 
0.9488868 
0.9503248 
0.9547142 
0.9499057 
0.9602549 
0.9521290 
0.9595881 
0.9589563 
0.9528774 
0.9574148 
0.9666120 
0.9587844 
0.9582163 
0.9544960 
0.9630835 
0.9642869 
0.9554246 
0.9521699 
0.9548085 
0.9547304 
0.9417713 
0.9434764 
0.9377259 
0.9389426 
0.9446086 
0.9421652 
0.9366616 
0.9318485 
0.9433150 
0.9432182 
0.9421204 
0.9466543 
0.9428489 
0.9501528 
0.9535494 
0.9535936 
0.9637852 
0.9688950 
0.9636179 
0.9616867 
0.9596577 
0.9684914 
0.9702070 
0.9650937 
0.9660343 
0.9676738 
0.9741525 
0.9805189 
0.9752331 
0.9791158 
0.9723050 
0.9675456 
0.9732652 
0.9765419 
0.9744512 
0.9778866 
0.9824003 
0.9743685 
0.9740935 
0.9672902 
0.9710803 
0.9733942 
0.9796182 
0.9651904 
0.9638141 
0.9661802 
0.9553693 
0.9697236 
0.9671351 
0.9692067 
0.9619272 
0.9539358 
0.9542092 
0.9663066 
0.9610064 
0.9466121 
0.9504837 
0.9611989 
0.9623802 
0.9574186 
0.9544937 
0.9440084 
0.9408901 
0.9478498 
0.9415148 
0.9491690 
0.9446997 
0.9370419 
0.9398087 
0.9411491 
0.9420886 
0.9351661 
0.9376717 
0.9364748 
0.9418580 
0.9479317 
0.9550174 
0.9429147 
0.9373868 
0.9409029 
0.9392112 
0.9421362 
0.9413646 
0.9411832 
0.9437760 
0.9515605 
0.9504282 
0.9453967 
0.9386679 
0.9368219 
0.9455026 
0.9487025 
0.9489719 
0.9476637 
0.9500013 
0.9566090 
0.9532766 
0.9571068 
0.9554026 
0.9548366 
0.9563452 
0.9563290 
0.9629975 
0.9584241 
0.9573379 
0.9631950 
0.9677177 
0.9702063 
0.9710164 
0.9696202 
0.9661417 
0.9736841 
0.9743820 
0.9684351 
0.9660895 
0.9678269 
0.9763392 
0.9714468 
0.9677666 
0.9620310 
0.9658646 
0.9636262 
0.9608423 
0.9481032 
0.9611127 
0.9828400 
0.9849006 
0.9760379 
0.9715308 
0.9677975 
0.9547660 
0.9551629 
0.9551757 
0.9633262 
0.9491875 
0.9422086 
0.9317199 
0.9395341 
0.9528481 
0.9474137 
0.9542496 
0.9548161 
0.9543271 
0.9610441 
0.9550047 
0.9540986 
0.9505871 
0.9558889 
0.9521929 
0.9498560 
0.9452900 
0.9464183 
0.9566347 
0.9560168 
0.9503651 
0.9521764 
0.9505863 
0.9455620 
0.9476006 
0.9390375 
0.9452018 
0.9541011 
0.9617334 
0.9566423 
0.9529487 
0.9578660 
0.9637780 
0.9595731 
0.9555268 
0.9598363 
0.9698666 
0.9627357 
0.9533984 
0.9502553 
0.9466056 
0.9427951 
0.9419361 
0.9388868 
0.9309529 
0.9328222 
0.9299342 
0.9366196 
0.9337147 
0.9352663 
0.9336524 
0.9357793 
0.9307288 
0.9340139 
0.9369950 
0.9382167 
0.9385939 
0.9307799 
0.9362202 
0.9408248 
0.9389251 
0.9310797 
0.9276326 
0.9411217 
0.9268588 
0.9279280 
0.9128762 
0.9074266 
0.9076298 
0.9120940 
0.9021267 
0.8961555 
0.8937098 
0.8933000 
0.8790612 
0.8734615 
0.8657165 
0.8639498 
0.8497116 
0.8483791 
0.8484902 
0.8450338 
0.8422434 
0.8417143 
0.8271329 
0.8182915 
0.8132411 
0.8247920 
0.8157485 
0.8145565 
0.8169652 
0.8115995 
0.8069825 
0.8041570 
0.8037215 
0.8062751 
0.8062546 
0.8115234 
0.8140777 
0.8274516 
0.8293073 
0.8205089 
0.8200170 
0.8302517 
0.8272752 
0.8437266 
0.8502949 
0.8461243 
0.8454138 
0.8480197 
0.8557921 
0.8431419 
0.8446906 
0.8482738 
0.8442975 
0.8400303 
0.8299888 
0.8215061 
0.8322761 
0.8173301 
0.8148381 
0.8049151 
0.8006904 
0.7975766 
0.7954245 
0.8002225 
0.7959752 
0.8057411 
0.7976726 
0.7893708 
0.7814173 
0.7792363 
0.7790849 
0.7760738 
0.7814169 
0.7818420 
0.7860087 
0.7828693 
0.7861725 
0.7878546 
0.7898245 
0.7856650 
0.7930990 
0.8037985 
0.7896655 
0.7955784 
0.8038200 
0.7972063 
0.8010730 
0.8045685 
0.8061392 
0.8016367 
0.8018363 
0.7911848 
0.7867235 
0.7903539 
0.7936769 
0.7949298 
0.7923889 
0.7967489 
0.7935075 
0.7949087 
0.7933987 
0.7922545 
0.7991871 
0.7958760 
0.7960463 
0.8014116 
0.7963043 
0.7928483 
0.7842852 
0.7897779 
0.7832050 
0.7801642 
0.7746555 
0.7853479 
0.7841714 
0.7811170 
0.7826897 
0.7862395 
0.7890783 
0.7870603 
0.7904243 
0.7859054 
0.7720283 
0.7699109 
0.7701442 
0.7723068 
0.7647468 
0.7678379 
0.7637560 
0.7630478 
0.7729595 
0.7768942 
0.7856984 
0.7794358 
0.7767867 
0.7743684 
0.7737593 
0.7706157 
0.7741384 
0.7851500 
0.7772946 
0.7738398 
0.7757780 
0.7807411 
0.7846269 
0.7829925 
0.7809652 
0.7832599 
0.7846690 
0.7765898 
0.7790156 
0.7802054 
0.7815434 
0.7777138 
0.7809146 
0.7809137 
0.7700259 
0.7711416 
0.7731247 
0.7696218 
0.7756750 
0.7634181 
0.7629240 
0.7639535 
0.7650282 
0.7645673 
0.7739371 
0.7684665 
0.7627351 
0.7605572 
0.7563605 
0.7548118 
0.7563842 
0.7559476 
0.7530080 
0.7531793 
0.7542022 
0.7639878 
0.7612284 
0.7654394 
0.7617469 
0.7599627 
0.7642420 
0.7519739 
0.7599126 
0.7571614 
0.7595798 
0.7512180 
0.7537223 
0.7595474 
0.7623672 
0.7601026 
0.7537251 
0.7558257 
0.7562301 
0.7555639 
0.7577465 
0.7556469 
0.7558373 
0.7559179 
0.7548612 
0.7581332 
0.7507388 
0.7425515 
0.7501371 
0.7512586 
0.7480430 
0.7511354 
0.7477174 
0.7410860 
0.7387692 
0.7416655 
0.7327934 
0.7324353 
0.7330415 
0.7292070 
0.7309839 
0.7413536 
0.7370856 
0.7476586 
0.7535512 
0.7552008 
0.7468130 
0.7462506 
0.7539378 
0.7486019 
0.7568327 
0.7662647 
0.7627838 
0.7625646 
0.7650100 
0.7671156 
0.7642353 
0.7698863 
0.7699549 
0.7746338 
0.7831288 
0.7808176 
0.7762650 
0.7816785 
0.7634545 
0.7671478 
0.7676977 
0.7605730 
0.7592767 
0.7746241 
0.7653421 
0.7679143 
0.7640776 
0.7622153 
0.7672771 
0.7672238 
0.7596959 
0.7632155 
0.7567676 
0.7671393 
0.7602716 
0.7521909 
0.7560049 
0.7534633 
0.7558090 
0.7499279 
0.7393824 
0.7469391 
0.7512197 
0.7471006 
0.7392193 
0.7297402 
0.7303119 
0.7297566 
0.7448669 
0.7302546 
0.7292989 
0.7455939 
0.7514600 
0.7451792 
0.7481706 
0.7476618 
0.7522387 
0.7468985 
0.7479759 
0.7454404 
0.7489819 
0.7430475 
0.7476274 
0.7456290 
0.7448490 
0.7518742 
0.7547895 
0.7550407 
0.7574954 
0.7598341 
0.7583708 
0.7567749 
0.7529013 
0.7545721 
0.7564865 
0.7486221 
0.7358247 
0.7291864 
0.7399573 
0.7412438 
0.7361111 
0.7390136 
0.7348978 
0.7338494 
0.7331095 
0.7427246 
0.7439614 
0.7430198 
0.7557889 
0.7510192 
0.7519954 
0.7466328 
0.7509634 
0.7479254 
0.7477527 
0.7474574 
0.7430717 
0.7417079 
0.7455525 
0.7384075 
0.7377738 
0.7363694 
0.7403589 
0.7435321 
0.7379755 
0.7306195 
0.7418460 
0.7475034 
0.7461110 
0.7478262 
0.7500738 
0.7448981 
0.7415961 
0.7414588 
0.7441768 
0.7371122 
0.7343403 
0.7428385 
0.7417739 
0.7331355 
0.7315062 
0.7362192 
0.7389762 
0.7409314 
0.7466264 
0.7432114 
0.7406114 
0.7438480 
0.7480475 
0.7442792 
0.7415900 
0.7367591 
0.7419879 
0.7467406 
0.7380197 
0.7382027 
0.7365052 
0.7380085 
0.7359835 
0.7399239 
0.7399164 
0.7347256 
0.7261392 
0.7341143 
0.7330199 
0.7262979 
0.7282445 
0.7264004 
0.7323769 
0.7156842 
0.7116906 
0.7111517 
0.7202926 
0.7136284 
0.7110232 
0.7063038 
0.7071227 
0.7123767 
0.7203410 
0.7213535 
0.7284871 
0.7199157 
0.7194929 
0.7201346 
0.7183105 
0.7149161 
0.7097358 
0.7075898 
0.7005551 
0.7061270 
0.7129317 
0.7036316 
0.7021684 
0.7139296 
0.7221668 
0.7227849 
0.7192682 
0.7247350 
0.7309391 
0.7281532 
0.7159536 
0.7158600 
0.7229817 
0.7254027 
0.7188545 
0.7215729 
0.7188500 
0.7227790 
0.7149428 
0.7148609 
0.7128135 
0.7152596 
0.7062502 
0.7112069 
0.7050972 
0.7075798 
0.7017273 
0.7022966 
0.7087781 
0.7057202 
0.6971998 
0.6988480 
0.6943013 
0.6955708 
0.6947364 
0.6938046 
0.6955947 
0.6874665 
0.6890668 
0.6909703 
0.6867511 
0.6850627 
0.6794971 
0.6779785 
0.6727887 
0.6734792 
0.6764714 
0.6712357 
0.6670667 
0.6663720 
0.6645799 
0.6645340 
0.6653446 
0.6604908 
0.6665114 
0.6678510 
0.6652930 
0.6607023 
0.6639609 
0.6540544 
0.6652491 
0.6668191 
0.6664960 
0.6656255 
0.6729699 
0.6730161 
0.6664020 
0.6703456 
0.6694823 
0.6646419 
0.6603515 
0.6557107 
0.6531949 
0.6528821 
0.6563863 
0.6503738 
0.6461280 
0.6653921 
0.6666832 
0.6596456 
0.6765041 
0.6688313 
0.6781730 
0.6856199 
0.6816153 
0.6747053 
0.6703094 
0.6646867 
0.6571462 
0.6546718 
0.6485882 
0.6468764 
0.6544382 
0.6527450 
0.6463579 
0.6466636 
0.6486792 
0.6529082 
0.6568809 
0.6554046 
0.6636281 
0.6662373 
0.6567870 
0.6647699 
0.6659306 
0.6725705 
0.6765674 
0.6764550 
0.6695739 
0.6743929 
0.6848578 
0.6799676 
0.6824421 
0.6806173 
0.6740847 
0.6759158 
0.6789225 
0.6788754 
0.6760124 
0.6769782 
0.6772529 
0.6764958 
0.6793384 
0.6728214 
0.6747577 
0.6734668 
0.6754695 
0.6732645 
0.6729299 
0.6736253 
0.6743177 
0.6716646 
0.6749148 
0.6770093 
0.6777187 
0.6695674 
0.6633019 
0.6579172 
0.6456407 
0.6553669 
0.6577730 
0.6641812 
0.6476020 
0.6500335 
0.6631416 
0.6622054 
0.6642995 
0.6656845 
0.6643594 
0.6634813 
0.6716531 
0.6712334 
0.6660582 
0.6685659 
0.6775548 
0.6700022 
0.6685868 
0.6727130 
0.6707487 
0.6723663 
0.6775144 
0.6660292 
0.6661949 
0.6633902 
0.6670862 
0.6655827 
0.6691551 
0.6697909 
0.6617687 
0.6627445 
0.6618906 
0.6652921 
0.6727019 
0.6725070 
0.6695172 
0.6712152 
0.6715214 
0.6678098 
0.6678940 
0.6734021 
0.6713859 
0.6712046 
0.6672965 
0.6648822 
0.6638892 
0.6637883 
0.6571255 
0.6538306 
0.6518455 
0.6472527 
0.6529019 
0.6461286 
0.6504936 
0.6478377 
0.6463521 
0.6477211 
0.6470379 
0.6511193 
0.6489854 
0.6432329 
0.6514261 
0.6567881 
0.6493121 
0.6504093 
0.6433740 
0.6372946 
0.6394640 
0.6430068 
0.6428228 
0.6427274 
0.6451359 
0.6442250 
0.6442637 
0.6531760 
0.6392538 
0.6405672 
0.6364362 
0.6320336 
0.6329739 
0.6325195 
0.6401267 
0.6560996 
0.6527473 
0.6527574 
0.6517998 
0.6528595 
0.6401795 
0.6343254 
0.6391035 
0.6400249 
0.6447408 
0.6368758 
0.6298595 
0.6307262 
0.6368599 
0.6411699 
0.6303894 
0.6358861 
0.6330055 
0.6352806 
0.6316552 
0.6363778 
0.6291684 
0.6350779 
0.6332152 
0.6321694 
0.6260366 
0.6308357 
0.6345695 
0.6354938 
0.6276149 
0.6333524 
0.6305090 
0.6340358 
0.6255567 
0.6206795 
0.6198194 
0.6223120 
0.6244992 
0.6263750 
0.6361530 
0.6306654 
0.6235968 
0.6227688 
0.6178052 
0.6194827 
0.6105261 
0.6111960 
0.6045956 
0.6095239 
0.6086672 
0.6088148 
0.6128152 
0.6044516 
0.6040520 
0.6124770 
0.6098025 
0.6044118 
0.6068861 
0.6085993 
0.6057189 
0.6182228 
0.6203395 
0.6273365 
0.6180338 
0.6210481 
0.6284432 
0.6293921 
0.6328639 
0.6308130 
0.6275233 
0.6256156 
0.6118852 
0.6026975 
0.6028020 
0.5996511 
0.6022257 
0.6019490 
0.6068562 
0.6024961 
0.5995223 
0.5929557 
0.5953637 
0.6045197 
0.6006987 
0.6064161 
0.6000261 
0.6036036 
0.6045512 
0.6010056 
0.6011168 
0.5996310 
0.5996507 
0.5992061 
0.5973630 
0.5997980 
0.5952451 
0.5950257 
0.5924962 
0.5961287 
0.5957361 
0.6026258 
0.6143156 
0.6115142 
0.6009144 
0.5983527 
0.5938425 
0.5933429 
0.5911677 
0.5993880 
0.6032991 
0.6083985 
0.5977873 
0.5963224 
0.6044279 
0.6068993 
0.5869954 
0.5906548 
0.5840357 
0.5889977 
0.5854022 
0.5876920 
0.5782727 
0.5787234 
0.5927627 
0.5942061 
0.5982932 
0.5770857 
0.5710252 
0.5711712 
0.5645661 
0.5711589 
0.5842859 
0.5815111 
0.5864383 
0.5871807 
0.5847367 
0.5829253 
0.5804127 
0.5717262 
0.5772767 
0.5730628 
0.5782083 
0.5747117 
0.5798423 
0.5800727 
0.5880571 
0.5848435 
0.5835051 
0.5845991 
0.5831276 
0.5864575 
0.5840682 
0.5813780 
0.5804271 
0.5803646 
0.5786664 
0.5864627 
0.5881447 
0.5811687 
0.5781382 
0.5790729 
0.5706856 
0.5718211 
0.5723307 
0.5608099 
0.5658150 
0.5714454 
0.5768012 
0.5708053 
0.5684451 
0.5752588 
0.5737841 
0.5821704 
0.5788455 
0.5813331 
0.5786337 
0.5836704 
0.5884021 
0.5851481 
0.5840639 
0.5783290 
0.5745327 
0.5761622 
0.5806512 
0.5846002 
0.5860093 
0.5804056 
0.5782529 
0.5730598 
0.5731232 
0.5743758 
0.5746207 
0.5790067 
0.5793979 
0.5702874 
0.5757780 
0.5772481 
0.5733238 
0.5710532 
0.5726382 
0.5701361 
0.5673517 
0.5647492 
0.5615462 
0.5702248 
0.5669969 
0.5677475 
0.5678390 
0.5737551 
0.5738398 
0.5800162 
0.5817812 
0.5607385 
0.5456988 
0.5512666 
0.5474634 
0.5497318 
0.5467361 
0.5522688 
0.5530761 
0.5485538 
0.5432736 
0.5520040 
0.5552798 
0.5559014 
0.5656001 
0.5663275 
0.5700591 
0.5675971 
0.5618687 
0.5575651 
0.5695386 
0.5730206 
0.5770059 
0.5806498 
0.5787271 
0.5798970 
0.5801792 
0.5760566 
0.5830727 
0.5865113 
0.5854605 
0.5806183 
0.5821861 
0.5729236 
0.5688385 
0.5665237 
0.5673203 
0.5629132 
0.5645601 
0.5631886 
0.5662591 
0.5634457 
0.5603740 
0.5647816 
0.5640792 
0.5577571 
0.5578896 
0.5600391 
0.5522781 
0.5546304 
0.5559321 
0.5628716 
0.5720398 
0.5767023 
0.5714834 
0.5533762 
0.5559108 
0.5544574 
0.5541812 
0.5604547 
0.5587979 
0.5621743 
0.5693571 
0.5761628 
0.5702676 
0.5721134 
0.5716266 
0.5664838 
0.5581752 
0.5632740 
0.5627111 
0.5640373 
0.5659142 
0.5660598 
0.5647116 
0.5594152 
0.5532652 
0.5463634 
0.5439498 
0.5514421 
0.5544263 
0.5591419 
0.5645051 
0.5672965 
0.5622792 
0.5574861 
0.5556147 
0.5551231 
0.5566512 
0.5611207 
0.5458434 
0.5455809 
0.5445670 
0.5453696 
0.5469588 
0.5494959 
0.5499226 
0.5555633 
0.5581539 
0.5600543 
0.5509910 
0.5502553 
0.5570632 
0.5530061 
0.5508846 
0.5477016 
0.5444551 
0.5524404 
0.5508873 
0.5452307 
0.5416762 
0.5460020 
0.5394381 
0.5337268 
0.5328239 
0.5301318 
0.5308520 
0.5296494 
0.5306834 
0.5285197 
0.5306064 
0.5351411 
0.5290338 
0.5286032 
0.5254405 
0.5169238 
0.5252154 
0.5307634 
0.5176943 
0.5244211 
0.5254130 
0.5238013 
0.5299431 
0.5317623 
0.5301820 
0.5276875 
0.5231182 
0.5239920 
0.5260495 
0.5286062 
0.5275222 
0.5254086 
0.5365355 
0.5373435 
0.5405556 
0.5422153 
0.5469704 
0.5471920 
0.5433979 
0.5401272 
0.5488826 
0.5435244 
0.5527636 
0.5483181 
0.5494693 
0.5562143 
0.5569781 
0.5528934 
0.5520251 
0.5519886 
0.5491611 
0.5471292 
0.5457004 
0.5393721 
0.5291527 
0.5347833 
0.5342901 
0.5309212 
0.5269364 
0.5280206 
0.5263560 
0.5415981 
0.5492089 
0.5530756 
0.5583130 
0.5574043 
0.5538751 
0.5566136 
0.5647749 
0.5672905 
0.5675370 
0.5738092 
0.5809218 
0.5750701 
0.5638786 
0.5391380 
0.5183103 
0.5158593 
0.5246000 
0.5255725 
0.5294967 
0.5276124 
0.5269077 
0.5288853 
0.5278914 
0.5233514 
0.5226554 
0.5236535 
0.5198056 
0.5197746 
0.5183638 
0.5222358 
0.5247989 
0.5317734 
0.5360490 
0.5340144 
0.5334403 
0.5308266 
0.5339784 
0.5361228 
0.5320232 
0.5243520 
0.5229731 
0.5290040 
0.5265786 
0.5228864 
0.5227661 
0.5178357 
0.5157058 
0.5076418 
0.5148182 
0.5123310 
0.5091640 
0.5130521 
0.5100922 
0.5067392 
0.5095466 
0.5038951 
0.5012016 
0.5069138 
0.5222192 
0.5151861 
0.5137586 
0.5116787 
0.5084787 
0.5060742 
0.5120356 
0.5187011 
0.5180469 
0.5061777 
0.5029782 
0.5105608 
0.5078302 
0.5135271 
0.5128419 
0.5057335 
0.5099986 
0.5032379 
0.5092167 
0.5130659 
0.5085965 
0.5029020 
0.5064258 
0.5076744 
0.5110047 
0.5130267 
0.5119536 
0.5073595 
0.4994103 
0.5045667 
0.5019533 
0.5033480 
0.5015414 
0.5018329 
0.4986406 
0.4977994 
0.4921049 
0.4908095 
0.4965194 
0.4988261 
0.4981904 
0.4919524 
0.4950281 
0.4979336 
0.4984851 
0.5076821 
0.5106878 
0.5138361 
0.5160386 
0.5082052 
0.5052408 
0.5082597 
0.5047814 
0.5075103 
0.4996871 
0.5026649 
0.5086458 
0.5070222 
0.5036487 
0.5023195 
0.4996123 
0.4980849 
0.5012962 
0.4973586 
0.4949858 
0.4974170 
0.4899289 
0.4937556 
0.4957652 
0.4916790 
0.4934551 
0.4984410 
0.4941952 
0.4954729 
0.4930019 
0.4971182 
0.4969287 
0.4909395 
0.4991881 
0.5014653 
0.4926556 
0.4922582 
0.4953910 
0.4914306 
0.4991222 
0.5034666 
0.4955666 
0.4980615 
0.4998707 
0.4967336 
0.4958261 
0.4924801 
0.4798036 
0.4798146 
0.4854119 
0.4898783 
0.4903589 
0.4872879 
0.4816660 
0.4845091 
0.4913863 
0.4912224 
0.4862883 
0.4892524 
0.4905819 
0.4934548 
0.4909180 
0.4927545 
0.4889252 
0.4845228 
0.4865832 
0.4962404 
0.4927185 
0.4839842 
0.4814962 
0.4775455 
0.4803640 
0.4781332 
0.4770542 
0.4724336 
0.4722902 
0.4817292 
0.4786952 
0.4793337 
0.4887176 
0.4782724 
0.4762252 
0.4815619 
0.4833121 
0.4822808 
0.4803523 
0.4815112 
0.4805562 
0.4802909 
0.4812558 
0.4792228 
0.4813096 
0.4798644 
0.4821552 
0.4777665 
0.4833207 
0.4876082 
0.4762592 
0.4764665 
0.4719544 
0.4700418 
0.4596214 
0.4600380 
0.4634767 
0.4673858 
0.4637244 
0.4642401 
0.4609219 
0.4604272 
0.4643360 
0.4670105 
0.4669600 
0.4621424 
0.4600317 
0.4557948 
0.4590299 
0.4621035 
0.4598332 
0.4554634 
0.4531866 
0.4573293 
0.4432823 
0.4380103 
0.4425260 
0.4385768 
0.4351129 
0.4336391 
0.4296129 
0.4382745 
0.4313563 
0.4375817 
0.4543907 
0.4534767 
0.4548932 
0.4500063 
0.4604835 
0.4607192 
0.4404368 
0.4388984 
0.4499661 
0.4469992 
0.4462413 
0.4423497 
0.4490687 
0.4469278 
0.4500729 
0.4474932 
0.4459520 
0.4462550 
0.4443760 
0.4476182 
0.4494349 
0.4427457 
0.4413887 
0.4432979 
0.4474045 
0.4516335 
0.4569464 
0.4516451 
0.4483946 
0.4510276 
0.4516559 
0.4506475 
0.4524601 
0.4542466 
0.4435601 
0.4325618 
0.4318806 
0.4415935 
0.4400394 
0.4401631 
0.4464823 
0.4481737 
0.4477796 
0.4448060 
0.4419863 
0.4503205 
0.4516831 
0.4540614 
0.4547844 
0.4582898 
0.4542149 
0.4462934 
0.4437046 
0.4435942 
0.4445642 
0.4393656 
0.4339277 
0.4321677 
0.4206162 
0.4237010 
0.4246808 
0.4263779 
0.4278819 
0.4276890 
0.4312153 
0.4323425 
0.4283933 
0.4230154 
0.4262581 
0.4346953 
0.4339448 
0.4405735 
0.4454437 
0.4329094 
0.4305283 
0.4397193 
0.4457410 
0.4411643 
0.4419633 
0.4418168 
0.4430666 
0.4397164 
0.4339960 
0.4350377 
0.4345443 
0.4317254 
0.4343934 
0.4350529 
0.4398755 
0.4349738 
0.4380192 
0.4423159 
0.4444480 
0.4436683 
0.4378271 
0.4360374 
0.4352978 
0.4392017 
0.4396507 
0.4373020 
0.4320828 
0.4268105 
0.4321225 
0.4252123 
0.4328553 
0.4288042 
0.4269334 
0.4175852 
0.4281188 
0.4295959 
0.4251936 
0.4271501 
0.4283257 
0.4285000 
0.4321150 
0.4356406 
0.4382929 
0.4264995 
0.4231102 
0.4212323 
0.4223657 
0.4146687 
0.4182272 
0.4259706 
0.4245830 
0.4251511 
0.4277641 
0.4232078 
0.4332659 
0.4229342 
0.4227144 
0.4317620 
0.4244993 
0.4157746 
0.4250869 
0.4211472 
0.4193112 
0.4213960 
0.4238461 
0.4191008 
0.4141339 
0.4169209 
0.4228108 
0.4268296 
0.4265647 
0.4128335 
0.4091993 
0.4063187 
0.4092971 
0.4024629 
0.4053943 
0.4039158 
0.4084205 
0.4147602 
0.4150704 
0.4246045 
0.4214469 
0.4209646 
0.4174787 
0.4147910 
0.4170657 
0.4183758 
0.4216240 
0.4215974 
0.4187208 
0.4129103 
0.4070557 
0.4108970 
0.4079394 
0.4130264 
0.4087552 
0.4088902 
0.4039240 
0.4062766 
0.4116614 
0.4055016 
0.4034447 
0.3905754 
0.3892134 
0.3929794 
0.3994711 
0.4055687 
0.4039148 
0.4053552 
0.3940439 
0.3994941 
0.3978522 
0.3963719 
0.4023662 
0.4048969 
0.4011544 
0.4030505 
0.4030659 
0.4062501 
0.4072942 
0.4094769 
0.4037602 
0.4059320 
0.4042373 
0.4090975 
0.4068874 
0.4048848 
0.4048855 
0.4121356 
0.4143009 
0.4085993 
0.4051786 
0.4018138 
0.4057248 
0.4181251 
0.4210548 
0.4284277 
0.4264481 
0.4273698 
0.4305678 
0.4293792 
0.4248670 
0.4258409 
0.4186118 
0.4208779 
0.4186567 
0.4214761 
0.4155975 
0.4135893 
0.4117002 
0.4076631 
0.4025755 
0.4048668 
0.4055788 
0.4093632 
0.4037939 
0.3895312 
0.3989475 
0.3887645 
0.3957176 
0.3925442 
0.3986424 
0.3925156 
0.3948744 
0.3905139 
0.3955748 
0.3996280 
0.3975755 
0.3984771 
0.3985393 
0.3931044 
0.3934438 
0.3969799 
0.4040588 
0.3981918 
0.4001448 
0.3948405 
0.3931696 
0.3846143 
0.3900274 
0.3930526 
0.3930105 
0.3969452 
0.3926075 
0.3866330 
0.3902938 
0.3902795 
0.3851620 
0.3878403 
0.3857425 
0.3900690 
0.3957870 
0.3924030 
0.3910540 
0.3930373 
0.3891185 
0.3782004 
0.3756733 
0.3692292 
0.3694303 
0.3709069 
0.3739485 
0.3717771 
0.3581076 
0.3563774 
0.3604275 
0.3633913 
0.3673180 
0.3579383 
0.3609253 
0.3501357 
0.3526807 
0.3552511 
0.3616036 
0.3532029 
0.3534892 
0.3579665 
0.3570586 
0.3548980 
0.3574936 
0.3436329 
0.3546725 
0.3498253 
0.3467584 
0.3449795 
0.3471890 
0.3522049 
0.3615606 
0.3605968 
0.3506351 
0.3574139 
0.3541983 
0.3539115 
0.3519329 
0.3467370 
0.3525716 
0.3519678 
0.3563918 
0.3481821 
0.3536898 
0.3559449 
0.3470952 
0.3436874 
0.3461572 
0.3420492 
0.3443512 
0.3426393 
0.3377675 
0.3384236 
0.3323967 
0.3376988 
0.3369153 
0.3449877 
0.3293675 
0.3268623 
0.3354988 
0.3319282 
0.3347629 
0.3365273 
0.3351510 
0.3282506 
0.3299405 
0.3218658 
0.3277518 
0.3282270 
0.3315117 
0.3295295 
0.3283172 
0.3311773 
0.3300941 
0.3301832 
0.3233535 
0.3248487 
0.3189623 
0.3170959 
0.3166788 
0.3122232 
0.3106997 
0.3153967 
0.3121704 
0.3191977 
0.3018392 
0.3089996 
0.3090934 
0.3192015 
0.3181874 
0.3095337 
0.3114449 
0.3150144 
0.3073039 
0.2996586 
0.3085237 
0.3094311 
0.3056240 
0.3062323 
0.3053845 
0.3031307 
0.3067714 
0.3140900 
0.3022289 
0.3084497 
0.3051290 
0.3071871 
0.3013503 
0.3016180 
0.3074748 
0.3063147 
0.3012349 
0.3036669 
0.3022413 
0.3053443 
0.2980051 
0.2917981 
0.2959087 
0.2965279 
0.2897270 
0.2896112 
0.2805006 
0.2773996 
0.2855291 
0.2874165 
0.2914186 
0.2970430 
0.2937376 
0.2818145 
0.2776451 
0.2850841 
0.2848925 
0.2780411 
0.2813623 
0.2829300 
0.2785799 
0.2871438 
0.2915527 
0.2756602 
0.2735254 
0.2614094 
0.2805867 
0.2815134 
0.2790227 
0.2871598 
0.2736509 
0.2710459 
0.2771747 
0.2746314 
0.2739380 
0.2674532 
0.2712623 
0.2772619 
0.2656591 
0.2608133 
0.2548701 
0.2629355 
0.2519355 
0.2592358 
0.2530094 
0.2469733 
0.2437135 
0.2441708 
0.2409371 
0.2484375 
0.2462530 
0.2506581 
0.2358887 
0.2319253 
0.2450597 
0.2452373 
0.2245840 
0.2392423 
0.2389401 
0.2409662 
0.2387771 
0.2239338 
0.2275802 
0.2239552 
0.2139954 
0.2132522 
0.2188069 
0.2170381 
0.2173964 
0.2207044 
0.2091197 
0.2027884 
0.2146562 
0.2178307 
0.2045119 
0.2048417 
0.2045889 
0.2048066 
0.1981483 
0.1744688 
0.1820856 
0.1946273 
0.1922015 
0.1995476 
0.1952696 
0.2001569 
0.1959334 
0.1892288 
0.1808829 
0.1968738 
0.1945636 
0.2063050 
0.1867928 
0.1869873 
0.2022839 
0.1904748 
0.1822642 
0.1983278 
0.1966737 
0.1978708 
0.1884771 
0.1871983 
0.1820185 
0.1817748 
0.1812585 
0.1739801 
0.1776437 
0.1781667 
0.1810242 
0.1689158 
0.1664513 
0.1727516 
0.1745671 
0.1679126 
0.1729105 
0.1606222 
0.1724088 
0.1587995 
0.1658611 
0.1628375 
0.1607572 
0.1600869 
0.1657288 
0.1554970 
0.1588760 
0.1504161 
0.1502247 
0.1495363 
0.1478048 
0.1504286 
0.1471478 
0.1377137 
0.1407993 
0.1338708 
0.1509553 
0.1402487 
0.1525419 
0.1432802 
0.1496749 
0.1369383 
0.1240934 
0.1377191 
0.1361773 
0.1425090 
0.1469307 
0.1422886 
0.1357409 
0.1289900 
0.1134679 
0.1162106 
0.1144825 
0.1220289 
0.1307575 
0.1360691 
0.1297877 
0.1189899 
0.1256046 
0.1028881 
0.1097725 
0.1113478 
0.1126843 
0.1224419 
0.1309197 
0.1146682 
0.1017666 
0.1062779 
0.1081896 
0.1171680 
0.1241877 
0.1128153 
0.1091339 
0.1078744 
0.1031990 
0.0955238 
0.0924066 
0.0881015 
0.0927000 
0.0892575 
0.0949885 
0.0957461 
0.0944025 
0.0889167 
0.0878305 
0.0996465 
0.0777945 
0.0894348 
0.0783964 
0.0828708 
0.0797138 
0.0883405 
0.0829122 
0.0882652 
0.0852896 
0.0754378 
0.0720353 
0.0719494 
0.0603439 
0.0618889 
0.0731952 
0.0768676 
0.0656285 
0.0705709 
0.0735587 
0.0592639 
0.0652694 
0.0678438 
0.0610593 
0.0664473 
0.0598411 
0.0560032 
0.0568781 
0.0500579 
0.0552063 
0.0625669 
0.0501446 
0.0515340 
0.0457612 
0.0349574 
0.0452646 
0.0386467 
0.0478522 
0.0534071 
0.0456558 
0.0327715 
0.0432071 
0.0363865 
0.0350454 
0.0481553 
0.0241107 
0.0400400 
0.0244256 
0.0322304 
0.0230001 
0.0194515 
0.0424624 
0.0177902 
0.0216623 
0.0138250 
0.0289090 
0.0317527 
0.0184178 
0.0186231 
0.0307342 
0.0113328 
0.0170052 
0.0274203 
0.0119990 
0.0140131 
0.0290633 
0.0000000 
0.0123291 
0.0129474 
0.0027092 
0.0005348 
