0.0001282 
0.0000808 
0.0001333 
0.4281346 
0.1552187 
0.3504875 
1.0000000 
0.9593395 
0.9351710 
0.9759532 
0.9810234 
0.9678675 
0.9190612 
0.8403632 
0.7931951 
0.8682264 
0.9376847 
0.9440798 
0.9572053 
0.9517067 
0.9353733 
0.9802741 
0.9747753 
0.9279529 
0.8963166 
0.9040117 
0.9301055 
0.8449872 
0.8194063 
0.8270590 
0.8081450 
0.8178587 
0.8395781 
0.8773016 
0.8942450 
0.8677245 
0.8716743 
0.8644296 
0.8431175 
0.8142559 
0.7900892 
0.7630059 
0.7376357 
0.7331948 
0.7295614 
0.7194552 
0.7217165 
0.7399398 
0.7659071 
0.7651064 
0.7390976 
0.7321852 
0.7308108 
0.6794991 
0.6543924 
0.6671113 
0.6462873 
0.6695892 
0.6926911 
0.7022966 
0.7171002 
0.7642600 
0.7458873 
0.7383008 
0.7411486 
0.7138570 
0.6825528 
0.6237628 
0.6185611 
0.6089470 
0.6090826 
0.6421624 
0.6903040 
0.7040991 
0.7356158 
0.7443324 
0.7238419 
0.7303559 
0.7476106 
0.7530537 
0.7590908 
0.7425554 
0.6975880 
0.6771062 
0.6613090 
0.6565349 
0.6280424 
0.6167881 
0.6829512 
0.7219381 
0.7121958 
0.7097586 
0.7376658 
0.7481578 
0.7241517 
0.7051935 
0.7251177 
0.7380231 
0.7473517 
0.7378330 
0.7177270 
0.7032454 
0.6975903 
0.7620934 
0.6748605 
0.6482643 
0.6577424 
0.6662079 
0.7077318 
0.7079428 
0.7211227 
0.7342065 
0.7595582 
0.7539287 
0.7680456 
0.8053918 
0.8124054 
0.7877374 
0.7438696 
0.7110670 
0.6956172 
0.6962760 
0.6825604 
0.7077207 
0.7350561 
0.7522078 
0.7762107 
0.7828222 
0.7692840 
0.7427863 
0.7845287 
0.8296266 
0.8231588 
0.8042695 
0.7691418 
0.7538546 
0.7574899 
0.7626805 
0.7628597 
0.7838685 
0.7923663 
0.7937631 
0.7598961 
0.6808587 
0.7014233 
0.7747456 
0.7918627 
0.7897049 
0.8100997 
0.8246220 
0.8488934 
0.8747311 
0.8475731 
0.8195470 
0.8240958 
0.8355908 
0.8209302 
0.8342804 
0.8202412 
0.8352647 
0.8694447 
0.8627191 
0.8507819 
0.8346770 
0.8022855 
0.8018620 
0.8096393 
0.8204424 
0.8417440 
0.8472275 
0.8119681 
0.8092232 
0.7999978 
0.8109372 
0.8141484 
0.7983051 
0.8087589 
0.8128025 
0.8311770 
0.8439341 
0.7580999 
0.7537484 
0.7883397 
0.8230235 
0.8276051 
0.7817915 
0.7369143 
0.7950027 
0.8044369 
0.8224370 
0.7880562 
0.7608158 
0.7781789 
0.7993789 
0.7963584 
0.7987775 
0.7584789 
0.7317866 
0.7681238 
0.7954679 
0.8117642 
0.7813277 
0.7822637 
0.7533770 
0.7131633 
0.7300501 
0.7706362 
0.7720480 
0.7895693 
0.7504499 
0.7612656 
0.7866341 
0.7836084 
0.7658043 
0.7531747 
0.7631254 
0.7490948 
0.7490644 
0.7774767 
0.7962973 
0.8127310 
0.7831446 
0.7204824 
0.6579327 
0.6331534 
0.6744820 
0.7058742 
0.7570442 
0.7349203 
0.7011639 
0.6679435 
0.6853706 
0.7023489 
0.7305223 
0.7371699 
0.7406978 
0.7630599 
0.7556039 
0.7385271 
0.7644960 
0.7725118 
0.7424554 
0.7009130 
0.6763427 
0.6703975 
0.6499498 
0.6398006 
0.6442785 
0.6598870 
0.6583495 
0.6200191 
0.6352625 
0.6488122 
0.7222329 
0.7679510 
0.7783120 
0.7091134 
0.6874584 
0.6678412 
0.6719248 
0.7174892 
0.7075427 
0.7514148 
0.7500745 
0.6961060 
0.6958173 
0.6969868 
0.7115444 
0.7172831 
0.7065864 
0.6880325 
0.7228670 
0.7774908 
0.8023059 
0.8107996 
0.7619521 
0.7188778 
0.7259421 
0.8103860 
0.8285930 
0.8160311 
0.7453298 
0.7493050 
0.7321438 
0.7286259 
0.7554221 
0.7644005 
0.7659629 
0.7355755 
0.7111085 
0.7221587 
0.7400972 
0.8147715 
0.8383526 
0.8172734 
0.7593496 
0.7597219 
0.7733306 
0.7836700 
0.7742966 
0.7462951 
0.7689352 
0.7725517 
0.7559209 
0.7030979 
0.6573150 
0.6806237 
0.6904387 
0.6845464 
0.6864828 
0.6674341 
0.6922895 
0.6660686 
0.6246580 
0.6155091 
0.6281554 
0.6643104 
0.6665435 
0.6455421 
0.5998247 
0.6047955 
0.6188835 
0.5962441 
0.5686811 
0.5849912 
0.6633372 
0.7200710 
0.7002178 
0.6438289 
0.6234116 
0.6275002 
0.6258339 
0.5969725 
0.5716424 
0.5800192 
0.6305941 
0.7226365 
0.6759956 
0.6621423 
0.5986359 
0.5807678 
0.5897744 
0.6024030 
0.6199681 
0.6335146 
0.6544329 
0.6556339 
0.6661805 
0.6742846 
0.6780223 
0.7019152 
0.7304503 
0.7110394 
0.6880323 
0.6563939 
0.6528172 
0.6814855 
0.6658805 
0.6071566 
0.5549155 
0.5837131 
0.6267994 
0.6723183 
0.6337253 
0.6271124 
0.6530499 
0.6571910 
0.6383519 
0.6519627 
0.6520321 
0.6441936 
0.6472385 
0.6636142 
0.6404231 
0.6128134 
0.6160570 
0.6258186 
0.6848528 
0.6731549 
0.6922632 
0.7047746 
0.7025941 
0.7140749 
0.7342686 
0.7223249 
0.7079920 
0.6832634 
0.6801095 
0.6925743 
0.6934006 
0.6759611 
0.7173471 
0.7562519 
0.7480396 
0.7475572 
0.7350815 
0.7056053 
0.7207356 
0.7447664 
0.7546412 
0.7670408 
0.7746837 
0.7436419 
0.6992573 
0.6503553 
0.5832893 
0.5733849 
0.5933385 
0.6108386 
0.6250497 
0.6430600 
0.7188495 
0.8652176 
0.8926626 
0.8794150 
0.8651250 
0.8283290 
0.8363435 
0.8159490 
0.8015873 
0.7795770 
0.7396128 
0.7136605 
0.7014625 
0.6897745 
0.6787029 
0.6581413 
0.6269666 
0.6087094 
0.5859409 
0.5647974 
0.5917987 
0.6524098 
0.6662934 
0.7451322 
0.7621694 
0.7419036 
0.7198528 
0.7367565 
0.7737480 
0.8017553 
0.8239484 
0.7845843 
0.7337916 
0.7302460 
0.6904899 
0.7048096 
0.7256221 
0.7522919 
0.8094914 
0.7865310 
0.7748684 
0.7790540 
0.7729115 
0.7671753 
0.7755051 
0.7731879 
0.7473486 
0.7382349 
0.7235649 
0.7618051 
0.7534012 
0.7494198 
0.7751738 
0.7806365 
0.7724192 
0.7202299 
0.6677474 
0.6670371 
0.6927769 
0.6837939 
0.6784915 
0.6385033 
0.6192935 
0.6192070 
0.5652077 
0.5238262 
0.5426630 
0.5621643 
0.5673407 
0.6072101 
0.6765560 
0.6880854 
0.6734132 
0.6438342 
0.6163129 
0.6271376 
0.6875507 
0.7531895 
0.7907371 
0.7038721 
0.6595219 
0.7075997 
0.7389624 
0.7547197 
0.7671801 
0.7042053 
0.7094309 
0.6806912 
0.6847317 
0.6761862 
0.6957961 
0.7048967 
0.6942917 
0.6983582 
0.7159573 
0.6989477 
0.6841191 
0.6299127 
0.5885056 
0.6096356 
0.6515702 
0.6225351 
0.5786565 
0.5432816 
0.5093270 
0.5694731 
0.5557762 
0.5248077 
0.5360571 
0.6170863 
0.6391470 
0.6457950 
0.6288285 
0.6464185 
0.6281977 
0.5915611 
0.5889340 
0.5837927 
0.6110574 
0.6439160 
0.6448576 
0.6274346 
0.6062333 
0.6128097 
0.6210884 
0.5856999 
0.5742326 
0.5812420 
0.5917036 
0.5824610 
0.5303433 
0.5585130 
0.5889913 
0.6261434 
0.6529330 
0.6670546 
0.6862855 
0.6803280 
0.6851520 
0.6846178 
0.6961201 
0.6542489 
0.6321898 
0.6689743 
0.6972438 
0.6916160 
0.6558342 
0.6659813 
0.6566425 
0.6826593 
0.6600596 
0.6146532 
0.6006086 
0.6559010 
0.6967723 
0.6998160 
0.6706364 
0.6451405 
0.6632028 
0.6322628 
0.6007863 
0.6014390 
0.5872863 
0.5804479 
0.5651595 
0.5226171 
0.5266754 
0.5334140 
0.5517632 
0.5649865 
0.5535351 
0.5420912 
0.5662874 
0.5724037 
0.5610706 
0.5553232 
0.5639386 
0.5476787 
0.5564483 
0.5343115 
0.4762312 
0.4662408 
0.4687445 
0.4777605 
0.4695341 
0.5288192 
0.5185378 
0.4957381 
0.5118445 
0.5342805 
0.5580860 
0.5934953 
0.6249907 
0.6485388 
0.6381277 
0.6318079 
0.6555629 
0.6572021 
0.6631671 
0.6555673 
0.7221244 
0.7001871 
0.6646966 
0.5989173 
0.6236960 
0.6366549 
0.6392547 
0.6155855 
0.6218875 
0.6270102 
0.5980357 
0.5923497 
0.6382195 
0.6313169 
0.6116003 
0.6531362 
0.6330455 
0.6313099 
0.6604165 
0.6697373 
0.6761698 
0.6586684 
0.6481208 
0.6816096 
0.6902591 
0.6824684 
0.6919307 
0.7290064 
0.7067560 
0.6907092 
0.7054214 
0.6567998 
0.6063427 
0.6387253 
0.7308019 
0.8346908 
0.8514028 
0.7992014 
0.7260776 
0.6394337 
0.6052037 
0.6244669 
0.6810078 
0.7541565 
0.8222536 
0.8603022 
0.8562773 
0.8051440 
0.7125880 
0.6573458 
0.6745178 
0.7147171 
0.8252880 
0.9145428 
0.9436210 
0.8974244 
0.8390312 
0.7544600 
0.6692541 
0.6585025 
0.7017816 
0.8159957 
0.8879339 
0.9468057 
0.9192852 
0.8758160 
0.8052210 
0.7496564 
0.7260215 
0.7338134 
0.7793394 
0.8223916 
0.8506604 
0.8501815 
0.8427927 
0.7375209 
0.6918154 
0.6793204 
0.6972352 
0.7158615 
0.7642256 
0.8107559 
0.8066802 
0.7658848 
0.7126516 
0.6785913 
0.6577361 
0.7235926 
0.7680056 
0.8159501 
0.8244252 
0.7879004 
0.7550277 
0.7108828 
0.6755719 
0.6799296 
0.7132136 
0.7027144 
0.7117799 
0.7517206 
0.7424909 
0.7490999 
0.7486107 
0.7884253 
0.7963683 
0.7770843 
0.7594262 
0.7274151 
0.6866816 
0.6948476 
0.7331810 
0.7243793 
0.6791464 
0.6253270 
0.5678542 
0.5327863 
0.5411346 
0.5420203 
0.5453088 
0.5621051 
0.5569195 
0.5861540 
0.6157366 
0.6078336 
0.5416272 
0.5368121 
0.5064660 
0.4605611 
0.4546223 
0.4516459 
0.4202565 
0.4290058 
0.3980427 
0.4039608 
0.4114146 
0.4049464 
0.4304570 
0.4834521 
0.5050148 
0.4710655 
0.4583033 
0.4188080 
0.4288441 
0.4269030 
0.4300866 
0.4720594 
0.4711346 
0.4516312 
0.4198483 
0.3858952 
0.3661130 
0.3474083 
0.3628520 
0.3776764 
0.3827248 
0.4185376 
0.3771887 
0.3997852 
0.4522090 
0.4979569 
0.5017789 
0.4867039 
0.4918778 
0.4844305 
0.4900527 
0.5031667 
0.5092230 
0.5012988 
0.4697244 
0.4291700 
0.3894490 
0.3812438 
0.3912006 
0.4603591 
0.4960130 
0.5298550 
0.4991059 
0.4421492 
0.4111145 
0.3672244 
0.4194144 
0.4771523 
0.5739718 
0.6445073 
0.6194472 
0.5518562 
0.4751827 
0.4355278 
0.4122903 
0.4604517 
0.5493437 
0.5955446 
0.5824987 
0.5109678 
0.4307017 
0.4142142 
0.4472797 
0.5000087 
0.5773224 
0.6028067 
0.5953575 
0.5711162 
0.4780294 
0.3983733 
0.4093161 
0.4580521 
0.5455986 
0.6379443 
0.6882701 
0.7190460 
0.6233792 
0.5123296 
0.4698068 
0.4941150 
0.5275143 
0.5639612 
0.6129722 
0.7055739 
0.7516714 
0.6918054 
0.5916970 
0.4979907 
0.4823031 
0.4771057 
0.5154045 
0.5860419 
0.6671690 
0.6616954 
0.5916467 
0.5364558 
0.4826715 
0.4529816 
0.4923909 
0.6135252 
0.6921870 
0.6777671 
0.6737010 
0.6402007 
0.5650011 
0.5152644 
0.5414249 
0.5585144 
0.5525115 
0.5797895 
0.6035262 
0.5945351 
0.5978636 
0.5900800 
0.5504880 
0.5101923 
0.5080853 
0.5185981 
0.5259374 
0.5532959 
0.5563978 
0.5285382 
0.4875767 
0.4450321 
0.4432512 
0.4444130 
0.4808139 
0.4892951 
0.4879422 
0.4959871 
0.5055899 
0.4946247 
0.4468558 
0.4079634 
0.4153607 
0.4302608 
0.4397953 
0.4580937 
0.4508774 
0.4370131 
0.4304660 
0.4314544 
0.4044041 
0.4033018 
0.3702602 
0.3486812 
0.3682676 
0.3905208 
0.3820573 
0.3934383 
0.3727790 
0.3863657 
0.3447902 
0.3644600 
0.3768152 
0.4079908 
0.4201237 
0.3587066 
0.3553149 
0.3460681 
0.3614023 
0.3700139 
0.3675507 
0.3533407 
0.3325936 
0.3329887 
0.3375225 
0.3649238 
0.3756879 
0.4159734 
0.4172554 
0.4248701 
0.4257116 
0.3979663 
0.4313206 
0.4280976 
0.4195434 
0.4349091 
0.4320232 
0.4283658 
0.4844561 
0.4397012 
0.4205833 
0.4131052 
0.4086902 
0.4445099 
0.4720578 
0.4745031 
0.4775525 
0.4699295 
0.4614672 
0.4454670 
0.4292816 
0.4401827 
0.4646394 
0.4670292 
0.4864483 
0.4840738 
0.4928143 
0.4865319 
0.4818789 
0.5532879 
0.6131090 
0.7070100 
0.7983040 
0.7771535 
0.7639379 
0.7267920 
0.6977527 
0.6716811 
0.6719830 
0.6788774 
0.6830379 
0.6601991 
0.6465483 
0.6178610 
0.5782586 
0.5740394 
0.5244710 
0.4723265 
0.4567955 
0.3705222 
0.3917276 
0.4400968 
0.4844551 
0.5102409 
0.5620956 
0.5647861 
0.5467637 
0.5149104 
0.4962004 
0.4610277 
0.4185261 
0.3925873 
0.3831368 
0.3534778 
0.3596004 
0.3999997 
0.4206159 
0.4092051 
0.3851983 
0.3395388 
0.2855865 
0.2616877 
0.2627461 
0.2506763 
0.2507648 
0.1978740 
0.1765518 
0.2015825 
0.2189778 
0.2756797 
0.2713321 
0.2640763 
0.2523216 
0.2956086 
0.2779285 
0.2796329 
0.3111725 
0.3155974 
0.2981673 
0.2983753 
0.2943481 
0.3184818 
0.3056145 
0.3231385 
0.3392655 
0.3750606 
0.3329988 
0.3101414 
0.3467614 
0.3979781 
0.4126350 
0.4390636 
0.4529444 
0.4450985 
0.4435573 
0.4364989 
0.4484799 
0.4611548 
0.4767562 
0.5012724 
0.5172047 
0.5043271 
0.4661371 
0.4592801 
0.4628308 
0.4851087 
0.4787189 
0.5193303 
0.5074789 
0.5104055 
0.4992192 
0.5115422 
0.5044274 
0.4981406 
0.4943637 
0.4861144 
0.4413318 
0.4241319 
0.4300695 
0.4286680 
0.4580903 
0.4690173 
0.4874492 
0.4685377 
0.4157795 
0.3694737 
0.3813154 
0.3919616 
0.3876838 
0.3803018 
0.4046104 
0.3768903 
0.3629134 
0.3608051 
0.3247421 
0.3075820 
0.3094944 
0.2680895 
0.2506725 
0.2805433 
0.2731601 
0.2640674 
0.2546777 
0.2396372 
0.2272821 
0.2232637 
0.2136546 
0.1907784 
0.1875275 
0.1974306 
0.2430500 
0.2724074 
0.2599818 
0.2958762 
0.3327726 
0.3148762 
0.3586262 
0.3880830 
0.3694895 
0.3519434 
0.3658117 
0.3777442 
0.3885178 
0.3626190 
0.3480600 
0.3457328 
0.3559238 
0.3713780 
0.3491568 
0.3617298 
0.3655324 
0.3755280 
0.3916341 
0.4124551 
0.4646150 
0.4937461 
0.4887770 
0.4821323 
0.4646075 
0.4576568 
0.4371967 
0.4536879 
0.4529167 
0.4608917 
0.4658289 
0.4938359 
0.4928675 
0.5029850 
0.4886468 
0.5126061 
0.5305090 
0.4917260 
0.4349806 
0.3926033 
0.4077789 
0.4388623 
0.4278980 
0.4377458 
0.4142455 
0.3891023 
0.4041010 
0.3940101 
0.4339473 
0.4147246 
0.3886227 
0.3378123 
0.3407382 
0.3721484 
0.3742541 
0.3413332 
0.3283086 
0.3267630 
0.3316526 
0.3773873 
0.3740292 
0.3756239 
0.3799433 
0.3675215 
0.3808662 
0.4195486 
0.4265072 
0.4351670 
0.4450219 
0.4588766 
0.4560254 
0.4558479 
0.4428225 
0.4302667 
0.4596804 
0.4746263 
0.5068141 
0.4965800 
0.4863670 
0.4769609 
0.4666766 
0.4441846 
0.4526759 
0.4527495 
0.4978560 
0.5097493 
0.5429415 
0.5084302 
0.4880324 
0.4792939 
0.4820502 
0.4817854 
0.5078737 
0.5228765 
0.5415980 
0.5383009 
0.4922895 
0.4669610 
0.4535208 
0.4641735 
0.4516341 
0.4749584 
0.4747719 
0.4675078 
0.4631016 
0.4825144 
0.4733184 
0.4787513 
0.4438236 
0.4377203 
0.4025579 
0.3842880 
0.3799187 
0.3691541 
0.3909600 
0.4322496 
0.4541056 
0.5329471 
0.5429632 
0.5263606 
0.5503359 
0.4994815 
0.4559378 
0.4244459 
0.4142158 
0.3620103 
0.3557764 
0.3363276 
0.3185085 
0.3148899 
0.3121882 
0.3323256 
0.3363071 
0.3390602 
0.3554435 
0.3839368 
0.3856011 
0.3737032 
0.3776166 
0.3819246 
0.3698053 
0.3772600 
0.3656866 
0.3562662 
0.3669002 
0.3518060 
0.3566730 
0.3653232 
0.3588535 
0.3681197 
0.3300860 
0.2963318 
0.2868839 
0.3197370 
0.3051490 
0.2836951 
0.2829035 
0.2904226 
0.3429376 
0.4098772 
0.4351956 
0.3916912 
0.3481925 
0.3192684 
0.3322551 
0.3248637 
0.3176570 
0.2904591 
0.2397125 
0.2690235 
0.2952625 
0.3264766 
0.2967559 
0.2777097 
0.2881451 
0.3000290 
0.3254609 
0.3156523 
0.2743748 
0.2511656 
0.2676364 
0.2844469 
0.2989905 
0.3024540 
0.3141897 
0.3364041 
0.3735706 
0.3840074 
0.3531193 
0.3309516 
0.3493712 
0.3461506 
0.3695053 
0.3445302 
0.3215943 
0.3163453 
0.3049284 
0.3176686 
0.3128849 
0.3139488 
0.3005083 
0.3209488 
0.3620516 
0.3902292 
0.3638964 
0.3696319 
0.3749500 
0.3535218 
0.3661939 
0.4170793 
0.4394480 
0.4689081 
0.4777535 
0.5083711 
0.5403461 
0.5346624 
0.5115283 
0.4727176 
0.4561233 
0.4326574 
0.4352880 
0.4503214 
0.4431237 
0.4401892 
0.4100086 
0.4364602 
0.4340389 
0.4263941 
0.4463153 
0.4417628 
0.4632076 
0.4503711 
0.4444529 
0.4675449 
0.4511191 
0.4933589 
0.5119038 
0.5184374 
0.5150618 
0.4995012 
0.4873975 
0.4519130 
0.4123214 
0.4279811 
0.4135899 
0.4200090 
0.3819993 
0.2964587 
0.1104679 
0.0799957 
0.0819003 
0.0699121 
0.0237498 
0.0145198 
0.0045874 
0.0127595 
0.0293536 
0.0232664 
0.0000000 
0.0459946 
0.0938091 
0.1302792 
0.1802376 
0.1725922 
0.1801233 
0.2008378 
0.2426041 
0.2912340 
0.3044924 
0.3034929 
0.3269089 
0.3801018 
0.4046808 
0.3169105 
0.2789343 
0.2518235 
0.2329528 
0.2448057 
0.2300886 
0.1988330 
0.1636828 
0.1725032 
0.1881194 
0.2119148 
0.2386137 
0.2439315 
0.2703087 
0.3000033 
0.2957173 
0.2632226 
0.2230960 
0.2148879 
0.2237546 
0.2303091 
0.2095815 
0.2128047 
0.2289863 
0.2605978 
0.2561785 
0.2469567 
0.2109378 
0.1753405 
0.1566482 
0.1739694 
0.1726456 
0.1338035 
0.1211303 
0.1211696 
0.1294699 
0.1419006 
0.1398253 
0.1339177 
0.1390651 
0.1385613 
0.1418215 
0.1386123 
0.1405214 
0.1659303 
0.1771305 
0.2015834 
0.2510695 
0.2547564 
0.2510461 
0.2768979 
0.3092315 
0.3007067 
0.2849385 
0.2775452 
0.2300320 
0.1791246 
0.1982388 
0.1977989 
0.1866755 
0.1683256 
0.1929577 
0.2074567 
0.2178334 
0.2137357 
0.1924584 
0.1755930 
0.1520873 
0.1747268 
0.2152931 
0.2438689 
0.2512011 
0.2485411 
0.2551199 
0.2534403 
0.2151976 
0.1980644 
0.2029652 
0.2130112 
0.2237767 
0.2285285 
0.2158038 
0.2260247 
0.2439678 
0.2322503 
0.2046677 
0.1888495 
0.1931042 
0.1980079 
0.2137039 
0.2240458 
0.2314498 
0.2437699 
0.2356070 
0.2006512 
0.1780045 
0.1793140 
0.1881490 
0.1990782 
0.1702724 
0.1942164 
0.2304152 
0.2343866 
0.2254843 
0.2260005 
0.2210435 
0.2056390 
0.1596797 
0.1130989 
0.1102815 
0.1276838 
0.1700150 
0.1765419 
0.2123664 
0.1929710 
0.1910978 
0.2044602 
0.1921684 
0.1913468 
0.1873284 
0.1900890 
0.1725098 
0.1547129 
0.1629251 
0.2004924 
0.2125563 
0.2135817 
0.1757611 
0.1916996 
0.2030848 
0.2061337 
0.2018754 
0.1690421 
0.1760825 
0.1626915 
0.2085588 
0.2228016 
0.2251816 
0.2149442 
0.2140053 
0.2156873 
0.2444803 
0.2557145 
0.2388422 
0.2448236 
0.2409395 
0.2032124 
0.1828644 
0.1562794 
0.1632290 
0.1913580 
0.2088691 
0.1871472 
0.1853291 
0.1585014 
0.1917664 
0.2145899 
0.2360285 
0.1919023 
0.2172299 
0.2290943 
0.2320140 
0.2210947 
0.2069701 
0.2319618 
0.2198738 
0.1850965 
0.1840606 
0.1811569 
0.2078842 
0.2481568 
0.2200473 
0.1703710 
0.2021829 
0.2302995 
0.2368167 
0.2393401 
0.2406529 
0.2520214 
0.2261465 
0.2449320 
0.2286645 
0.2346036 
0.2703666 
0.2833948 
0.2904871 
0.2964178 
0.3170854 
0.3327912 
0.3258234 
0.3102302 
0.3287962 
0.3491855 
0.3569759 
0.3056492 
0.2977560 
0.3090348 
0.2568645 
0.2552056 
0.2493198 
0.2538498 
0.2621146 
0.2471524 
0.2321289 
0.2044242 
0.2212051 
0.2029934 
0.2164969 
0.2151072 
0.2473248 
0.2647549 
0.2466328 
0.2532449 
0.2535373 
0.2323881 
0.2613656 
0.2817376 
0.2930326 
0.3064575 
0.3202102 
0.3456089 
0.3245278 
0.2864721 
0.2223315 
0.2324213 
0.2425028 
0.2660256 
0.2669227 
0.2618379 
0.2322470 
0.2172423 
0.1891359 
0.1763410 
0.1594068 
0.1617778 
0.1663861 
0.1534645 
0.2021477 
0.1983807 
0.1890831 
0.1806144 
0.1743084 
0.1629125 
0.1624315 
0.1462643 
0.1872228 
0.2269231 
0.2566499 
0.2694739 
0.2795404 
0.2704321 
0.2203756 
0.2071600 
0.2166370 
0.2285380 
0.2141959 
0.2129646 
0.2264151 
0.2069058 
0.1945617 
0.1688723 
0.1677091 
0.2038273 
0.2021073 
0.1798517 
0.1850353 
0.2026082 
0.1798223 
0.2046495 
0.2411704 
0.2745790 
0.2822059 
0.2642617 
0.2688321 
0.2459448 
0.2158835 
0.1863078 
0.1968166 
0.2285319 
0.2700092 
0.2722402 
0.2266202 
0.2126287 
0.2111555 
0.2106028 
0.2179983 
0.2309811 
0.2349025 
0.2315129 
0.2230746 
0.2355019 
0.2554205 
0.2792850 
0.3095637 
0.3154420 
0.3144545 
0.2746983 
0.2669610 
0.2583851 
0.2472459 
0.2274377 
0.2068674 
0.2235802 
0.2260962 
0.2737651 
0.3012798 
0.3082916 
0.2252359 
0.2175968 
0.2779277 
0.2915750 
0.2705545 
0.2646234 
0.2840685 
0.2726451 
0.2664583 
0.2695477 
0.2801927 
0.2626699 
0.2811359 
0.2840949 
0.2596745 
0.2597543 
0.2565054 
0.2666947 
0.2501342 
0.2554970 
0.2611833 
0.2622147 
0.2441763 
0.2518775 
0.2500913 
0.2732674 
0.2739829 
0.2897122 
0.2771890 
0.2636809 
0.2669849 
0.2871465 
0.2950420 
0.2851071 
0.3120672 
0.3046608 
0.3098050 
0.3187122 
0.3003994 
0.3098161 
0.2898399 
0.2635174 
0.2076179 
0.1863454 
0.2003584 
0.1953673 
0.1953952 
0.2222852 
0.2276364 
0.2113904 
0.2193361 
0.2393533 
0.2513985 
0.2384960 
0.2646333 
0.2680335 
0.2398296 
0.2357112 
0.2347257 
0.2194754 
0.2280190 
0.2541819 
0.2687246 
0.2674821 
0.2968006 
0.3133340 
0.3291406 
0.3550597 
0.3877988 
0.3944371 
0.4000392 
0.3909512 
0.3483666 
0.3260051 
0.2688243 
0.2184523 
0.2545474 
0.2600110 
0.2908041 
0.3096244 
0.3154912 
0.3297585 
0.3507521 
0.3448518 
0.3554376 
0.3244479 
0.2970104 
0.2873754 
0.2819917 
0.2786916 
0.2921839 
0.2730268 
0.2538366 
0.2580713 
0.2513444 
0.2300702 
0.2142357 
0.2641176 
0.2647092 
0.2787312 
0.2911990 
0.3034459 
0.3106272 
0.3025579 
0.2742397 
0.2757726 
0.2840151 
0.3067595 
0.3017722 
0.3121810 
0.3135485 
0.2882585 
0.3052598 
0.2957567 
0.2715953 
0.2601463 
0.2475744 
0.2322859 
0.2303787 
0.2581362 
0.2580738 
0.2769588 
0.3307447 
0.3436290 
0.3064713 
0.3152767 
0.3263299 
0.3417294 
0.3506408 
0.3197182 
0.2955809 
0.2756004 
0.2549168 
0.2362121 
0.2479963 
0.2583440 
0.2604859 
0.2901412 
0.2942613 
0.2844717 
0.2781158 
0.2820592 
0.2746543 
0.2758708 
0.2871737 
0.3186237 
0.3390987 
0.3261920 
0.3476581 
0.3569361 
0.3321672 
0.3066802 
0.3024172 
0.3012139 
0.2768514 
0.2704751 
0.2507154 
0.2699376 
0.2435415 
0.2205628 
0.2152993 
0.1937604 
0.1887004 
0.2006694 
0.2250595 
