-0.0001913 
-0.0000578 
-0.0000694 
-0.1302384 
-0.0293085 
-0.2540474 
0.9961486 
0.9971914 
0.9956928 
0.9967021 
0.9952670 
0.9990357 
0.9992089 
0.9996855 
0.9983215 
0.9971233 
0.9984315 
0.9996132 
1.0000000 
0.9970981 
0.9959291 
0.9919419 
0.9883440 
0.9882900 
0.9909524 
0.9885058 
0.9863027 
0.9838475 
0.9844298 
0.9831656 
0.9807149 
0.9854087 
0.9842413 
0.9850059 
0.9838151 
0.9832485 
0.9776243 
0.9727365 
0.9727788 
0.9728030 
0.9679110 
0.9713302 
0.9713442 
0.9734492 
0.9704617 
0.9735775 
0.9724036 
0.9743776 
0.9751046 
0.9727701 
0.9742148 
0.9718947 
0.9691255 
0.9675055 
0.9659362 
0.9607100 
0.9582897 
0.9584903 
0.9581948 
0.9565189 
0.9509411 
0.9560116 
0.9561943 
0.9620610 
0.9558850 
0.9583860 
0.9611640 
0.9571225 
0.9606478 
0.9611325 
0.9631088 
0.9594444 
0.9569509 
0.9570294 
0.9547775 
0.9543836 
0.9504442 
0.9511965 
0.9507729 
0.9477148 
0.9489775 
0.9508782 
0.9497399 
0.9513734 
0.9525840 
0.9487858 
0.9474876 
0.9476091 
0.9477595 
0.9499368 
0.9467822 
0.9485905 
0.9442714 
0.9469318 
0.9456795 
0.9458260 
0.9490704 
0.9513702 
0.9506622 
0.9461683 
0.9470347 
0.9429598 
0.9412558 
0.9412596 
0.9425992 
0.9408044 
0.9409978 
0.9383356 
0.9344624 
0.9347619 
0.9332048 
0.9364187 
0.9338477 
0.9328793 
0.9309051 
0.9295053 
0.9246308 
0.9240728 
0.9223146 
0.9267310 
0.9253515 
0.9262021 
0.9237298 
0.9222200 
0.9241741 
0.9215934 
0.9199980 
0.9172073 
0.9171461 
0.9149624 
0.9133375 
0.9118469 
0.9127232 
0.9146527 
0.9147249 
0.9123429 
0.9138835 
0.9123227 
0.9107926 
0.9122309 
0.9086071 
0.9170179 
0.9113391 
0.9060143 
0.9098139 
0.9087967 
0.9105027 
0.9095568 
0.9097917 
0.9076999 
0.9096571 
0.9074625 
0.9085173 
0.9063881 
0.9059056 
0.9086191 
0.9118385 
0.9097819 
0.9053528 
0.9046830 
0.9081767 
0.9067257 
0.9064990 
0.9029006 
0.9016230 
0.9061704 
0.9075198 
0.9111768 
0.9068735 
0.8998849 
0.9027331 
0.9037050 
0.9035203 
0.9042841 
0.9012052 
0.9016752 
0.8999426 
0.8970085 
0.8944442 
0.8996620 
0.9014885 
0.8979416 
0.8978930 
0.8942011 
0.8969228 
0.8960193 
0.8958635 
0.8965647 
0.8933659 
0.8920519 
0.8970008 
0.8975108 
0.8985550 
0.8945133 
0.8963781 
0.8969789 
0.8933899 
0.8939634 
0.8939657 
0.8957180 
0.8956306 
0.8952496 
0.8923765 
0.8950510 
0.8968429 
0.8929382 
0.9000486 
0.8944802 
0.8920593 
0.8896653 
0.8912812 
0.8896722 
0.8931225 
0.8882181 
0.8846188 
0.8890394 
0.8816061 
0.8799643 
0.8798815 
0.8807466 
0.8802066 
0.8760766 
0.8705346 
0.8731167 
0.8707645 
0.8716197 
0.8765645 
0.8732600 
0.8677584 
0.8693214 
0.8671930 
0.8720596 
0.8707095 
0.8691319 
0.8696525 
0.8712539 
0.8678864 
0.8674544 
0.8709829 
0.8650081 
0.8632626 
0.8638914 
0.8624561 
0.8719444 
0.8667119 
0.8657744 
0.8673012 
0.8664557 
0.8699667 
0.8661912 
0.8671099 
0.8645350 
0.8647317 
0.8649943 
0.8645340 
0.8758285 
0.8760031 
0.8749386 
0.8715014 
0.8665909 
0.8615576 
0.8610139 
0.8600592 
0.8552253 
0.8538880 
0.8487560 
0.8519754 
0.8493798 
0.8484907 
0.8485746 
0.8496875 
0.8465845 
0.8467129 
0.8507907 
0.8460822 
0.8417079 
0.8419030 
0.8463990 
0.8401037 
0.8398727 
0.8397473 
0.8440554 
0.8414693 
0.8408945 
0.8439099 
0.8447133 
0.8419105 
0.8413089 
0.8475568 
0.8402219 
0.8391174 
0.8469920 
0.8387635 
0.8404408 
0.8415920 
0.8397823 
0.8402816 
0.8363551 
0.8377230 
0.8357739 
0.8351760 
0.8329033 
0.8357035 
0.8335205 
0.8321482 
0.8308561 
0.8305631 
0.8341921 
0.8309296 
0.8325054 
0.8305973 
0.8287407 
0.8306502 
0.8276593 
0.8279072 
0.8298990 
0.8291510 
0.8284390 
0.8236712 
0.8301210 
0.8274461 
0.8270079 
0.8297331 
0.8259931 
0.8270414 
0.8306038 
0.8270225 
0.8248667 
0.8262178 
0.8282800 
0.8248174 
0.8255908 
0.8240745 
0.8238434 
0.8190945 
0.8208277 
0.8204431 
0.8186742 
0.8204112 
0.8227406 
0.8203598 
0.8242572 
0.8209018 
0.8224467 
0.8199383 
0.8202107 
0.8181634 
0.8182584 
0.8174585 
0.8150673 
0.8152283 
0.8172748 
0.8195003 
0.8165513 
0.8221817 
0.8206653 
0.8184357 
0.8211066 
0.8131238 
0.8143937 
0.8142111 
0.8141454 
0.8159006 
0.8111594 
0.8134733 
0.8128651 
0.8118165 
0.8145431 
0.8125355 
0.8142680 
0.8187972 
0.8194761 
0.8165788 
0.8170928 
0.8159107 
0.8171030 
0.8141613 
0.8093235 
0.8117359 
0.8129330 
0.8115897 
0.8120649 
0.8139335 
0.8146892 
0.8096010 
0.8051387 
0.8017702 
0.7964272 
0.7997382 
0.7954032 
0.7939302 
0.7944637 
0.7978362 
0.7940305 
0.7932190 
0.7916304 
0.7907728 
0.7879649 
0.7879412 
0.7915829 
0.7876064 
0.7877639 
0.7895280 
0.7935511 
0.7880980 
0.7874480 
0.7888438 
0.7863559 
0.7855100 
0.7890223 
0.7867238 
0.7854451 
0.7847207 
0.7841783 
0.7826359 
0.7862965 
0.7817719 
0.7798360 
0.7868513 
0.7728816 
0.7748986 
0.7785136 
0.7805396 
0.7807886 
0.7769961 
0.7758372 
0.7785754 
0.7767230 
0.7792776 
0.7824240 
0.7797243 
0.7759709 
0.7798449 
0.7776656 
0.7731387 
0.7727293 
0.7802248 
0.7812993 
0.7804048 
0.7767156 
0.7752430 
0.7760975 
0.7760962 
0.7787280 
0.7780297 
0.7758845 
0.7792115 
0.7793984 
0.7777813 
0.7782771 
0.7786593 
0.7789699 
0.7737795 
0.7627580 
0.7587713 
0.7589378 
0.7565655 
0.7571244 
0.7565556 
0.7578436 
0.7608064 
0.7556836 
0.7530756 
0.7493214 
0.7478676 
0.7465863 
0.7510503 
0.7444207 
0.7490530 
0.7501696 
0.7430726 
0.7543365 
0.7551853 
0.7499451 
0.7604977 
0.7596113 
0.7616168 
0.7582801 
0.7605400 
0.7658147 
0.7563273 
0.7580205 
0.7608066 
0.7570322 
0.7550637 
0.7570746 
0.7554407 
0.7589927 
0.7587720 
0.7606342 
0.7619842 
0.7602260 
0.7599726 
0.7621679 
0.7628156 
0.7588290 
0.7552509 
0.7555426 
0.7540438 
0.7533487 
0.7544981 
0.7498449 
0.7490423 
0.7475725 
0.7476451 
0.7437431 
0.7423966 
0.7409631 
0.7395013 
0.7412357 
0.7390739 
0.7416328 
0.7397028 
0.7422762 
0.7415401 
0.7423240 
0.7393519 
0.7386827 
0.7451173 
0.7452518 
0.7426806 
0.7380312 
0.7390622 
0.7413036 
0.7404308 
0.7446493 
0.7422923 
0.7418947 
0.7432515 
0.7419058 
0.7405908 
0.7320326 
0.7300159 
0.7261358 
0.7254532 
0.7271313 
0.7266774 
0.7316277 
0.7381222 
0.7347095 
0.7332652 
0.7313650 
0.7310083 
0.7278088 
0.7300901 
0.7275133 
0.7290032 
0.7306667 
0.7320844 
0.7301825 
0.7316857 
0.7296116 
0.7288410 
0.7263448 
0.7281244 
0.7275392 
0.7307046 
0.7324243 
0.7302841 
0.7282694 
0.7287103 
0.7240720 
0.7275861 
0.7236633 
0.7218905 
0.7174634 
0.7164635 
0.7172439 
0.7192454 
0.7185137 
0.7192373 
0.7129071 
0.7185750 
0.7168661 
0.7148758 
0.7168860 
0.7144992 
0.7165398 
0.7122372 
0.7142317 
0.7111220 
0.7150903 
0.7130302 
0.7148755 
0.7159024 
0.7121178 
0.7066769 
0.7093708 
0.7109002 
0.7121714 
0.7127781 
0.7080293 
0.7093326 
0.7093244 
0.7064070 
0.7070629 
0.7060933 
0.7074987 
0.7065662 
0.7031382 
0.7011394 
0.7039442 
0.7017701 
0.7029995 
0.6995190 
0.6970186 
0.6955961 
0.6971931 
0.7015082 
0.6984186 
0.6974925 
0.6958648 
0.6909419 
0.6941420 
0.6965272 
0.6959414 
0.6970178 
0.6966410 
0.6943000 
0.6928986 
0.6932117 
0.6973937 
0.6968014 
0.6981881 
0.6939481 
0.6960366 
0.6969583 
0.6965856 
0.6977588 
0.6987311 
0.6987692 
0.6941493 
0.6944166 
0.6923141 
0.6912997 
0.6969486 
0.6929630 
0.6935064 
0.6925158 
0.6922039 
0.6916024 
0.6945649 
0.6928820 
0.6935393 
0.6906112 
0.6892603 
0.6871684 
0.6885664 
0.6891926 
0.6851526 
0.6832285 
0.6841328 
0.6838565 
0.6835664 
0.6833884 
0.6835973 
0.6827460 
0.6846664 
0.6828002 
0.6814244 
0.6817748 
0.6825523 
0.6831024 
0.6803977 
0.6828609 
0.6839356 
0.6842436 
0.6828380 
0.6869034 
0.6863381 
0.6858047 
0.6852386 
0.6842330 
0.6828473 
0.6814604 
0.6788449 
0.6760590 
0.6747103 
0.6732068 
0.6702356 
0.6696098 
0.6733765 
0.6774276 
0.6784923 
0.6764950 
0.6700367 
0.6673411 
0.6664960 
0.6672135 
0.6681556 
0.6665175 
0.6659046 
0.6655145 
0.6582981 
0.6598058 
0.6649696 
0.6630920 
0.6632296 
0.6628313 
0.6626743 
0.6666211 
0.6657361 
0.6635277 
0.6632908 
0.6638486 
0.6641299 
0.6649798 
0.6629625 
0.6602306 
0.6647940 
0.6651874 
0.6610203 
0.6602971 
0.6578564 
0.6599340 
0.6628024 
0.6625232 
0.6591468 
0.6577319 
0.6597649 
0.6596194 
0.6586171 
0.6614071 
0.6637952 
0.6612551 
0.6605326 
0.6570718 
0.6559686 
0.6529716 
0.6535354 
0.6590944 
0.6568780 
0.6579127 
0.6543981 
0.6586462 
0.6591274 
0.6544444 
0.6489435 
0.6459951 
0.6503483 
0.6533798 
0.6533249 
0.6509500 
0.6496180 
0.6485541 
0.6463403 
0.6469644 
0.6458197 
0.6473500 
0.6461322 
0.6470809 
0.6401971 
0.6390391 
0.6426718 
0.6388682 
0.6444899 
0.6402486 
0.6398388 
0.6440956 
0.6434023 
0.6434976 
0.6414949 
0.6442338 
0.6402490 
0.6398107 
0.6398450 
0.6364144 
0.6371908 
0.6378632 
0.6327284 
0.6323029 
0.6363553 
0.6357175 
0.6385096 
0.6408687 
0.6390902 
0.6342481 
0.6347240 
0.6343041 
0.6328195 
0.6292471 
0.6263563 
0.6269898 
0.6238958 
0.6231774 
0.6233229 
0.6238115 
0.6213469 
0.6225583 
0.6260410 
0.6215016 
0.6253823 
0.6332291 
0.6323167 
0.6270667 
0.6207293 
0.6245112 
0.6225960 
0.6234361 
0.6207233 
0.6208704 
0.6184401 
0.6160362 
0.6160633 
0.6183380 
0.6192705 
0.6214087 
0.6284790 
0.6186039 
0.6227803 
0.6244230 
0.6240045 
0.6256298 
0.6236311 
0.6213510 
0.6208360 
0.6175873 
0.6169158 
0.6141368 
0.6172892 
0.6168830 
0.6205212 
0.6195294 
0.6213056 
0.6172853 
0.6151688 
0.6180441 
0.6149519 
0.6170657 
0.6166581 
0.6137853 
0.6148839 
0.6123759 
0.6134002 
0.6117108 
0.6101018 
0.6069179 
0.6105434 
0.6121210 
0.6121425 
0.6126081 
0.6109813 
0.6112625 
0.6092049 
0.6107376 
0.6142236 
0.6080680 
0.6125020 
0.6105174 
0.6080715 
0.6114076 
0.6088258 
0.6105724 
0.6056666 
0.6020519 
0.6042826 
0.6065693 
0.6092876 
0.6090473 
0.6053366 
0.6055017 
0.6035939 
0.6022989 
0.6009466 
0.5982233 
0.6007480 
0.6043430 
0.6058557 
0.6047377 
0.6012470 
0.6004415 
0.5965735 
0.5926932 
0.5940445 
0.5963241 
0.5960864 
0.6004302 
0.5946890 
0.5913694 
0.5963064 
0.5887537 
0.5926736 
0.5939916 
0.5904524 
0.5887552 
0.5920807 
0.5918584 
0.5953463 
0.5992220 
0.5942434 
0.5969732 
0.5956335 
0.5921891 
0.5914785 
0.5900440 
0.5904827 
0.5909603 
0.5896656 
0.5931269 
0.5917360 
0.5881521 
0.5862181 
0.5900119 
0.5891479 
0.5859079 
0.5866833 
0.5815455 
0.5790356 
0.5809135 
0.5818254 
0.5836001 
0.5848000 
0.5789612 
0.5791679 
0.5802671 
0.5773497 
0.5783016 
0.5820593 
0.5752847 
0.5767453 
0.5778223 
0.5770605 
0.5774340 
0.5795511 
0.5756642 
0.5780632 
0.5792315 
0.5818884 
0.5806986 
0.5763518 
0.5761705 
0.5745055 
0.5744422 
0.5742397 
0.5722564 
0.5725134 
0.5715623 
0.5713021 
0.5691375 
0.5714296 
0.5720604 
0.5698102 
0.5686356 
0.5680903 
0.5689216 
0.5699122 
0.5692528 
0.5684952 
0.5676491 
0.5683979 
0.5645690 
0.5646329 
0.5586114 
0.5580789 
0.5589758 
0.5571444 
0.5597267 
0.5564717 
0.5599899 
0.5615379 
0.5585844 
0.5594009 
0.5613395 
0.5585803 
0.5581399 
0.5556283 
0.5567752 
0.5529459 
0.5519137 
0.5500395 
0.5565434 
0.5538640 
0.5550417 
0.5518692 
0.5507594 
0.5499222 
0.5533126 
0.5544911 
0.5522913 
0.5516945 
0.5496335 
0.5506909 
0.5509207 
0.5511247 
0.5501378 
0.5511763 
0.5488255 
0.5501839 
0.5483239 
0.5503358 
0.5503657 
0.5457912 
0.5435675 
0.5428134 
0.5450962 
0.5460795 
0.5485488 
0.5474327 
0.5497529 
0.5480649 
0.5457441 
0.5433738 
0.5446934 
0.5474618 
0.5466878 
0.5441492 
0.5440686 
0.5458788 
0.5455821 
0.5447809 
0.5431188 
0.5393196 
0.5393332 
0.5410930 
0.5428285 
0.5434852 
0.5431250 
0.5437810 
0.5408576 
0.5386022 
0.5369020 
0.5357879 
0.5360023 
0.5364981 
0.5355534 
0.5361344 
0.5366990 
0.5369456 
0.5340104 
0.5297712 
0.5267057 
0.5280215 
0.5276663 
0.5301193 
0.5319036 
0.5296994 
0.5300485 
0.5256358 
0.5236241 
0.5221422 
0.5243975 
0.5273132 
0.5231217 
0.5225329 
0.5201345 
0.5209658 
0.5209971 
0.5192315 
0.5189837 
0.5190114 
0.5197903 
0.5198615 
0.5199608 
0.5159781 
0.5218097 
0.5214289 
0.5203791 
0.5225259 
0.5244413 
0.5219349 
0.5242042 
0.5218226 
0.5206362 
0.5221627 
0.5206570 
0.5209187 
0.5228157 
0.5207272 
0.5178269 
0.5177270 
0.5206471 
0.5219914 
0.5214064 
0.5225364 
0.5192337 
0.5186431 
0.5188702 
0.5203819 
0.5199174 
0.5197796 
0.5210384 
0.5180094 
0.5165236 
0.5162509 
0.5123111 
0.5123976 
0.5136111 
0.5115589 
0.5117719 
0.5153121 
0.5144753 
0.5140198 
0.5114767 
0.5097705 
0.5102351 
0.5088359 
0.5088192 
0.5084568 
0.5087940 
0.5055710 
0.5071709 
0.5081612 
0.5071099 
0.5056733 
0.5023841 
0.5065964 
0.5096873 
0.5092102 
0.5066469 
0.5035281 
0.5056800 
0.5081952 
0.5093819 
0.5074538 
0.5043522 
0.5053763 
0.5022360 
0.5016436 
0.5034540 
0.4985067 
0.5005627 
0.5061079 
0.5050494 
0.5036463 
0.5079738 
0.5052561 
0.5025677 
0.5002842 
0.4951111 
0.4961399 
0.5030456 
0.5053131 
0.4986064 
0.4968302 
0.4977710 
0.4961495 
0.4967443 
0.4968524 
0.4957079 
0.4932906 
0.4930584 
0.4946305 
0.4941671 
0.4939787 
0.4942812 
0.4985900 
0.4988673 
0.4962224 
0.4939476 
0.4943437 
0.4961538 
0.4976195 
0.4947314 
0.4959413 
0.4933787 
0.4920951 
0.4915615 
0.4929814 
0.4934853 
0.4930251 
0.4866405 
0.4869862 
0.4837783 
0.4829349 
0.4836056 
0.4831553 
0.4797152 
0.4791630 
0.4766369 
0.4789517 
0.4789927 
0.4787650 
0.4790248 
0.4758830 
0.4804327 
0.4796004 
0.4834291 
0.4804836 
0.4796686 
0.4782187 
0.4756339 
0.4757248 
0.4755850 
0.4756541 
0.4769545 
0.4733935 
0.4721006 
0.4726272 
0.4764292 
0.4777210 
0.4808159 
0.4783942 
0.4779734 
0.4781528 
0.4809462 
0.4769650 
0.4768914 
0.4758839 
0.4859585 
0.4861691 
0.4892044 
0.4865994 
0.4833482 
0.4823798 
0.4812477 
0.4778932 
0.4762952 
0.4767634 
0.4793837 
0.4784901 
0.4752003 
0.4723406 
0.4663164 
0.4649072 
0.4664304 
0.4671582 
0.4696903 
0.4690863 
0.4658752 
0.4680146 
0.4686830 
0.4680750 
0.4665751 
0.4661992 
0.4678400 
0.4680734 
0.4691446 
0.4653497 
0.4664120 
0.4629884 
0.4633974 
0.4644651 
0.4616504 
0.4627641 
0.4625171 
0.4617707 
0.4629520 
0.4615448 
0.4623168 
0.4647553 
0.4655189 
0.4640934 
0.4610749 
0.4601893 
0.4598891 
0.4594815 
0.4597183 
0.4594769 
0.4590463 
0.4598716 
0.4609448 
0.4587815 
0.4622382 
0.4596326 
0.4574073 
0.4561738 
0.4507363 
0.4523266 
0.4558721 
0.4556366 
0.4522423 
0.4520061 
0.4533627 
0.4476500 
0.4500300 
0.4503956 
0.4494765 
0.4489436 
0.4451463 
0.4452340 
0.4484802 
0.4507574 
0.4491278 
0.4505757 
0.4511232 
0.4528327 
0.4494622 
0.4519478 
0.4513127 
0.4470481 
0.4466989 
0.4446292 
0.4480209 
0.4483859 
0.4455611 
0.4454290 
0.4436518 
0.4419295 
0.4439079 
0.4425356 
0.4451467 
0.4455725 
0.4433130 
0.4433028 
0.4432127 
0.4430934 
0.4424822 
0.4423286 
0.4431634 
0.4420678 
0.4438755 
0.4433906 
0.4440977 
0.4458528 
0.4479559 
0.4459080 
0.4429038 
0.4400151 
0.4402510 
0.4391604 
0.4418351 
0.4414459 
0.4403229 
0.4391711 
0.4386029 
0.4358771 
0.4366135 
0.4381054 
0.4376964 
0.4354196 
0.4339141 
0.4322425 
0.4331610 
0.4325596 
0.4275376 
0.4280073 
0.4285115 
0.4273999 
0.4293450 
0.4306261 
0.4301388 
0.4303929 
0.4286130 
0.4262673 
0.4244834 
0.4299598 
0.4280788 
0.4272036 
0.4241111 
0.4273606 
0.4280043 
0.4259795 
0.4232506 
0.4260367 
0.4229366 
0.4184457 
0.4213712 
0.4235253 
0.4228619 
0.4170092 
0.4163363 
0.4173636 
0.4180588 
0.4156042 
0.4161211 
0.4160708 
0.4144834 
0.4134329 
0.4136477 
0.4153624 
0.4178711 
0.4183604 
0.4168132 
0.4155985 
0.4141822 
0.4118926 
0.4130457 
0.4105336 
0.4103274 
0.4136055 
0.4128851 
0.4126593 
0.4137894 
0.4111109 
0.4106257 
0.4105487 
0.4082185 
0.4067250 
0.4124430 
0.4080783 
0.4087651 
0.4119350 
0.4128014 
0.4093989 
0.4089021 
0.4095477 
0.4073123 
0.4098847 
0.4072716 
0.4060880 
0.4083205 
0.4061633 
0.4063006 
0.4031428 
0.4022134 
0.4062862 
0.4089496 
0.4086901 
0.4083772 
0.4068344 
0.4075489 
0.4072829 
0.4081569 
0.4086412 
0.4098326 
0.4119106 
0.4096215 
0.4094911 
0.4096661 
0.4048550 
0.4026826 
0.4023582 
0.4034999 
0.4021852 
0.4055154 
0.4030172 
0.4001291 
0.4000161 
0.3976065 
0.3981379 
0.4013497 
0.3996437 
0.3960695 
0.3942246 
0.3915714 
0.3937211 
0.3918509 
0.3922305 
0.3953069 
0.3971624 
0.3997764 
0.3932758 
0.3922901 
0.3934545 
0.3942392 
0.3930576 
0.3942515 
0.3940432 
0.3931499 
0.3942716 
0.3908808 
0.3903504 
0.3906710 
0.3927687 
0.3939343 
0.3947611 
0.3936805 
0.3938292 
0.3864686 
0.3845377 
0.3861513 
0.3873126 
0.3873269 
0.3861431 
0.3884062 
0.3913324 
0.3898318 
0.3840594 
0.3823897 
0.3793691 
0.3799290 
0.3800078 
0.3819340 
0.3835610 
0.3877270 
0.3890525 
0.3877436 
0.3874259 
0.3832485 
0.3804720 
0.3787105 
0.3829326 
0.3823290 
0.3836951 
0.3855126 
0.3823173 
0.3814000 
0.3808804 
0.3790972 
0.3812050 
0.3837956 
0.3837066 
0.3840113 
0.3847818 
0.3805441 
0.3750508 
0.3752642 
0.3777485 
0.3747034 
0.3751635 
0.3793481 
0.3808241 
0.3810416 
0.3767082 
0.3778677 
0.3821234 
0.3843834 
0.3858960 
0.3853836 
0.3872432 
0.3866689 
0.3827343 
0.3807991 
0.3794672 
0.3790654 
0.3796683 
0.3805398 
0.3775644 
0.3759998 
0.3746252 
0.3761144 
0.3777067 
0.3696478 
0.3694308 
0.3691783 
0.3663740 
0.3690213 
0.3679764 
0.3637133 
0.3649876 
0.3641214 
0.3669329 
0.3677259 
0.3669318 
0.3679896 
0.3708790 
0.3699757 
0.3688673 
0.3655793 
0.3653711 
0.3672760 
0.3693386 
0.3706191 
0.3687544 
0.3686170 
0.3688562 
0.3668557 
0.3655839 
0.3654554 
0.3603723 
0.3593687 
0.3591105 
0.3592660 
0.3596238 
0.3604969 
0.3612455 
0.3615748 
0.3628908 
0.3630914 
0.3616038 
0.3606361 
0.3541206 
0.3535398 
0.3514118 
0.3519374 
0.3542100 
0.3555296 
0.3532030 
0.3538565 
0.3579226 
0.3585104 
0.3581100 
0.3581421 
0.3578403 
0.3585211 
0.3570165 
0.3553021 
0.3569512 
0.3566499 
0.3586058 
0.3598687 
0.3604039 
0.3579949 
0.3556505 
0.3549939 
0.3547143 
0.3522623 
0.3493153 
0.3511039 
0.3509043 
0.3492167 
0.3494853 
0.3492776 
0.3434988 
0.3431239 
0.3421837 
0.3428720 
0.3433653 
0.3428616 
0.3420279 
0.3444480 
0.3482344 
0.3481993 
0.3469567 
0.3464984 
0.3466109 
0.3461858 
0.3457693 
0.3480480 
0.3483862 
0.3471030 
0.3465218 
0.3498107 
0.3511629 
0.3488206 
0.3452410 
0.3435366 
0.3450929 
0.3432194 
0.3425380 
0.3393827 
0.3395158 
0.3424166 
0.3430780 
0.3410765 
0.3403942 
0.3391889 
0.3355226 
0.3324030 
0.3375734 
0.3422275 
0.3424321 
0.3432370 
0.3452773 
0.3396312 
0.3360119 
0.3350785 
0.3351630 
0.3367152 
0.3349558 
0.3377908 
0.3369857 
0.3398708 
0.3385891 
0.3359798 
0.3328197 
0.3344491 
0.3341476 
0.3312926 
0.3318104 
0.3334014 
0.3327849 
0.3315488 
0.3292855 
0.3292767 
0.3296022 
0.3294105 
0.3310017 
0.3307856 
0.3309315 
0.3335441 
0.3342222 
0.3309388 
0.3317940 
0.3311150 
0.3318154 
0.3308632 
0.3312791 
0.3358352 
0.3340938 
0.3311084 
0.3272046 
0.3252740 
0.3272683 
0.3282474 
0.3270442 
0.3259575 
0.3245194 
0.3242507 
0.3254726 
0.3248272 
0.3221562 
0.3190397 
0.3195777 
0.3196225 
0.3235880 
0.3217353 
0.3205031 
0.3191841 
0.3185523 
0.3176416 
0.3166394 
0.3181847 
0.3195569 
0.3206153 
0.3250751 
0.3208415 
0.3194064 
0.3192947 
0.3178523 
0.3180927 
0.3191338 
0.3198581 
0.3196301 
0.3225121 
0.3259614 
0.3271821 
0.3265111 
0.3234084 
0.3205348 
0.3221790 
0.3232591 
0.3211392 
0.3143559 
0.3163689 
0.3218736 
0.3225445 
0.3224162 
0.3181341 
0.3167877 
0.3176846 
0.3218255 
0.3211318 
0.3189844 
0.3155708 
0.3154023 
0.3203189 
0.3210171 
0.3202455 
0.3201178 
0.3226845 
0.3236914 
0.3225734 
0.3201182 
0.3176389 
0.3141420 
0.3126667 
0.3149724 
0.3167696 
0.3191505 
0.3210960 
0.3251127 
0.3237386 
0.3224327 
0.3252186 
0.3182875 
0.3086977 
0.3104091 
0.3122179 
0.3153129 
0.3116090 
0.3059860 
0.3025014 
0.2970712 
0.2942285 
0.3010600 
0.3055525 
0.3066229 
0.3037371 
0.3049478 
0.3032382 
0.3035777 
0.3037191 
0.3047511 
0.3048695 
0.3048843 
0.3023778 
0.3058909 
0.3048817 
0.3025425 
0.3051490 
0.3066276 
0.3042524 
0.3036683 
0.3035363 
0.3020496 
0.3000708 
0.2983036 
0.2985731 
0.2982796 
0.2991210 
0.2998788 
0.2976980 
0.2957874 
0.2935403 
0.2946772 
0.2966556 
0.2972050 
0.2959880 
0.2944936 
0.2955322 
0.2949132 
0.2965685 
0.2947994 
0.2942613 
0.2962235 
0.2966632 
0.2971526 
0.2968862 
0.2951835 
0.2914898 
0.2938101 
0.2948743 
0.2945903 
0.2928749 
0.2944246 
0.2934785 
0.2933965 
0.2931933 
0.2871753 
0.2849909 
0.2859178 
0.2875326 
0.2878464 
0.2887499 
0.2925287 
0.2959539 
0.2947375 
0.2896705 
0.2901530 
0.2875949 
0.2857974 
0.2876984 
0.2900493 
0.2898459 
0.2886854 
0.2890093 
0.2870589 
0.2876170 
0.2837650 
0.2852456 
0.2855537 
0.2858122 
0.2887567 
0.2854692 
0.2837909 
0.2803733 
0.2784478 
0.2812786 
0.2815706 
0.2840138 
0.2842267 
0.2812885 
0.2838916 
0.2847711 
0.2851563 
0.2865769 
0.2783381 
0.2778998 
0.2777578 
0.2801687 
0.2815599 
0.2760508 
0.2765027 
0.2798235 
0.2804063 
0.2816088 
0.2828774 
0.2795933 
0.2793874 
0.2782233 
0.2768878 
0.2751883 
0.2752765 
0.2731009 
0.2791476 
0.2790887 
0.2789903 
0.2828989 
0.2829559 
0.2809389 
0.2787665 
0.2771652 
0.2765592 
0.2802384 
0.2788407 
0.2763734 
0.2762522 
0.2777541 
0.2749818 
0.2771284 
0.2805726 
0.2792864 
0.2743395 
0.2726166 
0.2711952 
0.2733114 
0.2751471 
0.2742793 
0.2704506 
0.2684122 
0.2707082 
0.2752067 
0.2785766 
0.2731373 
0.2680101 
0.2675631 
0.2701688 
0.2722736 
0.2729275 
0.2729655 
0.2702477 
0.2701965 
0.2719469 
0.2713017 
0.2717551 
0.2682423 
0.2665495 
0.2685766 
0.2655051 
0.2664915 
0.2712825 
0.2680206 
0.2688850 
0.2703414 
0.2685735 
0.2682142 
0.2692685 
0.2704158 
0.2685245 
0.2684144 
0.2677433 
0.2634217 
0.2626769 
0.2652650 
0.2639066 
0.2646426 
0.2648338 
0.2615493 
0.2628464 
0.2629870 
0.2671058 
0.2642284 
0.2652809 
0.2651546 
0.2654189 
0.2641622 
0.2632858 
0.2640939 
0.2638939 
0.2615518 
0.2616194 
0.2595541 
0.2568818 
0.2577358 
0.2567066 
0.2578060 
0.2588297 
0.2616950 
0.2599757 
0.2585069 
0.2573238 
0.2541353 
0.2527004 
0.2508965 
0.2520381 
0.2532482 
0.2521922 
0.2526146 
0.2540144 
0.2557243 
0.2577048 
0.2581899 
0.2592315 
0.2585661 
0.2568382 
0.2547478 
0.2535254 
0.2501273 
0.2480278 
0.2480467 
0.2423343 
0.2377840 
0.2404736 
0.2443426 
0.2422720 
0.2410403 
0.2435353 
0.2427388 
0.2429489 
0.2413534 
0.2423829 
0.2413523 
0.2413545 
0.2434053 
0.2475568 
0.2456045 
0.2429312 
0.2408203 
0.2401897 
0.2387887 
0.2400656 
0.2421383 
0.2422040 
0.2420001 
0.2454492 
0.2444561 
0.2423148 
0.2421216 
0.2416434 
0.2392301 
0.2378662 
0.2382362 
0.2389382 
0.2369294 
0.2354375 
0.2351647 
0.2348581 
0.2388864 
0.2380972 
0.2388866 
0.2394085 
0.2369822 
0.2340237 
0.2369321 
0.2392312 
0.2384204 
0.2377985 
0.2399162 
0.2362777 
0.2361478 
0.2362717 
0.2340827 
0.2346560 
0.2339576 
0.2365904 
0.2361287 
0.2358320 
0.2354732 
0.2371501 
0.2363987 
0.2356619 
0.2326623 
0.2321783 
0.2323133 
0.2300579 
0.2298777 
0.2295465 
0.2277512 
0.2292962 
0.2313329 
0.2310219 
0.2312402 
0.2312106 
0.2287848 
0.2264905 
0.2267641 
0.2274238 
0.2259072 
0.2246477 
0.2268155 
0.2288795 
0.2310529 
0.2328781 
0.2341628 
0.2306298 
0.2259621 
0.2219611 
0.2212188 
0.2221348 
0.2230548 
0.2226101 
0.2216376 
0.2219266 
0.2250572 
0.2248284 
0.2244603 
0.2248809 
0.2236463 
0.2198099 
0.2165651 
0.2166476 
0.2138531 
0.2136407 
0.2147331 
0.2148149 
0.2158218 
0.2186964 
0.2192479 
0.2205793 
0.2204210 
0.2192333 
0.2186005 
0.2162887 
0.2114805 
0.2120955 
0.2163017 
0.2175076 
0.2157237 
0.2130684 
0.2148413 
0.2175354 
0.2169899 
0.2167105 
0.2176665 
0.2105108 
0.2072810 
0.2080376 
0.2066583 
0.2037447 
0.2058556 
0.2075209 
0.2063785 
0.2087181 
0.2104364 
0.2087620 
0.2097520 
0.2086315 
0.2077191 
0.2076091 
0.2050623 
0.1985010 
0.1991921 
0.1977942 
0.2015572 
0.2024312 
0.1993711 
0.1971826 
0.1976511 
0.1988165 
0.2020391 
0.2066463 
0.2098797 
0.2088459 
0.2045613 
0.2017050 
0.2022777 
0.2027743 
0.2028871 
0.2057887 
0.2047397 
0.2024014 
0.1987643 
0.1992774 
0.2022507 
0.2034851 
0.2050159 
0.2058241 
0.2064045 
0.2046944 
0.2014124 
0.2022173 
0.2008336 
0.1997401 
0.2013324 
0.2008689 
0.2009339 
0.2021291 
0.2034419 
0.2039453 
0.2002575 
0.2006086 
0.2001275 
0.2027056 
0.2024306 
0.2028942 
0.2004558 
0.1997156 
0.1974557 
0.1957529 
0.1957068 
0.1982327 
0.1983194 
0.1977387 
0.1970421 
0.1974336 
0.1975877 
0.1964745 
0.1971462 
0.1992594 
0.1983563 
0.1971933 
0.1955635 
0.1920817 
0.1895292 
0.1902135 
0.1907538 
0.1944988 
0.1955298 
0.1977457 
0.1988298 
0.1968616 
0.1919537 
0.1911924 
0.1900750 
0.1919271 
0.1920260 
0.1906756 
0.1893751 
0.1906554 
0.1918552 
0.1903938 
0.1894658 
0.1885943 
0.1864350 
0.1890381 
0.1895557 
0.1914990 
0.1933013 
0.1939109 
0.1923801 
0.1858637 
0.1858995 
0.1849755 
0.1873514 
0.1862224 
0.1891383 
0.1856204 
0.1843567 
0.1826269 
0.1812650 
0.1797199 
0.1803944 
0.1839385 
0.1858058 
0.1874763 
0.1858838 
0.1844944 
0.1849943 
0.1824656 
0.1838557 
0.1869761 
0.1875834 
0.1890132 
0.1869849 
0.1812840 
0.1793749 
0.1789864 
0.1805653 
0.1817353 
0.1826181 
0.1857166 
0.1843884 
0.1799681 
0.1781916 
0.1791637 
0.1782476 
0.1788818 
0.1814464 
0.1839447 
0.1853437 
0.1836000 
0.1837948 
0.1804176 
0.1757020 
0.1756993 
0.1789203 
0.1783093 
0.1772720 
0.1745857 
0.1723134 
0.1716714 
0.1711271 
0.1712074 
0.1738856 
0.1743219 
0.1735808 
0.1736362 
0.1725912 
0.1738524 
0.1754807 
0.1738432 
0.1730387 
0.1720519 
0.1691848 
0.1671663 
0.1692606 
0.1713565 
0.1752158 
0.1749567 
0.1750004 
0.1734385 
0.1708914 
0.1704533 
0.1680441 
0.1670735 
0.1696735 
0.1713511 
0.1715667 
0.1698145 
0.1699091 
0.1712666 
0.1689855 
0.1707433 
0.1724443 
0.1721643 
0.1709204 
0.1711583 
0.1675603 
0.1672403 
0.1683444 
0.1700570 
0.1692792 
0.1671541 
0.1684923 
0.1687671 
0.1674074 
0.1647444 
0.1658296 
0.1641657 
0.1633341 
0.1642722 
0.1626750 
0.1625495 
0.1635930 
0.1658484 
0.1646791 
0.1646335 
0.1648946 
0.1639009 
0.1631814 
0.1624846 
0.1606801 
0.1597994 
0.1585584 
0.1625215 
0.1625131 
0.1594285 
0.1580889 
0.1581788 
0.1577909 
0.1582696 
0.1575728 
0.1576480 
0.1576256 
0.1586206 
0.1558182 
0.1526362 
0.1529377 
0.1526391 
0.1509935 
0.1512504 
0.1517599 
0.1528816 
0.1524961 
0.1506336 
0.1492743 
0.1488020 
0.1516087 
0.1524417 
0.1513079 
0.1521804 
0.1502363 
0.1497886 
0.1502185 
0.1532874 
0.1542360 
0.1535595 
0.1527356 
0.1534024 
0.1541736 
0.1551196 
0.1554639 
0.1538838 
0.1518772 
0.1533877 
0.1545548 
0.1570918 
0.1545051 
0.1535600 
0.1521595 
0.1543871 
0.1529088 
0.1512217 
0.1515191 
0.1520017 
0.1519077 
0.1527512 
0.1493736 
0.1499482 
0.1496398 
0.1511160 
0.1518651 
0.1531438 
0.1530681 
0.1513716 
0.1512867 
0.1502236 
0.1523050 
0.1508291 
0.1506903 
0.1499571 
0.1476542 
0.1488768 
0.1489222 
0.1465575 
0.1492035 
0.1495545 
0.1515664 
0.1466349 
0.1450006 
0.1400485 
0.1392005 
0.1386199 
0.1383104 
0.1384325 
0.1407263 
0.1398909 
0.1379569 
0.1340811 
0.1348830 
0.1349239 
0.1326129 
0.1325604 
0.1337796 
0.1329321 
0.1352465 
0.1363995 
0.1351937 
0.1336681 
0.1329301 
0.1308178 
0.1308720 
0.1353568 
0.1336358 
0.1309023 
0.1295301 
0.1252547 
0.1243302 
0.1273022 
0.1268791 
0.1266112 
0.1286409 
0.1289369 
0.1286348 
0.1258153 
0.1241634 
0.1233522 
0.1231976 
0.1218866 
0.1228118 
0.1264994 
0.1304206 
0.1328065 
0.1344627 
0.1343668 
0.1331459 
0.1311809 
0.1294508 
0.1299454 
0.1297006 
0.1309888 
0.1297805 
0.1289632 
0.1257763 
0.1240053 
0.1265239 
0.1275956 
0.1260623 
0.1279861 
0.1263385 
0.1265783 
0.1291408 
0.1295311 
0.1283145 
0.1251395 
0.1263026 
0.1244348 
0.1247889 
0.1236138 
0.1214586 
0.1219671 
0.1208695 
0.1215918 
0.1225467 
0.1229884 
0.1224359 
0.1226329 
0.1236513 
0.1247381 
0.1264823 
0.1281561 
0.1266266 
0.1238937 
0.1237036 
0.1262944 
0.1255920 
0.1241166 
0.1232219 
0.1229016 
0.1217164 
0.1231187 
0.1234061 
0.1218594 
0.1212241 
0.1218529 
0.1202751 
0.1193707 
0.1218226 
0.1191349 
0.1218944 
0.1191959 
0.1192969 
0.1187781 
0.1209015 
0.1212827 
0.1205247 
0.1187582 
0.1179455 
0.1185200 
0.1186991 
0.1186988 
0.1176012 
0.1167755 
0.1169552 
0.1168351 
0.1173743 
0.1169302 
0.1185229 
0.1174183 
0.1172491 
0.1188943 
0.1160829 
0.1170570 
0.1140033 
0.1143050 
0.1125564 
0.1097972 
0.1130487 
0.1143578 
0.1145495 
0.1137774 
0.1139328 
0.1157268 
0.1123919 
0.1114240 
0.1121324 
0.1143526 
0.1130312 
0.1106886 
0.1101222 
0.1099168 
0.1101723 
0.1102005 
0.1099189 
0.1094930 
0.1102049 
0.1117583 
0.1114313 
0.1134605 
0.1132670 
0.1109900 
0.1124633 
0.1136820 
0.1129439 
0.1122036 
0.1101079 
0.1087118 
0.1077228 
0.1109032 
0.1109934 
0.1135607 
0.1160247 
0.1178073 
0.1176257 
0.1171066 
0.1166163 
0.1136671 
0.1121546 
0.1092942 
0.1081706 
0.1076668 
0.1082952 
0.1089264 
0.1105710 
0.1080329 
0.1074941 
0.1070978 
0.1068910 
0.1064018 
0.1097197 
0.1087969 
0.1069276 
0.1059699 
0.1028657 
0.1042752 
0.1050987 
0.1045167 
0.1047061 
0.1043831 
0.1010497 
0.0993002 
0.0995976 
0.1028273 
0.1037574 
0.0995243 
0.1002270 
0.1001543 
0.1019208 
0.1043437 
0.1034846 
0.1057977 
0.1031373 
0.0991442 
0.1005567 
0.1014097 
0.1020122 
0.1025624 
0.0996313 
0.0999973 
0.1015662 
0.1041657 
0.1011265 
0.0974830 
0.0951670 
0.0986650 
0.1002506 
0.1001878 
0.0975241 
0.0989241 
0.1011066 
0.0990322 
0.0972199 
0.0958961 
0.0954283 
0.0964460 
0.0968783 
0.0975654 
0.0971098 
0.0960164 
0.0941950 
0.0923775 
0.0885018 
0.0877206 
0.0893979 
0.0897789 
0.0900209 
0.0919362 
0.0943344 
0.0924110 
0.0916148 
0.0932575 
0.0911934 
0.0899077 
0.0908661 
0.0858146 
0.0845775 
0.0838400 
0.0852197 
0.0873508 
0.0879499 
0.0914235 
0.0931173 
0.0943888 
0.0928507 
0.0895036 
0.0874721 
0.0861705 
0.0844841 
0.0845571 
0.0848144 
0.0837776 
0.0831176 
0.0841898 
0.0880694 
0.0883481 
0.0899162 
0.0893539 
0.0884230 
0.0873279 
0.0841863 
0.0818900 
0.0792406 
0.0790698 
0.0817379 
0.0835796 
0.0845875 
0.0854761 
0.0837869 
0.0836193 
0.0792144 
0.0786003 
0.0764158 
0.0790946 
0.0818856 
0.0843098 
0.0846062 
0.0843398 
0.0832468 
0.0863372 
0.0860125 
0.0820495 
0.0827115 
0.0820424 
0.0825249 
0.0831157 
0.0843277 
0.0833795 
0.0846622 
0.0812272 
0.0751679 
0.0768420 
0.0793132 
0.0804203 
0.0804806 
0.0811498 
0.0771543 
0.0768512 
0.0758709 
0.0731073 
0.0714591 
0.0712928 
0.0719910 
0.0757258 
0.0768788 
0.0800203 
0.0792131 
0.0790131 
0.0754445 
0.0727213 
0.0698296 
0.0678597 
0.0663693 
0.0687310 
0.0685113 
0.0689667 
0.0710647 
0.0739234 
0.0743381 
0.0723855 
0.0727560 
0.0699290 
0.0660213 
0.0633290 
0.0631888 
0.0639704 
0.0671177 
0.0694539 
0.0683147 
0.0680793 
0.0647782 
0.0621464 
0.0583325 
0.0578137 
0.0630390 
0.0635967 
0.0638862 
0.0637861 
0.0648761 
0.0658346 
0.0676521 
0.0653808 
0.0625040 
0.0619044 
0.0623780 
0.0620363 
0.0625147 
0.0611794 
0.0611954 
0.0608930 
0.0619302 
0.0617064 
0.0613611 
0.0624306 
0.0615792 
0.0615278 
0.0609897 
0.0611410 
0.0601061 
0.0608297 
0.0595737 
0.0616434 
0.0616609 
0.0622947 
0.0619732 
0.0651676 
0.0660443 
0.0657872 
0.0590309 
0.0603519 
0.0607692 
0.0601288 
0.0600429 
0.0605032 
0.0586047 
0.0554183 
0.0552364 
0.0550552 
0.0545374 
0.0542755 
0.0535086 
0.0524305 
0.0525931 
0.0566641 
0.0594765 
0.0606253 
0.0593397 
0.0596705 
0.0591104 
0.0574581 
0.0565535 
0.0545685 
0.0541852 
0.0534375 
0.0535355 
0.0537002 
0.0539089 
0.0534538 
0.0528058 
0.0508445 
0.0513393 
0.0516388 
0.0521694 
0.0514396 
0.0508655 
0.0514439 
0.0503940 
0.0493483 
0.0477112 
0.0465142 
0.0439816 
0.0420657 
0.0464895 
0.0525968 
0.0562488 
0.0517664 
0.0487749 
0.0489820 
0.0502997 
0.0502157 
0.0508537 
0.0503855 
0.0507056 
0.0516955 
0.0537847 
0.0535886 
0.0516053 
0.0468896 
0.0477764 
0.0477783 
0.0438382 
0.0432114 
0.0440917 
0.0452187 
0.0478298 
0.0493174 
0.0495406 
0.0516381 
0.0507151 
0.0517169 
0.0534007 
0.0541108 
0.0523682 
0.0514037 
0.0520370 
0.0498338 
0.0500013 
0.0459537 
0.0447359 
0.0463632 
0.0460005 
0.0441954 
0.0431101 
0.0395997 
0.0404813 
0.0425478 
0.0445569 
0.0494745 
0.0523745 
0.0511514 
0.0482503 
0.0465384 
0.0505837 
0.0528759 
0.0503334 
0.0468292 
0.0440443 
0.0421046 
0.0421568 
0.0432169 
0.0465335 
0.0440981 
0.0392326 
0.0378507 
0.0404364 
0.0425167 
0.0437331 
0.0402223 
0.0377242 
0.0372643 
0.0366268 
0.0392178 
0.0409819 
0.0406791 
0.0398764 
0.0381676 
0.0379462 
0.0383804 
0.0380297 
0.0356719 
0.0339326 
0.0335510 
0.0324291 
0.0323189 
0.0339902 
0.0331475 
0.0313065 
0.0299941 
0.0297831 
0.0306249 
0.0275918 
0.0269829 
0.0232010 
0.0245587 
0.0277515 
0.0312634 
0.0332698 
0.0340692 
0.0331921 
0.0332227 
0.0286962 
0.0298656 
0.0291586 
0.0282563 
0.0278353 
0.0285259 
0.0292961 
0.0256325 
0.0252058 
0.0261908 
0.0252283 
0.0231249 
0.0240727 
0.0234901 
0.0236137 
0.0232311 
0.0236295 
0.0227603 
0.0202454 
0.0202818 
0.0221731 
0.0229281 
0.0230914 
0.0237236 
0.0230711 
0.0225590 
0.0208112 
0.0180764 
0.0169468 
0.0135012 
0.0117687 
0.0091711 
0.0074632 
0.0071493 
0.0074461 
0.0102234 
0.0120184 
0.0144463 
0.0172512 
0.0220625 
0.0236128 
0.0267231 
0.0255286 
0.0257793 
0.0274095 
0.0256361 
0.0214109 
0.0190343 
0.0197770 
0.0178569 
0.0160489 
0.0165977 
0.0163487 
0.0164255 
0.0177436 
0.0167759 
0.0160145 
0.0158106 
0.0175785 
0.0188238 
0.0187786 
0.0137378 
0.0116210 
0.0101726 
0.0117686 
0.0136599 
0.0145484 
0.0157992 
0.0127933 
0.0122654 
0.0105119 
0.0092986 
0.0102713 
0.0099435 
0.0091635 
0.0066781 
0.0066341 
0.0081734 
0.0083689 
0.0088091 
0.0086819 
0.0092310 
0.0107686 
0.0089498 
0.0100785 
0.0102873 
0.0101764 
0.0074828 
0.0056815 
0.0059433 
0.0050069 
0.0103182 
0.0096650 
0.0067140 
0.0050717 
0.0042839 
0.0034202 
0.0016816 
0.0000000 
0.0028274 
0.0037008 
0.0058021 
0.0057670 
0.0050379 
0.0043963 
0.0037066 
0.0034616 
0.0040779 
0.0044626 
0.0029595 
0.0029521 
0.0067114 
0.0067768 
0.0043561 
0.0019205 
0.0013854 
0.0034647 
0.0033527 
0.0050739 
0.0093835 
0.0078098 
0.0047420 
0.0052649 
0.0037651 
0.0032124 
0.0031154 
0.0049419 
0.0035904 
0.0051622 
0.0045045 
0.0032682 
0.0038101 
0.0025615 
0.0018717 
0.0019724 
0.0010197 
0.0017289 
0.0015351 
0.0015502 
0.0023591 
0.0023295 
0.0000881 
0.0017486 
0.0019406 
0.0000337 
0.0000048 
