-0.0000316 
-0.0001887 
-0.0000991 
-0.5015769 
0.1175801 
0.3894148 
0.0154303 
0.0155454 
0.0146362 
0.0189096 
0.0191163 
0.0177261 
0.0179512 
0.0151056 
0.0135283 
0.0267100 
0.0281395 
0.0174176 
0.0120120 
0.0106098 
0.0115518 
0.0141484 
0.0162781 
0.0205132 
0.0209124 
0.0156853 
0.0133952 
0.0179639 
0.0212210 
0.0173611 
0.0165748 
0.0212833 
0.0210059 
0.0245066 
0.0228605 
0.0234725 
0.0181639 
0.0119035 
0.0086466 
0.0158965 
0.0203640 
0.0202062 
0.0189495 
0.0240768 
0.0242918 
0.0220147 
0.0204280 
0.0116926 
0.0102265 
0.0067376 
0.0123188 
0.0109507 
0.0108573 
0.0091573 
0.0116994 
0.0120269 
0.0081238 
0.0057164 
0.0072107 
0.0076949 
0.0099354 
0.0022844 
0.0029792 
0.0109855 
0.0186539 
0.0208352 
0.0144271 
0.0156616 
0.0119336 
0.0100042 
0.0048796 
0.0053083 
0.0016546 
0.0000000 
0.0084246 
0.0106116 
0.0062478 
0.0041138 
0.0096993 
0.0067318 
0.0068370 
0.0112636 
0.0115909 
0.0205315 
0.0096792 
0.0088479 
0.0069845 
0.0076723 
0.0080846 
0.0128072 
0.0082548 
0.0103057 
0.0143004 
0.0065561 
0.0102302 
0.0072238 
0.0028481 
0.0068803 
0.0137774 
0.0200906 
0.0033237 
0.0062469 
0.0039238 
0.0048268 
0.0061192 
0.0065187 
0.0027705 
0.0020643 
0.0055266 
0.0146825 
0.0140947 
0.0162148 
0.0224885 
0.0183017 
0.0183770 
0.0193320 
0.0194225 
0.0248471 
0.0246780 
0.0303850 
0.0297526 
0.0278221 
0.0283538 
0.0284806 
0.0337322 
0.0274490 
0.0262887 
0.0317514 
0.0288329 
0.0257441 
0.0200808 
0.0229479 
0.0183815 
0.0134099 
0.0140871 
0.0153489 
0.0148306 
0.0144888 
0.0145702 
0.0148175 
0.0115634 
0.0140777 
0.0120270 
0.0135987 
0.0106371 
0.0103350 
0.0128375 
0.0166668 
0.0184759 
0.0196844 
0.0197169 
0.0169662 
0.0183379 
0.0149267 
0.0109888 
0.0085464 
0.0076451 
0.0086435 
0.0062887 
0.0051621 
0.0077175 
0.0101672 
0.0126432 
0.0162673 
0.0136232 
0.0115960 
0.0206145 
0.0214891 
0.0183307 
0.0178660 
0.0190083 
0.0204797 
0.0215977 
0.0220922 
0.0197879 
0.0190473 
0.0197282 
0.0207250 
0.0195802 
0.0182023 
0.0214553 
0.0107258 
0.0113362 
0.0123505 
0.0139662 
0.0139433 
0.0150664 
0.0142488 
0.0122292 
0.0133607 
0.0185449 
0.0205562 
0.0211685 
0.0182486 
0.0153043 
0.0138856 
0.0151725 
0.0212977 
0.0214504 
0.0231353 
0.0232325 
0.0262786 
0.0192496 
0.0183293 
0.0136219 
0.0153158 
0.0212477 
0.0229117 
0.0274419 
0.0296415 
0.0229566 
0.0256666 
0.0225271 
0.0190786 
0.0152596 
0.0087725 
0.0005828 
0.0033838 
0.0022940 
0.0073827 
0.0293174 
0.0362057 
0.0363376 
0.0415472 
0.0422060 
0.0468814 
0.0436093 
0.0390543 
0.0391661 
0.0326442 
0.0342204 
0.0294034 
0.0302679 
0.0326544 
0.0366039 
0.0297246 
0.0280444 
0.0334115 
0.0364624 
0.0347518 
0.0345053 
0.0427859 
0.0372554 
0.0343196 
0.0446576 
0.0482472 
0.0484912 
0.0447767 
0.0444944 
0.0440672 
0.0430106 
0.0442858 
0.0354053 
0.0319014 
0.0355654 
0.0376124 
0.0431716 
0.0394223 
0.0406047 
0.0485188 
0.0431906 
0.0400497 
0.0476076 
0.0501095 
0.0494641 
0.0587703 
0.0570368 
0.0570890 
0.0602960 
0.0578079 
0.0495220 
0.0619132 
0.0610012 
0.0622488 
0.0579701 
0.0572702 
0.0593952 
0.0545810 
0.0544140 
0.0533451 
0.0513795 
0.0489818 
0.0590901 
0.0602414 
0.0614572 
0.0615938 
0.0618939 
0.0622778 
0.0639797 
0.0615806 
0.0588972 
0.0607856 
0.0565737 
0.0645087 
0.0666529 
0.0668415 
0.0695181 
0.0613915 
0.0639671 
0.0650493 
0.0672318 
0.0678395 
0.0655424 
0.0652289 
0.0629787 
0.0658625 
0.0570070 
0.0590084 
0.0558497 
0.0582545 
0.0568791 
0.0557417 
0.0544002 
0.0595859 
0.0457501 
0.0402407 
0.0439506 
0.0424693 
0.0427836 
0.0444438 
0.0406121 
0.0389190 
0.0359847 
0.0369674 
0.0370912 
0.0380278 
0.0364921 
0.0377772 
0.0365720 
0.0361155 
0.0335100 
0.0326633 
0.0301139 
0.0318810 
0.0390761 
0.0388539 
0.0373469 
0.0379930 
0.0423130 
0.0453714 
0.0516457 
0.0511468 
0.0550522 
0.0540967 
0.0597850 
0.0623012 
0.0503266 
0.0508542 
0.0544806 
0.0525222 
0.0521341 
0.0530269 
0.0584770 
0.0560091 
0.0556632 
0.0551312 
0.0525756 
0.0482198 
0.0477939 
0.0455679 
0.0414475 
0.0489258 
0.0499244 
0.0461858 
0.0484058 
0.0503488 
0.0529153 
0.0539290 
0.0565397 
0.0572215 
0.0583498 
0.0544880 
0.0591640 
0.0569967 
0.0588274 
0.0556833 
0.0472319 
0.0523678 
0.0552326 
0.0599567 
0.0612273 
0.0522054 
0.0535975 
0.0567682 
0.0522139 
0.0513323 
0.0510007 
0.0537716 
0.0576879 
0.0551667 
0.0543529 
0.0549813 
0.0665696 
0.0633146 
0.0662378 
0.0677743 
0.0716024 
0.0625453 
0.0705087 
0.0654462 
0.0626990 
0.0601715 
0.0580223 
0.0589901 
0.0533503 
0.0480962 
0.0483094 
0.0523454 
0.0532996 
0.0570647 
0.0548992 
0.0643180 
0.0642147 
0.0638666 
0.0668899 
0.0697730 
0.0680060 
0.0648595 
0.0643469 
0.0680180 
0.0697304 
0.0852815 
0.0924365 
0.0945079 
0.0868265 
0.0832175 
0.0743735 
0.0746021 
0.0735215 
0.0731767 
0.0759480 
0.0731902 
0.0754804 
0.0741662 
0.0695332 
0.0697524 
0.0671059 
0.0607241 
0.0611804 
0.0670463 
0.0664654 
0.0710788 
0.0748883 
0.0676899 
0.0762628 
0.0741094 
0.0786471 
0.0782323 
0.0723006 
0.0793525 
0.0780224 
0.0768074 
0.0735931 
0.0760731 
0.0708554 
0.0759202 
0.0695687 
0.0734961 
0.0707193 
0.0767218 
0.0777532 
0.0733752 
0.0739220 
0.0803087 
0.0807947 
0.0804984 
0.0762877 
0.0753170 
0.0712514 
0.0792921 
0.0847618 
0.0873937 
0.0881971 
0.0848504 
0.0913834 
0.0918806 
0.0892120 
0.0872627 
0.0799642 
0.0833462 
0.0843698 
0.0874468 
0.0835781 
0.0891196 
0.0942217 
0.0978422 
0.0980528 
0.1131845 
0.1066623 
0.1063750 
0.1090582 
0.1131649 
0.1121225 
0.1163486 
0.1116693 
0.1079432 
0.0981537 
0.1075014 
0.1056884 
0.1108139 
0.1084980 
0.1133587 
0.1093534 
0.1028216 
0.1054721 
0.1042288 
0.1057012 
0.1106461 
0.1082244 
0.1075573 
0.1108769 
0.1104425 
0.1087357 
0.1099206 
0.1184419 
0.1198392 
0.1233012 
0.1213086 
0.1150573 
0.1152725 
0.1121240 
0.1087737 
0.1125442 
0.1021447 
0.1016965 
0.0997928 
0.0990460 
0.0906632 
0.0936809 
0.0869122 
0.0893034 
0.0915496 
0.0859695 
0.0861297 
0.0890812 
0.0907262 
0.0915535 
0.0987064 
0.1066933 
0.1102029 
0.1211337 
0.1242350 
0.1208003 
0.1309036 
0.1327367 
0.1344153 
0.1330468 
0.1374521 
0.1281417 
0.1282197 
0.1258654 
0.1158550 
0.1036938 
0.1044516 
0.1028196 
0.0952178 
0.0945273 
0.0983820 
0.1021397 
0.1031023 
0.1020396 
0.0962835 
0.0996315 
0.1043276 
0.1095722 
0.1161377 
0.1181373 
0.1203409 
0.1293557 
0.1326374 
0.1355555 
0.1280206 
0.1323552 
0.1326747 
0.1367625 
0.1301302 
0.1247068 
0.1186265 
0.1215080 
0.1124816 
0.1094865 
0.0996294 
0.0932884 
0.0996249 
0.0920544 
0.0890825 
0.0923970 
0.0924314 
0.0957230 
0.1022622 
0.1105625 
0.1068084 
0.1087021 
0.1154513 
0.1212878 
0.1290308 
0.1411008 
0.1420840 
0.1453093 
0.1485799 
0.1441362 
0.1364922 
0.1389378 
0.1319548 
0.1246307 
0.1213722 
0.1203116 
0.1160536 
0.1130936 
0.1089401 
0.0974529 
0.0981985 
0.0987146 
0.0999829 
0.0992240 
0.1000844 
0.1046895 
0.1096085 
0.1102951 
0.1167503 
0.1242840 
0.1340916 
0.1350227 
0.1378114 
0.1423046 
0.1442989 
0.1470788 
0.1481498 
0.1427829 
0.1351148 
0.1336355 
0.1286337 
0.1263602 
0.1195362 
0.1192848 
0.1216518 
0.1279266 
0.1238073 
0.1209444 
0.1195904 
0.1174666 
0.1202051 
0.1164056 
0.1109608 
0.1086972 
0.1175460 
0.1137602 
0.1239098 
0.1264142 
0.1257432 
0.1240481 
0.1293058 
0.1388881 
0.1331781 
0.1338961 
0.1400340 
0.1317011 
0.1186936 
0.1026084 
0.0984646 
0.1022460 
0.1021347 
0.1003684 
0.1058339 
0.1089093 
0.1079816 
0.1123215 
0.1089962 
0.1095862 
0.1093735 
0.1184155 
0.1178252 
0.1168696 
0.1176740 
0.1198498 
0.1146561 
0.1094957 
0.1043472 
0.1049990 
0.1064484 
0.1068037 
0.1077511 
0.1165039 
0.1151425 
0.1211764 
0.1253497 
0.1256352 
0.1239171 
0.1247326 
0.1222022 
0.1245922 
0.1234923 
0.1261676 
0.1282469 
0.1278745 
0.1314473 
0.1408996 
0.1360412 
0.1480037 
0.1453035 
0.1582920 
0.1544733 
0.1556537 
0.1628625 
0.1681864 
0.1622590 
0.1629290 
0.1582409 
0.1557354 
0.1510453 
0.1509224 
0.1435566 
0.1390223 
0.1325529 
0.1333654 
0.1250821 
0.1219103 
0.1283600 
0.1272677 
0.1219688 
0.1226869 
0.1256259 
0.1266207 
0.1294600 
0.1301595 
0.1244463 
0.1258796 
0.1307251 
0.1296981 
0.1346852 
0.1461997 
0.1487356 
0.1523708 
0.1575819 
0.1564427 
0.1592100 
0.1664799 
0.1644182 
0.1614792 
0.1608614 
0.1567782 
0.1566674 
0.1458416 
0.1518698 
0.1490567 
0.1379846 
0.1387191 
0.1382475 
0.1445756 
0.1420512 
0.1352192 
0.1358065 
0.1287252 
0.1345961 
0.1359910 
0.1378140 
0.1362698 
0.1417742 
0.1486902 
0.1526273 
0.1524562 
0.1573700 
0.1612661 
0.1670750 
0.1666605 
0.1793961 
0.1778387 
0.1803744 
0.1797483 
0.1822370 
0.1802400 
0.1835997 
0.1817879 
0.1797425 
0.1735396 
0.1632594 
0.1687519 
0.1612671 
0.1546463 
0.1541705 
0.1530935 
0.1389342 
0.1429773 
0.1411908 
0.1379165 
0.1346614 
0.1323176 
0.1280430 
0.1319884 
0.1376149 
0.1342267 
0.1480191 
0.1488648 
0.1518518 
0.1540094 
0.1587065 
0.1594381 
0.1601156 
0.1609158 
0.1591217 
0.1651271 
0.1566046 
0.1516675 
0.1524247 
0.1589968 
0.1582049 
0.1684841 
0.1691177 
0.1651373 
0.1624817 
0.1636066 
0.1560401 
0.1583350 
0.1546561 
0.1522671 
0.1502462 
0.1480538 
0.1545583 
0.1501982 
0.1543305 
0.1505966 
0.1516418 
0.1474391 
0.1511625 
0.1491711 
0.1517194 
0.1600945 
0.1549871 
0.1518115 
0.1572777 
0.1635783 
0.1738681 
0.1727795 
0.1742413 
0.1707500 
0.1717520 
0.1723405 
0.1700599 
0.1672339 
0.1678311 
0.1635037 
0.1646072 
0.1669422 
0.1645686 
0.1587580 
0.1558673 
0.1581295 
0.1648863 
0.1612030 
0.1494864 
0.1525647 
0.1473710 
0.1490482 
0.1421052 
0.1410345 
0.1450788 
0.1509973 
0.1454685 
0.1531390 
0.1475464 
0.1535089 
0.1567467 
0.1602345 
0.1640233 
0.1682295 
0.1726143 
0.1711384 
0.1701531 
0.1655644 
0.1719107 
0.1725178 
0.1755262 
0.1681486 
0.1709973 
0.1704763 
0.1632993 
0.1646226 
0.1755188 
0.1811870 
0.1802511 
0.1781666 
0.1714933 
0.1692634 
0.1721129 
0.1713869 
0.1701535 
0.1707565 
0.1683624 
0.1750599 
0.1683265 
0.1684224 
0.1669292 
0.1700767 
0.1668822 
0.1712332 
0.1755330 
0.1750269 
0.1653529 
0.1685864 
0.1749235 
0.1724424 
0.1770467 
0.1793421 
0.1789108 
0.1782698 
0.1782534 
0.1774015 
0.1805068 
0.1857708 
0.1820036 
0.1784286 
0.1754846 
0.1817016 
0.1860524 
0.1836520 
0.1750708 
0.1829510 
0.1784625 
0.1808382 
0.1816077 
0.1813558 
0.1783054 
0.1746287 
0.1779864 
0.1804818 
0.1884800 
0.1788492 
0.1803622 
0.1780120 
0.1813439 
0.1837791 
0.1821013 
0.1851311 
0.1838277 
0.1795472 
0.1745897 
0.1765529 
0.1756559 
0.1740903 
0.1793049 
0.1828354 
0.1830584 
0.1844783 
0.1838861 
0.1817769 
0.1821024 
0.1853028 
0.1922327 
0.1959617 
0.1977341 
0.1974801 
0.1943885 
0.1904619 
0.1919914 
0.1916534 
0.1906617 
0.1916221 
0.1962172 
0.1937874 
0.1914757 
0.1913367 
0.1959268 
0.1945922 
0.1944729 
0.2016697 
0.2024131 
0.1944298 
0.1901803 
0.1877064 
0.1888267 
0.1827395 
0.1880535 
0.1882567 
0.1889570 
0.1934710 
0.1909632 
0.1926186 
0.1945338 
0.1896454 
0.1905622 
0.1881643 
0.1932120 
0.1946478 
0.1968342 
0.1929468 
0.2013962 
0.1988458 
0.2072519 
0.2022155 
0.2032954 
0.1990456 
0.1867642 
0.1900199 
0.1808092 
0.1783090 
0.1839570 
0.1885706 
0.1892874 
0.1840493 
0.1848303 
0.1902334 
0.1842945 
0.1780182 
0.1813272 
0.1835141 
0.1800913 
0.1830872 
0.1802907 
0.1795696 
0.1821416 
0.1823178 
0.1835523 
0.1773269 
0.1720822 
0.1828552 
0.1869913 
0.1898515 
0.1879786 
0.1875720 
0.1901153 
0.1882167 
0.1943974 
0.1928595 
0.1915525 
0.1958678 
0.1915454 
0.1936933 
0.1861668 
0.1891725 
0.1860351 
0.1904324 
0.1890307 
0.1900723 
0.1909575 
0.1894039 
0.1955855 
0.2003600 
0.2014934 
0.2011220 
0.1991371 
0.2023997 
0.2009225 
0.1999290 
0.2018137 
0.2042732 
0.2042679 
0.2020252 
0.1996556 
0.2014038 
0.2043585 
0.1935304 
0.1993692 
0.2007620 
0.1971003 
0.2023193 
0.2114931 
0.2144555 
0.2147370 
0.2166706 
0.2165472 
0.2122807 
0.2075752 
0.2073232 
0.2060964 
0.2107708 
0.2101332 
0.2079175 
0.2069970 
0.2022239 
0.2064915 
0.2067404 
0.2096067 
0.2152780 
0.2156645 
0.2111411 
0.2077110 
0.2083513 
0.2037730 
0.2000157 
0.1923357 
0.1804130 
0.1815085 
0.1754445 
0.1736766 
0.1807443 
0.1866314 
0.1958154 
0.2077056 
0.2081336 
0.2123742 
0.2108733 
0.2034574 
0.1997114 
0.2037995 
0.2053281 
0.2124071 
0.2075582 
0.2009914 
0.2016677 
0.1985019 
0.1985229 
0.1996415 
0.2053420 
0.1997664 
0.1967120 
0.1964628 
0.1995561 
0.1951763 
0.1961877 
0.1987752 
0.2022240 
0.1989216 
0.2046242 
0.2016010 
0.1999812 
0.1984025 
0.2031792 
0.2023674 
0.2032527 
0.2009818 
0.1960207 
0.2059530 
0.2047160 
0.2062155 
0.2169116 
0.2124969 
0.2101789 
0.2058533 
0.2112627 
0.2133089 
0.2109660 
0.2119153 
0.2047615 
0.2074584 
0.2056848 
0.2128123 
0.2134785 
0.2150954 
0.2162439 
0.2227909 
0.2246622 
0.2295782 
0.2224366 
0.2193973 
0.2175340 
0.2212859 
0.2289931 
0.2362795 
0.2361125 
0.2350081 
0.2340258 
0.2376869 
0.2379509 
0.2395667 
0.2282161 
0.2294404 
0.2348412 
0.2366935 
0.2345158 
0.2438658 
0.2438764 
0.2422260 
0.2438970 
0.2459314 
0.2467892 
0.2449902 
0.2588029 
0.2596466 
0.2495817 
0.2489398 
0.2471151 
0.2442270 
0.2433562 
0.2451595 
0.2498379 
0.2466690 
0.2472301 
0.2451524 
0.2495589 
0.2473574 
0.2555809 
0.2521444 
0.2546030 
0.2508973 
0.2534188 
0.2502672 
0.2498279 
0.2487114 
0.2516755 
0.2487308 
0.2495819 
0.2498065 
0.2535627 
0.2526912 
0.2505504 
0.2542639 
0.2571952 
0.2551611 
0.2742162 
0.2809260 
0.2768278 
0.2822575 
0.2835881 
0.2825971 
0.2731525 
0.2676435 
0.2696032 
0.2640675 
0.2625646 
0.2676167 
0.2673963 
0.2763203 
0.2771194 
0.2765797 
0.2710283 
0.2724586 
0.2785223 
0.2779078 
0.2869291 
0.2857732 
0.2907026 
0.2840332 
0.2849886 
0.2913222 
0.3051207 
0.3083187 
0.3015188 
0.3028733 
0.3079677 
0.3065317 
0.3068498 
0.3081291 
0.3084973 
0.3141883 
0.3229874 
0.3163013 
0.3137627 
0.3180792 
0.3181853 
0.3150325 
0.3194275 
0.3193418 
0.3191403 
0.3219649 
0.3195279 
0.3209175 
0.3173662 
0.3169775 
0.3156859 
0.3190614 
0.3219417 
0.3186009 
0.3182938 
0.3183842 
0.3173165 
0.3160613 
0.3089675 
0.3073593 
0.3106608 
0.3122068 
0.3181445 
0.3182355 
0.3218549 
0.3214556 
0.3187830 
0.3119846 
0.3137808 
0.3145494 
0.3218966 
0.3229885 
0.3192645 
0.3152429 
0.3176561 
0.3173535 
0.3239455 
0.3247103 
0.3267691 
0.3239113 
0.3245619 
0.3297376 
0.3322076 
0.3276750 
0.3259250 
0.3252770 
0.3220071 
0.3239085 
0.3174682 
0.3176826 
0.3168494 
0.3229299 
0.3227875 
0.3327577 
0.4944458 
0.4964368 
0.4913626 
0.4919300 
0.4871111 
0.4898102 
0.4887109 
0.4863003 
0.4893854 
0.4901564 
0.4939539 
0.5009440 
0.5081246 
0.5044586 
0.5053149 
0.5085565 
0.5020014 
0.5011359 
0.5015080 
0.5006236 
0.4982364 
0.5010167 
0.5078854 
0.5048781 
0.5010442 
0.5034125 
0.5048565 
0.5099659 
0.5052926 
0.5071038 
0.5063683 
0.4975759 
0.4883657 
0.4973171 
0.5072235 
0.5562932 
0.6136727 
0.7297924 
0.7573232 
0.7808234 
0.7981669 
0.8105188 
0.8173817 
0.8262046 
0.8345343 
0.8470560 
0.8467837 
0.8550673 
0.8543368 
0.8598667 
0.8549354 
0.8586478 
0.8592877 
0.8503732 
0.8486431 
0.8406379 
0.8345386 
0.8353869 
0.8316131 
0.8349188 
0.8311147 
0.8302269 
0.8234358 
0.8274845 
0.8240179 
0.8288651 
0.8337582 
0.8493096 
0.8506539 
0.8496394 
0.8514050 
0.8460440 
0.8474817 
0.8456199 
0.8472644 
0.8480274 
0.8400286 
0.8447166 
0.8482816 
0.8391960 
0.8380324 
0.8430923 
0.8498969 
0.8402784 
0.8477430 
0.8488553 
0.8509305 
0.8526862 
0.8504060 
0.8506135 
0.8502080 
0.8484256 
0.8480088 
0.8477192 
0.8483155 
0.8525170 
0.8549704 
0.8512503 
0.8524274 
0.8553806 
0.8603123 
0.8586096 
0.8610295 
0.8588923 
0.8620741 
0.8662787 
0.8661127 
0.8645577 
0.8616677 
0.8654873 
0.8640781 
0.8660822 
0.8767788 
0.8835826 
0.8929796 
0.8925067 
0.8917342 
0.8847395 
0.8740536 
0.8727087 
0.8734378 
0.8676978 
0.8697736 
0.8726253 
0.8689166 
0.8704385 
0.8696780 
0.8714173 
0.8752158 
0.8751666 
0.8780590 
0.8753968 
0.8776671 
0.8817041 
0.8804135 
0.8785898 
0.8827467 
0.8762720 
0.8776326 
0.8754627 
0.8754942 
0.8720212 
0.8723728 
0.8743308 
0.8715459 
0.8797073 
0.8728688 
0.8774990 
0.8774832 
0.8768432 
0.8737706 
0.8756775 
0.8728164 
0.8725137 
0.8814980 
0.8825950 
0.8889030 
0.8815683 
0.8807587 
0.8798522 
0.8873504 
0.8852541 
0.8792322 
0.8768593 
0.8761773 
0.8798567 
0.8831224 
0.8793526 
0.8751508 
0.8726354 
0.8719444 
0.8708112 
0.8686491 
0.8724851 
0.8780221 
0.8877330 
0.8851729 
0.8772619 
0.8773197 
0.8779040 
0.8874421 
0.8842110 
0.8848204 
0.8802989 
0.8806385 
0.8820102 
0.8803227 
0.8813435 
0.8854988 
0.8814602 
0.8850974 
0.8857377 
0.8850070 
0.8876671 
0.8837840 
0.8880966 
0.8905790 
0.8883690 
0.8765969 
0.8808495 
0.8912281 
0.8875913 
0.8871015 
0.8921249 
0.8929241 
0.8932552 
0.8968052 
0.8926488 
0.8879799 
0.8848959 
0.8825706 
0.8809992 
0.8820684 
0.8845011 
0.8813042 
0.8821746 
0.8822507 
0.8839160 
0.8847295 
0.8906158 
0.8857327 
0.8891695 
0.8869800 
0.8890597 
0.8897043 
0.8870955 
0.8847748 
0.8834534 
0.8792140 
0.8836146 
0.8801608 
0.8824188 
0.8807012 
0.8825920 
0.8784686 
0.8756664 
0.8769384 
0.8731857 
0.8833397 
0.8876154 
0.8896158 
0.8822214 
0.8871337 
0.8825736 
0.8824177 
0.8858312 
0.8800890 
0.8799388 
0.8809010 
0.8812767 
0.8847542 
0.8857882 
0.8866649 
0.8918851 
0.8987236 
0.9026799 
0.8958169 
0.9039081 
0.9081535 
0.8878773 
0.8807099 
0.8849753 
0.8832686 
0.8801732 
0.8820595 
0.8785189 
0.8825920 
0.8900638 
0.8915672 
0.8930606 
0.8959624 
0.8891021 
0.8912967 
0.8825170 
0.8841236 
0.8818015 
0.8786536 
0.8871411 
0.8987891 
0.8964796 
0.8958390 
0.8924936 
0.8910015 
0.8895843 
0.8909044 
0.8869845 
0.8946275 
0.8954546 
0.9038838 
0.8966084 
0.9074906 
0.8989344 
0.8999936 
0.9014259 
0.9040918 
0.9008213 
0.8986947 
0.8973283 
0.8997139 
0.9068785 
0.9006261 
0.9006035 
0.9035712 
0.9019751 
0.9061277 
0.9050773 
0.9063884 
0.8950968 
0.8962410 
0.8983954 
0.8972671 
0.9006074 
0.8988470 
0.8808735 
0.8812537 
0.8817373 
0.8848916 
0.8831424 
0.8899116 
0.8838126 
0.8902722 
0.8934670 
0.8927864 
0.8865909 
0.8932144 
0.8942874 
0.8852164 
0.8882990 
0.8892358 
0.8909114 
0.8881806 
0.8968453 
0.8979877 
0.8946679 
0.8895609 
0.8926969 
0.8967125 
0.9014836 
0.9037451 
0.9040630 
0.9082090 
0.9066544 
0.9037827 
0.8970336 
0.8909219 
0.8898854 
0.8870721 
0.8932425 
0.8990452 
0.9006453 
0.9068255 
0.9018515 
0.9001330 
0.8968358 
0.8879004 
0.8857298 
0.8738509 
0.8738303 
0.8772261 
0.8785059 
0.8783543 
0.8959438 
0.8965167 
0.9022266 
0.9098871 
0.9092239 
0.9170428 
0.9148964 
0.9091215 
0.9048783 
0.9048364 
0.9046293 
0.9075735 
0.9074663 
0.9065930 
0.8989843 
0.9029216 
0.9077149 
0.9073131 
0.9027534 
0.9045424 
0.9067151 
0.9005037 
0.8938436 
0.9014068 
0.9078008 
0.9091212 
0.9163433 
0.9068052 
0.9103834 
0.9105463 
0.9091260 
0.9065376 
0.9077789 
0.9008736 
0.8995654 
0.8983657 
0.8936478 
0.8949471 
0.8947064 
0.9055885 
0.9076525 
0.9140490 
0.9134350 
0.9111687 
0.9181927 
0.9190993 
0.9146379 
0.9204957 
0.9184483 
0.9181926 
0.9174216 
0.9235468 
0.9144035 
0.9131290 
0.9178202 
0.9179017 
0.9178612 
0.9198556 
0.9113631 
0.9173953 
0.9177817 
0.9177561 
0.9210805 
0.9171178 
0.9158454 
0.9226628 
0.9270220 
0.9280922 
0.9367533 
0.9325086 
0.9380735 
0.9399763 
0.9368557 
0.9373331 
0.9406894 
0.9458556 
0.9503263 
0.9528231 
0.9655897 
0.9661869 
0.9684673 
0.9568538 
0.9376683 
0.9161625 
0.9225374 
0.9205663 
0.9184732 
0.9199792 
0.9181843 
0.9193510 
0.9205544 
0.9194560 
0.9191928 
0.9209151 
0.9213687 
0.9195025 
0.9181945 
0.9118817 
0.9141628 
0.9134284 
0.9112340 
0.9201416 
0.9259015 
0.9239544 
0.9280388 
0.9252438 
0.9247436 
0.9330304 
0.9286672 
0.9284570 
0.9341603 
0.9287328 
0.9274720 
0.9218996 
0.9280441 
0.9263156 
0.9319357 
0.9323626 
0.9268437 
0.9258494 
0.9281911 
0.9294301 
0.9286594 
0.9289633 
0.9306601 
0.9242560 
0.9230091 
0.9332779 
0.9308459 
0.9201091 
0.9232719 
0.9233282 
0.9279901 
0.9309754 
0.9295924 
0.9332963 
0.9265741 
0.9255690 
0.9278512 
0.9207825 
0.9246342 
0.9266948 
0.9267525 
0.9277919 
0.9288845 
0.9197829 
0.9247776 
0.9210746 
0.9133685 
0.9171347 
0.9262933 
0.9321854 
0.9307759 
0.9400021 
0.9431620 
0.9336572 
0.9301349 
0.9350153 
0.9372073 
0.9260712 
0.9276226 
0.9269717 
0.9265035 
0.9224867 
0.9193998 
0.9135837 
0.9171363 
0.9222937 
0.9225803 
0.9300258 
0.9308660 
0.9364926 
0.9385216 
0.9375306 
0.9433360 
0.9454396 
0.9454359 
0.9413999 
0.9257841 
0.9241400 
0.9244811 
0.9268723 
0.9369754 
0.9392008 
0.9346579 
0.9418067 
0.9435798 
0.9504629 
0.9465058 
0.9421422 
0.9446508 
0.9393735 
0.9442781 
0.9408501 
0.9466026 
0.9513588 
0.9475231 
0.9449180 
0.9382420 
0.9318773 
0.9325661 
0.9316319 
0.9491708 
0.9427969 
0.9453340 
0.9462158 
0.9409653 
0.9409526 
0.9444369 
0.9455746 
0.9398544 
0.9423887 
0.9446988 
0.9350066 
0.9372374 
0.9453736 
0.9397316 
0.9402382 
0.9431143 
0.9423818 
0.9401502 
0.9440533 
0.9439671 
0.9398156 
0.9429070 
0.9466677 
0.9510456 
0.9538132 
0.9543926 
0.9475009 
0.9474743 
0.9456164 
0.9480256 
0.9434817 
0.9470509 
0.9523018 
0.9557713 
0.9504906 
0.9539896 
0.9507597 
0.9511162 
0.9527887 
0.9492565 
0.9425112 
0.9392937 
0.9428538 
0.9431309 
0.9385974 
0.9421301 
0.9468358 
0.9451138 
0.9547325 
0.9476026 
0.9515966 
0.9532384 
0.9487516 
0.9518203 
0.9573493 
0.9550458 
0.9512093 
0.9509687 
0.9528345 
0.9429223 
0.9476307 
0.9491822 
0.9535551 
0.9524083 
0.9514086 
0.9627820 
0.9544811 
0.9522959 
0.9574557 
0.9482639 
0.9520755 
0.9512493 
0.9530117 
0.9545769 
0.9517494 
0.9466881 
0.9470321 
0.9407969 
0.9485106 
0.9487572 
0.9442046 
0.9434819 
0.9397955 
0.9346976 
0.9311656 
0.9332753 
0.9406259 
0.9407143 
0.9390259 
0.9475815 
0.9462213 
0.9438505 
0.9454485 
0.9386427 
0.9395484 
0.9412472 
0.9465421 
0.9562243 
0.9569806 
0.9534485 
0.9562468 
0.9594304 
0.9529418 
0.9526970 
0.9603422 
0.9506345 
0.9502721 
0.9486579 
0.9542386 
0.9513599 
0.9470184 
0.9434233 
0.9498792 
0.9553457 
0.9613938 
0.9573734 
0.9536433 
0.9602150 
0.9517486 
0.9557040 
0.9594807 
0.9500493 
0.9467804 
0.9477439 
0.9513780 
0.9530316 
0.9557835 
0.9573268 
0.9576839 
0.9583362 
0.9558478 
0.9645316 
0.9647256 
0.9626617 
0.9536615 
0.9458164 
0.9395532 
0.9388925 
0.9367682 
0.9419511 
0.9418118 
0.9404792 
0.9395761 
0.9382902 
0.9385871 
0.9475766 
0.9542033 
0.9530976 
0.9551251 
0.9495101 
0.9506464 
0.9529663 
0.9480414 
0.9475565 
0.9501146 
0.9514178 
0.9479665 
0.9515705 
0.9462425 
0.9507599 
0.9584044 
0.9548479 
0.9552818 
0.9577504 
0.9574426 
0.9565002 
0.9525239 
0.9510626 
0.9529338 
0.9460733 
0.9565633 
0.9584178 
0.9587988 
0.9583255 
0.9511750 
0.9507674 
0.9498349 
0.9494931 
0.9552329 
0.9487216 
0.9528043 
0.9521959 
0.9554992 
0.9513038 
0.9524415 
0.9534570 
0.9583670 
0.9537368 
0.9543599 
0.9556594 
0.9530979 
0.9485812 
0.9467631 
0.9550717 
0.9503716 
0.9451575 
0.9455767 
0.9438251 
0.9480547 
0.9388555 
0.9376578 
0.9440570 
0.9436326 
0.9447404 
0.9466806 
0.9495888 
0.9449629 
0.9430854 
0.9401277 
0.9431263 
0.9436936 
0.9419492 
0.9495178 
0.9549825 
0.9549043 
0.9561412 
0.9610885 
0.9535938 
0.9581467 
0.9592426 
0.9623886 
0.9632554 
0.9654312 
0.9608702 
0.9669100 
0.9666963 
0.9619786 
0.9565125 
0.9618000 
0.9613469 
0.9611450 
0.9560071 
0.9570999 
0.9500682 
0.9547049 
0.9512290 
0.9519778 
0.9472225 
0.9470056 
0.9494956 
0.9562887 
0.9554477 
0.9581977 
0.9583096 
0.9569790 
0.9533037 
0.9512066 
0.9511361 
0.9495943 
0.9483689 
0.9498029 
0.9448192 
0.9494666 
0.9549404 
0.9593713 
0.9596994 
0.9575549 
0.9577102 
0.9545784 
0.9557913 
0.9590929 
0.9568271 
0.9605671 
0.9603389 
0.9629742 
0.9649794 
0.9659823 
0.9665240 
0.9654698 
0.9628505 
0.9595346 
0.9659448 
0.9683213 
0.9682064 
0.9574494 
0.9585943 
0.9599587 
0.9550807 
0.9572633 
0.9600305 
0.9623323 
0.9623680 
0.9663547 
0.9642224 
0.9494669 
0.9554942 
0.9604935 
0.9613055 
0.9630754 
0.9667476 
0.9689793 
0.9697162 
0.9670054 
0.9713577 
0.9686450 
0.9619824 
0.9627931 
0.9559446 
0.9549440 
0.9489166 
0.9534994 
0.9560803 
0.9529151 
0.9599586 
0.9600000 
0.9593501 
0.9549236 
0.9499072 
0.9514519 
0.9552022 
0.9562995 
0.9827045 
0.9818699 
0.9759095 
0.9712154 
0.9707477 
0.9685791 
0.9567813 
0.9553295 
0.9571403 
0.9574595 
0.9609238 
0.9565514 
0.9616957 
0.9624613 
0.9660813 
0.9668284 
0.9624699 
0.9675717 
0.9733764 
0.9758881 
0.9727393 
0.9700964 
0.9739605 
0.9772168 
0.9728747 
0.9702029 
0.9738352 
0.9734627 
0.9685661 
0.9674297 
0.9687021 
0.9724920 
0.9752638 
0.9669512 
0.9618894 
0.9565228 
0.9609650 
0.9654064 
0.9639413 
0.9689376 
0.9656686 
0.9687017 
0.9554569 
0.9508425 
0.9508045 
0.9518399 
0.9554149 
0.9505008 
0.9467579 
0.9495942 
0.9470926 
0.9421460 
0.9431893 
0.9454125 
0.9484783 
0.9463861 
0.9403965 
0.9391988 
0.9478134 
0.9463627 
0.9407130 
0.9462226 
0.9460062 
0.9495668 
0.9530190 
0.9519900 
0.9472165 
0.9369859 
0.9402379 
0.9402938 
0.9385157 
0.9466085 
0.9474672 
0.9416963 
0.9388259 
0.9443972 
0.9449029 
0.9445894 
0.9345702 
0.9367869 
0.9379207 
0.9380945 
0.9334756 
0.9351112 
0.9296901 
0.9385362 
0.9310890 
0.9217736 
0.9229622 
0.9356215 
0.9377175 
0.9430058 
0.9438544 
0.9349355 
0.9381578 
0.9412053 
0.9432631 
0.9383993 
0.9393324 
0.9424320 
0.9460638 
0.9485403 
0.9464245 
0.9465218 
0.9492683 
0.9456158 
0.9425787 
0.9477721 
0.9482915 
0.9385553 
0.9393972 
0.9398600 
0.9372387 
0.9380041 
0.9385494 
0.9341045 
0.9377682 
0.9378986 
0.9381061 
0.9373311 
0.9340151 
0.9364136 
0.9350136 
0.9305439 
0.9256229 
0.9241776 
0.9215577 
0.9227979 
0.9221258 
0.9266086 
0.9260178 
0.9226487 
0.9239286 
0.9209507 
0.9274057 
0.9282241 
0.9303052 
0.9325299 
0.9310179 
0.9336195 
0.9290392 
0.9342447 
0.9349621 
0.9346477 
0.9354449 
0.9329235 
0.9317980 
0.9410854 
0.9374261 
0.9386081 
0.9376709 
0.9423724 
0.9422713 
0.9382713 
0.9388882 
0.9454484 
0.9366390 
0.9414799 
0.9355189 
0.9381935 
0.9316756 
0.9313083 
0.9323323 
0.9316736 
0.9339500 
0.9351847 
0.9379899 
0.9329216 
0.9395639 
0.9351424 
0.9344733 
0.9294949 
0.9250857 
0.9259068 
0.9353224 
0.9408091 
0.9364765 
0.9357744 
0.9349285 
0.9323627 
0.9361392 
0.9279963 
0.9310310 
0.9305684 
0.9335337 
0.9333545 
0.9350159 
0.9402874 
0.9326798 
0.9407538 
0.9416296 
0.9447022 
0.9429289 
0.9425887 
0.9483843 
0.9451703 
0.9486267 
0.9441750 
0.9488519 
0.9525741 
0.9582820 
0.9619923 
0.9596599 
0.9557726 
0.9602906 
0.9609040 
0.9690262 
0.9621860 
0.9572049 
0.9639953 
0.9661575 
0.9641324 
0.9623841 
0.9507287 
0.9347479 
0.9321266 
0.9241988 
0.9273700 
0.9302797 
0.9290386 
0.9306662 
0.9326291 
0.9318032 
0.9306774 
0.9309307 
0.9320090 
0.9303979 
0.9363580 
0.9405217 
0.9369735 
0.9343997 
0.9341395 
0.9363551 
0.9356564 
0.9416392 
0.9453960 
0.9418701 
0.9413023 
0.9416563 
0.9395411 
0.9414820 
0.9404102 
0.9488732 
0.9495127 
0.9564125 
0.9591640 
0.9610758 
0.9612416 
0.9610682 
0.9634583 
0.9619249 
0.9669506 
0.9720884 
0.9640419 
0.9623277 
0.9616219 
0.9644309 
0.9662932 
0.9658678 
0.9672654 
0.9668268 
0.9656510 
0.9603624 
0.9656912 
0.9676458 
0.9597760 
0.9622659 
0.9577179 
0.9469193 
0.9514927 
0.9675615 
0.9665581 
0.9700215 
0.9675998 
0.9753348 
0.9669302 
0.9769034 
0.9780408 
0.9684135 
0.9685837 
0.9631111 
0.9629986 
0.9719083 
0.9690507 
0.9743307 
0.9737891 
0.9745491 
0.9694074 
0.9699385 
0.9802917 
0.9716331 
0.9731175 
0.9667582 
0.9605037 
0.9574226 
0.9543941 
0.9540002 
0.9526940 
0.9542555 
0.9498889 
0.9534600 
0.9520529 
0.9511077 
0.9538177 
0.9544811 
0.9567018 
0.9568395 
0.9573481 
0.9543278 
0.9543348 
0.9556874 
0.9539777 
0.9482191 
0.9558353 
0.9558942 
0.9598650 
0.9619570 
0.9634605 
0.9642438 
0.9630492 
0.9659864 
0.9599562 
0.9622855 
0.9674791 
0.9637466 
0.9622334 
0.9558861 
0.9718432 
0.9679380 
0.9688409 
0.9727352 
0.9845430 
0.9860604 
0.9948895 
0.9991977 
1.0000000 
0.9971038 
0.9969611 
0.9934918 
0.9769238 
0.9792224 
0.9870802 
0.9911869 
0.9865243 
0.9877959 
0.9888845 
0.9925537 
0.9884997 
0.9862314 
0.9921437 
0.9896642 
0.9846625 
0.9839913 
0.9927432 
0.9962357 
0.9961362 
0.9880229 
0.9822501 
0.9822145 
0.9823725 
0.9776169 
0.9739578 
0.9831268 
0.9764742 
0.9745383 
0.9716570 
0.9666048 
0.9691913 
0.9639191 
0.9622501 
0.9639300 
0.9678691 
0.9698630 
0.9662851 
0.9659851 
0.9804758 
0.9828971 
0.9792795 
0.9794980 
0.9722967 
0.9693430 
0.9697348 
0.9737123 
0.9721505 
0.9787927 
0.9770035 
0.9757142 
0.9780797 
0.9798270 
0.9679339 
0.9747300 
0.9723579 
0.9655931 
0.9701896 
0.9694667 
0.9688926 
0.9688070 
0.9562337 
0.9604248 
0.9655997 
0.9624716 
0.9674916 
0.9696178 
0.9654621 
0.9656790 
0.9600811 
0.9644246 
0.9673683 
0.9695945 
0.9760182 
0.9737108 
0.9746333 
0.9739505 
0.9658176 
0.9682086 
0.9730275 
0.9753995 
0.9801936 
0.9751721 
0.9805094 
0.9788773 
0.9732886 
0.9769040 
0.9777486 
0.9782578 
0.9783403 
0.9771991 
0.9790107 
0.9784267 
0.9755098 
0.9781245 
0.9828860 
0.9874366 
0.9902869 
0.9729738 
0.9444456 
0.9370767 
0.9307216 
0.9230652 
0.9197014 
0.9231880 
0.9197882 
0.9217317 
0.9229567 
0.9184715 
0.9151373 
0.9155931 
0.9155105 
0.9142980 
0.9144488 
0.9234238 
0.9301328 
0.9363313 
0.9334266 
0.9357993 
0.9411500 
0.9489091 
0.9499631 
0.9472754 
0.9465100 
0.9474578 
0.9439444 
0.9504104 
0.9494447 
0.9485683 
0.9506874 
0.9527385 
0.9494814 
0.9407040 
0.9503056 
0.9466820 
0.9517189 
0.9457495 
0.9465986 
0.9422396 
0.9434915 
0.9491096 
0.9577460 
0.9594873 
0.9555397 
0.9564241 
0.9574907 
0.9562741 
0.9649058 
0.9677564 
0.9655874 
0.9639383 
0.9682618 
0.9677792 
0.9644987 
0.9681532 
0.9727908 
0.9679139 
0.9735986 
0.9710129 
0.9707572 
0.9682313 
0.9666068 
0.9702212 
0.9699885 
0.9729020 
0.9723711 
0.9768027 
0.9778749 
0.9744914 
0.9630920 
0.9755500 
0.9743256 
0.9751518 
0.9801515 
0.9839964 
0.9973088 
0.9905454 
0.9653428 
0.9647341 
0.9649334 
0.9653839 
0.9696887 
0.9757187 
0.9688157 
0.9746053 
0.9777423 
0.9774377 
0.9778232 
0.9777435 
0.9769960 
0.9756080 
0.9764198 
0.9818492 
0.9784585 
0.9814810 
0.9791187 
0.9740574 
0.9792367 
0.9800729 
0.9820851 
0.9827917 
0.9812892 
0.9832837 
0.9794029 
0.9826048 
0.9796090 
0.9813288 
0.9895239 
0.9873364 
0.9779458 
0.9711674 
0.9683942 
0.9704115 
0.9792665 
0.9739102 
0.9809394 
0.9837095 
0.9786313 
0.9766088 
0.9860089 
0.9803075 
0.9856431 
0.9801921 
0.9813306 
0.9785680 
0.9826530 
0.9817619 
0.9837193 
0.9827356 
0.9758033 
0.9805045 
0.9769470 
0.9757158 
0.9790014 
0.9775058 
0.9853874 
0.9784720 
0.9820206 
0.9833954 
0.9840401 
0.9827404 
0.9776820 
0.9864211 
0.9827292 
0.9845110 
0.9794141 
0.9833647 
0.9796206 
0.9811742 
0.9806351 
0.9789153 
0.9667180 
0.9722177 
0.9695581 
0.9793151 
0.9738046 
0.9731266 
0.9748808 
0.9718979 
0.9761343 
0.9790023 
0.9768871 
0.9740824 
0.9723471 
0.9772790 
0.9693955 
0.9693403 
0.9723886 
0.9726031 
0.9734218 
0.9724776 
0.9722415 
0.9740215 
0.9706121 
0.9689732 
0.9650600 
0.9647259 
0.9633977 
0.9618817 
0.9683346 
0.9650628 
0.9660870 
0.9685459 
0.9701651 
0.9665309 
0.9662555 
0.9645700 
0.9683127 
0.9696949 
0.9635190 
0.9589406 
0.9605814 
0.9592231 
0.9569322 
0.9627181 
0.9653597 
0.9673432 
0.9635024 
0.9621431 
0.9764885 
0.9906029 
0.9919458 
0.9895607 
0.9822748 
0.9836536 
0.9796919 
0.9784581 
0.9705469 
0.9711088 
0.9738676 
0.9740591 
0.9814064 
0.9816814 
0.9809140 
0.9772815 
0.9780441 
0.9778886 
0.9773704 
0.9754887 
0.9724802 
0.9714149 
0.9716516 
0.9742630 
0.9690903 
0.9774948 
0.9734303 
0.9737918 
0.9653391 
0.9690509 
0.9752466 
0.9717109 
0.9782697 
0.9745485 
0.9814202 
0.9783406 
0.9781581 
0.9809448 
0.9797415 
0.9758140 
0.9782416 
0.9741919 
0.9723121 
0.9713485 
0.9681285 
0.9723067 
0.9708338 
0.9681945 
0.9587431 
0.9591192 
0.9639235 
0.9655973 
0.9635525 
0.9579958 
0.9541599 
0.9581425 
0.9589163 
0.9606936 
0.9621910 
0.9649031 
0.9661547 
0.9630679 
0.9665819 
0.9700215 
0.9704384 
0.9710021 
0.9658717 
0.9607778 
0.9566560 
0.9644343 
0.9637948 
0.9658278 
0.9630616 
0.9604254 
0.9632251 
0.9682729 
0.9642502 
0.9569180 
0.9629833 
0.9651725 
0.9711286 
0.9661921 
0.9704869 
0.9712417 
0.9694025 
0.9665592 
0.9729802 
0.9724949 
0.9650976 
0.9699047 
0.9655471 
0.9699958 
0.9710367 
0.9716024 
0.9767195 
0.9736663 
0.9752959 
0.9877352 
0.9802885 
0.9822848 
0.9812767 
0.9838559 
0.9731076 
0.9779394 
0.9787924 
0.9672372 
0.9652093 
0.9645112 
0.9612540 
0.9642663 
0.9664098 
0.9658148 
0.9724814 
0.9733020 
0.9748760 
0.9767576 
0.9749769 
0.9730735 
0.9746663 
0.9713990 
0.9718601 
0.9732205 
0.9735703 
0.9793361 
0.9739655 
0.9690816 
0.9747602 
0.9704750 
0.9798942 
0.9822551 
0.9740079 
0.9685004 
0.9712290 
0.9727995 
0.9763809 
0.9757094 
0.9719088 
0.9644986 
0.9684223 
0.9806164 
0.9795042 
0.9820319 
0.9816323 
0.9797794 
