0.0001245 
-0.0000986 
-0.0001943 
0.3774949 
-0.2494071 
-0.1749432 
0.1138627 
0.0933956 
0.1049804 
0.0938011 
0.0880346 
0.0983796 
0.1408585 
0.1540733 
0.1174655 
0.1501440 
0.1676417 
0.1750610 
0.1901330 
0.1723738 
0.1869222 
0.1697392 
0.1750753 
0.1878417 
0.1774962 
0.1921882 
0.2145593 
0.2221973 
0.2169509 
0.2105071 
0.2108495 
0.1889873 
0.1824320 
0.1716825 
0.1320236 
0.1499451 
0.1549402 
0.1553748 
0.1804002 
0.1662765 
0.1558117 
0.1557772 
0.1105160 
0.0827908 
0.0946690 
0.0918731 
0.0730715 
0.1405774 
0.1446954 
0.0773303 
0.0718301 
0.0830214 
0.0940896 
0.1174848 
0.1287725 
0.1285599 
0.1473830 
0.1747758 
0.1458059 
0.1458275 
0.1760830 
0.1388241 
0.0995398 
0.1490160 
0.1291928 
0.1343009 
0.1219174 
0.0875761 
0.1160587 
0.1275224 
0.1212116 
0.0860589 
0.0728357 
0.0759687 
0.1040121 
0.1472883 
0.0987297 
0.0985614 
0.1245866 
0.0882434 
0.0720277 
0.1189750 
0.0936224 
0.0981855 
0.1450701 
0.1284263 
0.1134229 
0.0728483 
0.0813022 
0.0623845 
0.0714722 
0.0581230 
0.0420405 
0.0042276 
0.0000000 
0.0188837 
0.0488241 
0.1003273 
0.0900638 
0.0853564 
0.0954551 
0.0971965 
0.0943117 
0.1448447 
0.1626553 
0.1897865 
0.1585040 
0.1337459 
0.1329281 
0.1271396 
0.1135869 
0.1183841 
0.1488050 
0.1484702 
0.1245151 
0.0929450 
0.1055464 
0.1136127 
0.0969992 
0.0958608 
0.1156344 
0.1622646 
0.1535531 
0.1371772 
0.0917833 
0.0710431 
0.0764178 
0.0636830 
0.0916842 
0.0696338 
0.0732270 
0.0611847 
0.0910094 
0.0974499 
0.0984946 
0.0977264 
0.0830444 
0.0650659 
0.0788413 
0.1394668 
0.1173948 
0.0819954 
0.1115441 
0.1208937 
0.1601427 
0.1756194 
0.1604302 
0.1501539 
0.1687841 
0.1532968 
0.1178503 
0.1165132 
0.1086872 
0.0739472 
0.1199963 
0.1285979 
0.1351051 
0.1642999 
0.1172769 
0.1045424 
0.1086731 
0.1323690 
0.1052500 
0.1189950 
0.1348382 
0.1560319 
0.1637720 
0.1794865 
0.1890869 
0.1740300 
0.1013463 
0.1636915 
0.1565128 
0.1543163 
0.1766397 
0.1873381 
0.1936526 
0.1641912 
0.1583521 
0.1739091 
0.1907188 
0.2013772 
0.1649909 
0.1661677 
0.1518485 
0.1542234 
0.1584586 
0.1449467 
0.1391775 
0.1092262 
0.1239080 
0.1136648 
0.1314728 
0.1586587 
0.1538681 
0.1328845 
0.1768539 
0.2022998 
0.2135376 
0.2113382 
0.2179123 
0.2074517 
0.2080483 
0.2204968 
0.2141267 
0.2275645 
0.2047255 
0.2294411 
0.2457323 
0.1998293 
0.2011269 
0.2165604 
0.2340643 
0.2309359 
0.2200264 
0.2316658 
0.2014504 
0.1954024 
0.2184585 
0.2383956 
0.2261713 
0.2274499 
0.1903616 
0.1764516 
0.1744978 
0.1712969 
0.1710414 
0.1883157 
0.1288182 
0.1494764 
0.1238583 
0.1626183 
0.1371516 
0.1437441 
0.1271537 
0.1161472 
0.1484275 
0.1431198 
0.1546936 
0.1699672 
0.2013355 
0.2018559 
0.1871002 
0.1698794 
0.1863040 
0.1718419 
0.1760336 
0.1785721 
0.1731198 
0.1672117 
0.1214624 
0.1164919 
0.1423225 
0.1340582 
0.1363174 
0.1226951 
0.1047743 
0.1110406 
0.1230194 
0.1198439 
0.1454157 
0.1291916 
0.1192779 
0.0884935 
0.0860600 
0.1075184 
0.1084718 
0.0582055 
0.0800826 
0.0573841 
0.0646250 
0.0123854 
0.1253158 
0.1553214 
0.1264318 
0.1365711 
0.1434760 
0.1688340 
0.1647189 
0.1484392 
0.1459494 
0.1692010 
0.1802054 
0.1838238 
0.1357054 
0.1341115 
0.1127843 
0.1209771 
0.1204745 
0.1054142 
0.1084458 
0.1225989 
0.1453823 
0.1594907 
0.1736452 
0.1823938 
0.1403020 
0.1280798 
0.1430161 
0.1431871 
0.1908700 
0.2295379 
0.2067568 
0.1882073 
0.1913837 
0.1982908 
0.1795390 
0.1885009 
0.2003185 
0.1846907 
0.2285850 
0.1864267 
0.2189545 
0.2119054 
0.2052967 
0.2308998 
0.2471339 
0.2131795 
0.2460472 
0.2366402 
0.2487321 
0.2502836 
0.2346923 
0.2343046 
0.2535409 
0.2621690 
0.2547590 
0.2487650 
0.2706639 
0.2813678 
0.2801775 
0.3376557 
0.3252087 
0.3323168 
0.3092270 
0.3234036 
0.3107313 
0.2992807 
0.3430986 
0.2902112 
0.3279086 
0.3234420 
0.3263213 
0.3330353 
0.3269318 
0.3495775 
0.3329459 
0.3401726 
0.3048420 
0.3153260 
0.3275267 
0.3494496 
0.3796332 
0.3181262 
0.3251226 
0.3011694 
0.2912620 
0.2559573 
0.2652822 
0.2609279 
0.2641935 
0.2589416 
0.2543551 
0.2586545 
0.2563903 
0.2570179 
0.2872018 
0.2745320 
0.2860945 
0.2746324 
0.2668925 
0.2359744 
0.2665100 
0.2706551 
0.3017528 
0.2658645 
0.2976942 
0.3070622 
0.3126761 
0.3013372 
0.3103652 
0.2889646 
0.3091052 
0.2595665 
0.2708974 
0.2819803 
0.1959778 
0.1655141 
0.2057281 
0.2050806 
0.2140656 
0.2086875 
0.1737938 
0.1825626 
0.2138353 
0.2014027 
0.2078881 
0.2208255 
0.2095663 
0.2008899 
0.1975853 
0.2183832 
0.2034452 
0.2511552 
0.2646240 
0.2439333 
0.2835907 
0.2493985 
0.3029818 
0.3302997 
0.3229305 
0.3107029 
0.3136937 
0.3222201 
0.3247334 
0.3500339 
0.3522499 
0.3405949 
0.3309141 
0.3403515 
0.3466275 
0.3089226 
0.3307607 
0.3372982 
0.3308703 
0.3289756 
0.3185573 
0.3139709 
0.3036119 
0.3223753 
0.3655922 
0.3160227 
0.3165188 
0.3600436 
0.3314896 
0.3600722 
0.3678503 
0.3541855 
0.4098593 
0.3601139 
0.3909826 
0.3811797 
0.3800890 
0.3574848 
0.3706518 
0.3057007 
0.2871099 
0.3181307 
0.3759637 
0.3333882 
0.3313519 
0.3573857 
0.3496883 
0.3918591 
0.4313429 
0.4670271 
0.4471407 
0.4216473 
0.4607492 
0.4863153 
0.4712310 
0.4872171 
0.5146707 
0.5160175 
0.4832974 
0.4914893 
0.4927187 
0.5070987 
0.4985609 
0.4878602 
0.5213912 
0.5223833 
0.5173910 
0.5238303 
0.4996930 
0.4581238 
0.4557459 
0.4273927 
0.3988852 
0.4291128 
0.4549783 
0.4555584 
0.4509701 
0.4363796 
0.4660690 
0.4523707 
0.4458788 
0.4777489 
0.4689520 
0.4791661 
0.4929054 
0.4687068 
0.5100008 
0.4685660 
0.4865505 
0.4623603 
0.4680634 
0.5611330 
0.5496934 
0.5014153 
0.5248732 
0.5349208 
0.5099415 
0.5252766 
0.5415082 
0.4803811 
0.4903901 
0.4886772 
0.4781162 
0.4662623 
0.4635749 
0.4304339 
0.4451729 
0.4435155 
0.4256629 
0.4743488 
0.4599428 
0.4725389 
0.4828314 
0.4729222 
0.4361752 
0.4399362 
0.4555824 
0.4625470 
0.4652385 
0.4550271 
0.4888561 
0.4684383 
0.4577215 
0.4464709 
0.4157477 
0.4402568 
0.4330555 
0.4045741 
0.3972733 
0.3886118 
0.3318646 
0.3045150 
0.3622503 
0.3999601 
0.4185042 
0.4316381 
0.4409338 
0.4432802 
0.4148394 
0.4188259 
0.4108396 
0.4607998 
0.4572860 
0.4310474 
0.4272643 
0.4050142 
0.4567775 
0.4205973 
0.4412203 
0.4966337 
0.4816418 
0.5166541 
0.5293400 
0.5077208 
0.5069766 
0.5143933 
0.5124225 
0.4770623 
0.4651519 
0.4877112 
0.4708329 
0.4481151 
0.4436442 
0.4431594 
0.4571721 
0.4406953 
0.4445640 
0.4460580 
0.4211330 
0.4438829 
0.4152176 
0.4216210 
0.4200049 
0.4220370 
0.3819156 
0.4208862 
0.4179892 
0.4508277 
0.4660800 
0.4590105 
0.4613509 
0.4774580 
0.4496490 
0.4693506 
0.4577640 
0.4763803 
0.4221261 
0.4430992 
0.4871214 
0.4648953 
0.4696245 
0.4690677 
0.4797665 
0.4599596 
0.4785852 
0.5191282 
0.5273847 
0.5264706 
0.5261054 
0.5203970 
0.5616968 
0.5496474 
0.5426921 
0.5259753 
0.5258180 
0.5584903 
0.5288568 
0.5573074 
0.5549997 
0.5879889 
0.5572575 
0.5578012 
0.5622989 
0.5523452 
0.5808069 
0.5461013 
0.5086687 
0.5361112 
0.4985740 
0.4712082 
0.4658566 
0.4823340 
0.5069355 
0.4962633 
0.4856423 
0.4906932 
0.4491403 
0.4234488 
0.4212265 
0.3713357 
0.3592985 
0.3077730 
0.3091017 
0.3479924 
0.3891316 
0.3817939 
0.4237573 
0.4145765 
0.4699881 
0.5038818 
0.5440831 
0.5768435 
0.6052746 
0.5912899 
0.6038007 
0.6192941 
0.6599082 
0.6117341 
0.6178386 
0.6351964 
0.6004437 
0.6120980 
0.6269680 
0.6504792 
0.6761377 
0.6908861 
0.6926443 
0.6665275 
0.6689625 
0.5918218 
0.5706819 
0.4982279 
0.4733760 
0.4792345 
0.5022432 
0.5037851 
0.4932144 
0.5068622 
0.5224627 
0.7082040 
0.7589938 
0.7972587 
0.8027056 
0.7791567 
0.7661639 
0.7575440 
0.7302286 
0.7050460 
0.6320423 
0.6022482 
0.5651194 
0.5243284 
0.4588004 
0.4586059 
0.4846594 
0.4652416 
0.4930535 
0.4870879 
0.5361347 
0.5645157 
0.6049994 
0.6124931 
0.6353142 
0.5850650 
0.5769146 
0.5349293 
0.5320025 
0.5502255 
0.5524376 
0.5747430 
0.5639909 
0.5894334 
0.6023886 
0.5971881 
0.6366555 
0.6173774 
0.6630788 
0.6283638 
0.6280908 
0.5856675 
0.5750185 
0.5483521 
0.5601749 
0.5748564 
0.5457504 
0.5077858 
0.5167195 
0.4928426 
0.5099639 
0.5202291 
0.5353809 
0.5424093 
0.5473437 
0.4776507 
0.4827138 
0.5109985 
0.5357974 
0.5471169 
0.5373855 
0.5614141 
0.5850030 
0.6063154 
0.5617409 
0.5547955 
0.5628451 
0.5596024 
0.5367417 
0.5232619 
0.5877774 
0.6061012 
0.6255125 
0.6316413 
0.6130274 
0.6149975 
0.5813619 
0.5949307 
0.5946686 
0.5662060 
0.5280917 
0.5443992 
0.5135379 
0.4821453 
0.4993109 
0.5119652 
0.5213411 
0.5184206 
0.4818180 
0.5018832 
0.5197521 
0.5231421 
0.4978689 
0.5237391 
0.5568762 
0.5507420 
0.5494745 
0.5469523 
0.5555450 
0.5710231 
0.6067166 
0.5750562 
0.5837884 
0.5568632 
0.5641966 
0.5477444 
0.5528256 
0.5085840 
0.4930739 
0.4452823 
0.4553856 
0.4722404 
0.4537381 
0.4724554 
0.5151114 
0.5486154 
0.5276879 
0.5804942 
0.5959240 
0.6450532 
0.6335776 
0.6288560 
0.6551254 
0.6393523 
0.6050120 
0.6117538 
0.6173565 
0.6102087 
0.6036027 
0.6221481 
0.6284106 
0.6101930 
0.6095869 
0.6102137 
0.6023164 
0.6564877 
0.7226732 
0.6638661 
0.7051239 
0.6887458 
0.6930586 
0.6831045 
0.6407167 
0.6461141 
0.6378177 
0.6329782 
0.6259566 
0.6001582 
0.5993969 
0.6476030 
0.6121641 
0.6110557 
0.5947327 
0.5899189 
0.6028430 
0.6049120 
0.5748019 
0.5708155 
0.5393779 
0.5277195 
0.4977764 
0.4906125 
0.5238174 
0.5217715 
0.5069292 
0.5441175 
0.5072837 
0.5145581 
0.5276130 
0.5331592 
0.5163414 
0.5488105 
0.5483850 
0.5371493 
0.5710956 
0.5299946 
0.5221992 
0.4994034 
0.5226870 
0.5546785 
0.5526012 
0.6540742 
0.7093971 
0.7143517 
0.7523875 
0.7587501 
0.7607072 
0.7310343 
0.7213581 
0.7225653 
0.7671715 
0.7751633 
0.7138103 
0.7279206 
0.6912592 
0.6718739 
0.6605947 
0.6696145 
0.6723625 
0.6757512 
0.6836073 
0.6256370 
0.5996198 
0.5670908 
0.5415269 
0.5389340 
0.5467763 
0.5293263 
0.4904921 
0.4961670 
0.5233075 
0.4821966 
0.5286700 
0.5183039 
0.4376598 
0.4867741 
0.5118658 
0.5317973 
0.5830449 
0.6162317 
0.6210021 
0.6112419 
0.6111961 
0.6075722 
0.6265255 
0.6380851 
0.6062625 
0.6293848 
0.6033095 
0.5936234 
0.6416582 
0.6079009 
0.6166591 
0.6363409 
0.6248062 
0.6362070 
0.6108171 
0.5913543 
0.5802534 
0.6145667 
0.6114998 
0.6117630 
0.5693091 
0.5475415 
0.5563179 
0.5686759 
0.5383815 
0.4801519 
0.4697156 
0.4467975 
0.5419888 
0.5662318 
0.5772922 
0.5765349 
0.6211655 
0.6206264 
0.6090900 
0.5543817 
0.5567141 
0.6314944 
0.5785568 
0.5601911 
0.5664396 
0.6509874 
0.6298402 
0.5335651 
0.5258852 
0.5465178 
0.5344738 
0.5668864 
0.5587284 
0.5996638 
0.6031457 
0.6252825 
0.6206839 
0.5913739 
0.5889428 
0.5790211 
0.5566175 
0.5857206 
0.5790014 
0.5717117 
0.5606695 
0.5876790 
0.6249597 
0.6292298 
0.6356842 
0.6550378 
0.6096304 
0.6394507 
0.6284129 
0.6530629 
0.6368653 
0.6233727 
0.6447325 
0.6184035 
0.5928423 
0.5985820 
0.6089701 
0.6207472 
0.6116391 
0.6082141 
0.5986221 
0.5985928 
0.5836300 
0.5841682 
0.5564785 
0.5499269 
0.5357828 
0.5260452 
0.4975783 
0.5193488 
0.6174326 
0.6247617 
0.6044674 
0.5699930 
0.5750063 
0.5844767 
0.5886517 
0.5301228 
0.5521079 
0.5234957 
0.5239333 
0.5446516 
0.5249139 
0.5285929 
0.5090542 
0.5004345 
0.5289995 
0.5423469 
0.5653678 
0.5451045 
0.5501445 
0.5369772 
0.5311781 
0.5282381 
0.5479023 
0.5257139 
0.4715000 
0.4558691 
0.4990785 
0.5844344 
0.5846754 
0.6137504 
0.5506004 
0.5530511 
0.5293816 
0.5486968 
0.5769858 
0.5586893 
0.5763993 
0.5933687 
0.6027822 
0.6217505 
0.6439086 
0.6305771 
0.5997203 
0.6273074 
0.6165493 
0.6284814 
0.6465529 
0.6611653 
0.6075374 
0.5553645 
0.5630144 
0.5497994 
0.6089918 
0.6061068 
0.6167435 
0.6045469 
0.6042741 
0.5873363 
0.5260399 
0.5320542 
0.5199783 
0.5121245 
0.4989564 
0.5213768 
0.5645554 
0.4900921 
0.5427075 
0.5533202 
0.5724192 
0.5897918 
0.6095153 
0.6154436 
0.6032214 
0.5976092 
0.5987878 
0.5851582 
0.6305552 
0.6597021 
0.6587753 
0.6734436 
0.6723758 
0.6855956 
0.6729910 
0.6724031 
0.6496863 
0.6649396 
0.6896992 
0.6762117 
0.6576486 
0.6662572 
0.6882248 
0.6860023 
0.7056066 
0.7211800 
0.7399152 
0.7291949 
0.7307886 
0.7204993 
0.7396119 
0.7277643 
0.7280506 
0.7632535 
0.7929929 
0.7614310 
0.7678777 
0.7774205 
0.7776607 
0.7491742 
0.7735375 
0.7736018 
0.8053558 
0.8139855 
0.8174298 
0.8274359 
0.8051227 
0.8001134 
0.8093445 
0.7732678 
0.7661731 
0.7409732 
0.7685079 
0.7581606 
0.7624830 
0.7845942 
0.7888937 
0.7848126 
0.7217512 
0.7242522 
0.7158035 
0.6810928 
0.6724935 
0.6502903 
0.6279484 
0.6110004 
0.6438367 
0.6424387 
0.6800899 
0.6712852 
0.6634157 
0.6764628 
0.6562895 
0.6728931 
0.6922071 
0.6669803 
0.6705717 
0.6644333 
0.6640391 
0.6401653 
0.6112104 
0.5963513 
0.5973673 
0.6185449 
0.6723196 
0.6935993 
0.6900162 
0.7224614 
0.6985125 
0.7094246 
0.7027302 
0.7063526 
0.6808800 
0.7046074 
0.6916712 
0.6138938 
0.6493516 
0.6547290 
0.6449915 
0.6583868 
0.6866166 
0.7046627 
0.7178321 
0.7149928 
0.6831960 
0.6780742 
0.6967414 
0.6885204 
0.7151203 
0.6940039 
0.7125610 
0.6963343 
0.6962211 
0.7309316 
0.7267773 
0.7271835 
0.7683430 
0.7937061 
0.7807986 
0.8209297 
0.7959547 
0.7810170 
0.7741183 
0.7767716 
0.8042381 
0.7897953 
0.7535403 
0.7107171 
0.7486100 
0.7675012 
0.7537070 
0.7277618 
0.6561983 
0.5955773 
0.5657038 
0.5893689 
0.6438832 
0.6770280 
0.6564287 
0.6323208 
0.6003021 
0.5969296 
0.6947189 
0.7133090 
0.7320355 
0.7732823 
0.7560334 
0.7842568 
0.7362609 
0.7285884 
0.7225244 
0.7153186 
0.7316774 
0.7183750 
0.7251665 
0.7100216 
0.6650859 
0.6481001 
0.5794608 
0.5740030 
0.6090600 
0.6176319 
0.6383266 
0.6603511 
0.6680109 
0.6339896 
0.5823277 
0.6211262 
0.6104655 
0.6154313 
0.6227593 
0.6154345 
0.6121178 
0.6107916 
0.5877526 
0.6051204 
0.6422411 
0.6463489 
0.6793134 
0.6979604 
0.6196309 
0.6028968 
0.6521902 
0.6758820 
0.6621820 
0.7064394 
0.6884903 
0.7095798 
0.7173078 
0.7086167 
0.6867808 
0.6762065 
0.6665049 
0.6856269 
0.6693260 
0.7018911 
0.7128941 
0.7072239 
0.7053813 
0.6677524 
0.6752042 
0.6610706 
0.6771594 
0.6422821 
0.6797172 
0.6931292 
0.6985308 
0.7161390 
0.6807174 
0.6793300 
0.7296262 
0.7314423 
0.7513711 
0.7435753 
0.7029919 
0.6895841 
0.6927708 
0.7291215 
0.7357616 
0.7348711 
0.7070746 
0.7391502 
0.7335215 
0.7400686 
0.8003823 
0.8304193 
0.7849532 
0.8210197 
0.8834527 
0.9087739 
0.8194409 
0.7656119 
0.7906171 
0.8235172 
0.8390871 
0.9019757 
0.9083146 
0.8853789 
0.9085684 
0.8860162 
0.8266413 
0.8166543 
0.8084841 
0.8266587 
0.8018138 
0.8239147 
0.8547914 
0.8533560 
0.8577875 
0.8153966 
0.8077460 
0.7872677 
0.7895330 
0.7323665 
0.7345908 
0.7015727 
0.6951304 
0.6761741 
0.6688079 
0.6670951 
0.6398216 
0.6110113 
0.6431912 
0.6345848 
0.6519919 
0.6811219 
0.6824698 
0.6500972 
0.6554716 
0.6882870 
0.6879342 
0.7010783 
0.7104485 
0.7076395 
0.6967859 
0.6994730 
0.6970878 
0.6644342 
0.6823757 
0.6516248 
0.6602048 
0.6880925 
0.6864786 
0.6890411 
0.6949749 
0.7487249 
0.7135817 
0.7243517 
0.7269272 
0.7654685 
0.7608218 
0.7594071 
0.7651433 
0.7518194 
0.7424026 
0.7563597 
0.7510609 
0.7659249 
0.7451287 
0.7602402 
0.7480365 
0.7383814 
0.7433460 
0.7961470 
0.7412257 
0.7395241 
0.7505049 
0.7406036 
0.7318860 
0.7294026 
0.7184589 
0.7191040 
0.7259374 
0.7183074 
0.7145160 
0.6868942 
0.6992234 
0.6856570 
0.6991127 
0.6815984 
0.6644600 
0.6431295 
0.7068293 
0.6729055 
0.7130288 
0.7121756 
0.7184023 
0.7315050 
0.7380664 
0.7146075 
0.6889709 
0.7299597 
0.7035498 
0.7112524 
0.7364963 
0.7092717 
0.6981162 
0.6820641 
0.6387445 
0.6708062 
0.6961058 
0.6915409 
0.7107611 
0.7380182 
0.6973161 
0.6793920 
0.7443835 
0.7412785 
0.7631598 
0.7905759 
0.8058723 
0.7964817 
0.7929072 
0.7393919 
0.6982213 
0.6599859 
0.6593212 
0.6331822 
0.6304042 
0.6459729 
0.6220988 
0.6407798 
0.6779773 
0.6384234 
0.6340467 
0.6354892 
0.7379060 
0.7652292 
0.7353054 
0.7654397 
0.7456868 
0.7729107 
0.8044334 
0.7670349 
0.7940978 
0.7945808 
0.7557738 
0.7565454 
0.7514767 
0.7229772 
0.7238961 
0.7095177 
0.6802598 
0.6916442 
0.7526933 
0.7982067 
0.7881316 
0.7444119 
0.7677046 
0.7552835 
0.7747987 
0.7892884 
0.7806796 
0.8058147 
0.7968144 
0.8848101 
0.8499057 
0.8408043 
0.8384953 
0.8743236 
0.8295938 
0.8080203 
0.8068107 
0.8628559 
0.8658598 
0.8196267 
0.8221071 
0.8153672 
0.7861522 
0.7699273 
0.7470439 
0.7588758 
0.7811816 
0.7020647 
0.7139308 
0.7139442 
0.7320637 
0.7496213 
0.7244185 
0.6919436 
0.7022515 
0.7014630 
0.7045852 
0.7153354 
0.7230754 
0.7326732 
0.7621245 
0.7618626 
0.7677438 
0.7516711 
0.7141328 
0.7194397 
0.7201550 
0.7433957 
0.7508661 
0.7778529 
0.8078672 
0.7919318 
0.7907560 
0.8054825 
0.7972624 
0.7591755 
0.7767140 
0.7920839 
0.7778167 
0.8086262 
0.8049807 
0.9074951 
0.9988347 
0.9900401 
0.9883200 
1.0000000 
0.9477503 
0.8664956 
0.8477186 
0.8301370 
0.8064623 
0.7877835 
0.7548996 
0.8072908 
0.7994075 
0.8273261 
0.8097418 
0.7715981 
0.7601771 
0.7947613 
0.7467995 
0.7703419 
0.7768218 
0.7729770 
0.7744346 
0.7690859 
0.7507352 
0.7588762 
0.7593619 
0.7707126 
0.7384206 
0.7042592 
0.7025080 
0.6885432 
0.7253185 
0.7467941 
0.7734444 
0.7213689 
0.7413576 
0.6969393 
0.6840461 
0.7147786 
0.6928611 
0.7000828 
0.7600246 
0.8065431 
0.7856906 
0.8192316 
0.8508877 
0.7428479 
0.6853730 
0.6822052 
0.7089153 
0.7170202 
