0.0000109 
0.0001066 
-0.0000621 
-0.1571322 
0.0072174 
-0.4288967 
0.9963311 
0.9976347 
0.9974436 
0.9991855 
1.0000000 
0.9957544 
0.9876989 
0.9860526 
0.9866134 
0.9884958 
0.9887240 
0.9899777 
0.9895420 
0.9904908 
0.9885975 
0.9840241 
0.9816589 
0.9867467 
0.9800519 
0.9817210 
0.9823253 
0.9811521 
0.9768869 
0.9820430 
0.9779973 
0.9774589 
0.9804683 
0.9807241 
0.9794571 
0.9800537 
0.9793079 
0.9780170 
0.9821819 
0.9800809 
0.9748733 
0.9775296 
0.9788666 
0.9766229 
0.9758106 
0.9746491 
0.9735758 
0.9716372 
0.9723008 
0.9715060 
0.9727358 
0.9766983 
0.9745298 
0.9749892 
0.9747835 
0.9754984 
0.9761356 
0.9731238 
0.9755860 
0.9727014 
0.9705680 
0.9724911 
0.9719118 
0.9706079 
0.9730771 
0.9717387 
0.9745912 
0.9739785 
0.9721601 
0.9691550 
0.9708734 
0.9724312 
0.9713358 
0.9667295 
0.9691788 
0.9689958 
0.9683978 
0.9677239 
0.9687173 
0.9649472 
0.9642113 
0.9626653 
0.9623533 
0.9666199 
0.9635341 
0.9614525 
0.9616633 
0.9559648 
0.9557087 
0.9569316 
0.9563953 
0.9591825 
0.9564676 
0.9553732 
0.9553034 
0.9589837 
0.9598017 
0.9562695 
0.9557044 
0.9574715 
0.9567833 
0.9529310 
0.9528114 
0.9524874 
0.9521029 
0.9500766 
0.9472435 
0.9447824 
0.9449174 
0.9417172 
0.9413001 
0.9456388 
0.9481664 
0.9483790 
0.9498819 
0.9455724 
0.9467227 
0.9455503 
0.9458742 
0.9460771 
0.9455414 
0.9472657 
0.9430273 
0.9442315 
0.9440071 
0.9378112 
0.9377384 
0.9422065 
0.9434633 
0.9433833 
0.9413332 
0.9457406 
0.9453466 
0.9449666 
0.9434493 
0.9426052 
0.9446031 
0.9425938 
0.9439223 
0.9400573 
0.9363807 
0.9373573 
0.9336124 
0.9354134 
0.9375138 
0.9419674 
0.9393412 
0.9378034 
0.9364440 
0.9319053 
0.9349456 
0.9377932 
0.9340121 
0.9349391 
0.9352161 
0.9375930 
0.9373990 
0.9419938 
0.9362323 
0.9377933 
0.9367553 
0.9357391 
0.9304678 
0.9362159 
0.9367222 
0.9374572 
0.9395344 
0.9411830 
0.9384295 
0.9357915 
0.9327390 
0.9342644 
0.9344727 
0.9354414 
0.9331341 
0.9335625 
0.9335984 
0.9321608 
0.9298344 
0.9303297 
0.9362394 
0.9369428 
0.9400284 
0.9368262 
0.9383210 
0.9353139 
0.9335354 
0.9343770 
0.9317256 
0.9339441 
0.9301164 
0.9271873 
0.9276249 
0.9257087 
0.9233400 
0.9271162 
0.9250089 
0.9259849 
0.9248561 
0.9241372 
0.9259069 
0.9232346 
0.9210914 
0.9218124 
0.9223594 
0.9220781 
0.9242051 
0.9243525 
0.9257742 
0.9247768 
0.9246330 
0.9216503 
0.9138478 
0.9126832 
0.9106381 
0.9033007 
0.9080548 
0.9048793 
0.9074267 
0.9052460 
0.9065157 
0.9077451 
0.9076399 
0.9027286 
0.9050935 
0.9087321 
0.9106940 
0.9043715 
0.9041360 
0.9022788 
0.9044464 
0.9025898 
0.8981024 
0.8980313 
0.8999545 
0.8928607 
0.8915085 
0.8899910 
0.8897248 
0.8865280 
0.8893755 
0.8852691 
0.8823602 
0.8830449 
0.8817031 
0.8832471 
0.8840411 
0.8819960 
0.8777978 
0.8755331 
0.8760281 
0.8797852 
0.8745608 
0.8719998 
0.8730844 
0.8690287 
0.8667608 
0.8701300 
0.8696004 
0.8681013 
0.8649714 
0.8679835 
0.8664545 
0.8679057 
0.8698310 
0.8703464 
0.8703058 
0.8708054 
0.8653002 
0.8638687 
0.8662707 
0.8615321 
0.8647565 
0.8599147 
0.8539700 
0.8553770 
0.8551912 
0.8545597 
0.8490301 
0.8501172 
0.8504774 
0.8420840 
0.8446545 
0.8437834 
0.8445059 
0.8491758 
0.8493760 
0.8454995 
0.8487754 
0.8471278 
0.8449521 
0.8436225 
0.8438091 
0.8408575 
0.8416303 
0.8400286 
0.8378259 
0.8358608 
0.8346763 
0.8360485 
0.8366893 
0.8351804 
0.8337787 
0.8333699 
0.8309800 
0.8328749 
0.8308427 
0.8336822 
0.8334296 
0.8356503 
0.8344264 
0.8296056 
0.8289290 
0.8317934 
0.8308172 
0.8309610 
0.8264682 
0.8236877 
0.8254881 
0.8216569 
0.8218980 
0.8200419 
0.8215393 
0.8181936 
0.8151485 
0.8142180 
0.8118856 
0.8113600 
0.8154744 
0.8174676 
0.8133363 
0.8121458 
0.8110811 
0.8113119 
0.8093864 
0.8112948 
0.8117135 
0.8097500 
0.8080010 
0.8073691 
0.8122334 
0.8105747 
0.8072481 
0.8051163 
0.8083767 
0.8105409 
0.8078497 
0.8058596 
0.8032415 
0.8018779 
0.8017310 
0.8033037 
0.8017677 
0.7993581 
0.8018101 
0.7983053 
0.7991011 
0.7966765 
0.7940120 
0.7936859 
0.7910096 
0.7903449 
0.7885991 
0.7861535 
0.7832318 
0.7830687 
0.7819080 
0.7876524 
0.7855060 
0.7875165 
0.7859520 
0.7794707 
0.7799811 
0.7765528 
0.7774156 
0.7766666 
0.7796328 
0.7778153 
0.7763234 
0.7753325 
0.7731717 
0.7754527 
0.7746528 
0.7742322 
0.7714432 
0.7693302 
0.7705610 
0.7718878 
0.7678543 
0.7643679 
0.7621862 
0.7600564 
0.7608503 
0.7632627 
0.7641688 
0.7597889 
0.7610824 
0.7583646 
0.7548661 
0.7523706 
0.7522653 
0.7520692 
0.7545731 
0.7552733 
0.7531882 
0.7547811 
0.7546114 
0.7532394 
0.7537440 
0.7449358 
0.7428744 
0.7465931 
0.7507506 
0.7472275 
0.7421642 
0.7410659 
0.7377299 
0.7373201 
0.7373036 
0.7400350 
0.7391551 
0.7430473 
0.7343885 
0.7379684 
0.7362884 
0.7364056 
0.7378400 
0.7344493 
0.7319138 
0.7327683 
0.7331107 
0.7310348 
0.7330352 
0.7333634 
0.7344364 
0.7362989 
0.7362594 
0.7382978 
0.7405206 
0.7396345 
0.7369468 
0.7394594 
0.7380200 
0.7355338 
0.7349921 
0.7359043 
0.7399729 
0.7438238 
0.7423505 
0.7367629 
0.7353358 
0.7337325 
0.7357827 
0.7354462 
0.7347522 
0.7304295 
0.7289038 
0.7317063 
0.7349201 
0.7307840 
0.7327197 
0.7286443 
0.7294236 
0.7272429 
0.7240934 
0.7200706 
0.7190418 
0.7207273 
0.7195155 
0.7179740 
0.7190378 
0.7175973 
0.7143128 
0.7123686 
0.7100163 
0.7099798 
0.7077501 
0.7079053 
0.7115592 
0.7089627 
0.7059114 
0.7031373 
0.7043956 
0.7019588 
0.6995135 
0.6960075 
0.7000104 
0.7003759 
0.6980236 
0.6965710 
0.6939480 
0.6955922 
0.6947669 
0.6936026 
0.6933620 
0.6949225 
0.6945160 
0.6946295 
0.6896828 
0.6922485 
0.6924480 
0.6904180 
0.6885113 
0.6876646 
0.6827869 
0.6849033 
0.6843546 
0.6826904 
0.6860600 
0.6909284 
0.6919822 
0.6893926 
0.6888660 
0.6876336 
0.6876490 
0.6863484 
0.6839357 
0.6832930 
0.6829100 
0.6805187 
0.6839379 
0.6838430 
0.6818964 
0.6817255 
0.6805832 
0.6789382 
0.6789255 
0.6802104 
0.6763884 
0.6783966 
0.6841405 
0.6771948 
0.6694158 
0.6711462 
0.6722980 
0.6693673 
0.6697035 
0.6684952 
0.6712679 
0.6699579 
0.6713511 
0.6708979 
0.6729483 
0.6693469 
0.6725304 
0.6683157 
0.6677924 
0.6680435 
0.6651408 
0.6681460 
0.6688868 
0.6624204 
0.6630734 
0.6611100 
0.6617644 
0.6555346 
0.6581056 
0.6612300 
0.6567236 
0.6563048 
0.6549727 
0.6539434 
0.6504108 
0.6518324 
0.6480834 
0.6462477 
0.6476445 
0.6518645 
0.6467474 
0.6487826 
0.6484414 
0.6464632 
0.6488183 
0.6417420 
0.6399118 
0.6417905 
0.6403277 
0.6401132 
0.6392084 
0.6418407 
0.6405091 
0.6416353 
0.6383701 
0.6448084 
0.6459451 
0.6413943 
0.6363333 
0.6361202 
0.6361386 
0.6411609 
0.6377320 
0.6339881 
0.6306990 
0.6320485 
0.6329347 
0.6331356 
0.6327601 
0.6343449 
0.6365232 
0.6344078 
0.6338996 
0.6340240 
0.6365227 
0.6321610 
0.6330723 
0.6304545 
0.6302362 
0.6276547 
0.6238597 
0.6210004 
0.6175783 
0.6095881 
0.6120878 
0.6205959 
0.6213833 
0.6189816 
0.6163335 
0.6179934 
0.6136949 
0.6162936 
0.6174001 
0.6143845 
0.6158551 
0.6152632 
0.6178564 
0.6130191 
0.6148872 
0.6130235 
0.6102737 
0.6099685 
0.6119758 
0.6106333 
0.6077476 
0.6070622 
0.6077432 
0.6111774 
0.6074063 
0.6070186 
0.6067351 
0.6101953 
0.6069605 
0.6078695 
0.6083655 
0.6107311 
0.6065726 
0.6074027 
0.6049384 
0.6032322 
0.6010384 
0.5997485 
0.5963427 
0.5929661 
0.5883781 
0.5896078 
0.5940276 
0.5908172 
0.5928310 
0.5884220 
0.5927540 
0.5909166 
0.5910074 
0.5901652 
0.5851309 
0.5912203 
0.5916084 
0.5882646 
0.5906298 
0.5845091 
0.5888853 
0.5844023 
0.5882694 
0.5853503 
0.5826513 
0.5799889 
0.5770991 
0.5806200 
0.5799510 
0.5760951 
0.5795654 
0.5777236 
0.5750895 
0.5755615 
0.5742287 
0.5737147 
0.5744067 
0.5749152 
0.5749843 
0.5703922 
0.5731779 
0.5706352 
0.5719093 
0.5708105 
0.5715393 
0.5678148 
0.5697104 
0.5673665 
0.5701404 
0.5657694 
0.5650097 
0.5646189 
0.5612770 
0.5597378 
0.5610424 
0.5595886 
0.5577811 
0.5610988 
0.5633235 
0.5649135 
0.5666102 
0.5607348 
0.5624124 
0.5515173 
0.5574439 
0.5518491 
0.5571186 
0.5565674 
0.5610928 
0.5564880 
0.5576768 
0.5550374 
0.5538343 
0.5545617 
0.5506328 
0.5509765 
0.5510328 
0.5497033 
0.5455627 
0.5436066 
0.5401961 
0.5411178 
0.5423128 
0.5379530 
0.5409067 
0.5385642 
0.5374279 
0.5324837 
0.5352949 
0.5357108 
0.5352521 
0.5342965 
0.5348569 
0.5377516 
0.5382553 
0.5353895 
0.5356692 
0.5360966 
0.5383988 
0.5369774 
0.5359991 
0.5377169 
0.5353479 
0.5358382 
0.5360111 
0.5352626 
0.5371673 
0.5363024 
0.5311977 
0.5283227 
0.5342233 
0.5345473 
0.5326228 
0.5323082 
0.5330150 
0.5323435 
0.5308430 
0.5330842 
0.5336149 
0.5367379 
0.5288401 
0.5271803 
0.5248954 
0.5196882 
0.5259515 
0.5220140 
0.5244211 
0.5184002 
0.5201249 
0.5192382 
0.5190107 
0.5237391 
0.5198796 
0.5161648 
0.5175576 
0.5175056 
0.5145612 
0.5120604 
0.5069410 
0.5084619 
0.5119260 
0.5152247 
0.5127082 
0.5117246 
0.5097943 
0.5064868 
0.5087489 
0.5093315 
0.5056894 
0.5043621 
0.5035860 
0.5038402 
0.5023306 
0.5024372 
0.4987897 
0.4979923 
0.4995841 
0.4996803 
0.5036315 
0.5047647 
0.5009744 
0.5018780 
0.5005024 
0.4978803 
0.4957937 
0.4955377 
0.4972012 
0.4954195 
0.4963348 
0.4918471 
0.4959138 
0.4916397 
0.4924549 
0.4934546 
0.4917290 
0.4948925 
0.4914583 
0.4893568 
0.4883490 
0.4876518 
0.4924153 
0.4932565 
0.4885060 
0.4912234 
0.4870115 
0.4869732 
0.4867376 
0.4881299 
0.4849382 
0.4798147 
0.4854186 
0.4884123 
0.4840713 
0.4855945 
0.4822100 
0.4829877 
0.4803776 
0.4844123 
0.4840406 
0.4796547 
0.4767982 
0.4760221 
0.4758929 
0.4785815 
0.4758258 
0.4736565 
0.4713973 
0.4724027 
0.4779420 
0.4746165 
0.4753967 
0.4758215 
0.4751313 
0.4756445 
0.4744624 
0.4734245 
0.4733615 
0.4713891 
0.4696315 
0.4661570 
0.4659262 
0.4661477 
0.4656643 
0.4661008 
0.4612496 
0.4615883 
0.4643567 
0.4657395 
0.4635103 
0.4648849 
0.4633210 
0.4641798 
0.4637902 
0.4626512 
0.4574420 
0.4586236 
0.4607722 
0.4582779 
0.4576400 
0.4544757 
0.4549667 
0.4538870 
0.4518704 
0.4509962 
0.4530981 
0.4507228 
0.4478797 
0.4508376 
0.4519207 
0.4511638 
0.4531301 
0.4484031 
0.4508751 
0.4496705 
0.4506909 
0.4499564 
0.4462512 
0.4453152 
0.4462999 
0.4466202 
0.4457225 
0.4434264 
0.4416897 
0.4395984 
0.4405507 
0.4396473 
0.4403379 
0.4369326 
0.4363947 
0.4435952 
0.4449991 
0.4457417 
0.4478905 
0.4462176 
0.4467964 
0.4423309 
0.4434380 
0.4409077 
0.4409614 
0.4383465 
0.4375592 
0.4384063 
0.4386141 
0.4334404 
0.4342340 
0.4382616 
0.4366738 
0.4305334 
0.4299364 
0.4305050 
0.4257728 
0.4243200 
0.4221154 
0.4215541 
0.4246890 
0.4260670 
0.4274963 
0.4256882 
0.4284009 
0.4265558 
0.4265731 
0.4247797 
0.4242179 
0.4245327 
0.4237600 
0.4221623 
0.4251791 
0.4243928 
0.4249157 
0.4215675 
0.4184851 
0.4238444 
0.4232068 
0.4251859 
0.4198369 
0.4203248 
0.4182745 
0.4189150 
0.4201504 
0.4107881 
0.4099665 
0.4127324 
0.4148622 
0.4164617 
0.4120711 
0.4146199 
0.4131912 
0.4098056 
0.4075351 
0.4091760 
0.4097317 
0.4065020 
0.4109224 
0.4114928 
0.4098094 
0.4063930 
0.3999797 
0.4016753 
0.4097405 
0.4087108 
0.4057221 
0.4032603 
0.4030548 
0.4033748 
0.3986481 
0.3932529 
0.3984645 
0.3916616 
0.3962183 
0.3917565 
0.3987125 
0.4014675 
0.4002091 
0.3978083 
0.3982002 
0.3995861 
0.3943410 
0.3893228 
0.3905635 
0.3929949 
0.3926376 
0.3903367 
0.3877663 
0.3877109 
0.3856483 
0.3849856 
0.3940843 
0.3901311 
0.3898961 
0.3869810 
0.3882995 
0.3847969 
0.3866360 
0.3862951 
0.3857475 
0.3872058 
0.3864528 
0.3822121 
0.3807150 
0.3851535 
0.3849971 
0.3838161 
0.3832745 
0.3793461 
0.3746825 
0.3740725 
0.3745954 
0.3748521 
0.3744425 
0.3744679 
0.3743847 
0.3711102 
0.3724573 
0.3729828 
0.3698528 
0.3688058 
0.3700372 
0.3660512 
0.3704683 
0.3676082 
0.3657135 
0.3658538 
0.3638940 
0.3662416 
0.3687051 
0.3636844 
0.3696354 
0.3729890 
0.3743226 
0.3742746 
0.3746726 
0.3716734 
0.3706670 
0.3695898 
0.3659949 
0.3632775 
0.3629479 
0.3648330 
0.3637837 
0.3622355 
0.3626565 
0.3598110 
0.3595907 
0.3580418 
0.3596362 
0.3608426 
0.3580787 
0.3565757 
0.3547516 
0.3564424 
0.3584419 
0.3570603 
0.3555406 
0.3563733 
0.3569453 
0.3547783 
0.3521764 
0.3518536 
0.3516798 
0.3535850 
0.3531183 
0.3556342 
0.3536088 
0.3516119 
0.3497030 
0.3514539 
0.3491174 
0.3525593 
0.3519160 
0.3537044 
0.3544022 
0.3469870 
0.3457581 
0.3450247 
0.3485391 
0.3435489 
0.3429075 
0.3422839 
0.3391085 
0.3455726 
0.3430240 
0.3403619 
0.3410199 
0.3387574 
0.3387876 
0.3368218 
0.3351190 
0.3330463 
0.3379161 
0.3355135 
0.3367220 
0.3339580 
0.3349082 
0.3369747 
0.3363724 
0.3375903 
0.3376405 
0.3379628 
0.3364490 
0.3375498 
0.3365988 
0.3364929 
0.3360172 
0.3341778 
0.3349554 
0.3326647 
0.3337120 
0.3325469 
0.3295693 
0.3301391 
0.3307291 
0.3295247 
0.3303625 
0.3287129 
0.3275985 
0.3278617 
0.3270841 
0.3287243 
0.3289665 
0.3297527 
0.3331278 
0.3295324 
0.3263309 
0.3280703 
0.3281246 
0.3258478 
0.3242531 
0.3246100 
0.3243724 
0.3241593 
0.3216391 
0.3235882 
0.3228834 
0.3224348 
0.3223561 
0.3189515 
0.3183726 
0.3186018 
0.3187479 
0.3212793 
0.3160384 
0.3117675 
0.3121815 
0.3155329 
0.3150106 
0.3156514 
0.3161790 
0.3145797 
0.3149401 
0.3107356 
0.3081022 
0.3093022 
0.3114611 
0.3019638 
0.3037208 
0.3038704 
0.3067382 
0.3039596 
0.3053565 
0.3055755 
0.3006467 
0.3016816 
0.3009929 
0.3020128 
0.3009342 
0.3009863 
0.2973072 
0.2979582 
0.2940998 
0.2952991 
0.3040025 
0.3075684 
0.3073707 
0.3057709 
0.3018357 
0.3007675 
0.3001229 
0.2990047 
0.2984757 
0.2973097 
0.2993166 
0.2970137 
0.3010039 
0.2964879 
0.2945720 
0.2953860 
0.2946235 
0.2955232 
0.2945066 
0.2942476 
0.2964288 
0.2914142 
0.2927311 
0.2894881 
0.2875440 
0.2859006 
0.2899711 
0.2854863 
0.2840781 
0.2846219 
0.2877938 
0.2880453 
0.2859149 
0.2834068 
0.2833777 
0.2839091 
0.2877861 
0.2827939 
0.2866865 
0.2852887 
0.2799243 
0.2801350 
0.2816029 
0.2825782 
0.2760754 
0.2816696 
0.2840908 
0.2827074 
0.2818852 
0.2811453 
0.2770418 
0.2718781 
0.2747708 
0.2808844 
0.2795597 
0.2755707 
0.2682303 
0.2716050 
0.2703699 
0.2746784 
0.2701824 
0.2676445 
0.2711704 
0.2736692 
0.2730396 
0.2706878 
0.2686767 
0.2677518 
0.2709688 
0.2665332 
0.2674808 
0.2677279 
0.2673793 
0.2682216 
0.2648731 
0.2645374 
0.2628113 
0.2656645 
0.2598258 
0.2610810 
0.2633021 
0.2612345 
0.2580262 
0.2573943 
0.2599689 
0.2611499 
0.2573756 
0.2560633 
0.2556801 
0.2554057 
0.2541524 
0.2563872 
0.2601703 
0.2614391 
0.2579773 
0.2573544 
0.2609271 
0.2602181 
0.2580150 
0.2573980 
0.2571855 
0.2556875 
0.2524792 
0.2548487 
0.2527249 
0.2518030 
0.2519508 
0.2520615 
0.2518829 
0.2537727 
0.2556083 
0.2540134 
0.2533332 
0.2559716 
0.2545815 
0.2530326 
0.2524664 
0.2534883 
0.2486439 
0.2500127 
0.2538238 
0.2538509 
0.2531798 
0.2545837 
0.2507222 
0.2474513 
0.2467812 
0.2466205 
0.2476006 
0.2499054 
0.2499260 
0.2511818 
0.2511927 
0.2478744 
0.2474806 
0.2432497 
0.2405254 
0.2360718 
0.2357743 
0.2324517 
0.2273937 
0.2292410 
0.2280134 
0.2291579 
0.2287213 
0.2280723 
0.2262521 
0.2337656 
0.2378210 
0.2376252 
0.2390370 
0.2367507 
0.2385801 
0.2385623 
0.2335997 
0.2366177 
0.2314841 
0.2319690 
0.2301100 
0.2247282 
0.2254256 
0.2252184 
0.2234488 
0.2206725 
0.2191770 
0.2234520 
0.2210660 
0.2234931 
0.2228459 
0.2232775 
0.2190503 
0.2196480 
0.2170602 
0.2149510 
0.2157418 
0.2156496 
0.2134704 
0.2123146 
0.2122646 
0.2153244 
0.2143418 
0.2131954 
0.2134734 
0.2125677 
0.2118886 
0.2125484 
0.2119157 
0.2123886 
0.2113837 
0.2107598 
0.2094894 
0.2081357 
0.2079987 
0.2076760 
0.2052991 
0.2050078 
0.2034146 
0.2022276 
0.2038571 
0.2066867 
0.2053069 
0.2060383 
0.2051163 
0.2053682 
0.2056517 
0.2088346 
0.2101879 
0.2140811 
0.2111472 
0.2082522 
0.2079392 
0.2048057 
0.2056883 
0.2042729 
0.2038971 
0.2047738 
0.2001689 
0.1983154 
0.2000402 
0.1989767 
0.1993452 
0.1980594 
0.1936023 
0.1974390 
0.2000781 
0.1948288 
0.1928986 
0.1953761 
0.1956742 
0.1947195 
0.1938594 
0.1904541 
0.1914588 
0.1954921 
0.1959169 
0.1923760 
0.1903011 
0.1938159 
0.1911821 
0.1878435 
0.1844668 
0.1846502 
0.1901102 
0.1876430 
0.1846068 
0.1836728 
0.1847774 
0.1797864 
0.1806106 
0.1857924 
0.1868373 
0.1857591 
0.1867405 
0.1849573 
0.1813907 
0.1810341 
0.1837828 
0.1849747 
0.1838133 
0.1825845 
0.1813410 
0.1802355 
0.1771753 
0.1772557 
0.1786878 
0.1753467 
0.1769477 
0.1752577 
0.1734425 
0.1729815 
0.1703127 
0.1731580 
0.1743681 
0.1737643 
0.1705073 
0.1736696 
0.1735587 
0.1658516 
0.1690756 
0.1676302 
0.1685039 
0.1705733 
0.1667188 
0.1672076 
0.1691424 
0.1727894 
0.1735551 
0.1674861 
0.1645307 
0.1666873 
0.1716339 
0.1694269 
0.1682335 
0.1669763 
0.1648482 
0.1616003 
0.1615884 
0.1701647 
0.1678661 
0.1667493 
0.1680362 
0.1661768 
0.1614545 
0.1656034 
0.1619163 
0.1607591 
0.1635606 
0.1603446 
0.1599098 
0.1605591 
0.1622632 
0.1622874 
0.1585058 
0.1607859 
0.1594089 
0.1613033 
0.1609407 
0.1631976 
0.1624211 
0.1615672 
0.1563828 
0.1583413 
0.1579693 
0.1573443 
0.1609597 
0.1586350 
0.1596452 
0.1585974 
0.1541228 
0.1543623 
0.1555916 
0.1575249 
0.1584379 
0.1568639 
0.1568614 
0.1538032 
0.1533757 
0.1555708 
0.1557017 
0.1555745 
0.1575917 
0.1536440 
0.1523782 
0.1528704 
0.1527465 
0.1551378 
0.1551682 
0.1567366 
0.1545276 
0.1543485 
0.1554385 
0.1568526 
0.1563030 
0.1514215 
0.1502388 
0.1497988 
0.1495063 
0.1481450 
0.1461984 
0.1454899 
0.1433214 
0.1425558 
0.1457147 
0.1468271 
0.1446827 
0.1432814 
0.1455882 
0.1481829 
0.1483198 
0.1479940 
0.1460397 
0.1414476 
0.1408104 
0.1375937 
0.1401789 
0.1406593 
0.1403458 
0.1399147 
0.1378214 
0.1362991 
0.1374150 
0.1377229 
0.1403524 
0.1395301 
0.1375466 
0.1349981 
0.1366869 
0.1372789 
0.1350556 
0.1360592 
0.1353307 
0.1362827 
0.1341599 
0.1346955 
0.1321786 
0.1303042 
0.1302958 
0.1311897 
0.1306026 
0.1288782 
0.1296351 
0.1320105 
0.1275198 
0.1290654 
0.1336001 
0.1305350 
0.1313816 
0.1253621 
0.1264324 
0.1272101 
0.1245668 
0.1266451 
0.1236330 
0.1246160 
0.1252283 
0.1239248 
0.1208818 
0.1199567 
0.1213697 
0.1191336 
0.1199322 
0.1174455 
0.1165269 
0.1183745 
0.1191065 
0.1203979 
0.1194189 
0.1174735 
0.1172322 
0.1151870 
0.1149412 
0.1152360 
0.1177110 
0.1159643 
0.1152504 
0.1148921 
0.1135825 
0.1108022 
0.1133493 
0.1139872 
0.1110159 
0.1140315 
0.1166473 
0.1168880 
0.1194598 
0.1195832 
0.1156877 
0.1148296 
0.1178886 
0.1142728 
0.1121258 
0.1144068 
0.1141145 
0.1143844 
0.1108569 
0.1133480 
0.1126114 
0.1105935 
0.1036643 
0.1047312 
0.1086698 
0.1065921 
0.1060049 
0.1027311 
0.1000810 
0.0999181 
0.1009721 
0.1027437 
0.1015871 
0.0909980 
0.0926338 
0.0949316 
0.0988875 
0.0948404 
0.0914842 
0.0928185 
0.0921566 
0.0916075 
0.0862941 
0.0878598 
0.0915990 
0.0908242 
0.0895612 
0.0868674 
0.0915335 
0.0911488 
0.0934971 
0.0892064 
0.0878824 
0.0867717 
0.0906686 
0.0891363 
0.0879545 
0.0917074 
0.0940061 
0.0977059 
0.0988356 
0.0957050 
0.0976132 
0.0976396 
0.0972860 
0.0948069 
0.0945925 
0.0949515 
0.0950201 
0.0921087 
0.0899437 
0.0908024 
0.0897858 
0.0905121 
0.0905286 
0.0890521 
0.0867298 
0.0839744 
0.0855445 
0.0808612 
0.0813848 
0.0819161 
0.0820979 
0.0836929 
0.0833691 
0.0841159 
0.0854888 
0.0846081 
0.0877144 
0.0858830 
0.0886165 
0.0885557 
0.0895619 
0.0896188 
0.0917322 
0.0923945 
0.0924280 
0.0932290 
0.0929685 
0.0959861 
0.0928168 
0.0885770 
0.0850263 
0.0824989 
0.0823549 
0.0798712 
0.0778314 
0.0777280 
0.0789960 
0.0789781 
0.0814159 
0.0823455 
0.0795367 
0.0777176 
0.0757071 
0.0755474 
0.0751296 
0.0752589 
0.0759795 
0.0769495 
0.0765253 
0.0762166 
0.0752525 
0.0740037 
0.0747727 
0.0771377 
0.0753811 
0.0752830 
0.0773106 
0.0803834 
0.0742729 
0.0742360 
0.0764824 
0.0770467 
0.0733934 
0.0710933 
0.0727213 
0.0707102 
0.0674411 
0.0673057 
0.0697035 
0.0674867 
0.0691682 
0.0693718 
0.0678292 
0.0659749 
0.0655484 
0.0683983 
0.0674181 
0.0677693 
0.0668608 
0.0673177 
0.0669740 
0.0677173 
0.0656767 
0.0655132 
0.0665319 
0.0663182 
0.0670908 
0.0665349 
0.0657835 
0.0627769 
0.0604195 
0.0610585 
0.0596871 
0.0532304 
0.0541086 
0.0531243 
0.0535029 
0.0564423 
0.0551292 
0.0539938 
0.0566101 
0.0568877 
0.0549698 
0.0566053 
0.0594691 
0.0573121 
0.0543307 
0.0530563 
0.0558405 
0.0568440 
0.0581352 
0.0555962 
0.0585067 
0.0588436 
0.0560042 
0.0581488 
0.0565263 
0.0515572 
0.0587316 
0.0584297 
0.0549464 
0.0576192 
0.0560312 
0.0517874 
0.0546225 
0.0522181 
0.0521836 
0.0482408 
0.0430023 
0.0475201 
0.0482587 
0.0496716 
0.0491958 
0.0426085 
0.0415709 
0.0449219 
0.0395540 
0.0404723 
0.0452651 
0.0420359 
0.0411102 
0.0414603 
0.0369890 
0.0400093 
0.0405120 
0.0363989 
0.0339404 
0.0337069 
0.0340209 
0.0390435 
0.0366382 
0.0353694 
0.0363203 
0.0356731 
0.0349771 
0.0359987 
0.0352228 
0.0332227 
0.0344722 
0.0352915 
0.0333919 
0.0329758 
0.0332089 
0.0407250 
0.0395312 
0.0329014 
0.0356567 
0.0348878 
0.0338508 
0.0334991 
0.0325285 
0.0331245 
0.0296078 
0.0268759 
0.0283869 
0.0288565 
0.0293492 
0.0316690 
0.0304835 
0.0267760 
0.0246894 
0.0243742 
0.0218698 
0.0266781 
0.0282760 
0.0276858 
0.0279876 
0.0282363 
0.0281736 
0.0284741 
0.0255444 
0.0249015 
0.0257286 
0.0270643 
0.0253639 
0.0250498 
0.0257550 
0.0259268 
0.0238173 
0.0235214 
0.0232464 
0.0223972 
0.0223178 
0.0230489 
0.0222406 
0.0212534 
0.0198642 
0.0207798 
0.0176097 
0.0165703 
0.0185507 
0.0170789 
0.0161484 
0.0183627 
0.0171218 
0.0183915 
0.0192265 
0.0191777 
0.0170564 
0.0168942 
0.0167293 
0.0177892 
0.0136923 
0.0132129 
0.0130957 
0.0129097 
0.0112648 
0.0072917 
0.0105781 
0.0125600 
0.0114901 
0.0086113 
0.0084005 
0.0111366 
0.0089944 
0.0064060 
0.0054853 
0.0104068 
0.0100404 
0.0075003 
0.0060198 
0.0070078 
0.0094839 
0.0072295 
0.0042835 
0.0022631 
0.0038747 
0.0043735 
0.0027055 
0.0000000 
