-0.0000470 
0.0000510 
-0.0001332 
-0.1479694 
-0.2504127 
-0.4531396 
0.7212421 
0.7216815 
0.7382960 
0.7430176 
0.7372985 
0.7414337 
0.7287085 
0.7299259 
0.7270534 
0.7285927 
0.7184194 
0.7240648 
0.7044101 
0.6876541 
0.7107044 
0.7005383 
0.6937701 
0.6905324 
0.6905331 
0.6842823 
0.7161820 
0.7290386 
0.7306047 
0.7278438 
0.7233497 
0.7267934 
0.7243722 
0.7094946 
0.7239350 
0.7337135 
0.7268952 
0.7224109 
0.7305937 
0.7274716 
0.7343120 
0.7600318 
0.7315168 
0.7269689 
0.7471236 
0.7306157 
0.7213073 
0.7224394 
0.7214249 
0.7104416 
0.7035297 
0.7189558 
0.7058736 
0.7078213 
0.7078489 
0.7129423 
0.7115676 
0.6955336 
0.6958585 
0.7015687 
0.7004075 
0.6918096 
0.6851056 
0.7176497 
0.7019426 
0.6875822 
0.7022429 
0.6904848 
0.6866094 
0.6982031 
0.6977399 
0.6870377 
0.6796167 
0.6967172 
0.6986391 
0.6890124 
0.6778213 
0.6867931 
0.6914236 
0.6756647 
0.6848956 
0.6856246 
0.6734001 
0.6720361 
0.6734012 
0.6673314 
0.6871610 
0.6700461 
0.6640969 
0.6604809 
0.6626478 
0.6640321 
0.6638702 
0.6635496 
0.6575096 
0.6525845 
0.6533639 
0.6395075 
0.6367040 
0.6390299 
0.6349119 
0.6475914 
0.6342291 
0.6386327 
0.6410361 
0.6484419 
0.6521815 
0.6339789 
0.6560599 
0.6435649 
0.6278849 
0.6251472 
0.6405472 
0.6216231 
0.6358931 
0.6077031 
0.6254322 
0.6268564 
0.6152225 
0.6140830 
0.6105698 
0.6142935 
0.6025298 
0.6012835 
0.5921688 
0.5992429 
0.6134849 
0.6055352 
0.6089870 
0.6269531 
0.6197505 
0.6326550 
0.6278431 
0.6263939 
0.6196318 
0.6348991 
0.6399761 
0.6277142 
0.6412625 
0.6582560 
0.6538912 
0.6438863 
0.6561133 
0.6521688 
0.6624308 
0.6726120 
0.6872382 
0.7014934 
0.7050391 
0.7089812 
0.7113694 
0.7213930 
0.7128013 
0.7141010 
0.7192179 
0.7269637 
0.7322695 
0.7212460 
0.7115115 
0.7163394 
0.6971742 
0.6981002 
0.6981142 
0.6781604 
0.6838156 
0.6871388 
0.6750283 
0.6765990 
0.6890441 
0.6760398 
0.6720293 
0.6562391 
0.6510284 
0.6542545 
0.6567806 
0.6505001 
0.6486645 
0.6372316 
0.6386190 
0.6595805 
0.6611011 
0.6505608 
0.6595340 
0.6560849 
0.6674648 
0.6650676 
0.6637719 
0.6699589 
0.6817571 
0.6794357 
0.6785045 
0.6904692 
0.7025083 
0.6764354 
0.6673578 
0.6831891 
0.6702064 
0.6831972 
0.6854408 
0.6720294 
0.6705753 
0.6561109 
0.6661308 
0.6745356 
0.6672098 
0.6804327 
0.6873371 
0.6747164 
0.6856207 
0.6691902 
0.6748151 
0.6807153 
0.6866594 
0.6779537 
0.6971664 
0.7200674 
0.7136578 
0.7083322 
0.7165070 
0.7206271 
0.7345940 
0.7277953 
0.7333312 
0.7144860 
0.7342547 
0.7473215 
0.7401767 
0.7267796 
0.7234640 
0.7172889 
0.7142330 
0.7145073 
0.7018294 
0.7118970 
0.7125911 
0.7025199 
0.7039423 
0.7087499 
0.7284059 
0.7325823 
0.7198308 
0.7186771 
0.7343710 
0.7197476 
0.7236295 
0.7135851 
0.7087842 
0.7186071 
0.7184751 
0.7158812 
0.7195480 
0.7143127 
0.6988401 
0.6915878 
0.6914186 
0.6754210 
0.6584505 
0.6599643 
0.6628056 
0.6509495 
0.6643377 
0.6564587 
0.6804204 
0.6650683 
0.6752451 
0.6670105 
0.6714687 
0.6829083 
0.6732545 
0.6786381 
0.6941077 
0.7030142 
0.7102107 
0.7095471 
0.7106796 
0.7030301 
0.7007888 
0.7169198 
0.7224269 
0.7129757 
0.7164100 
0.7080176 
0.7223927 
0.6992071 
0.7000577 
0.6763983 
0.6938943 
0.6824014 
0.6578031 
0.6623322 
0.6526304 
0.6376115 
0.6411579 
0.6316669 
0.6331588 
0.6298027 
0.6397829 
0.6461036 
0.6448076 
0.6685724 
0.6685734 
0.6685914 
0.6683463 
0.6730612 
0.6707917 
0.6862755 
0.6877020 
0.6879607 
0.6864730 
0.6907407 
0.7062835 
0.7067738 
0.7235188 
0.7195253 
0.7349573 
0.7393223 
0.7490780 
0.7370456 
0.7549337 
0.7656290 
0.7670955 
0.7853677 
0.7820703 
0.7654491 
0.7747819 
0.7661543 
0.7694467 
0.7584482 
0.7535693 
0.7480547 
0.7340699 
0.7381774 
0.7320463 
0.7330914 
0.7432970 
0.7277214 
0.7268418 
0.7326893 
0.7231255 
0.7073204 
0.7274350 
0.7262956 
0.7336811 
0.7374165 
0.7361731 
0.7372846 
0.7363351 
0.7343708 
0.7095620 
0.7083323 
0.7087174 
0.7213602 
0.7295099 
0.7375229 
0.7176703 
0.7368655 
0.7228848 
0.7308385 
0.7266821 
0.7267472 
0.7184045 
0.7194908 
0.6998341 
0.6930858 
0.6859373 
0.6802220 
0.6889461 
0.7038488 
0.6986730 
0.6988522 
0.6828506 
0.6889523 
0.6978709 
0.7031294 
0.6989514 
0.6862447 
0.6918203 
0.7030095 
0.7193505 
0.7081454 
0.7142013 
0.7063288 
0.7075590 
0.7172819 
0.7047183 
0.6849936 
0.6979779 
0.6881368 
0.6860832 
0.6826269 
0.6945179 
0.6732332 
0.6406808 
0.6379732 
0.6378748 
0.6322093 
0.6456471 
0.6312268 
0.6409079 
0.6560908 
0.6519253 
0.6560649 
0.6427316 
0.6497363 
0.6741041 
0.6700019 
0.6873492 
0.6985190 
0.7064741 
0.7163639 
0.7121423 
0.7118877 
0.6976583 
0.6954596 
0.7024368 
0.7232107 
0.7071939 
0.7042650 
0.7051682 
0.7204733 
0.7041255 
0.7131130 
0.7212112 
0.7383549 
0.7437062 
0.7400383 
0.7373420 
0.7156877 
0.7175648 
0.7221254 
0.7321077 
0.7211250 
0.7279209 
0.7214999 
0.7315821 
0.7247986 
0.7193713 
0.7130961 
0.7117538 
0.7290388 
0.7365669 
0.7405809 
0.7330093 
0.7169584 
0.7379233 
0.7294139 
0.7281390 
0.7158326 
0.7091977 
0.7078874 
0.7048661 
0.6935830 
0.6869517 
0.6795130 
0.6802348 
0.6844054 
0.6587687 
0.6627595 
0.6594079 
0.6433408 
0.6314361 
0.6198774 
0.6399315 
0.6446461 
0.6175828 
0.6165183 
0.6204893 
0.6257720 
0.6205593 
0.6244074 
0.6208003 
0.6376380 
0.6625374 
0.6734628 
0.6959860 
0.6832496 
0.6763721 
0.6964510 
0.7048260 
0.7095948 
0.7068153 
0.6966692 
0.6884814 
0.6838875 
0.6888104 
0.6789662 
0.6820373 
0.6918645 
0.6874659 
0.7047155 
0.7097687 
0.7052053 
0.7114056 
0.7093926 
0.7204814 
0.7160997 
0.7293378 
0.7276627 
0.7204732 
0.7487991 
0.7606380 
0.7774541 
0.7583138 
0.7535354 
0.7204560 
0.7117153 
0.7219736 
0.7165493 
0.6992446 
0.6980117 
0.7037793 
0.6954384 
0.6821088 
0.6698460 
0.6451618 
0.6500005 
0.6377355 
0.6352167 
0.6252837 
0.6197819 
0.6419413 
0.6497085 
0.6505000 
0.6343757 
0.6492297 
0.6639963 
0.6685529 
0.6618742 
0.6510358 
0.6588268 
0.6496750 
0.6330934 
0.6403269 
0.6435781 
0.6312527 
0.6303574 
0.6500928 
0.6397701 
0.6507696 
0.6636256 
0.6971692 
0.6908593 
0.6924395 
0.6863064 
0.6958970 
0.6905522 
0.6974442 
0.7008162 
0.7172149 
0.7229970 
0.7342286 
0.7233866 
0.7237391 
0.7145056 
0.7230950 
0.7191920 
0.7397489 
0.7502488 
0.7521544 
0.7510062 
0.7450905 
0.7455120 
0.7437027 
0.7290158 
0.7249030 
0.7110276 
0.6871347 
0.6417812 
0.6408979 
0.6386804 
0.6468623 
0.6411344 
0.6436226 
0.6526927 
0.6558263 
0.6473016 
0.6632851 
0.6687784 
0.6827549 
0.7079582 
0.7023199 
0.7076353 
0.7016771 
0.7132665 
0.7158873 
0.7102799 
0.7081738 
0.7139339 
0.7158946 
0.7327783 
0.7272331 
0.7176790 
0.6936958 
0.7025001 
0.7038586 
0.6988270 
0.7153555 
0.7068447 
0.7116735 
0.7191856 
0.7130802 
0.7163616 
0.7323904 
0.7126250 
0.7139616 
0.7046358 
0.6938214 
0.6935743 
0.6757928 
0.6673090 
0.6577267 
0.6462322 
0.6473499 
0.6442621 
0.6314264 
0.6512119 
0.6408560 
0.6436395 
0.6474249 
0.6576427 
0.6621289 
0.6634251 
0.6510286 
0.6464364 
0.6731363 
0.6910922 
0.7087123 
0.7062961 
0.7043247 
0.7254456 
0.7376948 
0.7397392 
0.7529837 
0.7551780 
0.7614677 
0.7628093 
0.7666585 
0.7642052 
0.7616019 
0.7671674 
0.7630598 
0.7768873 
0.7735693 
0.7871530 
0.7899100 
0.7865293 
0.7955279 
0.7839829 
0.7726855 
0.7566031 
0.7366882 
0.7072456 
0.7092064 
0.7012549 
0.7152067 
0.7382657 
0.7398603 
0.7129631 
0.6973550 
0.7019595 
0.6978784 
0.7232027 
0.7466865 
0.7509879 
0.7590705 
0.7559787 
0.7595236 
0.7642373 
0.7640666 
0.7263102 
0.7205135 
0.7194392 
0.7129847 
0.7007007 
0.6912372 
0.6864430 
0.6896877 
0.6844984 
0.6706765 
0.6675644 
0.6679162 
0.6704306 
0.6838626 
0.6773229 
0.6616425 
0.6802302 
0.6766141 
0.6817070 
0.6782582 
0.6511509 
0.6601755 
0.6587565 
0.6396125 
0.6263832 
0.6429900 
0.6382379 
0.6259810 
0.6287855 
0.6229831 
0.6202158 
0.6280949 
0.6184051 
0.6416654 
0.6835309 
0.6946015 
0.6907348 
0.6848861 
0.6907249 
0.6859337 
0.6992701 
0.7115334 
0.7101729 
0.7179433 
0.7023831 
0.7279599 
0.7253104 
0.7146940 
0.7143229 
0.7182362 
0.7058269 
0.6727361 
0.6933670 
0.6761476 
0.6512836 
0.6260319 
0.6174002 
0.5964649 
0.5999120 
0.6085425 
0.6152065 
0.6080899 
0.6017858 
0.6418056 
0.6433468 
0.6429108 
0.6396035 
0.6272921 
0.6322938 
0.6246367 
0.6169533 
0.6382879 
0.6449111 
0.6442955 
0.6525809 
0.6662380 
0.6560566 
0.6787299 
0.6949677 
0.7305543 
0.7311962 
0.7278703 
0.7361881 
0.7333331 
0.7147756 
0.6996286 
0.6998621 
0.6981538 
0.6627505 
0.6334071 
0.6364570 
0.6274723 
0.6263503 
0.6136762 
0.6284639 
0.6363468 
0.6596815 
0.6856386 
0.6919616 
0.6962976 
0.7040614 
0.6936306 
0.7075644 
0.7077189 
0.7001213 
0.6941672 
0.6710757 
0.6673252 
0.6522108 
0.6613305 
0.6602272 
0.6592257 
0.6368095 
0.6334022 
0.6204656 
0.6309099 
0.6205363 
0.6191317 
0.5947245 
0.6005889 
0.6153379 
0.5974471 
0.5922209 
0.5804542 
0.5968404 
0.5968519 
0.5875232 
0.6110602 
0.6212407 
0.6071102 
0.6233690 
0.6698292 
0.6997343 
0.6920907 
0.6808100 
0.6915064 
0.6817062 
0.6824769 
0.6869346 
0.6819839 
0.6918450 
0.6911328 
0.6755025 
0.6835358 
0.6583486 
0.6346080 
0.6122609 
0.5995990 
0.5620337 
0.5588211 
0.5793152 
0.6028925 
0.5920214 
0.5962971 
0.5915430 
0.5780752 
0.5850881 
0.6032594 
0.5776136 
0.5670827 
0.5741462 
0.5601863 
0.5761244 
0.5607686 
0.5696073 
0.5883674 
0.6101707 
0.6271639 
0.6374780 
0.6467335 
0.6454198 
0.6505272 
0.6441842 
0.6448584 
0.6525731 
0.6241919 
0.6086041 
0.6058601 
0.6126880 
0.6031269 
0.5898397 
0.5908689 
0.5907335 
0.5672540 
0.6052229 
0.6172369 
0.6304022 
0.6193249 
0.6171750 
0.6118253 
0.5988913 
0.5774651 
0.5748356 
0.5747382 
0.5736778 
0.5640109 
0.5754566 
0.5854538 
0.5929847 
0.5895804 
0.5890605 
0.6063400 
0.6150875 
0.6151700 
0.6212914 
0.5726509 
0.5822195 
0.5766325 
0.5817058 
0.5777221 
0.5762802 
0.5833658 
0.5870562 
0.6225434 
0.6548768 
0.6517645 
0.6417445 
0.6494945 
0.6397385 
0.6445276 
0.6310699 
0.6412291 
0.6475372 
0.6527717 
0.6526271 
0.6546758 
0.6478981 
0.6522980 
0.6388430 
0.6376827 
0.6408485 
0.6316333 
0.6144162 
0.5936525 
0.5743031 
0.5563398 
0.5589558 
0.5739905 
0.5801982 
0.5959013 
0.5915742 
0.6022674 
0.6008395 
0.7059479 
0.7286318 
0.7351249 
0.7115648 
0.7245960 
0.7148345 
0.7058887 
0.6899922 
0.6896053 
0.6877158 
0.6820564 
0.6887724 
0.7147648 
0.7082066 
0.6936175 
0.6971270 
0.7197890 
0.7023779 
0.6927008 
0.6677536 
0.6290045 
0.6339385 
0.6057958 
0.5925015 
0.5992855 
0.6039077 
0.6063430 
0.6212680 
0.6144297 
0.6149734 
0.6224194 
0.6476011 
0.6811499 
0.6912831 
0.7083483 
0.6934049 
0.6950792 
0.6894483 
0.6955109 
0.6907773 
0.6996110 
0.6843873 
0.6766365 
0.6663329 
0.6733872 
0.6789192 
0.6777758 
0.6739243 
0.6613615 
0.6488117 
0.6328349 
0.6115487 
0.6356816 
0.6183833 
0.6032293 
0.5957640 
0.5940895 
0.6077013 
0.6175200 
0.6466649 
0.6576829 
0.6504128 
0.6474249 
0.6651531 
0.6514362 
0.6393012 
0.6412490 
0.6378060 
0.6263870 
0.6364679 
0.6457468 
0.6467411 
0.6318110 
0.6467781 
0.6501534 
0.6479138 
0.6529558 
0.6628698 
0.6496409 
0.6362610 
0.6405500 
0.6097408 
0.5903379 
0.5978278 
0.5927438 
0.5993705 
0.6301072 
0.6237494 
0.6318270 
0.6305905 
0.6404962 
0.6601744 
0.6632916 
0.6473594 
0.6783156 
0.6944465 
0.6890193 
0.6845578 
0.6821961 
0.6689881 
0.6582890 
0.6701880 
0.6727076 
0.6814431 
0.6864748 
0.6810634 
0.6815963 
0.6928372 
0.6793963 
0.6871238 
0.6668987 
0.6670284 
0.6593828 
0.6615436 
0.6622001 
0.6596962 
0.6464691 
0.6363754 
0.6193963 
0.6283859 
0.6300972 
0.6243982 
0.6252072 
0.6386405 
0.6197934 
0.6312559 
0.6360496 
0.6433823 
0.6583365 
0.6585657 
0.6978819 
0.6769752 
0.6763965 
0.6748683 
0.6693729 
0.6762056 
0.6683541 
0.6799025 
0.6753520 
0.6790400 
0.6830028 
0.7067142 
0.7153701 
0.7273639 
0.7212310 
0.7097804 
0.7004556 
0.6964255 
0.6938431 
0.6840988 
0.6760309 
0.6894550 
0.6914165 
0.6983321 
0.6981044 
0.6825364 
0.6968594 
0.6910051 
0.7180999 
0.7207762 
0.7217631 
0.6956432 
0.6883647 
0.6980527 
0.6867570 
0.6778502 
0.6823189 
0.6877603 
0.6779789 
0.6687519 
0.6735442 
0.6701166 
0.6631757 
0.6680943 
0.6872171 
0.6798297 
0.6771149 
0.6741593 
0.6810491 
0.6676515 
0.6583716 
0.6536678 
0.6507879 
0.6820960 
0.6985920 
0.6739178 
0.6917286 
0.6873392 
0.6992823 
0.6995515 
0.6991667 
0.6978280 
0.7111540 
0.6956490 
0.6982853 
0.6943075 
0.6966166 
0.7098170 
0.7195611 
0.7175449 
0.6964461 
0.6936679 
0.6815761 
0.6819678 
0.6789207 
0.6916811 
0.6982981 
0.6905691 
0.7139314 
0.7182228 
0.7233509 
0.7440564 
0.7304053 
0.7456362 
0.7228394 
0.7273941 
0.7247205 
0.7207699 
0.7229610 
0.7063291 
0.6915441 
0.7065733 
0.7113426 
0.6919272 
0.6945017 
0.7054282 
0.7017555 
0.7369556 
0.7151946 
0.7125979 
0.6962676 
0.7083366 
0.6801660 
0.6902835 
0.6506870 
0.6824887 
0.6938706 
0.6931237 
0.6963167 
0.6877332 
0.6840960 
0.6923872 
0.6853510 
0.6854594 
0.6723724 
0.6811998 
0.6837389 
0.6942597 
0.6612244 
0.6811914 
0.6674191 
0.6749350 
0.6761709 
0.6491011 
0.6576078 
0.6747135 
0.6740742 
0.6662933 
0.6693221 
0.6523633 
0.6524690 
0.6448205 
0.6541495 
0.6623195 
0.6706806 
0.6835153 
0.6865687 
0.6843301 
0.6875833 
0.6484564 
0.6493451 
0.6452687 
0.6401757 
0.6357660 
0.6452729 
0.6545715 
0.6833197 
0.6938802 
0.6963979 
0.6969724 
0.7023633 
0.7048999 
0.7090732 
0.7223840 
0.7286081 
0.7188615 
0.7538019 
0.7596549 
0.7566668 
0.7745868 
0.7743009 
0.7616743 
0.7494894 
0.7334237 
0.7367206 
0.7462464 
0.7546360 
0.7388281 
0.7234706 
0.7472108 
0.7334849 
0.7404288 
0.7510676 
0.7694134 
0.7575602 
0.7582021 
0.7352392 
0.7404034 
0.7434708 
0.7467357 
0.7282005 
0.7322707 
0.7298553 
0.7296073 
0.7313961 
0.7245127 
0.7276830 
0.7264233 
0.7228262 
0.7271689 
0.7215357 
0.7184550 
0.7406033 
0.7502898 
0.7094900 
0.7045917 
0.7048690 
0.7050871 
0.6852525 
0.6712066 
0.6730954 
0.6718636 
0.6774084 
0.6659079 
0.6990491 
0.6897946 
0.6730274 
0.6703003 
0.6598091 
0.6663256 
0.7043123 
0.6744684 
0.6874640 
0.6784252 
0.6736401 
0.6724538 
0.6612709 
0.6550307 
0.6651617 
0.6888532 
0.6864258 
0.6864328 
0.6753501 
0.6735548 
0.6797780 
0.6974572 
0.6947721 
0.6832520 
0.7125017 
0.7084638 
0.7119748 
0.7014170 
0.6822689 
0.7029593 
0.6949405 
0.6938602 
0.6849297 
0.6804101 
0.6850609 
0.6860553 
0.6562427 
0.6354868 
0.6564430 
0.6473249 
0.6366714 
0.6406528 
0.6616529 
0.6745432 
0.6853912 
0.7102789 
0.6937742 
0.6854737 
0.7001303 
0.7105191 
0.7024526 
0.6975857 
0.6913562 
0.6960312 
0.6886743 
0.6955250 
0.7098782 
0.7002846 
0.6870423 
0.6850699 
0.6856813 
0.6781389 
0.6622688 
0.6411772 
0.6443657 
0.6612917 
0.6570432 
0.6549081 
0.6711621 
0.6655195 
0.6574356 
0.6564293 
0.6866034 
0.6882958 
0.6697699 
0.6621327 
0.6502952 
0.6807050 
0.6671655 
0.7118246 
0.7207702 
0.7187260 
0.7222291 
0.7292717 
0.7016823 
0.7167260 
0.7055262 
0.7077096 
0.7140095 
0.7379214 
0.7175953 
0.6992896 
0.6635470 
0.6668205 
0.6911589 
0.6801832 
0.6923698 
0.6921915 
0.7072616 
0.7155120 
0.6972196 
0.7017510 
0.7115506 
0.6944745 
0.6941807 
0.7011491 
0.6942289 
0.7078587 
0.6786918 
0.6810639 
0.6747367 
0.6779203 
0.6924663 
0.6917404 
0.6709445 
0.6695949 
0.6683987 
0.6673042 
0.6529292 
0.6581820 
0.6708977 
0.6587863 
0.6645074 
0.6624528 
0.6764036 
0.6555193 
0.6733728 
0.6722275 
0.6610616 
0.6541290 
0.6535258 
0.6400080 
0.6502436 
0.6533430 
0.6784280 
0.6727455 
0.6654033 
0.6503025 
0.6494631 
0.6499518 
0.6637022 
0.6776435 
0.6670658 
0.6650266 
0.6667993 
0.6430412 
0.6463125 
0.6197959 
0.6205919 
0.6322417 
0.6236310 
0.6278629 
0.6221433 
0.6379845 
0.6469379 
0.6625925 
0.6414374 
0.6503800 
0.6657658 
0.6851497 
0.6683655 
0.6566510 
0.6479659 
0.6133252 
0.6182583 
0.6185077 
0.6261074 
0.6207767 
0.6148877 
0.6038671 
0.5991653 
0.5986681 
0.6041571 
0.5886624 
0.5672194 
0.6695188 
0.6738562 
0.6638697 
0.6533016 
0.6322620 
0.6425115 
0.6316737 
0.6217240 
0.5902185 
0.5903854 
0.5857911 
0.5957988 
0.5984229 
0.5843393 
0.5607597 
0.5359427 
0.5339854 
0.5253638 
0.5033962 
0.4901185 
0.4970954 
0.4872393 
0.4585591 
0.4287360 
0.4158963 
0.4371666 
0.4246327 
0.4060537 
0.3624105 
0.3610147 
0.3770644 
0.3731053 
0.3642195 
0.3589788 
0.3519010 
0.3305942 
0.3007690 
0.3022097 
0.2840877 
0.2489994 
0.2329541 
0.2304029 
0.2221036 
0.2046649 
0.1874764 
0.1822523 
0.1822378 
0.1730863 
0.1423774 
0.1568646 
0.1255340 
0.1063481 
0.0874819 
0.1039318 
0.0769954 
0.0640838 
0.0644107 
0.0486455 
0.0420640 
0.0313429 
0.0000000 
0.0123887 
0.0303307 
0.0427795 
0.0638524 
0.0780560 
0.0822624 
0.1008761 
0.1272264 
0.1462307 
0.1494682 
0.1712570 
0.1786273 
0.1761116 
0.2049103 
0.2344107 
0.2382538 
0.2519624 
0.2286787 
0.2475228 
0.2598469 
0.2635958 
0.2990423 
0.3065439 
0.3092462 
0.3374901 
0.3539288 
0.3519445 
0.3759221 
0.3766945 
0.3984251 
0.4019343 
0.4018087 
0.1920795 
0.2231055 
0.2228800 
0.2508083 
0.2329066 
0.2650575 
0.2706934 
0.3015091 
0.3210348 
0.3326764 
0.3488608 
0.3653826 
0.3895096 
0.3830644 
0.4071892 
0.4029689 
0.4112875 
0.4607301 
0.4691198 
0.4558541 
0.4696050 
0.4793234 
0.4932656 
0.5017105 
0.5067066 
0.5041954 
0.5089475 
0.5283547 
0.5239027 
0.5386054 
0.5546824 
0.5720826 
0.5884078 
0.6043484 
0.6209388 
0.6217520 
0.6306349 
0.6216364 
0.6155157 
0.6005300 
0.5967635 
0.5995440 
0.6038513 
0.6366256 
0.6682462 
0.6572131 
0.6537795 
0.6535730 
0.6607484 
0.6726375 
0.7007960 
0.6941663 
0.7051276 
0.6873193 
0.6852624 
0.6768597 
0.6763111 
0.7018639 
0.7068817 
0.7070391 
0.7152606 
0.7248806 
0.7196489 
0.7073555 
0.7096932 
0.7149608 
0.7305857 
0.7294149 
0.7356047 
0.7263782 
0.7242850 
0.7261395 
0.7277813 
0.7368335 
0.7451661 
0.7482196 
0.7561880 
0.7552087 
0.7516145 
0.7338175 
0.7318312 
0.7506492 
0.7554741 
0.7440491 
0.7492060 
0.7503100 
0.7427598 
0.7557477 
0.7597136 
0.7773953 
0.7781410 
0.7396314 
0.7605050 
0.7528074 
0.7372345 
0.7311839 
0.7342121 
0.7532348 
0.7774281 
0.7599676 
0.7791331 
0.7663934 
0.7735571 
0.7650013 
0.7601077 
0.7571620 
0.7737200 
0.7923076 
0.7745093 
0.7855775 
0.7758693 
0.7920172 
0.7758794 
0.7779213 
0.7733038 
0.7986529 
0.8015629 
0.7929967 
0.8042088 
0.8021917 
0.8027002 
0.7618812 
0.7694604 
0.7662524 
0.7617618 
0.7580109 
0.7632710 
0.7774953 
0.7581599 
0.7680706 
0.7574115 
0.7673814 
0.7607536 
0.7897468 
0.7942096 
0.7811863 
0.7999760 
0.7930366 
0.7713574 
0.7821029 
0.7740892 
0.7849563 
0.7708020 
0.7771931 
0.7667252 
0.7727253 
0.7726182 
0.7657443 
0.7703865 
0.7786738 
0.7926365 
0.7992388 
0.7937302 
0.7857521 
0.7838062 
0.7952979 
0.8025804 
0.8161420 
0.8024604 
0.8061011 
0.7992238 
0.7937999 
0.7992430 
0.7936086 
0.7931188 
0.7797522 
0.7944138 
0.7880841 
0.8027096 
0.7965124 
0.8004536 
0.8129176 
0.8025465 
0.8102412 
0.8116827 
0.8085371 
0.8154156 
0.8123548 
0.8301888 
0.8439420 
0.8368976 
0.8103280 
0.8351516 
0.8337822 
0.8366178 
0.8221764 
0.8272878 
0.8046283 
0.7970891 
0.8178990 
0.8488328 
0.8625052 
0.8578402 
0.8433867 
0.8355971 
0.8535877 
0.8586815 
0.8410856 
0.8262437 
0.8418118 
0.8380803 
0.8357526 
0.8277414 
0.8367183 
0.8521673 
0.8694140 
0.8632412 
0.8794633 
0.8985161 
0.9042613 
0.9019041 
0.9098883 
0.9269747 
0.9265728 
0.9251649 
0.9476149 
0.9697790 
1.0000000 
0.9974046 
0.9891934 
0.9741752 
0.9321114 
0.9016772 
0.8923283 
0.8916470 
0.8907253 
0.9112110 
0.9052369 
0.9054907 
0.9058796 
0.9060515 
0.9056553 
