0.0001504 
-0.0001076 
0.0001812 
-0.3069696 
0.2409530 
-0.0751251 
1.0000000 
0.9912600 
0.9726574 
0.9647064 
0.9545226 
0.9562998 
0.9543980 
0.9548692 
0.9509362 
0.9628669 
0.9733954 
0.9848004 
0.9785832 
0.9742518 
0.9732850 
0.9647939 
0.9724604 
0.9779395 
0.9719464 
0.9644393 
0.9653585 
0.9643935 
0.9613995 
0.9674890 
0.9650678 
0.9556844 
0.9567754 
0.9529979 
0.9532056 
0.9599495 
0.9613378 
0.9684411 
0.9643247 
0.9594410 
0.9516484 
0.9574992 
0.9515959 
0.9564044 
0.9412346 
0.9377197 
0.9370329 
0.9368667 
0.9506542 
0.9559047 
0.9419651 
0.9354326 
0.9284868 
0.9173459 
0.9055041 
0.9107609 
0.9050193 
0.9122324 
0.8979983 
0.9072724 
0.9153886 
0.9324609 
0.9451696 
0.9609384 
0.9554722 
0.9519393 
0.9367109 
0.9166716 
0.9050466 
0.8881400 
0.8750572 
0.8809015 
0.8936026 
0.9117214 
0.9318480 
0.9462869 
0.9494557 
0.9450045 
0.9352020 
0.8983237 
0.8927851 
0.8902600 
0.8844927 
0.8761807 
0.8772684 
0.8748878 
0.8799637 
0.9000082 
0.9264712 
0.9502708 
0.9650167 
0.9614494 
0.9547132 
0.9281096 
0.9011820 
0.8825544 
0.8705962 
0.8795481 
0.8767589 
0.8785552 
0.8923729 
0.9026788 
0.9245640 
0.9361642 
0.9484714 
0.9594319 
0.9555648 
0.9450419 
0.9331589 
0.9353504 
0.9029763 
0.8898016 
0.8948707 
0.8931349 
0.8759320 
0.8877834 
0.8919488 
0.9169180 
0.9325180 
0.9423547 
0.9532213 
0.9540395 
0.9466373 
0.9300643 
0.9163232 
0.9021182 
0.8947101 
0.8790990 
0.8680060 
0.8555892 
0.8476626 
0.8836232 
0.8590705 
0.8570109 
0.8621344 
0.8851858 
0.9025242 
0.9042976 
0.9129744 
0.9232677 
0.9200602 
0.9061474 
0.8911499 
0.8918827 
0.8865150 
0.8833289 
0.8779880 
0.8858066 
0.8861583 
0.8927256 
0.8846035 
0.8893835 
0.8913357 
0.8979242 
0.8920815 
0.9049881 
0.9075559 
0.9046765 
0.9009556 
0.8960312 
0.9188987 
0.9121129 
0.8967659 
0.8865751 
0.8846968 
0.8836007 
0.8899444 
0.8940823 
0.8925959 
0.8831334 
0.8705380 
0.8679166 
0.8649316 
0.8786576 
0.8876582 
0.8953912 
0.9025251 
0.9097264 
0.9040470 
0.9049120 
0.8986796 
0.9035457 
0.8847270 
0.8697076 
0.8707813 
0.8826140 
0.8753349 
0.8606322 
0.8644965 
0.8602326 
0.8571613 
0.8576597 
0.8633185 
0.8592979 
0.8629736 
0.8726632 
0.8620110 
0.8733648 
0.8823187 
0.8793342 
0.8879448 
0.8711299 
0.8667962 
0.8559406 
0.8512622 
0.8471924 
0.8416048 
0.8324437 
0.8267028 
0.8412071 
0.8475183 
0.8410691 
0.8478376 
0.8429422 
0.8417257 
0.8398481 
0.8389731 
0.8327218 
0.8239160 
0.8308538 
0.8383539 
0.8422710 
0.8649744 
0.8666410 
0.8453931 
0.8392052 
0.8498199 
0.8626414 
0.8531064 
0.8458938 
0.8495864 
0.8514965 
0.8414781 
0.8375119 
0.8348430 
0.8169067 
0.8199573 
0.8337043 
0.8477133 
0.8567151 
0.8559455 
0.8516529 
0.8580704 
0.8555557 
0.8544204 
0.8398246 
0.8407607 
0.8442132 
0.8413895 
0.8260438 
0.8193550 
0.8071852 
0.8184844 
0.8122812 
0.7999532 
0.8004297 
0.8298265 
0.8432009 
0.8320271 
0.8341302 
0.8377037 
0.8447090 
0.8374651 
0.8310144 
0.8242925 
0.8311205 
0.8422973 
0.8341693 
0.8235195 
0.8255087 
0.8202296 
0.8114109 
0.8249378 
0.8183084 
0.8072958 
0.8052428 
0.7925230 
0.8013953 
0.7941824 
0.7878154 
0.7969155 
0.8109485 
0.8137048 
0.8139279 
0.8079162 
0.8098419 
0.8251485 
0.8420824 
0.8215132 
0.8174993 
0.8237628 
0.8292372 
0.8348999 
0.8283441 
0.8193719 
0.8115326 
0.8086422 
0.8004687 
0.7953972 
0.7981566 
0.8023282 
0.8076357 
0.8122368 
0.8131138 
0.8097038 
0.8131785 
0.8061419 
0.8090353 
0.8053481 
0.7972829 
0.8032240 
0.8052241 
0.8118495 
0.8209116 
0.8216423 
0.8199391 
0.8213996 
0.8223096 
0.8145336 
0.7945528 
0.7981039 
0.8063611 
0.8107455 
0.8077048 
0.8003590 
0.8081385 
0.8114428 
0.8166741 
0.8210175 
0.8119388 
0.8020091 
0.8094333 
0.8045433 
0.8046902 
0.8118439 
0.8196858 
0.8155481 
0.8029875 
0.8087222 
0.7961286 
0.7975752 
0.8027754 
0.8051846 
0.8004630 
0.7891706 
0.7926586 
0.7798385 
0.7772516 
0.7790131 
0.7796541 
0.7776939 
0.7782220 
0.7882387 
0.7697282 
0.7730853 
0.7830679 
0.7892096 
0.7863573 
0.7874908 
0.7895257 
0.7816711 
0.7900052 
0.7915492 
0.7848509 
0.7972611 
0.7888553 
0.7784607 
0.7826782 
0.7786571 
0.7694260 
0.7551829 
0.7465984 
0.7525523 
0.7457294 
0.7478452 
0.7502896 
0.7531109 
0.7463332 
0.7547481 
0.7677573 
0.7677932 
0.7593580 
0.7570298 
0.7587919 
0.7602977 
0.7559230 
0.7423189 
0.7440306 
0.7403950 
0.7423509 
0.7435049 
0.7435880 
0.7523758 
0.7565597 
0.7582113 
0.7611962 
0.7601332 
0.7562465 
0.7554552 
0.7573015 
0.7447759 
0.7628159 
0.7702057 
0.7578575 
0.7583753 
0.7608764 
0.7573882 
0.7453972 
0.7381396 
0.7345119 
0.7406629 
0.7482437 
0.7414482 
0.7393089 
0.7263865 
0.7316112 
0.7421333 
0.7495267 
0.7547528 
0.7657701 
0.7721727 
0.7817451 
0.7843212 
0.7752556 
0.7813872 
0.7801158 
0.7824190 
0.7862313 
0.7833743 
0.7777065 
0.7742427 
0.7720001 
0.7717977 
0.7787986 
0.7792010 
0.7836206 
0.7796238 
0.7656233 
0.7664816 
0.7583161 
0.7638811 
0.7487776 
0.7553287 
0.7489677 
0.7544813 
0.7461082 
0.7451431 
0.7512747 
0.7562117 
0.7603576 
0.7591609 
0.7772256 
0.7811174 
0.7911886 
0.7952242 
0.7864610 
0.7764877 
0.7740123 
0.7652226 
0.7662946 
0.7647088 
0.7575116 
0.7546068 
0.7674586 
0.7651328 
0.7642490 
0.7636133 
0.7669256 
0.7641133 
0.7631101 
0.7558888 
0.7506805 
0.7513718 
0.7413946 
0.7493467 
0.7539466 
0.7685636 
0.7685919 
0.7825274 
0.7914275 
0.7878650 
0.7817803 
0.7789772 
0.7728533 
0.7714123 
0.7698741 
0.7616718 
0.7772108 
0.7737998 
0.7725614 
0.7677354 
0.7560187 
0.7435615 
0.7379587 
0.7401468 
0.7413555 
0.7382963 
0.7490263 
0.7536238 
0.7528180 
0.7428169 
0.7457021 
0.7354660 
0.7353549 
0.7315864 
0.7219816 
0.7231371 
0.7228324 
0.7291883 
0.7308031 
0.7337743 
0.7409963 
0.7394814 
0.7339361 
0.7296617 
0.7225809 
0.7160184 
0.7071486 
0.7010633 
0.6970417 
0.6903828 
0.6821830 
0.6869575 
0.6872257 
0.6938453 
0.6876753 
0.6869337 
0.6872112 
0.6857021 
0.6720565 
0.6694309 
0.6665939 
0.6690549 
0.6647830 
0.6650986 
0.6694331 
0.6832532 
0.6906137 
0.6932425 
0.6843767 
0.6847959 
0.6780648 
0.6718346 
0.6692827 
0.7090209 
0.7444756 
0.7760740 
0.8034458 
0.8127553 
0.8004930 
0.7952808 
0.7823001 
0.7797631 
0.7837066 
0.7771323 
0.7615416 
0.7569952 
0.7553031 
0.7422077 
0.7294403 
0.7230157 
0.7184970 
0.7123296 
0.7178416 
0.7218005 
0.7197113 
0.7169909 
0.7075177 
0.7051964 
0.7199053 
0.7209957 
0.7119128 
0.7147137 
0.7186244 
0.7223121 
0.7255794 
0.7269146 
0.7371229 
0.7396124 
0.7347382 
0.7322948 
0.7283322 
0.7314786 
0.7299246 
0.7303395 
0.7177107 
0.7041547 
0.7044914 
0.7088918 
0.7153224 
0.7155029 
0.7122387 
0.7097943 
0.6982462 
0.6792569 
0.6736159 
0.6826216 
0.6855582 
0.6918440 
0.6878867 
0.6895543 
0.6823476 
0.6915924 
0.6856425 
0.7004406 
0.7044183 
0.7106554 
0.6988079 
0.7081412 
0.7093734 
0.6955081 
0.6870130 
0.6704494 
0.6811468 
0.6898244 
0.7031232 
0.7207409 
0.7367525 
0.7379260 
0.7262578 
0.7093213 
0.6819063 
0.6758955 
0.6759563 
0.6788974 
0.6760534 
0.6727625 
0.6821015 
0.6869941 
0.6982335 
0.7046121 
0.6991166 
0.6909675 
0.6855054 
0.6864321 
0.6882754 
0.6846472 
0.6660084 
0.6610286 
0.6440731 
0.6556487 
0.6622691 
0.6800892 
0.6845253 
0.6951590 
0.6974947 
0.6818510 
0.6745486 
0.6635263 
0.6442066 
0.6401740 
0.6457661 
0.6551124 
0.6622457 
0.6702162 
0.6817240 
0.6958343 
0.6899915 
0.6857333 
0.6806079 
0.6815109 
0.6864267 
0.6729526 
0.6729116 
0.6780206 
0.6805007 
0.6850796 
0.6724293 
0.6756361 
0.6765401 
0.6829235 
0.6781095 
0.6785181 
0.6671055 
0.6713503 
0.6810068 
0.6734371 
0.6690856 
0.6659620 
0.6603174 
0.6473009 
0.6523691 
0.6568824 
0.6532963 
0.6546955 
0.6577664 
0.6603331 
0.6580291 
0.6683270 
0.6801891 
0.6837424 
0.6832738 
0.6896752 
0.6730102 
0.6659626 
0.6535085 
0.6551128 
0.6454182 
0.6547639 
0.6492060 
0.6556332 
0.6502308 
0.6514713 
0.6439224 
0.6585596 
0.6590798 
0.6682369 
0.6679636 
0.6654072 
0.6646617 
0.6590935 
0.6497612 
0.6521430 
0.6469699 
0.6598353 
0.6582159 
0.6710770 
0.6612869 
0.6555252 
0.6515886 
0.6423016 
0.6417716 
0.6409589 
0.6470811 
0.6474756 
0.6396122 
0.6397667 
0.6388515 
0.6430240 
0.6439053 
0.6468685 
0.6477624 
0.6495263 
0.6476313 
0.6487058 
0.6480985 
0.6587724 
0.6482507 
0.6305468 
0.6308261 
0.6409485 
0.6357478 
0.6371739 
0.6297905 
0.6380528 
0.6331310 
0.6481017 
0.6418922 
0.6525200 
0.6471494 
0.6443843 
0.6401039 
0.6281597 
0.6251980 
0.6233537 
0.6262781 
0.6225447 
0.6147511 
0.6191591 
0.6254940 
0.6204490 
0.6276886 
0.6277703 
0.6330304 
0.6426391 
0.6450191 
0.6270969 
0.6290332 
0.6317068 
0.6163665 
0.6321862 
0.6380638 
0.6350086 
0.6354706 
0.6338698 
0.6252659 
0.6286227 
0.6272889 
0.6313253 
0.6104501 
0.6300747 
0.6195540 
0.6214311 
0.6140673 
0.6170033 
0.6080447 
0.5969428 
0.5915382 
0.6093423 
0.6128866 
0.6084388 
0.6106763 
0.6059864 
0.6172836 
0.6178801 
0.6260888 
0.6373753 
0.6431371 
0.6298639 
0.6154602 
0.6080328 
0.5820111 
0.6155639 
0.6205207 
0.6184180 
0.5988619 
0.6252575 
0.6311618 
0.6263481 
0.6246004 
0.6327511 
0.6436125 
0.6431092 
0.6205772 
0.6052813 
0.5982715 
0.6087824 
0.6250770 
0.6236197 
0.6212320 
0.6232272 
0.6198225 
0.6175854 
0.6191807 
0.6053614 
0.6031564 
0.6061602 
0.6081122 
0.5980152 
0.6009328 
0.6198119 
0.6382717 
0.6142923 
0.6128479 
0.6143063 
0.6093591 
0.5999084 
0.5892744 
0.5829799 
0.5873975 
0.5895000 
0.5959543 
0.5919223 
0.6076266 
0.6065147 
0.6147541 
0.6151026 
0.6041184 
0.6103578 
0.6048157 
0.6083755 
0.5953430 
0.5878546 
0.5871088 
0.5750653 
0.5762374 
0.5718088 
0.5733657 
0.5829370 
0.5795926 
0.5857760 
0.5855957 
0.5810282 
0.5830887 
0.5882032 
0.5858263 
0.5805921 
0.5779216 
0.5732316 
0.5910287 
0.5987479 
0.6035094 
0.5936133 
0.5923985 
0.6052878 
0.6175506 
0.6185299 
0.6077686 
0.6116460 
0.6119123 
0.5837098 
0.5794741 
0.5939420 
0.5997167 
0.6057787 
0.5965014 
0.5987787 
0.5923911 
0.5782995 
0.5698753 
0.5652671 
0.5655408 
0.5754035 
0.5864416 
0.5919629 
0.6048880 
0.5963209 
0.5826466 
0.5753546 
0.5583742 
0.5464937 
0.5487166 
0.5534668 
0.5670112 
0.5767705 
0.5864922 
0.5922806 
0.5914424 
0.5965415 
0.5866051 
0.5782106 
0.5841683 
0.5949643 
0.5965711 
0.6020442 
0.5850779 
0.5895737 
0.5923914 
0.5823095 
0.5853399 
0.5737781 
0.5597579 
0.5658878 
0.5778950 
0.5911152 
0.6037964 
0.5968089 
0.6011288 
0.6134911 
0.5899000 
0.5756411 
0.5625384 
0.5542467 
0.5601555 
0.5590021 
0.5692280 
0.5697843 
0.5713478 
0.5739340 
0.5722979 
0.5682835 
0.5614092 
0.5515080 
0.5501370 
0.5601466 
0.5726597 
0.5859263 
0.6073956 
0.6290109 
0.6310963 
0.6163799 
0.5904363 
0.5633298 
0.5461157 
0.5308700 
0.5290276 
0.5298880 
0.5422143 
0.5537830 
0.5734412 
0.5805559 
0.5803464 
0.5598338 
0.5400149 
0.5406487 
0.5516786 
0.5568071 
0.5593413 
0.5675301 
0.5801313 
0.5729729 
0.5813669 
0.5651458 
0.5517534 
0.5230143 
0.5106500 
0.5133551 
0.5125589 
0.5151801 
0.5442570 
0.5588656 
0.5875099 
0.5900245 
0.5852393 
0.5565699 
0.5463816 
0.5374058 
0.5356580 
0.5282817 
0.5415934 
0.5560205 
0.5488443 
0.5492563 
0.5308767 
0.5084781 
0.5004538 
0.4875523 
0.4799231 
0.4839456 
0.4957890 
0.5172415 
0.5384189 
0.5598446 
0.5648483 
0.5646839 
0.5579434 
0.5264490 
0.5247807 
0.5250756 
0.5161355 
0.5173870 
0.5292416 
0.5390450 
0.5357719 
0.5323988 
0.5187669 
0.5169454 
0.5062057 
0.4928382 
0.4986332 
0.4841850 
0.5042995 
0.5192468 
0.5400286 
0.5508700 
0.5468773 
0.5410806 
0.5319999 
0.5149286 
0.5029913 
0.5057918 
0.5046025 
0.5026468 
0.5030447 
0.5036776 
0.4956185 
0.5036727 
0.4994357 
0.4976057 
0.4928618 
0.5011958 
0.5003157 
0.5134098 
0.5214115 
0.5164408 
0.5321920 
0.5385909 
0.5288414 
0.5157918 
0.4785948 
0.4725682 
0.5150915 
0.5212554 
0.5376321 
0.5546735 
0.5528957 
0.5496834 
0.5433167 
0.5376033 
0.5211236 
0.5086660 
0.4921667 
0.5065974 
0.5140008 
0.5071010 
0.5124546 
0.5188323 
0.5314386 
0.5173242 
0.5099549 
0.5050915 
0.4952940 
0.5017008 
0.5119495 
0.5202367 
0.5276995 
0.5355840 
0.5330439 
0.5303238 
0.5314942 
0.5285783 
0.5206381 
0.5168809 
0.5170638 
0.5168659 
0.5188881 
0.5224915 
0.5244304 
0.5210052 
0.5176369 
0.5170071 
0.5136298 
0.5097078 
0.5113096 
0.5143926 
0.5144071 
0.5106590 
0.4943525 
0.4929664 
0.4970712 
0.5003846 
0.4894292 
0.4932187 
0.5161657 
0.5071390 
0.4970823 
0.5041968 
0.5045200 
0.5067841 
0.4992552 
0.5020219 
0.5011037 
0.4939227 
0.4927018 
0.4861236 
0.4815377 
0.4743704 
0.4757273 
0.4762262 
0.4797717 
0.4809820 
0.4935003 
0.4957440 
0.4973241 
0.4941199 
0.4845841 
0.4800087 
0.4765658 
0.4753938 
0.4863931 
0.4887573 
0.4889140 
0.4843674 
0.4950814 
0.4928892 
0.5118320 
0.5096666 
0.4976740 
0.5066997 
0.5045934 
0.5010751 
0.4959646 
0.4825290 
0.4760948 
0.4632350 
0.4477395 
0.4636377 
0.4617920 
0.4644147 
0.4584053 
0.4499888 
0.4451540 
0.4454513 
0.4486259 
0.4473063 
0.4532478 
0.4527752 
0.4558451 
0.4656400 
0.4703289 
0.4722223 
0.4827630 
0.4767965 
0.4775422 
0.4682345 
0.4515798 
0.4498410 
0.4810759 
0.4937657 
0.4893236 
0.4848950 
0.4909235 
0.4770161 
0.4587454 
0.4345006 
0.4303250 
0.4326615 
0.4281009 
0.4359716 
0.4378113 
0.4327267 
0.4412324 
0.4473530 
0.4564451 
0.4580216 
0.4561392 
0.4573322 
0.4597899 
0.4590271 
0.4506075 
0.4480804 
0.4395684 
0.4449510 
0.4455971 
0.4489781 
0.4459576 
0.4483029 
0.4501742 
0.4892773 
0.5037980 
0.4941553 
0.4894283 
0.4890028 
0.4770712 
0.4690339 
0.4566965 
0.4402294 
0.4435065 
0.4561489 
0.4565132 
0.4501942 
0.4486665 
0.4439777 
0.4464046 
0.4444330 
0.4405585 
0.4371907 
0.4426632 
0.4364715 
0.4442230 
0.4497050 
0.4353298 
0.4289728 
0.4461207 
0.4379156 
0.4335131 
0.4385392 
0.4362490 
0.4501764 
0.4431388 
0.4402465 
0.4428872 
0.4458138 
0.4639724 
0.4674025 
0.4547703 
0.4514471 
0.4544960 
0.4456001 
0.4516771 
0.4455216 
0.4478096 
0.4395316 
0.4414769 
0.4397272 
0.4351964 
0.4343581 
0.4299897 
0.4280937 
0.4213381 
0.4264689 
0.4264857 
0.4279052 
0.4174281 
0.4181752 
0.4175057 
0.4088829 
0.4094388 
0.4183930 
0.4297423 
0.4298217 
0.4455147 
0.4425425 
0.4402097 
0.4383352 
0.4326896 
0.4280668 
0.4261495 
0.4202087 
0.4269736 
0.4249212 
0.4249872 
0.4474136 
0.4538102 
0.4468064 
0.4433671 
0.4231480 
0.4212591 
0.4269597 
0.4235705 
0.4219411 
0.4304770 
0.4177572 
0.4160575 
0.4334307 
0.4240498 
0.4100382 
0.4090166 
0.4111095 
0.4131329 
0.4272073 
0.4342378 
0.4312251 
0.4334669 
0.4306273 
0.4298214 
0.4230437 
0.4371206 
0.4424934 
0.4403050 
0.4362798 
0.4320599 
0.4330339 
0.4426347 
0.4418186 
0.4489366 
0.4408020 
0.4319330 
0.4160450 
0.4089800 
0.4055064 
0.4014358 
0.3901706 
0.3955342 
0.4015850 
0.3943654 
0.3770801 
0.3811316 
0.4015388 
0.4036216 
0.4043061 
0.3934503 
0.3844462 
0.3770193 
0.3838030 
0.3832099 
0.3927648 
0.3981235 
0.3961877 
0.3979115 
0.4023845 
0.4085772 
0.4121513 
0.4095926 
0.4131066 
0.4211086 
0.4166745 
0.4339632 
0.4314682 
0.4392428 
0.4324813 
0.4293769 
0.4140900 
0.4142276 
0.4047985 
0.4073049 
0.4157568 
0.4199699 
0.4219851 
0.4223809 
0.4010461 
0.4046821 
0.4122129 
0.4274979 
0.4393964 
0.4703476 
0.4659477 
0.4755896 
0.4770237 
0.4506855 
0.4193203 
0.4002689 
0.3918500 
0.3832820 
0.3897764 
0.4058473 
0.4145890 
0.4243155 
0.4221056 
0.4275391 
0.4289690 
0.4262609 
0.4300276 
0.4221170 
0.4283846 
0.4260344 
0.4193864 
0.4271725 
0.4305653 
0.4273985 
0.4357220 
0.4415785 
0.4485477 
0.4458315 
0.4461099 
0.4385064 
0.4246926 
0.4218377 
0.4191413 
0.4179504 
0.4174399 
0.4111095 
0.4059352 
0.4058786 
0.3996316 
0.3986646 
0.4005725 
0.3991646 
0.4049730 
0.4020553 
0.4042184 
0.4114928 
0.3948942 
0.4171810 
0.4294568 
0.4469786 
0.4423574 
0.4436091 
0.4503237 
0.4339850 
0.4183166 
0.4251299 
0.4128479 
0.4031430 
0.3963565 
0.3863805 
0.3881611 
0.3898852 
0.3973643 
0.3971626 
0.4065733 
0.4063690 
0.4006707 
0.3946138 
0.3917250 
0.3671903 
0.3717091 
0.3759269 
0.3808557 
0.3857274 
0.3964954 
0.3968294 
0.3945304 
0.4004130 
0.3945084 
0.3713635 
0.3838554 
0.3848822 
0.3784091 
0.3790665 
0.3891668 
0.3904188 
0.3868073 
0.3932406 
0.3997503 
0.3936437 
0.3833798 
0.3803528 
0.3975804 
0.3817758 
0.3798270 
0.3837553 
0.3849231 
0.3780048 
0.3756374 
0.3778322 
0.3664793 
0.3549092 
0.3496059 
0.3600394 
0.3728091 
0.3781083 
0.3702710 
0.3678690 
0.3811758 
0.3834713 
0.3908274 
0.3927658 
0.3792548 
0.3746621 
0.3945756 
0.3984652 
0.3965291 
0.3868654 
0.3873276 
0.3807272 
0.3781482 
0.3726364 
0.3667811 
0.3753408 
0.3919158 
0.3846653 
0.3870223 
0.3923118 
0.3995741 
0.4146893 
0.4027786 
0.4002978 
0.3977832 
0.3981178 
0.3857936 
0.3751166 
0.3703383 
0.3729981 
0.3830569 
0.3906328 
0.3910819 
0.3859998 
0.4023070 
0.4091108 
0.3804271 
0.3681189 
0.3395437 
0.3529984 
0.3940910 
0.3998073 
0.4069859 
0.4021438 
0.3856934 
0.3912209 
0.3935888 
0.3998550 
0.3909942 
0.3774506 
0.3690756 
0.3713389 
0.3723625 
0.3674318 
0.3682541 
0.3568727 
0.3479279 
0.3553200 
0.3737035 
0.3767308 
0.3820581 
0.3838061 
0.3825974 
0.3687268 
0.3751914 
0.3631962 
0.3655526 
0.3703434 
0.3718062 
0.3639765 
0.3718960 
0.3744901 
0.3797917 
0.3759406 
0.3876981 
0.3844513 
0.3805007 
0.3774992 
0.3726916 
0.3799537 
0.3771399 
0.3763461 
0.3780510 
0.3885170 
0.3764312 
0.3791496 
0.3762987 
0.3515507 
0.3535918 
0.3491542 
0.3513579 
0.3557494 
0.3559018 
0.3576569 
0.3636009 
0.3677725 
0.3652959 
0.3646221 
0.3657210 
0.3568639 
0.3558408 
0.3556379 
0.3665699 
0.3662232 
0.3637473 
0.3630315 
0.3686238 
0.3679616 
0.3626709 
0.3705563 
0.3643292 
0.3637954 
0.3603415 
0.3663512 
0.3668205 
0.3712558 
0.3732122 
0.3672205 
0.3523449 
0.3336563 
0.3405249 
0.3495667 
0.3611334 
0.3666322 
0.3703684 
0.3685389 
0.3708010 
0.3733510 
0.3539652 
0.3527292 
0.3541892 
0.3392197 
0.3400955 
0.3633619 
0.3530635 
0.3393877 
0.3392320 
0.3402355 
0.3475447 
0.3611576 
0.3568884 
0.3398789 
0.3399189 
0.3420667 
0.3417187 
0.3446522 
0.3518629 
0.3440641 
0.3532782 
0.3493864 
0.3405216 
0.3420035 
0.3499564 
0.3538951 
0.3439736 
0.3409384 
0.3476479 
0.3498638 
0.3438253 
0.3483163 
0.3461929 
0.3546644 
0.3452324 
0.3401792 
0.3302711 
0.3236073 
0.3254639 
0.3217129 
0.3313875 
0.3326917 
0.3356577 
0.3383929 
0.3443395 
0.3474916 
0.3505147 
0.3568137 
0.3548170 
0.3576327 
0.3521403 
0.3464037 
0.3436029 
0.3449811 
0.3441780 
0.3283090 
0.3190446 
0.3153714 
0.3182659 
0.3316584 
0.3217782 
0.3152758 
0.3145169 
0.3151421 
0.3190680 
0.3068681 
0.3084363 
0.3048959 
0.2997546 
0.2995631 
0.2972573 
0.3005563 
0.3129932 
0.3166525 
0.3181835 
0.3117153 
0.3168990 
0.3273473 
0.3426760 
0.3466989 
0.3420126 
0.3376582 
0.3389662 
0.3490693 
0.3568787 
0.3681978 
0.3725156 
0.3673593 
0.3689228 
0.3572001 
0.3459897 
0.3371663 
0.3241650 
0.3230343 
0.3209487 
0.3171527 
0.3210757 
0.3274421 
0.3248254 
0.3311276 
0.3476347 
0.3458157 
0.3535837 
0.3460299 
0.3485133 
0.3497670 
0.3415238 
0.3312229 
0.3348884 
0.3296929 
0.3271251 
0.3420978 
0.3521406 
0.3436802 
0.3293039 
0.3059681 
0.3101410 
0.3168408 
0.3200968 
0.3115770 
0.2994966 
0.2913202 
0.2885018 
0.2822396 
0.2926114 
0.3122465 
0.3374887 
0.3490073 
0.3438525 
0.3490728 
0.3382450 
0.3421870 
0.3347728 
0.3321104 
0.3311579 
0.3325438 
0.3421205 
0.3651686 
0.3719615 
0.3818384 
0.3782290 
0.3675470 
0.3480866 
0.3205904 
0.2893175 
0.2891558 
0.2906541 
0.2937526 
0.2955860 
0.2977485 
0.2975813 
0.3104451 
0.3249770 
0.3335891 
0.3345399 
0.3320633 
0.3255418 
0.3320845 
0.3304486 
0.3392285 
0.3433710 
0.3488940 
0.3444723 
0.3362977 
0.3232803 
0.3278986 
0.3086924 
0.3085867 
0.3131450 
0.3179523 
0.3149754 
0.3170596 
0.3269800 
0.3306963 
0.3520014 
0.3579079 
0.3521607 
0.3545301 
0.3351592 
0.3150098 
0.2942815 
0.2788250 
0.2616658 
0.2595309 
0.2564929 
0.2585227 
0.2737724 
0.2862951 
0.3077000 
0.3151631 
0.3147002 
0.3197648 
0.3230142 
0.3265035 
0.3176783 
0.3051743 
0.3116116 
0.3061854 
0.3071750 
0.3014237 
0.2934991 
0.3196694 
0.3149160 
0.3172793 
0.3164246 
0.3310136 
0.3435034 
0.3598553 
0.3725317 
0.3545552 
0.3247430 
0.3062831 
0.2843565 
0.2665987 
0.2848224 
0.2794210 
0.2589504 
0.2400842 
0.2621108 
0.2706481 
0.2946091 
0.3185160 
0.3355119 
0.3559893 
0.3589270 
0.3606426 
0.3546827 
0.3317464 
0.3146791 
0.3039178 
0.2882343 
0.2689176 
0.2630687 
0.2644816 
0.2626707 
0.2736007 
0.2940041 
0.2929426 
0.3003178 
0.3183719 
0.3364890 
0.3353014 
0.3465534 
0.3447976 
0.3439544 
0.3315132 
0.3228034 
0.3065930 
0.2967263 
0.2844358 
0.2702964 
0.2667456 
0.2579796 
0.2564749 
0.2559564 
0.2534681 
0.2615861 
0.2589468 
0.2747445 
0.2930856 
0.3111282 
0.3337649 
0.3481872 
0.3894530 
0.3983601 
0.3909659 
0.3797740 
0.3653725 
0.3510050 
0.3575926 
0.3395724 
0.3351886 
0.3222955 
0.3246987 
0.3181015 
0.3021447 
0.3031873 
0.3048225 
0.3031511 
0.3016714 
0.3121894 
0.3039979 
0.3256676 
0.3354842 
0.3297969 
0.3250518 
0.3134432 
0.3004295 
0.2836711 
0.2704165 
0.2639750 
0.2615216 
0.2590642 
0.2627229 
0.2710021 
0.2721323 
0.2867720 
0.2860183 
0.2961027 
0.3166206 
0.3364526 
0.3425927 
0.3368200 
0.3344330 
0.3175771 
0.3145972 
0.3184917 
0.3110888 
0.3030921 
0.3146774 
0.3136499 
0.3127167 
0.3198756 
0.3016432 
0.2753573 
0.2758360 
0.2941752 
0.2922017 
0.2871351 
0.2730666 
0.2547105 
0.2513298 
0.2528506 
0.2318762 
0.2310978 
0.2260064 
0.2267959 
0.2172657 
0.2239798 
0.2405470 
0.2306901 
0.2428605 
0.2559140 
0.2601146 
0.2827163 
0.2856528 
0.2947548 
0.2951530 
0.2998638 
0.3087658 
0.3172493 
0.3152312 
0.3235759 
0.3161749 
0.3187250 
0.3203958 
0.3216745 
0.3075220 
0.3028079 
0.3054840 
0.3128291 
0.3111138 
0.3074583 
0.3108766 
0.3059715 
0.3041046 
0.2993345 
0.2916999 
0.2883739 
0.2916950 
0.2981434 
0.3079241 
0.3047992 
0.2945361 
0.2916927 
0.2911318 
0.2883490 
0.2884911 
0.2913406 
0.2792803 
0.2802635 
0.2681376 
0.2762833 
0.2724068 
0.2680994 
0.2701172 
0.2780512 
0.2888148 
0.3014236 
0.2978551 
0.3066582 
0.2993156 
0.3162498 
0.3093426 
0.3029063 
0.2955276 
0.2895965 
0.2857881 
0.2868561 
0.2883628 
0.2876435 
0.2905192 
0.2954618 
0.2933241 
0.3000938 
0.3104592 
0.3140250 
0.3157595 
0.3024795 
0.2934139 
0.2928721 
0.2857501 
0.2832905 
0.2817579 
0.2687541 
0.2661339 
0.2674046 
0.2548354 
0.2397872 
0.2400182 
0.2408501 
0.2415160 
0.2418936 
0.2476496 
0.2557181 
0.2625809 
0.2625226 
0.2615064 
0.2660489 
0.2667706 
0.2606775 
0.2565427 
0.2666531 
0.2633135 
0.2653997 
0.2627375 
0.2638348 
0.2671852 
0.2623443 
0.2660327 
0.2568395 
0.2451687 
0.2451980 
0.2531677 
0.2590841 
0.2756429 
0.3005862 
0.3289768 
0.3291348 
0.3224649 
0.3067289 
0.2776086 
0.2629224 
0.2454281 
0.2353208 
0.2334157 
0.2427457 
0.2487494 
0.2443450 
0.2487067 
0.2485016 
0.2364248 
0.2386248 
0.2471542 
0.2613633 
0.2579591 
0.2627874 
0.2741241 
0.2743114 
0.2751684 
0.2792528 
0.2921664 
0.3060189 
0.2984616 
0.2978187 
0.3019293 
0.3048663 
0.3043851 
0.3045885 
0.3027144 
0.2889356 
0.2827040 
0.2847584 
0.2767685 
0.2640856 
0.2637540 
0.2606961 
0.2685255 
0.2594024 
0.2646260 
0.2702939 
0.2596222 
0.2502272 
0.2530107 
0.2614109 
0.2667692 
0.2534887 
0.2533676 
0.2453669 
0.2475487 
0.2485918 
0.2397402 
0.2513526 
0.2364308 
0.2462649 
0.2460484 
0.2474436 
0.2404034 
0.2576584 
0.2571656 
0.2486081 
0.2576647 
0.2609819 
0.2580461 
0.2565767 
0.2518383 
0.2626075 
0.2629666 
0.2723958 
0.2730384 
0.2589858 
0.2654038 
0.2628898 
0.2690625 
0.2709520 
0.2756957 
0.2754540 
0.2831606 
0.2967126 
0.2959732 
0.2862079 
0.2787231 
0.2675226 
0.2626176 
0.2633780 
0.2669583 
0.2681136 
0.2771754 
0.2801691 
0.2889540 
0.2953838 
0.2886454 
0.2698680 
0.2467365 
0.2418034 
0.2418646 
0.2428616 
0.2428831 
0.2416401 
0.2542546 
0.2579096 
0.2525610 
0.2616354 
0.2691553 
0.2765148 
0.2811789 
0.2791063 
0.2622218 
0.2592759 
0.2605446 
0.2583818 
0.2631439 
0.2650948 
0.2572552 
0.2633507 
0.2672183 
0.2644628 
0.2651280 
0.2679012 
0.2699753 
0.2587230 
0.2520056 
0.2340222 
0.2271570 
0.2129090 
0.2148736 
0.2257071 
0.2415526 
0.2517835 
0.2469944 
0.2451692 
0.2409602 
0.2424923 
0.2460946 
0.2507148 
0.2622319 
0.2499318 
0.2443708 
0.2313631 
0.2247935 
0.2152710 
0.2276702 
0.2449936 
0.2662351 
0.2632615 
0.2514623 
0.2271518 
0.2311772 
0.2361453 
0.2693202 
0.2688131 
0.2554927 
0.2391516 
0.2322627 
0.2266268 
0.2343572 
0.2434182 
0.2626429 
0.2705591 
0.2738323 
0.2608739 
0.2455054 
0.2329595 
0.2274238 
0.2176057 
0.2170992 
0.2145228 
0.2117877 
0.2088693 
0.2110304 
0.2185225 
0.2447262 
0.2713972 
0.2814806 
0.2692986 
0.2672019 
0.2644991 
0.2488172 
0.2447827 
0.2402117 
0.2257278 
0.2313746 
0.2321452 
0.2262012 
0.2335825 
0.2463517 
0.2603959 
0.2716341 
0.2657925 
0.2622596 
0.2535295 
0.2311750 
0.2271833 
0.2265070 
0.2178583 
0.2085200 
0.1937742 
0.1963815 
0.2089680 
0.2173767 
0.2142914 
0.2169298 
0.2098647 
0.2267707 
0.2332993 
0.2392447 
0.2427412 
0.2497220 
0.2480476 
0.2371944 
0.2297733 
0.2204952 
0.2204783 
0.2184844 
0.2233555 
0.2268200 
0.2285354 
0.2194567 
0.2117532 
0.2181277 
0.2317047 
0.2222819 
0.2149353 
0.2298467 
0.2394840 
0.2294911 
0.2323952 
0.2306714 
0.2364898 
0.2510248 
0.2562857 
0.2524751 
0.2573856 
0.2520313 
0.2562499 
0.2463487 
0.2219459 
0.2304537 
0.2321712 
0.2306856 
0.2264533 
0.2163403 
0.2212749 
0.2235904 
0.2177956 
0.2205738 
0.2339262 
0.2486731 
0.2525942 
0.2560297 
0.2515736 
0.2506963 
0.2428509 
0.2342473 
0.2289407 
0.2216223 
0.2119909 
0.2025791 
0.1963682 
0.1941574 
0.2032579 
0.2065569 
0.2059648 
0.2006259 
0.2040677 
0.1975710 
0.2029102 
0.2067425 
0.2043990 
0.2101804 
0.2090437 
0.2084003 
0.2140566 
0.2190183 
0.2247009 
0.2267275 
0.2305872 
0.2308071 
0.2271611 
0.2219257 
0.2068876 
0.2011613 
0.2021764 
0.2075746 
0.2107069 
0.2128446 
0.2190358 
0.2258528 
0.2171667 
0.2243657 
0.2428650 
0.2361357 
0.2323771 
0.2203317 
0.2147367 
0.2035089 
0.2067423 
0.2074245 
0.2049017 
0.2151261 
0.2071359 
0.1947833 
0.1840289 
0.1901780 
0.1958192 
0.1891263 
0.1859710 
0.1822126 
0.1802792 
0.1907308 
0.1978210 
0.2057950 
0.2045773 
0.2105678 
0.2031163 
0.2025143 
0.1943719 
0.1826001 
0.1663742 
0.1665309 
0.1676126 
0.1819249 
0.1846715 
0.1884517 
0.2065675 
0.2089096 
0.2139732 
0.1996911 
0.1952851 
0.1950771 
0.1900630 
0.1645679 
0.1949393 
0.1920982 
0.1864189 
0.1670451 
0.1661605 
0.1624279 
0.1696089 
0.1850672 
0.1843601 
0.1967381 
0.2006708 
0.1972552 
0.2020972 
0.2040686 
0.2090115 
0.2009114 
0.1912813 
0.1759215 
0.1749908 
0.1758672 
0.1693699 
0.1716497 
0.1758523 
0.1729409 
0.1738018 
0.1724500 
0.1639129 
0.1557838 
0.1495187 
0.1481103 
0.1471398 
0.1506209 
0.1570454 
0.1514892 
0.1603498 
0.1658998 
0.1774817 
0.1862347 
0.1922360 
0.1918800 
0.1884882 
0.1849347 
0.1773659 
0.1690947 
0.1687982 
0.1752210 
0.1804396 
0.1793813 
0.1764220 
0.1733962 
0.1761658 
0.1654664 
0.1671974 
0.1752006 
0.1807724 
0.1840374 
0.1715931 
0.1763376 
0.1815087 
0.1956185 
0.2002304 
0.1981479 
0.2001217 
0.1940919 
0.1847276 
0.1765241 
0.1794141 
0.1810733 
0.1675232 
0.1748094 
0.1875668 
0.1720264 
0.1767955 
0.1712955 
0.1654504 
0.1717547 
0.1647386 
0.1799097 
0.1734488 
0.1771880 
0.1815887 
0.1819997 
0.1794289 
0.1695570 
0.1556083 
0.1589555 
0.1628679 
0.1645211 
0.1673679 
0.1695503 
0.1633317 
0.1602057 
0.1695081 
0.1657367 
0.1785493 
0.1726273 
0.1781618 
0.1673583 
0.1614758 
0.1690374 
0.1766529 
0.1812241 
0.1792935 
0.1778091 
0.1696903 
0.1665555 
0.1558223 
0.1739333 
0.1701267 
0.1706743 
0.1752801 
0.1694024 
0.1746319 
0.1647159 
0.1658243 
0.1609127 
0.1509709 
0.1547354 
0.1600260 
0.1674787 
0.1762221 
0.1769874 
0.1729403 
0.1753407 
0.1584399 
0.1513623 
0.1443043 
0.1395712 
0.1363725 
0.1382025 
0.1514868 
0.1475816 
0.1413039 
0.1300990 
0.1280220 
0.1154055 
0.1232132 
0.1249132 
0.1183494 
0.1219218 
0.1325086 
0.1353264 
0.1303293 
0.1389230 
0.1427863 
0.1415392 
0.1329782 
0.1377518 
0.1321074 
0.1364859 
0.1240845 
0.1217927 
0.1253229 
0.1267748 
0.1155904 
0.1088594 
0.1233305 
0.1264885 
0.1300854 
0.1312591 
0.1278673 
0.1414504 
0.1504517 
0.1541098 
0.1472124 
0.1543292 
0.1499304 
0.1382650 
0.1384181 
0.1316249 
0.1350996 
0.1341889 
0.1359080 
0.1353179 
0.1368710 
0.1367505 
0.1227415 
0.1221508 
0.1414543 
0.1425278 
0.1475511 
0.1454971 
0.1408477 
0.1329630 
0.1386628 
0.1320927 
0.1294487 
0.1317114 
0.1284709 
0.1284308 
0.1321771 
0.1300397 
0.1166081 
0.1246712 
0.1193929 
0.1079381 
0.1135505 
0.1161083 
0.1187137 
0.1101234 
0.0934041 
0.0980986 
0.1131941 
0.1256940 
0.1422215 
0.1442647 
0.1378148 
0.1363069 
0.1327638 
0.1435405 
0.1386259 
0.1378873 
0.1319846 
0.1239192 
0.1280520 
0.1123829 
0.0960103 
0.0976689 
0.0926059 
0.0937795 
0.1028387 
0.1038284 
0.1103696 
0.1114577 
0.1060197 
0.1104287 
0.1166901 
0.1114700 
0.1067139 
0.1098094 
0.1199821 
0.1219340 
0.1206720 
0.1198045 
0.1274082 
0.1407772 
0.1590793 
0.1657475 
0.1450649 
0.1332083 
0.1248131 
0.1164785 
0.1176078 
0.1233459 
0.1156217 
0.1179054 
0.1118343 
0.1100038 
0.0954728 
0.1016912 
0.0992311 
0.1014913 
0.0990138 
0.1046491 
0.1094599 
0.1075273 
0.1054577 
0.1189428 
0.1319744 
0.1320636 
0.1392379 
0.1302130 
0.1226600 
0.1315972 
0.1292152 
0.1323598 
0.1289064 
0.1282296 
0.1354160 
0.1259919 
0.1190330 
0.1117366 
0.1131412 
0.1085182 
0.1033412 
0.0877926 
0.0826313 
0.0851406 
0.0828014 
0.0843377 
0.0983463 
0.1001093 
0.1025037 
0.0988789 
0.1003923 
0.0990978 
0.0976764 
0.0980384 
0.0934244 
0.0943214 
0.1045982 
0.1089563 
0.1135374 
0.1238775 
0.1288296 
0.1203102 
0.1190607 
0.1180231 
0.1185257 
0.1245260 
0.1125976 
0.1166689 
0.1190540 
0.1249419 
0.1211143 
0.1283457 
0.1221010 
0.1126862 
0.1104079 
0.1159957 
0.1151034 
0.1028378 
0.1078973 
0.1148671 
0.1254427 
0.1215529 
0.0903222 
0.0926759 
0.1056280 
0.1049990 
0.0912565 
0.0913714 
0.0911820 
0.0970093 
0.0958208 
0.1009241 
0.0967642 
0.0956506 
0.1017500 
0.0956457 
0.1037116 
0.1036144 
0.0993989 
0.0995790 
0.0992595 
0.0944587 
0.1017362 
0.0945742 
0.0935671 
0.1005242 
0.0959317 
0.1005795 
0.1074810 
0.1003660 
0.0921579 
0.0786332 
0.0825749 
0.0718510 
0.0620907 
0.0573165 
0.0537424 
0.0559888 
0.0684364 
0.0636651 
0.0697730 
0.0810516 
0.0625257 
0.0614608 
0.0598793 
0.0709744 
0.0786090 
0.0791430 
0.0836444 
0.0983117 
0.0953241 
0.1021363 
0.1135987 
0.1222410 
0.1062260 
0.1055421 
0.1091869 
0.1140456 
0.1200483 
0.1011193 
0.0896190 
0.0767881 
0.0723127 
0.0715990 
0.0747678 
0.0711819 
0.0814705 
0.0861017 
0.0851670 
0.0895666 
0.0791751 
0.0786489 
0.0731392 
0.0773827 
0.0832778 
0.0823336 
0.0705919 
0.0770054 
0.0841177 
0.0821311 
0.0723336 
0.0778860 
0.0759814 
0.0801311 
0.0862783 
0.0833076 
0.0832057 
0.0778394 
0.0802475 
0.0754548 
0.0801184 
0.0855467 
0.0935015 
0.0915785 
0.0947707 
0.0967240 
0.0912090 
0.0859531 
0.0723817 
0.0704514 
0.0647225 
0.0734034 
0.0712685 
0.0702333 
0.0604991 
0.0453676 
0.0328640 
0.0286054 
0.0196704 
0.0162952 
0.0220394 
0.0197061 
0.0247357 
0.0182448 
0.0125448 
0.0079115 
0.0072339 
0.0165754 
0.0120538 
0.0218640 
0.0333373 
0.0376278 
0.0454107 
0.0580598 
0.0888580 
0.1137875 
0.1305533 
0.1246109 
0.1083755 
0.1067478 
0.1135011 
0.1139394 
0.1056652 
0.0995677 
0.0905492 
0.0892199 
0.0923663 
0.0951941 
0.0897505 
0.0747599 
0.0728401 
0.0730390 
0.0587495 
0.0550292 
0.0391215 
0.0347253 
0.0277446 
0.0239509 
0.0310985 
0.0310905 
0.0296264 
0.0320421 
0.0368724 
0.0341568 
0.0344276 
0.0412170 
0.0411197 
0.0333149 
0.0426730 
0.0431402 
0.0494616 
0.0412831 
0.0431507 
0.0647160 
0.0710365 
0.0586809 
0.0724268 
0.0806916 
0.0758723 
0.0813974 
0.0825153 
0.0796484 
0.0663282 
0.0663316 
0.0738134 
0.0687108 
0.0818273 
0.0749268 
0.0681169 
0.0603704 
0.0572338 
0.0538859 
0.0570058 
0.0654979 
0.0513009 
0.0489889 
0.0506913 
0.0495307 
0.0508448 
0.0258870 
0.0102497 
0.0140763 
0.0295752 
0.0451111 
0.0487730 
0.0474484 
0.0545577 
0.0513795 
0.0579107 
0.0507413 
0.0531838 
0.0483131 
0.0566083 
0.0607717 
0.0559062 
0.0478413 
0.0513492 
0.0578787 
0.0539744 
0.0499701 
0.0524562 
0.0425517 
0.0350813 
0.0435758 
0.0308815 
0.0256267 
0.0370547 
0.0422833 
0.0473835 
0.0492719 
0.0492516 
0.0534171 
0.0457057 
0.0482922 
0.0354624 
0.0397605 
0.0355674 
0.0384828 
0.0417991 
0.0332028 
0.0311125 
0.0265627 
0.0270288 
0.0289282 
0.0281991 
0.0361088 
0.0497619 
0.0511068 
0.0573342 
0.0559392 
0.0561716 
0.0524143 
0.0580530 
0.0702395 
0.0806310 
0.0914860 
0.0844743 
0.0819090 
0.0672403 
0.0513642 
0.0531271 
0.0537202 
0.0510828 
0.0438461 
0.0434697 
0.0553806 
0.0501622 
0.0320952 
0.0314356 
0.0261158 
0.0227530 
0.0242774 
0.0142672 
0.0309638 
0.0252018 
0.0249937 
0.0137853 
0.0090780 
0.0043221 
0.0188596 
0.0278198 
0.0294148 
0.0282541 
0.0350166 
0.0397954 
0.0522302 
0.0543238 
0.0489803 
0.0419449 
0.0470637 
0.0570022 
0.0810379 
0.0941145 
0.0675926 
0.0627065 
0.0582259 
0.0669475 
0.0737156 
0.0841307 
0.0842032 
0.0776618 
0.0725527 
0.0647469 
0.0582218 
0.0563477 
0.0567839 
0.0489690 
0.0512094 
0.0512937 
0.0465645 
0.0489288 
0.0369955 
0.0307168 
0.0173291 
0.0088763 
0.0032507 
0.0000000 
0.0115357 
0.0162753 
0.0310003 
0.0139830 
0.0078710 
0.0121196 
0.0289946 
0.0308189 
0.0139736 
0.0151702 
0.0283254 
0.0283368 
0.0360954 
0.0523183 
0.0618420 
0.0786103 
0.0796786 
0.0704344 
0.0629941 
0.0605370 
0.0525653 
0.0449026 
0.0467868 
0.0519534 
0.0377067 
0.0338467 
0.0406489 
0.0399543 
0.0419558 
0.0365773 
0.0432153 
