0.0000028 
0.0000207 
-0.0001946 
-0.3225087 
0.1786380 
-0.0463113 
1.0000000 
0.9957774 
0.9925206 
0.9895852 
0.9812447 
0.9736888 
0.9784410 
0.9868483 
0.9820993 
0.9797719 
0.9811484 
0.9875871 
0.9629617 
0.9689833 
0.9756602 
0.9747561 
0.9754298 
0.9783033 
0.9848037 
0.9789172 
0.9745904 
0.9697358 
0.9652396 
0.9528564 
0.9404726 
0.9377220 
0.9402298 
0.9449345 
0.9492931 
0.9669556 
0.9795881 
0.9878930 
0.9917204 
0.9896620 
0.9891598 
0.9842807 
0.9816845 
0.9781765 
0.9631271 
0.9519277 
0.9468602 
0.9409301 
0.9360004 
0.9286962 
0.9261870 
0.9268154 
0.9288490 
0.9302575 
0.9398272 
0.9459491 
0.9480259 
0.9598607 
0.9670773 
0.9664141 
0.9672319 
0.9687380 
0.9645352 
0.9640533 
0.9647801 
0.9591785 
0.9557294 
0.9476866 
0.9436641 
0.9413009 
0.9377417 
0.9342307 
0.9280283 
0.9274102 
0.9295080 
0.9304709 
0.9355842 
0.9405501 
0.9453784 
0.9381591 
0.9422714 
0.9459209 
0.9538171 
0.9471890 
0.9443810 
0.9531126 
0.9470142 
0.9419691 
0.9367718 
0.9360171 
0.9388376 
0.9420313 
0.9456582 
0.9457652 
0.9498000 
0.9502781 
0.9443590 
0.9448014 
0.9451156 
0.9439730 
0.9394674 
0.9337163 
0.9343692 
0.9377287 
0.9342021 
0.9313844 
0.9280279 
0.9278948 
0.9235435 
0.9307454 
0.9336491 
0.9334356 
0.9483170 
0.9500396 
0.9457532 
0.9513711 
0.9528563 
0.9542543 
0.9629057 
0.9661739 
0.9702436 
0.9636602 
0.9594381 
0.9460726 
0.9424527 
0.9351701 
0.9309499 
0.9264956 
0.9303765 
0.9305242 
0.9277986 
0.9294068 
0.9272676 
0.9221755 
0.9184113 
0.9163915 
0.9202048 
0.9179256 
0.9161819 
0.9212617 
0.9229721 
0.9292762 
0.9287143 
0.9301944 
0.9339079 
0.9378218 
0.9448382 
0.9432344 
0.9440346 
0.9450182 
0.9439728 
0.9443729 
0.9374906 
0.9319649 
0.9267442 
0.9251564 
0.9232100 
0.9198647 
0.9172995 
0.9140365 
0.9121789 
0.9167638 
0.9183177 
0.9128113 
0.9175421 
0.9197146 
0.9215288 
0.9216796 
0.9269127 
0.9316501 
0.9344435 
0.9384062 
0.9426637 
0.9479480 
0.9523015 
0.9635497 
0.9605789 
0.9582791 
0.9453153 
0.9377040 
0.9305051 
0.9200789 
0.9080083 
0.9007690 
0.8951996 
0.8870653 
0.8843337 
0.8834704 
0.8854308 
0.8873729 
0.8824472 
0.8800477 
0.8779233 
0.8745516 
0.8763066 
0.8755234 
0.8782476 
0.8849036 
0.8857537 
0.8855864 
0.8894052 
0.8950278 
0.8997103 
0.9000332 
0.8997444 
0.9029553 
0.9027710 
0.9001507 
0.8898457 
0.8908762 
0.8853000 
0.8843887 
0.8768800 
0.8738241 
0.8664974 
0.8691437 
0.8705766 
0.8661407 
0.8661982 
0.8679669 
0.8744473 
0.8727893 
0.8755750 
0.8782247 
0.8816545 
0.8882730 
0.8920173 
0.8954476 
0.8899665 
0.8862821 
0.8860180 
0.8854100 
0.8849776 
0.8857386 
0.8959106 
0.9016658 
0.9040803 
0.8970146 
0.8933414 
0.8875032 
0.8808049 
0.8813506 
0.8815979 
0.8819894 
0.8792968 
0.8746242 
0.8766522 
0.8805616 
0.8818649 
0.8817366 
0.8825109 
0.8780178 
0.8881975 
0.8872828 
0.8837820 
0.8760344 
0.8840515 
0.8977141 
0.9024803 
0.9071582 
0.9059436 
0.9045960 
0.9016880 
0.9025387 
0.9004992 
0.9053498 
0.8975210 
0.8930430 
0.8822107 
0.8741961 
0.8726665 
0.8691195 
0.8670604 
0.8669385 
0.8704461 
0.8729161 
0.8724631 
0.8698547 
0.8763050 
0.8835487 
0.8811804 
0.8868774 
0.8835055 
0.8905194 
0.8923517 
0.8961210 
0.8930095 
0.8941697 
0.8951634 
0.8932040 
0.8929249 
0.8859774 
0.8844104 
0.8799790 
0.8771554 
0.8669182 
0.8579523 
0.8507289 
0.8438092 
0.8420987 
0.8349164 
0.8363829 
0.8310959 
0.8271889 
0.8174864 
0.8227384 
0.8245873 
0.8331018 
0.8433496 
0.8493036 
0.8540325 
0.8590872 
0.8624832 
0.8679320 
0.8694591 
0.8754631 
0.8792581 
0.8786508 
0.8742271 
0.8708420 
0.8726841 
0.8704218 
0.8717818 
0.8644299 
0.8585456 
0.8468314 
0.8385117 
0.8325328 
0.8281658 
0.8247097 
0.8166307 
0.8205434 
0.8181901 
0.8143553 
0.8169572 
0.8216787 
0.8319421 
0.8285944 
0.8311874 
0.8358638 
0.8343901 
0.8372594 
0.8432339 
0.8508237 
0.8583372 
0.8653980 
0.8628675 
0.8629176 
0.8668274 
0.8611111 
0.8572690 
0.8568796 
0.8577721 
0.8505862 
0.8466904 
0.8431923 
0.8402808 
0.8377659 
0.8339950 
0.8308091 
0.8246159 
0.8241821 
0.8172627 
0.8300277 
0.8324766 
0.8379884 
0.8380142 
0.8360502 
0.8405539 
0.8466508 
0.8479767 
0.8473782 
0.8414598 
0.8428924 
0.8494883 
0.8524819 
0.8586276 
0.8610226 
0.8635347 
0.8676345 
0.8692293 
0.8687444 
0.8690353 
0.8650649 
0.8592467 
0.8543788 
0.8494370 
0.8452770 
0.8431891 
0.8456223 
0.8418453 
0.8409103 
0.8409599 
0.8351539 
0.8321348 
0.8352622 
0.8348813 
0.8307687 
0.8311127 
0.8298878 
0.8259704 
0.8273531 
0.8305086 
0.8327831 
0.8308037 
0.8303586 
0.8328618 
0.8305558 
0.8296730 
0.8272840 
0.8356252 
0.8406047 
0.8363678 
0.8352034 
0.8328011 
0.8339779 
0.8306529 
0.8318010 
0.8369989 
0.8332318 
0.8313644 
0.8273338 
0.8309544 
0.8345409 
0.8307724 
0.8309611 
0.8281101 
0.8320202 
0.8320860 
0.8289222 
0.8237762 
0.8259340 
0.8260039 
0.8253224 
0.8247933 
0.8263369 
0.8228170 
0.8211958 
0.8205721 
0.8219690 
0.8283036 
0.8328107 
0.8309973 
0.8256454 
0.8361860 
0.8338155 
0.8352325 
0.8376213 
0.8365190 
0.8355605 
0.8307712 
0.8268903 
0.8230117 
0.8215240 
0.8213192 
0.8187834 
0.8185400 
0.8287711 
0.8305133 
0.8335199 
0.8313705 
0.8305631 
0.8274364 
0.8223724 
0.8162943 
0.8153592 
0.8130015 
0.8163966 
0.8186594 
0.8223976 
0.8222987 
0.8246517 
0.8280868 
0.8305651 
0.8341495 
0.8380453 
0.8410972 
0.8382060 
0.8388972 
0.8457655 
0.8496522 
0.8495516 
0.8405912 
0.8393515 
0.8371510 
0.8339313 
0.8277545 
0.8365283 
0.8314883 
0.8280197 
0.8236722 
0.8268576 
0.8230843 
0.8191121 
0.8170704 
0.8099687 
0.8034406 
0.8008302 
0.8034538 
0.8017146 
0.8014422 
0.8073790 
0.8047075 
0.8025237 
0.8037257 
0.8061471 
0.8103824 
0.8126219 
0.8060784 
0.8100629 
0.8112428 
0.8085156 
0.8074953 
0.8063898 
0.8017101 
0.8044847 
0.8076332 
0.8071458 
0.8066529 
0.8046849 
0.8104019 
0.8085684 
0.8087584 
0.8028100 
0.8041452 
0.8004248 
0.7952408 
0.7905027 
0.7898579 
0.7878013 
0.7858805 
0.7907921 
0.7853661 
0.7898622 
0.7937101 
0.8000073 
0.8026243 
0.8052905 
0.8042361 
0.8051747 
0.8078852 
0.8093533 
0.8079271 
0.8065178 
0.8079461 
0.8079676 
0.8092840 
0.8145339 
0.8133298 
0.8130667 
0.8120750 
0.8142602 
0.8174896 
0.8165537 
0.8177295 
0.8139481 
0.8182291 
0.8194738 
0.8155234 
0.8160850 
0.8090184 
0.8109234 
0.8090706 
0.8114648 
0.8113646 
0.8129312 
0.8137295 
0.8080561 
0.8072656 
0.8083160 
0.8018709 
0.7978989 
0.8060165 
0.8113043 
0.8144669 
0.8144834 
0.8103050 
0.8110246 
0.8101799 
0.8067558 
0.8066430 
0.8028275 
0.8050647 
0.8118631 
0.8107998 
0.8071619 
0.8080151 
0.8076679 
0.8069568 
0.8095158 
0.8042116 
0.7957244 
0.7962435 
0.7943141 
0.7899715 
0.7872341 
0.7864179 
0.7831717 
0.7864340 
0.7828063 
0.7836834 
0.7874559 
0.7868570 
0.7848535 
0.7804927 
0.7848545 
0.7870168 
0.7853893 
0.7869324 
0.7933608 
0.7859532 
0.7879734 
0.7788340 
0.7796932 
0.7794640 
0.7817295 
0.7828928 
0.7872745 
0.7850725 
0.7841839 
0.7831309 
0.7837751 
0.7827667 
0.7899862 
0.7898858 
0.7958799 
0.7899748 
0.7900993 
0.7869204 
0.7796623 
0.7777238 
0.7766366 
0.7782902 
0.7738833 
0.7800622 
0.7775836 
0.7807939 
0.7689757 
0.7638277 
0.7601126 
0.7630377 
0.7612873 
0.7656860 
0.7583898 
0.7626996 
0.7655087 
0.7657748 
0.7662631 
0.7702311 
0.7686135 
0.7703669 
0.7701439 
0.7737675 
0.7683863 
0.7647796 
0.7636069 
0.7617836 
0.7645565 
0.7622387 
0.7638458 
0.7660977 
0.7700749 
0.7699878 
0.7727962 
0.7731044 
0.7726258 
0.7820256 
0.7778188 
0.7804094 
0.7710453 
0.7694869 
0.7623133 
0.7612006 
0.7534599 
0.7564030 
0.7663689 
0.7631388 
0.7663036 
0.7672687 
0.7684329 
0.7651498 
0.7655663 
0.7549144 
0.7508903 
0.7463836 
0.7494824 
0.7517042 
0.7472635 
0.7481228 
0.7529512 
0.7579109 
0.7626255 
0.7666586 
0.7657211 
0.7650033 
0.7650527 
0.7664830 
0.7603963 
0.7626776 
0.7553397 
0.7622921 
0.7482307 
0.7484145 
0.7529938 
0.7631974 
0.7605452 
0.7619023 
0.7662177 
0.7667588 
0.7639886 
0.7609241 
0.7590523 
0.7611696 
0.7539141 
0.7611677 
0.7579874 
0.7576704 
0.7618191 
0.7621711 
0.7614638 
0.8000898 
0.7826371 
0.7840420 
0.7856024 
0.7857329 
0.7784582 
0.7735578 
0.7738044 
0.7709363 
0.7742783 
0.7723854 
0.7706933 
0.7740187 
0.7737009 
0.7750537 
0.7876977 
0.7916532 
0.7862477 
0.7795090 
0.7745880 
0.7709149 
0.7661372 
0.7537395 
0.7534512 
0.7567259 
0.7666225 
0.7729486 
0.7760322 
0.7810869 
0.7849794 
0.7892860 
0.7890679 
0.7847274 
0.7859600 
0.7902533 
0.7928056 
0.7954767 
0.7841716 
0.7923717 
0.7954585 
0.7969703 
0.7918876 
0.7883428 
0.7960982 
0.7928183 
0.8005952 
0.7920266 
0.7956268 
0.7848320 
0.7809270 
0.7826636 
0.7781682 
0.7770413 
0.7759416 
0.7787962 
0.7712220 
0.7787554 
0.7751695 
0.7868587 
0.7819051 
0.7725091 
0.7548166 
0.7570711 
0.7539007 
0.7513441 
0.7475549 
0.7436022 
0.7435492 
0.7537652 
0.7640325 
0.7643636 
0.7699162 
0.7738705 
0.7833670 
0.7789953 
0.7786948 
0.7777432 
0.7795313 
0.7742119 
0.7760017 
0.7740070 
0.7663554 
0.7656851 
0.7607181 
0.7616083 
0.7635810 
0.7596209 
0.7611862 
0.7570848 
0.7596646 
0.7624506 
0.7575398 
0.7599222 
0.7617506 
0.7666910 
0.7680484 
0.7714826 
0.7681316 
0.7645799 
0.7623324 
0.7523658 
0.7455941 
0.7472742 
0.7520676 
0.7484583 
0.7465846 
0.7521239 
0.7530257 
0.7610766 
0.7671829 
0.7661373 
0.7758408 
0.7704918 
0.7681747 
0.7575852 
0.7512278 
0.7466121 
0.7422686 
0.7385171 
0.7319290 
0.7267703 
0.7276874 
0.7341157 
0.7436179 
0.7474502 
0.7543330 
0.7567964 
0.7639177 
0.7642589 
0.7579323 
0.7532612 
0.7459359 
0.7345657 
0.7277485 
0.7209702 
0.7224991 
0.7192470 
0.7187995 
0.7301897 
0.7360890 
0.7433250 
0.7508757 
0.7580063 
0.7625687 
0.7616504 
0.7644480 
0.7508443 
0.7435924 
0.7334135 
0.7255643 
0.7220283 
0.7209327 
0.7179970 
0.7246123 
0.7308604 
0.7390980 
0.7459789 
0.7586545 
0.7653058 
0.7701828 
0.7744254 
0.7725485 
0.7615876 
0.7534663 
0.7559356 
0.7441799 
0.7384670 
0.7332515 
0.7353544 
0.7301779 
0.7292464 
0.7312398 
0.7368266 
0.7414609 
0.7447727 
0.7459515 
0.7480316 
0.7413384 
0.7451863 
0.7407673 
0.7368809 
0.7317606 
0.7222321 
0.7230655 
0.7221128 
0.7183720 
0.7243752 
0.7257805 
0.7308500 
0.7359917 
0.7453543 
0.7543834 
0.7609651 
0.7672484 
0.7719800 
0.7646188 
0.7584378 
0.7474376 
0.7344168 
0.7282989 
0.7239219 
0.7204408 
0.7111608 
0.7124052 
0.7185227 
0.7240740 
0.7272370 
0.7357885 
0.7434985 
0.7463939 
0.7467738 
0.7467978 
0.7501208 
0.7459294 
0.7339472 
0.7144650 
0.7052173 
0.7009044 
0.7020731 
0.7052575 
0.7058054 
0.7135523 
0.7194059 
0.7275086 
0.7368756 
0.7491400 
0.7579054 
0.7663490 
0.7664549 
0.7628333 
0.7519472 
0.7351439 
0.7097345 
0.7030217 
0.6980361 
0.6898894 
0.6962385 
0.7016620 
0.6994661 
0.7012580 
0.7062671 
0.7150625 
0.7229410 
0.7294492 
0.7355324 
0.7402784 
0.7374125 
0.7247388 
0.7121065 
0.7010611 
0.6919059 
0.6960881 
0.6927097 
0.7017247 
0.7039879 
0.7097798 
0.7147111 
0.7201469 
0.7230375 
0.7309846 
0.7334293 
0.7385588 
0.7385279 
0.7372021 
0.7239351 
0.7184562 
0.7117101 
0.7088152 
0.7023457 
0.6922324 
0.6841465 
0.6785954 
0.6853288 
0.6749560 
0.6833864 
0.6859126 
0.6981374 
0.7076996 
0.7069101 
0.7149433 
0.7216493 
0.7161054 
0.7079332 
0.7063518 
0.6957014 
0.6895101 
0.6830044 
0.6854372 
0.6842765 
0.6787514 
0.6795347 
0.6780362 
0.6815747 
0.6846603 
0.6872745 
0.6997255 
0.7018649 
0.7058776 
0.7004973 
0.7056255 
0.6967778 
0.6936416 
0.6912057 
0.6893963 
0.6859127 
0.6826953 
0.6838389 
0.6789034 
0.6751070 
0.6722804 
0.6767451 
0.6825814 
0.6894405 
0.6910483 
0.6918855 
0.6965470 
0.6999196 
0.6965202 
0.6813761 
0.6754474 
0.6732536 
0.6675219 
0.6679268 
0.6644323 
0.6638069 
0.6616785 
0.6656863 
0.6678516 
0.6722292 
0.6678097 
0.6727403 
0.6758039 
0.6752614 
0.6783002 
0.6811662 
0.6910130 
0.6887326 
0.6944719 
0.6919436 
0.6909605 
0.6903212 
0.6905420 
0.6943922 
0.6946460 
0.6936708 
0.6923851 
0.6901889 
0.6874252 
0.6855209 
0.6822693 
0.6810750 
0.6795634 
0.6846994 
0.6869944 
0.6838342 
0.6822940 
0.6794064 
0.6803065 
0.6784959 
0.6745472 
0.6793455 
0.6783148 
0.6763093 
0.6747552 
0.6776062 
0.6790586 
0.6839458 
0.6852695 
0.6852010 
0.6817393 
0.6807556 
0.6814907 
0.6814762 
0.6824596 
0.6824340 
0.6844722 
0.6805865 
0.6750994 
0.6748569 
0.6782309 
0.6834806 
0.6827476 
0.6914324 
0.6874532 
0.6790059 
0.6758774 
0.6783830 
0.6737994 
0.6695368 
0.6692737 
0.6738521 
0.6732058 
0.6722908 
0.6724756 
0.6735409 
0.6680830 
0.6637260 
0.6630196 
0.6603058 
0.6606992 
0.6589933 
0.6692329 
0.6695862 
0.6700931 
0.6756106 
0.6722366 
0.6683251 
0.6692286 
0.6632308 
0.6644407 
0.6619696 
0.6617268 
0.6574231 
0.6556322 
0.6619035 
0.6671975 
0.6584408 
0.6539440 
0.6504669 
0.6487680 
0.6488328 
0.6478269 
0.6416200 
0.6398035 
0.6361930 
0.6305018 
0.6401281 
0.6545410 
0.6606097 
0.6628980 
0.6689082 
0.6634183 
0.6648638 
0.6626716 
0.6491684 
0.6557029 
0.6570670 
0.6532179 
0.6537547 
0.6555004 
0.6496777 
0.6442720 
0.6356244 
0.6364148 
0.6352715 
0.6317993 
0.6305889 
0.6305988 
0.6327976 
0.6334470 
0.6326719 
0.6355858 
0.6398418 
0.6381196 
0.6343128 
0.6314989 
0.6282594 
0.6270207 
0.6360843 
0.6379983 
0.6458109 
0.6434277 
0.6428843 
0.6409944 
0.6439445 
0.6442044 
0.6394491 
0.6363768 
0.6309741 
0.6319352 
0.6246387 
0.6210151 
0.6164749 
0.6198277 
0.6233523 
0.6127578 
0.6162565 
0.6203931 
0.6455851 
0.6605581 
0.6608446 
0.6605535 
0.6636366 
0.6623062 
0.6519773 
0.6446857 
0.6423104 
0.6358476 
0.6352038 
0.6389617 
0.6356292 
0.6349446 
0.6323436 
0.6275788 
0.6314210 
0.6356877 
0.6454224 
0.6492444 
0.6473444 
0.6456178 
0.6326424 
0.6323073 
0.6245808 
0.6263652 
0.6334985 
0.6276763 
0.6195232 
0.6146122 
0.6198494 
0.6144353 
0.6201582 
0.6219651 
0.6264354 
0.6279649 
0.6349125 
0.6334604 
0.6340407 
0.6390642 
0.6389183 
0.6386507 
0.6369960 
0.6386164 
0.6376244 
0.6412826 
0.6449180 
0.6438610 
0.6390685 
0.6373652 
0.6324664 
0.6264585 
0.6283635 
0.6263790 
0.6295568 
0.6253828 
0.6259140 
0.6241579 
0.6170490 
0.6187268 
0.6211543 
0.6240396 
0.6240608 
0.6224493 
0.6211576 
0.6139116 
0.6112719 
0.6098039 
0.6093620 
0.6160305 
0.6167315 
0.6178444 
0.6176139 
0.6235888 
0.6234175 
0.6201357 
0.6191949 
0.6100517 
0.6070857 
0.6051794 
0.6065093 
0.6017034 
0.6088660 
0.6114974 
0.6151603 
0.6166323 
0.6055902 
0.5991044 
0.5971113 
0.5985751 
0.5985325 
0.5972745 
0.6025710 
0.6160136 
0.6199588 
0.6192115 
0.6158751 
0.6166875 
0.6115653 
0.6160910 
0.6059777 
0.6048392 
0.6070800 
0.6026007 
0.6072077 
0.6142850 
0.6163211 
0.6191776 
0.6165941 
0.6130577 
0.6106383 
0.6075753 
0.6084830 
0.6094676 
0.6042605 
0.6048450 
0.6105365 
0.6103423 
0.6037023 
0.6050164 
0.6138709 
0.6146210 
0.6139732 
0.6148612 
0.6137782 
0.6092132 
0.6040658 
0.6008507 
0.6020413 
0.6090652 
0.6082767 
0.6003084 
0.5972336 
0.5950287 
0.5899231 
0.5896371 
0.5926572 
0.5904182 
0.5892721 
0.5957837 
0.5885341 
0.5887875 
0.5911224 
0.5918338 
0.5904312 
0.5940130 
0.5885639 
0.5891651 
0.5921138 
0.5901388 
0.5862079 
0.5841000 
0.5778980 
0.5806892 
0.5804952 
0.5785677 
0.5808872 
0.5794901 
0.5760100 
0.5812582 
0.5821046 
0.5818159 
0.5774857 
0.5765684 
0.5805441 
0.5807503 
0.5809360 
0.5851383 
0.5927385 
0.5880591 
0.5827006 
0.5861282 
0.5890763 
0.5907612 
0.5923428 
0.5950421 
0.6028518 
0.5967254 
0.5920214 
0.5972880 
0.6016995 
0.6042132 
0.6059789 
0.6061198 
0.5993607 
0.5991725 
0.5985533 
0.5972678 
0.5933329 
0.5907945 
0.5914581 
0.5885134 
0.5893216 
0.5856131 
0.5824993 
0.5828452 
0.5805783 
0.5797349 
0.5803834 
0.5813746 
0.5783669 
0.5772877 
0.5864522 
0.5928742 
0.5938058 
0.6086336 
0.6176610 
0.6271179 
0.6239457 
0.6266294 
0.6244661 
0.6126896 
0.5937874 
0.5879112 
0.5873359 
0.5812401 
0.5835408 
0.5845300 
0.5801412 
0.5784644 
0.5762380 
0.5716833 
0.5725471 
0.5693262 
0.5713158 
0.5742622 
0.5734122 
0.5767833 
0.5755601 
0.5782806 
0.5759793 
0.5769200 
0.5736895 
0.5710822 
0.5708895 
0.5682903 
0.5678873 
0.5692828 
0.5758769 
0.5757578 
0.5704831 
0.5688524 
0.5720547 
0.5746875 
0.5664139 
0.5661965 
0.5746966 
0.5769790 
0.5811414 
0.5834778 
0.5780336 
0.5776468 
0.5761427 
0.5737115 
0.5751624 
0.5661023 
0.5639129 
0.5664543 
0.5607269 
0.5613562 
0.5631568 
0.5680855 
0.5700739 
0.5660381 
0.5653674 
0.5590297 
0.5605225 
0.5605154 
0.5567128 
0.5634933 
0.5540307 
0.5495263 
0.5547765 
0.5541517 
0.5549383 
0.5558766 
0.5581535 
0.5499678 
0.5473271 
0.5473279 
0.5470647 
0.5411747 
0.5426265 
0.5361355 
0.5429630 
0.5447424 
0.5438368 
0.5469737 
0.5417950 
0.5452575 
0.5489924 
0.5471606 
0.5438727 
0.5402006 
0.5393972 
0.5356454 
0.5369302 
0.5407113 
0.5369076 
0.5348226 
0.5399046 
0.5452436 
0.5367561 
0.5471577 
0.5498991 
0.5544442 
0.5550727 
0.5482747 
0.5493730 
0.5470644 
0.5432608 
0.5411272 
0.5382954 
0.5362815 
0.5298870 
0.5308596 
0.5200541 
0.5211280 
0.5172098 
0.5129386 
0.5104976 
0.5047064 
0.4965751 
0.5057406 
0.5073109 
0.5066767 
0.5102747 
0.5144171 
0.5127216 
0.5158336 
0.5140683 
0.5175178 
0.5294771 
0.5393381 
0.5416004 
0.5437230 
0.5564274 
0.5591364 
0.5681284 
0.5667803 
0.5700202 
0.5616069 
0.5527075 
0.5516067 
0.5504795 
0.5502166 
0.5464513 
0.5424910 
0.5427581 
0.5424431 
0.5398047 
0.5404514 
0.5466914 
0.5251807 
0.5317567 
0.5389445 
0.5436567 
0.5477858 
0.5520679 
0.5541637 
0.5511524 
0.5472857 
0.5435552 
0.5353659 
0.5283958 
0.5238336 
0.5202323 
0.5157060 
0.5197196 
0.5232803 
0.5198228 
0.5220516 
0.5222471 
0.5233492 
0.5199008 
0.5240612 
0.5199106 
0.5141745 
0.5093096 
0.5016773 
0.5002656 
0.5022355 
0.5079054 
0.5104964 
0.5098549 
0.5027738 
0.5003462 
0.5049205 
0.5086847 
0.5116663 
0.5090358 
0.5047908 
0.5056648 
0.5056079 
0.5014702 
0.5024566 
0.5128348 
0.5090859 
0.5165140 
0.5179957 
0.5236764 
0.5232338 
0.5240802 
0.5225614 
0.5303548 
0.5328394 
0.5252004 
0.5068421 
0.4986772 
0.4957170 
0.4967690 
0.4938959 
0.4960053 
0.4938307 
0.4896528 
0.4921546 
0.4908758 
0.4881372 
0.4953975 
0.4985178 
0.4938700 
0.4955813 
0.5017508 
0.5060349 
0.5051316 
0.5146174 
0.5217917 
0.5223410 
0.5106182 
0.5082248 
0.5041193 
0.4971254 
0.4915782 
0.4797823 
0.4824368 
0.4849047 
0.4810267 
0.4713300 
0.4696891 
0.4728626 
0.4696579 
0.4744975 
0.4752717 
0.4835088 
0.4879375 
0.4856090 
0.4858793 
0.4873005 
0.4848664 
0.4855871 
0.4873965 
0.4912222 
0.4913162 
0.4927110 
0.4925094 
0.4872058 
0.4806371 
0.4734394 
0.4691796 
0.4774157 
0.4808897 
0.4783801 
0.4736764 
0.4703980 
0.4699125 
0.4753854 
0.4777366 
0.4806453 
0.4769189 
0.4754220 
0.4751882 
0.4824965 
0.4820619 
0.4884833 
0.4848060 
0.4802433 
0.4789186 
0.4796833 
0.4856001 
0.4894218 
0.4927235 
0.4938551 
0.4856748 
0.4805711 
0.4828059 
0.4809666 
0.4752098 
0.4690072 
0.4651755 
0.4630760 
0.4575599 
0.4586589 
0.4574597 
0.4579357 
0.4635320 
0.4654288 
0.4722916 
0.4637553 
0.4672980 
0.4665334 
0.4634800 
0.4558719 
0.4622702 
0.4586274 
0.4595217 
0.4572624 
0.4580850 
0.4552024 
0.4580785 
0.4606836 
0.4601013 
0.4613837 
0.4593709 
0.4564421 
0.4531223 
0.4503886 
0.4589120 
0.4562145 
0.4548211 
0.4598859 
0.4705155 
0.4717448 
0.4729817 
0.4750535 
0.4726007 
0.4740072 
0.4741870 
0.4704431 
0.4753655 
0.4770053 
0.4815044 
0.4975903 
0.5053857 
0.5166468 
0.5106831 
0.5091369 
0.5030403 
0.4797334 
0.4480245 
0.4457060 
0.4490742 
0.4473316 
0.4454897 
0.4398693 
0.4407824 
0.4452620 
0.4460823 
0.4495571 
0.4488278 
0.4502352 
0.4482381 
0.4490432 
0.4474209 
0.4471282 
0.4432971 
0.4390979 
0.4459560 
0.4406784 
0.4370004 
0.4422190 
0.4451451 
0.4448685 
0.4402044 
0.4349750 
0.4329802 
0.4390540 
0.4377022 
0.4334703 
0.4359461 
0.4371778 
0.4368421 
0.4354066 
0.4397661 
0.4405137 
0.4428711 
0.4439368 
0.4473751 
0.4481716 
0.4459090 
0.4406823 
0.4346650 
0.4378542 
0.4432236 
0.4423143 
0.4333028 
0.4318230 
0.4366166 
0.4386003 
0.4420913 
0.4448788 
0.4462132 
0.4376108 
0.4387054 
0.4380175 
0.4291328 
0.4344647 
0.4370960 
0.4381300 
0.4332252 
0.4333026 
0.4307517 
0.4344720 
0.4333500 
0.4312773 
0.4377900 
0.4451182 
0.4455342 
0.4410287 
0.4457287 
0.4443296 
0.4331413 
0.4396130 
0.4397432 
0.4355654 
0.4371054 
0.4359712 
0.4373403 
0.4357289 
0.4361587 
0.4344200 
0.4302144 
0.4292447 
0.4277538 
0.4171095 
0.4208342 
0.4201897 
0.4176973 
0.4221663 
0.4239815 
0.4264448 
0.4256016 
0.4236461 
0.4248746 
0.4307680 
0.4280445 
0.4242401 
0.4206346 
0.4185884 
0.4188926 
0.4186894 
0.4202145 
0.4192035 
0.4272131 
0.4248065 
0.4206062 
0.4241603 
0.4215221 
0.4218770 
0.4203986 
0.4213213 
0.4221110 
0.4192662 
0.4135555 
0.4150638 
0.4075573 
0.4058325 
0.4021412 
0.4206227 
0.4211038 
0.4186725 
0.4225534 
0.4206963 
0.4163225 
0.4217583 
0.4202042 
0.4184731 
0.4200117 
0.4203270 
0.4151730 
0.4115845 
0.4151716 
0.4184203 
0.4105232 
0.4050851 
0.4041284 
0.4068407 
0.4142730 
0.4109456 
0.4109364 
0.4115043 
0.4088233 
0.4060498 
0.4088486 
0.4075069 
0.4106001 
0.4128034 
0.4053164 
0.4096617 
0.4105095 
0.4108464 
0.4108441 
0.4088896 
0.4155295 
0.4216746 
0.4179618 
0.4159088 
0.4137885 
0.4176753 
0.4096162 
0.4090508 
0.4070137 
0.4062521 
0.4036415 
0.4132114 
0.4125763 
0.4112807 
0.4112677 
0.4061665 
0.4026353 
0.4042970 
0.4039736 
0.4036912 
0.4086410 
0.4106142 
0.4102442 
0.4091729 
0.4096823 
0.4052732 
0.4028280 
0.3982760 
0.4001848 
0.3947911 
0.3898665 
0.3955619 
0.3947095 
0.3946361 
0.3964731 
0.3956395 
0.3994360 
0.4009978 
0.4043247 
0.4052747 
0.4044171 
0.4028001 
0.4009172 
0.4018583 
0.4067547 
0.4062850 
0.4044760 
0.4052623 
0.4087681 
0.4028650 
0.4033702 
0.4082436 
0.4058958 
0.4043516 
0.3948746 
0.4027963 
0.4068183 
0.4070609 
0.4084486 
0.4093080 
0.4042353 
0.4026000 
0.4073410 
0.4074733 
0.4058896 
0.4016481 
0.4042902 
0.4012603 
0.3993703 
0.4011334 
0.4067706 
0.4054775 
0.4062571 
0.4038324 
0.4048463 
0.4011571 
0.3899598 
0.3866873 
0.3916907 
0.3927699 
0.3916712 
0.3875474 
0.3850908 
0.3790710 
0.3790148 
0.3852571 
0.3903556 
0.3865646 
0.3845815 
0.3816027 
0.3814656 
0.3804008 
0.3721624 
0.3721835 
0.3787022 
0.3854301 
0.3863974 
0.3860160 
0.3858812 
0.3854887 
0.3778509 
0.3718026 
0.3660440 
0.3692988 
0.3713688 
0.3781352 
0.3813044 
0.3815797 
0.3799215 
0.3823644 
0.3791371 
0.3796254 
0.3879868 
0.3841394 
0.3884969 
0.3931476 
0.3839424 
0.3817631 
0.3831269 
0.3816106 
0.3809137 
0.3817893 
0.3811289 
0.3776138 
0.3733193 
0.3744963 
0.3765612 
0.3740736 
0.3743073 
0.3707950 
0.3642572 
0.3609805 
0.3579221 
0.3611091 
0.3688750 
0.3757888 
0.3722517 
0.3737847 
0.3766601 
0.3722669 
0.3671128 
0.3684142 
0.3706622 
0.3671993 
0.3738334 
0.3681702 
0.3651613 
0.3650378 
0.3614226 
0.3609936 
0.3643842 
0.3693801 
0.3717136 
0.3849359 
0.3904399 
0.3898320 
0.3912455 
0.3867100 
0.3714044 
0.3655698 
0.3625896 
0.3512002 
0.3510041 
0.3470907 
0.3461541 
0.3429051 
0.3479700 
0.3564333 
0.3645302 
0.3697418 
0.3703278 
0.3728667 
0.3638206 
0.3643287 
0.3662210 
0.3617424 
0.3580746 
0.3509624 
0.3456728 
0.3479357 
0.3399653 
0.3386653 
0.3396192 
0.3367725 
0.3461324 
0.3516241 
0.3591935 
0.3668642 
0.3671948 
0.3703746 
0.3744648 
0.3783619 
0.3705805 
0.3655686 
0.3668014 
0.3586656 
0.3542310 
0.3546543 
0.3548637 
0.3487166 
0.3512605 
0.3523454 
0.3588188 
0.3603929 
0.3685706 
0.3709409 
0.3767005 
0.3761358 
0.3806822 
0.3736509 
0.3765887 
0.3698957 
0.3678096 
0.3679510 
0.3662225 
0.3606686 
0.3576980 
0.3566694 
0.3543490 
0.3648842 
0.3702005 
0.3626931 
0.3670220 
0.3657040 
0.3672191 
0.3644489 
0.3651460 
0.3713706 
0.3699812 
0.3645007 
0.3642882 
0.3635365 
0.3587154 
0.3580606 
0.3554705 
0.3514236 
0.3562225 
0.3659706 
0.3621946 
0.3516043 
0.3478263 
0.3510282 
0.3539118 
0.3485318 
0.3523145 
0.3550165 
0.3590764 
0.3665635 
0.3634578 
0.3571573 
0.3421176 
0.3488622 
0.3500208 
0.3496956 
0.3524563 
0.3540965 
0.3549844 
0.3548490 
0.3525643 
0.3422285 
0.3434556 
0.3463830 
0.3433716 
0.3394630 
0.3394394 
0.3395626 
0.3389521 
0.3398899 
0.3381822 
0.3383137 
0.3385699 
0.3339774 
0.3370530 
0.3345040 
0.3339775 
0.3386883 
0.3424396 
0.3545370 
0.3537368 
0.3530694 
0.3452760 
0.3397057 
0.3294695 
0.3260031 
0.3206920 
0.3231748 
0.3249118 
0.3274823 
0.3359419 
0.3395776 
0.3406538 
0.3385147 
0.3329610 
0.3374499 
0.3357408 
0.3373492 
0.3373142 
0.3385486 
0.3339019 
0.3362329 
0.3316352 
0.3266305 
0.3223310 
0.3172139 
0.3074454 
0.3017361 
0.3032782 
0.3049672 
0.3058097 
0.3076069 
0.3103862 
0.3183896 
0.3182112 
0.3203168 
0.3278522 
0.3290231 
0.3289136 
0.3261759 
0.3280269 
0.3184790 
0.3149001 
0.3157023 
0.3137667 
0.3175621 
0.3131676 
0.3066130 
0.3107581 
0.3070893 
0.3075907 
0.3016734 
0.2978242 
0.2995004 
0.3031549 
0.2974032 
0.2982759 
0.3041427 
0.3057409 
0.3041205 
0.3135189 
0.3119564 
0.3144519 
0.3178401 
0.3116916 
0.3069328 
0.2937295 
0.2882065 
0.2919362 
0.2987293 
0.3019872 
0.2986440 
0.2956785 
0.2915513 
0.2923590 
0.2856599 
0.2855267 
0.2813033 
0.2793605 
0.3086908 
0.3113759 
0.3114722 
0.3135226 
0.3124198 
0.3135614 
0.3100321 
0.3046892 
0.3078933 
0.3138289 
0.3118043 
0.3116147 
0.3017145 
0.2978973 
0.2959407 
0.2962639 
0.2965200 
0.2966031 
0.2949474 
0.3054807 
0.3150905 
0.3190928 
0.3190399 
0.3209302 
0.3191824 
0.3130293 
0.3074933 
0.3092661 
0.3014504 
0.2955923 
0.2971036 
0.3012503 
0.2940268 
0.2952326 
0.3019654 
0.3024089 
0.3023457 
0.2992425 
0.2980202 
0.3016336 
0.2949823 
0.2887302 
0.2920787 
0.2903790 
0.2890767 
0.2916896 
0.2879296 
0.2990405 
0.3034565 
0.3051164 
0.2957847 
0.2933827 
0.2827003 
0.2810761 
0.2820125 
0.2806897 
0.2836863 
0.2867972 
0.2943825 
0.3011191 
0.2992922 
0.3081087 
0.3089168 
0.3039937 
0.3005062 
0.2922240 
0.2899686 
0.2933138 
0.2912364 
0.2926566 
0.2901180 
0.2915353 
0.2980666 
0.2934719 
0.2951300 
0.2974794 
0.2880064 
0.2801756 
0.2734740 
0.2782888 
0.2693819 
0.2719046 
0.2744114 
0.2766379 
0.2867056 
0.2898754 
0.2940375 
0.2904139 
0.2933443 
0.2940279 
0.2940934 
0.2917104 
0.2852002 
0.2802294 
0.2810236 
0.2828267 
0.2828991 
0.2791523 
0.2806797 
0.2814841 
0.2864160 
0.2759362 
0.2684080 
0.2647400 
0.2650772 
0.2703211 
0.2702940 
0.2707029 
0.2679130 
0.2856993 
0.2858410 
0.2909943 
0.2846056 
0.2842369 
0.2803068 
0.2695812 
0.2723997 
0.2720477 
0.2686631 
0.2671716 
0.2587650 
0.2635290 
0.2639368 
0.2692429 
0.2687309 
0.2728107 
0.2825538 
0.2819082 
0.2751761 
0.2819234 
0.2852710 
0.2878177 
0.2854580 
0.2732945 
0.2555026 
0.2533679 
0.2547011 
0.2530626 
0.2563741 
0.2624704 
0.2642659 
0.2689678 
0.2665308 
0.2603309 
0.2573270 
0.2557052 
0.2578909 
0.2581800 
0.2560909 
0.2562861 
0.2541663 
0.2530079 
0.2536731 
0.2530151 
0.2577175 
0.2545688 
0.2547596 
0.2557730 
0.2534129 
0.2484561 
0.2480866 
0.2549859 
0.2617571 
0.2656428 
0.2666673 
0.2637771 
0.2585838 
0.2533880 
0.2547604 
0.2585825 
0.2597920 
0.2619091 
0.2640168 
0.2669669 
0.2630032 
0.2651436 
0.2653975 
0.2665221 
0.2700338 
0.2697742 
0.2661555 
0.2642787 
0.2597756 
0.2584687 
0.2562921 
0.2474020 
0.2480982 
0.2474117 
0.2452419 
0.2507598 
0.2511720 
0.2502002 
0.2593732 
0.2553081 
0.2615228 
0.2555437 
0.2636093 
0.2651283 
0.2642030 
0.2620922 
0.2588337 
0.2556626 
0.2617699 
0.2698704 
0.2667602 
0.2637520 
0.2656779 
0.2666715 
0.2630957 
0.2735679 
0.2762206 
0.2821498 
0.2744409 
0.2684710 
0.2691005 
0.2585563 
0.2559251 
0.2617439 
0.2601174 
0.2571371 
0.2566419 
0.2549737 
0.2541080 
0.2552742 
0.2575385 
0.2596399 
0.2596918 
0.2609435 
0.2599208 
0.2560176 
0.2543227 
0.2527253 
0.2419710 
0.2502305 
0.2421850 
0.2459401 
0.2436884 
0.2438695 
0.2488969 
0.2471211 
0.2500828 
0.2499623 
0.2456018 
0.2547357 
0.2518088 
0.2452698 
0.2449377 
0.2592865 
0.2559037 
0.2561782 
0.2543193 
0.2603772 
0.2563471 
0.2596645 
0.2624770 
0.2611726 
0.2610099 
0.2653298 
0.2677160 
0.2493847 
0.2411396 
0.2407580 
0.2437054 
0.2362352 
0.2307581 
0.2300106 
0.2371018 
0.2349081 
0.2362271 
0.2395077 
0.2470830 
0.2407459 
0.2417992 
0.2511386 
0.2496953 
0.2505501 
0.2376232 
0.2387311 
0.2440528 
0.2506731 
0.2535740 
0.2422624 
0.2502839 
0.2422400 
0.2430503 
0.2466962 
0.2432757 
0.2445126 
0.2377531 
0.2308609 
0.2338899 
0.2315746 
0.2379141 
0.2293995 
0.2281379 
0.2414356 
0.2373279 
0.2374348 
0.2375606 
0.2303940 
0.2198427 
0.2209119 
0.2204190 
0.2206335 
0.2221754 
0.2208244 
0.2179034 
0.2237287 
0.2266093 
0.2103428 
0.2123859 
0.2115699 
0.2119486 
0.2180340 
0.2172699 
0.2243219 
0.2271925 
0.2152939 
0.2182421 
0.2243287 
0.2217899 
0.2238136 
0.2184890 
0.2143077 
0.2118031 
0.2104734 
0.2239948 
0.2283160 
0.2218828 
0.2244055 
0.2187822 
0.2137348 
0.2102663 
0.2019729 
0.2072959 
0.2014304 
0.2003579 
0.2078755 
0.2089531 
0.2090877 
0.2115221 
0.2096148 
0.2154893 
0.2184319 
0.2179282 
0.2162412 
0.2178506 
0.2204661 
0.2171203 
0.2164633 
0.2120580 
0.2128067 
0.2131301 
0.2151576 
0.2071649 
0.2065185 
0.2056956 
0.2032379 
0.1969966 
0.1966148 
0.2000471 
0.2048895 
0.2107481 
0.2066084 
0.2064138 
0.1995530 
0.1991051 
0.1973187 
0.1994400 
0.1959173 
0.1950688 
0.1955464 
0.1986269 
0.1948387 
0.1947476 
0.1973967 
0.1964072 
0.1998347 
0.1971082 
0.1931143 
0.1932801 
0.1952356 
0.1983639 
0.1952956 
0.1948366 
0.2006042 
0.1995497 
0.1980195 
0.1948685 
0.2023393 
0.2008476 
0.2047523 
0.1946666 
0.1978994 
0.1873165 
0.1881488 
0.1910467 
0.2028324 
0.2070134 
0.2071784 
0.2048939 
0.2016571 
0.2018852 
0.2013752 
0.2030145 
0.2062101 
0.2027974 
0.2058299 
0.2068300 
0.1999271 
0.2065815 
0.2010038 
0.1969432 
0.1938950 
0.1971908 
0.1916764 
0.1905669 
0.1951238 
0.2008279 
0.1947888 
0.1986668 
0.1903581 
0.1939913 
0.1970711 
0.1926015 
0.1940778 
0.1977488 
0.1975707 
0.1995937 
0.2087888 
0.2175896 
0.2308530 
0.2284969 
0.1987621 
0.1955741 
0.1919730 
0.1906490 
0.1931478 
0.1915455 
0.1868538 
0.1900482 
0.1870228 
0.1854972 
0.1830129 
0.1767648 
0.1763647 
0.1681338 
0.1640682 
0.1603854 
0.1510090 
0.1548206 
0.1525114 
0.1455081 
0.1445719 
0.1470314 
0.1427275 
0.1440741 
0.1373519 
0.1398239 
0.1413862 
0.1438159 
0.1439973 
0.1414281 
0.1451664 
0.1469683 
0.1392841 
0.1346683 
0.1333875 
0.1360193 
0.1417771 
0.1414846 
0.1410523 
0.1399506 
0.1329203 
0.1521133 
0.1535276 
0.1729356 
0.1869446 
0.1836011 
0.1777695 
0.1809347 
0.1845871 
0.1875282 
0.1977571 
0.1963108 
0.1860333 
0.1869492 
0.1927504 
0.1981022 
0.2061732 
0.2025713 
0.2056999 
0.2039270 
0.2092972 
0.2047750 
0.2045649 
0.2058866 
0.2016568 
0.1974680 
0.1894487 
0.1922964 
0.1844038 
0.1775169 
0.1752979 
0.1797674 
0.1785714 
0.1743425 
0.1709824 
0.1708310 
0.1697810 
0.1688879 
0.1569596 
0.1587078 
0.1560357 
0.1534271 
0.1592573 
0.1602288 
0.1585554 
0.1534734 
0.1552475 
0.1554286 
0.1508386 
0.1497283 
0.1527440 
0.1524190 
0.1536580 
0.1563130 
0.1567839 
0.1591600 
0.1612282 
0.1640392 
0.1652935 
0.1611785 
0.1602846 
0.1583371 
0.1593622 
0.1542374 
0.1524248 
0.1549652 
0.1538217 
0.1492456 
0.1498814 
0.1494471 
0.1502627 
0.1490957 
0.1439832 
0.1449540 
0.1447653 
0.1447551 
0.1445139 
0.1433644 
0.1403396 
0.1404536 
0.1368058 
0.1369238 
0.1517622 
0.1641704 
0.1684810 
0.1551762 
0.1505041 
0.1472276 
0.1419652 
0.1392362 
0.1350421 
0.1320805 
0.1321814 
0.1339652 
0.1423639 
0.1447114 
0.1464650 
0.1441519 
0.1510725 
0.1500123 
0.1471303 
0.1500973 
0.1489880 
0.1448825 
0.1427298 
0.1435044 
0.1458596 
0.1476700 
0.1504303 
0.1498112 
0.1463004 
0.1487559 
0.1495847 
0.1413141 
0.1377342 
0.1357015 
0.1317389 
0.1275449 
0.1340810 
0.1406882 
0.1324231 
0.1384914 
0.1408586 
0.1364849 
0.1419242 
0.1401935 
0.1361946 
0.1382488 
0.1428288 
0.1470567 
0.1373911 
0.1364288 
0.1317013 
0.1308455 
0.1352268 
0.1295817 
0.1317206 
0.1371279 
0.1362098 
0.1348049 
0.1359171 
0.1367659 
0.1307412 
0.1283444 
0.1306772 
0.1328999 
0.1385585 
0.1268716 
0.1184221 
0.1173000 
0.1221924 
0.1199304 
0.1205256 
0.1193328 
0.1162810 
0.1207693 
0.1198766 
0.1249455 
0.1238333 
0.1230507 
0.1242142 
0.1296405 
0.1319116 
0.1260712 
0.1349117 
0.1325109 
0.1245058 
0.1202167 
0.1200807 
0.1196617 
0.1134896 
0.1174213 
0.1127191 
0.1148870 
0.1243228 
0.1241657 
0.1210132 
0.1164472 
0.1052255 
0.1063965 
0.0998391 
0.1038487 
0.1102465 
0.1186460 
0.1208275 
0.1279213 
0.1262541 
0.1142722 
0.1137878 
0.1143759 
0.1143923 
0.1185847 
0.1197966 
0.1175073 
0.1276800 
0.1298461 
0.1269491 
0.1248478 
0.1202644 
0.1212471 
0.1201147 
0.1178720 
0.1208758 
0.1224825 
0.1184887 
0.1126764 
0.1096973 
0.1032498 
0.1018369 
0.1005502 
0.1098385 
0.1120495 
0.1045398 
0.1081848 
0.1055631 
0.0977918 
0.0966394 
0.0990920 
0.0992498 
0.1000767 
0.1027257 
0.1138872 
0.1077903 
0.1069920 
0.1058212 
0.1049775 
0.1013737 
0.1047576 
0.1077870 
0.1047239 
0.0968737 
0.0987411 
0.1002353 
0.1137527 
0.1162926 
0.1116445 
0.1115372 
0.1090246 
0.1107627 
0.1192175 
0.1231487 
0.1021021 
0.0967947 
0.0921826 
0.0924993 
0.0946017 
0.0984087 
0.1036762 
0.1010262 
0.0972367 
0.0997551 
0.1010019 
0.1031971 
0.1035487 
0.1020348 
0.1035742 
0.1047735 
0.1093643 
0.1176912 
0.1157608 
0.1159481 
0.1163202 
0.1119469 
0.1049151 
0.1038704 
0.1028117 
0.1044251 
0.1015997 
0.0983041 
0.0949483 
0.0977748 
0.1111322 
0.1107113 
0.1107276 
0.1084701 
0.1072678 
0.1068538 
0.1036402 
0.1027007 
0.1051278 
0.1036001 
0.1036330 
0.1009456 
0.0996158 
0.0961722 
0.0940956 
0.1005974 
0.1060789 
0.1083795 
0.0992377 
0.0933878 
0.0962982 
0.0954858 
0.0931722 
0.0898503 
0.0929062 
0.0906026 
0.0848514 
0.0839487 
0.0905673 
0.0874032 
0.0875528 
0.0958677 
0.0890251 
0.0876454 
0.0875231 
0.0960986 
0.0891978 
0.0929027 
0.0884320 
0.0804198 
0.0844075 
0.0807639 
0.0837085 
0.0890913 
0.0852954 
0.0882341 
0.0873277 
0.0863979 
0.0801077 
0.0830944 
0.0771111 
0.0821424 
0.0818328 
0.0807875 
0.0780799 
0.0853739 
0.0826473 
0.0671878 
0.0744989 
0.0682701 
0.0719586 
0.0744258 
0.0742633 
0.0682273 
0.0730222 
0.0760413 
0.0712734 
0.0722858 
0.0716977 
0.0667734 
0.0715647 
0.0685505 
0.0668672 
0.0731481 
0.0771472 
0.0794901 
0.0747176 
0.0749115 
0.0778121 
0.0715354 
0.0688415 
0.0618839 
0.0641349 
0.0646123 
0.0698770 
0.0721846 
0.0765975 
0.0723129 
0.0690125 
0.0721269 
0.0742103 
0.0732696 
0.0729802 
0.0765696 
0.0764082 
0.0773476 
0.0719556 
0.0662467 
0.0645210 
0.0615318 
0.0658843 
0.0635210 
0.0586274 
0.0515263 
0.0537131 
0.0538571 
0.0564607 
0.0542692 
0.0529381 
0.0505252 
0.0465292 
0.0515055 
0.0501626 
0.0516665 
0.0526050 
0.0610049 
0.0676359 
0.0660630 
0.0633666 
0.0564263 
0.0640729 
0.0650085 
0.0639340 
0.0640568 
0.0695014 
0.0670320 
0.0642352 
0.0709215 
0.0675316 
0.0708513 
0.0698757 
0.0689479 
0.0726482 
0.0675691 
0.0688087 
0.0754121 
0.0725806 
0.0692564 
0.0691393 
0.0651509 
0.0674811 
0.0682693 
0.0669201 
0.0643453 
0.0641561 
0.0643310 
0.0629792 
0.0647270 
0.0717506 
0.0716609 
0.0744489 
0.0675712 
0.0705768 
0.0692255 
0.0704309 
0.0625738 
0.0621249 
0.0591287 
0.0631637 
0.0659724 
0.0649564 
0.0626213 
0.0692683 
0.0734305 
0.0720160 
0.0657809 
0.0664556 
0.0641152 
0.0586444 
0.0567146 
0.0526855 
0.0518516 
0.0578822 
0.0543437 
0.0577958 
0.0561765 
0.0558052 
0.0469076 
0.0501334 
0.0558408 
0.0565338 
0.0502367 
0.0555925 
0.0497665 
0.0549914 
0.0564941 
0.0551393 
0.0517974 
0.0507067 
0.0555368 
0.0530392 
0.0528137 
0.0508835 
0.0499533 
0.0488602 
0.0438916 
0.0417343 
0.0501598 
0.0524832 
0.0508490 
0.0448010 
0.0462290 
0.0504069 
0.0501891 
0.0408808 
0.0369082 
0.0355072 
0.0344499 
0.0393132 
0.0374669 
0.0310632 
0.0292162 
0.0311201 
0.0281012 
0.0363811 
0.0341298 
0.0326418 
0.0365761 
0.0376135 
0.0401445 
0.0327970 
0.0283449 
0.0285408 
0.0251108 
0.0277494 
0.0279212 
0.0290287 
0.0271375 
0.0280759 
0.0414763 
0.0358238 
0.0284692 
0.0317384 
0.0282786 
0.0296040 
0.0325429 
0.0355858 
0.0327006 
0.0336245 
0.0345704 
0.0338922 
0.0374415 
0.0326151 
0.0321355 
0.0390183 
0.0293877 
0.0265623 
0.0278965 
0.0257643 
0.0247217 
0.0309886 
0.0184497 
0.0246511 
0.0192504 
0.0191592 
0.0250535 
0.0265204 
0.0193574 
0.0215786 
0.0272256 
0.0236138 
0.0231090 
0.0255514 
0.0290312 
0.0091036 
0.0073465 
0.0000000 
0.0030773 
0.0040495 
0.0097857 
0.0128746 
0.0115722 
0.0132330 
0.0132805 
0.0145541 
0.0164254 
0.0240682 
0.0262578 
0.0197397 
0.0194038 
0.0225407 
0.0200137 
0.0294717 
0.0276407 
0.0162721 
