0.0001147 
0.0000527 
-0.0001100 
0.0009754 
0.1699829 
-0.4740839 
0.9841434 
1.0000000 
0.9974666 
0.9856073 
0.9748857 
0.9766928 
0.9782164 
0.9870979 
0.9885067 
0.9833568 
0.9738661 
0.9749127 
0.9802294 
0.9787973 
0.9760454 
0.9749127 
0.9822708 
0.9813198 
0.9797409 
0.9755405 
0.9729286 
0.9716614 
0.9727838 
0.9849061 
0.9801279 
0.9711574 
0.9716034 
0.9614831 
0.9596798 
0.9745227 
0.9833440 
0.9808531 
0.9728834 
0.9599422 
0.9607796 
0.9630923 
0.9626545 
0.9766517 
0.9720991 
0.9695927 
0.9602773 
0.9507513 
0.9715554 
0.9606727 
0.9680355 
0.9724816 
0.9629566 
0.9631990 
0.9646856 
0.9604143 
0.9623989 
0.9568050 
0.9487056 
0.9528335 
0.9489180 
0.9738459 
0.9569367 
0.9527013 
0.9536648 
0.9413921 
0.9459597 
0.9434671 
0.9460128 
0.9453332 
0.9528405 
0.9643420 
0.9499747 
0.9386678 
0.9361564 
0.9354116 
0.9276021 
0.9282662 
0.9388210 
0.9399763 
0.9345922 
0.9495503 
0.9513495 
0.9438691 
0.9154692 
0.9239144 
0.9316843 
0.9284275 
0.9265972 
0.9273252 
0.9190812 
0.9249821 
0.9281848 
0.9333690 
0.9313562 
0.9243675 
0.9165678 
0.9140247 
0.9225887 
0.9231065 
0.9177277 
0.9173035 
0.9203715 
0.9220757 
0.9186536 
0.9258758 
0.9270121 
0.9307060 
0.9261078 
0.9227729 
0.9135869 
0.9018554 
0.9100357 
0.9074365 
0.9043898 
0.9006492 
0.9045669 
0.9059241 
0.9133839 
0.9124627 
0.9060313 
0.9013333 
0.9122933 
0.9185497 
0.9071626 
0.9090648 
0.9087604 
0.8958968 
0.8973705 
0.8916544 
0.8965278 
0.8951144 
0.9016180 
0.8927577 
0.9014052 
0.8938725 
0.9027721 
0.8949528 
0.9055249 
0.9065501 
0.9082987 
0.9046401 
0.8970535 
0.8995740 
0.8943038 
0.8990776 
0.8975454 
0.8956707 
0.8989971 
0.8908180 
0.8947792 
0.8865774 
0.8828262 
0.8835615 
0.8918925 
0.8916226 
0.8853024 
0.8927990 
0.8987261 
0.8909458 
0.8764596 
0.8746693 
0.8736344 
0.8812274 
0.8769274 
0.8956214 
0.8950388 
0.8910938 
0.8946330 
0.8936260 
0.8865090 
0.8754666 
0.8746017 
0.8826842 
0.8784496 
0.8856863 
0.8904242 
0.8792365 
0.8699626 
0.8711854 
0.8589066 
0.8679587 
0.8735127 
0.8702569 
0.8715866 
0.8795481 
0.8652490 
0.8722889 
0.8728733 
0.8670878 
0.8635233 
0.8660941 
0.8638147 
0.8599367 
0.8633374 
0.8627310 
0.8684934 
0.8617989 
0.8663990 
0.8632010 
0.8592454 
0.8710679 
0.8705971 
0.8630241 
0.8599920 
0.8553275 
0.8630269 
0.8646133 
0.8554485 
0.8512091 
0.8444453 
0.8565520 
0.8544450 
0.8394477 
0.8518424 
0.8563166 
0.8521743 
0.8490076 
0.8411331 
0.8426331 
0.8409880 
0.8461904 
0.8506548 
0.8423304 
0.8412876 
0.8453662 
0.8481947 
0.8448182 
0.8416293 
0.8372648 
0.8371009 
0.8345318 
0.8394037 
0.8418928 
0.8397744 
0.8369260 
0.8336221 
0.8334676 
0.8459389 
0.8382396 
0.8351053 
0.8298265 
0.8281499 
0.8249913 
0.8328593 
0.8339908 
0.8373921 
0.8337537 
0.8272251 
0.8214476 
0.8166991 
0.8179599 
0.8161472 
0.8207297 
0.8229134 
0.8182322 
0.8172597 
0.8184640 
0.8146657 
0.8099485 
0.8010232 
0.7994399 
0.8096121 
0.8112514 
0.8126805 
0.8105659 
0.8116276 
0.8106554 
0.8130188 
0.8142398 
0.8059446 
0.8200989 
0.8152273 
0.8170717 
0.8082818 
0.8083349 
0.8110641 
0.8106529 
0.7993366 
0.8025410 
0.8012848 
0.7999426 
0.8055467 
0.8012840 
0.7960182 
0.8005643 
0.7984538 
0.7946371 
0.8004409 
0.8036857 
0.7899270 
0.7810339 
0.7883183 
0.7983863 
0.7920486 
0.7811705 
0.7773223 
0.7795895 
0.7897175 
0.7934205 
0.7852914 
0.7758443 
0.7771957 
0.7877215 
0.7896095 
0.7909443 
0.7884980 
0.7792596 
0.7767324 
0.7858750 
0.7905817 
0.7897084 
0.7783823 
0.7715081 
0.7747952 
0.7864650 
0.7893537 
0.7961098 
0.7925549 
0.7911229 
0.7895326 
0.7978217 
0.8080548 
0.7970280 
0.7916758 
0.7918265 
0.7949446 
0.7946040 
0.7876616 
0.7864575 
0.7800318 
0.7809958 
0.7781628 
0.7865460 
0.7833390 
0.7781288 
0.7808506 
0.7907698 
0.7943631 
0.7941055 
0.7899410 
0.7885197 
0.7942304 
0.7946983 
0.7964144 
0.7969807 
0.7875790 
0.7833943 
0.7770991 
0.7773941 
0.7800728 
0.7762287 
0.7782111 
0.7737820 
0.7794676 
0.7833819 
0.7771977 
0.7701706 
0.7674007 
0.7678215 
0.7663045 
0.7646536 
0.7702915 
0.7696392 
0.7700778 
0.7625212 
0.7601812 
0.7673287 
0.7613695 
0.7646279 
0.7598997 
0.7593421 
0.7556952 
0.7592958 
0.7612346 
0.7587623 
0.7577131 
0.7491887 
0.7524539 
0.7551376 
0.7571979 
0.7508051 
0.7585518 
0.7676227 
0.7645579 
0.7544169 
0.7474053 
0.7579732 
0.7529252 
0.7529154 
0.7490387 
0.7416088 
0.7601975 
0.7551344 
0.7450437 
0.7435679 
0.7400413 
0.7452856 
0.7344824 
0.7355759 
0.7279369 
0.7422103 
0.7373907 
0.7340534 
0.7297053 
0.7363060 
0.7326738 
0.7325472 
0.7361038 
0.7328001 
0.7400682 
0.7416491 
0.7363109 
0.7362755 
0.7361764 
0.7408535 
0.7326200 
0.7347974 
0.7278319 
0.7262041 
0.7168949 
0.7216433 
0.7284811 
0.7315577 
0.7279802 
0.7281132 
0.7314387 
0.7198101 
0.7196340 
0.7259355 
0.7277837 
0.7275782 
0.7178582 
0.7130647 
0.7196412 
0.7125029 
0.7077573 
0.7108211 
0.7117949 
0.7041818 
0.7113039 
0.7118354 
0.7137299 
0.7069469 
0.7112296 
0.7015450 
0.7006288 
0.7064183 
0.7123720 
0.7258099 
0.7215197 
0.7138407 
0.7072809 
0.7077445 
0.7003960 
0.7035193 
0.7012288 
0.6967998 
0.6960676 
0.6975751 
0.7027198 
0.6974924 
0.6958763 
0.7005767 
0.6983345 
0.6985135 
0.6971051 
0.6932617 
0.6943760 
0.6994144 
0.6904253 
0.7032801 
0.7157469 
0.7169076 
0.7106354 
0.7060915 
0.7107320 
0.7114071 
0.7013358 
0.7021286 
0.6946641 
0.6968766 
0.6980806 
0.6976229 
0.6970326 
0.6936069 
0.6951528 
0.6942072 
0.6967842 
0.7011775 
0.7041055 
0.7006087 
0.7075468 
0.6928458 
0.6957266 
0.6950548 
0.7032749 
0.6992334 
0.6943309 
0.6894654 
0.6953837 
0.6973330 
0.6962083 
0.6885777 
0.6965130 
0.6929719 
0.6887821 
0.6904822 
0.6881075 
0.6833701 
0.6752320 
0.6887179 
0.6891338 
0.6864466 
0.6813153 
0.6772106 
0.6826926 
0.6872488 
0.6851857 
0.6811573 
0.6814643 
0.6819681 
0.6870082 
0.6797224 
0.6768709 
0.6825702 
0.6871656 
0.6789496 
0.6806322 
0.6769064 
0.6806948 
0.6869981 
0.6713817 
0.6791636 
0.6836238 
0.6854217 
0.6777969 
0.6815853 
0.6829702 
0.6876261 
0.6766173 
0.6763959 
0.6847363 
0.6848055 
0.6799824 
0.6725012 
0.6755910 
0.6808258 
0.6811910 
0.6858186 
0.6816397 
0.6794273 
0.6709794 
0.6718248 
0.6770078 
0.6761233 
0.6701518 
0.6647488 
0.6659745 
0.6737211 
0.6733950 
0.6734933 
0.6754272 
0.6724816 
0.6730217 
0.6767250 
0.6777341 
0.6674383 
0.6545369 
0.6584092 
0.6571659 
0.6482196 
0.6542086 
0.6619865 
0.6593873 
0.6525443 
0.6547860 
0.6541410 
0.6606103 
0.6476533 
0.6456234 
0.6549197 
0.6558460 
0.6661882 
0.6526989 
0.6511944 
0.6543985 
0.6522222 
0.6635744 
0.6591616 
0.6459186 
0.6533327 
0.6542894 
0.6559636 
0.6544554 
0.6506971 
0.6490522 
0.6514481 
0.6546512 
0.6534741 
0.6462233 
0.6418395 
0.6466083 
0.6437461 
0.6407517 
0.6408998 
0.6426132 
0.6401667 
0.6406177 
0.6396744 
0.6349944 
0.6334855 
0.6311930 
0.6293417 
0.6334416 
0.6366505 
0.6338620 
0.6306944 
0.6346005 
0.6379685 
0.6313772 
0.6321423 
0.6350343 
0.6300352 
0.6332253 
0.6335342 
0.6266457 
0.6371436 
0.6279113 
0.6309996 
0.6296711 
0.6303276 
0.6321238 
0.6370034 
0.6400749 
0.6452339 
0.6443567 
0.6212202 
0.6357832 
0.6329717 
0.6247668 
0.6352974 
0.6197841 
0.6328228 
0.6159938 
0.6152589 
0.6175649 
0.6117598 
0.6145535 
0.6117756 
0.6051737 
0.6095675 
0.6146528 
0.6141351 
0.6016704 
0.6133217 
0.6133939 
0.6173643 
0.6043748 
0.6118410 
0.6122567 
0.6084557 
0.6038489 
0.6007410 
0.6096294 
0.6111288 
0.6052377 
0.5985528 
0.6034957 
0.6109039 
0.6139673 
0.6170115 
0.6110002 
0.6060146 
0.6098470 
0.6116870 
0.6030838 
0.6049667 
0.6034760 
0.6022371 
0.6046611 
0.6115449 
0.6034632 
0.6010123 
0.6040249 
0.6025814 
0.6058381 
0.6073606 
0.6012364 
0.5991479 
0.5978562 
0.5976234 
0.6040467 
0.6014157 
0.5923880 
0.5875832 
0.5994664 
0.6028139 
0.6084982 
0.5952681 
0.5918906 
0.5861542 
0.5892070 
0.5930385 
0.5977224 
0.5973930 
0.5964461 
0.5954843 
0.5919774 
0.5877234 
0.5966940 
0.5928501 
0.6007580 
0.5950515 
0.5952020 
0.5969179 
0.5917881 
0.5936099 
0.5966348 
0.5884317 
0.5895373 
0.6004640 
0.6126926 
0.6040433 
0.5886593 
0.5892879 
0.5873886 
0.5897804 
0.5940415 
0.5946241 
0.5899022 
0.5869724 
0.5939355 
0.5934307 
0.5876246 
0.5813668 
0.5787763 
0.5760041 
0.5747383 
0.5750422 
0.5696735 
0.5762763 
0.5729056 
0.5728506 
0.5737278 
0.5686348 
0.5685397 
0.5724730 
0.5706482 
0.5660785 
0.5684993 
0.5733495 
0.5626597 
0.5584535 
0.5659894 
0.5632531 
0.5638137 
0.5587687 
0.5595170 
0.5589664 
0.5590604 
0.5644905 
0.5650899 
0.5619220 
0.5658049 
0.5695523 
0.5699228 
0.5654736 
0.5595493 
0.5647502 
0.5706641 
0.5660681 
0.5667276 
0.5671353 
0.5728308 
0.5663374 
0.5611929 
0.5594834 
0.5529038 
0.5660171 
0.5655259 
0.5513602 
0.5490207 
0.5487879 
0.5448304 
0.5325828 
0.5256309 
0.5328776 
0.5404162 
0.5456751 
0.5479030 
0.5436310 
0.5419148 
0.5557254 
0.5396763 
0.5360661 
0.5512756 
0.5361541 
0.5380661 
0.5474647 
0.5405047 
0.5497809 
0.5487095 
0.5415581 
0.5487969 
0.5486632 
0.5432893 
0.5447848 
0.5428967 
0.5505549 
0.5434809 
0.5285797 
0.5439869 
0.5429257 
0.5386464 
0.5496162 
0.5424770 
0.5365629 
0.5438551 
0.5492234 
0.5441288 
0.5489541 
0.5461638 
0.5404568 
0.5309451 
0.5302826 
0.5358667 
0.5390564 
0.5461131 
0.5506248 
0.5467779 
0.5473095 
0.5471831 
0.5370784 
0.5357362 
0.5417287 
0.5340845 
0.5217151 
0.5188303 
0.5218298 
0.5340234 
0.5412750 
0.5505363 
0.5418178 
0.5388666 
0.5491830 
0.5409382 
0.5329124 
0.5327008 
0.5346129 
0.5247211 
0.5229036 
0.5203795 
0.5181061 
0.5166179 
0.5220553 
0.5237908 
0.5314765 
0.5347876 
0.5270337 
0.5334063 
0.5295740 
0.5299932 
0.5286380 
0.5333967 
0.5310668 
0.5255316 
0.5168425 
0.5120757 
0.5129911 
0.5207040 
0.5223554 
0.5248806 
0.5304861 
0.5310156 
0.5309088 
0.5268372 
0.5272147 
0.5202722 
0.5137086 
0.5173236 
0.5137671 
0.5123400 
0.5085359 
0.5076576 
0.5040948 
0.4991140 
0.4910133 
0.5102625 
0.5231012 
0.5237469 
0.5133289 
0.5112753 
0.5151336 
0.5124331 
0.4967948 
0.4919362 
0.4932420 
0.4950812 
0.4925102 
0.4915429 
0.4903678 
0.4857007 
0.4879550 
0.4933760 
0.5023214 
0.5104293 
0.5147345 
0.5234414 
0.5183113 
0.5098076 
0.5025440 
0.5069234 
0.5096591 
0.5053251 
0.4916701 
0.4906729 
0.4969197 
0.4978225 
0.5039617 
0.4881762 
0.4754893 
0.4770467 
0.4910379 
0.5026183 
0.4981568 
0.4826841 
0.4841544 
0.4878983 
0.4963189 
0.5006853 
0.4841093 
0.4754606 
0.4706563 
0.4680825 
0.4659989 
0.4623820 
0.4609320 
0.4611432 
0.4694250 
0.4739822 
0.4724070 
0.4730716 
0.4745934 
0.4801043 
0.4870653 
0.4916173 
0.4964651 
0.4904662 
0.4916946 
0.4972446 
0.5017835 
0.5127004 
0.5153001 
0.5064571 
0.5020730 
0.4933466 
0.4800140 
0.4814252 
0.4844578 
0.4876354 
0.4816613 
0.4729721 
0.4670511 
0.4790292 
0.4850086 
0.4774072 
0.4676072 
0.4699796 
0.4738463 
0.4761450 
0.4780456 
0.4661166 
0.4599295 
0.4545523 
0.4503000 
0.4599176 
0.4672567 
0.4524319 
0.4591784 
0.4738491 
0.4854464 
0.4853395 
0.4887354 
0.4824502 
0.4762390 
0.4745179 
0.4742119 
0.4784700 
0.4813727 
0.4738971 
0.4618272 
0.4537178 
0.4515578 
0.4603668 
0.4646533 
0.4654241 
0.4668628 
0.4606955 
0.4433222 
0.4375150 
0.4274477 
0.4396749 
0.4429370 
0.4411972 
0.4316512 
0.4259318 
0.4365702 
0.4523820 
0.4655541 
0.4886641 
0.5024069 
0.4950702 
0.4881025 
0.4809132 
0.4816700 
0.4861068 
0.4805693 
0.4668711 
0.4614523 
0.4563181 
0.4513499 
0.4567465 
0.4666803 
0.4637415 
0.4491513 
0.4435472 
0.4398706 
0.4358278 
0.4386630 
0.4422247 
0.4388511 
0.4266612 
0.4312249 
0.4393723 
0.4420507 
0.4488287 
0.4455502 
0.4388514 
0.4413311 
0.4429416 
0.4416470 
0.4556756 
0.4608590 
0.4585974 
0.4524608 
0.4469079 
0.4535592 
0.4594990 
0.4626595 
0.4699077 
0.4587811 
0.4410324 
0.4340371 
0.4302463 
0.4389068 
0.4462395 
0.4466150 
0.4497051 
0.4428438 
0.4383418 
0.4357476 
0.4310007 
0.4287743 
0.4353639 
0.4384183 
0.4336871 
0.4339177 
0.4318052 
0.4358065 
0.4488843 
0.4521449 
0.4612110 
0.4603533 
0.4586454 
0.4517586 
0.4430429 
0.4448903 
0.4399079 
0.4402457 
0.4414606 
0.4326932 
0.4245563 
0.4212856 
0.4198445 
0.4218816 
0.4273168 
0.4271073 
0.4265928 
0.4307782 
0.4356060 
0.4459919 
0.4555742 
0.4615980 
0.4627944 
0.4647492 
0.4540056 
0.4377586 
0.4291661 
0.4251309 
0.4212710 
0.4214397 
0.4234235 
0.4234469 
0.4212892 
0.4181663 
0.4160885 
0.4126661 
0.4156301 
0.4220563 
0.4291952 
0.4265287 
0.4363571 
0.4439496 
0.4460062 
0.4436907 
0.4336952 
0.4203972 
0.4163063 
0.4134050 
0.4146499 
0.4120080 
0.4087657 
0.4110527 
0.4192237 
0.4182213 
0.4173993 
0.4167325 
0.4191331 
0.4130661 
0.4259932 
0.4319556 
0.4330629 
0.4277499 
0.4264277 
0.4168747 
0.4124636 
0.4102611 
0.4071727 
0.4056531 
0.4144798 
0.4038552 
0.4040258 
0.4060405 
0.4027415 
0.4037821 
0.4142403 
0.4154045 
0.4135124 
0.4154942 
0.4085629 
0.4129366 
0.4124955 
0.4033480 
0.4001332 
0.4073871 
0.4086236 
0.4031783 
0.3987233 
0.4055173 
0.4000788 
0.4021608 
0.4069777 
0.4095577 
0.4107952 
0.4102250 
0.4011122 
0.3993541 
0.3990503 
0.4030402 
0.3977145 
0.3889925 
0.3900644 
0.3987436 
0.4033363 
0.4015254 
0.3928475 
0.3921855 
0.3995743 
0.4061868 
0.4027182 
0.3953929 
0.3941154 
0.3966374 
0.3841963 
0.3787471 
0.3779638 
0.3856760 
0.3891423 
0.3821414 
0.3821580 
0.3830347 
0.3949397 
0.4017392 
0.3913627 
0.3850258 
0.3912857 
0.3974840 
0.4039900 
0.3907249 
0.3916198 
0.3917919 
0.3981214 
0.3908724 
0.3766405 
0.3727794 
0.3838572 
0.3844553 
0.3809508 
0.3783240 
0.3881973 
0.3885824 
0.3934783 
0.3849882 
0.3762553 
0.3718170 
0.3739243 
0.3797041 
0.3713553 
0.3675486 
0.3651819 
0.3671252 
0.3694517 
0.3663791 
0.3697146 
0.3713535 
0.3703663 
0.3650865 
0.3671913 
0.3689874 
0.3695173 
0.3677364 
0.3652718 
0.3622650 
0.3598570 
0.3577939 
0.3609578 
0.3548886 
0.3517083 
0.3584309 
0.3665340 
0.3737163 
0.3612661 
0.3556797 
0.3615521 
0.3711531 
0.3787797 
0.3753143 
0.3607860 
0.3541217 
0.3594186 
0.3722388 
0.3730579 
0.3586495 
0.3470940 
0.3423912 
0.3492051 
0.3615541 
0.3592494 
0.3471896 
0.3437136 
0.3516116 
0.3606627 
0.3613169 
0.3573560 
0.3448325 
0.3457483 
0.3595224 
0.3693957 
0.3686602 
0.3564116 
0.3508523 
0.3454836 
0.3516497 
0.3592025 
0.3539115 
0.3423377 
0.3479516 
0.3470205 
0.3482331 
0.3442001 
0.3373590 
0.3380841 
0.3446183 
0.3527355 
0.3531461 
0.3498329 
0.3427532 
0.3397550 
0.3429194 
0.3430973 
0.3525564 
0.3502495 
0.3438401 
0.3344518 
0.3355678 
0.3369238 
0.3477965 
0.3494359 
0.3452172 
0.3376398 
0.3342050 
0.3430602 
0.3523255 
0.3595207 
0.3544352 
0.3526045 
0.3515209 
0.3439348 
0.3340704 
0.3267092 
0.3269253 
0.3214641 
0.3213769 
0.3288412 
0.3332255 
0.3323672 
0.3358141 
0.3315614 
0.3284967 
0.3291835 
0.3271270 
0.3330150 
0.3302070 
0.3291902 
0.3295224 
0.3316290 
0.3311918 
0.3311775 
0.3279900 
0.3240706 
0.3256324 
0.3249236 
0.3278759 
0.3278349 
0.3249310 
0.3293310 
0.3290718 
0.3198934 
0.3240365 
0.3308670 
0.3318342 
0.3251703 
0.3268350 
0.3186814 
0.3211038 
0.3214088 
0.3291472 
0.3287765 
0.3309130 
0.3181378 
0.3128191 
0.3090002 
0.3127803 
0.3144311 
0.3228990 
0.3211849 
0.3201599 
0.3120418 
0.3062216 
0.3111196 
0.3180379 
0.3162099 
0.3140688 
0.3135489 
0.3083240 
0.3043533 
0.3093810 
0.3091259 
0.3141691 
0.3114955 
0.3113935 
0.3083628 
0.3023622 
0.3048983 
0.3048541 
0.3170335 
0.3168238 
0.3157875 
0.3112901 
0.3098526 
0.3010894 
0.2925893 
0.2953387 
0.3069085 
0.3065586 
0.3066674 
0.3061765 
0.3031521 
0.3000170 
0.3014815 
0.3020159 
0.3002057 
0.2977522 
0.2986326 
0.3019527 
0.3020855 
0.2993124 
0.2980939 
0.3011936 
0.3115774 
0.3145262 
0.3123332 
0.3155713 
0.3090412 
0.3073180 
0.3093995 
0.3129346 
0.3142804 
0.3083423 
0.3048544 
0.3061160 
0.3089939 
0.3004157 
0.2916732 
0.2880174 
0.2946989 
0.2932548 
0.2935578 
0.3037876 
0.3044775 
0.3025289 
0.3044801 
0.3040359 
0.3034363 
0.3047540 
0.2993861 
0.2934002 
0.2876825 
0.2842470 
0.2805484 
0.2855869 
0.2904342 
0.2910569 
0.2985907 
0.2987607 
0.2983761 
0.2922244 
0.2850996 
0.2836172 
0.2821317 
0.2800740 
0.2798777 
0.2830105 
0.2936418 
0.2997259 
0.2974743 
0.2906745 
0.2896672 
0.2809471 
0.2786149 
0.2802296 
0.2803384 
0.2845254 
0.2891793 
0.2911009 
0.2870168 
0.2848953 
0.2842309 
0.2832433 
0.2858998 
0.2891444 
0.2856617 
0.2817186 
0.2794542 
0.2784975 
0.2772009 
0.2818148 
0.2755391 
0.2744931 
0.2781727 
0.2794687 
0.2785296 
0.2779553 
0.2760449 
0.2703266 
0.2666340 
0.2657886 
0.2671974 
0.2686666 
0.2758081 
0.2754994 
0.2726296 
0.2738060 
0.2757852 
0.2761544 
0.2679384 
0.2627464 
0.2637971 
0.2689330 
0.2618953 
0.2607349 
0.2600923 
0.2677287 
0.2695772 
0.2710084 
0.2660395 
0.2592021 
0.2574161 
0.2593469 
0.2531993 
0.2566342 
0.2581835 
0.2593188 
0.2526044 
0.2562826 
0.2605973 
0.2588752 
0.2575834 
0.2618059 
0.2682884 
0.2697363 
0.2650073 
0.2635151 
0.2604037 
0.2573799 
0.2565192 
0.2552575 
0.2569988 
0.2587784 
0.2637630 
0.2712871 
0.2703496 
0.2659895 
0.2644447 
0.2585950 
0.2511793 
0.2500408 
0.2488410 
0.2534668 
0.2538276 
0.2548208 
0.2592216 
0.2576793 
0.2608064 
0.2637701 
0.2625576 
0.2564977 
0.2532049 
0.2486428 
0.2498735 
0.2485872 
0.2523815 
0.2588730 
0.2568497 
0.2552081 
0.2605262 
0.2679026 
0.2701723 
0.2721814 
0.2648542 
0.2488631 
0.2507471 
0.2428745 
0.2404375 
0.2410610 
0.2407558 
0.2415413 
0.2448738 
0.2563288 
0.2685548 
0.2670262 
0.2634404 
0.2616909 
0.2556923 
0.2495389 
0.2476146 
0.2420771 
0.2360354 
0.2397376 
0.2390127 
0.2422447 
0.2477095 
0.2492576 
0.2476936 
0.2458502 
0.2467269 
0.2478285 
0.2443236 
0.2534761 
0.2524351 
0.2501571 
0.2508328 
0.2417915 
0.2340005 
0.2337050 
0.2320766 
0.2289203 
0.2272400 
0.2302569 
0.2326586 
0.2347087 
0.2336472 
0.2368628 
0.2461548 
0.2406449 
0.2463541 
0.2445785 
0.2479602 
0.2519630 
0.2569157 
0.2504549 
0.2427624 
0.2366902 
0.2280702 
0.2183471 
0.2150306 
0.2174112 
0.2192495 
0.2215775 
0.2281885 
0.2356190 
0.2400831 
0.2397506 
0.2308977 
0.2321734 
0.2371795 
0.2330906 
0.2287978 
0.2268110 
0.2235984 
0.2184885 
0.2206807 
0.2269532 
0.2290667 
0.2325602 
0.2319508 
0.2355432 
0.2328739 
0.2378927 
0.2371283 
0.2378443 
0.2321032 
0.2284769 
0.2342886 
0.2332774 
0.2275624 
0.2203627 
0.2189699 
0.2271953 
0.2289626 
0.2337216 
0.2307431 
0.2284100 
0.2265210 
0.2282937 
0.2309823 
0.2292965 
0.2243839 
0.2214353 
0.2225157 
0.2306001 
0.2323722 
0.2283830 
0.2249835 
0.2259235 
0.2290498 
0.2318811 
0.2314325 
0.2292481 
0.2217223 
0.2197320 
0.2227063 
0.2234376 
0.2201353 
0.2053723 
0.2060974 
0.2093507 
0.2173396 
0.2294192 
0.2223665 
0.2092727 
0.2049149 
0.2111963 
0.2203009 
0.2276014 
0.2260937 
0.2159289 
0.2098839 
0.2085237 
0.2199245 
0.2195931 
0.2089777 
0.2028521 
0.2034948 
0.2039951 
0.2193630 
0.2132754 
0.2141664 
0.2045813 
0.1984315 
0.1955258 
0.2030805 
0.2042669 
0.2050506 
0.2018488 
0.2043692 
0.2053385 
0.2073584 
0.2004323 
0.2032666 
0.2072940 
0.2097091 
0.2062396 
0.2058622 
0.2016499 
0.2038513 
0.2130048 
0.2140955 
0.2153963 
0.2095885 
0.2064462 
0.2089426 
0.2127837 
0.2181423 
0.2160583 
0.2085331 
0.2090095 
0.2097403 
0.2109872 
0.2118942 
0.2156700 
0.2157362 
0.2167463 
0.2151458 
0.2139149 
0.2115442 
0.2184785 
0.2236545 
0.2270219 
0.2317343 
0.2290835 
0.2276949 
0.2230200 
0.2266336 
0.2190775 
0.2073680 
0.2023248 
0.2019367 
0.2052122 
0.2072362 
0.2024446 
0.1970519 
0.1955585 
0.2027055 
0.2002451 
0.1990266 
0.1978845 
0.1940576 
0.1957535 
0.1956098 
0.1945737 
0.1923661 
0.1913669 
0.1905742 
0.1843628 
0.1827628 
0.1871344 
0.1894244 
0.1891231 
0.1942021 
0.1928516 
0.1917171 
0.1888894 
0.1900904 
0.1918744 
0.1944904 
0.1898033 
0.1840212 
0.1825104 
0.1836022 
0.1871164 
0.1875168 
0.1835748 
0.1795572 
0.1862693 
0.1873115 
0.1878659 
0.1835030 
0.1841723 
0.1800645 
0.1752960 
0.1666999 
0.1674559 
0.1686235 
0.1704527 
0.1703405 
0.1692529 
0.1699210 
0.1705540 
0.1748141 
0.1776085 
0.1724491 
0.1700207 
0.1596859 
0.1598017 
0.1661745 
0.1679647 
0.1681981 
0.1646458 
0.1616172 
0.1602840 
0.1661227 
0.1774622 
0.1787703 
0.1731361 
0.1748173 
0.1724279 
0.1616577 
0.1604718 
0.1595994 
0.1560986 
0.1576818 
0.1581733 
0.1537977 
0.1599942 
0.1624682 
0.1667368 
0.1663844 
0.1692189 
0.1654538 
0.1556543 
0.1535305 
0.1517583 
0.1551922 
0.1628765 
0.1623230 
0.1586561 
0.1550195 
0.1531088 
0.1548376 
0.1645082 
0.1672641 
0.1635669 
0.1641948 
0.1627108 
0.1540977 
0.1546546 
0.1537346 
0.1523299 
0.1557205 
0.1593294 
0.1541605 
0.1500021 
0.1511646 
0.1531024 
0.1587351 
0.1604904 
0.1654075 
0.1638384 
0.1619549 
0.1584158 
0.1496864 
0.1510581 
0.1594553 
0.1646194 
0.1618638 
0.1615900 
0.1521636 
0.1532860 
0.1580903 
0.1574154 
0.1590481 
0.1658173 
0.1630025 
0.1614512 
0.1534375 
0.1461535 
0.1445416 
0.1508094 
0.1578552 
0.1559949 
0.1513445 
0.1459434 
0.1488162 
0.1503446 
0.1548159 
0.1571937 
0.1564725 
0.1542336 
0.1579632 
0.1550869 
0.1515642 
0.1481880 
0.1489967 
0.1483514 
0.1452084 
0.1532983 
0.1526666 
0.1486736 
0.1465206 
0.1479723 
0.1437768 
0.1477364 
0.1481425 
0.1546226 
0.1458921 
0.1415884 
0.1397541 
0.1400310 
0.1434200 
0.1465921 
0.1401387 
0.1370956 
0.1399139 
0.1438132 
0.1459499 
0.1505551 
0.1499668 
0.1511990 
0.1480343 
0.1467319 
0.1448582 
0.1466142 
0.1476213 
0.1435025 
0.1438658 
0.1411323 
0.1420066 
0.1442227 
0.1415437 
0.1442554 
0.1423626 
0.1432651 
0.1429340 
0.1444170 
0.1479488 
0.1468178 
0.1438280 
0.1471529 
0.1449606 
0.1474908 
0.1414094 
0.1384602 
0.1340007 
0.1336839 
0.1324072 
0.1338119 
0.1342700 
0.1291892 
0.1258234 
0.1235608 
0.1325555 
0.1392431 
0.1421347 
0.1428304 
0.1429218 
0.1432999 
0.1402754 
0.1404770 
0.1388930 
0.1365189 
0.1328865 
0.1362263 
0.1377020 
0.1383266 
0.1361333 
0.1366088 
0.1379023 
0.1389600 
0.1400263 
0.1361121 
0.1417305 
0.1388306 
0.1419088 
0.1385352 
0.1347112 
0.1294607 
0.1292516 
0.1291655 
0.1257806 
0.1253486 
0.1262855 
0.1260966 
0.1246704 
0.1224809 
0.1152527 
0.1137473 
0.1134913 
0.1151873 
0.1200561 
0.1243157 
0.1267800 
0.1244247 
0.1252992 
0.1245603 
0.1234096 
0.1295656 
0.1313630 
0.1266348 
0.1271461 
0.1271920 
0.1250699 
0.1208324 
0.1205987 
0.1196945 
0.1123407 
0.1072099 
0.1083112 
0.1072963 
0.1068160 
0.1093485 
0.1146102 
0.1226998 
0.1304409 
0.1301085 
0.1292525 
0.1238990 
0.1167679 
0.1165123 
0.1144222 
0.1106212 
0.1059605 
0.1071106 
0.1081159 
0.1091599 
0.1113521 
0.1102742 
0.1113566 
0.1139945 
0.1128690 
0.1073383 
0.1021703 
0.1016457 
0.1056755 
0.1086327 
0.1171251 
0.1154928 
0.1137988 
0.1150631 
0.1114731 
0.1053635 
0.1048264 
0.1048815 
0.1073259 
0.1079844 
0.1045076 
0.1043774 
0.1084419 
0.1069527 
0.1048025 
0.1085301 
0.1140018 
0.1125786 
0.1167902 
0.1216464 
0.1223663 
0.1200619 
0.1206412 
0.1199056 
0.1162149 
0.1134815 
0.1123000 
0.1097872 
0.1109936 
0.1117214 
0.1130385 
0.1168540 
0.1151840 
0.1192003 
0.1194046 
0.1174179 
0.1168254 
0.1148757 
0.1155327 
0.1137390 
0.1099169 
0.1004578 
0.0998490 
0.1019564 
0.0974879 
0.0959032 
0.0980638 
0.0969923 
0.0967653 
0.0951227 
0.0977467 
0.0990309 
0.0993053 
0.1052082 
0.1093660 
0.1093405 
0.1058123 
0.1072599 
0.1128077 
0.1152944 
0.1111255 
0.1075124 
0.1095514 
0.1085342 
0.1136371 
0.1096899 
0.1053829 
0.1074434 
0.1134231 
0.1119010 
0.1087796 
0.1121752 
0.1157941 
0.1127274 
0.1109107 
0.1056115 
0.0996096 
0.0976256 
0.1008361 
0.0925328 
0.0883745 
0.0976875 
0.0981468 
0.1023476 
0.1022778 
0.1059574 
0.1035165 
0.0997636 
0.0922098 
0.0890895 
0.0914438 
0.0926968 
0.0883571 
0.0912590 
0.0901621 
0.0946533 
0.0977815 
0.1053680 
0.1050104 
0.1044272 
0.1063436 
0.0985086 
0.0930227 
0.0897487 
0.0879168 
0.0838742 
0.0823410 
0.0749939 
0.0738913 
0.0794820 
0.0879622 
0.0903854 
0.0934785 
0.0959279 
0.0863665 
0.0908999 
0.0939059 
0.0869119 
0.0847752 
0.0772694 
0.0704928 
0.0681012 
0.0672842 
0.0703727 
0.0824539 
0.0903596 
0.0949032 
0.0951529 
0.0863573 
0.0773987 
0.0750891 
0.0739060 
0.0732115 
0.0748384 
0.0755076 
0.0723755 
0.0747194 
0.0776983 
0.0772513 
0.0764946 
0.0801741 
0.0864546 
0.0843738 
0.0803074 
0.0839106 
0.0837539 
0.0775035 
0.0678006 
0.0609973 
0.0608151 
0.0630420 
0.0656055 
0.0687996 
0.0692253 
0.0713860 
0.0750250 
0.0819893 
0.0843262 
0.0836005 
0.0805679 
0.0751286 
0.0741756 
0.0728535 
0.0754182 
0.0757149 
0.0735600 
0.0682006 
0.0636168 
0.0589603 
0.0530004 
0.0527835 
0.0504078 
0.0466742 
0.0461423 
0.0475961 
0.0508486 
0.0590171 
0.0645292 
0.0607616 
0.0623821 
0.0592173 
0.0565574 
0.0600379 
0.0588654 
0.0569916 
0.0579500 
0.0592032 
0.0588253 
0.0642598 
0.0662593 
0.0725921 
0.0733128 
0.0729193 
0.0746756 
0.0752232 
0.0782953 
0.0763675 
0.0709781 
0.0622831 
0.0603395 
0.0569218 
0.0552993 
0.0588377 
0.0600806 
0.0623687 
0.0639326 
0.0628107 
0.0648905 
0.0604200 
0.0617395 
0.0610255 
0.0588994 
0.0569044 
0.0529540 
0.0483476 
0.0445891 
0.0460567 
0.0449506 
0.0432414 
0.0440298 
0.0451750 
0.0536498 
0.0620537 
0.0630853 
0.0582441 
0.0541104 
0.0531686 
0.0557732 
0.0593859 
0.0640892 
0.0657757 
0.0659912 
0.0652339 
0.0603944 
0.0583112 
0.0654420 
0.0724989 
0.0758141 
0.0766866 
0.0760703 
0.0754620 
0.0768054 
0.0800546 
0.0812040 
0.0853326 
0.0842701 
0.0853103 
0.0841069 
0.0876656 
0.0842159 
0.0777071 
0.0702002 
0.0625408 
0.0478165 
0.0367898 
0.0417640 
0.0435351 
0.0431473 
0.0426671 
0.0434153 
0.0479652 
0.0540220 
0.0551997 
0.0501609 
0.0518837 
0.0534210 
0.0563228 
0.0559922 
0.0575569 
0.0540975 
0.0469740 
0.0447988 
0.0409882 
0.0446863 
0.0495133 
0.0538803 
0.0529297 
0.0544204 
0.0550632 
0.0573506 
0.0570783 
0.0530531 
0.0561257 
0.0519098 
0.0553494 
0.0594805 
0.0540671 
0.0458623 
0.0402548 
0.0339675 
0.0312042 
0.0357157 
0.0389042 
0.0422858 
0.0423650 
0.0447457 
0.0496676 
0.0472840 
0.0547266 
0.0493516 
0.0457218 
0.0428727 
0.0392088 
0.0408045 
0.0455184 
0.0467227 
0.0469158 
0.0450743 
0.0372741 
0.0374091 
0.0348764 
0.0356211 
0.0380283 
0.0361499 
0.0355023 
0.0291568 
0.0245516 
0.0273295 
0.0265989 
0.0242512 
0.0254365 
0.0295237 
0.0292868 
0.0314085 
0.0345347 
0.0270789 
0.0224271 
0.0231226 
0.0252240 
0.0229877 
0.0232018 
0.0251459 
0.0270906 
0.0272259 
0.0258532 
0.0225868 
0.0214526 
0.0267931 
0.0315957 
0.0308590 
0.0308050 
0.0253149 
0.0247724 
0.0253015 
0.0320322 
0.0367070 
0.0318768 
0.0316288 
0.0276347 
0.0267810 
0.0273031 
0.0279819 
0.0268308 
0.0168109 
0.0115645 
0.0096038 
0.0101225 
0.0120575 
0.0134033 
0.0124024 
0.0129211 
0.0134005 
0.0134103 
0.0147724 
0.0093210 
0.0064583 
0.0096021 
0.0112986 
0.0139187 
0.0128601 
0.0064710 
0.0056296 
0.0030236 
0.0000000 
0.0013308 
0.0057062 
0.0114718 
0.0149426 
0.0176784 
0.0135078 
0.0141115 
0.0137143 
0.0083184 
0.0101532 
0.0153270 
0.0128104 
0.0091961 
0.0102606 
0.0157642 
0.0120876 
0.0111286 
0.0103523 
0.0131368 
0.0119797 
0.0120727 
0.0131115 
0.0098154 
0.0083293 
0.0076709 
0.0092035 
0.0108001 
0.0135952 
0.0170456 
0.0196221 
0.0188202 
0.0149016 
0.0128189 
0.0099445 
0.0037284 
0.0031479 
0.0096858 
0.0069169 
0.0060739 
0.0119902 
0.0099313 
0.0117498 
0.0096751 
0.0082226 
0.0061776 
0.0078874 
0.0067289 
0.0062769 
0.0134150 
0.0121929 
0.0140513 
0.0129721 
0.0118739 
0.0137778 
0.0141646 
0.0094076 
0.0098825 
0.0105069 
0.0103164 
0.0042602 
0.0056083 
0.0079957 
0.0084908 
0.0093068 
0.0122309 
0.0086255 
0.0119604 
0.0071746 
0.0056997 
0.0080798 
0.0103332 
0.0125015 
0.0077073 
0.0065078 
0.0087604 
0.0083090 
