-0.0001167 
0.0001071 
0.0001406 
0.2924342 
0.0136969 
-0.1730946 
0.9961736 
1.0000000 
0.9982122 
0.9960900 
0.9959647 
0.9939488 
0.9940891 
0.9923182 
0.9926202 
0.9926065 
0.9943580 
0.9905873 
0.9888752 
0.9909394 
0.9926449 
0.9903446 
0.9933484 
0.9911446 
0.9890647 
0.9904282 
0.9926859 
0.9903192 
0.9904556 
0.9910841 
0.9890433 
0.9876212 
0.9890642 
0.9878421 
0.9896264 
0.9866672 
0.9867367 
0.9900696 
0.9899799 
0.9921689 
0.9914564 
0.9923837 
0.9940869 
0.9950457 
0.9929171 
0.9904961 
0.9920661 
0.9937494 
0.9945023 
0.9942830 
0.9927057 
0.9918907 
0.9926030 
0.9896558 
0.9908396 
0.9910177 
0.9858828 
0.9899570 
0.9892644 
0.9902770 
0.9880549 
0.9891603 
0.9907892 
0.9908757 
0.9926598 
0.9937170 
0.9981677 
0.9945344 
0.9920798 
0.9896956 
0.9903706 
0.9871361 
0.9844479 
0.9874819 
0.9916981 
0.9931453 
0.9933154 
0.9928416 
0.9954250 
0.9849305 
0.9845870 
0.9878419 
0.9919609 
0.9900821 
0.9876027 
0.9896727 
0.9868708 
0.9856328 
0.9909495 
0.9885160 
0.9887279 
0.9880179 
0.9861568 
0.9871038 
0.9860867 
0.9882165 
0.9890673 
0.9867746 
0.9879700 
0.9871646 
0.9862484 
0.9862287 
0.9850881 
0.9846688 
0.9819180 
0.9849119 
0.9853097 
0.9889274 
0.9871422 
0.9876247 
0.9862157 
0.9880119 
0.9860263 
0.9897558 
0.9877087 
0.9896727 
0.9912009 
0.9906613 
0.9849370 
0.9831511 
0.9800226 
0.9844846 
0.9810830 
0.9809421 
0.9832555 
0.9831255 
0.9784852 
0.9768532 
0.9778142 
0.9810561 
0.9830305 
0.9803124 
0.9801201 
0.9777780 
0.9779894 
0.9779660 
0.9799667 
0.9786675 
0.9762867 
0.9759561 
0.9744008 
0.9722671 
0.9691993 
0.9738660 
0.9771725 
0.9795153 
0.9754686 
0.9777812 
0.9811749 
0.9814773 
0.9830908 
0.9798632 
0.9777644 
0.9759705 
0.9764766 
0.9770429 
0.9788060 
0.9808225 
0.9806034 
0.9756181 
0.9771480 
0.9740920 
0.9737445 
0.9724056 
0.9734176 
0.9769321 
0.9728378 
0.9718949 
0.9705118 
0.9716027 
0.9689615 
0.9741061 
0.9704921 
0.9694511 
0.9673745 
0.9697048 
0.9666841 
0.9666560 
0.9660812 
0.9707806 
0.9705891 
0.9695162 
0.9686937 
0.9716699 
0.9701297 
0.9739413 
0.9727692 
0.9721599 
0.9728242 
0.9702814 
0.9762561 
0.9761262 
0.9758244 
0.9760898 
0.9749672 
0.9749106 
0.9735835 
0.9744062 
0.9757085 
0.9756682 
0.9753927 
0.9768319 
0.9771524 
0.9749766 
0.9797464 
0.9765679 
0.9768791 
0.9783108 
0.9785702 
0.9756930 
0.9737954 
0.9722252 
0.9699327 
0.9707483 
0.9699893 
0.9702630 
0.9707601 
0.9717802 
0.9733147 
0.9763034 
0.9775395 
0.9783458 
0.9760722 
0.9777778 
0.9751855 
0.9750370 
0.9741441 
0.9761185 
0.9768023 
0.9753185 
0.9733262 
0.9746714 
0.9719767 
0.9721325 
0.9683950 
0.9685604 
0.9718797 
0.9713806 
0.9704269 
0.9727885 
0.9743411 
0.9702458 
0.9695794 
0.9679510 
0.9654719 
0.9654415 
0.9683250 
0.9679609 
0.9676266 
0.9643908 
0.9672845 
0.9657862 
0.9653927 
0.9625543 
0.9641501 
0.9648375 
0.9662752 
0.9635799 
0.9624604 
0.9601593 
0.9592091 
0.9612920 
0.9624684 
0.9615493 
0.9628872 
0.9633603 
0.9597189 
0.9618691 
0.9666842 
0.9683422 
0.9656898 
0.9648177 
0.9639028 
0.9678426 
0.9652165 
0.9661011 
0.9660434 
0.9658196 
0.9673868 
0.9653157 
0.9682223 
0.9653838 
0.9662491 
0.9654917 
0.9632114 
0.9648329 
0.9653244 
0.9632418 
0.9662014 
0.9604320 
0.9562597 
0.9564407 
0.9584133 
0.9563975 
0.9549055 
0.9565095 
0.9559622 
0.9551432 
0.9575301 
0.9571598 
0.9551436 
0.9575985 
0.9582526 
0.9567881 
0.9544505 
0.9544581 
0.9567680 
0.9574863 
0.9575064 
0.9568339 
0.9570750 
0.9548077 
0.9556618 
0.9570122 
0.9593946 
0.9612422 
0.9626770 
0.9669825 
0.9640654 
0.9608723 
0.9566440 
0.9565829 
0.9570712 
0.9558186 
0.9538541 
0.9522060 
0.9511359 
0.9488131 
0.9490920 
0.9512009 
0.9500305 
0.9517879 
0.9531474 
0.9551713 
0.9567010 
0.9548408 
0.9564250 
0.9535862 
0.9569157 
0.9557762 
0.9548990 
0.9570159 
0.9573366 
0.9550570 
0.9555011 
0.9564717 
0.9535609 
0.9528779 
0.9557210 
0.9583116 
0.9614489 
0.9717024 
0.9711653 
0.9703941 
0.9678360 
0.9672611 
0.9668032 
0.9653600 
0.9612095 
0.9603234 
0.9604510 
0.9613308 
0.9611278 
0.9582567 
0.9622643 
0.9590815 
0.9598938 
0.9594170 
0.9581853 
0.9572423 
0.9576246 
0.9561395 
0.9554719 
0.9545391 
0.9548634 
0.9523997 
0.9488611 
0.9471414 
0.9464415 
0.9455842 
0.9424018 
0.9446827 
0.9426307 
0.9472996 
0.9461509 
0.9444865 
0.9420025 
0.9395686 
0.9417828 
0.9418688 
0.9423407 
0.9431313 
0.9462299 
0.9475955 
0.9455644 
0.9443977 
0.9425964 
0.9404189 
0.9419751 
0.9437812 
0.9459954 
0.9477185 
0.9486494 
0.9480799 
0.9481456 
0.9467684 
0.9483725 
0.9457699 
0.9460062 
0.9449373 
0.9441922 
0.9483235 
0.9513431 
0.9497983 
0.9499558 
0.9479026 
0.9405197 
0.9385488 
0.9409033 
0.9429235 
0.9416815 
0.9410861 
0.9440643 
0.9407914 
0.9401450 
0.9393758 
0.9389258 
0.9387842 
0.9408629 
0.9403082 
0.9417822 
0.9397935 
0.9357833 
0.9367171 
0.9401191 
0.9397326 
0.9392978 
0.9396819 
0.9387813 
0.9409623 
0.9387870 
0.9350115 
0.9379851 
0.9382431 
0.9412675 
0.9387765 
0.9403924 
0.9403193 
0.9362968 
0.9360675 
0.9338725 
0.9338901 
0.9327073 
0.9333080 
0.9364438 
0.9326725 
0.9345706 
0.9338404 
0.9337392 
0.9386548 
0.9373542 
0.9397936 
0.9392741 
0.9366926 
0.9349218 
0.9320065 
0.9321767 
0.9349963 
0.9333709 
0.9391212 
0.9369714 
0.9374690 
0.9362491 
0.9358591 
0.9373541 
0.9380106 
0.9405198 
0.9391114 
0.9407553 
0.9423537 
0.9432905 
0.9452060 
0.9456064 
0.9426955 
0.9422951 
0.9396839 
0.9422092 
0.9441915 
0.9461086 
0.9452343 
0.9411104 
0.9405277 
0.9433215 
0.9414429 
0.9401066 
0.9360035 
0.9372368 
0.9412930 
0.9437818 
0.9436549 
0.9446261 
0.9474763 
0.9419169 
0.9416660 
0.9438279 
0.9420307 
0.9425594 
0.9424455 
0.9416102 
0.9376181 
0.9365213 
0.9372032 
0.9358471 
0.9376614 
0.9348816 
0.9362127 
0.9381953 
0.9406749 
0.9403876 
0.9397656 
0.9395214 
0.9361326 
0.9386333 
0.9385713 
0.9376750 
0.9364949 
0.9356899 
0.9332871 
0.9387489 
0.9336429 
0.9314280 
0.9330416 
0.9345446 
0.9332656 
0.9321826 
0.9351633 
0.9339685 
0.9368089 
0.9385948 
0.9410263 
0.9396701 
0.9409202 
0.9403845 
0.9363405 
0.9368950 
0.9343922 
0.9339181 
0.9319415 
0.9321465 
0.9314721 
0.9294735 
0.9268594 
0.9256963 
0.9257351 
0.9257638 
0.9237362 
0.9211965 
0.9257187 
0.9256362 
0.9273337 
0.9284005 
0.9280708 
0.9270150 
0.9274666 
0.9281338 
0.9256550 
0.9281368 
0.9261500 
0.9219611 
0.9187946 
0.9185038 
0.9188323 
0.9205498 
0.9214343 
0.9210173 
0.9226420 
0.9235005 
0.9240900 
0.9268365 
0.9268681 
0.9261555 
0.9277859 
0.9299385 
0.9280445 
0.9274208 
0.9233099 
0.9212175 
0.9207550 
0.9167875 
0.9148916 
0.9132669 
0.9103704 
0.9099679 
0.9122331 
0.9124184 
0.9159962 
0.9153089 
0.9204733 
0.9328641 
0.9420952 
0.9426602 
0.9399315 
0.9394054 
0.9366015 
0.9373480 
0.9413020 
0.9380971 
0.9363890 
0.9392795 
0.9363792 
0.9256361 
0.9265574 
0.9241856 
0.9212255 
0.9180984 
0.9208390 
0.9175473 
0.9169977 
0.9173915 
0.9182416 
0.9178674 
0.9172981 
0.9201807 
0.9229773 
0.9254373 
0.9240180 
0.9258235 
0.9262619 
0.9272665 
0.9278791 
0.9250320 
0.9282393 
0.9255350 
0.9237808 
0.9210036 
0.9179726 
0.9184976 
0.9152065 
0.9151725 
0.9150824 
0.9128677 
0.9169134 
0.9213487 
0.9193738 
0.9201763 
0.9166777 
0.9170376 
0.9182974 
0.9118652 
0.9099021 
0.9104043 
0.9089828 
0.9114234 
0.9101218 
0.9079130 
0.9121793 
0.9134704 
0.9116697 
0.9093112 
0.9148544 
0.9147256 
0.9149335 
0.9114848 
0.9095808 
0.9157861 
0.9152893 
0.9181329 
0.9173076 
0.9164751 
0.9141382 
0.9189983 
0.9167457 
0.9145033 
0.9147380 
0.9137540 
0.9110783 
0.9102811 
0.9081628 
0.9055391 
0.9075330 
0.9062636 
0.9068420 
0.9077862 
0.9079155 
0.9089370 
0.9104382 
0.9083614 
0.9062974 
0.9079462 
0.9054787 
0.9054112 
0.9071703 
0.9108694 
0.9119413 
0.9125818 
0.9117038 
0.9121529 
0.9139182 
0.9164593 
0.9150758 
0.9133997 
0.9106267 
0.9100034 
0.9076636 
0.9086067 
0.9109050 
0.9108481 
0.9088579 
0.9076888 
0.9104828 
0.9130237 
0.9066969 
0.9077319 
0.9018867 
0.9061980 
0.9099513 
0.9097301 
0.9124472 
0.9141774 
0.9113238 
0.9101341 
0.9063300 
0.9093542 
0.9093261 
0.9125636 
0.9064531 
0.9049749 
0.9050169 
0.9071903 
0.9083008 
0.9146316 
0.9139422 
0.9242427 
0.9287686 
0.9290704 
0.9297981 
0.9338446 
0.9356203 
0.9345851 
0.9346386 
0.9257337 
0.9275482 
0.9202793 
0.9214706 
0.9199320 
0.9140523 
0.9141702 
0.9133926 
0.9112516 
0.9123626 
0.9095121 
0.9105138 
0.9051819 
0.9020032 
0.9019304 
0.9039385 
0.9048642 
0.9003061 
0.9006185 
0.9006754 
0.9007545 
0.9017930 
0.9030158 
0.9026790 
0.9008116 
0.8984892 
0.8959429 
0.8959141 
0.8956080 
0.8983551 
0.9000279 
0.8999302 
0.8981296 
0.8992901 
0.9018638 
0.9011952 
0.8994932 
0.8964960 
0.8954947 
0.8970927 
0.8986418 
0.8925006 
0.8929516 
0.8859757 
0.8851792 
0.8869151 
0.8890336 
0.8893153 
0.8875675 
0.8892585 
0.8886861 
0.8859277 
0.8886766 
0.8920637 
0.8929152 
0.8922788 
0.8961942 
0.8952899 
0.8932170 
0.8921370 
0.8966292 
0.8946557 
0.8952130 
0.8951408 
0.8973015 
0.8977758 
0.8969427 
0.8995511 
0.8994232 
0.8986190 
0.9045298 
0.9023364 
0.9025472 
0.9036942 
0.9042110 
0.9063494 
0.9075424 
0.9072513 
0.9053336 
0.9075139 
0.9059877 
0.9041250 
0.9041444 
0.9076328 
0.9055523 
0.9035701 
0.9024351 
0.9018457 
0.9014491 
0.9022021 
0.9031461 
0.9032082 
0.8997178 
0.9007185 
0.8988556 
0.8966399 
0.8958239 
0.8964875 
0.8950656 
0.8965490 
0.8977102 
0.8988921 
0.8983495 
0.8984501 
0.8975764 
0.8958542 
0.8950846 
0.8948013 
0.8937232 
0.8913001 
0.8913928 
0.8911336 
0.8899482 
0.8890787 
0.8902752 
0.8938333 
0.8952658 
0.8937792 
0.8964961 
0.8929408 
0.8920093 
0.8908653 
0.8907774 
0.8926961 
0.8941522 
0.8942055 
0.8903396 
0.8916672 
0.8893050 
0.8910081 
0.8890730 
0.8919586 
0.8907173 
0.8896188 
0.8926355 
0.8922369 
0.8908249 
0.8894246 
0.8881892 
0.8906698 
0.8929266 
0.8890255 
0.8894726 
0.8880847 
0.8909102 
0.8907838 
0.8948445 
0.8896418 
0.8927413 
0.8935490 
0.8932100 
0.8917844 
0.8919167 
0.8939854 
0.8932071 
0.8927250 
0.8895304 
0.8886363 
0.8912576 
0.8863289 
0.8868031 
0.8859773 
0.8918205 
0.8967992 
0.8966578 
0.8963945 
0.8928428 
0.8884959 
0.8862832 
0.8871255 
0.8866094 
0.8877023 
0.8838811 
0.8892897 
0.8880119 
0.8871616 
0.8854686 
0.8892536 
0.8852972 
0.8892120 
0.8869626 
0.8865211 
0.8876393 
0.8878223 
0.8888325 
0.8925023 
0.8911047 
0.8943550 
0.8913651 
0.8918058 
0.8943538 
0.8938418 
0.8917657 
0.8944405 
0.8898509 
0.8901326 
0.8908335 
0.8920624 
0.8904644 
0.8902062 
0.8898217 
0.8900595 
0.8895417 
0.8876853 
0.8894711 
0.8880538 
0.8870353 
0.8847077 
0.8860393 
0.8912033 
0.8920512 
0.8898625 
0.8872772 
0.8868063 
0.8880979 
0.8864157 
0.8883209 
0.8872304 
0.8859057 
0.8856692 
0.8927965 
0.8911624 
0.8894430 
0.8861425 
0.8844495 
0.8889488 
0.8886368 
0.8891966 
0.8859815 
0.8831047 
0.8844192 
0.8881814 
0.8866632 
0.8896165 
0.8872894 
0.8838985 
0.8798788 
0.8858391 
0.8892967 
0.8870359 
0.8865894 
0.8860147 
0.8882905 
0.8853306 
0.8797818 
0.8821258 
0.8805943 
0.8841640 
0.8842796 
0.8804725 
0.8783474 
0.8784499 
0.8776899 
0.8747820 
0.8727943 
0.8745459 
0.8740984 
0.8742198 
0.8766528 
0.8784279 
0.8757140 
0.8784905 
0.8726610 
0.8762169 
0.8728426 
0.8720214 
0.8744804 
0.8794095 
0.8733882 
0.8749449 
0.8715761 
0.8704947 
0.8700574 
0.8730228 
0.8762433 
0.8780608 
0.8719948 
0.8737620 
0.8721487 
0.8720795 
0.8733899 
0.8699622 
0.8673820 
0.8668553 
0.8700362 
0.8715039 
0.8697607 
0.8737842 
0.8707264 
0.8666068 
0.8689057 
0.8680229 
0.8701497 
0.8672542 
0.8687032 
0.8671033 
0.8657325 
0.8656978 
0.8694823 
0.8639570 
0.8593306 
0.8603531 
0.8572201 
0.8588860 
0.8586862 
0.8617530 
0.8593427 
0.8546317 
0.8569082 
0.8564858 
0.8550895 
0.8589777 
0.8569805 
0.8601048 
0.8613648 
0.8616095 
0.8610428 
0.8646291 
0.8624531 
0.8620188 
0.8630717 
0.8621076 
0.8598671 
0.8568833 
0.8592417 
0.8519223 
0.8592557 
0.8543948 
0.8526006 
0.8550070 
0.8554401 
0.8551781 
0.8500028 
0.8515574 
0.8490038 
0.8574411 
0.8559896 
0.8535140 
0.8600227 
0.8608062 
0.8585123 
0.8609880 
0.8533392 
0.8460345 
0.8394357 
0.8420987 
0.8442849 
0.8391246 
0.8417571 
0.8411481 
0.8447624 
0.8429041 
0.8448155 
0.8411471 
0.8393979 
0.8444470 
0.8416311 
0.8369689 
0.8402119 
0.8347691 
0.8410601 
0.8439594 
0.8437617 
0.8457104 
0.8453251 
0.8403529 
0.8446313 
0.8416862 
0.8373321 
0.8429924 
0.8445698 
0.8427002 
0.8416021 
0.8409036 
0.8379433 
0.8452689 
0.8325991 
0.8377719 
0.8391280 
0.8401048 
0.8437448 
0.8450281 
0.8448238 
0.8442281 
0.8419947 
0.8475665 
0.8413238 
0.8420921 
0.8435784 
0.8398253 
0.8431323 
0.8395582 
0.8441839 
0.8435720 
0.8475806 
0.8442041 
0.8422162 
0.8354480 
0.8388324 
0.8396463 
0.8385531 
0.8364219 
0.8347635 
0.8330104 
0.8265715 
0.8273359 
0.8243200 
0.8266177 
0.8252369 
0.8375168 
0.8227486 
0.8258785 
0.8232799 
0.8200585 
0.8207985 
0.8202489 
0.8215710 
0.8100061 
0.8110223 
0.8119637 
0.8129481 
0.8184025 
0.8183939 
0.8169878 
0.8094341 
0.8068453 
0.8062318 
0.8071220 
0.8096612 
0.8065195 
0.8087011 
0.8047719 
0.8047724 
0.8085031 
0.8018994 
0.8120666 
0.8104258 
0.8124920 
0.8117272 
0.8073438 
0.8074681 
0.8073515 
0.8045479 
0.7989059 
0.8011543 
0.7994005 
0.8022727 
0.7996655 
0.7982076 
0.7966349 
0.7941571 
0.7970494 
0.7977814 
0.7952080 
0.7948383 
0.7906717 
0.7897933 
0.7891606 
0.7976401 
0.7992764 
0.7969587 
0.7982924 
0.7982061 
0.7907821 
0.7928297 
0.7894033 
0.7875844 
0.7866017 
0.7770353 
0.7808477 
0.7813519 
0.7805031 
0.7791251 
0.7732164 
0.7720795 
0.7750246 
0.7750870 
0.7743496 
0.7736779 
0.7721935 
0.7666204 
0.7610242 
0.7554566 
0.7574678 
0.7558530 
0.7584534 
0.7588789 
0.7546843 
0.7595933 
0.7585325 
0.7576703 
0.7637797 
0.7549071 
0.7557140 
0.7588001 
0.7539110 
0.7595491 
0.7534550 
0.7577847 
0.7596372 
0.7512068 
0.7523298 
0.7513665 
0.7489954 
0.7483276 
0.7472259 
0.7484797 
0.7503194 
0.7482372 
0.7507723 
0.7465744 
0.7488079 
0.7444084 
0.7508710 
0.7497961 
0.7524101 
0.7453222 
0.7481102 
0.7582994 
0.7554800 
0.7604140 
0.7584616 
0.7550475 
0.7551154 
0.7599300 
0.7564676 
0.7582118 
0.7578624 
0.7641747 
0.7617068 
0.7584457 
0.7630825 
0.7571450 
0.7595849 
0.7574254 
0.7576824 
0.7635621 
0.7597211 
0.7569767 
0.7572322 
0.7558812 
0.7533175 
0.7589912 
0.7582946 
0.7647181 
0.7625174 
0.7515383 
0.7544484 
0.7543488 
0.7515541 
0.7534483 
0.7551877 
0.7505917 
0.7540393 
0.7624052 
0.7538539 
0.7473766 
0.7456708 
0.7430071 
0.7412662 
0.7420087 
0.7438012 
0.7451845 
0.7419254 
0.7355206 
0.7388992 
0.7346476 
0.7310879 
0.7350560 
0.7298423 
0.7312464 
0.7325269 
0.7302966 
0.7289961 
0.7312202 
0.7346379 
0.7286959 
0.7254604 
0.7316475 
0.7300194 
0.7208108 
0.7251473 
0.7209116 
0.7145437 
0.7189454 
0.7213757 
0.7212621 
0.7277749 
0.7203038 
0.7212854 
0.7238427 
0.7226396 
0.7240529 
0.7203628 
0.7157470 
0.7191844 
0.7263929 
0.7161958 
0.7132074 
0.7079637 
0.7167269 
0.7139512 
0.7171682 
0.7163062 
0.7091465 
0.7114647 
0.7106661 
0.7083532 
0.7056148 
0.7117325 
0.7093883 
0.7081632 
0.7056125 
0.7110386 
0.7109565 
0.7087586 
0.7053486 
0.7123094 
0.7035280 
0.7106967 
0.7120425 
0.7062822 
0.7025610 
0.7113046 
0.7074385 
0.7106443 
0.7010797 
0.7063809 
0.6950086 
0.7014872 
0.7007583 
0.6984487 
0.7074344 
0.7029280 
0.7023911 
0.7059898 
0.6986571 
0.6978066 
0.7030979 
0.6985317 
0.6975691 
0.6933971 
0.6919891 
0.6941374 
0.6889974 
0.6892162 
0.6900650 
0.6992685 
0.6939764 
0.6938729 
0.6871280 
0.6855579 
0.6890192 
0.6881985 
0.6838087 
0.6771466 
0.6826502 
0.6881460 
0.6805708 
0.6795311 
0.6890014 
0.6796639 
0.6869600 
0.6819218 
0.6989763 
0.6966191 
0.6865164 
0.6903479 
0.6989815 
0.6938445 
0.6810064 
0.6784227 
0.6798586 
0.6748950 
0.6714709 
0.6753408 
0.6715427 
0.6690414 
0.6720927 
0.6774796 
0.6758720 
0.6734082 
0.6722482 
0.6759509 
0.6745491 
0.6716853 
0.6758223 
0.6601292 
0.6666228 
0.6598144 
0.6515931 
0.6520462 
0.6601429 
0.6585253 
0.6549302 
0.6647558 
0.6628823 
0.6674826 
0.6615149 
0.6608132 
0.6657511 
0.6531856 
0.6589541 
0.6619337 
0.6630092 
0.6599739 
0.6700430 
0.6568480 
0.6600597 
0.6642498 
0.6577426 
0.6570638 
0.6632939 
0.6648067 
0.6669287 
0.6673976 
0.6641228 
0.6602517 
0.6618997 
0.6576052 
0.6563935 
0.6684152 
0.6534892 
0.6595969 
0.6475627 
0.6492288 
0.6532970 
0.6442732 
0.6436984 
0.6439814 
0.6480772 
0.6578826 
0.6561791 
0.6526425 
0.6450772 
0.6494015 
0.6444831 
0.6452656 
0.6402806 
0.6483324 
0.6452201 
0.6444017 
0.6425515 
0.6380885 
0.6469216 
0.6409485 
0.6381220 
0.6461337 
0.6358325 
0.6406306 
0.6414180 
0.6437172 
0.6435626 
0.6410161 
0.6359225 
0.6419853 
0.6373689 
0.6353450 
0.6355588 
0.6330039 
0.6351715 
0.6374731 
0.6369617 
0.6354004 
0.6329440 
0.6405572 
0.6373392 
0.6375560 
0.6304542 
0.6300520 
0.6275401 
0.6290468 
0.6220976 
0.6272176 
0.6192657 
0.6254744 
0.6204171 
0.6239854 
0.6394623 
0.6268623 
0.6222690 
0.6298194 
0.6250359 
0.6223780 
0.6236272 
0.6236915 
0.6107833 
0.6107477 
0.6182412 
0.6138770 
0.6102390 
0.6156288 
0.6228345 
0.6111585 
0.6160908 
0.6127463 
0.6116235 
0.6147400 
0.6161174 
0.6123468 
0.6080700 
0.6168810 
0.6092626 
0.6198694 
0.6098045 
0.6135135 
0.6150664 
0.6166993 
0.6115980 
0.6177635 
0.6099434 
0.6147737 
0.6032587 
0.6061367 
0.6079565 
0.6084025 
0.6062787 
0.6071002 
0.6082076 
0.6128080 
0.6063984 
0.6106325 
0.6103038 
0.6077762 
0.6075068 
0.6050901 
0.6062559 
0.5983725 
0.6022168 
0.6044775 
0.6045091 
0.5954575 
0.6024270 
0.5981196 
0.6025007 
0.6021516 
0.5942416 
0.5994461 
0.6013594 
0.5929282 
0.5993083 
0.6032503 
0.5979210 
0.5975236 
0.5896990 
0.5954142 
0.5902227 
0.5951378 
0.6011246 
0.6048428 
0.5985383 
0.5886733 
0.5870124 
0.5966742 
0.5965124 
0.5882445 
0.5938649 
0.5939929 
0.5919848 
0.5962056 
0.5909181 
0.5941912 
0.5931502 
0.6008818 
0.5948550 
0.5787786 
0.5823031 
0.5884357 
0.5805248 
0.5801243 
0.5899881 
0.5827570 
0.5860119 
0.5835610 
0.5844814 
0.5836279 
0.5774835 
0.5763984 
0.5850481 
0.5833559 
0.5834114 
0.5743527 
0.5792398 
0.5805787 
0.5783178 
0.5800113 
0.5782858 
0.5756273 
0.5777144 
0.5814629 
0.5773136 
0.5739452 
0.5766583 
0.5702238 
0.5745127 
0.5740786 
0.5691564 
0.5712075 
0.5606843 
0.5703554 
0.5676499 
0.5705644 
0.5629011 
0.5869500 
0.5627727 
0.5580807 
0.5634556 
0.5788712 
0.5623187 
0.5651334 
0.5656636 
0.5696627 
0.5640977 
0.5666456 
0.5632685 
0.5644468 
0.5580553 
0.5598874 
0.5651584 
0.5563866 
0.5630181 
0.5640626 
0.5570079 
0.5600864 
0.5636969 
0.5639595 
0.5655872 
0.5582534 
0.5604944 
0.5635799 
0.5648303 
0.5681507 
0.5696279 
0.5559203 
0.5644874 
0.5589167 
0.5662933 
0.5616887 
0.5524934 
0.5680306 
0.5532126 
0.5569067 
0.5591492 
0.5549671 
0.5569845 
0.5566179 
0.5502697 
0.5520626 
0.5533334 
0.5514736 
0.5446644 
0.5422757 
0.5494706 
0.5422847 
0.5473158 
0.5467101 
0.5418727 
0.5461045 
0.5373878 
0.5350816 
0.5429593 
0.5394606 
0.5438288 
0.5376826 
0.5399169 
0.5376133 
0.5366468 
0.5400603 
0.5444764 
0.5459267 
0.5401585 
0.5376219 
0.5441243 
0.5395960 
0.5412039 
0.5426123 
0.5451423 
0.5461990 
0.5472434 
0.5459147 
0.5486751 
0.5497886 
0.5539056 
0.5546866 
0.5521523 
0.5513959 
0.5465738 
0.5463435 
0.5409023 
0.5536112 
0.5469732 
0.5493327 
0.5498842 
0.5521347 
0.5506426 
0.5295810 
0.5254058 
0.5279700 
0.5314161 
0.5238010 
0.5246102 
0.5300239 
0.5235622 
0.5280582 
0.5209181 
0.5196800 
0.5182927 
0.5212970 
0.5158810 
0.5197711 
0.5240868 
0.5169084 
0.5126361 
0.5146413 
0.5193759 
0.5185808 
0.5143879 
0.5199573 
0.5193586 
0.5240452 
0.5233612 
0.5246359 
0.5214377 
0.5201552 
0.5203430 
0.5130227 
0.5131379 
0.5122543 
0.5235264 
0.5241991 
0.5263422 
0.5235316 
0.5217337 
0.5111363 
0.5036817 
0.5094798 
0.5098699 
0.5059722 
0.5043241 
0.5045610 
0.5079172 
0.5074211 
0.5010458 
0.5071671 
0.5007210 
0.5065101 
0.5078166 
0.5145962 
0.5099060 
0.5022810 
0.5101052 
0.5059627 
0.5022872 
0.5004838 
0.5118084 
0.5067293 
0.5015992 
0.5121532 
0.4998926 
0.5093067 
0.5077997 
0.5039891 
0.5001918 
0.5044731 
0.4987724 
0.5109693 
0.5032460 
0.5047089 
0.5051426 
0.4955223 
0.5025868 
0.4979619 
0.4985848 
0.4952278 
0.4986351 
0.5003673 
0.5041991 
0.4896837 
0.4955744 
0.4995834 
0.4916706 
0.4972210 
0.4972895 
0.4909459 
0.5010201 
0.5029017 
0.4912162 
0.4970595 
0.4937576 
0.4941656 
0.4896347 
0.4882986 
0.4919279 
0.4934463 
0.4858210 
0.4887066 
0.4864901 
0.4899169 
0.4859134 
0.4897301 
0.4833984 
0.4792766 
0.4815258 
0.4747333 
0.4838636 
0.4885108 
0.4796013 
0.4940404 
0.4829590 
0.4881353 
0.4830776 
0.4830517 
0.4753231 
0.4770876 
0.4817460 
0.4910470 
0.4856821 
0.4912761 
0.4875699 
0.4780087 
0.4855516 
0.4839152 
0.4832170 
0.4833755 
0.4840708 
0.4851070 
0.4876393 
0.4891889 
0.4897963 
0.4857196 
0.4891189 
0.4799204 
0.4821828 
0.4792260 
0.4889206 
0.4816760 
0.4763071 
0.4876870 
0.4871195 
0.4876895 
0.4863601 
0.4821983 
0.4782381 
0.4848744 
0.4778039 
0.4755810 
0.4704296 
0.4757917 
0.4715474 
0.4735513 
0.4729740 
0.4708251 
0.4735375 
0.4637678 
0.4667449 
0.4693318 
0.4638043 
0.4625008 
0.4603323 
0.4588035 
0.4576908 
0.4620821 
0.4611474 
0.4597547 
0.4616574 
0.4626401 
0.4607881 
0.4632845 
0.4563563 
0.4569018 
0.4538639 
0.4566861 
0.4536389 
0.4521135 
0.4576873 
0.4511924 
0.4541892 
0.4515474 
0.4553075 
0.4556174 
0.4487113 
0.4552656 
0.4518665 
0.4548128 
0.4522755 
0.4551821 
0.4474293 
0.4413733 
0.4503667 
0.4528924 
0.4535760 
0.4533060 
0.4474562 
0.4442374 
0.4423714 
0.4470182 
0.4591540 
0.4522968 
0.4499553 
0.4485244 
0.4502773 
0.4552312 
0.4538430 
0.4489676 
0.4432860 
0.4453695 
0.4429837 
0.4518738 
0.4501388 
0.4443187 
0.4354315 
0.4453383 
0.4261851 
0.4469244 
0.4452208 
0.4433215 
0.4386861 
0.4382090 
0.4372076 
0.4388456 
0.4511571 
0.4477710 
0.4460416 
0.4458053 
0.4398950 
0.4374801 
0.4312642 
0.4299534 
0.4343576 
0.4327471 
0.4355072 
0.4312914 
0.4361397 
0.4417345 
0.4389352 
0.4410927 
0.4392710 
0.4358887 
0.4302177 
0.4318055 
0.4379698 
0.4411505 
0.4364446 
0.4394811 
0.4464217 
0.4411314 
0.4420360 
0.4417513 
0.4411215 
0.4293070 
0.4333037 
0.4319750 
0.4261016 
0.4244659 
0.4282686 
0.4210696 
0.4213609 
0.4198106 
0.4118289 
0.4198100 
0.4200903 
0.4229898 
0.4214652 
0.4194478 
0.4187961 
0.4145190 
0.4044652 
0.4104474 
0.4210964 
0.4163538 
0.4187303 
0.4299069 
0.4354787 
0.4217706 
0.4185658 
0.4109407 
0.4185340 
0.4189765 
0.4222419 
0.4223993 
0.4266893 
0.4256793 
0.4214550 
0.4151715 
0.4096481 
0.4138290 
0.4090217 
0.4044989 
0.4035638 
0.4027499 
0.4079475 
0.4106740 
0.4137016 
0.4088507 
0.4017517 
0.3989815 
0.4030253 
0.3992654 
0.3959962 
0.3950425 
0.4004681 
0.4047415 
0.4043495 
0.4118765 
0.4071476 
0.4139956 
0.4122452 
0.4066471 
0.4049171 
0.4162766 
0.4166830 
0.4091583 
0.4103289 
0.4111816 
0.4136741 
0.4088654 
0.4140170 
0.4123018 
0.4054187 
0.4046582 
0.4078546 
0.4145693 
0.4063147 
0.4077280 
0.4029788 
0.3979689 
0.4062512 
0.4094577 
0.4121355 
0.4062018 
0.3993802 
0.3937643 
0.4014955 
0.4054700 
0.4076067 
0.4014328 
0.4004237 
0.3959041 
0.3981434 
0.3938085 
0.3979742 
0.3973181 
0.4023602 
0.3908588 
0.3984777 
0.4066142 
0.4088707 
0.4022108 
0.4021665 
0.3958483 
0.4020311 
0.3949956 
0.3936199 
0.3865464 
0.3910384 
0.3889620 
0.3952102 
0.3955253 
0.3990186 
0.3981935 
0.3959511 
0.3937314 
0.3940160 
0.3909167 
0.3931694 
0.3884930 
0.3901090 
0.3893840 
0.3901839 
0.3951444 
0.3959716 
0.3923849 
0.4006302 
0.3967287 
0.3984196 
0.3971901 
0.3941981 
0.3934907 
0.3926415 
0.4035497 
0.3910515 
0.3928680 
0.3921275 
0.3934823 
0.3957934 
0.3947498 
0.3946561 
0.3909774 
0.3919110 
0.3961263 
0.3924958 
0.4006061 
0.3965346 
0.4001724 
0.3891056 
0.3906664 
0.4009730 
0.3857363 
0.3975708 
0.3870204 
0.3870003 
0.3842110 
0.3817316 
0.3820179 
0.3807572 
0.3828393 
0.3833738 
0.3828077 
0.3804813 
0.3779349 
0.3742521 
0.3748801 
0.3685353 
0.3724598 
0.3663957 
0.3678757 
0.3660879 
0.3618329 
0.3635172 
0.3643735 
0.3705869 
0.3659039 
0.3653912 
0.3725214 
0.3664212 
0.3622723 
0.3650340 
0.3679277 
0.3674401 
0.3733624 
0.3779589 
0.3719898 
0.3635266 
0.3660559 
0.3694030 
0.3669757 
0.3570024 
0.3612242 
0.3713672 
0.3691069 
0.3699045 
0.3605561 
0.3638384 
0.3649805 
0.3669442 
0.3664948 
0.3572245 
0.3593021 
0.3552718 
0.3542965 
0.3540724 
0.3508254 
0.3428895 
0.3397029 
0.3450194 
0.3316667 
0.3391040 
0.3481146 
0.3424123 
0.3381455 
0.3427099 
0.3472433 
0.3423586 
0.3405421 
0.3472987 
0.3416903 
0.3457834 
0.3497934 
0.3468773 
0.3390423 
0.3381564 
0.3525453 
0.3414752 
0.3376661 
0.3451491 
0.3444116 
0.3337997 
0.3489540 
0.3482361 
0.3479732 
0.3540291 
0.3584493 
0.3591697 
0.3577296 
0.3562032 
0.3600702 
0.3484157 
0.3449719 
0.3484663 
0.3440886 
0.3409430 
0.3417741 
0.3384824 
0.3353126 
0.3336973 
0.3295637 
0.3288306 
0.3232025 
0.3218075 
0.3211416 
0.3155498 
0.3135971 
0.3142700 
0.3182975 
0.3276959 
0.3228928 
0.3326623 
0.3446430 
0.3430765 
0.3454352 
0.3363937 
0.3344461 
0.3303516 
0.3258106 
0.3285672 
0.3311040 
0.3360782 
0.3365890 
0.3367391 
0.3238660 
0.3253635 
0.3374872 
0.3425569 
0.3350648 
0.3278543 
0.3220279 
0.3353769 
0.3342262 
0.3299866 
0.3311587 
0.3343438 
0.3425713 
0.3486699 
0.3373185 
0.3355831 
0.3358168 
0.3376861 
0.3361945 
0.3424243 
0.3298717 
0.3261429 
0.3324678 
0.3267509 
0.3464430 
0.3309269 
0.3340815 
0.3458218 
0.3382457 
0.3421353 
0.3377257 
0.3375375 
0.3462722 
0.3366517 
0.3417158 
0.3181595 
0.3230173 
0.3289594 
0.3203082 
0.3286951 
0.3232848 
0.3259812 
0.3203933 
0.3225703 
0.3198275 
0.3180592 
0.3284561 
0.3354993 
0.3396433 
0.3421669 
0.3354836 
0.3226816 
0.3157838 
0.3036752 
0.3320226 
0.3433241 
0.3455761 
0.3464643 
0.3204174 
0.3121796 
0.3223487 
0.3176720 
0.3300820 
0.3235651 
0.3233913 
0.3049675 
0.3168972 
0.3239587 
0.3264808 
0.3223958 
0.3201341 
0.3074807 
0.3107289 
0.3080065 
0.3090550 
0.2954789 
0.3100510 
0.3115445 
0.3200067 
0.3197027 
0.3203714 
0.3015885 
0.3083148 
0.2910006 
0.2994053 
0.3341728 
0.3314019 
0.3194253 
0.3259905 
0.3183233 
0.3031968 
0.2997928 
0.2974957 
0.2972259 
0.3201528 
0.3102157 
0.3050203 
0.3128018 
0.3144485 
0.3020407 
0.2932098 
0.2976603 
0.3069544 
0.3052281 
0.3009667 
0.3018661 
0.3093136 
0.3057049 
0.3176640 
0.3118387 
0.2950836 
0.2950440 
0.3006364 
0.2888700 
0.2932600 
0.3030053 
0.3011038 
0.3083363 
0.3026262 
0.2907245 
0.2984709 
0.3072680 
0.3059505 
0.2917715 
0.2838813 
0.2763790 
0.2896820 
0.2939133 
0.2948170 
0.2999961 
0.2983482 
0.2928612 
0.2991771 
0.2981287 
0.2941065 
0.2879114 
0.2882086 
0.2835877 
0.2881083 
0.2895282 
0.2848434 
0.2845079 
0.2864163 
0.2886431 
0.2867975 
0.2856546 
0.2807857 
0.2669111 
0.2692428 
0.2698232 
0.2724161 
0.2775401 
0.2816396 
0.2813589 
0.2747381 
0.2794022 
0.2790770 
0.2731135 
0.2722798 
0.2708684 
0.2773482 
0.2819797 
0.2855604 
0.2802807 
0.2836150 
0.2800364 
0.2766293 
0.2754996 
0.2837970 
0.2803043 
0.2836987 
0.2798305 
0.2785504 
0.2746675 
0.2776931 
0.2897180 
0.2929210 
0.2939858 
0.2866339 
0.2766008 
0.2728752 
0.2763979 
0.2795644 
0.2785780 
0.2724059 
0.2712163 
0.2723552 
0.2703807 
0.2597085 
0.2567002 
0.2655719 
0.2702467 
0.2680450 
0.2658962 
0.2687712 
0.2666560 
0.2696911 
0.2756084 
0.2851199 
0.3008915 
0.3054508 
0.2999800 
0.2974261 
0.2837633 
0.2779749 
0.2717983 
0.2699600 
0.2718561 
0.2742518 
0.2707891 
0.2703301 
0.2708140 
0.2722329 
0.2816526 
0.2791359 
0.2748073 
0.2703713 
0.2743406 
0.2803108 
0.2901727 
0.2822277 
0.2756952 
0.2681343 
0.2664472 
0.2681479 
0.2820095 
0.2863982 
0.2763302 
0.2671769 
0.2504828 
0.2486788 
0.2565009 
0.2663767 
0.2680772 
0.2606811 
0.2632457 
0.2725483 
0.2759106 
0.2747358 
0.2732705 
0.2654258 
0.2594951 
0.2589804 
0.2569380 
0.2569337 
0.2608944 
0.2628876 
0.2618769 
0.2604776 
0.2576357 
0.2624597 
0.2601825 
0.2668540 
0.2637774 
0.2602432 
0.2571014 
0.2572614 
0.2659948 
0.2627153 
0.2539793 
0.2533898 
0.2634580 
0.2617059 
0.2628747 
0.2637153 
0.2589026 
0.2548825 
0.2547096 
0.2507400 
0.2487485 
0.2515696 
0.2557275 
0.2567197 
0.2546072 
0.2481909 
0.2565480 
0.2534256 
0.2535647 
0.2549641 
0.2490256 
0.2503288 
0.2496582 
0.2463846 
0.2525038 
0.2498637 
0.2506876 
0.2527462 
0.2509257 
0.2465806 
0.2470974 
0.2505152 
0.2511301 
0.2558469 
0.2504564 
0.2471104 
0.2484966 
0.2519190 
0.2417548 
0.2409771 
0.2392848 
0.2407218 
0.2417513 
0.2419396 
0.2435625 
0.2431932 
0.2387740 
0.2336032 
0.2433281 
0.2393599 
0.2403558 
0.2360016 
0.2375143 
0.2358566 
0.2316312 
0.2335266 
0.2339121 
0.2342761 
0.2428333 
0.2367041 
0.2349806 
0.2362727 
0.2352516 
0.2410849 
0.2408179 
0.2379672 
0.2345358 
0.2339414 
0.2362826 
0.2366657 
0.2345808 
0.2363368 
0.2346706 
0.2399026 
0.2410195 
0.2337476 
0.2327196 
0.2333755 
0.2329506 
0.2303452 
0.2344654 
0.2327364 
0.2304820 
0.2318064 
0.2274528 
0.2295579 
0.2339030 
0.2347885 
0.2336591 
0.2315854 
0.2261437 
0.2259802 
0.2287274 
0.2313507 
0.2260825 
0.2263557 
0.2252381 
0.2234601 
0.2249561 
0.2253227 
0.2249303 
0.2260507 
0.2222928 
0.2223161 
0.2212497 
0.2230256 
0.2261101 
0.2282111 
0.2271746 
0.2236725 
0.2189089 
0.2215128 
0.2196768 
0.2211345 
0.2208197 
0.2199490 
0.2206926 
0.2181797 
0.2245554 
0.2220606 
0.2195647 
0.2150614 
0.2162434 
0.2127498 
0.2158646 
0.2193123 
0.2216823 
0.2238541 
0.2206738 
0.2228180 
0.2265171 
0.2228488 
0.2207299 
0.2240235 
0.2252426 
0.2224802 
0.2219635 
0.2217401 
0.2201281 
0.2259860 
0.2213210 
0.2170846 
0.2182054 
0.2202215 
0.2257793 
0.2210658 
0.2134318 
0.2139022 
0.2209178 
0.2285750 
0.2239306 
0.2271468 
0.2212395 
0.2238690 
0.2240964 
0.2251115 
0.2198774 
0.2200137 
0.2199482 
0.2218308 
0.2276505 
0.2161792 
0.2113648 
0.2116011 
0.2172316 
0.2158811 
0.2101468 
0.2091115 
0.2177721 
0.2236998 
0.2167523 
0.2041757 
0.2086731 
0.2196613 
0.2206699 
0.2163612 
0.2100153 
0.2156131 
0.2149705 
0.2206826 
0.2200622 
0.2127271 
0.2147650 
0.2227640 
0.2236100 
0.2186691 
0.2103163 
0.2156085 
0.2198100 
0.2194986 
0.2132575 
0.2084054 
0.2141641 
0.2191604 
0.2116776 
0.2031744 
0.2035977 
0.2041580 
0.2115331 
0.2112169 
0.2037089 
0.2043599 
0.2030678 
0.2014053 
0.1998171 
0.1987379 
0.1961356 
0.2032284 
0.2011206 
0.1944632 
0.1912925 
0.1934466 
0.1996181 
0.1995372 
0.1894056 
0.1896898 
0.1898920 
0.1927544 
0.1960884 
0.1923538 
0.1905061 
0.1879997 
0.1940385 
0.2005776 
0.1949129 
0.1908317 
0.1937834 
0.2038822 
0.1886103 
0.1863283 
0.1926480 
0.1912855 
0.1772862 
0.1824777 
0.1867459 
0.1902002 
0.1828540 
0.1839504 
0.1868063 
0.1793322 
0.1782522 
0.1851134 
0.1842852 
0.1822751 
0.1797755 
0.1697928 
0.1775974 
0.1829205 
0.1843217 
0.1722841 
0.1738396 
0.1864200 
0.1809291 
0.1770606 
0.1842825 
0.1912919 
0.1865378 
0.1757403 
0.1856036 
0.1910081 
0.1777310 
0.1727027 
0.1872289 
0.1761843 
0.1737850 
0.1718219 
0.1805730 
0.1754248 
0.1742943 
0.1854811 
0.1772896 
0.1747519 
0.1717683 
0.1763333 
0.1706079 
0.1672084 
0.1621592 
0.1656800 
0.1657698 
0.1621049 
0.1614526 
0.1621062 
0.1629478 
0.1672443 
0.1724463 
0.1794957 
0.1788238 
0.1779957 
0.1788702 
0.1747056 
0.1714142 
0.1793178 
0.1813194 
0.1823510 
0.1733726 
0.1778551 
0.1828854 
0.1778219 
0.1728958 
0.1701751 
0.1783695 
0.1787350 
0.1750341 
0.1748109 
0.1746881 
0.1778625 
0.1666020 
0.1733678 
0.1707932 
0.1694449 
0.1686717 
0.1730650 
0.1695371 
0.1663807 
0.1707977 
0.1716103 
0.1726227 
0.1741882 
0.1670630 
0.1682739 
0.1680743 
0.1664852 
0.1703480 
0.1689405 
0.1768528 
0.1741726 
0.1760232 
0.1745940 
0.1751677 
0.1664666 
0.1709403 
0.1701809 
0.1652125 
0.1603579 
0.1714807 
0.1664456 
0.1613695 
0.1563309 
0.1574185 
0.1525769 
0.1552496 
0.1505628 
0.1579141 
0.1643527 
0.1693595 
0.1607134 
0.1635257 
0.1674960 
0.1634653 
0.1647533 
0.1564839 
0.1533147 
0.1537895 
0.1573285 
0.1597902 
0.1606974 
0.1581980 
0.1633592 
0.1534725 
0.1578643 
0.1565905 
0.1587655 
0.1524539 
0.1597839 
0.1479198 
0.1457791 
0.1632047 
0.1572492 
0.1569342 
0.1482332 
0.1560720 
0.1588392 
0.1526974 
0.1531293 
0.1474300 
0.1535341 
0.1536956 
0.1502971 
0.1517981 
0.1528272 
0.1609273 
0.1604148 
0.1461914 
0.1444057 
0.1465504 
0.1532467 
0.1549671 
0.1535574 
0.1506188 
0.1487256 
0.1474551 
0.1547508 
0.1480013 
0.1465532 
0.1481933 
0.1484809 
0.1505892 
0.1490897 
0.1505722 
0.1503261 
0.1498199 
0.1500359 
0.1483524 
0.1465129 
0.1453944 
0.1521077 
0.1489995 
0.1431045 
0.1352693 
0.1415713 
0.1422146 
0.1494015 
0.1561549 
0.1509442 
0.1470516 
0.1464978 
0.1446190 
0.1383610 
0.1350346 
0.1380534 
0.1466244 
0.1428846 
0.1351567 
0.1323886 
0.1253646 
0.1421097 
0.1501071 
0.1515317 
0.1394173 
0.1285831 
0.1263062 
0.1292276 
0.1394525 
0.1460120 
0.1485340 
0.1389409 
0.1397179 
0.1405148 
0.1345287 
0.1357294 
0.1434361 
0.1444307 
0.1396316 
0.1372962 
0.1411230 
0.1388228 
0.1322056 
0.1420288 
0.1440655 
0.1481914 
0.1582130 
0.1479030 
0.1371571 
0.1296365 
0.1382466 
0.1428381 
0.1445105 
0.1439501 
0.1384492 
0.1371017 
0.1429354 
0.1421745 
0.1399229 
0.1385327 
0.1349772 
0.1382533 
0.1387840 
0.1369280 
0.1413521 
0.1325941 
0.1290270 
0.1277546 
0.1294136 
0.1278629 
0.1272892 
0.1246409 
0.1256107 
0.1245293 
0.1265631 
0.1257236 
0.1237868 
0.1222487 
0.1197655 
0.1183412 
0.1178638 
0.1115759 
0.1106371 
0.1181275 
0.1152328 
0.1176607 
0.1183628 
0.1137705 
0.1189026 
0.1184093 
0.1205057 
0.1182195 
0.1187806 
0.1205937 
0.1140750 
0.1137483 
0.1182675 
0.1255458 
0.1204740 
0.1166018 
0.1310538 
0.1276615 
0.1272529 
0.1272332 
0.1370208 
0.1273686 
0.1221991 
0.1293599 
0.1291655 
0.1253920 
0.1170366 
0.1209974 
0.1270908 
0.1185337 
0.1163850 
0.1159152 
0.1216435 
0.1176368 
0.1250908 
0.1225266 
0.1258998 
0.1274068 
0.1210998 
0.1194039 
0.1193753 
0.1190531 
0.1074169 
0.1100248 
0.0983651 
0.1062482 
0.1062000 
0.1082818 
0.1077789 
0.1078809 
0.1113978 
0.1167581 
0.1192163 
0.1151456 
0.1106966 
0.1115753 
0.1084792 
0.1166658 
0.1082076 
0.1125404 
0.1095451 
0.1105467 
0.1059075 
0.1085232 
0.1055317 
0.1050130 
0.0980415 
0.1051283 
0.1050715 
0.1059623 
0.1040307 
0.1068787 
0.1028039 
0.1014785 
0.1002452 
0.1016715 
0.1054823 
0.1062699 
0.1020368 
0.1062508 
0.1012574 
0.1005817 
0.1020078 
0.0998687 
0.1023831 
0.1018401 
0.0986700 
0.1000629 
0.1004121 
0.0908027 
0.0947045 
0.0953513 
0.0925490 
0.0924512 
0.0884028 
0.0888392 
0.0976496 
0.0981048 
0.0945991 
0.0961259 
0.0979156 
0.0984621 
0.0981196 
0.0999768 
0.0988236 
0.0978300 
0.0973823 
0.0943677 
0.0974684 
0.0967194 
0.0948726 
0.0957482 
0.0991926 
0.0991568 
0.0992042 
0.0997470 
0.0925326 
0.0965575 
0.0925230 
0.0871438 
0.0945119 
0.0984186 
0.0958973 
0.0943163 
0.0939463 
0.0910212 
0.0897003 
0.0867041 
0.0873449 
0.0923855 
0.0946193 
0.0958051 
0.0866344 
0.0862387 
0.0840590 
0.0816146 
0.0841041 
0.0939165 
0.0920627 
0.0853603 
0.0917299 
0.0959149 
0.0944518 
0.0923238 
0.0923466 
0.0824183 
0.0807940 
0.0886451 
0.0861154 
0.0843958 
0.0899747 
0.0932844 
0.0887652 
0.0896783 
0.0934297 
0.0884313 
0.0938746 
0.0979021 
0.0875316 
0.0823941 
0.0844199 
0.0809400 
0.0750288 
0.0777499 
0.0827082 
0.0820689 
0.0882620 
0.0919791 
0.0884386 
0.0839764 
0.0845852 
0.0861686 
0.0795623 
0.0751130 
0.0756342 
0.0684867 
0.0687723 
0.0725907 
0.0762654 
0.0883469 
0.0868316 
0.0845946 
0.0864106 
0.0829141 
0.0807141 
0.0701223 
0.0730163 
0.0657333 
0.0603848 
0.0659059 
0.0760304 
0.0719255 
0.0726179 
0.0765669 
0.0797341 
0.0721655 
0.0666401 
0.0721384 
0.0772514 
0.0761339 
0.0751038 
0.0697187 
0.0710490 
0.0692207 
0.0692744 
0.0781583 
0.0870350 
0.0795538 
0.0698431 
0.0767984 
0.0835209 
0.0774411 
0.0702972 
0.0686973 
0.0755867 
0.0721081 
0.0705448 
0.0818239 
0.0829122 
0.0821167 
0.0736716 
0.0695702 
0.0658954 
0.0706877 
0.0748925 
0.0813646 
0.0831769 
0.0739236 
0.0758597 
0.0820783 
0.0713811 
0.0620175 
0.0660626 
0.0700513 
0.0724451 
0.0732304 
0.0710864 
0.0729596 
0.0729244 
0.0707199 
0.0709012 
0.0704266 
0.0695074 
0.0744502 
0.0705139 
0.0645856 
0.0589756 
0.0660548 
0.0704252 
0.0596308 
0.0583412 
0.0649529 
0.0777868 
0.0725356 
0.0586296 
0.0582135 
0.0665479 
0.0695619 
0.0644309 
0.0608482 
0.0574381 
0.0663202 
0.0730856 
0.0719265 
0.0655966 
0.0571426 
0.0616822 
0.0628692 
0.0652660 
0.0660389 
0.0672746 
0.0615365 
0.0649167 
0.0680496 
0.0712463 
0.0707452 
0.0627055 
0.0549334 
0.0555895 
0.0696524 
0.0767002 
0.0698067 
0.0587764 
0.0552005 
0.0558179 
0.0628726 
0.0647440 
0.0641624 
0.0609182 
0.0561007 
0.0513196 
0.0551862 
0.0592554 
0.0578761 
0.0574259 
0.0495371 
0.0483239 
0.0535597 
0.0548111 
0.0567022 
0.0525551 
0.0494499 
0.0489626 
0.0480965 
0.0460662 
0.0509274 
0.0524954 
0.0553280 
0.0550542 
0.0515145 
0.0547928 
0.0600890 
0.0605799 
0.0584331 
0.0591343 
0.0525950 
0.0540395 
0.0511778 
0.0521699 
0.0534620 
0.0553028 
0.0511897 
0.0531552 
0.0486165 
0.0449619 
0.0498389 
0.0495072 
0.0474485 
0.0462413 
0.0459329 
0.0436980 
0.0446111 
0.0463894 
0.0413992 
0.0379426 
0.0386386 
0.0308315 
0.0301311 
0.0327862 
0.0319324 
0.0356446 
0.0360998 
0.0351190 
0.0347767 
0.0338278 
0.0320679 
0.0279404 
0.0342134 
0.0410800 
0.0397732 
0.0407241 
0.0481574 
0.0434356 
0.0359257 
0.0365636 
0.0398449 
0.0415033 
0.0444330 
0.0448667 
0.0435244 
0.0412900 
0.0417206 
0.0405466 
0.0420703 
0.0396598 
0.0361741 
0.0370020 
0.0398968 
0.0409094 
0.0461363 
0.0453333 
0.0427058 
0.0401617 
0.0415362 
0.0431690 
0.0445282 
0.0418117 
0.0384380 
0.0340608 
0.0362084 
0.0381857 
0.0376935 
0.0353506 
0.0298401 
0.0292177 
0.0314060 
0.0320117 
0.0342232 
0.0329551 
0.0310038 
0.0298606 
0.0308024 
0.0343548 
0.0419964 
0.0351938 
0.0266205 
0.0254298 
0.0350469 
0.0379304 
0.0348319 
0.0294595 
0.0242742 
0.0312445 
0.0400348 
0.0372243 
0.0246336 
0.0321750 
0.0322398 
0.0358647 
0.0327678 
0.0324921 
0.0350508 
0.0404293 
0.0343021 
0.0322304 
0.0299559 
0.0335705 
0.0338906 
0.0351303 
0.0382275 
0.0378687 
0.0422674 
0.0320771 
0.0288292 
0.0387742 
0.0458410 
0.0422630 
0.0354869 
0.0354788 
0.0411747 
0.0482754 
0.0407928 
0.0334991 
0.0340482 
0.0404052 
0.0473701 
0.0353288 
0.0319624 
0.0304694 
0.0315772 
0.0322772 
0.0283291 
0.0305958 
0.0315522 
0.0362434 
0.0310959 
0.0169828 
0.0168457 
0.0270021 
0.0294619 
0.0222076 
0.0187568 
0.0211885 
0.0254854 
0.0203095 
0.0187788 
0.0227110 
0.0225727 
0.0161082 
0.0170995 
0.0147310 
0.0150519 
0.0162138 
0.0193535 
0.0185125 
0.0106757 
0.0170265 
0.0135346 
0.0179763 
0.0126260 
0.0103053 
0.0081223 
0.0072834 
0.0089780 
0.0103557 
0.0125509 
0.0076623 
0.0047751 
0.0000000 
0.0044733 
0.0105885 
0.0115924 
0.0110852 
0.0081846 
0.0077780 
0.0059257 
0.0061481 
0.0090803 
0.0060830 
0.0078951 
0.0054343 
0.0062411 
0.0091936 
0.0103989 
0.0130931 
0.0141915 
0.0103623 
0.0145946 
0.0155230 
0.0209944 
0.0387443 
0.0233700 
0.0179382 
0.0145807 
0.0146362 
0.0125337 
0.0123643 
0.0163761 
0.0172418 
0.0190911 
0.0117557 
0.0115101 
0.0136321 
0.0145463 
0.0143257 
0.0171280 
0.0159962 
0.0130696 
0.0135087 
0.0154934 
0.0166458 
0.0155153 
0.0205926 
0.0222353 
0.0196035 
0.0130507 
0.0163547 
0.0106597 
0.0118511 
0.0162337 
0.0198424 
0.0192938 
0.0203960 
0.0154210 
0.0095556 
0.0049810 
0.0089130 
0.0118403 
0.0086115 
0.0032249 
