0.0000930 
0.0001840 
0.0001476 
0.4455546 
-0.0377022 
0.3717763 
0.0114374 
0.0061798 
0.0124255 
0.0078627 
0.0137647 
0.0096364 
0.0256228 
0.0206322 
0.0181758 
0.0144332 
0.0088632 
0.0135399 
0.0000000 
0.0039799 
0.0036469 
0.0198928 
0.0139726 
0.0164410 
0.0221729 
0.0213665 
0.0117660 
0.0095647 
0.0128711 
0.0147018 
0.0103671 
0.0204220 
0.0212792 
0.0271769 
0.0140156 
0.0305940 
0.0179709 
0.0317038 
0.0232807 
0.0313355 
0.0328273 
0.0195004 
0.0323871 
0.0292946 
0.0352771 
0.0225213 
0.0312264 
0.0230701 
0.0312776 
0.0272817 
0.0300878 
0.0271212 
0.0287609 
0.0323628 
0.0388659 
0.0304965 
0.0351512 
0.0338920 
0.0347141 
0.0427693 
0.0364455 
0.0368884 
0.0375435 
0.0352132 
0.0372263 
0.0403432 
0.0454759 
0.0498895 
0.0539628 
0.0487446 
0.0422737 
0.0424284 
0.0441560 
0.0494435 
0.0491558 
0.0468642 
0.0479264 
0.0477860 
0.0554082 
0.0630539 
0.0609326 
0.0560429 
0.0568724 
0.0518266 
0.0577227 
0.0569186 
0.0547050 
0.0614426 
0.0617003 
0.0624745 
0.0664200 
0.0637758 
0.0577067 
0.0616000 
0.0690349 
0.0730186 
0.0756835 
0.0810094 
0.0793710 
0.0747612 
0.0840797 
0.0870478 
0.0873090 
0.0967748 
0.0997235 
0.0973206 
0.1021342 
0.1055594 
0.1080256 
0.1085630 
0.1122301 
0.1238490 
0.1274894 
0.1351285 
0.1375890 
0.1397244 
0.1421277 
0.1490442 
0.1510020 
0.1543831 
0.1553315 
0.1628927 
0.1625515 
0.1695983 
0.1663630 
0.1745750 
0.1676078 
0.1695599 
0.1701903 
0.1761207 
0.1695190 
0.1772739 
0.1838439 
0.1842268 
0.1764643 
0.1904277 
0.2126986 
0.2222352 
0.2248409 
0.2388554 
0.2418256 
0.2479877 
0.2470427 
0.2573842 
0.2711442 
0.2763786 
0.2797027 
0.2818241 
0.2994347 
0.3365832 
0.3816749 
0.4284251 
0.4609519 
0.4901953 
0.5251043 
0.5737120 
0.6158234 
0.6396203 
0.6662425 
0.7073220 
0.7478975 
0.7787820 
0.8053137 
0.8347602 
0.8771798 
0.8981224 
0.9323552 
0.9488880 
0.9545817 
0.9700220 
0.9736940 
0.9816045 
0.9871802 
0.9816257 
0.9934976 
0.9946121 
0.9961263 
0.9865479 
0.9844832 
0.9853198 
0.9894534 
0.9892987 
1.0000000 
0.9891883 
0.9888784 
0.9889443 
0.9773977 
0.9790370 
0.9777550 
0.9745161 
0.9727328 
0.9805441 
0.9844526 
0.9713950 
0.9642915 
0.9701272 
0.9830471 
0.9514173 
0.9657399 
0.9655308 
0.9780784 
0.9721276 
0.9769711 
0.9637845 
0.9812180 
0.9646936 
0.9838065 
0.9632173 
0.9895685 
0.9651514 
0.9935301 
0.9848423 
0.9917374 
0.9776461 
0.9924650 
0.9864317 
0.9931845 
0.9739730 
0.9747564 
0.9598857 
0.9652269 
0.9644977 
0.9644254 
0.9706421 
0.9646962 
0.9578130 
0.9609393 
0.9624915 
0.9597946 
0.9604963 
0.9606537 
0.9643238 
0.9643799 
0.9627011 
0.9693683 
0.9639491 
0.9653058 
0.9592845 
0.9630435 
0.9627409 
0.9622837 
0.9742607 
0.9818946 
0.9818924 
0.9936326 
0.9806711 
0.9870866 
0.9823261 
0.9868555 
0.9735338 
0.9654279 
0.9574158 
0.9577616 
0.9530926 
0.9527740 
0.9420133 
0.9462237 
0.9385152 
0.9432201 
0.9312582 
0.9314690 
0.9355757 
0.9441869 
0.9367566 
0.9387199 
0.9378861 
0.9278172 
0.9394704 
0.9381353 
0.9330357 
0.9435004 
0.9383816 
0.9432618 
0.9523141 
0.9476779 
0.9490470 
0.9471485 
0.9512697 
0.9535702 
0.9503493 
0.9477423 
0.9447513 
0.9448324 
0.9424505 
0.9488893 
0.9480411 
0.9442773 
0.9666287 
0.9794333 
0.9760369 
0.9766260 
0.9593724 
0.9504474 
0.9398419 
0.9474378 
0.9440635 
0.9493621 
0.9550210 
0.9529502 
0.9580457 
0.9513177 
0.9464504 
0.9548052 
0.9460921 
0.9469696 
0.9522830 
0.9511187 
0.9439807 
0.9486035 
0.9463363 
0.9430865 
0.9431602 
0.9384845 
0.9452812 
0.9435023 
0.9423125 
0.9484407 
0.9457970 
0.9438940 
0.9493285 
0.9436430 
0.9402660 
0.9346944 
0.9366895 
0.9377548 
0.9435357 
0.9398063 
0.9375564 
0.9385174 
0.9436051 
0.9399508 
0.9408383 
0.9380967 
0.9359237 
0.9302644 
0.9316178 
0.9383106 
0.9358218 
0.9270189 
0.9265686 
0.9188462 
0.9157232 
0.9115342 
0.9147810 
0.9048201 
0.8991605 
0.8990202 
0.9023428 
0.9076757 
0.9087379 
0.9071759 
0.9050930 
0.9074598 
0.8987813 
0.9020587 
0.8990962 
0.8983796 
0.9044786 
0.8961998 
0.8916058 
0.8854549 
0.8934566 
0.8969689 
0.9011602 
0.9109057 
0.9091258 
0.9090348 
0.9143567 
0.9115379 
0.9075983 
0.9042629 
0.9009694 
0.9038100 
0.9011280 
0.8950031 
0.8930329 
0.8900741 
0.8907784 
0.8968103 
0.8947632 
0.8846625 
0.8946882 
0.8881896 
0.8872838 
0.8840966 
0.8788083 
0.8864657 
0.8983113 
0.8951883 
0.8963003 
0.8937061 
0.8933130 
0.9020419 
0.9108858 
0.9029245 
0.8945171 
0.9048295 
0.9150479 
0.9215255 
0.9229658 
0.9209734 
0.8835460 
0.8676743 
0.9007306 
0.9090094 
0.8870207 
0.8956030 
0.9005823 
0.8864629 
0.8788466 
0.8870477 
0.9172786 
0.9020768 
0.9009785 
0.8901450 
0.9036559 
0.8882829 
0.8886583 
0.8787749 
0.8856047 
0.8977796 
0.9040423 
0.9135804 
0.8833194 
0.8951421 
0.8936234 
0.9080808 
0.9011351 
0.9217710 
0.9014811 
0.8868339 
0.8895904 
0.9034265 
0.9162100 
0.8889108 
0.8778891 
0.8735951 
0.8837366 
0.8847167 
0.8890234 
0.8901357 
0.8854274 
0.8819519 
0.8835126 
0.8971884 
0.8905300 
0.8847518 
0.8836463 
0.8896746 
0.8947353 
0.8948596 
0.8935727 
0.8862643 
0.8910146 
0.8996979 
0.8980110 
0.8970479 
0.9064035 
0.8935362 
0.8951449 
0.8978368 
0.8919609 
0.8853101 
0.8838190 
0.8797116 
0.8820877 
0.8837819 
0.9006096 
0.9065482 
0.9000206 
0.9057176 
0.9019698 
0.9002877 
0.9049767 
0.9053589 
0.9031466 
0.8994228 
0.8955407 
0.8984978 
0.8976274 
0.8932336 
0.8951429 
0.8966919 
0.8939999 
0.8883199 
0.8980514 
0.8998351 
0.9028343 
0.9043784 
0.8998469 
0.9008619 
0.9036396 
0.9077508 
0.9008819 
0.8921751 
0.8956941 
0.8960126 
0.8934758 
0.8938066 
0.8888679 
0.8928004 
0.8965602 
0.9001618 
0.9041647 
0.9033949 
0.9041791 
0.9023777 
0.9085600 
0.9061086 
0.9084744 
0.8990576 
0.9025555 
0.9076556 
0.8970108 
0.8896197 
0.8890792 
0.8806385 
0.8815958 
0.8934275 
0.8888209 
0.8846571 
0.8926544 
0.8878803 
0.8918554 
0.8994631 
0.9055758 
0.9015344 
0.9018641 
0.8927836 
0.9007177 
0.8938730 
0.8902475 
0.8900452 
0.8888736 
0.8741478 
0.8691500 
0.8739848 
0.8723509 
0.8682220 
0.8702642 
0.8629320 
0.8698050 
0.8766870 
0.8756069 
0.8671795 
0.8632735 
0.8695308 
0.8723140 
0.8780567 
0.8734732 
0.8842093 
0.8783462 
0.8815294 
0.8795233 
0.8816314 
0.8815148 
0.8891823 
0.8882252 
0.8810092 
0.8784649 
0.8755751 
0.8701868 
0.8751198 
0.8675485 
0.8782339 
0.8684049 
0.8764114 
0.8709348 
0.8737512 
0.8650773 
0.8766956 
0.8681988 
0.8834777 
0.8775202 
0.8769057 
0.8815347 
0.8828140 
0.8822577 
0.8883783 
0.8930958 
0.8874003 
0.8745427 
0.8752231 
0.8742373 
0.8636400 
0.8702308 
0.8579226 
0.8564005 
0.8561437 
0.8453776 
0.8469532 
0.8433908 
0.8465985 
0.8477885 
0.8602077 
0.8603258 
0.8585631 
0.8670422 
0.8675316 
0.8793346 
0.8663065 
0.8680224 
0.8695290 
0.8669536 
0.8686828 
0.8616308 
0.8650745 
0.8643105 
0.8742258 
0.8693974 
0.8575775 
0.8507341 
0.8484447 
0.8562280 
0.8649573 
0.8709583 
0.8780245 
0.8660207 
0.8492311 
0.8534453 
0.8635147 
0.8666898 
0.8658679 
0.8682519 
0.8648545 
0.8563086 
0.8504799 
0.8554125 
0.8683764 
0.8759402 
0.8775442 
0.8879602 
0.8880172 
0.8851618 
0.8802982 
0.8834989 
0.8938193 
0.8901146 
0.8896343 
0.8926595 
0.8860000 
0.8845634 
0.8816676 
0.8803181 
0.8792632 
0.8838141 
0.8835747 
0.8803507 
0.8764850 
0.8653539 
0.8738993 
0.8756384 
0.8762143 
0.8686025 
0.8614494 
0.8675653 
0.8677989 
0.8694183 
0.8769407 
0.8806299 
0.8815520 
0.8815629 
0.8770911 
0.8775630 
0.8751603 
0.8672102 
0.8608946 
0.8703205 
0.8790399 
0.8668803 
0.8612131 
0.8745458 
0.8795383 
0.8610261 
0.8596929 
0.8710792 
0.8688915 
0.8454866 
0.8608520 
0.8722502 
0.8638900 
0.8547430 
0.8489372 
0.8667709 
0.8546656 
0.8423639 
0.8405922 
0.8442560 
0.8613677 
0.8574093 
0.8556134 
0.8589291 
0.8564590 
0.8698502 
0.8596650 
0.8608068 
0.8696070 
0.8583193 
0.8637885 
0.8574147 
0.8540522 
0.8575815 
0.8509266 
0.8546027 
0.8535892 
0.8493477 
0.8536132 
0.8521976 
0.8566594 
0.8572524 
0.8573427 
0.8630236 
0.8674974 
0.8561194 
0.8624184 
0.8651725 
0.8718814 
0.8730588 
0.8639947 
0.8559460 
0.8583224 
0.8543676 
0.8557458 
0.8641697 
0.8455113 
0.8528072 
0.8481912 
0.8481068 
0.8475758 
0.8384350 
0.8418035 
0.8444452 
0.8471333 
0.8452188 
0.8420453 
0.8386073 
0.8431241 
0.8470176 
0.8392373 
0.8415018 
0.8453928 
0.8472224 
0.8458178 
0.8392748 
0.8350198 
0.8377979 
0.8457298 
0.8545121 
0.8649877 
0.8520037 
0.8344556 
0.8307796 
0.8502903 
0.8595884 
0.8708996 
0.8633843 
0.8603951 
0.8273138 
0.8350429 
0.8411288 
0.8668468 
0.8609274 
0.8540942 
0.8487809 
0.8450628 
0.8418890 
0.8436775 
0.8569094 
0.8480729 
0.8541444 
0.8498548 
0.8486651 
0.8442076 
0.8448057 
0.8463805 
0.8500682 
0.8538300 
0.8464913 
0.8461162 
0.8454239 
0.8405769 
0.8318223 
0.8424077 
0.8399937 
0.8403896 
0.8352746 
0.8355567 
0.8403944 
0.8423673 
0.8359699 
0.8485992 
0.8462210 
0.8393554 
0.8468831 
0.8493025 
0.8446938 
0.8452214 
0.8504649 
0.8400387 
0.8437955 
0.8456194 
0.8447739 
0.8427045 
0.8420073 
0.8421874 
0.8327808 
0.8343999 
0.8321308 
0.8306493 
0.8253375 
0.8406785 
0.8326781 
0.8353922 
0.8450855 
0.8437061 
0.8468584 
0.8496708 
0.8444879 
0.8561161 
0.8484856 
0.8454851 
0.8429303 
0.8347591 
0.8409850 
0.8361830 
0.8412500 
0.8410738 
0.8350862 
0.8359833 
0.8430296 
0.8280133 
0.8343638 
0.8272437 
0.8287097 
0.8239144 
0.8259098 
0.8221155 
0.8244293 
0.8292424 
0.8284733 
0.8255985 
0.8269955 
0.8249766 
0.8219150 
0.8238398 
0.8171875 
0.8264195 
0.8239603 
0.8223848 
0.8183198 
0.8229343 
0.8189430 
0.8201897 
0.8212472 
0.8186495 
0.8210929 
0.8160525 
0.8223655 
0.8238378 
0.8197287 
0.8163068 
0.8119065 
0.8051144 
0.8142716 
0.8137677 
0.8208969 
0.8202305 
0.8186833 
0.8182672 
0.8139394 
0.8085854 
0.8107187 
0.8095104 
0.8133049 
0.8139425 
0.8131957 
0.8170221 
0.8148953 
0.8166752 
0.8163571 
0.8227373 
0.8216770 
0.8200819 
0.8179528 
0.8173103 
0.8088120 
0.8041125 
0.8036822 
0.8159589 
0.8215513 
0.8254025 
0.8211057 
0.8208487 
0.8150075 
0.8120979 
0.8266320 
0.8296630 
0.8291138 
0.8157600 
0.8069695 
0.8054484 
0.8135797 
0.8273638 
0.8295719 
0.8204948 
0.8170646 
0.8139736 
0.8090997 
0.8083419 
0.8227765 
0.8261328 
0.8276672 
0.8236869 
0.8257967 
0.8191620 
0.8167356 
0.8133662 
0.8163417 
0.8085887 
0.8190976 
0.8192589 
0.8177184 
0.8141218 
0.8160267 
0.8247089 
0.8239891 
0.8173632 
0.8187825 
0.8212740 
0.8225800 
0.8176221 
0.8053272 
0.8043504 
0.8082115 
0.8064491 
0.8087414 
0.8129187 
0.8064058 
0.7996400 
0.8012507 
0.8046959 
0.8010527 
0.7959375 
0.7973849 
0.8116140 
0.8071491 
0.8028969 
0.8038224 
0.8063965 
0.8066922 
0.8046425 
0.8001998 
0.7905293 
0.7967329 
0.8034513 
0.7944963 
0.7945724 
0.7993550 
0.8045020 
0.8044114 
0.8045117 
0.7998038 
0.8002274 
0.8035208 
0.7961819 
0.7951355 
0.8000967 
0.8032932 
0.7953774 
0.7939528 
0.7895166 
0.7925576 
0.7937149 
0.7982500 
0.7893131 
0.7969624 
0.7976413 
0.7953081 
0.7865368 
0.7950287 
0.8013019 
0.7985403 
0.7893001 
0.7977241 
0.7925485 
0.7927274 
0.7960635 
0.8034319 
0.8049370 
0.7939116 
0.8070287 
0.7932011 
0.8058013 
0.7902718 
0.7953486 
0.7962231 
0.7937373 
0.8003831 
0.7929832 
0.8068513 
0.7906646 
0.7975397 
0.7950021 
0.7946648 
0.7936472 
0.7838636 
0.7842423 
0.7833565 
0.7879467 
0.7838159 
0.7884497 
0.7876381 
0.7864526 
0.7859039 
0.7852986 
0.7802071 
0.7847066 
0.7840794 
0.7849526 
0.7821638 
0.7775216 
0.7866778 
0.7872075 
0.7846598 
0.7810317 
0.7786096 
0.7833849 
0.7897646 
0.7870413 
0.7765067 
0.7756037 
0.7794211 
0.7830332 
0.7808380 
0.7798787 
0.7830521 
0.7850384 
0.7855811 
0.7818349 
0.7823485 
0.7804111 
0.7780485 
0.7699352 
0.7630041 
0.7738095 
0.7819619 
0.7874125 
0.7752580 
0.7690190 
0.7766367 
0.7783620 
0.7742464 
0.7721673 
0.7724770 
0.7762511 
0.7837194 
0.7831415 
0.7772666 
0.7800194 
0.7795097 
0.7756607 
0.7748095 
0.7834367 
0.7810930 
0.7779965 
0.7810689 
0.7814563 
0.7806811 
0.7812350 
0.7724245 
0.7711028 
0.7798476 
0.7768426 
0.7700579 
0.7658152 
0.7639117 
0.7615140 
0.7642747 
0.7622050 
0.7603034 
0.7615754 
0.7690610 
0.7669783 
0.7664901 
0.7647276 
0.7637065 
0.7622766 
0.7614310 
0.7598248 
0.7629205 
0.7593662 
0.7564286 
0.7617488 
0.7586111 
0.7528303 
0.7593291 
0.7552031 
0.7585209 
0.7630622 
0.7561758 
0.7673193 
0.7592888 
0.7614840 
0.7735632 
0.7608539 
0.7704073 
0.7746771 
0.7567000 
0.7697175 
0.7712084 
0.7577779 
0.7641332 
0.7697080 
0.7612027 
0.7693320 
0.7767374 
0.7630355 
0.7658380 
0.7680529 
0.7516486 
0.7544953 
0.7615915 
0.7602146 
0.7573144 
0.7588927 
0.7521844 
0.7513908 
0.7459134 
0.7466303 
0.7500443 
0.7554267 
0.7525501 
0.7570167 
0.7550932 
0.7533666 
0.7474478 
0.7439603 
0.7535594 
0.7471961 
0.7518062 
0.7509944 
0.7450689 
0.7435777 
0.7470169 
0.7323467 
0.7301324 
0.7389485 
0.7406806 
0.7412694 
0.7415781 
0.7419287 
0.7449053 
0.7457951 
0.7504192 
0.7483737 
0.7485851 
0.7435543 
0.7474916 
0.7502540 
0.7577809 
0.7544812 
0.7470069 
0.7425813 
0.7447037 
0.7494114 
0.7511708 
0.7469280 
0.7427013 
0.7426120 
0.7442484 
0.7460271 
0.7480762 
0.7427515 
0.7403258 
0.7423838 
0.7467094 
0.7377001 
0.7365491 
0.7323599 
0.7333034 
0.7442308 
0.7370001 
0.7400511 
0.7428333 
0.7399725 
0.7343529 
0.7322881 
0.7323379 
0.7297591 
0.7294666 
0.7246489 
0.7234502 
0.7246699 
0.7302489 
0.7329731 
0.7261835 
0.7185623 
0.7125913 
0.7205342 
0.7250330 
0.7274890 
0.7268115 
0.7297265 
0.7311110 
0.7289062 
0.7251889 
0.7285764 
0.7284468 
0.7266071 
0.7263520 
0.7215411 
0.7260420 
0.7289732 
0.7280330 
0.7322559 
0.7348354 
0.7320187 
0.7294911 
0.7293383 
0.7265395 
0.7273616 
0.7329781 
0.7350480 
0.7383881 
0.7337908 
0.7279653 
0.7286199 
0.7298570 
0.7338571 
0.7298029 
0.7255222 
0.7240186 
0.7263122 
0.7235594 
0.7210670 
0.7163606 
0.7148779 
0.7142694 
0.7217295 
0.7202493 
0.7151810 
0.7173904 
0.7178644 
0.7269572 
0.7308557 
0.7229980 
0.7060423 
0.6939329 
0.6967114 
0.7118097 
0.7220432 
0.7305057 
0.7396428 
0.7230323 
0.7072448 
0.6969170 
0.7016353 
0.7187507 
0.7378195 
0.7390939 
0.7297639 
0.7165302 
0.7109168 
0.7161469 
0.7231053 
0.7205536 
0.7193919 
0.7119129 
0.7091461 
0.7114532 
0.7024290 
0.7079380 
0.7127036 
0.7172660 
0.7178187 
0.7086413 
0.7129171 
0.7160776 
0.7126750 
0.7020464 
0.7005275 
0.7126915 
0.7177308 
0.7298848 
0.7322888 
0.7222307 
0.7203984 
0.6985434 
0.6923832 
0.7062605 
0.7050493 
0.7192324 
0.7311422 
0.7187185 
0.7104993 
0.6911567 
0.6913143 
0.6931043 
0.7011503 
0.7209318 
0.7271472 
0.7196243 
0.7095166 
0.6983419 
0.6934096 
0.6938942 
0.7006766 
0.7038625 
0.7170297 
0.7134282 
0.7078600 
0.7012569 
0.6970273 
0.6952541 
0.6999918 
0.7031771 
0.7106384 
0.7165180 
0.7078853 
0.7051380 
0.7059582 
0.7048015 
0.7058323 
0.7084317 
0.7102415 
0.7057232 
0.7051097 
0.7099504 
0.7151501 
0.7082534 
0.7082935 
0.7157975 
0.7204421 
0.7168560 
0.7109937 
0.7098224 
0.7053711 
0.7065960 
0.7009988 
0.7038487 
0.7020213 
0.7049054 
0.7007661 
0.6944906 
0.6901047 
0.6919980 
0.6949154 
0.6990247 
0.6997827 
0.7014653 
0.6981756 
0.7012441 
0.7008512 
0.6926021 
0.6924419 
0.6969533 
0.6986068 
0.7063095 
0.7004304 
0.6971842 
0.6993313 
0.6985131 
0.6965877 
0.6945459 
0.6962588 
0.6972897 
0.6982738 
0.6985799 
0.6930998 
0.6879705 
0.6867755 
0.6836124 
0.6838595 
0.6842875 
0.6915659 
0.6875670 
0.6884528 
0.6902694 
0.6845691 
0.6808853 
0.6874879 
0.6858599 
0.6838031 
0.6810691 
0.6778566 
0.6787796 
0.6787756 
0.6733814 
0.6724210 
0.6766825 
0.6801366 
0.6662098 
0.6662325 
0.6710809 
0.6696793 
0.6636677 
0.6714703 
0.6781360 
0.6846357 
0.6798480 
0.6793649 
0.6820115 
0.6851212 
0.6898127 
0.6864930 
0.6887016 
0.6896753 
0.6895957 
0.6836832 
0.6717144 
0.6686641 
0.6778164 
0.6796267 
0.6813268 
0.6758757 
0.6807428 
0.6817121 
0.6726721 
0.6661494 
0.6693809 
0.6741044 
0.6680101 
0.6723840 
0.6671215 
0.6725909 
0.6777340 
0.6766767 
0.6745055 
0.6739134 
0.6623928 
0.6572685 
0.6555598 
0.6596230 
0.6629717 
0.6697512 
0.6715536 
0.6703412 
0.6771518 
0.6740787 
0.6678149 
0.6629151 
0.6689360 
0.6660399 
0.6747407 
0.6704777 
0.6705710 
0.6694319 
0.6658781 
0.6698160 
0.6722176 
0.6670122 
0.6688308 
0.6660272 
0.6685319 
0.6772048 
0.6768171 
0.6733011 
0.6686032 
0.6725152 
0.6762683 
0.6751359 
0.6738106 
0.6750834 
0.6667607 
0.6659752 
0.6701610 
0.6669574 
0.6698995 
0.6695993 
0.6715491 
0.6674986 
0.6702628 
0.6733768 
0.6655225 
0.6676306 
0.6676537 
0.6570809 
0.6590423 
0.6613167 
0.6517224 
0.6622748 
0.6669564 
0.6577245 
0.6573437 
0.6639934 
0.6461090 
0.6419375 
0.6522229 
0.6400474 
0.6409448 
0.6546873 
0.6493821 
0.6527763 
0.6588387 
0.6514777 
0.6441713 
0.6479727 
0.6572906 
0.6521260 
0.6506377 
0.6525937 
0.6468313 
0.6428634 
0.6383356 
0.6459155 
0.6457339 
0.6483173 
0.6509526 
0.6467752 
0.6502270 
0.6481268 
0.6486977 
0.6531879 
0.6487716 
0.6523817 
0.6582837 
0.6570267 
0.6541653 
0.6535732 
0.6557856 
0.6545251 
0.6544663 
0.6543979 
0.6582014 
0.6582055 
0.6553026 
0.6512288 
0.6539262 
0.6499655 
0.6471291 
0.6472219 
0.6481715 
0.6493031 
0.6409994 
0.6421145 
0.6533543 
0.6600238 
0.6538981 
0.6481863 
0.6494743 
0.6461639 
0.6491779 
0.6537774 
0.6570546 
0.6518268 
0.6475646 
0.6507219 
0.6554135 
0.6446800 
0.6418460 
0.6325014 
0.6285669 
0.6333121 
0.6265933 
0.6274374 
0.6321330 
0.6377234 
0.6395674 
0.6379852 
0.6353277 
0.6349112 
0.6399228 
0.6446648 
0.6418236 
0.6328515 
0.6302253 
0.6295171 
0.6253054 
0.6262105 
0.6351674 
0.6331542 
0.6267376 
0.6264463 
0.6298999 
0.6293277 
0.6320561 
0.6349881 
0.6330248 
0.6355666 
0.6374658 
0.6443075 
0.6417607 
0.6445685 
0.6383659 
0.6227795 
0.6203134 
0.6301490 
0.6354339 
0.6303335 
0.6199953 
0.6260610 
0.6359742 
0.6351447 
0.6286142 
0.6254396 
0.6262098 
0.6242163 
0.6300446 
0.6315362 
0.6291046 
0.6289877 
0.6327858 
0.6329197 
0.6285116 
0.6237114 
0.6234260 
0.6241991 
0.6223174 
0.6179489 
0.6120765 
0.6169531 
0.6219886 
0.6244744 
0.6179050 
0.6115105 
0.6098935 
0.6222625 
0.6203514 
0.6211991 
0.6172206 
0.6121323 
0.6092662 
0.6163245 
0.6243132 
0.6211146 
0.6191728 
0.6128964 
0.6128105 
0.6057165 
0.6064063 
0.6105166 
0.6132146 
0.6113705 
0.6144707 
0.6117597 
0.6107932 
0.6104757 
0.6117957 
0.6090379 
0.6157784 
0.6265534 
0.6171997 
0.6179049 
0.6192366 
0.6190026 
0.6203664 
0.6115175 
0.6098466 
0.6153575 
0.6011383 
0.6035599 
0.6110082 
0.6033903 
0.6044445 
0.6109947 
0.6054381 
0.6159367 
0.6191895 
0.6181727 
0.6243668 
0.6147259 
0.6149131 
0.6192647 
0.6203551 
0.6199139 
0.6171637 
0.6105608 
0.6125845 
0.6183260 
0.6129109 
0.6130516 
0.6202269 
0.6228146 
0.6188774 
0.6073610 
0.6032244 
0.6141060 
0.6119294 
0.6113909 
0.6215517 
0.6218141 
0.6183421 
0.6098331 
0.6123468 
0.6114150 
0.6091927 
0.6114663 
0.6101296 
0.6122923 
0.6102542 
0.6106025 
0.6130589 
0.6095451 
0.6094517 
0.6178694 
0.6170051 
0.6156271 
0.6122881 
0.6072949 
0.6008131 
0.6049193 
0.6120674 
0.6131565 
0.6059467 
0.6103614 
0.6062581 
0.6058963 
0.6073757 
0.6120516 
0.6121796 
0.6120975 
0.6013603 
0.5943508 
0.5901066 
0.5944292 
0.6022398 
0.6042506 
0.6053428 
0.6056122 
0.5992565 
0.5986107 
0.6036542 
0.6050430 
0.6062579 
0.6041188 
0.5992890 
0.5967226 
0.6008164 
0.6066700 
0.6165149 
0.6209953 
0.6295142 
0.6222633 
0.6153887 
0.6113784 
0.6083827 
0.5988966 
0.5858665 
0.5806112 
0.5795483 
0.5753861 
0.5769734 
0.5822311 
0.5860507 
0.5900272 
0.5933524 
0.5912187 
0.5909213 
0.5943543 
0.5988181 
0.5983827 
0.5908506 
0.5874818 
0.5844201 
0.5839876 
0.5865033 
0.5908339 
0.5947987 
0.5925321 
0.5939424 
0.5933309 
0.5883201 
0.5811034 
0.5823078 
0.5862328 
0.5881705 
0.5895839 
0.5955825 
0.5927727 
0.5909934 
0.5867631 
0.5807020 
0.5731814 
0.5655302 
0.5650333 
0.5738852 
0.5775765 
0.5842653 
0.5848391 
0.5764196 
0.5840746 
0.5915324 
0.5922379 
0.5999948 
0.6010180 
0.5952236 
0.5819636 
0.5738080 
0.5852515 
0.5878213 
0.5907739 
0.5851314 
0.5858001 
0.5933247 
0.5902633 
0.5847172 
0.5737544 
0.5769691 
0.5768225 
0.5748446 
0.5726644 
0.5760109 
0.5861705 
0.5893063 
0.5770071 
0.5804840 
0.5804175 
0.5915651 
0.5862259 
0.5866222 
0.5885284 
0.5835618 
0.5813716 
0.5726778 
0.5744379 
0.5734662 
0.5726650 
0.5755631 
0.5744326 
0.5786078 
0.5836538 
0.5800507 
0.5762206 
0.5700002 
0.5655708 
0.5708923 
0.5706049 
0.5717587 
0.5762811 
0.5800560 
0.5776032 
0.5753350 
0.5734546 
0.5730382 
0.5740721 
0.5674446 
0.5696961 
0.5739763 
0.5760825 
0.5771726 
0.5738360 
0.5728080 
0.5736658 
0.5734523 
0.5723802 
0.5701510 
0.5702300 
0.5709868 
0.5714665 
0.5720097 
0.5645351 
0.5591622 
0.5591658 
0.5590067 
0.5636522 
0.5701292 
0.5677475 
0.5658123 
0.5663128 
0.5644667 
0.5649426 
0.5626626 
0.5592812 
0.5587600 
0.5570356 
0.5569342 
0.5570350 
0.5602729 
0.5625169 
0.5604776 
0.5618581 
0.5595811 
0.5637687 
0.5609969 
0.5558130 
0.5559307 
0.5564045 
0.5579101 
0.5582792 
0.5582139 
0.5615128 
0.5631602 
0.5669347 
0.5682665 
0.5660477 
0.5670146 
0.5662565 
0.5602222 
0.5518316 
0.5493703 
0.5549468 
0.5527450 
0.5530744 
0.5597532 
0.5615340 
0.5557093 
0.5527529 
0.5577436 
0.5582998 
0.5540629 
0.5601565 
0.5661782 
0.5657140 
0.5725550 
0.5698710 
0.5656224 
0.5650231 
0.5657897 
0.5651288 
0.5654559 
0.5675080 
0.5671864 
0.5623440 
0.5646571 
0.5611969 
0.5561467 
0.5619767 
0.5622178 
0.5590356 
0.5586806 
0.5598406 
0.5552755 
0.5484390 
0.5538832 
0.5543792 
0.5554457 
0.5586864 
0.5636736 
0.5617454 
0.5614483 
0.5585422 
0.5526384 
0.5514987 
0.5546615 
0.5539921 
0.5572524 
0.5528307 
0.5572572 
0.5592295 
0.5618284 
0.5594525 
0.5595621 
0.5537993 
0.5529043 
0.5573978 
0.5593104 
0.5588676 
0.5595207 
0.5518721 
0.5510297 
0.5496454 
0.5476207 
0.5466398 
0.5501439 
0.5489284 
0.5486217 
0.5551329 
0.5557097 
0.5574652 
0.5576253 
0.5509769 
0.5457695 
0.5452446 
0.5424228 
0.5410826 
0.5419697 
0.5441763 
0.5468257 
0.5446054 
0.5452326 
0.5482032 
0.5464259 
0.5438121 
0.5510352 
0.5410126 
0.5446172 
0.5514192 
0.5565394 
0.5506462 
0.5458805 
0.5415978 
0.5431604 
0.5447805 
0.5444691 
0.5480093 
0.5490304 
0.5473526 
0.5464795 
0.5485948 
0.5525839 
0.5420825 
0.5393955 
0.5438479 
0.5380213 
0.5263526 
0.5302613 
0.5344089 
0.5353647 
0.5357866 
0.5382992 
0.5363328 
0.5295689 
0.5383631 
0.5410874 
0.5394144 
0.5376692 
0.5392643 
0.5400417 
0.5391301 
0.5360979 
0.5322191 
0.5293476 
0.5265222 
0.5281296 
0.5273456 
0.5305303 
0.5336688 
0.5306869 
0.5292898 
0.5266208 
0.5286077 
0.5276733 
0.5196604 
0.5185867 
0.5172698 
0.5250712 
0.5241759 
0.5288742 
0.5462784 
0.5437911 
0.5353341 
0.5378188 
0.5410740 
0.5421593 
0.5339550 
0.5302885 
0.5349843 
0.5293134 
0.5254495 
0.5209545 
0.5242595 
0.5380468 
0.5407994 
0.5375000 
0.5257987 
0.5212535 
0.5214850 
0.5258849 
0.5287683 
0.5330929 
0.5288875 
0.5254276 
0.5280947 
0.5258487 
0.5238895 
0.5251365 
0.5256944 
0.5249398 
0.5264186 
0.5254752 
0.5228922 
0.5302549 
0.5248155 
0.5219935 
0.5256711 
0.5246394 
0.5241574 
0.5222590 
0.5232440 
0.5173095 
0.5176019 
0.5201525 
0.5236669 
0.5221051 
0.5202537 
0.5157210 
0.5232964 
0.5291871 
0.5286598 
0.5284546 
0.5340687 
0.5312894 
0.5307177 
0.5280111 
0.5269345 
0.5247853 
0.5210661 
0.5166870 
0.5196737 
0.5231169 
0.5262427 
0.5262875 
0.5217985 
0.5144897 
0.5096656 
0.5122389 
0.5178904 
0.5185375 
0.5183837 
0.5213963 
0.5176457 
0.5142914 
0.5170414 
0.5155852 
0.5168724 
0.5186866 
0.5201241 
0.5178086 
0.5180399 
0.5166980 
0.5153533 
0.5144554 
0.5143632 
0.5154528 
0.5176830 
0.5196638 
0.5142481 
0.5119926 
0.5014834 
0.4909502 
0.4986416 
0.5090358 
0.5299755 
0.5309416 
0.5189521 
0.5137383 
0.4967904 
0.4802644 
0.4915205 
0.5063320 
0.5179251 
0.5356477 
0.5394290 
0.5301164 
0.5305459 
0.5208109 
0.5013343 
0.4968251 
0.4983468 
0.4987697 
0.5058269 
0.5208805 
0.5145919 
0.5184769 
0.5168846 
0.4959259 
0.4926877 
0.5014219 
0.4985705 
0.5086215 
0.5206442 
0.5141616 
0.5106208 
0.5125255 
0.5034673 
0.5047572 
0.5083172 
0.5082126 
0.5034508 
0.5073237 
0.5109203 
0.5059606 
0.5039406 
0.4971754 
0.5024566 
0.5031027 
0.5044663 
0.5051971 
0.5043726 
0.5061444 
0.5053480 
0.5051286 
0.5007579 
0.5037102 
0.5030501 
0.5024494 
0.5000226 
0.4970334 
0.5007900 
0.4994424 
0.4970668 
0.5026732 
0.5008940 
0.4968300 
0.4962733 
0.4976759 
0.4925822 
0.4936949 
0.4943430 
0.4946100 
0.4949268 
0.4952457 
0.5015087 
0.5022616 
0.4988229 
0.4929039 
0.4934211 
0.4876827 
0.4845708 
0.4831046 
0.4804480 
0.4825689 
0.4799848 
0.4869703 
0.4943975 
0.4935467 
0.4884637 
0.4859893 
0.4887828 
0.4909928 
0.4881061 
0.4891628 
0.4868399 
0.4812411 
0.4824483 
0.4866651 
0.4879363 
0.4878957 
0.4916586 
0.4902535 
0.4897009 
0.4931948 
0.4909274 
0.4915917 
0.4930714 
0.4965348 
0.4932208 
0.4923719 
0.4930250 
0.4892030 
0.4915488 
0.4931748 
0.4979024 
0.4970629 
0.4879244 
0.4909961 
0.4942900 
0.4915381 
0.4937093 
0.4900152 
0.4851009 
0.4873951 
0.4961187 
0.5006847 
0.5020564 
0.4952783 
