-0.0000930 
0.0000810 
0.0000473 
-0.1354704 
0.2430749 
0.0158364 
0.9550925 
0.9551007 
0.9602878 
0.9692398 
0.9650617 
0.9688357 
0.9650001 
0.9688348 
0.9642629 
0.9624026 
0.9672362 
0.9745670 
0.9761653 
0.9831453 
0.9939177 
0.9981638 
1.0000000 
0.9906123 
0.9862051 
0.9746325 
0.9607211 
0.9584772 
0.9584060 
0.9611955 
0.9672958 
0.9819145 
0.9897336 
0.9884781 
0.9817294 
0.9786037 
0.9649484 
0.9629989 
0.9662778 
0.9714523 
0.9626161 
0.9598414 
0.9472784 
0.9447474 
0.9338408 
0.9311772 
0.9325075 
0.9342201 
0.9369315 
0.9456348 
0.9520985 
0.9549691 
0.9516683 
0.9446279 
0.9423958 
0.9422018 
0.9453338 
0.9505280 
0.9569527 
0.9562522 
0.9464000 
0.9465727 
0.9401278 
0.9306979 
0.9268470 
0.9320371 
0.9312035 
0.9225508 
0.9283146 
0.9417156 
0.9506794 
0.9554744 
0.9584851 
0.9511456 
0.9468413 
0.9470282 
0.9403055 
0.9332880 
0.9302626 
0.9260139 
0.9233170 
0.9296782 
0.9265670 
0.9203257 
0.9208962 
0.9102205 
0.9158853 
0.9197240 
0.9251617 
0.9345839 
0.9326576 
0.9306617 
0.9316737 
0.9240803 
0.9233965 
0.9316157 
0.9331705 
0.9327667 
0.9358735 
0.9392895 
0.9372280 
0.9308288 
0.9246128 
0.9191722 
0.9253224 
0.9334025 
0.9259189 
0.9249713 
0.9216902 
0.9228764 
0.9327718 
0.9360686 
0.9392787 
0.9429029 
0.9367860 
0.9278971 
0.9176679 
0.9082780 
0.8981631 
0.8932322 
0.8983765 
0.9085818 
0.9066378 
0.9069659 
0.9051127 
0.8993702 
0.8968168 
0.9126358 
0.9231489 
0.9257727 
0.9178235 
0.9128001 
0.9055154 
0.9007487 
0.8927432 
0.9005864 
0.9049527 
0.8957656 
0.8840143 
0.8839105 
0.9141466 
0.9116126 
0.9139669 
0.9175971 
0.9202796 
0.9241160 
0.9391096 
0.9366819 
0.9383589 
0.9391642 
0.9306526 
0.9317774 
0.9206336 
0.9180396 
0.9128442 
0.9227434 
0.9281381 
0.9305177 
0.9283713 
0.9111785 
0.9094254 
0.9054021 
0.8984384 
0.8924291 
0.9016070 
0.9061325 
0.9082810 
0.9129328 
0.9114953 
0.9167211 
0.9103897 
0.8976317 
0.9001238 
0.9045909 
0.8987087 
0.8937900 
0.8925114 
0.8880694 
0.8842703 
0.8839075 
0.8828492 
0.8824368 
0.8859240 
0.8892705 
0.8947521 
0.8953120 
0.8984202 
0.8916256 
0.8890038 
0.8790450 
0.8642151 
0.8648927 
0.8617039 
0.8677696 
0.8748229 
0.8808760 
0.8902980 
0.8934468 
0.8922747 
0.8857261 
0.8785451 
0.8790544 
0.8774015 
0.8717233 
0.8631417 
0.8543880 
0.8545128 
0.8650826 
0.8745636 
0.8865564 
0.8868283 
0.8893438 
0.8808058 
0.8720678 
0.8678667 
0.8811925 
0.8816039 
0.8843791 
0.8720276 
0.8583362 
0.8610310 
0.8715085 
0.8876581 
0.8933501 
0.8966277 
0.9025063 
0.8964764 
0.8738564 
0.8521646 
0.8416933 
0.8378958 
0.8412806 
0.8488142 
0.8543269 
0.8631789 
0.8572153 
0.8557301 
0.8653952 
0.8789671 
0.8770715 
0.8697363 
0.8592410 
0.8542382 
0.8595421 
0.8590957 
0.8600581 
0.8652144 
0.8568508 
0.8457806 
0.8506100 
0.8535565 
0.8615960 
0.8752506 
0.8728785 
0.8657309 
0.8548095 
0.8496150 
0.8368024 
0.8351580 
0.8385472 
0.8343377 
0.8370145 
0.8321806 
0.8249848 
0.8268696 
0.8244809 
0.8285327 
0.8380577 
0.8422659 
0.8397158 
0.8418274 
0.8433866 
0.8406226 
0.8399074 
0.8407297 
0.8415316 
0.8440108 
0.8355026 
0.8350788 
0.8351972 
0.8316771 
0.8313881 
0.8228894 
0.8282947 
0.8247351 
0.8289911 
0.8337916 
0.8347237 
0.8352572 
0.8409102 
0.8484316 
0.8575637 
0.8622649 
0.8637067 
0.8608311 
0.8595299 
0.8490921 
0.8370740 
0.8334330 
0.8340034 
0.8337750 
0.8292011 
0.8220624 
0.8151705 
0.8085688 
0.8114945 
0.8070982 
0.8016543 
0.7995466 
0.8074056 
0.8102396 
0.8249123 
0.8372164 
0.8414254 
0.8326769 
0.8218828 
0.8151889 
0.8109747 
0.8079343 
0.8018725 
0.8034891 
0.8046604 
0.8052497 
0.7950982 
0.7867981 
0.7894522 
0.7877558 
0.7892888 
0.7932211 
0.7926085 
0.7941063 
0.8045119 
0.8066873 
0.8113268 
0.8109461 
0.8092297 
0.8012695 
0.7987463 
0.7999162 
0.8005713 
0.8086912 
0.8127082 
0.8132242 
0.8132436 
0.8109714 
0.8020918 
0.7816308 
0.7646658 
0.7613912 
0.7709289 
0.7764873 
0.7842218 
0.7962811 
0.8078817 
0.8097320 
0.8135241 
0.8122545 
0.8193516 
0.8113191 
0.8007639 
0.7945802 
0.7984743 
0.7940403 
0.7906384 
0.7980177 
0.8048776 
0.7994984 
0.7912442 
0.7918435 
0.7917911 
0.7909544 
0.7835727 
0.7816046 
0.7790379 
0.7860896 
0.7904800 
0.7932884 
0.7940829 
0.7891276 
0.7819866 
0.7866046 
0.7891632 
0.7895328 
0.8025187 
0.8028683 
0.7999620 
0.7938097 
0.7870542 
0.7815625 
0.7885450 
0.7837662 
0.7804687 
0.7710112 
0.7623062 
0.7621640 
0.7652623 
0.7682139 
0.7693915 
0.7690475 
0.7746226 
0.7654326 
0.7660139 
0.7646726 
0.7679588 
0.7751785 
0.7785624 
0.7802844 
0.7819360 
0.7796635 
0.7648437 
0.7625892 
0.7682255 
0.7663386 
0.7640155 
0.7578996 
0.7671442 
0.7719736 
0.7879904 
0.7955710 
0.8009561 
0.7899882 
0.7867760 
0.7887670 
0.7846026 
0.7864289 
0.7714981 
0.7639807 
0.7657177 
0.7648206 
0.7633223 
0.7586018 
0.7578117 
0.7652752 
0.7640137 
0.7636252 
0.7632947 
0.7615443 
0.7576727 
0.7577293 
0.7541321 
0.7550129 
0.7626891 
0.7708719 
0.7682871 
0.7795982 
0.7662441 
0.7605895 
0.7540625 
0.7471239 
0.7391480 
0.7262281 
0.7250693 
0.7184889 
0.7213926 
0.7215304 
0.7270058 
0.7337247 
0.7465531 
0.7469398 
0.7524373 
0.7567690 
0.7605038 
0.7593006 
0.7644699 
0.7556801 
0.7552993 
0.7515423 
0.7591231 
0.7662011 
0.7679718 
0.7669085 
0.7592409 
0.7517971 
0.7456162 
0.7436528 
0.7398119 
0.7343043 
0.7339523 
0.7251292 
0.7256525 
0.7203038 
0.7200871 
0.7256186 
0.7236960 
0.7322234 
0.7360907 
0.7334765 
0.7411571 
0.7492490 
0.7537055 
0.7554796 
0.7497277 
0.7432011 
0.7460345 
0.7463225 
0.7374823 
0.7398739 
0.7360617 
0.7319404 
0.7392605 
0.7479608 
0.7529078 
0.7527187 
0.7435395 
0.7334097 
0.7299997 
0.7210810 
0.7236284 
0.7230240 
0.7137443 
0.7036752 
0.7059502 
0.7163631 
0.7292561 
0.7432880 
0.7499368 
0.7469755 
0.7399242 
0.7353162 
0.7299691 
0.7278708 
0.7310342 
0.7281947 
0.7282515 
0.7277516 
0.7359882 
0.7309105 
0.7289774 
0.7223886 
0.7201397 
0.7221927 
0.7288437 
0.7391443 
0.7429224 
0.7422636 
0.7333773 
0.7275768 
0.7235550 
0.7199229 
0.7157515 
0.7053828 
0.6967797 
0.7051481 
0.7188187 
0.7344873 
0.7354790 
0.7352906 
0.7354273 
0.7326592 
0.7262293 
0.7188016 
0.7120518 
0.7120309 
0.7154017 
0.7183364 
0.7153673 
0.7235861 
0.7323343 
0.7299232 
0.7216792 
0.7208723 
0.7183868 
0.7168166 
0.7246200 
0.7324059 
0.7291490 
0.7199355 
0.7030750 
0.7020694 
0.7028904 
0.6984148 
0.6901685 
0.6889975 
0.6997039 
0.7088756 
0.7185114 
0.7180133 
0.7199753 
0.7252731 
0.7205781 
0.7229169 
0.7216615 
0.7149213 
0.7021025 
0.6881677 
0.6728171 
0.6686211 
0.6698532 
0.6828011 
0.7026438 
0.7200084 
0.7240624 
0.7266967 
0.7259814 
0.7284677 
0.7266022 
0.7158527 
0.7047867 
0.6986106 
0.6992994 
0.7038662 
0.7081868 
0.7182596 
0.7201973 
0.7090149 
0.6992219 
0.6911584 
0.6921269 
0.6938133 
0.7019243 
0.7060653 
0.7159774 
0.7098293 
0.7084999 
0.7074514 
0.6999737 
0.6906743 
0.6897187 
0.6801612 
0.6744317 
0.6747044 
0.6758524 
0.6756398 
0.6833066 
0.6808169 
0.6834197 
0.6815335 
0.6844358 
0.6787293 
0.6766969 
0.6766502 
0.6741357 
0.6727051 
0.6789158 
0.6729265 
0.6663003 
0.6678697 
0.6658284 
0.6653147 
0.6636024 
0.6629460 
0.6645258 
0.6695583 
0.6694608 
0.6670805 
0.6758171 
0.6784919 
0.6805240 
0.6771898 
0.6745459 
0.6726532 
0.6777917 
0.6820853 
0.6777954 
0.6819236 
0.6898173 
0.6929371 
0.6947381 
0.6920013 
0.6880067 
0.6829817 
0.6817515 
0.6749322 
0.6740819 
0.6767341 
0.6691497 
0.6688538 
0.6635668 
0.6534345 
0.6463827 
0.6545412 
0.6589192 
0.6692265 
0.6767399 
0.6793480 
0.6758091 
0.6656124 
0.6601124 
0.6484696 
0.6444909 
0.6401124 
0.6484817 
0.6582740 
0.6636588 
0.6595062 
0.6647070 
0.6646043 
0.6611521 
0.6551106 
0.6587234 
0.6562243 
0.6471269 
0.6508924 
0.6482767 
0.6531965 
0.6654403 
0.6730825 
0.6685147 
0.6670579 
0.6618009 
0.6524601 
0.6270578 
0.6285595 
0.6250504 
0.6416992 
0.6571217 
0.6693680 
0.6802509 
0.6934280 
0.6853877 
0.6720382 
0.6607534 
0.6633552 
0.6613667 
0.6679656 
0.6655792 
0.6588937 
0.6577601 
0.6566550 
0.6466053 
0.6412380 
0.6497920 
0.6530769 
0.6497216 
0.6490614 
0.6445949 
0.6405991 
0.6475301 
0.6379268 
0.6413686 
0.6331151 
0.6441357 
0.6531784 
0.6629869 
0.6719355 
0.6784641 
0.6825534 
0.6733034 
0.6563763 
0.6435868 
0.6385273 
0.6474395 
0.6538490 
0.6689851 
0.6841010 
0.6844590 
0.6852875 
0.6677799 
0.6543044 
0.6496747 
0.6428668 
0.6400404 
0.6431975 
0.6481919 
0.6538781 
0.6567467 
0.6469164 
0.6363710 
0.6448073 
0.6562304 
0.6554960 
0.6552737 
0.6479594 
0.6491201 
0.6471653 
0.6450261 
0.6362972 
0.6415200 
0.6396959 
0.6372183 
0.6400128 
0.6412282 
0.6495458 
0.6604351 
0.6730882 
0.6629009 
0.6570279 
0.6452378 
0.6430080 
0.6411971 
0.6353932 
0.6336437 
0.6502090 
0.6469235 
0.6491499 
0.6466631 
0.6332340 
0.6262008 
0.6327406 
0.6462190 
0.6543450 
0.6709948 
0.6797417 
0.6842934 
0.6883265 
0.6886779 
0.6860264 
0.6845612 
0.6809106 
0.6835515 
0.6839969 
0.6713519 
0.6642833 
0.6415012 
0.6262995 
0.6006281 
0.5956023 
0.5923113 
0.5869661 
0.5852492 
0.5923274 
0.5905085 
0.6042695 
0.6150273 
0.6221667 
0.6286462 
0.6383824 
0.6472863 
0.6611005 
0.6726211 
0.6743947 
0.6645324 
0.6556808 
0.6416418 
0.6182051 
0.6090427 
0.6064881 
0.6001742 
0.6004296 
0.6003781 
0.5988940 
0.5949490 
0.5760272 
0.5695322 
0.5621757 
0.5682154 
0.5798696 
0.5970386 
0.6162364 
0.6266009 
0.6277723 
0.6270044 
0.6168483 
0.6095149 
0.6039022 
0.6099734 
0.6110961 
0.6098689 
0.6033137 
0.5926953 
0.5986667 
0.5902066 
0.5803744 
0.5815816 
0.5939105 
0.6016476 
0.6161236 
0.6326676 
0.6512984 
0.6508145 
0.6541864 
0.6598471 
0.6652457 
0.6825001 
0.7004152 
0.7024650 
0.6828393 
0.6592423 
0.6293628 
0.6082434 
0.6049191 
0.5956605 
0.5773268 
0.5704389 
0.5661556 
0.5614644 
0.5617928 
0.5669231 
0.5773556 
0.5991125 
0.6148116 
0.6253001 
0.6325456 
0.6441475 
0.6492695 
0.6400802 
0.6372630 
0.6258818 
0.6234979 
0.6176967 
0.6128351 
0.6015561 
0.5921992 
0.5854318 
0.5781277 
0.5772281 
0.5776322 
0.5780878 
0.5829318 
0.5867000 
0.5873430 
0.5937085 
0.5976466 
0.6065941 
0.6032192 
0.6073977 
0.6023669 
0.5941352 
0.5980374 
0.5918041 
0.5953117 
0.5987150 
0.6026894 
0.5981953 
0.6007216 
0.5901473 
0.5930996 
0.5992921 
0.6033800 
0.6017653 
0.5993496 
0.6015924 
0.6117531 
0.6211554 
0.6285869 
0.6223066 
0.6093342 
0.6031053 
0.5986070 
0.5852388 
0.5848178 
0.5752045 
0.5651327 
0.5577400 
0.5437855 
0.5377918 
0.5342523 
0.5387495 
0.5435452 
0.5632426 
0.5696121 
0.5818471 
0.5949441 
0.6013301 
0.6087008 
0.6131459 
0.6109355 
0.6194816 
0.6120905 
0.6125246 
0.6122465 
0.5975019 
0.5912321 
0.5849941 
0.5818370 
0.5659072 
0.5590964 
0.5576496 
0.5440291 
0.5453436 
0.5473752 
0.5590408 
0.5668412 
0.5777975 
0.5914840 
0.6023675 
0.6075599 
0.6084862 
0.6167038 
0.6143606 
0.6092027 
0.6080013 
0.5907643 
0.5765324 
0.5575602 
0.5435761 
0.5356751 
0.5261977 
0.5238606 
0.5344668 
0.5327910 
0.5391775 
0.5500546 
0.5681805 
0.5900547 
0.6190832 
0.6290162 
0.6407017 
0.6341870 
0.6200193 
0.6060836 
0.5822153 
0.5611215 
0.5240641 
0.5108114 
0.5034262 
0.5115838 
0.5247224 
0.5372506 
0.5525663 
0.5740545 
0.5888983 
0.6034522 
0.6235264 
0.6338601 
0.6334642 
0.6292449 
0.6126251 
0.5973591 
0.5716559 
0.5573345 
0.5411963 
0.5291523 
0.5193834 
0.5079757 
0.5047884 
0.5108907 
0.5158108 
0.5249006 
0.5374668 
0.5462154 
0.5605872 
0.5721262 
0.5840893 
0.5928605 
0.5891588 
0.5884739 
0.5791596 
0.5679620 
0.5514680 
0.5416668 
0.5384176 
0.5449682 
0.5489762 
0.5492976 
0.5445025 
0.5438054 
0.5461911 
0.5511337 
0.5598137 
0.5702809 
0.5728430 
0.5794026 
0.5833021 
0.5776635 
0.5678513 
0.5654451 
0.5580169 
0.5534162 
0.5495396 
0.5447829 
0.5429697 
0.5409227 
0.5354382 
0.5356732 
0.5374684 
0.5372081 
0.5401975 
0.5357054 
0.5341801 
0.5433736 
0.5425547 
0.5453593 
0.5428290 
0.5384942 
0.5392758 
0.5440148 
0.5494948 
0.5487376 
0.5524160 
0.5521842 
0.5482157 
0.5421739 
0.5378166 
0.5227892 
0.5217632 
0.5199052 
0.5100767 
0.5019674 
0.4916603 
0.4916281 
0.4923535 
0.4844728 
0.4904692 
0.5021819 
0.5157666 
0.5275551 
0.5399506 
0.5417955 
0.5492095 
0.5575516 
0.5564530 
0.5490999 
0.5477862 
0.5377005 
0.5333785 
0.5306912 
0.5160596 
0.5085236 
0.5006679 
0.4967201 
0.4932648 
0.4963730 
0.5078108 
0.5188822 
0.5309906 
0.5414547 
0.5381569 
0.5282955 
0.5229269 
0.5318307 
0.5337785 
0.5327987 
0.5239242 
0.5155612 
0.5145379 
0.5091405 
0.5142638 
0.5221513 
0.5262971 
0.5205531 
0.5177742 
0.5042163 
0.4922713 
0.4891771 
0.5010713 
0.5041919 
0.5116456 
0.5075165 
0.5096684 
0.5050102 
0.4977478 
0.4974769 
0.5059582 
0.5176749 
0.5346265 
0.5300928 
0.5143422 
0.5015104 
0.4972361 
0.4990206 
0.5079680 
0.5084735 
0.4990663 
0.4789328 
0.4587712 
0.4530347 
0.4644643 
0.4777634 
0.4884355 
0.4981741 
0.4938751 
0.4849778 
0.4757867 
0.4673081 
0.4825678 
0.5039980 
0.5257153 
0.5325055 
0.5233911 
0.5046057 
0.4872247 
0.4888272 
0.4972820 
0.5082678 
0.5105441 
0.5011586 
0.4809656 
0.4507880 
0.4315999 
0.4322697 
0.4458351 
0.4724459 
0.4882126 
0.4961929 
0.4939732 
0.4905883 
0.4860115 
0.4947625 
0.5044807 
0.5124581 
0.5068831 
0.4997479 
0.4809848 
0.4627254 
0.4512624 
0.4490148 
0.4536664 
0.4623636 
0.4625933 
0.4561653 
0.4440465 
0.4307398 
0.4222399 
0.4309212 
0.4562676 
0.4808243 
0.4897439 
0.5083470 
0.5000866 
0.4810066 
0.4627867 
0.4695020 
0.4897712 
0.5046967 
0.5103161 
0.5024191 
0.4841498 
0.4595146 
0.4443614 
0.4492123 
0.4664355 
0.4818947 
0.4854882 
0.4805328 
0.4615211 
0.4386799 
0.4300119 
0.4280605 
0.4418595 
0.4533114 
0.4593417 
0.4528578 
0.4434935 
0.4338651 
0.4255321 
0.4244677 
0.4330483 
0.4500672 
0.4618689 
0.4686480 
0.4621090 
0.4492525 
0.4450280 
0.4405331 
0.4273678 
0.4346471 
0.4429319 
0.4569736 
0.4706619 
0.4767505 
0.4682521 
0.4532014 
0.4503321 
0.4523009 
0.4682348 
0.4797581 
0.4855489 
0.4820066 
0.4670857 
0.4598984 
0.4561486 
0.4636854 
0.4655961 
0.4646230 
0.4687572 
0.4597433 
0.4585810 
0.4589838 
0.4633587 
0.4608600 
0.4569830 
0.4572922 
0.4580659 
0.4743976 
0.4855006 
0.4933162 
0.4938660 
0.4772787 
0.4600617 
0.4491118 
0.4414574 
0.4498132 
0.4556473 
0.4607603 
0.4538636 
0.4298214 
0.4285224 
0.4209959 
0.4109905 
0.4176377 
0.4214124 
0.4282813 
0.4369080 
0.4421439 
0.4379787 
0.4354848 
0.4320862 
0.4250401 
0.4244074 
0.4347424 
0.4559835 
0.4752993 
0.4829709 
0.4743156 
0.4547720 
0.4327430 
0.4255676 
0.4279756 
0.4372263 
0.4531232 
0.4583400 
0.4535815 
0.4474307 
0.4443761 
0.4346643 
0.4269554 
0.4237641 
0.4269109 
0.4345565 
0.4467429 
0.4631516 
0.4673192 
0.4606785 
0.4528785 
0.4357298 
0.4240336 
0.4300300 
0.4505054 
0.4689967 
0.4832155 
0.4922045 
0.4821837 
0.4754116 
0.4640549 
0.4600000 
0.4559653 
0.4627625 
0.4653777 
0.4661301 
0.4602207 
0.4470255 
0.4301358 
0.4127882 
0.4073311 
0.4115457 
0.4225734 
0.4421993 
0.4561532 
0.4542226 
0.4510043 
0.4525395 
0.4439644 
0.4387239 
0.4317588 
0.4306997 
0.4287850 
0.4280094 
0.4309964 
0.4265316 
0.4166286 
0.4158896 
0.4140600 
0.4080990 
0.4082797 
0.4243265 
0.4347735 
0.4437433 
0.4430503 
0.4381447 
0.4189585 
0.3992099 
0.3871547 
0.3841586 
0.3823605 
0.3833104 
0.3902390 
0.3989378 
0.4017985 
0.4104815 
0.4096301 
0.3997357 
0.3891058 
0.3849595 
0.3947036 
0.4014018 
0.4060429 
0.4170878 
0.4211939 
0.4139379 
0.4113211 
0.4128253 
0.4126705 
0.4083717 
0.4054999 
0.4011231 
0.3965895 
0.3966169 
0.4016452 
0.4024583 
0.3982119 
0.3946245 
0.3912149 
0.3869020 
0.3943571 
0.4001125 
0.4091613 
0.4117451 
0.4093240 
0.4064601 
0.4027868 
0.4089884 
0.4101949 
0.4170057 
0.4251370 
0.4375990 
0.4380282 
0.4368402 
0.4290966 
0.4089626 
0.3872318 
0.3863073 
0.3923938 
0.3956154 
0.3978682 
0.3974771 
0.3994934 
0.3969098 
0.3983885 
0.3970512 
0.3969594 
0.3913556 
0.3908060 
0.3864480 
0.3830565 
0.3870297 
0.3923829 
0.4007504 
0.4039213 
0.4017224 
0.4043872 
0.4053168 
0.4042664 
0.4028678 
0.4014423 
0.3913101 
0.3910699 
0.3877711 
0.3857706 
0.3891274 
0.3924306 
0.4000800 
0.3943081 
0.3959106 
0.3997730 
0.4016611 
0.4024498 
0.4001681 
0.3995254 
0.3960953 
0.3938813 
0.3841047 
0.3849212 
0.3811607 
0.3832039 
0.3904669 
0.3871175 
0.3916889 
0.3937800 
0.3919884 
0.3903295 
0.3859855 
0.3835016 
0.3869145 
0.3900196 
0.3888432 
0.3917841 
0.3959272 
0.3882106 
0.3820963 
0.3875466 
0.3905279 
0.3967926 
0.3973293 
0.4005017 
0.3975651 
0.3978548 
0.3950694 
0.3887642 
0.3894869 
0.3921035 
0.3857980 
0.3853601 
0.3922813 
0.3975664 
0.4060607 
0.4075949 
0.4090255 
0.4097568 
0.4060713 
0.4029066 
0.3953236 
0.3941211 
0.3990935 
0.4062448 
0.4226283 
0.4214633 
0.4177959 
0.4128863 
0.4097691 
0.4019178 
0.4053205 
0.3956204 
0.3923568 
0.3941594 
0.3966492 
0.4088532 
0.4201430 
0.4258719 
0.4211035 
0.4159470 
0.4240813 
0.4212238 
0.4227237 
0.4213190 
0.4206824 
0.4135806 
0.4152739 
0.4125041 
0.4031541 
0.3907465 
0.3939148 
0.3889609 
0.3953533 
0.3945508 
0.3978566 
0.3943245 
0.3976836 
0.4004017 
0.3958941 
0.4011349 
0.3951829 
0.3881920 
0.3722059 
0.3740778 
0.3755073 
0.3759273 
0.3745224 
0.3770890 
0.3774311 
0.3645074 
0.3603295 
0.3571146 
0.3690186 
0.3711046 
0.3826626 
0.3868526 
0.3898366 
0.4004066 
0.4007729 
0.3964887 
0.3628925 
0.3536009 
0.3459514 
0.3404509 
0.3392722 
0.3426082 
0.3450908 
0.3544258 
0.3693904 
0.3726259 
0.3729366 
0.3713511 
0.3605104 
0.3557183 
0.3475034 
0.3478537 
0.3504518 
0.3490219 
0.3481275 
0.3571453 
0.3623170 
0.3621284 
0.3609515 
0.3520360 
0.3427114 
0.3372531 
0.3283469 
0.3319315 
0.3385617 
0.3392790 
0.3461697 
0.3497008 
0.3443504 
0.3406377 
0.3428127 
0.3486258 
0.3498076 
0.3522630 
0.3518980 
0.3565069 
0.3550987 
0.3519004 
0.3575641 
0.3679369 
0.3667912 
0.3747737 
0.3836289 
0.3870596 
0.3785090 
0.3674876 
0.3636164 
0.3618761 
0.3654528 
0.3673756 
0.3522241 
0.3545083 
0.3619561 
0.3701406 
0.3771300 
0.3771555 
0.3756433 
0.3805998 
0.3770305 
0.3691663 
0.3604982 
0.3668073 
0.3669196 
0.3590483 
0.3507943 
0.3511197 
0.3559067 
0.3591892 
0.3722583 
0.3798687 
0.3861202 
0.3862868 
0.3866769 
0.3774218 
0.3694529 
0.3545887 
0.3509997 
0.3477380 
0.3420601 
0.3346428 
0.3317483 
0.3312586 
0.3335761 
0.3419755 
0.3522124 
0.3518734 
0.3539868 
0.3526817 
0.3488381 
0.3433464 
0.3464217 
0.3481174 
0.3567020 
0.3632738 
0.3662190 
0.3683102 
0.3763082 
0.3829877 
0.3827637 
0.3869815 
0.3795594 
0.3806332 
0.3877741 
0.3871530 
0.3786452 
0.3722740 
0.3749136 
0.3784739 
0.3800991 
0.3754931 
0.3699414 
0.3645713 
0.3516272 
0.3492339 
0.3541868 
0.3559856 
0.3573448 
0.3547825 
0.3537768 
0.3485539 
0.3499576 
0.3582072 
0.3615049 
0.3665249 
0.3691159 
0.3653909 
0.3634742 
0.3633221 
0.3642903 
0.3661530 
0.3719858 
0.3674438 
0.3623802 
0.3569317 
0.3476632 
0.3408801 
0.3344219 
0.3360555 
0.3389450 
0.3486055 
0.3448425 
0.3462274 
0.3524089 
0.3640090 
0.3598174 
0.3644539 
0.3577382 
0.3528652 
0.3478053 
0.3493394 
0.3478448 
0.3513878 
0.3565427 
0.3586792 
0.3564076 
0.3597283 
0.3609445 
0.3560331 
0.3583987 
0.3557568 
0.3585613 
0.3597616 
0.3569814 
0.3619639 
0.3612866 
0.3646555 
0.3646766 
0.3606988 
0.3601585 
0.3612745 
0.3541096 
0.3575035 
0.3623721 
0.3665146 
0.3764092 
0.3810118 
0.3953876 
0.4028774 
0.4037014 
0.4047782 
0.3862294 
0.3715247 
0.3591831 
0.3589525 
0.3565504 
0.3554762 
0.3477229 
0.3472824 
0.3454863 
0.3475097 
0.3436058 
0.3396416 
0.3343533 
0.3270816 
0.3245344 
0.3232098 
0.3282899 
0.3246036 
0.3286575 
0.3347484 
0.3398260 
0.3416041 
0.3490344 
0.3495337 
0.3492694 
0.3506206 
0.3541445 
0.3564315 
0.3623460 
0.3612469 
0.3539838 
0.3572868 
0.3591911 
0.3535677 
0.3437340 
0.3388701 
0.3324149 
0.3260561 
0.3265282 
0.3318749 
0.3366313 
0.3429068 
0.3503497 
0.3498603 
0.3564584 
0.3681154 
0.3671240 
0.3536759 
0.3472913 
0.3388838 
0.3257851 
0.3232255 
0.3205085 
0.3146883 
0.3027885 
0.2991852 
0.3012543 
0.2969808 
0.2983807 
0.3018954 
0.3000898 
0.2954031 
0.2920436 
0.2899323 
0.2914519 
0.2898003 
0.2917200 
0.2983325 
0.3060826 
0.3066245 
0.2975091 
0.3113571 
0.3116224 
0.3021455 
0.3063572 
0.3095163 
0.3106810 
0.3144465 
0.3147057 
0.3097696 
0.3123076 
0.3125871 
0.3173768 
0.3274693 
0.3288094 
0.3316974 
0.3229294 
0.3203096 
0.3111712 
0.3069326 
0.3067720 
0.3040740 
0.3117142 
0.3204671 
0.3155838 
0.3122625 
0.3145037 
0.3212601 
0.3097307 
0.3013490 
0.2983686 
0.3039245 
0.3010243 
0.3028243 
0.3110154 
0.3137911 
0.3141233 
0.3148597 
0.3290241 
0.3349431 
0.3366012 
0.3367914 
0.3370353 
0.3328525 
0.3236243 
0.3133069 
0.3058330 
0.2943155 
0.2856018 
0.2840304 
0.3094004 
0.3149169 
0.3167316 
0.3104443 
0.3094884 
0.3111998 
0.3143824 
0.3146412 
0.3106393 
0.3066499 
0.3071512 
0.3016762 
0.3016745 
0.3004603 
0.2951859 
0.2950822 
0.2956979 
0.2973065 
0.3056564 
0.3203940 
0.3195737 
0.3206914 
0.3237832 
0.3201241 
0.3088415 
0.2946486 
0.2876888 
0.2871232 
0.2773615 
0.2753102 
0.2816628 
0.2936468 
0.2981402 
0.3032564 
0.3053272 
0.3173804 
0.3298627 
0.3316062 
0.3272088 
0.3234172 
0.3212563 
0.3146069 
0.3173453 
0.3157528 
0.3150567 
0.3125741 
0.3245927 
0.3243309 
0.3232634 
0.3257799 
0.3250173 
0.3259869 
0.3290051 
0.3312526 
0.3244689 
0.3241733 
0.3220499 
0.3125211 
0.3051864 
0.3061481 
0.3080480 
0.3184450 
0.3212701 
0.3216440 
0.3196243 
0.3173677 
0.3206206 
0.3070444 
0.2944417 
0.2848621 
0.2740291 
0.2726689 
0.2711323 
0.2740933 
0.2772351 
0.2843755 
0.2960046 
0.2979862 
0.2988118 
0.3103866 
0.3170963 
0.3200197 
0.3217893 
0.3216675 
0.3167070 
0.3238426 
0.3307367 
0.3222986 
0.3159675 
0.3080057 
0.3079348 
0.3012195 
0.2947678 
0.2888378 
0.2856312 
0.2787341 
0.2785944 
0.2832495 
0.2932215 
0.2989629 
0.2969105 
0.3005015 
0.2962824 
0.2943245 
0.2963865 
0.3044096 
0.2932716 
0.2884213 
0.2797621 
0.2824971 
0.2824422 
0.2793696 
0.2781950 
0.2794811 
0.2884047 
0.3038287 
0.3124309 
0.3108228 
0.3054832 
0.2984654 
0.3077654 
0.3115704 
0.3022649 
0.2951269 
0.2900119 
0.2950528 
0.2992570 
0.3037507 
0.3049751 
0.3146904 
0.3206428 
0.3222171 
0.3190110 
0.3125882 
0.3083656 
0.2925000 
0.2856932 
0.2776586 
0.2724563 
0.2624913 
0.2563298 
0.2544012 
0.2591723 
0.2620836 
0.2622914 
0.2582799 
0.2561394 
0.2655125 
0.2725336 
0.2855731 
0.2913439 
0.2923935 
0.2904724 
0.2941524 
0.3020943 
0.3011929 
0.2952965 
0.2904012 
0.2896129 
0.2952633 
0.2974519 
0.2959532 
0.2871681 
0.2826494 
0.2785935 
0.2784811 
0.2820104 
0.2797875 
0.2891248 
0.2931425 
0.2979299 
0.2918076 
0.2855944 
0.2767618 
0.2661468 
0.2564431 
0.2523612 
0.2490148 
0.2281064 
0.2197970 
0.2101667 
0.2092842 
0.2126729 
0.2133371 
0.2174787 
0.2182074 
0.2178329 
0.2280086 
0.2310964 
0.2330820 
0.2365898 
0.2344949 
0.2315319 
0.2416100 
0.2464873 
0.2510801 
0.2495094 
0.2510972 
0.2483256 
0.2523436 
0.2571593 
0.2626316 
0.2725524 
0.2849747 
0.2935241 
0.2997115 
0.2988248 
0.2901746 
0.2824054 
0.2797970 
0.2772865 
0.2732548 
0.2668639 
0.2580863 
0.2535425 
0.2461915 
0.2433263 
0.2453846 
0.2383004 
0.2297082 
0.2273365 
0.2250962 
0.2309263 
0.2432811 
0.2520261 
0.2535017 
0.2597909 
0.2614203 
0.2608544 
0.2677229 
0.2681080 
0.2684278 
0.2622966 
0.2601037 
0.2539402 
0.2584576 
0.2604744 
0.2623293 
0.2574277 
0.2615285 
0.2650344 
0.2650976 
0.2666941 
0.2659999 
0.2496520 
0.2392579 
0.2242359 
0.2119536 
0.2064883 
0.2011122 
0.1979939 
0.2022633 
0.2109836 
0.2230251 
0.2361350 
0.2528134 
0.2540371 
0.2534008 
0.2551450 
0.2484118 
0.2519838 
0.2519992 
0.2520335 
0.2533262 
0.2519742 
0.2523179 
0.2513063 
0.2524308 
0.2528909 
0.2485171 
0.2427477 
0.2426849 
0.2421815 
0.2408451 
0.2459721 
0.2506009 
0.2609788 
0.2644697 
0.2650645 
0.2653471 
0.2624503 
0.2596870 
0.2598595 
0.2548301 
0.2443689 
0.2285255 
0.2321894 
0.2303604 
0.2323724 
0.2367769 
0.2396429 
0.2385383 
0.2424225 
0.2415621 
0.2424515 
0.2381896 
0.2272145 
0.2163057 
0.2130995 
0.2157857 
0.2262573 
0.2277192 
0.2285610 
0.2292213 
0.2418393 
0.2396868 
0.2384015 
0.2383578 
0.2410874 
0.2480122 
0.2467539 
0.2453974 
0.2493809 
0.2429181 
0.2403273 
0.2329398 
0.2285093 
0.2139715 
0.2087348 
0.2125185 
0.2242329 
0.2317451 
0.2436626 
0.2511165 
0.2596451 
0.2637103 
0.2710052 
0.2696579 
0.2686869 
0.2650847 
0.2624681 
0.2503418 
0.2378161 
0.2282709 
0.2266224 
0.2220287 
0.2164974 
0.2134171 
0.2193863 
0.2189022 
0.2119217 
0.2147139 
0.2233431 
0.2283960 
0.2297704 
0.2312725 
0.2335264 
0.2272376 
0.2247884 
0.2199053 
0.2208625 
0.2146773 
0.2060420 
0.1966640 
0.1888167 
0.1886264 
0.2015685 
0.2134668 
0.2292837 
0.2364085 
0.2342455 
0.2359824 
0.2371873 
0.2332511 
0.2329979 
0.2189487 
0.2115766 
0.1947744 
0.1668520 
0.1569917 
0.1562975 
0.1568108 
0.1583918 
0.1680788 
0.1732951 
0.1844991 
0.1888245 
0.1880522 
0.1848148 
0.1750759 
0.1747309 
0.1701735 
0.1687150 
0.1674451 
0.1638484 
0.1689341 
0.1719314 
0.1797871 
0.1933304 
0.2084780 
0.2124707 
0.2235259 
0.2285175 
0.2270907 
0.2231678 
0.2214876 
0.2136507 
0.2075306 
0.1932790 
0.1718182 
0.1564854 
0.1555079 
0.1524411 
0.1602514 
0.1587595 
0.1658999 
0.1729108 
0.1754727 
0.1838588 
0.1823650 
0.1824265 
0.1865641 
0.1880223 
0.1931576 
0.1920299 
0.1976344 
0.1980885 
0.2031111 
0.2129835 
0.2220733 
0.2281742 
0.2317403 
0.2341328 
0.2350861 
0.2293165 
0.2199035 
0.2152828 
0.2017402 
0.1947999 
0.1806511 
0.1658678 
0.1584547 
0.1470043 
0.1537306 
0.1600367 
0.1657313 
0.1695809 
0.1714655 
0.1719879 
0.1731641 
0.1662505 
0.1653098 
0.1700250 
0.1742192 
0.1837929 
0.1879982 
0.1880165 
0.1871432 
0.1883424 
0.1816379 
0.1824503 
0.1893952 
0.1905651 
0.1919075 
0.1940420 
0.1867360 
0.1797649 
0.1635408 
0.1541618 
0.1446942 
0.1425067 
0.1426372 
0.1482980 
0.1600007 
0.1655882 
0.1701888 
0.1726966 
0.1826560 
0.1841410 
0.1892069 
0.1782689 
0.1819051 
0.1698668 
0.1641404 
0.1514299 
0.1439333 
0.1471963 
0.1517486 
0.1625070 
0.1726307 
0.1837854 
0.1796554 
0.1759869 
0.1635838 
0.1484301 
0.1368520 
0.1294806 
0.1233859 
0.1199451 
0.1152140 
0.1144236 
0.1205956 
0.1385151 
0.1497020 
0.1636521 
0.1751686 
0.1852304 
0.1868848 
0.1777449 
0.1631787 
0.1392414 
0.1228601 
0.1081893 
0.1043420 
0.1046318 
0.1192134 
0.1397261 
0.1512742 
0.1668386 
0.1775945 
0.1708317 
0.1599692 
0.1422079 
0.1372055 
0.1191646 
0.1065527 
0.1035647 
0.0964821 
0.1075570 
0.1167679 
0.1267443 
0.1478592 
0.1802289 
0.2073541 
0.2099831 
0.1950239 
0.1650865 
0.1359238 
0.1105487 
0.0887136 
0.0702705 
0.0663537 
0.0714375 
0.0859381 
0.1000803 
0.1179867 
0.1254429 
0.1328288 
0.1353642 
0.1315094 
0.1220012 
0.1090818 
0.0956860 
0.0830474 
0.0758005 
0.0742448 
0.0936564 
0.1127923 
0.1380972 
0.1611878 
0.1765881 
0.1851584 
0.1811728 
0.1661841 
0.1480253 
0.1198600 
0.1026062 
0.0907994 
0.0878693 
0.0877106 
0.0953357 
0.1017734 
0.1034468 
0.1087447 
0.1131069 
0.1144090 
0.1189780 
0.1157331 
0.1118968 
0.1086332 
0.1054579 
0.1112682 
0.1104567 
0.1120613 
0.1248458 
0.1479723 
0.1706927 
0.1853293 
0.1952870 
0.1942374 
0.1813096 
0.1734684 
0.1581524 
0.1346315 
0.1242237 
0.1134785 
0.1098263 
0.1009123 
0.1066362 
0.1131821 
0.1212732 
0.1314167 
0.1338828 
0.1355925 
0.1354746 
0.1364103 
0.1294268 
0.1245646 
0.1282922 
0.1375932 
0.1457919 
0.1784216 
0.1891305 
0.1954966 
0.1843563 
0.1736348 
0.1627980 
0.1395755 
0.1198935 
0.1090317 
0.0988566 
0.0984180 
0.1059438 
0.1173534 
0.1225060 
0.1264858 
0.1306635 
0.1246696 
0.1187781 
0.1074219 
0.1006765 
0.0968739 
0.0972031 
0.1058686 
0.1106891 
0.1321676 
0.1463346 
0.1702703 
0.1843767 
0.1837019 
0.1744699 
0.1583040 
0.1526730 
0.1390363 
0.1263083 
0.1287615 
0.1235419 
0.1206693 
0.1196980 
0.1344874 
0.1359500 
0.1396491 
0.1291033 
0.1231798 
0.1108994 
0.1006376 
0.0916325 
0.0826886 
0.0868653 
0.1019403 
0.1173927 
0.1222550 
0.1440194 
0.1663451 
0.1796725 
0.1759636 
0.1665648 
0.1556921 
0.1490865 
0.1339355 
0.1278207 
0.1263110 
0.1247057 
0.1274262 
0.1286488 
0.1378346 
0.1423170 
0.1471362 
0.1395014 
0.1302459 
0.1235569 
0.1135406 
0.1042010 
0.0938123 
0.0943853 
0.0951274 
0.0960191 
0.0994707 
0.1137825 
0.1312675 
0.1359413 
0.1344519 
0.1392457 
0.1388506 
0.1400459 
0.1276478 
0.1215542 
0.1312276 
0.1259200 
0.1248309 
0.1272279 
0.1274063 
0.1243440 
0.1273130 
0.1254992 
0.1218388 
0.1136646 
0.1132415 
0.1091441 
0.1122182 
0.1131994 
0.1030969 
0.1090429 
0.1157304 
0.1159489 
0.1219299 
0.1203589 
0.1205955 
0.1098290 
0.0900584 
0.0910107 
0.0912533 
0.0925116 
0.0925840 
0.0935028 
0.0927393 
0.0940518 
0.0916817 
0.1036239 
0.1062493 
0.1086309 
0.1222066 
0.1179913 
0.1165886 
0.1109363 
0.1007071 
0.1010602 
0.0931985 
0.0942484 
0.1014968 
0.1055597 
0.1084325 
0.1036735 
0.0978520 
0.0953630 
0.0970280 
0.0948806 
0.0920169 
0.0928809 
0.0889364 
0.0782231 
0.0721115 
0.0657435 
0.0604972 
0.0573036 
0.0558279 
0.0564327 
0.0618355 
0.0651767 
0.0703601 
0.0724724 
0.0764943 
0.0834114 
0.0854733 
0.0900595 
0.0905779 
0.0881920 
0.0761447 
0.0717784 
0.0684261 
0.0670587 
0.0627020 
0.0617577 
0.0593791 
0.0597420 
0.0534998 
0.0529746 
0.0530645 
0.0545308 
0.0597958 
0.0592693 
0.0612980 
0.0625275 
0.0620809 
0.0667922 
0.0666007 
0.0735623 
0.0782520 
0.0835154 
0.0876134 
0.0877110 
0.0937073 
0.0945682 
0.0957404 
0.0959796 
0.0964386 
0.0868242 
0.0818881 
0.0775949 
0.0825759 
0.0769743 
0.0765019 
0.0704341 
0.0628340 
0.0628963 
0.0599302 
0.0634517 
0.0669979 
0.0632717 
0.0665484 
0.0680254 
0.0680010 
0.0781470 
0.0799495 
0.0741253 
0.0748439 
0.0721514 
0.0660621 
0.0691543 
0.0685767 
0.0712679 
0.0651562 
0.0671096 
0.0546889 
0.0537454 
0.0525942 
0.0475995 
0.0459920 
0.0459691 
0.0425458 
0.0435087 
0.0523787 
0.0596754 
0.0639364 
0.0547140 
0.0187542 
0.0130007 
0.0106713 
0.0145768 
0.0199002 
0.0271125 
0.0277484 
0.0382791 
0.0443003 
0.0477808 
0.0488482 
0.0484876 
0.0448555 
0.0349006 
0.0291215 
0.0296630 
0.0287680 
0.0338529 
0.0334153 
0.0298087 
0.0291737 
0.0222807 
0.0193234 
0.0227753 
0.0214848 
0.0309328 
0.0404430 
0.0535853 
0.0646512 
0.0671933 
0.0771599 
0.0801299 
0.0688991 
0.0573948 
0.0511432 
0.0456476 
0.0448194 
0.0506109 
0.0538854 
0.0558772 
0.0493218 
0.0533549 
0.0545988 
0.0591047 
0.0600357 
0.0606419 
0.0614272 
0.0607274 
0.0583667 
0.0627153 
0.0730739 
0.0746721 
0.0662405 
0.0609554 
0.0543078 
0.0531643 
0.0578258 
0.0518801 
0.0524839 
0.0536862 
0.0602709 
0.0653300 
0.0690056 
0.0733292 
0.0708265 
0.0686386 
0.0607838 
0.0590873 
0.0481637 
0.0416207 
0.0424046 
0.0509978 
0.0555913 
0.0528732 
0.0492802 
0.0510201 
0.0432063 
0.0368719 
0.0170384 
0.0088586 
0.0023182 
0.0057628 
0.0183188 
0.0197249 
0.0283712 
0.0283366 
0.0257998 
0.0224464 
0.0097199 
0.0070812 
0.0041996 
0.0035084 
0.0000000 
0.0031612 
0.0064273 
0.0160713 
0.0251634 
0.0312876 
0.0344097 
0.0309722 
0.0239038 
0.0198179 
0.0215058 
0.0203647 
0.0264442 
0.0323829 
0.0392163 
0.0446597 
0.0447956 
0.0447538 
0.0422676 
0.0334959 
0.0225235 
0.0184610 
0.0180513 
0.0155072 
0.0137398 
0.0167330 
0.0206619 
0.0293405 
0.0316967 
0.0348509 
0.0519413 
0.0721139 
0.0736108 
0.0627334 
