-0.0001302 
0.0001403 
-0.0001150 
-0.5127357 
-0.1355080 
0.4860967 
0.0339091 
0.0340035 
0.0345643 
0.0346055 
0.0340069 
0.0339688 
0.0338862 
0.0336349 
0.0332350 
0.0332448 
0.0332663 
0.0333326 
0.0333705 
0.0335258 
0.0333136 
0.0329890 
0.0331524 
0.0339833 
0.0341946 
0.0347046 
0.0345304 
0.0339155 
0.0334051 
0.0325834 
0.0325127 
0.0324777 
0.0327143 
0.0326019 
0.0322102 
0.0324271 
0.0322156 
0.0327959 
0.0326436 
0.0320784 
0.0317424 
0.0316020 
0.0315293 
0.0316148 
0.0308626 
0.0312255 
0.0314008 
0.0314509 
0.0310943 
0.0309174 
0.0306569 
0.0304720 
0.0306343 
0.0303110 
0.0300740 
0.0301506 
0.0300896 
0.0299553 
0.0296125 
0.0297914 
0.0295184 
0.0294714 
0.0288433 
0.0296912 
0.0299573 
0.0297722 
0.0293545 
0.0287913 
0.0288377 
0.0289069 
0.0285073 
0.0290645 
0.0290951 
0.0289912 
0.0297981 
0.0295517 
0.0295432 
0.0298640 
0.0296635 
0.0297075 
0.0295435 
0.0294855 
0.0296255 
0.0296283 
0.0292173 
0.0291193 
0.0289138 
0.0287417 
0.0281089 
0.0282561 
0.0285667 
0.0282958 
0.0281264 
0.0278160 
0.0281720 
0.0281855 
0.0282689 
0.0278928 
0.0279579 
0.0279511 
0.0282287 
0.0275771 
0.0275095 
0.0278031 
0.0276494 
0.0273822 
0.0268520 
0.0269569 
0.0269480 
0.0270486 
0.0266395 
0.0273685 
0.0274006 
0.0268540 
0.0263007 
0.0264330 
0.0267404 
0.0264082 
0.0264770 
0.0256898 
0.0256774 
0.0262136 
0.0266748 
0.0265446 
0.0262240 
0.0261929 
0.0268335 
0.0265787 
0.0260867 
0.0252447 
0.0249964 
0.0255756 
0.0257972 
0.0256797 
0.0257317 
0.0257325 
0.0250318 
0.0249345 
0.0250164 
0.0248937 
0.0249264 
0.0249452 
0.0245744 
0.0249422 
0.0249181 
0.0250344 
0.0249068 
0.0248960 
0.0246529 
0.0246759 
0.0238995 
0.0239418 
0.0237478 
0.0239868 
0.0236975 
0.0233501 
0.0236313 
0.0235584 
0.0230054 
0.0228870 
0.0229378 
0.0229176 
0.0230832 
0.0228397 
0.0224059 
0.0224078 
0.0220643 
0.0219714 
0.0217364 
0.0209215 
0.0212486 
0.0214637 
0.0214386 
0.0216439 
0.0217177 
0.0215760 
0.0208608 
0.0208716 
0.0204110 
0.0202162 
0.0203460 
0.0205445 
0.0200637 
0.0199967 
0.0201574 
0.0202016 
0.0204975 
0.0206145 
0.0207617 
0.0209460 
0.0210208 
0.0207889 
0.0212434 
0.0211301 
0.0206868 
0.0204677 
0.0208280 
0.0205750 
0.0204534 
0.0200442 
0.0207327 
0.0206771 
0.0209153 
0.0211374 
0.0212179 
0.0211641 
0.0212577 
0.0213670 
0.0214644 
0.0211979 
0.0203827 
0.0203381 
0.0205607 
0.0206582 
0.0204929 
0.0207999 
0.0205958 
0.0208406 
0.0207471 
0.0207634 
0.0215935 
0.0210420 
0.0209721 
0.0212608 
0.0210599 
0.0215741 
0.0213541 
0.0209524 
0.0204394 
0.0201158 
0.0203044 
0.0198612 
0.0200144 
0.0203664 
0.0204812 
0.0203941 
0.0199645 
0.0203509 
0.0204715 
0.0200691 
0.0202376 
0.0200116 
0.0198545 
0.0199412 
0.0199135 
0.0199849 
0.0193045 
0.0188721 
0.0193440 
0.0198387 
0.0205231 
0.0202051 
0.0201109 
0.0202634 
0.0206950 
0.0207372 
0.0204203 
0.0205784 
0.0206433 
0.0205328 
0.0201697 
0.0195706 
0.0188628 
0.0172342 
0.0162301 
0.0162499 
0.0162126 
0.0163944 
0.0166108 
0.0169908 
0.0163294 
0.0161272 
0.0170344 
0.0178217 
0.0180816 
0.0185236 
0.0180532 
0.0182842 
0.0184577 
0.0182524 
0.0188180 
0.0185265 
0.0184486 
0.0177420 
0.0178873 
0.0180225 
0.0178728 
0.0174064 
0.0172782 
0.0172478 
0.0170413 
0.0173614 
0.0173416 
0.0173255 
0.0176165 
0.0176873 
0.0175743 
0.0179236 
0.0178306 
0.0177688 
0.0173437 
0.0171251 
0.0171828 
0.0169352 
0.0167643 
0.0167740 
0.0168128 
0.0163536 
0.0163855 
0.0168699 
0.0165907 
0.0163809 
0.0160640 
0.0158963 
0.0158446 
0.0157469 
0.0159917 
0.0156349 
0.0160183 
0.0154569 
0.0153679 
0.0151215 
0.0150147 
0.0155529 
0.0152508 
0.0152196 
0.0150573 
0.0149411 
0.0145620 
0.0149664 
0.0146688 
0.0150374 
0.0148429 
0.0144971 
0.0144245 
0.0143159 
0.0139012 
0.0137303 
0.0136598 
0.0136096 
0.0137520 
0.0136351 
0.0142276 
0.0143705 
0.0147207 
0.0146300 
0.0140792 
0.0140343 
0.0137438 
0.0136618 
0.0136520 
0.0137565 
0.0138737 
0.0136228 
0.0131840 
0.0127600 
0.0123952 
0.0128420 
0.0131705 
0.0129246 
0.0128816 
0.0131731 
0.0130724 
0.0132911 
0.0135844 
0.0131894 
0.0129711 
0.0136570 
0.0137726 
0.0136515 
0.0132827 
0.0133429 
0.0129940 
0.0127356 
0.0126109 
0.0129124 
0.0122226 
0.0123297 
0.0125223 
0.0123785 
0.0122805 
0.0123692 
0.0122687 
0.0121556 
0.0120766 
0.0118603 
0.0113747 
0.0111057 
0.0104497 
0.0099836 
0.0096706 
0.0097837 
0.0097970 
0.0094309 
0.0095193 
0.0097304 
0.0098829 
0.0091936 
0.0094520 
0.0092245 
0.0096842 
0.0096366 
0.0096846 
0.0094994 
0.0095603 
0.0094174 
0.0096035 
0.0094770 
0.0096590 
0.0096565 
0.0101265 
0.0094768 
0.0090900 
0.0092212 
0.0090438 
0.0099204 
0.0099505 
0.0097411 
0.0095847 
0.0092474 
0.0088315 
0.0089582 
0.0093823 
0.0094515 
0.0089066 
0.0091707 
0.0087445 
0.0089304 
0.0086181 
0.0085267 
0.0091029 
0.0084998 
0.0084676 
0.0090049 
0.0084605 
0.0083364 
0.0082640 
0.0079652 
0.0078321 
0.0079650 
0.0074458 
0.0078446 
0.0076116 
0.0074371 
0.0078931 
0.0077757 
0.0078715 
0.0077890 
0.0073770 
0.0078036 
0.0072476 
0.0077142 
0.0076139 
0.0078693 
0.0072737 
0.0063585 
0.0061961 
0.0067824 
0.0071325 
0.0070498 
0.0069191 
0.0065833 
0.0066417 
0.0070651 
0.0063629 
0.0063671 
0.0061573 
0.0064514 
0.0059142 
0.0064319 
0.0062568 
0.0058760 
0.0062561 
0.0061312 
0.0062732 
0.0062340 
0.0060596 
0.0061970 
0.0059888 
0.0061538 
0.0060493 
0.0057616 
0.0054531 
0.0053309 
0.0052321 
0.0054565 
0.0056802 
0.0058260 
0.0057824 
0.0055403 
0.0054598 
0.0057064 
0.0051591 
0.0049151 
0.0046356 
0.0041153 
0.0048391 
0.0048146 
0.0046033 
0.0045264 
0.0047143 
0.0049937 
0.0045155 
0.0046669 
0.0043980 
0.0042520 
0.0043184 
0.0036969 
0.0038448 
0.0036632 
0.0036453 
0.0034915 
0.0029809 
0.0028328 
0.0029302 
0.0031596 
0.0030928 
0.0031009 
0.0033606 
0.0035399 
0.0034071 
0.0034823 
0.0030964 
0.0033964 
0.0029998 
0.0031026 
0.0028340 
0.0024951 
0.0022946 
0.0015868 
0.0017765 
0.0011468 
0.0011786 
0.0012236 
0.0013089 
0.0027473 
0.0027406 
0.0015105 
0.0013595 
0.0013408 
0.0009202 
0.0011037 
0.0015191 
0.0011731 
0.0007357 
0.0015094 
0.0011133 
0.0009420 
0.0010609 
0.0015749 
0.0011679 
0.0014204 
0.0013060 
0.0011720 
0.0013653 
0.0007616 
0.0005025 
0.0009684 
0.0011071 
0.0010135 
0.0004144 
0.0002036 
0.0000325 
0.0005957 
0.0005622 
0.0012570 
0.0016983 
0.0007439 
0.0005496 
0.0004101 
0.0003671 
0.0001842 
0.0003333 
0.0000439 
0.0000000 
0.0002124 
0.0006942 
0.0002865 
0.0029296 
0.0017346 
0.0023732 
0.0014605 
0.0022685 
0.0027591 
0.0032284 
0.0025868 
0.0027405 
0.0029176 
0.0022118 
0.0028133 
0.0031524 
0.0139037 
0.0134660 
0.0142384 
0.0139071 
0.0135581 
0.0120733 
0.0102741 
0.0120228 
0.0115445 
0.0107839 
0.0103653 
0.0119968 
0.0119080 
0.0268338 
0.0259395 
0.0251028 
0.0252357 
0.0257990 
0.0254849 
0.0240561 
0.0243188 
0.0238211 
0.0240377 
0.0245122 
0.0250489 
0.0476895 
0.0467553 
0.0485863 
0.0493057 
0.0496752 
0.0491210 
0.0489238 
0.0473362 
0.0469088 
0.0451516 
0.0446630 
0.0749655 
0.0739105 
0.0736139 
0.0738800 
0.0751215 
0.0741184 
0.0751889 
0.0743912 
0.0741876 
0.0729924 
0.0712799 
0.0715935 
0.1027254 
0.1039896 
0.1031347 
0.1036927 
0.1012808 
0.1015246 
0.1020759 
0.1017176 
0.1022310 
0.1005960 
0.1024514 
0.1238602 
0.1256698 
0.1277531 
0.1281334 
0.1291412 
0.1320032 
0.1319236 
0.1315410 
0.1314109 
0.1320224 
0.1289127 
0.1461476 
0.1454492 
0.1436267 
0.1465689 
0.1460409 
0.1465465 
0.1470721 
0.1470794 
0.1455836 
0.1442744 
0.1558555 
0.1585758 
0.1596958 
0.1608106 
0.1614797 
0.1623546 
0.1630743 
0.1611838 
0.1604535 
0.1581606 
0.1566482 
0.1724121 
0.1751147 
0.1743448 
0.1765468 
0.1778117 
0.1779563 
0.1767787 
0.1777709 
0.1748391 
0.1757050 
0.1933824 
0.1940751 
0.1894787 
0.1916522 
0.1942138 
0.1923001 
0.1940385 
0.1959882 
0.1927607 
0.1910367 
0.2122054 
0.2107432 
0.2132243 
0.2142008 
0.2156292 
0.2139214 
0.2127546 
0.2125199 
0.2109620 
0.2288266 
0.2298465 
0.2291334 
0.2298995 
0.2303665 
0.2244022 
0.2232478 
0.2238574 
0.2205968 
0.2195328 
0.2338206 
0.2330950 
0.2347960 
0.2302498 
0.2321268 
0.2312151 
0.2306929 
0.2316665 
0.2323133 
0.2464988 
0.2444885 
0.2454876 
0.2448531 
0.2473419 
0.2520865 
0.2517642 
0.2523991 
0.2529944 
0.2635425 
0.2631323 
0.2589155 
0.2579808 
0.2579193 
0.2589230 
0.2587609 
0.2630402 
0.2728092 
0.2788264 
0.2782682 
0.2815286 
0.2790770 
0.2759168 
0.2735772 
0.2755811 
0.2782309 
0.2924619 
0.2933395 
0.2958143 
0.2986516 
0.2965383 
0.2962971 
0.2928570 
0.2894878 
0.3032193 
0.3028981 
0.3009506 
0.3010530 
0.2994671 
0.3021866 
0.3014584 
0.3012159 
0.3103437 
0.3134906 
0.3136415 
0.3173717 
0.3133035 
0.3144869 
0.3158817 
0.3133777 
0.3288766 
0.3264265 
0.3218969 
0.3226376 
0.3210060 
0.3201858 
0.3197280 
0.3198032 
0.3337564 
0.3381539 
0.3355938 
0.3378038 
0.3409446 
0.3387464 
0.3402269 
0.3297437 
0.3434145 
0.3439865 
0.3520623 
0.3497626 
0.3533839 
0.3522717 
0.3529263 
0.3661019 
0.3627519 
0.3592437 
0.3620388 
0.3634555 
0.3662109 
0.3674964 
0.3675569 
0.3807244 
0.3834938 
0.3823272 
0.3834068 
0.3833285 
0.3786419 
0.3809705 
0.3903890 
0.3883036 
0.3884231 
0.3889890 
0.3892092 
0.3883451 
0.3893029 
0.4051377 
0.4051823 
0.4051356 
0.3991186 
0.3981491 
0.4020762 
0.4026506 
0.4181837 
0.4155974 
0.4158167 
0.4177395 
0.4139056 
0.4156154 
0.4229185 
0.4320622 
0.4305470 
0.4321998 
0.4261364 
0.4269610 
0.4240601 
0.4346208 
0.4393674 
0.4432149 
0.4397822 
0.4335147 
0.4347599 
0.4494591 
0.4557702 
0.4578561 
0.4614815 
0.4552195 
0.4552528 
0.4534199 
0.4700791 
0.4705963 
0.4690770 
0.4706773 
0.4697070 
0.4722623 
0.4858191 
0.4944191 
0.4952056 
0.4959710 
0.4915504 
0.4911380 
0.5032631 
0.5012498 
0.4963604 
0.5051562 
0.4992233 
0.4972583 
0.5106708 
0.5103566 
0.5108113 
0.5125493 
0.5120555 
0.5173261 
0.5304876 
0.5319971 
0.5256875 
0.5218240 
0.5200178 
0.5204503 
0.5384873 
0.5374768 
0.5310882 
0.5252235 
0.5329493 
0.5374599 
0.5403475 
0.5405318 
0.5453792 
0.5461873 
0.5468319 
0.5549235 
0.5539334 
0.5570320 
0.5562811 
0.5533545 
0.5669540 
0.5684211 
0.5714353 
0.5750639 
0.5722968 
0.5755257 
0.5861596 
0.5808697 
0.5852845 
0.5902075 
0.5900196 
0.5966456 
0.5899889 
0.5898635 
0.5899462 
0.5900244 
0.5989327 
0.6031119 
0.6061826 
0.6085838 
0.6118539 
0.6210849 
0.6201121 
0.6207197 
0.6244276 
0.6244301 
0.6274730 
0.6283506 
0.6282413 
0.6262465 
0.6294777 
0.6392947 
0.6322489 
0.6300589 
0.6302142 
0.6330198 
0.6448629 
0.6435981 
0.6365452 
0.6329939 
0.6386040 
0.6475791 
0.6452882 
0.6504682 
0.6474884 
0.6611547 
0.6693804 
0.6659421 
0.6645892 
0.6639612 
0.6780740 
0.6816793 
0.6773263 
0.6820045 
0.6822568 
0.6807055 
0.6866427 
0.6853395 
0.6836959 
0.6889809 
0.6864765 
0.6899170 
0.6861582 
0.6887195 
0.6918438 
0.6902040 
0.6940685 
0.6959837 
0.7100092 
0.7022668 
0.7011958 
0.7055191 
0.7180433 
0.7162001 
0.7133780 
0.7203564 
0.7257420 
0.7241899 
0.7207440 
0.7178766 
0.7244242 
0.7239031 
0.7215760 
0.7223266 
0.7300222 
0.7290274 
0.7295786 
0.7294580 
0.7341717 
0.7325673 
0.7282719 
0.7294105 
0.7318076 
0.7304020 
0.7310553 
0.7338108 
0.7328631 
0.7349412 
0.7377408 
0.7424923 
0.7465193 
0.7485092 
0.7501766 
0.7530371 
0.7554194 
0.7540698 
0.7550460 
0.7599275 
0.7581476 
0.7555775 
0.7621123 
0.7627076 
0.7604758 
0.7615430 
0.7663363 
0.7625623 
0.7696270 
0.7741615 
0.7727391 
0.7725048 
0.7720834 
0.7738953 
0.7762826 
0.7700669 
0.7700417 
0.7732875 
0.7774212 
0.7776366 
0.7781638 
0.7750283 
0.7775041 
0.7834155 
0.7826475 
0.7771819 
0.7789243 
0.7889410 
0.7874408 
0.7863474 
0.7848804 
0.7880772 
0.7917270 
0.7919064 
0.7905608 
0.7928598 
0.7973803 
0.7984233 
0.8019289 
0.8001742 
0.8045906 
0.8007889 
0.8108890 
0.8101520 
0.8057778 
0.8044479 
0.8090535 
0.8084588 
0.8100501 
0.8075812 
0.8093875 
0.8202064 
0.8193327 
0.8163696 
0.8166462 
0.8142188 
0.8135220 
0.8165021 
0.8150003 
0.8172421 
0.8210588 
0.8239856 
0.8275318 
0.8203190 
0.8261970 
0.8325844 
0.8307388 
0.8335883 
0.8349926 
0.8417520 
0.8439104 
0.8432422 
0.8392352 
0.8553425 
0.8551932 
0.8548141 
0.8672251 
0.8672284 
0.8751567 
0.8669993 
0.8698135 
0.8815991 
0.8822325 
0.8951555 
0.8954042 
0.8954111 
0.9127118 
0.9136495 
0.9325425 
0.9330311 
0.9344479 
0.9506860 
0.9465174 
0.9642942 
0.9661260 
0.9659467 
0.9782416 
0.9777900 
0.9887902 
0.9906066 
0.9912545 
0.9928400 
0.9917723 
0.9953135 
0.9946738 
0.9956067 
0.9951074 
0.9937594 
0.9940410 
0.9949504 
0.9959361 
0.9956884 
0.9959996 
0.9964676 
0.9963372 
0.9961834 
0.9960558 
0.9968588 
0.9973228 
0.9971279 
0.9967183 
0.9953877 
0.9950723 
0.9955112 
0.9958203 
0.9967947 
0.9977843 
0.9983725 
0.9982956 
0.9984386 
0.9989612 
0.9978424 
0.9967303 
0.9972288 
0.9973971 
0.9977563 
0.9986932 
0.9982463 
0.9984081 
0.9988475 
0.9991462 
0.9989091 
0.9983837 
0.9983538 
0.9975784 
0.9961759 
0.9962548 
0.9962222 
0.9953022 
0.9953886 
0.9957932 
0.9954160 
0.9956127 
0.9930369 
0.9945688 
0.9941933 
0.9941093 
0.9957177 
0.9947783 
0.9947012 
0.9938024 
0.9944320 
0.9940124 
0.9934765 
0.9936261 
0.9930586 
0.9936516 
0.9930584 
0.9934296 
0.9935921 
0.9928560 
0.9925895 
0.9928829 
0.9927669 
0.9931260 
0.9934819 
0.9943651 
0.9935165 
0.9937632 
0.9937394 
0.9930384 
0.9931297 
0.9931624 
0.9925211 
0.9919635 
0.9937375 
0.9956895 
0.9954164 
0.9960536 
0.9962107 
0.9955766 
0.9960308 
0.9971531 
0.9969563 
0.9970669 
0.9962862 
0.9966666 
0.9964116 
0.9969034 
0.9967651 
0.9965803 
0.9963399 
0.9979115 
0.9958715 
0.9953455 
0.9958427 
0.9960996 
0.9958663 
0.9951286 
0.9953278 
0.9953568 
0.9958807 
0.9958127 
0.9963892 
0.9963707 
0.9965172 
0.9969961 
0.9971224 
0.9974610 
0.9974179 
0.9974745 
0.9979626 
0.9979871 
0.9981261 
0.9980477 
0.9977871 
0.9987256 
0.9989627 
0.9985473 
0.9992590 
0.9978243 
0.9978939 
0.9993037 
0.9993176 
0.9985671 
0.9986866 
0.9994065 
0.9974234 
0.9983491 
0.9981296 
0.9994350 
0.9984149 
0.9982296 
0.9979891 
0.9973047 
0.9979990 
0.9994736 
0.9978593 
0.9977015 
0.9977676 
0.9969884 
0.9974676 
0.9971536 
0.9980133 
0.9977846 
0.9978328 
0.9974353 
0.9974000 
0.9972594 
0.9979296 
0.9970450 
0.9972669 
0.9973206 
0.9984416 
0.9988817 
0.9997362 
0.9992122 
0.9989160 
0.9986861 
0.9991699 
0.9989308 
0.9990545 
0.9989457 
0.9996131 
0.9985197 
0.9982769 
0.9981533 
0.9980568 
0.9983271 
0.9998590 
0.9999560 
0.9987878 
0.9991919 
0.9978604 
0.9972162 
0.9972980 
0.9977946 
1.0000000 
0.9996787 
0.9999464 
0.9990280 
0.9984657 
0.9976832 
0.9975081 
0.9973658 
0.9973787 
0.9973609 
0.9970977 
0.9971144 
0.9976167 
0.9985038 
0.9993664 
0.9992741 
0.9993323 
