0.0001827 
0.0001676 
0.0001854 
-0.3124930 
-0.0584983 
0.3782960 
0.9980012 
0.9965144 
0.9858690 
0.9891016 
0.9862421 
0.9741915 
0.9890988 
0.9808398 
0.9757988 
0.9787980 
0.9759274 
0.9783426 
0.9867663 
0.9832974 
0.9868611 
0.9891575 
0.9778134 
0.9740847 
0.9878931 
1.0000000 
0.9788544 
0.9676004 
0.9687211 
0.9640073 
0.9621434 
0.9709645 
0.9754419 
0.9642409 
0.9647846 
0.9761754 
0.9703956 
0.9722019 
0.9695427 
0.9655645 
0.9651989 
0.9703868 
0.9731685 
0.9705237 
0.9679409 
0.9662973 
0.9619653 
0.9477510 
0.9478491 
0.9383967 
0.9438172 
0.9410702 
0.9515395 
0.9558452 
0.9558374 
0.9589774 
0.9451846 
0.9367781 
0.9372801 
0.9314263 
0.9277862 
0.9329954 
0.9326723 
0.9356677 
0.9393942 
0.9370387 
0.9415906 
0.9315939 
0.9239775 
0.9276868 
0.9152316 
0.9009360 
0.9031746 
0.9035495 
0.9110623 
0.9169133 
0.9183676 
0.9217395 
0.9233803 
0.9006373 
0.8954925 
0.8965869 
0.9061629 
0.9128177 
0.9044380 
0.8975865 
0.9053869 
0.9031074 
0.9022121 
0.8938854 
0.9043444 
0.8997659 
0.9008020 
0.8902895 
0.9003458 
0.8959884 
0.8905888 
0.8906863 
0.9010886 
0.9044853 
0.9046740 
0.9002136 
0.9025220 
0.9011202 
0.8973236 
0.8961487 
0.8940623 
0.8969249 
0.8977234 
0.8972629 
0.8907992 
0.8932658 
0.8977413 
0.8886184 
0.8916162 
0.8908225 
0.8903189 
0.8876630 
0.8919590 
0.8906307 
0.8933995 
0.8984850 
0.9023934 
0.8786224 
0.8812769 
0.8839221 
0.8815758 
0.8801082 
0.8814272 
0.8828733 
0.8798560 
0.8879140 
0.8842942 
0.8771634 
0.8724617 
0.8692915 
0.8715600 
0.8712909 
0.8844614 
0.8814700 
0.8878204 
0.8889443 
0.8865081 
0.8922079 
0.8971960 
0.8917618 
0.8923608 
0.8970285 
0.8971016 
0.8927559 
0.8931503 
0.8906021 
0.8828586 
0.8821937 
0.8809498 
0.8823025 
0.8825744 
0.8798267 
0.8697524 
0.8650859 
0.8765345 
0.8774088 
0.8767098 
0.8813587 
0.8789044 
0.8683696 
0.8647670 
0.8595858 
0.8586445 
0.8645076 
0.8607006 
0.8584434 
0.8689680 
0.8647329 
0.8601672 
0.8567759 
0.8473792 
0.8435675 
0.8439665 
0.8475000 
0.8473042 
0.8512675 
0.8647014 
0.8665832 
0.8613717 
0.8581082 
0.9108525 
0.8817886 
0.8673563 
0.8601892 
0.8557678 
0.8548914 
0.8553933 
0.8496074 
0.8464745 
0.8380652 
0.8309762 
0.8385605 
0.8414048 
0.8467632 
0.8522234 
0.8530780 
0.8388963 
0.8205855 
0.8058250 
0.8097139 
0.8230191 
0.8238714 
0.8300831 
0.8301069 
0.8297892 
0.8287363 
0.8274743 
0.8252819 
0.8262613 
0.8316139 
0.8326620 
0.8322967 
0.8400216 
0.8464454 
0.8508315 
0.8474637 
0.8360339 
0.8377801 
0.8313175 
0.8271016 
0.8277250 
0.8257522 
0.8334803 
0.8268731 
0.8288036 
0.8374051 
0.8304386 
0.8312510 
0.8306771 
0.8226086 
0.8220086 
0.8129112 
0.8162740 
0.8123306 
0.8138241 
0.8166653 
0.8216225 
0.8209220 
0.8274927 
0.8325180 
0.8085836 
0.8157750 
0.8325435 
0.8385393 
0.8406193 
0.8349735 
0.8370457 
0.8383916 
0.8394286 
0.8331977 
0.8351093 
0.8364691 
0.8321726 
0.8386724 
0.8238041 
0.8322113 
0.8214047 
0.8165738 
0.8113100 
0.8053965 
0.7901245 
0.7873684 
0.7792685 
0.7765073 
0.7741567 
0.7848256 
0.7951900 
0.7985178 
0.7918064 
0.7961202 
0.8012198 
0.8106995 
0.8240596 
0.8345937 
0.8349941 
0.8443303 
0.8596466 
0.8609675 
0.8368446 
0.8359884 
0.8360036 
0.8439025 
0.8356552 
0.8198041 
0.8085056 
0.8043617 
0.7960380 
0.7875015 
0.7885808 
0.7849729 
0.7839572 
0.7788383 
0.7777244 
0.7787928 
0.7856156 
0.7813938 
0.7759246 
0.7685952 
0.7539811 
0.7573444 
0.7379715 
0.7197769 
0.7077826 
0.7029739 
0.6917424 
0.6973818 
0.6923082 
0.6963432 
0.6861342 
0.6805481 
0.6828820 
0.6889018 
0.7035504 
0.7051564 
0.7134030 
0.7247254 
0.7350511 
0.7468009 
0.7625501 
0.7739446 
0.7817164 
0.7820727 
0.7795766 
0.7836521 
0.7701682 
0.7687173 
0.7628387 
0.7701884 
0.7658814 
0.7732399 
0.7776811 
0.7610785 
0.7552599 
0.7404808 
0.7280975 
0.7318451 
0.7290317 
0.7323659 
0.7286126 
0.7061119 
0.7195506 
0.7425962 
0.7410984 
0.7447510 
0.7577332 
0.7726101 
0.7678607 
0.7385669 
0.7130658 
0.6982794 
0.6892717 
0.7083306 
0.7299549 
0.7697591 
0.7471905 
0.7316720 
0.7273953 
0.7171836 
0.7295500 
0.7460136 
0.7673216 
0.7461266 
0.7311932 
0.7080227 
0.6973513 
0.6871561 
0.6720748 
0.6736429 
0.6894661 
0.6946670 
0.6994606 
0.6791538 
0.6677653 
0.6710967 
0.6860288 
0.6947496 
0.7063528 
0.7216756 
0.7168360 
0.7108406 
0.7099316 
0.7143988 
0.7103267 
0.7123873 
0.7245167 
0.7193531 
0.7084178 
0.6892073 
0.6901545 
0.6963943 
0.7008560 
0.6964152 
0.7024425 
0.7068324 
0.6966126 
0.7055854 
0.7128867 
0.7268821 
0.7336268 
0.7321138 
0.7312903 
0.7277739 
0.7356561 
0.7378442 
0.7462410 
0.7456832 
0.7418414 
0.7403949 
0.7337179 
0.7287659 
0.7162858 
0.7113094 
0.6970418 
0.6837035 
0.6791107 
0.6738194 
0.6671772 
0.6626301 
0.6546105 
0.6584682 
0.6591840 
0.6603895 
0.6620282 
0.6660131 
0.6671677 
0.6702338 
0.6789145 
0.6829525 
0.6833137 
0.6803626 
0.6850062 
0.6803336 
0.6840161 
0.6877449 
0.6859557 
0.6835719 
0.6816088 
0.6796580 
0.6856697 
0.6735033 
0.6644595 
0.6689450 
0.6722076 
0.6838946 
0.6936591 
0.6943103 
0.6956597 
0.6940763 
0.6932104 
0.6818733 
0.6682890 
0.6765411 
0.6832838 
0.6916756 
0.6936738 
0.6973660 
0.6857965 
0.6924804 
0.6851610 
0.6833132 
0.6814538 
0.6858210 
0.6888533 
0.6922451 
0.6974189 
0.6939261 
0.7037817 
0.6906450 
0.6838828 
0.6816978 
0.6770089 
0.6728276 
0.6753805 
0.6784349 
0.6733521 
0.6732078 
0.6708898 
0.6710429 
0.6668158 
0.6640679 
0.6717935 
0.6848068 
0.6878057 
0.6908950 
0.6913522 
0.6875401 
0.6799965 
0.6828913 
0.6844346 
0.6843452 
0.6850639 
0.6942573 
0.6985096 
0.6965225 
0.6916162 
0.6934354 
0.6918010 
0.6852374 
0.6779845 
0.6770743 
0.6702943 
0.6679383 
0.6731250 
0.6724683 
0.6616103 
0.6590600 
0.6603522 
0.6607116 
0.6559036 
0.6560024 
0.6586168 
0.6517083 
0.6543891 
0.6521946 
0.6538972 
0.6566127 
0.6461857 
0.6515526 
0.6494958 
0.6449681 
0.6461702 
0.6374207 
0.6527488 
0.6438088 
0.6443255 
0.6465502 
0.6445613 
0.6503761 
0.6521847 
0.6477241 
0.6456772 
0.6329291 
0.6408685 
0.6489181 
0.6428650 
0.6440508 
0.6439313 
0.6403714 
0.6387813 
0.6358252 
0.6410906 
0.6366784 
0.6454253 
0.6291932 
0.6319031 
0.6296871 
0.6304628 
0.6308055 
0.6347867 
0.6283929 
0.6397677 
0.6347514 
0.6360873 
0.6330574 
0.6327111 
0.6304853 
0.6237101 
0.6209356 
0.6152860 
0.6283901 
0.6112195 
0.6144231 
0.6132145 
0.6154830 
0.6187467 
0.6163098 
0.6157039 
0.6192290 
0.6176844 
0.6213009 
0.6106964 
0.6141628 
0.6091608 
0.5984217 
0.6060940 
0.6017580 
0.6025079 
0.6063941 
0.6065387 
0.6038171 
0.6100648 
0.6126543 
0.6050564 
0.6074630 
0.6168550 
0.6177147 
0.6113512 
0.6184293 
0.6147636 
0.6144512 
0.6127346 
0.6153913 
0.6086947 
0.6047527 
0.6039038 
0.5971791 
0.5947816 
0.5966112 
0.6016914 
0.5852226 
0.5953512 
0.5876877 
0.5828380 
0.5893633 
0.5838461 
0.5806688 
0.5750496 
0.5797241 
0.5783286 
0.5777341 
0.5742861 
0.5854145 
0.5768816 
0.5818700 
0.5855261 
0.5815005 
0.5769836 
0.5827801 
0.5705704 
0.5700500 
0.5758594 
0.5936001 
0.5722615 
0.5692457 
0.5664025 
0.5767094 
0.5725140 
0.5661945 
0.5780295 
0.5739589 
0.5796449 
0.5782441 
0.5769504 
0.5786593 
0.5796206 
0.5811919 
0.5833239 
0.5793274 
0.5776453 
0.5775638 
0.5668486 
0.5744525 
0.5703062 
0.5652253 
0.5592980 
0.5653491 
0.5736316 
0.5597300 
0.5643196 
0.5615387 
0.5660859 
0.5505239 
0.5538471 
0.5533439 
0.5547104 
0.5472595 
0.5541449 
0.5586780 
0.5596530 
0.5599583 
0.5609107 
0.5689215 
0.5744685 
0.5727056 
0.5704051 
0.5680325 
0.5739885 
0.5673373 
0.5688285 
0.5631236 
0.5613721 
0.5652378 
0.5568050 
0.5535833 
0.5561829 
0.5556586 
0.5545419 
0.5569199 
0.5499284 
0.5512054 
0.5578945 
0.5557048 
0.5438216 
0.5424757 
0.5451784 
0.5492084 
0.5441279 
0.5367960 
0.5394189 
0.5414059 
0.5403802 
0.5336858 
0.5421452 
0.5239236 
0.5198098 
0.5114454 
0.5110870 
0.5202303 
0.5387725 
0.5353691 
0.5284332 
0.5220198 
0.5187093 
0.5268039 
0.5284219 
0.5307285 
0.5373105 
0.5412290 
0.5436305 
0.5423434 
0.5397854 
0.5358468 
0.5429598 
0.5423970 
0.5408071 
0.5437639 
0.5446251 
0.5488632 
0.5513045 
0.5419950 
0.5271840 
0.5136307 
0.5070087 
0.5153128 
0.5190268 
0.5193492 
0.5382642 
0.5343082 
0.5317182 
0.5288927 
0.5299039 
0.5182727 
0.5161266 
0.5243003 
0.5161876 
0.5203065 
0.5231107 
0.5266854 
0.5129639 
0.5150986 
0.5354098 
0.5338831 
0.5342901 
0.5247153 
0.5324618 
0.5315628 
0.5266539 
0.5295510 
0.5279627 
0.5313487 
0.5260293 
0.5181108 
0.5199645 
0.5244082 
0.5232840 
0.5149395 
0.5145867 
0.5257522 
0.5229072 
0.5122791 
0.5105446 
0.5151379 
0.5068139 
0.5041755 
0.5048372 
0.5005074 
0.5060531 
0.5358466 
0.5305744 
0.5252884 
0.5321507 
0.5248517 
0.5236850 
0.5209214 
0.5224595 
0.5162360 
0.5217918 
0.5098785 
0.5147902 
0.5128272 
0.5050946 
0.5030554 
0.5089230 
0.5177063 
0.5094517 
0.5120157 
0.5164963 
0.5105261 
0.5016964 
0.5012433 
0.5004140 
0.5020849 
0.4992545 
0.5066112 
0.4996966 
0.4945298 
0.4944879 
0.4955682 
0.4958458 
0.4949855 
0.5184272 
0.5073657 
0.4983776 
0.4993253 
0.4957774 
0.4892821 
0.4959324 
0.4881691 
0.4929690 
0.5000494 
0.5030296 
0.5068359 
0.5036937 
0.4988044 
0.5005886 
0.4909098 
0.4971957 
0.5002033 
0.4970992 
0.4973721 
0.5027152 
0.4957434 
0.5081122 
0.5049416 
0.5049989 
0.5067661 
0.5031283 
0.5003588 
0.4972821 
0.4946812 
0.4964748 
0.4962569 
0.5019964 
0.5066445 
0.5060429 
0.5119455 
0.5064141 
0.5023570 
0.4991857 
0.5018864 
0.5002964 
0.4996462 
0.4951484 
0.4852285 
0.4875127 
0.4839486 
0.4822700 
0.4820313 
0.4905296 
0.4943533 
0.4949740 
0.4925013 
0.4942751 
0.4906685 
0.4849787 
0.4838568 
0.4792496 
0.4898404 
0.4955859 
0.4915300 
0.4978399 
0.4841323 
0.4844096 
0.4813543 
0.4864092 
0.4870301 
0.4803465 
0.4867955 
0.4808476 
0.4758874 
0.4674928 
0.4655976 
0.4700797 
0.4767289 
0.4802664 
0.4828817 
0.4761535 
0.4784173 
0.4734876 
0.4692687 
0.4709827 
0.4674547 
0.4736880 
0.4741175 
0.4792480 
0.4760955 
0.4783364 
0.4739031 
0.4717600 
0.4675752 
0.4603192 
0.4512593 
0.4536738 
0.4592065 
0.4749442 
0.4880305 
0.4663660 
0.4596015 
0.4574617 
0.4583335 
0.4645001 
0.4686680 
0.4727041 
0.4694317 
0.4694796 
0.4753864 
0.4728658 
0.4635442 
0.4617936 
0.4493426 
0.4453116 
0.4447436 
0.4435634 
0.4517750 
0.4615601 
0.4526565 
0.4428997 
0.4365869 
0.4360314 
0.4358372 
0.4271483 
0.4299565 
0.4312111 
0.4334137 
0.4313632 
0.4263687 
0.4221849 
0.4209374 
0.4144481 
0.4114936 
0.4085599 
0.4013745 
0.3972169 
0.3986648 
0.3945413 
0.3920098 
0.3969322 
0.4024593 
0.4097025 
0.4187632 
0.3482953 
0.3515488 
0.3499552 
0.3462460 
0.3458564 
0.3363153 
0.3305939 
0.3408942 
0.3340832 
0.3351315 
0.3360996 
0.3393271 
0.3325343 
0.3239597 
0.3262111 
0.3228950 
0.3170245 
0.3165185 
0.3252484 
0.3123211 
0.3247030 
0.3161106 
0.3184548 
0.3129110 
0.3103461 
0.3182400 
0.3141666 
0.3163983 
0.3176349 
0.3192111 
0.3211340 
0.3293473 
0.3111413 
0.3181999 
0.3140756 
0.3105467 
0.3088364 
0.3080332 
0.3025832 
0.3089593 
0.3004253 
0.3090022 
0.3117215 
0.3122473 
0.3123961 
0.3073329 
0.3173940 
0.3009130 
0.3031890 
0.3181275 
0.3052938 
0.3103637 
0.3042509 
0.3021435 
0.3039378 
0.2975489 
0.2970452 
0.2988468 
0.2908545 
0.2872059 
0.2914809 
0.2838994 
0.2972435 
0.2949643 
0.2912635 
0.2876698 
0.2934541 
0.2948056 
0.2930141 
0.2929791 
0.2892350 
0.2872222 
0.2875410 
0.2803425 
0.2793376 
0.2872261 
0.2735893 
0.2803990 
0.2851139 
0.2964960 
0.2955215 
0.2968407 
0.2880618 
0.2796346 
0.2875282 
0.2817000 
0.2897986 
0.2917946 
0.2892532 
0.2908186 
0.2930589 
0.2897884 
0.2992467 
0.2907611 
0.2777213 
0.2578245 
0.2614037 
0.2669721 
0.2875480 
0.2915992 
0.2970465 
0.2740341 
0.2691550 
0.2667842 
0.2674959 
0.2645432 
0.2543716 
0.2481785 
0.2633380 
0.2904453 
0.2926493 
0.2908823 
0.2811246 
0.2698444 
0.2662719 
0.2686780 
0.2623407 
0.2566165 
0.2506067 
0.2466660 
0.2539462 
0.2714959 
0.2771187 
0.2735019 
0.2671237 
0.2621877 
0.2738994 
0.2737196 
0.2762285 
0.2840789 
0.2833244 
0.2830757 
0.2650300 
0.2600726 
0.2580208 
0.2568815 
0.2597729 
0.2588250 
0.2616424 
0.2643789 
0.2706841 
0.2693422 
0.2614383 
0.2661419 
0.2709580 
0.2646562 
0.2574305 
0.2595276 
0.2532292 
0.2565039 
0.2572328 
0.2519115 
0.2583352 
0.2555070 
0.2554808 
0.2575540 
0.2452639 
0.2529254 
0.2470245 
0.2495421 
0.2553112 
0.2520879 
0.2485219 
0.2525418 
0.2541905 
0.2544225 
0.2560558 
0.2537735 
0.2501284 
0.2519717 
0.2403820 
0.2387756 
0.2366439 
0.2238795 
0.2276025 
0.2317722 
0.2370141 
0.2387131 
0.2402099 
0.2449837 
0.2412227 
0.2493661 
0.2509649 
0.2505012 
0.2506351 
0.2462030 
0.2364118 
0.2386686 
0.2467845 
0.2508713 
0.2449774 
0.2432166 
0.2386281 
0.2336029 
0.2408761 
0.2401881 
0.2367410 
0.2468286 
0.2367776 
0.2401876 
0.2449165 
0.2493324 
0.2419602 
0.2343517 
0.2328267 
0.2315455 
0.2273512 
0.2222404 
0.2213919 
0.2222128 
0.2201684 
0.2177564 
0.2229557 
0.2417416 
0.2303128 
0.2305981 
0.2239303 
0.2250997 
0.2149334 
0.2027205 
0.2055883 
0.2081065 
0.2035066 
0.2015581 
0.2051521 
0.2137391 
0.2140183 
0.2206350 
0.2272705 
0.2162086 
0.2096279 
0.2058902 
0.2094328 
0.2089847 
0.2101190 
0.2026260 
0.2082534 
0.2137446 
0.2020387 
0.2014396 
0.1990690 
0.1976987 
0.1990326 
0.2075859 
0.2168276 
0.2047672 
0.2100998 
0.2087554 
0.2060815 
0.2037895 
0.1996489 
0.2020948 
0.2217099 
0.2287287 
0.2277243 
0.2286368 
0.2353310 
0.2250490 
0.2218071 
0.2187921 
0.2193835 
0.2159294 
0.2126937 
0.2060766 
0.2031454 
0.2012059 
0.1993416 
0.1945829 
0.1948528 
0.1956171 
0.1997918 
0.1973484 
0.1977946 
0.1975616 
0.2007600 
0.1950595 
0.1854495 
0.1807046 
0.1664277 
0.1548161 
0.1514363 
0.1575877 
0.1862744 
0.1844804 
0.1944955 
0.1769890 
0.1688877 
0.1678731 
0.1752080 
0.1756653 
0.1721307 
0.1695269 
0.1693689 
0.1696022 
0.1681037 
0.1696609 
0.1722051 
0.1774207 
0.1763796 
0.1783319 
0.1775145 
0.1846261 
0.1845744 
0.1744329 
0.1775867 
0.1753893 
0.1756763 
0.1708717 
0.1749649 
0.1782522 
0.1691426 
0.1761637 
0.1789439 
0.1857749 
0.1882940 
0.1826786 
0.1819000 
0.1851499 
0.1775530 
0.1772879 
0.1749295 
0.1742083 
0.1736731 
0.1806664 
0.1887611 
0.1830042 
0.1746994 
0.1686778 
0.1679191 
0.1689835 
0.1669284 
0.1741727 
0.1842583 
0.1861987 
0.1861674 
0.1795724 
0.1741797 
0.1706304 
0.1631727 
0.1586474 
0.1483434 
0.1515421 
0.1489440 
0.1651406 
0.1822987 
0.2041501 
0.2153903 
0.2134557 
0.2179598 
0.2061655 
0.1850292 
0.1707408 
0.1599004 
0.1494038 
0.1464280 
0.1516010 
0.1705313 
0.1882535 
0.1958527 
0.2033458 
0.1974035 
0.1828011 
0.1635865 
0.1489382 
0.1469646 
0.1458242 
0.1436728 
0.1427359 
0.1568971 
0.1617875 
0.1595041 
0.1637316 
0.1758021 
0.1748005 
0.1850406 
0.1800547 
0.1697584 
0.1586843 
0.1440732 
0.1375586 
0.1373788 
0.1397729 
0.1471283 
0.1565402 
0.1579104 
0.1553148 
0.1428231 
0.1359220 
0.1352332 
0.1372356 
0.1352203 
0.1417186 
0.1329429 
0.1353363 
0.1429899 
0.1350846 
0.1368390 
0.1297374 
0.1242286 
0.1254957 
0.1289769 
0.1309507 
0.1336144 
0.1369426 
0.1314171 
0.1337470 
0.1383181 
0.1456997 
0.1375792 
0.1540541 
0.1560056 
0.1535056 
0.1508831 
0.1460275 
0.1457992 
0.1453819 
0.1429299 
0.1387584 
0.1456272 
0.1624058 
0.1652852 
0.1445983 
0.1357492 
0.1378191 
0.1423623 
0.1351452 
0.1334944 
0.1302407 
0.1360172 
0.1331633 
0.1318917 
0.1317667 
0.1337895 
0.1288883 
0.1337229 
0.1327549 
0.1305382 
0.1313571 
0.1360736 
0.1313765 
0.1298084 
0.1334513 
0.1360944 
0.1306114 
0.1294742 
0.1332433 
0.1168986 
0.1268752 
0.1226188 
0.1203320 
0.1253449 
0.1221158 
0.1165268 
0.1197845 
0.1225629 
0.1256176 
0.1268491 
0.1351129 
0.1446502 
0.1568788 
0.1571873 
0.1640996 
0.1577356 
0.1485967 
0.1364809 
0.1341717 
0.1315023 
0.1276855 
0.1162863 
0.1199543 
0.1091863 
0.1176103 
0.1180736 
0.1250908 
0.1207450 
0.1219172 
0.1179191 
0.1079977 
0.1046647 
0.1178961 
0.1214422 
0.1177969 
0.1235115 
0.1110410 
0.1167818 
0.1104223 
0.1127132 
0.1112561 
0.1193694 
0.1120490 
0.1147442 
0.1157978 
0.1073615 
0.1028272 
0.1009610 
0.1014393 
0.1032024 
0.1090258 
0.1078472 
0.1112696 
0.1169157 
0.1131764 
0.1072235 
0.1105463 
0.1035447 
0.1009651 
0.1047046 
0.0977227 
0.0898442 
0.1002697 
0.0918359 
0.0894300 
0.0913335 
0.0932858 
0.0911696 
0.0855774 
0.0867732 
0.0868905 
0.0817162 
0.0721520 
0.0720641 
0.0814587 
0.0758451 
0.0671652 
0.0758902 
0.0751066 
0.0784158 
0.0780309 
0.0718448 
0.0661376 
0.0665008 
0.0722499 
0.0658529 
0.0667910 
0.0666582 
0.0620358 
0.0661462 
0.0644872 
0.0628667 
0.0616309 
0.0971873 
0.0590778 
0.0544765 
0.0549376 
0.0520534 
0.0539706 
0.0461725 
0.0516353 
0.0569971 
0.0603550 
0.0563218 
0.0547125 
0.0601068 
0.0668105 
0.0521523 
0.0537462 
0.0456870 
0.0529206 
0.0551611 
0.0531802 
0.0472525 
0.0496895 
0.0446478 
0.0462713 
0.0488557 
0.0559966 
0.0550653 
0.0530256 
0.0502659 
0.0598927 
0.0624170 
0.0540665 
0.0622360 
0.0582276 
0.0552136 
0.0625413 
0.0584281 
0.0537979 
0.0539339 
0.0569763 
0.0423029 
0.0433473 
0.0459070 
0.0407217 
0.0427367 
0.0412185 
0.0358533 
0.0305700 
0.0413936 
0.0381876 
0.0430839 
0.0428447 
0.0381872 
0.0520947 
0.0435692 
0.0427685 
0.0357949 
0.0313346 
0.0344453 
0.0477398 
0.0520003 
0.0526071 
0.0472111 
0.0506933 
0.0604178 
0.0396659 
0.0416458 
0.0366408 
0.0315840 
0.0447443 
0.0476542 
0.0408413 
0.0347005 
0.0326307 
0.0406620 
0.0436707 
0.0411977 
0.0286271 
0.0201093 
0.0209961 
0.0330960 
0.0379871 
0.0344780 
0.0277512 
0.0289989 
0.0329353 
0.0280573 
0.0308292 
0.0282121 
0.0268143 
0.0210455 
0.0209774 
0.0178343 
0.0245675 
0.0260602 
0.0233711 
0.0199796 
0.0118652 
0.0000000 
0.0144068 
0.0131465 
0.0143881 
0.0134526 
0.0166492 
0.0186394 
0.0184994 
0.0113874 
0.0114571 
0.0236213 
0.0105882 
0.0109345 
0.0134604 
0.0150983 
0.0090768 
0.0070016 
0.0094832 
0.0170774 
0.0233651 
0.0213238 
0.0127154 
0.0123530 
0.0054547 
0.0031041 
0.0020150 
0.0043141 
0.0010049 
0.0057247 
0.0076858 
0.0147356 
0.0085013 
0.0123452 
0.0102770 
0.0068318 
0.0082544 
0.0092753 
0.0026358 
0.0053558 
0.0131138 
0.0163032 
0.0162964 
0.0211250 
0.0273956 
0.0212540 
0.0265901 
0.0293644 
0.0222061 
0.0197203 
0.0150660 
0.0172339 
0.0160097 
