-0.0001621 
-0.0000184 
-0.0001504 
0.0005201 
0.2032405 
0.1925941 
0.9967587 
0.9937806 
0.9848144 
0.9854844 
0.9867835 
0.9932364 
0.9956401 
1.0000000 
0.9838606 
0.9738884 
0.9755311 
0.9658722 
0.9627854 
0.9683909 
0.9635390 
0.9467199 
0.9352382 
0.9328603 
0.9348545 
0.9201040 
0.9157061 
0.9168354 
0.9163546 
0.9166024 
0.9262804 
0.9258610 
0.9228090 
0.9268259 
0.9251692 
0.9340832 
0.9350172 
0.9483036 
0.9507001 
0.9491567 
0.9458785 
0.9412784 
0.9349299 
0.9293207 
0.9285080 
0.9264251 
0.9375692 
0.9479272 
0.9603331 
0.9638539 
0.9570382 
0.9475974 
0.9434499 
0.9446814 
0.9473845 
0.9431931 
0.9492627 
0.9532393 
0.9443691 
0.9404189 
0.9416772 
0.9448979 
0.9418554 
0.9413242 
0.9332559 
0.9181489 
0.9196415 
0.9157869 
0.9041831 
0.9017909 
0.9001360 
0.8939692 
0.8901185 
0.8916263 
0.9014452 
0.8969202 
0.8982454 
0.9015488 
0.9054655 
0.9047425 
0.9031596 
0.8986003 
0.9116118 
0.9227159 
0.9133725 
0.9147682 
0.9144332 
0.9183504 
0.9212623 
0.9320783 
0.9297647 
0.9240461 
0.9207931 
0.9099757 
0.9113445 
0.9103078 
0.9186851 
0.9245549 
0.9219465 
0.9272109 
0.9248251 
0.9192827 
0.9254974 
0.9252329 
0.9209252 
0.9193586 
0.9133205 
0.9131674 
0.9106710 
0.9136358 
0.9166942 
0.9158727 
0.9212019 
0.9224113 
0.9138032 
0.9202191 
0.9097025 
0.9150120 
0.9146637 
0.9080421 
0.9145168 
0.9184332 
0.9166339 
0.9341679 
0.9341826 
0.9398447 
0.9407394 
0.9390263 
0.9504160 
0.9591318 
0.9532239 
0.9427644 
0.9476907 
0.9442040 
0.9508205 
0.9467711 
0.9382442 
0.9292031 
0.9217936 
0.9213787 
0.9350944 
0.9321085 
0.9276778 
0.9225022 
0.9151971 
0.9035727 
0.9044555 
0.9043152 
0.9019546 
0.9097468 
0.9137604 
0.9240985 
0.9300675 
0.9361358 
0.9283381 
0.9217554 
0.9227330 
0.9201764 
0.9220365 
0.9173140 
0.9178296 
0.9251585 
0.9296102 
0.9348182 
0.9334341 
0.9328947 
0.9386746 
0.9407615 
0.9326737 
0.9312184 
0.9264804 
0.9239543 
0.9171862 
0.9171275 
0.9104199 
0.9092644 
0.9005713 
0.8807459 
0.8757861 
0.8730560 
0.8681209 
0.8733227 
0.8699379 
0.8542179 
0.8484293 
0.8382984 
0.8417109 
0.8478757 
0.8621308 
0.8694411 
0.8754803 
0.8771826 
0.8827085 
0.8834154 
0.8881097 
0.8838504 
0.8922547 
0.8906545 
0.8942954 
0.9007572 
0.9090769 
0.9067600 
0.9115085 
0.9099383 
0.9073604 
0.9175467 
0.9148909 
0.9202471 
0.9211178 
0.9131644 
0.9024211 
0.8947990 
0.8830848 
0.8744347 
0.8734870 
0.8815754 
0.8832425 
0.8887409 
0.8916490 
0.8911755 
0.8900605 
0.8857169 
0.8761660 
0.8706390 
0.8675613 
0.8655844 
0.8667707 
0.8616803 
0.8630959 
0.8619925 
0.8654992 
0.8678808 
0.8678119 
0.8762286 
0.8812364 
0.8760718 
0.8811507 
0.8805465 
0.8866242 
0.8874972 
0.8910512 
0.8920767 
0.8967717 
0.8904472 
0.8952968 
0.8949208 
0.8879890 
0.8891848 
0.8903653 
0.8991276 
0.9031254 
0.9064650 
0.9040849 
0.8905509 
0.8809086 
0.8787433 
0.8804543 
0.8845348 
0.8795479 
0.8805003 
0.8906701 
0.9019952 
0.9067503 
0.9121132 
0.9196528 
0.9259747 
0.9213459 
0.9129083 
0.8989910 
0.8878592 
0.8756180 
0.8685484 
0.8592081 
0.8518035 
0.8498025 
0.8544866 
0.8532366 
0.8490938 
0.8568137 
0.8564090 
0.8550389 
0.8527325 
0.8467660 
0.8473133 
0.8567713 
0.8652343 
0.8714361 
0.8664440 
0.8804777 
0.8805065 
0.8783838 
0.8739436 
0.8678981 
0.8652072 
0.8508403 
0.8416491 
0.8353415 
0.8316475 
0.8254296 
0.8295227 
0.8242904 
0.8144691 
0.8124636 
0.8121413 
0.8099515 
0.8198803 
0.8223494 
0.8125942 
0.8102179 
0.8066006 
0.8115766 
0.8226536 
0.8339574 
0.8455287 
0.8351803 
0.8245637 
0.8157644 
0.8161861 
0.8178799 
0.8240846 
0.8247753 
0.8185815 
0.8108955 
0.8115479 
0.8133090 
0.8211850 
0.8157510 
0.8031307 
0.7954172 
0.7948034 
0.8035059 
0.8271210 
0.8206264 
0.8126616 
0.8097072 
0.8218933 
0.8320272 
0.8208201 
0.8140040 
0.8001534 
0.7992137 
0.8145276 
0.8249967 
0.8198586 
0.8156242 
0.8186300 
0.8139291 
0.8105814 
0.8061671 
0.7957315 
0.7848841 
0.7887348 
0.7907119 
0.7950675 
0.7945464 
0.7907885 
0.7894575 
0.7960308 
0.7997532 
0.8066569 
0.8135173 
0.8201423 
0.8134632 
0.8096231 
0.8167610 
0.8112682 
0.8067701 
0.7941639 
0.7761875 
0.7759986 
0.7742097 
0.7661386 
0.7575706 
0.7572261 
0.7631936 
0.7691681 
0.7758169 
0.7824854 
0.7925210 
0.7982520 
0.8084426 
0.8280440 
0.8298855 
0.8398496 
0.8336047 
0.8076420 
0.7867179 
0.7912656 
0.7961123 
0.7947296 
0.7900160 
0.7829267 
0.7809418 
0.7842452 
0.7813963 
0.7803434 
0.7828090 
0.7822005 
0.7900257 
0.7886985 
0.7955152 
0.7921506 
0.7947056 
0.7871759 
0.7890787 
0.7966134 
0.8032362 
0.8033526 
0.8057454 
0.8053651 
0.8035984 
0.8070207 
0.8107217 
0.8023264 
0.8086986 
0.8047203 
0.8014091 
0.7962754 
0.7951131 
0.7930196 
0.7956332 
0.7978945 
0.8086531 
0.8155066 
0.8184159 
0.8235192 
0.8188226 
0.8105823 
0.8093019 
0.8127464 
0.8070661 
0.8025212 
0.7904403 
0.7804374 
0.7887078 
0.7928162 
0.8012838 
0.8019567 
0.8103335 
0.8097361 
0.8117764 
0.8174574 
0.8202148 
0.8100590 
0.8086649 
0.7892734 
0.7807926 
0.7751888 
0.7814323 
0.7862801 
0.7814683 
0.7941167 
0.7999398 
0.8089171 
0.8180863 
0.8237592 
0.8349246 
0.8300446 
0.8223253 
0.8189700 
0.8234800 
0.8128503 
0.8067387 
0.7999283 
0.7791740 
0.7752809 
0.7838324 
0.7989939 
0.7915447 
0.8027555 
0.8031880 
0.7912301 
0.7747996 
0.7759655 
0.7837497 
0.7848478 
0.7899514 
0.7914096 
0.7852637 
0.7950904 
0.7976152 
0.7996262 
0.8001293 
0.7933393 
0.7830700 
0.7784173 
0.7849860 
0.7948250 
0.7889963 
0.7789471 
0.7714982 
0.7678576 
0.7689351 
0.7729705 
0.7776691 
0.7757437 
0.7767913 
0.7710050 
0.7714343 
0.7746973 
0.7760157 
0.7769690 
0.7543313 
0.7427755 
0.7500388 
0.7615202 
0.7609589 
0.7772002 
0.7712594 
0.7675406 
0.7605762 
0.7704802 
0.7807749 
0.7867279 
0.7914303 
0.7963761 
0.7929113 
0.7994406 
0.7980393 
0.7938403 
0.7855613 
0.7769034 
0.7592046 
0.7579415 
0.7637656 
0.7637487 
0.7510138 
0.7535259 
0.7494950 
0.7652166 
0.7820753 
0.7825122 
0.7854653 
0.7918949 
0.7897741 
0.7905460 
0.7762377 
0.7728961 
0.7773263 
0.7770859 
0.7716151 
0.7806754 
0.7827095 
0.7859736 
0.7821944 
0.7800952 
0.7869450 
0.7898684 
0.7934996 
0.8026626 
0.8149196 
0.8185413 
0.8237908 
0.8309968 
0.8394922 
0.8260388 
0.8150199 
0.8100883 
0.8002315 
0.7966475 
0.7939737 
0.7859622 
0.7792193 
0.7798055 
0.7773102 
0.7672830 
0.7690370 
0.7756025 
0.7794598 
0.7972302 
0.8094086 
0.8173079 
0.8421271 
0.8636930 
0.8693394 
0.8714181 
0.8673862 
0.8704726 
0.8548856 
0.8418144 
0.8197665 
0.7938892 
0.7811484 
0.7705656 
0.7660905 
0.7696332 
0.7684079 
0.7583115 
0.7542823 
0.7658107 
0.7811350 
0.7915649 
0.8108999 
0.8210533 
0.8259695 
0.8378955 
0.8397881 
0.8333416 
0.8259351 
0.8075606 
0.7898102 
0.7814518 
0.7772737 
0.7792819 
0.7856357 
0.7897346 
0.7831884 
0.7837653 
0.7848709 
0.7850674 
0.7828381 
0.8031130 
0.8095395 
0.8252602 
0.8409581 
0.8547887 
0.8598870 
0.8631253 
0.8546449 
0.8420749 
0.8341534 
0.8239181 
0.8075054 
0.8066356 
0.7992435 
0.8001473 
0.7920657 
0.7961422 
0.8010860 
0.8096388 
0.8203379 
0.8270977 
0.8277464 
0.8262903 
0.8340023 
0.8244797 
0.8317644 
0.8317145 
0.8406712 
0.8417072 
0.8397723 
0.8304129 
0.8373859 
0.8190202 
0.8240437 
0.8302839 
0.8324514 
0.8355259 
0.8314921 
0.8251245 
0.8261545 
0.8226832 
0.8319572 
0.8365110 
0.8479761 
0.8616447 
0.8667146 
0.8659439 
0.8594870 
0.8520096 
0.8517046 
0.8489531 
0.8336002 
0.8415196 
0.8419987 
0.8312156 
0.8363687 
0.8234583 
0.8180203 
0.8144681 
0.8180212 
0.8182875 
0.8158951 
0.8172262 
0.8299941 
0.8403247 
0.8250830 
0.8153796 
0.8171971 
0.8220040 
0.8104687 
0.8118600 
0.8332862 
0.8258437 
0.8277658 
0.8318384 
0.8398648 
0.8377657 
0.8374095 
0.8347915 
0.8325330 
0.8354616 
0.8401453 
0.8376912 
0.8313475 
0.8332903 
0.8352905 
0.8446873 
0.8522435 
0.8546984 
0.8589114 
0.8480542 
0.8361182 
0.8383939 
0.8507125 
0.8543841 
0.8516354 
0.8614942 
0.8595731 
0.8593221 
0.8612648 
0.8497553 
0.8410429 
0.8389009 
0.8346860 
0.8307707 
0.8230669 
0.8289364 
0.8231862 
0.8327813 
0.8365717 
0.8433488 
0.8412868 
0.8461666 
0.8514663 
0.8438934 
0.8442905 
0.8578787 
0.8563777 
0.8499148 
0.8502849 
0.8516485 
0.8558995 
0.8614560 
0.8649940 
0.8704133 
0.8748077 
0.8755373 
0.8655642 
0.8521384 
0.8482277 
0.8392363 
0.8409314 
0.8404714 
0.8530705 
0.8589707 
0.8661109 
0.8767811 
0.8807384 
0.8788445 
0.8852196 
0.8733204 
0.8575772 
0.8595419 
0.8653666 
0.8640290 
0.8571979 
0.8524091 
0.8554052 
0.8621694 
0.8616404 
0.8671788 
0.8544168 
0.8602394 
0.8541276 
0.8435056 
0.8395688 
0.8450118 
0.8445293 
0.8532750 
0.8575865 
0.8612229 
0.8678991 
0.8785066 
0.8961514 
0.8936837 
0.8955688 
0.9027328 
0.8946183 
0.8734065 
0.8562814 
0.8406602 
0.8454414 
0.8388014 
0.8468198 
0.8489651 
0.8439519 
0.8410003 
0.8631896 
0.8764641 
0.8709746 
0.8678011 
0.8680904 
0.8692486 
0.8600571 
0.8672429 
0.8677500 
0.8615439 
0.8554907 
0.8493862 
0.8532060 
0.8391012 
0.8386524 
0.8369889 
0.8490659 
0.8476564 
0.8571652 
0.8722095 
0.8592985 
0.8591292 
0.8590953 
0.8557635 
0.8579045 
0.8527561 
0.8483475 
0.8381087 
0.8433015 
0.8378447 
0.8319828 
0.8445028 
0.8434957 
0.8443380 
0.8561693 
0.8653214 
0.8633789 
0.8589901 
0.8670047 
0.8663196 
0.8784440 
0.8856700 
0.8768468 
0.8860980 
0.8720387 
0.8710360 
0.8563433 
0.8515337 
0.8582851 
0.8553877 
0.8495677 
0.8521022 
0.8453791 
0.8505085 
0.8523814 
0.8576314 
0.8513915 
0.8584918 
0.8556858 
0.8613989 
0.8717013 
0.8666198 
0.8515965 
0.8457428 
0.8366494 
0.8252647 
0.8231858 
0.8282312 
0.8368288 
0.8364330 
0.8444430 
0.8475453 
0.8474134 
0.8476826 
0.8516800 
0.8471332 
0.8559133 
0.8733479 
0.8720964 
0.8633733 
0.8502009 
0.8509589 
0.8562566 
0.8589901 
0.8525862 
0.8474419 
0.8502078 
0.8524264 
0.8568186 
0.8552551 
0.8595162 
0.8677206 
0.8704591 
0.8511899 
0.8310854 
0.8272812 
0.8307106 
0.8179457 
0.8124384 
0.8005305 
0.8039708 
0.8021023 
0.8175840 
0.8301726 
0.8389851 
0.8590119 
0.8657726 
0.8729166 
0.8737879 
0.8678211 
0.8750066 
0.8620706 
0.8406910 
0.8218327 
0.8062467 
0.8079280 
0.8104163 
0.8359050 
0.8587579 
0.8900838 
0.9150443 
0.9228040 
0.9328868 
0.9373445 
0.9310023 
0.9271875 
0.9213879 
0.8977550 
0.8760265 
0.8476349 
0.8282952 
0.8253463 
0.8114174 
0.8028328 
0.8227701 
0.8614131 
0.8895315 
0.9053819 
0.9031192 
0.8970334 
0.8969831 
0.8918745 
0.9015633 
0.8821077 
0.8511835 
0.8322705 
0.8068063 
0.7879179 
0.7818978 
0.7948165 
0.8078769 
0.8325609 
0.8608622 
0.8906577 
0.9058031 
0.9131915 
0.9143803 
0.9264189 
0.9237657 
0.9140586 
0.8869133 
0.8433664 
0.8170524 
0.7998708 
0.7951138 
0.8014584 
0.8186803 
0.8444100 
0.8780014 
0.9083940 
0.9174954 
0.9255963 
0.9155119 
0.9072951 
0.9024524 
0.8908723 
0.8782416 
0.8635335 
0.8394209 
0.8213601 
0.8178078 
0.8309281 
0.8367846 
0.8563253 
0.8779085 
0.8992785 
0.9135491 
0.9172714 
0.9116487 
0.9055439 
0.8969130 
0.8964548 
0.8894398 
0.8758009 
0.8594952 
0.8541826 
0.8424857 
0.8449145 
0.8474376 
0.8608910 
0.8671134 
0.8727018 
0.8825595 
0.8806528 
0.8902762 
0.8701660 
0.8718757 
0.8678432 
0.8636714 
0.8634120 
0.8505204 
0.8639621 
0.8696066 
0.8596095 
0.8685254 
0.8801012 
0.8848937 
0.8831417 
0.8932003 
0.8880327 
0.8897245 
0.8920327 
0.8912526 
0.8889758 
0.8780160 
0.8534366 
0.8462680 
0.8251276 
0.8164125 
0.8158010 
0.8181981 
0.8088831 
0.8062600 
0.8092438 
0.8154390 
0.8171777 
0.8350690 
0.8357418 
0.8506335 
0.8517962 
0.8514883 
0.8417863 
0.8396096 
0.8398574 
0.8369766 
0.8259411 
0.8252218 
0.8249458 
0.8238357 
0.8168301 
0.8105623 
0.8051454 
0.8143465 
0.8255836 
0.8454159 
0.8593894 
0.8552261 
0.8584022 
0.8630844 
0.8593370 
0.8433900 
0.8374028 
0.8425482 
0.8388330 
0.8247874 
0.8243840 
0.8284384 
0.8421073 
0.8395361 
0.8475698 
0.8453007 
0.8427598 
0.8457577 
0.8381456 
0.8318187 
0.8335066 
0.8338457 
0.8382971 
0.8395915 
0.8467848 
0.8454292 
0.8455504 
0.8456856 
0.8576143 
0.8616609 
0.8622259 
0.8552963 
0.8513601 
0.8432662 
0.8293843 
0.8151572 
0.8102697 
0.8138038 
0.8174635 
0.8131084 
0.8173178 
0.8161811 
0.8133440 
0.8238244 
0.8276285 
0.8272285 
0.8289338 
0.8273558 
0.8210086 
0.8153567 
0.8112282 
0.8227831 
0.8224285 
0.8151475 
0.8089241 
0.8158504 
0.8142084 
0.8205453 
0.8166949 
0.8124744 
0.8036796 
0.8057117 
0.8142118 
0.8192649 
0.8190350 
0.8190302 
0.8172585 
0.8235239 
0.8173401 
0.8269873 
0.8262513 
0.8244511 
0.8248998 
0.8094764 
0.8031636 
0.8018938 
0.8031760 
0.8109135 
0.8224807 
0.8185836 
0.8223458 
0.8300923 
0.8370146 
0.8457492 
0.8513606 
0.8590316 
0.8828187 
0.8840054 
0.8794393 
0.8650076 
0.8470204 
0.8405428 
0.8408514 
0.8355663 
0.8242330 
0.8215146 
0.8164860 
0.8187343 
0.8187788 
0.8248788 
0.8331523 
0.8399672 
0.8437741 
0.8584952 
0.8562685 
0.8547386 
0.8507533 
0.8451296 
0.8275501 
0.8233412 
0.8092239 
0.7859785 
0.7870971 
0.7933034 
0.7864555 
0.7929663 
0.7992889 
0.8009856 
0.8074396 
0.8181684 
0.8300132 
0.8352033 
0.8378748 
0.8318247 
0.8325039 
0.8223759 
0.8114135 
0.8045322 
0.7944959 
0.7896524 
0.7846735 
0.7855740 
0.7758186 
0.7715412 
0.7598018 
0.7654568 
0.7782937 
0.7917185 
0.7793211 
0.7807543 
0.7784781 
0.7832036 
0.7832257 
0.7919057 
0.7871021 
0.7945571 
0.7938350 
0.7907560 
0.7906592 
0.7917132 
0.7901764 
0.7919429 
0.7890505 
0.7919314 
0.7836799 
0.8132121 
0.8307931 
0.8369630 
0.8248102 
0.8219247 
0.8190534 
0.8191244 
0.8184022 
0.8115910 
0.8091375 
0.8127854 
0.8130503 
0.8157705 
0.8051966 
0.7908220 
0.7752257 
0.7782703 
0.7803347 
0.7708372 
0.7544561 
0.7458884 
0.7545899 
0.7589554 
0.7657001 
0.7521461 
0.7588472 
0.7658009 
0.7714702 
0.7790591 
0.7771048 
0.7805336 
0.7803876 
0.7851067 
0.7905729 
0.7907325 
0.7908431 
0.7911830 
0.7943870 
0.7917822 
0.7882144 
0.7942758 
0.7955211 
0.7940552 
0.8000591 
0.7906033 
0.7970038 
0.7970367 
0.7947796 
0.7938752 
0.7909426 
0.7813052 
0.7774893 
0.7857636 
0.7812404 
0.7898973 
0.7834595 
0.7923356 
0.7878538 
0.7801983 
0.7829450 
0.7867214 
0.7925218 
0.7972638 
0.7984901 
0.7898007 
0.7814432 
0.7806048 
0.7797538 
0.7827487 
0.7835866 
0.7804275 
0.7692188 
0.7709892 
0.7738094 
0.7807116 
0.7815923 
0.7773656 
0.7718035 
0.7952402 
0.7981797 
0.7878980 
0.7824483 
0.7789341 
0.7770706 
0.7837416 
0.7847202 
0.7755154 
0.7630274 
0.7522206 
0.7484512 
0.7410870 
0.7521668 
0.7644602 
0.7825182 
0.7796122 
0.7811653 
0.7795355 
0.7780252 
0.7696089 
0.7646971 
0.7556538 
0.7533948 
0.7551332 
0.7553095 
0.7616239 
0.7729716 
0.7803735 
0.7863341 
0.7831317 
0.7772915 
0.7819841 
0.7840109 
0.7841572 
0.7910524 
0.7829448 
0.7832650 
0.7926389 
0.7865155 
0.7945569 
0.7950255 
0.8082774 
0.8030938 
0.7928956 
0.7776357 
0.7757652 
0.7740596 
0.7748622 
0.7798988 
0.7779103 
0.7800725 
0.7668791 
0.7687161 
0.7674494 
0.7721262 
0.7770437 
0.7659382 
0.7767344 
0.7753858 
0.7690074 
0.7685145 
0.7573044 
0.7602006 
0.7604948 
0.7572534 
0.7485723 
0.7537584 
0.7504634 
0.7627091 
0.7675914 
0.7665353 
0.7694280 
0.7634524 
0.7543103 
0.7580002 
0.7584105 
0.7556848 
0.7576120 
0.7714280 
0.7757324 
0.7848306 
0.7845113 
0.7741004 
0.7646627 
0.7594641 
0.7566999 
0.7604856 
0.7598004 
0.7632860 
0.7716415 
0.7715598 
0.7789789 
0.7822978 
0.7858323 
0.7841581 
0.7839056 
0.7664613 
0.7607685 
0.7461107 
0.7506236 
0.7521387 
0.7510731 
0.7547147 
0.7579630 
0.7525146 
0.7524104 
0.7523037 
0.7486851 
0.7476297 
0.7484506 
0.7461097 
0.7439037 
0.7470630 
0.7561398 
0.7553093 
0.7574586 
0.7702177 
0.7827011 
0.7788191 
0.7803649 
0.7751377 
0.7731762 
0.7702051 
0.7675638 
0.7660917 
0.7623062 
0.7742412 
0.7908093 
0.8066106 
0.8090115 
0.8161921 
0.8168537 
0.8092382 
0.7911281 
0.7813682 
0.7910128 
0.7860617 
0.7913745 
0.7921390 
0.7816955 
0.7714074 
0.7680290 
0.7605018 
0.7504979 
0.7422939 
0.7403900 
0.7407370 
0.7361514 
0.7409623 
0.7407685 
0.7509103 
0.7538343 
0.7581130 
0.7531114 
0.7526463 
0.7441928 
0.7444841 
0.7409478 
0.7393848 
0.7449162 
0.7486661 
0.7571746 
0.7468888 
0.7335549 
0.7244661 
0.7147064 
0.7046868 
0.7043816 
0.7122429 
0.7187715 
0.7150690 
0.7185702 
0.7181590 
0.7182642 
0.7153851 
0.7189325 
0.7202048 
0.7278404 
0.7509195 
0.7513718 
0.7564460 
0.7740934 
0.7821323 
0.7852992 
0.7830398 
0.7781753 
0.7641945 
0.7567628 
0.7490499 
0.7364177 
0.7400484 
0.7364660 
0.7352013 
0.7332310 
0.7385802 
0.7508025 
0.7590311 
0.7623464 
0.7575727 
0.7582319 
0.7646844 
0.7534253 
0.7409374 
0.7442867 
0.7331487 
0.7282086 
0.7265014 
0.7257631 
0.7355387 
0.7369313 
0.7434092 
0.7455690 
0.7537778 
0.7487526 
0.7490924 
0.7461281 
0.7422556 
0.7412114 
0.7485827 
0.7447081 
0.7566606 
0.7619232 
0.7654058 
0.7601017 
0.7600243 
0.7491301 
0.7499876 
0.7501133 
0.7291498 
0.7172468 
0.7026600 
0.6988454 
0.7004910 
0.7062196 
0.7237031 
0.7292074 
0.7344005 
0.7408318 
0.7417580 
0.7480731 
0.7461828 
0.7398715 
0.7327816 
0.7304856 
0.7432087 
0.7394929 
0.7339726 
0.7258825 
0.7242938 
0.7152587 
0.7143451 
0.7060353 
0.7040098 
0.7097649 
0.7177008 
0.7185570 
0.7040583 
0.7012649 
0.6878905 
0.6845298 
0.6853730 
0.7235924 
0.7039039 
0.6893991 
0.6912775 
0.6960369 
0.7213459 
0.7303297 
0.7432929 
0.7496973 
0.7519064 
0.7446426 
0.7354041 
0.7180488 
0.6736477 
0.6637404 
0.6661914 
0.6666252 
0.6701202 
0.6820903 
0.6974189 
0.7130165 
0.7211427 
0.7228849 
0.7159926 
0.7056069 
0.6866668 
0.6746741 
0.6725153 
0.6728783 
0.6813479 
0.6906359 
0.6994117 
0.7079376 
0.7176623 
0.7217322 
0.7248119 
0.7245063 
0.7249855 
0.7202986 
0.7166190 
0.7176045 
0.7178152 
0.7224603 
0.7286602 
0.7243051 
0.7115016 
0.7037090 
0.7031346 
0.7126087 
0.7096453 
0.7165445 
0.7218307 
0.7261409 
0.7283441 
0.7028744 
0.6874988 
0.6838665 
0.6718663 
0.6637364 
0.6649847 
0.6760619 
0.6666737 
0.6770367 
0.6949563 
0.7120063 
0.7273445 
0.7284412 
0.7008803 
0.6851068 
0.6612550 
0.6418734 
0.6373999 
0.6377048 
0.6322448 
0.6329063 
0.6434950 
0.6446338 
0.6572710 
0.6890620 
0.7120459 
0.7050415 
0.6941405 
0.6867522 
0.6744905 
0.6623807 
0.6479995 
0.6329880 
0.6296429 
0.6334455 
0.6481236 
0.6596439 
0.6838932 
0.7057598 
0.7160746 
0.7323315 
0.7309268 
0.7141223 
0.6905193 
0.6702091 
0.6491998 
0.6394563 
0.6383163 
0.6257309 
0.6322492 
0.6574656 
0.6807432 
0.6982006 
0.7140909 
0.7251842 
0.7258032 
0.7309675 
0.7233424 
0.7151013 
0.7023597 
0.6912425 
0.6796882 
0.6848277 
0.6821094 
0.6764301 
0.6903826 
0.7018116 
0.7077330 
0.7118660 
0.7180651 
0.7161539 
0.7134825 
0.7107680 
0.6946699 
0.6751819 
0.6597552 
0.6513518 
0.6490752 
0.6643364 
0.6656892 
0.6603636 
0.6628195 
0.6624659 
0.6608880 
0.6673069 
0.6726198 
0.6665119 
0.6620211 
0.6548337 
0.6542055 
0.6485596 
0.6498343 
0.6460880 
0.6483438 
0.6518660 
0.6451346 
0.6446891 
0.6389711 
0.6437625 
0.6587091 
0.6711265 
0.6758121 
0.6773445 
0.6854244 
0.6876823 
0.6908747 
0.6916819 
0.6886991 
0.6953741 
0.6953239 
0.6987359 
0.6939046 
0.6894175 
0.6823669 
0.6845070 
0.6867390 
0.6896597 
0.6948064 
0.6942981 
0.6983594 
0.6909153 
0.6840701 
0.6859539 
0.6846355 
0.6814743 
0.6733679 
0.6695257 
0.6669815 
0.6637828 
0.6695878 
0.6722975 
0.6677491 
0.6752062 
0.6782843 
0.6808100 
0.6794092 
0.6877732 
0.7011290 
0.7038089 
0.7110695 
0.7240666 
0.7273596 
0.7263788 
0.7042685 
0.6760675 
0.6847471 
0.6899240 
0.6905625 
0.6947719 
0.6901950 
0.6940514 
0.6972669 
0.6976145 
0.7046505 
0.6977525 
0.6906962 
0.6785553 
0.6677656 
0.6625718 
0.6623721 
0.6591245 
0.6585102 
0.6600841 
0.6622961 
0.6566867 
0.6617283 
0.6601195 
0.6630616 
0.6727693 
0.6737596 
0.6753296 
0.6838132 
0.6844639 
0.6791761 
0.6711173 
0.6732902 
0.6763426 
0.6775472 
0.6776975 
0.6737016 
0.6651132 
0.6635673 
0.6628096 
0.6624617 
0.6657158 
0.6767340 
0.6714646 
0.6655336 
0.6691760 
0.6650788 
0.6575340 
0.6571232 
0.6505470 
0.6531090 
0.6542146 
0.6605983 
0.6561546 
0.6569783 
0.6539023 
0.6435475 
0.6399431 
0.6512424 
0.6481344 
0.6502152 
0.6503738 
0.6481226 
0.6431799 
0.6435763 
0.6353746 
0.6284013 
0.6309707 
0.6264096 
0.6240011 
0.6193252 
0.6372737 
0.6416947 
0.6380695 
0.6513934 
0.6472765 
0.6349331 
0.6334844 
0.6361069 
0.6371518 
0.6407286 
0.6383742 
0.6402764 
0.6329462 
0.6370156 
0.6411269 
0.6407699 
0.6446842 
0.6449658 
0.6463650 
0.6512293 
0.6527989 
0.6468527 
0.6497144 
0.6461125 
0.6442344 
0.6375920 
0.6305546 
0.6240803 
0.6214735 
0.6162212 
0.6225464 
0.6199194 
0.6229361 
0.6262137 
0.6308408 
0.6228775 
0.6251242 
0.6268417 
0.6329889 
0.6332737 
0.6365931 
0.6378280 
0.6389807 
0.6381924 
0.6425299 
0.6329088 
0.6253939 
0.6278422 
0.6282081 
0.6518717 
0.6495196 
0.6486508 
0.6456380 
0.6371539 
0.6309471 
0.6394530 
0.6367468 
0.6297980 
0.6336668 
0.6327246 
0.6319619 
0.6287337 
0.6284561 
0.6267427 
0.6212964 
0.6073962 
0.6042529 
0.6033374 
0.6103723 
0.6084153 
0.6031615 
0.6020897 
0.5928166 
0.5962465 
0.5968456 
0.6062929 
0.6145875 
0.6205776 
0.6163426 
0.6170021 
0.6139815 
0.6058142 
0.6002606 
0.6040645 
0.6133168 
0.6137512 
0.6158500 
0.6150596 
0.6078164 
0.6067164 
0.6035412 
0.5999200 
0.6039469 
0.5998361 
0.5970586 
0.6010809 
0.5993565 
0.6003073 
0.6135917 
0.6184877 
0.6236302 
0.6284246 
0.6230513 
0.6175103 
0.6100175 
0.6068819 
0.6064198 
0.6160091 
0.6267599 
0.6205609 
0.6256540 
0.6205453 
0.6200882 
0.6188652 
0.6014395 
0.6042407 
0.5888480 
0.5891482 
0.5955191 
0.6006932 
0.6036103 
0.6027592 
0.6212419 
0.6122161 
0.6056708 
0.6026840 
0.5967614 
0.5960028 
0.6019131 
0.6010835 
0.6030894 
0.6162215 
0.6245832 
0.6222771 
0.6253320 
0.6204907 
0.6152856 
0.6152431 
0.6008557 
0.6023056 
0.6004678 
0.6003133 
0.6078617 
0.6155425 
0.6262790 
0.6331599 
0.6302198 
0.6297961 
0.6175089 
0.6007812 
0.5931600 
0.5916079 
0.5794553 
0.5876004 
0.6040402 
0.6056680 
0.6120558 
0.6175892 
0.6091580 
0.6061412 
0.5984063 
0.5908276 
0.5895692 
0.5907538 
0.5977497 
0.6040099 
0.6114174 
0.6235898 
0.6321973 
0.6358349 
0.6286944 
0.6201464 
0.6092228 
0.6055575 
0.5971513 
0.5939103 
0.5992482 
0.6013139 
0.6069941 
0.6162878 
0.6188730 
0.6177378 
0.6157100 
0.6100594 
0.5905493 
0.5789068 
0.5656178 
0.5716696 
0.5747034 
0.5775476 
0.5818390 
0.5804098 
0.5841727 
0.5813632 
0.5835445 
0.5803712 
0.5830222 
0.5796653 
0.5748434 
0.5739273 
0.5696650 
0.5661898 
0.5589723 
0.5658061 
0.5691735 
0.5713480 
0.5677145 
0.5528720 
0.5563290 
0.5623335 
0.5696098 
0.5738457 
0.5747498 
0.5792301 
0.5747952 
0.5676322 
0.5596149 
0.5592698 
0.5638651 
0.5660279 
0.5601078 
0.5589633 
0.5722358 
0.5644619 
0.5580281 
0.5577939 
0.5583183 
0.5489351 
0.5522021 
0.5443278 
0.5510240 
0.5514824 
0.5586638 
0.5635383 
0.5616611 
0.5585470 
0.5571092 
0.5606677 
0.5588077 
0.5650800 
0.5613420 
0.5533702 
0.5573072 
0.5559980 
0.5574531 
0.5536636 
0.5579270 
0.5611301 
0.5588370 
0.5517821 
0.5510509 
0.5505682 
0.5492459 
0.5486232 
0.5513909 
0.5474458 
0.5424832 
0.5423914 
0.5497672 
0.5484604 
0.5506863 
0.5521285 
0.5582252 
0.5702772 
0.5667747 
0.5717900 
0.5771671 
0.5696070 
0.5625152 
0.5630475 
0.5622936 
0.5634154 
0.5606192 
0.5604615 
0.5624765 
0.5602823 
0.5567709 
0.5512122 
0.5631087 
0.5675907 
0.5846986 
0.5951565 
0.5955814 
0.5921858 
0.5948191 
0.5914415 
0.5898463 
0.5802956 
0.5775821 
0.5704147 
0.5726371 
0.5801829 
0.5848246 
0.5844738 
0.5811577 
0.5792219 
0.5837439 
0.5970503 
0.6014454 
0.6083796 
0.5988169 
0.5982375 
0.5897582 
0.5905234 
0.5915359 
0.5946374 
0.5937452 
0.5876267 
0.5840906 
0.5837146 
0.5842984 
0.5977982 
0.6070002 
0.6090747 
0.6113374 
0.6067967 
0.6096545 
0.6031044 
0.5885401 
0.5787740 
0.5734799 
0.5776648 
0.5859182 
0.5875252 
0.5935070 
0.5955318 
0.5947697 
0.5854284 
0.5838437 
0.5827308 
0.5822570 
0.5794140 
0.5742044 
0.5636696 
0.5393535 
0.5397228 
0.5386384 
0.5410801 
0.5500790 
0.5559786 
0.5645079 
0.5745449 
0.5772287 
0.5743873 
0.5794106 
0.5756068 
0.5663980 
0.5660752 
0.5636180 
0.5676577 
0.5668078 
0.5732817 
0.5741390 
0.5843090 
0.5745734 
0.5608485 
0.5470760 
0.5302172 
0.5152921 
0.5150946 
0.5177636 
0.5395807 
0.5406936 
0.5431851 
0.5380956 
0.5416142 
0.5346576 
0.5155467 
0.5176519 
0.5355215 
0.5391946 
0.5496219 
0.5550012 
0.5515726 
0.5479996 
0.5418520 
0.5294425 
0.5226796 
0.5225119 
0.5226724 
0.5164398 
0.5169621 
0.5252164 
0.5281125 
0.5223951 
0.5130853 
0.5042037 
0.5002235 
0.4896266 
0.4841834 
0.4865606 
0.4965391 
0.5040334 
0.5129653 
0.5237187 
0.5257456 
0.5173748 
0.5214711 
0.5198275 
0.5199348 
0.5183396 
0.5175364 
0.5068051 
0.4903946 
0.4888352 
0.4842964 
0.4815495 
0.4825783 
0.4866346 
0.4842165 
0.4804894 
0.4857986 
0.4885220 
0.4859399 
0.4823086 
0.4921724 
0.5004216 
0.4987095 
0.5099264 
0.5015188 
0.5043824 
0.4964933 
0.4965587 
0.4819481 
0.4843041 
0.4930302 
0.4923501 
0.4842085 
0.4798259 
0.4832120 
0.4903149 
0.4844711 
0.4915857 
0.4832902 
0.4896840 
0.4935753 
0.4943808 
0.4962302 
0.5036254 
0.4994661 
0.5000191 
0.5015160 
0.5020774 
0.4996860 
0.5014865 
0.5024280 
0.5065035 
0.4940755 
0.4799631 
0.4813306 
0.4923562 
0.4988695 
0.5083763 
0.5152977 
0.5206238 
0.5240242 
0.5205100 
0.5246516 
0.5177791 
0.5133390 
0.5185548 
0.5110865 
0.5145327 
0.5136765 
0.5160880 
0.5141342 
0.5115968 
0.5055529 
0.5075182 
0.5102644 
0.4994943 
0.4899561 
0.4910628 
0.4894394 
0.4883430 
0.5035767 
0.5079318 
0.5045832 
0.5036389 
0.5100217 
0.5177494 
0.5173817 
0.5135647 
0.5188438 
0.5159209 
0.5166903 
0.5090307 
0.5015364 
0.5075949 
0.5053502 
0.5045354 
0.5093877 
0.5097319 
0.5091606 
0.5049251 
0.5077377 
0.5158245 
0.5244668 
0.5237996 
0.5282712 
0.5332299 
0.5178426 
0.5107023 
0.5000290 
0.4990752 
0.4998901 
0.4964412 
0.4990288 
0.5143026 
0.5135554 
0.5057018 
0.4931080 
0.4874264 
0.4898559 
0.4914287 
0.5014361 
0.5096005 
0.5056965 
0.5019614 
0.4834338 
0.4798466 
0.4769922 
0.4755669 
0.4790953 
0.4890954 
0.4958458 
0.4920408 
0.4888104 
0.4798677 
0.4854100 
0.4911316 
0.4886493 
0.4930248 
0.4935802 
0.4897498 
0.4908388 
0.4903540 
0.4819853 
0.4770087 
0.4741043 
0.4680006 
0.4761348 
0.4687790 
0.4596328 
0.4563015 
0.4469997 
0.4599343 
0.4663780 
0.4653803 
0.4709445 
0.4740250 
0.4754951 
0.4873886 
0.4806675 
0.4843681 
0.4870046 
0.4901483 
0.4925513 
0.4864344 
0.4898797 
0.4884080 
0.4841998 
0.4856345 
0.4796300 
0.4827101 
0.4765651 
0.4661118 
0.4733463 
0.4708825 
0.4659072 
0.4679905 
0.4686960 
0.4641095 
0.4598367 
0.4470631 
0.4298031 
0.4263371 
0.4332219 
0.4346074 
0.4322365 
0.4447588 
0.4444627 
0.4418143 
0.4428912 
0.4396905 
0.4379245 
0.4321629 
0.4235452 
0.4251079 
0.4271936 
0.4285631 
0.4205649 
0.4177710 
0.4151346 
0.4143216 
0.4183706 
0.4194672 
0.4248640 
0.4270173 
0.4277856 
0.4220661 
0.4269151 
0.4385744 
0.4558887 
0.4556569 
0.4677065 
0.4648374 
0.4610549 
0.4476611 
0.4467940 
0.4424657 
0.4337235 
0.4401161 
0.4488597 
0.4494144 
0.4454881 
0.4489626 
0.4568407 
0.4490126 
0.4434905 
0.4431553 
0.4413193 
0.4340283 
0.4313563 
0.4266671 
0.4297272 
0.4214557 
0.4247874 
0.4260925 
0.4243815 
0.4381293 
0.4415394 
0.4421015 
0.4499096 
0.4477762 
0.4491234 
0.4404740 
0.4426373 
0.4354047 
0.4312528 
0.4332112 
0.4254454 
0.4194771 
0.4205608 
0.4206565 
0.4200776 
0.4208002 
0.4163650 
0.4125492 
0.4135405 
0.4180876 
0.4163025 
0.4304493 
0.4337002 
0.4436035 
0.4564087 
0.4650983 
0.4655508 
0.4624728 
0.4537516 
0.4434904 
0.4334822 
0.4274874 
0.4216206 
0.4146110 
0.4168478 
0.4191169 
0.4212779 
0.4317929 
0.4357420 
0.4380207 
0.4393693 
0.4394367 
0.4292680 
0.4295781 
0.4279677 
0.4355161 
0.4449299 
0.4523504 
0.4530194 
0.4509723 
0.4625948 
0.4611224 
0.4555365 
0.4543804 
0.4426724 
0.4336648 
0.4301580 
0.4444647 
0.4363635 
0.4304025 
0.4193229 
0.4201959 
0.4157111 
0.4186063 
0.4122946 
0.3972114 
0.3897802 
0.3935143 
0.3983302 
0.3885008 
0.3939682 
0.3996258 
0.4076718 
0.4137564 
0.4214253 
0.4185504 
0.4235346 
0.4162883 
0.4099185 
0.4122221 
0.4029111 
0.4045710 
0.3998167 
0.4069492 
0.4110218 
0.4128854 
0.3987778 
0.4010094 
0.4045886 
0.3992843 
0.3964877 
0.3921889 
0.3977695 
0.4000194 
0.3955617 
0.3898923 
0.3882086 
0.3946100 
0.3858648 
0.3792412 
0.3835538 
0.3803480 
0.3978080 
0.4066193 
0.4096925 
0.4224196 
0.4255352 
0.4289781 
0.4276807 
0.4227646 
0.4159229 
0.4110493 
0.4087969 
0.4093793 
0.4135198 
0.4107873 
0.4008699 
0.3983992 
0.3966388 
0.3820685 
0.3883387 
0.3901012 
0.3810822 
0.3856020 
0.3882280 
0.3970684 
0.3924045 
0.3726717 
0.3698998 
0.3712981 
0.3683115 
0.3688368 
0.3663899 
0.3540835 
0.3493741 
0.3386575 
0.3481162 
0.3495768 
0.3509062 
0.3619788 
0.3541714 
0.3534702 
0.3583867 
0.3523920 
0.3601664 
0.3573299 
0.3579497 
0.3669246 
0.3590770 
0.3622581 
0.3641886 
0.3555765 
0.3559856 
0.3589108 
0.3571615 
0.3584253 
0.3557416 
0.3526417 
0.3567554 
0.3564327 
0.3525684 
0.3539943 
0.3574756 
0.3521669 
0.3517690 
0.3481384 
0.3402529 
0.3466075 
0.3408853 
0.3444554 
0.3516253 
0.3548142 
0.3557257 
0.3561669 
0.3521645 
0.3390311 
0.3513623 
0.3474275 
0.3479724 
0.3524716 
0.3615014 
0.3709543 
0.3747569 
0.3752771 
0.3736987 
0.3711539 
0.3677160 
0.3701558 
0.3654655 
0.3675868 
0.3663433 
0.3622289 
0.3583434 
0.3536149 
0.3499314 
0.3561978 
0.3554059 
0.3487846 
0.3451190 
0.3534121 
0.3410579 
0.3382534 
0.3264332 
0.3255598 
0.3099606 
0.2979204 
0.2849241 
0.2927425 
0.2868614 
0.2897122 
0.2857513 
0.2816133 
0.2878345 
0.2907354 
0.2968516 
0.2977552 
0.3001349 
0.3081181 
0.3114635 
0.3092831 
0.3237276 
0.3340249 
0.3301996 
0.3331574 
0.3318393 
0.3304878 
0.3287655 
0.3225889 
0.3307003 
0.3220171 
0.3267411 
0.3187516 
0.3281207 
0.3254570 
0.3293712 
0.3240786 
0.3324037 
0.3389860 
0.3448725 
0.3532203 
0.3579801 
0.3701500 
0.3631890 
0.3256237 
0.3187601 
0.3205216 
0.3104066 
0.3068433 
0.3052043 
0.2978549 
0.2942070 
0.2891868 
0.2858888 
0.2799725 
0.2803361 
0.2792521 
0.2703525 
0.2701999 
0.2778542 
0.2716405 
0.2750045 
0.2808430 
0.2833289 
0.2868348 
0.2923705 
0.2914829 
0.2915944 
0.2906430 
0.3020887 
0.3154387 
0.3243368 
0.3309754 
0.3344695 
0.3472426 
0.3513047 
0.3432468 
0.3433743 
0.3358448 
0.3333192 
0.3321467 
0.3365006 
0.3406681 
0.3405703 
0.3355270 
0.3336865 
0.3358652 
0.3418316 
0.3404275 
0.3318098 
0.3260416 
0.3121421 
0.3018965 
0.3001852 
0.3054626 
0.2983459 
0.2772442 
0.2679009 
0.2649269 
0.2696452 
0.2654523 
0.2557947 
0.2578855 
0.2521242 
0.2604491 
0.2624238 
0.2621497 
0.2619087 
0.2531901 
0.2584978 
0.2539150 
0.2596285 
0.2571162 
0.2633511 
0.2647917 
0.2735607 
0.2750447 
0.2733797 
0.2721620 
0.2835838 
0.2929497 
0.3014364 
0.2980862 
0.3118099 
0.3184578 
0.3273563 
0.3360952 
0.3387258 
0.3384624 
0.3392897 
0.3304527 
0.3210024 
0.3075551 
0.3038873 
0.2972180 
0.2931720 
0.2819096 
0.2751912 
0.2715773 
0.2685951 
0.2594807 
0.2539774 
0.2496250 
0.2468412 
0.2394695 
0.2378277 
0.2437131 
0.2377379 
0.2367257 
0.2605069 
0.2373424 
0.2434698 
0.2495933 
0.2483700 
0.2506468 
0.2515516 
0.2508341 
0.2541220 
0.2559251 
0.2555389 
0.2589249 
0.2537105 
0.2520670 
0.2567125 
0.2544865 
0.2554822 
0.2695865 
0.2900960 
0.2904858 
0.2733329 
0.2638473 
0.2660020 
0.2598384 
0.2641941 
0.2545082 
0.2562990 
0.2605782 
0.2630188 
0.2661810 
0.2748800 
0.2789326 
0.2744756 
0.2753046 
0.2714849 
0.2677301 
0.2680001 
0.2633843 
0.2621016 
0.2632596 
0.2636574 
0.2735832 
0.2707185 
0.2705782 
0.2704646 
0.2555502 
0.2572276 
0.2556419 
0.2599568 
0.2497739 
0.2415281 
0.2418642 
0.2359427 
0.2401614 
0.2383370 
0.2300183 
0.2266357 
0.2310471 
0.2264749 
0.2264849 
0.2306355 
0.2235432 
0.2293831 
0.2316756 
0.2296260 
0.2070402 
0.2001910 
0.2039342 
0.1987991 
0.1934158 
0.1871078 
0.1835599 
0.1843069 
0.1863756 
0.1859697 
0.1895208 
0.1855792 
0.1883866 
0.1986962 
0.2037760 
0.2088955 
0.2249389 
0.2206283 
0.2261926 
0.2373121 
0.2485945 
0.2630611 
0.2689337 
0.2676251 
0.2681205 
0.2748667 
0.2774483 
0.2733142 
0.2716694 
0.2658789 
0.2487953 
0.2489589 
0.2508985 
0.2524856 
0.2680681 
0.2697571 
0.2602717 
0.2584107 
0.2635130 
0.2671988 
0.2613072 
0.2601914 
0.2476950 
0.2387625 
0.2304252 
0.2214385 
0.2177434 
0.2110510 
0.2045725 
0.2099649 
0.1939023 
0.1923906 
0.1865023 
0.1820151 
0.1840558 
0.1821113 
0.1845804 
0.1764640 
0.1816217 
0.1856829 
0.1887512 
0.1924769 
0.1985809 
0.2026919 
0.2094676 
0.2203713 
0.2212565 
0.2324505 
0.2350549 
0.2449726 
0.2565157 
0.2675561 
0.2722980 
0.2741283 
0.2683820 
0.2653120 
0.2568373 
0.2407472 
0.2313725 
0.2217183 
0.2174618 
0.2113090 
0.1957490 
0.1958626 
0.1984938 
0.1940922 
0.2005530 
0.2051023 
0.2022395 
0.2022706 
0.2036030 
0.2207734 
0.2216705 
0.2208703 
0.2290526 
0.2275657 
0.2308936 
0.2371648 
0.2369774 
0.2371225 
0.2345223 
0.2387444 
0.2260435 
0.2241547 
0.2185648 
0.2174386 
0.2101100 
0.2066254 
0.2102758 
0.2178847 
0.2215925 
0.2077272 
0.2065145 
0.2203860 
0.2324305 
0.2453942 
0.2534784 
0.2493336 
0.2455441 
0.2447198 
0.2447088 
0.2426418 
0.2444432 
0.2412704 
0.2406548 
0.2384194 
0.2252373 
0.2290570 
0.2234996 
0.2081961 
0.2006903 
0.1949682 
0.1948889 
0.1942554 
0.1942463 
0.1940003 
0.1983399 
0.1851969 
0.1755742 
0.1621611 
0.1548351 
0.1507087 
0.1480809 
0.1235275 
0.1082678 
0.0980492 
0.1001713 
0.0887683 
0.0840800 
0.0868377 
0.0891327 
0.0890176 
0.0885788 
0.0974752 
0.1049828 
0.1231131 
0.1541988 
0.1855936 
0.2151644 
0.2315874 
0.2539378 
0.2688215 
0.2822892 
0.2873280 
0.2943736 
0.3008687 
0.2997207 
0.2916015 
0.2797999 
0.2767918 
0.2623032 
0.2571716 
0.2598007 
0.2483382 
0.2353126 
0.2176518 
0.2076291 
0.1907964 
0.1736802 
0.1588600 
0.1435488 
0.1290895 
0.1109078 
0.1064881 
0.1171131 
0.1125636 
0.1132538 
0.1212484 
0.1231143 
0.1279303 
0.1190955 
0.1051171 
0.0988725 
0.0823908 
0.0671320 
0.0447598 
0.0412609 
0.0302718 
0.0231531 
0.0323511 
0.0331073 
0.0326533 
0.0412929 
0.0535241 
0.0553214 
0.0566309 
0.0556980 
0.0576849 
0.0671663 
0.0652104 
0.0696247 
0.0662306 
0.0701015 
0.0866788 
0.1135845 
0.1372370 
0.1661968 
0.1971634 
0.2262025 
0.2653964 
0.2867991 
0.3089774 
0.3251918 
0.3482006 
0.3536078 
0.3614558 
0.3589053 
0.3478899 
0.3266898 
0.2974033 
0.2665178 
0.2416016 
0.2060769 
0.1782222 
0.1540044 
0.1384606 
0.1272296 
0.1213742 
0.1105734 
0.1081565 
0.1044224 
0.1012890 
0.0898379 
0.0759668 
0.0663555 
0.0568104 
0.0416313 
0.0261409 
0.0103292 
0.0017436 
0.0017831 
0.0010337 
0.0000000 
0.0067205 
0.0098899 
0.0115260 
0.0240420 
0.0297590 
0.0366688 
0.0352659 
0.0394786 
0.0422197 
0.0406934 
0.0433403 
0.0563851 
0.0721901 
0.0902387 
0.0995356 
0.1112289 
0.1111765 
0.1216651 
0.1241794 
0.1269337 
0.1403785 
0.1423144 
0.1534270 
0.1715654 
0.1809344 
0.1940209 
0.2117019 
0.2282348 
0.2432031 
0.2599800 
0.2743676 
0.2930555 
0.3047875 
0.3149106 
0.3076580 
0.2947604 
0.2808677 
0.2611811 
0.2461916 
0.2347893 
0.2241811 
0.2131928 
0.1989518 
0.1900120 
0.1901669 
0.1851199 
0.1725772 
0.1597885 
0.1433093 
0.1284155 
0.1108584 
0.0951966 
0.0770671 
0.0553253 
0.0471572 
0.0332784 
0.0190374 
0.0122229 
0.0037370 
0.0009204 
0.0063111 
0.0019988 
0.0084928 
0.0137575 
0.0210644 
0.0189814 
0.0237547 
0.0444637 
0.0514863 
0.0551331 
0.0663951 
0.0690647 
0.0792612 
0.0894824 
0.0993630 
0.1078869 
0.1142638 
0.1294924 
0.1302862 
0.1370008 
0.1409421 
0.1464815 
0.1461891 
0.1437497 
0.1407600 
0.1416728 
0.1360413 
0.1295865 
0.1233361 
0.1266252 
0.1235739 
0.1264320 
0.1241647 
0.1262768 
0.1312553 
0.1372391 
0.1511421 
0.1562666 
0.1557455 
0.1610311 
0.1674318 
0.1737030 
0.1820937 
0.1755524 
0.1635123 
0.1522258 
0.1341376 
0.1273744 
0.1044369 
0.0906074 
0.0726592 
0.0613971 
0.0514433 
0.0417969 
0.0343711 
0.0312473 
0.0286349 
0.0442911 
0.0426742 
0.0307100 
0.0283386 
0.0261177 
0.0268082 
0.0255030 
0.0257719 
0.0248597 
0.0309613 
0.0278340 
0.0225898 
0.0294012 
0.0294860 
0.0326569 
0.0430148 
0.0332110 
0.0384953 
0.0415018 
0.0533688 
0.0614031 
0.0777435 
0.0773949 
0.0971354 
0.0985132 
0.1112889 
0.1202598 
0.1262417 
0.1290956 
0.1362398 
0.1490395 
0.1482767 
0.1567479 
0.1596270 
0.1696438 
0.1503553 
0.1516747 
0.1570738 
0.1631001 
0.1699876 
0.1736164 
0.1843389 
0.1858757 
0.1854542 
0.1913452 
0.1869287 
