-0.0001564 
-0.0000908 
0.0001548 
0.2724930 
0.0483053 
-0.2587993 
0.9687245 
0.9675425 
0.9692242 
0.9701943 
0.9731318 
0.9749777 
0.9706661 
0.9762414 
0.9694875 
0.9703718 
0.9778115 
0.9735446 
0.9667258 
0.9757252 
0.9783553 
0.9728301 
0.9831285 
0.9785216 
0.9732527 
0.9765508 
0.9773617 
0.9836287 
0.9762092 
0.9794913 
0.9844612 
0.9814704 
0.9799507 
0.9904663 
0.9956925 
1.0000000 
0.9933225 
0.9930328 
0.9945601 
0.9976344 
0.9960425 
0.9961636 
0.9965989 
0.9909645 
0.9861055 
0.9822043 
0.9847725 
0.9791804 
0.9893198 
0.9878535 
0.9836848 
0.9841446 
0.9865845 
0.9843589 
0.9874778 
0.9819132 
0.9813460 
0.9812897 
0.9803127 
0.9865441 
0.9888310 
0.9886625 
0.9893188 
0.9927124 
0.9957359 
0.9939613 
0.9860237 
0.9799047 
0.9686405 
0.9757601 
0.9693526 
0.9761319 
0.9728591 
0.9758737 
0.9765522 
0.9900835 
0.9858248 
0.9879250 
0.9838250 
0.9751711 
0.9806267 
0.9784026 
0.9803275 
0.9791293 
0.9713390 
0.9661027 
0.9668047 
0.9700960 
0.9626468 
0.9608565 
0.9514724 
0.9540016 
0.9515369 
0.9468387 
0.9456362 
0.9443545 
0.9442981 
0.9475845 
0.9545168 
0.9577934 
0.9520533 
0.9456392 
0.9488086 
0.9525090 
0.9534290 
0.9575431 
0.9620969 
0.9583310 
0.9617577 
0.9571326 
0.9583211 
0.9596068 
0.9687832 
0.9628269 
0.9537737 
0.9523074 
0.9539164 
0.9563295 
0.9590989 
0.9575229 
0.9632373 
0.9662155 
0.9612448 
0.9566996 
0.9676293 
0.9645501 
0.9677268 
0.9627963 
0.9570982 
0.9635685 
0.9610936 
0.9623726 
0.9607242 
0.9687042 
0.9724917 
0.9736430 
0.9758898 
0.9748080 
0.9746464 
0.9826657 
0.9824898 
0.9691863 
0.9775201 
0.9784180 
0.9820107 
0.9810176 
0.9765981 
0.9768591 
0.9740672 
0.9755404 
0.9811996 
0.9833699 
0.9766014 
0.9689045 
0.9670877 
0.9699549 
0.9644733 
0.9710091 
0.9766766 
0.9859663 
0.9801787 
0.9757624 
0.9754386 
0.9679284 
0.9624746 
0.9771195 
0.9771624 
0.9692929 
0.9693654 
0.9791475 
0.9761557 
0.9752057 
0.9721804 
0.9737827 
0.9604979 
0.9624689 
0.9589645 
0.9605986 
0.9528812 
0.9518540 
0.9554241 
0.9600093 
0.9599811 
0.9600215 
0.9579921 
0.9670255 
0.9654023 
0.9650663 
0.9660768 
0.9732163 
0.9709280 
0.9676970 
0.9696523 
0.9667300 
0.9597741 
0.9645927 
0.9629487 
0.9643219 
0.9611498 
0.9601457 
0.9566070 
0.9551364 
0.9516032 
0.9513599 
0.9497490 
0.9475071 
0.9602131 
0.9576462 
0.9542195 
0.9401334 
0.9341752 
0.9467703 
0.9465842 
0.9415835 
0.9358794 
0.9379039 
0.9408454 
0.9370443 
0.9350032 
0.9451158 
0.9550393 
0.9547661 
0.9511421 
0.9515182 
0.9499332 
0.9462838 
0.9559716 
0.9642398 
0.9542691 
0.9483152 
0.9503718 
0.9551238 
0.9602229 
0.9556424 
0.9648802 
0.9586466 
0.9531457 
0.9541911 
0.9575134 
0.9606408 
0.9640160 
0.9565659 
0.9617651 
0.9478042 
0.9524102 
0.9487296 
0.9532655 
0.9564571 
0.9614041 
0.9545647 
0.9506544 
0.9633054 
0.9507294 
0.9475812 
0.9522647 
0.9499070 
0.9521190 
0.9529220 
0.9544475 
0.9507781 
0.9503299 
0.9590961 
0.9584173 
0.9524776 
0.9414820 
0.9382540 
0.9390841 
0.9399279 
0.9427207 
0.9421041 
0.9434640 
0.9448972 
0.9432547 
0.9500802 
0.9453694 
0.9477047 
0.9514211 
0.9527969 
0.9434526 
0.9451234 
0.9419371 
0.9413742 
0.9428079 
0.9391974 
0.9414145 
0.9390775 
0.9402398 
0.9396557 
0.9421692 
0.9427108 
0.9396691 
0.9468013 
0.9399829 
0.9333464 
0.9340032 
0.9428196 
0.9433397 
0.9343884 
0.9334675 
0.9329062 
0.9385610 
0.9401882 
0.9337975 
0.9277946 
0.9409440 
0.9492156 
0.9378956 
0.9363071 
0.9353761 
0.9341605 
0.9411554 
0.9433259 
0.9471677 
0.9540286 
0.9512514 
0.9566027 
0.9523616 
0.9511715 
0.9571160 
0.9587448 
0.9562219 
0.9477251 
0.9534127 
0.9547082 
0.9523306 
0.9543950 
0.9514778 
0.9407607 
0.9487292 
0.9500435 
0.9469322 
0.9513870 
0.9490432 
0.9543100 
0.9511151 
0.9509477 
0.9492226 
0.9478586 
0.9453681 
0.9405918 
0.9431931 
0.9436455 
0.9424189 
0.9460601 
0.9531796 
0.9571840 
0.9515991 
0.9508750 
0.9468218 
0.9411817 
0.9405632 
0.9457727 
0.9494215 
0.9468314 
0.9331276 
0.9333124 
0.9343909 
0.9337404 
0.9353041 
0.9322399 
0.9360535 
0.9488122 
0.9477482 
0.9402369 
0.9393368 
0.9365880 
0.9382096 
0.9401043 
0.9426564 
0.9403741 
0.9379655 
0.9327661 
0.9319918 
0.9373369 
0.9386945 
0.9387868 
0.9391503 
0.9356742 
0.9324084 
0.9330534 
0.9310425 
0.9293730 
0.9278505 
0.9262012 
0.9212950 
0.9162415 
0.9177760 
0.9150983 
0.9121985 
0.9127457 
0.9097158 
0.9055965 
0.9130959 
0.9131692 
0.9204887 
0.9215627 
0.9206858 
0.9239614 
0.9128128 
0.9144367 
0.9170325 
0.9185362 
0.9109704 
0.9279830 
0.9289556 
0.9367748 
0.9352605 
0.9399235 
0.9341865 
0.9342959 
0.9368484 
0.9338652 
0.9455159 
0.9332052 
0.9357794 
0.9400728 
0.9358478 
0.9387330 
0.9363062 
0.9383541 
0.9439431 
0.9446455 
0.9448773 
0.9404928 
0.9387305 
0.9400388 
0.9373544 
0.9389242 
0.9501130 
0.9559347 
0.9541022 
0.9485597 
0.9540115 
0.9496896 
0.9496700 
0.9558741 
0.9542017 
0.9524267 
0.9468700 
0.9431313 
0.9541799 
0.9580162 
0.9566357 
0.9573357 
0.9565765 
0.9507251 
0.9420764 
0.9362368 
0.9331225 
0.9405639 
0.9359801 
0.9377417 
0.9291195 
0.9379423 
0.9428029 
0.9319438 
0.9347716 
0.9372257 
0.9365666 
0.9297962 
0.9423579 
0.9374916 
0.9282582 
0.9290446 
0.9260663 
0.9206524 
0.9173424 
0.9178087 
0.9206864 
0.9213108 
0.9196725 
0.9222527 
0.9217766 
0.9256662 
0.9201149 
0.9212325 
0.9211973 
0.9227198 
0.9184168 
0.9182385 
0.9171992 
0.9131672 
0.9121506 
0.9192756 
0.9180864 
0.9162558 
0.9132874 
0.9192450 
0.9198496 
0.9171335 
0.9125494 
0.9146614 
0.9166371 
0.9131968 
0.9266962 
0.9152140 
0.9211514 
0.9211017 
0.9234625 
0.9204842 
0.9192309 
0.9201491 
0.9181371 
0.9204570 
0.9181414 
0.9180704 
0.9171537 
0.9174624 
0.9149279 
0.9124153 
0.9121136 
0.9147230 
0.9123576 
0.9043660 
0.9140716 
0.9105424 
0.9098667 
0.9069327 
0.9137916 
0.9143798 
0.9183846 
0.9173141 
0.9216516 
0.9217299 
0.9237557 
0.9375657 
0.9395078 
0.9467264 
0.9430366 
0.9361079 
0.9326931 
0.9356777 
0.9299341 
0.9290955 
0.9312769 
0.9253834 
0.9256182 
0.9250999 
0.9271090 
0.9454022 
0.9387884 
0.9411966 
0.9422834 
0.9437166 
0.9480613 
0.9548994 
0.9503508 
0.9504003 
0.9576771 
0.9526842 
0.9594178 
0.9481650 
0.9480016 
0.9526266 
0.9536817 
0.9539105 
0.9342224 
0.9440767 
0.9472227 
0.9446841 
0.9496808 
0.9402010 
0.9373118 
0.9332284 
0.9395616 
0.9377143 
0.9338257 
0.9297072 
0.9299141 
0.9299086 
0.9335031 
0.9257031 
0.9290334 
0.9320126 
0.9271079 
0.9155151 
0.9193756 
0.9271370 
0.9254073 
0.9140522 
0.9089486 
0.9080925 
0.9102334 
0.9131826 
0.9105621 
0.9035119 
0.9074115 
0.9067436 
0.9026981 
0.9070342 
0.9134905 
0.9089632 
0.9097645 
0.8970420 
0.8998401 
0.9018686 
0.9003583 
0.8929424 
0.9025523 
0.8964518 
0.9004755 
0.8979615 
0.9014692 
0.9022475 
0.9007234 
0.8987160 
0.9039981 
0.9007628 
0.9007112 
0.9075861 
0.9031449 
0.8975669 
0.9019601 
0.9081279 
0.9084554 
0.9144458 
0.9086268 
0.9084784 
0.9046795 
0.9041978 
0.9079048 
0.9049157 
0.9087748 
0.9128582 
0.9110747 
0.9143903 
0.9104283 
0.9186409 
0.9227338 
0.9212293 
0.9240129 
0.9221411 
0.9237920 
0.9279727 
0.9145311 
0.9191173 
0.9312493 
0.9296627 
0.9282007 
0.9151981 
0.9123526 
0.9205752 
0.9275400 
0.9215747 
0.9217629 
0.9308691 
0.9189220 
0.9127749 
0.9065018 
0.9123341 
0.9185225 
0.9142027 
0.9162328 
0.9101776 
0.9094996 
0.9146367 
0.9200050 
0.9166061 
0.9167432 
0.9146104 
0.9064910 
0.9056697 
0.9025336 
0.8998098 
0.9181484 
0.9191143 
0.9124856 
0.9152364 
0.9145920 
0.9123573 
0.9133519 
0.9059246 
0.9137828 
0.9165810 
0.9127068 
0.9121917 
0.9054857 
0.9061855 
0.8986564 
0.8998069 
0.8954282 
0.8950672 
0.8938782 
0.8977361 
0.8915104 
0.8934427 
0.8907011 
0.8958944 
0.8965021 
0.8891080 
0.8927850 
0.8944956 
0.8931038 
0.8912995 
0.8898023 
0.8955972 
0.8905436 
0.8869122 
0.8911764 
0.8943359 
0.8906611 
0.8837776 
0.8850250 
0.8792754 
0.8783607 
0.8770674 
0.8783415 
0.8795142 
0.8735322 
0.8738796 
0.8880217 
0.8804739 
0.8832722 
0.8747481 
0.8798949 
0.8788890 
0.8797181 
0.8832659 
0.8816852 
0.8775539 
0.8786842 
0.8784180 
0.8768187 
0.8830478 
0.8821918 
0.8862565 
0.8764504 
0.8784216 
0.8803617 
0.8733019 
0.8744866 
0.8712640 
0.8752068 
0.8757847 
0.8828032 
0.8838692 
0.8874999 
0.8903017 
0.8874125 
0.8832266 
0.8855334 
0.8813749 
0.8785749 
0.8854609 
0.8838225 
0.8853791 
0.8927261 
0.8974820 
0.9025587 
0.8998050 
0.8952081 
0.8976473 
0.8998126 
0.8996396 
0.8937231 
0.8891305 
0.8921817 
0.8955285 
0.8955897 
0.9032615 
0.9008794 
0.9080251 
0.8977651 
0.9011992 
0.9024630 
0.9009305 
0.8966740 
0.9091409 
0.9035293 
0.9021373 
0.9066560 
0.9039392 
0.9016110 
0.9040322 
0.9116798 
0.9094304 
0.9084435 
0.9030164 
0.9110643 
0.9101396 
0.9115110 
0.8941233 
0.9080753 
0.8994645 
0.9017934 
0.9061608 
0.9028115 
0.8950746 
0.8980623 
0.9020128 
0.9011512 
0.9121809 
0.9105178 
0.9130654 
0.9048458 
0.9101224 
0.9084489 
0.9067982 
0.9096049 
0.9104133 
0.9054486 
0.9019367 
0.9095032 
0.9052143 
0.9091354 
0.9019370 
0.9068859 
0.9099556 
0.8972287 
0.8969351 
0.9050838 
0.8948341 
0.9038045 
0.8989422 
0.9017906 
0.9020728 
0.9038590 
0.9041342 
0.9037970 
0.9044622 
0.9011545 
0.9031227 
0.8877144 
0.8989759 
0.8974104 
0.8999447 
0.8934050 
0.9014734 
0.8972618 
0.8949073 
0.8903109 
0.8979905 
0.8940024 
0.9006438 
0.8979851 
0.9069791 
0.8965333 
0.8950127 
0.8879880 
0.9039709 
0.8978091 
0.9062662 
0.9093028 
0.9029457 
0.8996453 
0.9055182 
0.9009522 
0.9015419 
0.9057134 
0.8935651 
0.8948991 
0.8987026 
0.8922461 
0.8939731 
0.8959087 
0.9028978 
0.9018881 
0.8972729 
0.9015310 
0.8936661 
0.8978724 
0.8930202 
0.8957983 
0.8925840 
0.9032798 
0.9004165 
0.9022137 
0.9078796 
0.8984891 
0.8797917 
0.8910759 
0.9025171 
0.8883127 
0.8874803 
0.8967821 
0.8974139 
0.8951496 
0.8998111 
0.8888322 
0.8878090 
0.8964152 
0.8905717 
0.8912065 
0.8914531 
0.8929334 
0.8899895 
0.8844930 
0.8872361 
0.8882782 
0.8872301 
0.8950733 
0.8969942 
0.8890574 
0.8957950 
0.8977605 
0.8937259 
0.8941358 
0.8845010 
0.8922374 
0.8948566 
0.8901714 
0.8939208 
0.8955066 
0.9001785 
0.9020269 
0.8982558 
0.8976799 
0.9028830 
0.9098671 
0.8998099 
0.9036421 
0.9087052 
0.9069170 
0.9059358 
0.9042272 
0.8993658 
0.9057638 
0.9027710 
0.8986784 
0.8982690 
0.8968971 
0.8973719 
0.8926385 
0.8888147 
0.8920790 
0.8929026 
0.8879768 
0.8894827 
0.8891912 
0.8809327 
0.8802673 
0.8696550 
0.8775212 
0.8763676 
0.8699404 
0.8655258 
0.8676534 
0.8611502 
0.8598895 
0.8570811 
0.8507965 
0.8550398 
0.8508997 
0.8462501 
0.8459180 
0.8437973 
0.8531797 
0.8570971 
0.8574563 
0.8579957 
0.8572417 
0.8593393 
0.8544810 
0.8554646 
0.8582792 
0.8560487 
0.8591150 
0.8596129 
0.8593270 
0.8624855 
0.8682217 
0.8781323 
0.8785096 
0.8782280 
0.8771070 
0.8820848 
0.8790509 
0.8775835 
0.8749381 
0.8773874 
0.8774740 
0.8912507 
0.8881728 
0.8894099 
0.8928886 
0.8906656 
0.8858704 
0.8838880 
0.8803460 
0.8811870 
0.8807360 
0.8814942 
0.8801868 
0.8782745 
0.8713328 
0.8825590 
0.8801882 
0.8856624 
0.8902738 
0.8870510 
0.8810611 
0.8645518 
0.8782943 
0.8617121 
0.8585750 
0.8590719 
0.8603124 
0.8597007 
0.8566796 
0.8561863 
0.8622587 
0.8572610 
0.8566293 
0.8611860 
0.8557681 
0.8630489 
0.8564954 
0.8612220 
0.8585344 
0.8587123 
0.8610941 
0.8644980 
0.8628726 
0.8662160 
0.8675911 
0.8767911 
0.8745033 
0.8753224 
0.8687021 
0.8715119 
0.8693968 
0.8700315 
0.8694187 
0.8751074 
0.8748080 
0.8688697 
0.9047473 
0.9043811 
0.9001351 
0.8850248 
0.8809646 
0.8756911 
0.8691694 
0.8758893 
0.8748772 
0.8732774 
0.8731332 
0.8666211 
0.8648628 
0.8586288 
0.8526195 
0.8517702 
0.8511124 
0.8457983 
0.8490007 
0.8575178 
0.8591711 
0.8583216 
0.8580550 
0.8509716 
0.8497759 
0.8502188 
0.8523564 
0.8512086 
0.8539105 
0.8590622 
0.8583498 
0.8607279 
0.8610376 
0.8554174 
0.8563173 
0.8527171 
0.8525651 
0.8537672 
0.8518851 
0.8500279 
0.8522196 
0.8513793 
0.8484503 
0.8496130 
0.8514563 
0.8532242 
0.8584430 
0.8559109 
0.8502233 
0.8549824 
0.8567195 
0.8535372 
0.8567272 
0.8532493 
0.8578424 
0.8486416 
0.8449387 
0.8394226 
0.8441246 
0.8488874 
0.8511957 
0.8569288 
0.8534707 
0.8573641 
0.8508916 
0.8503747 
0.8496245 
0.8488264 
0.8550410 
0.8536823 
0.8605430 
0.8544312 
0.8544413 
0.8630209 
0.8646903 
0.8649878 
0.8664161 
0.8687142 
0.8689164 
0.8689522 
0.8770637 
0.8680633 
0.8667073 
0.8687550 
0.8625689 
0.8603707 
0.8577105 
0.8526970 
0.8485791 
0.8454540 
0.8430954 
0.8422581 
0.8414164 
0.8468733 
0.8453764 
0.8528989 
0.8552350 
0.8587615 
0.8641825 
0.8647589 
0.8631853 
0.8588331 
0.8593395 
0.8603867 
0.8646447 
0.8595692 
0.8582389 
0.8571322 
0.8566142 
0.8670161 
0.8618270 
0.8532422 
0.8543318 
0.8597529 
0.8590090 
0.8566778 
0.8514436 
0.8482473 
0.8381122 
0.8365779 
0.8380984 
0.8366966 
0.8364111 
0.8324224 
0.8326565 
0.8304532 
0.8227694 
0.8153339 
0.8159304 
0.8078146 
0.8073988 
0.8076561 
0.8022411 
0.8177988 
0.8150584 
0.8111741 
0.8187703 
0.8206702 
0.8234526 
0.8221595 
0.8189063 
0.8226915 
0.8197511 
0.8076529 
0.8139293 
0.8188864 
0.8006862 
0.8080146 
0.8143348 
0.8264200 
0.8301908 
0.8257033 
0.8242440 
0.8225261 
0.8267775 
0.8225026 
0.8222965 
0.8069498 
0.8076829 
0.7974028 
0.8056018 
0.8090773 
0.8029875 
0.8071641 
0.8022888 
0.8091965 
0.7983766 
0.7847614 
0.7772361 
0.7667206 
0.7886027 
0.8055732 
0.8356515 
0.8418833 
0.8338945 
0.8273945 
0.8294278 
0.8181332 
0.8231710 
0.8115295 
0.8008093 
0.7993757 
0.7942171 
0.7951961 
0.7918294 
0.7908255 
0.7839052 
0.7738588 
0.7803908 
0.7746661 
0.7827609 
0.7820026 
0.7857016 
0.7696304 
0.7541706 
0.7529681 
0.7492179 
0.7631314 
0.7750432 
0.7863623 
0.8231369 
0.8367424 
0.8227239 
0.8257018 
0.8242302 
0.8180889 
0.8230777 
0.8158641 
0.8311630 
0.8474846 
0.8674183 
0.8775895 
0.8899766 
0.8963787 
0.9031973 
0.9105351 
0.9000972 
0.9091618 
0.9082554 
0.9033768 
0.8936925 
0.8907497 
0.8790086 
0.8588393 
0.8585657 
0.8454654 
0.8393828 
0.8176000 
0.8051422 
0.7995423 
0.7828137 
0.7857067 
0.7894796 
0.7875938 
0.7832114 
0.7816077 
0.7883405 
0.7910974 
0.7965385 
0.7916096 
0.7994107 
0.8050934 
0.8020229 
0.8140023 
0.8190705 
0.8199588 
0.8204535 
0.8341479 
0.8302305 
0.8225070 
0.8118728 
0.8121463 
0.8078374 
0.8037916 
0.8040636 
0.7987870 
0.7996486 
0.7973047 
0.7974876 
0.7934498 
0.7920558 
0.7901766 
0.7892970 
0.7913669 
0.7836658 
0.7932226 
0.7889078 
0.7829517 
0.7721191 
0.7705233 
0.7650067 
0.7583791 
0.7663443 
0.7447576 
0.7465025 
0.7523000 
0.7432896 
0.7501868 
0.7473891 
0.7452950 
0.7533468 
0.7575846 
0.7557871 
0.7583634 
0.7618838 
0.7561885 
0.7562152 
0.7666793 
0.7664722 
0.7678756 
0.7663660 
0.7845836 
0.7901717 
0.7817772 
0.7859929 
0.7795752 
0.7813754 
0.7785723 
0.7753790 
0.7705894 
0.7725130 
0.7734736 
0.7766066 
0.7726056 
0.7668643 
0.7652421 
0.7508142 
0.7538823 
0.7542874 
0.7499514 
0.7417470 
0.7445711 
0.7414458 
0.7386454 
0.7422279 
0.7428351 
0.7423740 
0.7406648 
0.7408396 
0.7432249 
0.7453384 
0.7477546 
0.7533816 
0.7544031 
0.7412238 
0.7578205 
0.7576225 
0.7586706 
0.7582060 
0.7661764 
0.7602436 
0.7582526 
0.7471809 
0.7445764 
0.7439258 
0.7278490 
0.7253116 
0.7170130 
0.7121946 
0.7033215 
0.6954726 
0.6940672 
0.6769369 
0.6638148 
0.6712936 
0.6556480 
0.6601872 
0.6612835 
0.6606818 
0.6520507 
0.6547436 
0.6501890 
0.6503400 
0.6449673 
0.6540131 
0.6601096 
0.6479590 
0.6530694 
0.6525312 
0.6473658 
0.6508969 
0.6490454 
0.6591101 
0.6509939 
0.6646400 
0.6619130 
0.6667339 
0.6581253 
0.6561811 
0.6615744 
0.6629237 
0.6596666 
0.6597257 
0.6710272 
0.6683214 
0.6723704 
0.6623887 
0.6698820 
0.6806604 
0.6931003 
0.6924451 
0.6968965 
0.6932000 
0.6904584 
0.6818984 
0.6728257 
0.6659481 
0.6647326 
0.6657974 
0.6544624 
0.6458896 
0.6356470 
0.6287665 
0.6246297 
0.6231884 
0.6078701 
0.5987919 
0.5920273 
0.5968181 
0.6072140 
0.6020663 
0.6015059 
0.5910235 
0.5897285 
0.5916358 
0.5909554 
0.6041538 
0.6083534 
0.6157691 
0.6063035 
0.6029990 
0.5995096 
0.6005843 
0.5939299 
0.5982893 
0.5949314 
0.5940561 
0.5542706 
0.5633487 
0.5577643 
0.5677053 
0.5726137 
0.5718630 
0.5882445 
0.5986158 
0.6181962 
0.6309288 
0.6627046 
0.6756055 
0.6853963 
0.6826215 
0.6742833 
0.6783237 
0.6767767 
0.6854124 
0.6871846 
0.6843329 
0.6940984 
0.6800204 
0.6908723 
0.6843911 
0.6883805 
0.6738069 
0.6489047 
0.6493732 
0.6286031 
0.6482978 
0.6390358 
0.6545850 
0.6383612 
0.6383960 
0.6281808 
0.6185088 
0.6085798 
0.6008659 
0.5973104 
0.6035585 
0.6089398 
0.6009401 
0.5860516 
0.6003058 
0.5969731 
0.6017236 
0.6065755 
0.5997466 
0.6084487 
0.6067090 
0.5953182 
0.5829754 
0.5961466 
0.5907139 
0.5860103 
0.5826326 
0.5750709 
0.5636934 
0.5657338 
0.5522574 
0.5622230 
0.5604904 
0.5451634 
0.5516066 
0.5595760 
0.5483362 
0.5512635 
0.5657102 
0.5717107 
0.5696241 
0.5657267 
0.5551635 
0.5652555 
0.5686617 
0.5705528 
0.5773003 
0.5809725 
0.5797471 
0.5817782 
0.6083423 
0.6100964 
0.6130741 
0.6209274 
0.6294721 
0.6296930 
0.6305408 
0.6194676 
0.6278892 
0.6270899 
0.6362099 
0.6243544 
0.6193083 
0.6051028 
0.6109188 
0.5910130 
0.5793412 
0.5607732 
0.5549793 
0.5406358 
0.5293364 
0.5315606 
0.5226359 
0.5240489 
0.5215135 
0.5229013 
0.5249358 
0.5285791 
0.5225953 
0.4875137 
0.4880788 
0.4871846 
0.4836832 
0.4843457 
0.4871162 
0.4884834 
0.4757579 
0.4852535 
0.4946849 
0.4965007 
0.5118035 
0.5107088 
0.5170461 
0.5209377 
0.5095221 
0.5348887 
0.5201745 
0.5048785 
0.5157110 
0.5169610 
0.5247142 
0.5162789 
0.5140496 
0.5157679 
0.5177131 
0.5149666 
0.5140847 
0.5140223 
0.5060545 
0.5115422 
0.5188189 
0.4995089 
0.5176053 
0.5215917 
0.5153034 
0.5091471 
0.5017869 
0.5048791 
0.5088352 
0.5080588 
0.4938544 
0.5004327 
0.4927567 
0.4856335 
0.4931007 
0.4935367 
0.4812159 
0.4747981 
0.4936247 
0.4830640 
0.4749847 
0.4823432 
0.4792740 
0.4623716 
0.4563890 
0.4508433 
0.4489732 
0.4539305 
0.4435297 
0.4529314 
0.4460764 
0.4434311 
0.4442268 
0.4413366 
0.4463117 
0.4436017 
0.4454656 
0.4387711 
0.4385231 
0.4486302 
0.4399775 
0.4453101 
0.4536993 
0.4437359 
0.4367631 
0.4499232 
0.4359094 
0.4397058 
0.4479317 
0.4257686 
0.4380456 
0.4528609 
0.4264921 
0.4246587 
0.4103500 
0.4173765 
0.4101072 
0.4088928 
0.4031157 
0.4070017 
0.4026135 
0.3880110 
0.3935703 
0.3804746 
0.3963353 
0.4123734 
0.3955038 
0.3987056 
0.3850095 
0.3898374 
0.3961390 
0.3891677 
0.3859106 
0.3843201 
0.3800825 
0.3901091 
0.3912973 
0.3843432 
0.3717973 
0.3746281 
0.3842329 
0.3731809 
0.3728007 
0.3776151 
0.3673380 
0.3614240 
0.3702636 
0.3559889 
0.3650590 
0.3632310 
0.3378191 
0.3458986 
0.3382309 
0.3509717 
0.3510994 
0.3534920 
0.3607026 
0.3524172 
0.3367107 
0.3481298 
0.3428653 
0.3423439 
0.3396671 
0.3533403 
0.3539385 
0.3375653 
0.3550317 
0.3464180 
0.3354125 
0.3434489 
0.3483904 
0.3350095 
0.3449857 
0.3384335 
0.3479631 
0.3341488 
0.3471975 
0.3345674 
0.3405819 
0.3362951 
0.3402226 
0.3245749 
0.3366114 
0.3274164 
0.3373990 
0.3333717 
0.3478515 
0.3400755 
0.3565877 
0.3416614 
0.3446693 
0.3347284 
0.3570931 
0.3455310 
0.3493159 
0.3469068 
0.3470432 
0.3573811 
0.3502785 
0.3509504 
0.3542875 
0.3512715 
0.3522213 
0.3478077 
0.3514405 
0.3398855 
0.3498800 
0.3538303 
0.3615140 
0.3604748 
0.3559999 
0.3548713 
0.3432269 
0.3188767 
0.2942716 
0.2909926 
0.2970260 
0.2868742 
0.2974047 
0.2824441 
0.2909706 
0.2764459 
0.2881777 
0.2930147 
0.2883042 
0.2913076 
0.2839572 
0.2788269 
0.2871254 
0.2832981 
0.2804765 
0.2760783 
0.2849592 
0.2935808 
0.2807065 
0.2845748 
0.2850375 
0.2794455 
0.2818350 
0.2868898 
0.2768096 
0.2884343 
0.2662934 
0.2667222 
0.2522901 
0.2666981 
0.2690181 
0.2774044 
0.2747291 
0.2709276 
0.2698773 
0.2712920 
0.2765566 
0.2662602 
0.2738483 
0.2548357 
0.2691909 
0.2667173 
0.2682153 
0.2616055 
0.2590605 
0.2531600 
0.2516438 
0.2573598 
0.2543843 
0.2578690 
0.2572905 
0.2483092 
0.2353288 
0.2429215 
0.2397359 
0.2430418 
0.2282331 
0.2387000 
0.2320133 
0.2138841 
0.2161797 
0.2271558 
0.2139831 
0.2198991 
0.2088660 
0.2185209 
0.2181428 
0.2042162 
0.2234780 
0.2318505 
0.2107114 
0.1984793 
0.2135933 
0.2124554 
0.2101018 
0.2064069 
0.2072814 
0.1943110 
0.2063279 
0.1986485 
0.2044695 
0.1921967 
0.1945276 
0.2022194 
0.2023265 
0.1983831 
0.2044319 
0.2004393 
0.2031005 
0.2032277 
0.2045923 
0.2027761 
0.2303020 
0.2559858 
0.2649684 
0.2131906 
0.1943086 
0.1906523 
0.1932555 
0.1914305 
0.1904697 
0.1735825 
0.1843192 
0.1972334 
0.1790275 
0.1830851 
0.1786283 
0.1899440 
0.1609757 
0.1750916 
0.1858063 
0.1906081 
0.1791052 
0.1755034 
0.1700646 
0.1813807 
0.1779543 
0.1912660 
0.1737391 
0.1801712 
0.1764420 
0.1677441 
0.1732164 
0.1747522 
0.1786980 
0.1714705 
0.1678809 
0.1566607 
0.1651512 
0.1655777 
0.1671167 
0.1651200 
0.1623670 
0.1634792 
0.1763880 
0.1576350 
0.1596234 
0.1602333 
0.1697909 
0.1551106 
0.1636833 
0.1596165 
0.1501351 
0.1617023 
0.1518333 
0.1565312 
0.1490841 
0.1405745 
0.1240715 
0.1375192 
0.1504806 
0.1491694 
0.1459840 
0.1522131 
0.1495767 
0.1450458 
0.1481979 
0.1341231 
0.1348573 
0.1370177 
0.1291345 
0.1248534 
0.1411211 
0.1456797 
0.1418621 
0.1560052 
0.1583744 
0.1435674 
0.1343026 
0.1423868 
0.1421624 
0.1310918 
0.1356727 
0.1299303 
0.1271295 
0.1218786 
0.1184148 
0.1097533 
0.1138571 
0.1109197 
0.1063919 
0.1215455 
0.1096639 
0.1091992 
0.1070645 
0.1097169 
0.0921284 
0.0880148 
0.0792857 
0.0694254 
0.0732887 
0.0809750 
0.0733863 
0.0867059 
0.0861677 
0.0756400 
0.0774207 
0.0696845 
0.0781092 
0.0761371 
0.0651032 
0.0713039 
0.0735885 
0.0717878 
0.0680815 
0.0580912 
0.0709844 
0.0690455 
0.0676089 
0.0696486 
0.0683008 
0.0661454 
0.0420784 
0.0686960 
0.0519573 
0.0497079 
0.0570041 
0.0559529 
0.0527613 
0.0687256 
0.0588920 
0.0590088 
0.0587566 
0.0559155 
0.0534667 
0.0474298 
0.0519175 
0.0413264 
0.0517906 
0.0454593 
0.0362173 
0.0442742 
0.0588682 
0.0546687 
0.0452806 
0.0551472 
0.0546393 
0.0559511 
0.0393238 
0.0354775 
0.0397923 
0.0478210 
0.0331827 
0.0353358 
0.0445202 
0.0446514 
0.0418324 
0.0319842 
0.0457711 
0.0389701 
0.0502521 
0.0512471 
0.0283818 
0.0211940 
0.0266105 
0.0302269 
0.0269909 
0.0314850 
0.0218277 
0.0103822 
0.0112401 
0.0166972 
0.0198864 
0.0297399 
0.0170591 
0.0154792 
0.0248715 
0.0334640 
0.0284312 
0.0132175 
0.0008882 
0.0076791 
0.0032688 
0.0116402 
0.0000000 
0.0164185 
0.0253037 
0.0301439 
