-0.0001853 
0.0000472 
-0.0001208 
-0.3037388 
-0.0175546 
0.5060594 
0.9934318 
0.9883583 
0.9872097 
0.9945313 
0.9942696 
0.9929172 
0.9899891 
0.9930534 
0.9844836 
0.9877022 
0.9988528 
1.0000000 
0.9919870 
0.9854071 
0.9842913 
0.9774494 
0.9757766 
0.9816158 
0.9792935 
0.9860216 
0.9855594 
0.9826669 
0.9797452 
0.9725807 
0.9729564 
0.9770078 
0.9781241 
0.9832326 
0.9909728 
0.9883624 
0.9819723 
0.9766108 
0.9750372 
0.9748251 
0.9807772 
0.9802322 
0.9833022 
0.9795082 
0.9777773 
0.9782166 
0.9715613 
0.9702398 
0.9725752 
0.9718080 
0.9681736 
0.9668061 
0.9608267 
0.9583994 
0.9583046 
0.9553828 
0.9491213 
0.9519920 
0.9585438 
0.9563930 
0.9495359 
0.9438335 
0.9447464 
0.9480337 
0.9492334 
0.9455740 
0.9454960 
0.9459195 
0.9448873 
0.9399056 
0.9350908 
0.9360208 
0.9379907 
0.9387205 
0.9372441 
0.9384534 
0.9363057 
0.9374873 
0.9375134 
0.9353388 
0.9367251 
0.9408820 
0.9371593 
0.9311297 
0.9283697 
0.9271609 
0.9288461 
0.9251994 
0.9279284 
0.9258873 
0.9313446 
0.9300307 
0.9220559 
0.9224019 
0.9131889 
0.9165418 
0.9133780 
0.9093363 
0.9148254 
0.9079502 
0.9082636 
0.9061820 
0.8994747 
0.9026088 
0.8975622 
0.8898854 
0.8865968 
0.8872318 
0.8898721 
0.8933139 
0.8923778 
0.8935105 
0.8957768 
0.8893261 
0.8829296 
0.8856764 
0.8866581 
0.8902591 
0.8944063 
0.8961827 
0.8957901 
0.8885037 
0.8865832 
0.8827225 
0.8859308 
0.8912459 
0.8887684 
0.8861367 
0.8875394 
0.8857603 
0.8868059 
0.8884352 
0.8924236 
0.8930868 
0.8883823 
0.8847250 
0.8862484 
0.8900815 
0.8854205 
0.8881765 
0.8898125 
0.8877826 
0.8878775 
0.8799096 
0.8705873 
0.8750917 
0.8779926 
0.8818128 
0.8791169 
0.8723856 
0.8694037 
0.8633157 
0.8629805 
0.8619674 
0.8641942 
0.8626861 
0.8598013 
0.8645240 
0.8614114 
0.8642302 
0.8624808 
0.8650899 
0.8649131 
0.8665580 
0.8653989 
0.8638884 
0.8653617 
0.8725237 
0.8677742 
0.8705477 
0.8668526 
0.8629607 
0.8632979 
0.8639064 
0.8634570 
0.8632770 
0.8601315 
0.8644914 
0.8581354 
0.8552003 
0.8514454 
0.8460956 
0.8481186 
0.8548382 
0.8561942 
0.8509335 
0.8497782 
0.8475488 
0.8482965 
0.8432679 
0.8362563 
0.8390656 
0.8394834 
0.8381810 
0.8419702 
0.8414134 
0.8376212 
0.8391148 
0.8348978 
0.8340077 
0.8322186 
0.8294285 
0.8251623 
0.8340121 
0.8365409 
0.8380939 
0.8301059 
0.8269230 
0.8271780 
0.8277561 
0.8216519 
0.8201158 
0.8188439 
0.8196034 
0.8203481 
0.8209632 
0.8214967 
0.8180070 
0.8158753 
0.8126927 
0.8164714 
0.8191819 
0.8212169 
0.8208704 
0.8205672 
0.8300314 
0.8367616 
0.8296045 
0.8265097 
0.8195995 
0.8213015 
0.8190152 
0.8124825 
0.8123706 
0.8129336 
0.8093287 
0.8092126 
0.8023105 
0.8047491 
0.8064422 
0.8089658 
0.8100814 
0.8098891 
0.8051355 
0.7933638 
0.7948119 
0.7976301 
0.7967768 
0.7995823 
0.7976885 
0.8002971 
0.7985549 
0.8002147 
0.7975510 
0.7898141 
0.7966657 
0.7987667 
0.7960464 
0.7984503 
0.7987468 
0.7941713 
0.7907632 
0.7835707 
0.7830631 
0.7832965 
0.7839412 
0.7848358 
0.7887309 
0.7864925 
0.7839200 
0.7854820 
0.7760094 
0.7752799 
0.7766170 
0.7813511 
0.7835818 
0.7819983 
0.7811435 
0.7766496 
0.7723639 
0.7706617 
0.7695179 
0.7805444 
0.7819878 
0.7809329 
0.7821278 
0.7803939 
0.7780832 
0.7731280 
0.7729589 
0.7735900 
0.7766280 
0.7740987 
0.7726492 
0.7714802 
0.7794402 
0.7776202 
0.7742244 
0.7761229 
0.7761579 
0.7772203 
0.7791926 
0.7755855 
0.7703632 
0.7631793 
0.7630410 
0.7589736 
0.7571780 
0.7591649 
0.7648031 
0.7671521 
0.7642600 
0.7627118 
0.7600476 
0.7642717 
0.7683782 
0.7637083 
0.7661035 
0.7665158 
0.7664857 
0.7667700 
0.7691477 
0.7691112 
0.7665385 
0.7616294 
0.7628065 
0.7619688 
0.7653642 
0.7561485 
0.7536019 
0.7539226 
0.7604067 
0.7612146 
0.7575252 
0.7552836 
0.7574312 
0.7512957 
0.7519550 
0.7501153 
0.7509624 
0.7534321 
0.7483918 
0.7444595 
0.7405919 
0.7448282 
0.7459048 
0.7429063 
0.7403179 
0.7406654 
0.7473679 
0.7456013 
0.7461181 
0.7453908 
0.7445210 
0.7470346 
0.7435055 
0.7441567 
0.7417190 
0.7362409 
0.7410461 
0.7367831 
0.7297191 
0.7321566 
0.7273431 
0.7310232 
0.7328190 
0.7303467 
0.7258477 
0.7229821 
0.7275991 
0.7240676 
0.7237965 
0.7213768 
0.7195054 
0.7233462 
0.7231540 
0.7227600 
0.7142137 
0.7138955 
0.7185834 
0.7245179 
0.7229576 
0.7146870 
0.7133762 
0.7136639 
0.7135414 
0.7147312 
0.7120838 
0.7181549 
0.7225374 
0.7285416 
0.7160720 
0.7048529 
0.7019892 
0.7000255 
0.7063565 
0.7074684 
0.7090519 
0.7122443 
0.7051503 
0.7098293 
0.7065059 
0.7054912 
0.7061416 
0.7128914 
0.7150050 
0.7132034 
0.7109736 
0.7061011 
0.7097591 
0.7128254 
0.7165207 
0.7123850 
0.7102576 
0.7143189 
0.7176463 
0.7063297 
0.7041836 
0.7047049 
0.7004422 
0.6947946 
0.6952446 
0.7006627 
0.7042059 
0.7015531 
0.6955523 
0.6983867 
0.6872079 
0.6880860 
0.6862603 
0.6853837 
0.6907218 
0.6893736 
0.6879606 
0.6874261 
0.6856544 
0.6839048 
0.6849764 
0.6854627 
0.6880433 
0.6907228 
0.6878416 
0.6829667 
0.6846234 
0.6921783 
0.6870100 
0.6848782 
0.6784534 
0.6793092 
0.6832245 
0.6790220 
0.6723652 
0.6741569 
0.6759343 
0.6778149 
0.6690687 
0.6684074 
0.6726414 
0.6728392 
0.6713069 
0.6724557 
0.6712852 
0.6706952 
0.6726109 
0.6612820 
0.6586830 
0.6610154 
0.6628324 
0.6571658 
0.6570947 
0.6577130 
0.6553044 
0.6536082 
0.6486737 
0.6517868 
0.6530583 
0.6552513 
0.6590393 
0.6531032 
0.6583036 
0.6555096 
0.6539681 
0.6545166 
0.6516971 
0.6503787 
0.6435635 
0.6465961 
0.6588134 
0.6618763 
0.6563636 
0.6528947 
0.6566378 
0.6562926 
0.6559269 
0.6596741 
0.6519846 
0.6531505 
0.6528152 
0.6514218 
0.6521991 
0.6476328 
0.6465877 
0.6447522 
0.6408822 
0.6419766 
0.6392960 
0.6406692 
0.6356457 
0.6408393 
0.6378937 
0.6383226 
0.6406948 
0.6360078 
0.6379140 
0.6367865 
0.6400252 
0.6399597 
0.6450067 
0.6416405 
0.6449274 
0.6458007 
0.6455134 
0.6438121 
0.6401188 
0.6389628 
0.6363906 
0.6361683 
0.6332407 
0.6318529 
0.6244108 
0.6244646 
0.6190564 
0.6234173 
0.6215754 
0.6206920 
0.6266351 
0.6257438 
0.6272951 
0.6318676 
0.6281954 
0.6233006 
0.6280962 
0.6254324 
0.6277072 
0.6270809 
0.6221953 
0.6206352 
0.6275035 
0.6217485 
0.6218234 
0.6145113 
0.6070779 
0.6041268 
0.6061468 
0.6119081 
0.6106202 
0.6083926 
0.6120301 
0.6108631 
0.6035551 
0.6033642 
0.6075014 
0.6059763 
0.6011707 
0.6009921 
0.6043153 
0.6033891 
0.6027093 
0.5995832 
0.5956187 
0.5962427 
0.5883634 
0.5947389 
0.5944874 
0.5938075 
0.5927075 
0.5858833 
0.5851401 
0.5902083 
0.5919513 
0.5894409 
0.5859846 
0.5850096 
0.5866289 
0.5906358 
0.5890634 
0.5902921 
0.5936233 
0.5966737 
0.6046505 
0.6061872 
0.6018085 
0.5877814 
0.5864393 
0.5839426 
0.5787986 
0.5782671 
0.5798835 
0.5820821 
0.5803391 
0.5784369 
0.5793090 
0.5793529 
0.5812822 
0.5762022 
0.5831005 
0.5823518 
0.5832866 
0.5819954 
0.5835065 
0.5756531 
0.5753933 
0.5698496 
0.5738127 
0.5751663 
0.5807833 
0.5748576 
0.5801976 
0.5783834 
0.5791729 
0.5807782 
0.5788735 
0.5747119 
0.5686842 
0.5696428 
0.5760753 
0.5763608 
0.5752763 
0.5763155 
0.5771102 
0.5775541 
0.5702430 
0.5736540 
0.5744402 
0.5729274 
0.5715333 
0.5728155 
0.5702422 
0.5631602 
0.5665122 
0.5607149 
0.5592252 
0.5648828 
0.5634240 
0.5660726 
0.5661205 
0.5659288 
0.5617799 
0.5534042 
0.5473407 
0.5451496 
0.5471994 
0.5522040 
0.5499802 
0.5505424 
0.5531764 
0.5539377 
0.5553320 
0.5579510 
0.5598673 
0.5565932 
0.5590479 
0.5634074 
0.5572222 
0.5534201 
0.5537072 
0.5572666 
0.5563206 
0.5550660 
0.5543571 
0.5553821 
0.5548708 
0.5572434 
0.5561082 
0.5526891 
0.5561242 
0.5555051 
0.5509220 
0.5459169 
0.5478721 
0.5417349 
0.5396800 
0.5369564 
0.5355882 
0.5346454 
0.5399064 
0.5409511 
0.5416729 
0.5461378 
0.5485975 
0.5385007 
0.5366568 
0.5398625 
0.5414164 
0.5405209 
0.5314277 
0.5335661 
0.5312926 
0.5361366 
0.5322273 
0.5379226 
0.5328665 
0.5284965 
0.5265533 
0.5292076 
0.5290120 
0.5335567 
0.5349939 
0.5294188 
0.5312248 
0.5330948 
0.5280936 
0.5220672 
0.5195308 
0.5164766 
0.5142863 
0.5117368 
0.5174800 
0.5125960 
0.5166849 
0.5134294 
0.5107096 
0.5093719 
0.5068542 
0.5017849 
0.4917412 
0.4803150 
0.4772816 
0.4782180 
0.4880206 
0.4949778 
0.5126135 
0.5133461 
0.5162189 
0.5106807 
0.5097365 
0.5107254 
0.5127433 
0.5115786 
0.5085871 
0.5056289 
0.5061440 
0.5080219 
0.5013357 
0.5037060 
0.5064209 
0.5099729 
0.5102301 
0.5073465 
0.5057673 
0.5063214 
0.5056203 
0.4948639 
0.4947582 
0.4982371 
0.4998279 
0.4954982 
0.4947104 
0.4951543 
0.4952361 
0.4920194 
0.4960937 
0.4855634 
0.4866880 
0.4853691 
0.4837178 
0.4794645 
0.4846416 
0.4777629 
0.4740721 
0.4755526 
0.4720168 
0.4723221 
0.4761420 
0.4803650 
0.4747433 
0.4798015 
0.4755387 
0.4780142 
0.4752066 
0.4719778 
0.4611782 
0.4656203 
0.4612211 
0.4617084 
0.4639858 
0.4642935 
0.4550639 
0.4625530 
0.4690378 
0.4712075 
0.4739665 
0.4803281 
0.4818844 
0.4797338 
0.4788852 
0.4763871 
0.4706731 
0.4681004 
0.4688234 
0.4727711 
0.4604450 
0.4641491 
0.4666609 
0.4683028 
0.4620863 
0.4666786 
0.4686555 
0.4705680 
0.4663340 
0.4706651 
0.4677222 
0.4717043 
0.4712314 
0.4708856 
0.4614150 
0.4585757 
0.4558041 
0.4529756 
0.4530813 
0.4545202 
0.4506835 
0.4503758 
0.4501141 
0.4470040 
0.4441121 
0.4436078 
0.4453503 
0.4450695 
0.4435283 
0.4389830 
0.4454706 
0.4408935 
0.4438099 
0.4486771 
0.4437067 
0.4390937 
0.4418014 
0.4486145 
0.4463466 
0.4383173 
0.4429475 
0.4425355 
0.4415624 
0.4420919 
0.4466839 
0.4436780 
0.4453099 
0.4419549 
0.4388889 
0.4435457 
0.4370400 
0.4357325 
0.4355178 
0.4368291 
0.4369527 
0.4339283 
0.4278047 
0.4323285 
0.4330513 
0.4318249 
0.4318736 
0.4315712 
0.4316361 
0.4300635 
0.4368919 
0.4323726 
0.4297600 
0.4267925 
0.4260484 
0.4308917 
0.4296226 
0.4263761 
0.4256471 
0.4214580 
0.4195304 
0.4223707 
0.4123512 
0.4119399 
0.4139073 
0.4166958 
0.4200015 
0.4162364 
0.4093183 
0.4118153 
0.4156575 
0.4188583 
0.4098372 
0.4078077 
0.4096276 
0.4074493 
0.4094438 
0.4094868 
0.4064993 
0.4069648 
0.4092325 
0.4035021 
0.4005416 
0.4046714 
0.4043257 
0.3995458 
0.4004899 
0.4012471 
0.4000427 
0.4005358 
0.3969117 
0.4001232 
0.3935169 
0.3966814 
0.3880356 
0.3896127 
0.3866004 
0.3890853 
0.3891628 
0.3876191 
0.3828255 
0.3847665 
0.3840051 
0.3813980 
0.3817317 
0.3777467 
0.3736687 
0.3750914 
0.3739411 
0.3763298 
0.3753078 
0.3704673 
0.3754539 
0.3773827 
0.3768960 
0.3757796 
0.3770418 
0.3702885 
0.3697665 
0.3685305 
0.3633491 
0.3629968 
0.3614055 
0.3617827 
0.3617170 
0.3618895 
0.3662853 
0.3652547 
0.3644658 
0.3680330 
0.3704925 
0.3765393 
0.3765393 
0.3739106 
0.3710341 
0.3669493 
0.3604631 
0.3564776 
0.3575101 
0.3594308 
0.3598154 
0.3597982 
0.3619017 
0.3612664 
0.3578049 
0.3609424 
0.3629813 
0.3632813 
0.3575740 
0.3597566 
0.3631267 
0.3565214 
0.3524774 
0.3523799 
0.3469011 
0.3474238 
0.3484203 
0.3413300 
0.3448292 
0.3534327 
0.3787374 
0.3832029 
0.3636753 
0.3552321 
0.3493195 
0.3459003 
0.3487844 
0.3486705 
0.3443605 
0.3422970 
0.3445665 
0.3377616 
0.3400258 
0.3413176 
0.3393523 
0.3404205 
0.3414857 
0.3343657 
0.3253188 
0.3235190 
0.3273703 
0.3335395 
0.3343619 
0.3356815 
0.3339972 
0.3420133 
0.3448951 
0.3434543 
0.3467839 
0.3462262 
0.3408461 
0.3389593 
0.3327130 
0.3287641 
0.3255708 
0.3237576 
0.3185070 
0.3182372 
0.3171550 
0.3218469 
0.3255204 
0.3245059 
0.3329993 
0.3317121 
0.3328877 
0.3304615 
0.3310439 
0.3287180 
0.3265739 
0.3264235 
0.3194188 
0.3176400 
0.3159387 
0.3151540 
0.3126680 
0.3116731 
0.3088300 
0.3100079 
0.3072244 
0.3075437 
0.3054211 
0.3102745 
0.3107341 
0.3142701 
0.3147883 
0.3134868 
0.3105034 
0.3131645 
0.3199674 
0.3194177 
0.3207197 
0.3198646 
0.3203602 
0.3158740 
0.3164451 
0.3119261 
0.3140454 
0.3147207 
0.3135068 
0.3169958 
0.3223376 
0.3274412 
0.3320549 
0.3311658 
0.3309489 
0.3330357 
0.3285122 
0.3268166 
0.3261886 
0.3222672 
0.3193446 
0.3182886 
0.3162932 
0.3111865 
0.3159397 
0.3164553 
0.3094596 
0.3112083 
0.3091954 
0.3111357 
0.3085966 
0.3101598 
0.3090811 
0.3103073 
0.3046400 
0.3051612 
0.3060073 
0.2998131 
0.2991869 
0.2965534 
0.2987199 
0.3003963 
0.3009992 
0.3001600 
0.2951407 
0.2928038 
0.2906605 
0.2897033 
0.2906746 
0.2938876 
0.2886869 
0.2929786 
0.2874506 
0.2866993 
0.2859585 
0.2971489 
0.2940806 
0.2970279 
0.2915508 
0.2891011 
0.2885162 
0.2895687 
0.2842761 
0.2876695 
0.2869567 
0.2896823 
0.2823802 
0.2823703 
0.2773415 
0.2717487 
0.2774135 
0.2723910 
0.2758641 
0.2745878 
0.2753331 
0.2753331 
0.2794664 
0.2818306 
0.2814044 
0.2837297 
0.2866733 
0.2801181 
0.2807022 
0.2766127 
0.2818229 
0.2846266 
0.2792434 
0.2699850 
0.2692143 
0.2753675 
0.2782917 
0.2759588 
0.2721813 
0.2703411 
0.2689812 
0.2692509 
0.2680076 
0.2655433 
0.2635963 
0.2549973 
0.2507815 
0.2552774 
0.2584301 
0.2590761 
0.2549438 
0.2571396 
0.2567158 
0.2591383 
0.2575463 
0.2519889 
0.2533933 
0.2491896 
0.2454295 
0.2427780 
0.2454213 
0.2509547 
0.2535751 
0.2571095 
0.2520052 
0.2495618 
0.2471742 
0.2515693 
0.2528050 
0.2480948 
0.2462743 
0.2419925 
0.2396070 
0.2442275 
0.2432761 
0.2472492 
0.2467677 
0.2419034 
0.2430064 
0.2443881 
0.2431156 
0.2395407 
0.2371490 
0.2324294 
0.2261736 
0.2258096 
0.2248171 
0.2243866 
0.2266003 
0.2233905 
0.2237832 
0.2259740 
0.2231578 
0.2209191 
0.2230590 
0.2229759 
0.2267668 
0.2262890 
0.2272874 
0.2521927 
0.2533215 
0.2521449 
0.2453209 
0.2450024 
0.2397330 
0.2326308 
0.2312640 
0.2351362 
0.2370905 
0.2333733 
0.2360670 
0.2336502 
0.2325940 
0.2294886 
0.2278114 
0.2273028 
0.2237867 
0.2270187 
0.2238281 
0.2232819 
0.2235463 
0.2251127 
0.2245592 
0.2207955 
0.2216461 
0.2167944 
0.2174064 
0.2141864 
0.2164430 
0.2159460 
0.2106547 
0.2090419 
0.2156767 
0.2134621 
0.2056649 
0.2148327 
0.2094851 
0.2077570 
0.2061459 
0.2029688 
0.2072938 
0.2074020 
0.2010154 
0.1972154 
0.1951166 
0.1932879 
0.1902392 
0.1898760 
0.1888003 
0.1916336 
0.1858670 
0.1881538 
0.1880863 
0.1949422 
0.1908185 
0.1875990 
0.1848357 
0.1774994 
0.1782739 
0.1807354 
0.1839017 
0.1845761 
0.1842231 
0.1799788 
0.1803994 
0.1808455 
0.1834911 
0.1837871 
0.1862046 
0.1837088 
0.1840297 
0.1822261 
0.1757479 
0.1833478 
0.1816754 
0.1880729 
0.1846831 
0.1824620 
0.1866148 
0.1812047 
0.1783963 
0.1745504 
0.1727955 
0.1772726 
0.1775967 
0.1763121 
0.1710247 
0.1651812 
0.1639768 
0.1645472 
0.1611309 
0.1672215 
0.1736927 
0.1782753 
0.1815157 
0.1783769 
0.1818174 
0.1757621 
0.1811095 
0.1842755 
0.1848546 
0.1862522 
0.1906832 
0.1944610 
0.1926584 
0.1896333 
0.1857747 
0.1863328 
0.1846616 
0.1823704 
0.1791646 
0.1790388 
0.1798612 
0.1743722 
0.1742003 
0.1736095 
0.1683640 
0.1674968 
0.1686305 
0.1753736 
0.1816444 
0.1836847 
0.1820931 
0.1767723 
0.1748989 
0.1707826 
0.1674638 
0.1699457 
0.1690954 
0.1720613 
0.1740153 
0.1767856 
0.1713474 
0.1627959 
0.1615600 
0.1656548 
0.1660143 
0.1728313 
0.1749732 
0.1747525 
0.1737651 
0.1713532 
0.1737728 
0.1778756 
0.1753820 
0.1671484 
0.1697487 
0.1724028 
0.1729976 
0.1680002 
0.1708299 
0.1651739 
0.1655900 
0.1622037 
0.1597615 
0.1578935 
0.1588565 
0.1520315 
0.1572358 
0.1561322 
0.1497820 
0.1514585 
0.1548806 
0.1549018 
0.1548273 
0.1505998 
0.1507447 
0.1525753 
0.1520917 
0.1509175 
0.1524332 
0.1504955 
0.1456122 
0.1431354 
0.1412823 
0.1387888 
0.1364522 
0.1369840 
0.1377578 
0.1358050 
0.1328271 
0.1373777 
0.1343315 
0.1346886 
0.1340410 
0.1351873 
0.1382841 
0.1394609 
0.1432181 
0.1392017 
0.1326353 
0.1368863 
0.1317773 
0.1237713 
0.1230888 
0.1174825 
0.1216479 
0.1237631 
0.1225191 
0.1230880 
0.1250329 
0.1209698 
0.1259747 
0.1239837 
0.1255038 
0.1321365 
0.1388171 
0.1395843 
0.1419917 
0.1412501 
0.1382982 
0.1271921 
0.1204136 
0.1205460 
0.1215561 
0.1182265 
0.1208406 
0.1215770 
0.1236689 
0.1191918 
0.1167461 
0.1148199 
0.1133162 
0.1180431 
0.1180076 
0.1177411 
0.1212144 
0.1217206 
0.1230777 
0.1168485 
0.1142488 
0.1136308 
0.1172832 
0.1208474 
0.1230221 
0.1191852 
0.1123762 
0.1146969 
0.1162698 
0.1131847 
0.1115664 
0.1101026 
0.1097318 
0.1029730 
0.1026509 
0.1025036 
0.1062320 
0.1134212 
0.1206405 
0.1142778 
0.1170258 
0.1155302 
0.1138420 
0.1125551 
0.1099550 
0.1091213 
0.1083155 
0.1072419 
0.1069346 
0.1075605 
0.1050140 
0.1061188 
0.1049657 
0.1046510 
0.1052002 
0.0969061 
0.0922929 
0.0922711 
0.0964843 
0.0908017 
0.0920144 
0.1002896 
0.1000140 
0.0998839 
0.0935205 
0.0919175 
0.0868889 
0.0880042 
0.0943609 
0.0949846 
0.0909754 
0.0962246 
0.0828497 
0.0896386 
0.0886484 
0.0913304 
0.0884939 
0.0847262 
0.0805787 
0.0770903 
0.0772180 
0.0740672 
0.0755678 
0.0801223 
0.0804146 
0.0798972 
0.0830040 
0.0771249 
0.0775944 
0.0746424 
0.0754684 
0.0677482 
0.0741398 
0.0705360 
0.0691096 
0.0734303 
0.0694835 
0.0659331 
0.0666406 
0.0636262 
0.0587279 
0.0602905 
0.0642620 
0.0611513 
0.0598759 
0.0549038 
0.0564883 
0.0545054 
0.0554190 
0.0691857 
0.0673403 
0.0635274 
0.0604033 
0.0543968 
0.0543227 
0.0482120 
0.0508304 
0.0476969 
0.0510291 
0.0466665 
0.0428420 
0.0449481 
0.0452298 
0.0452985 
0.0444139 
0.0517533 
0.0486760 
0.0482351 
0.0478254 
0.0440690 
0.0392951 
0.0342178 
0.0363627 
0.0381448 
0.0436585 
0.0428033 
0.0462753 
0.0457604 
0.0416110 
0.0415997 
0.0468942 
0.0458481 
0.0275452 
0.0312243 
0.0290240 
0.0297149 
0.0311479 
0.0303456 
0.0293397 
0.0307560 
0.0333370 
0.0347524 
0.0375676 
0.0349407 
0.0321410 
0.0316524 
0.0305654 
0.0314871 
0.0296231 
0.0240090 
0.0243478 
0.0265665 
0.0259590 
0.0310433 
0.0357734 
0.0340991 
0.0366711 
0.0308292 
0.0308127 
0.0307702 
0.0337788 
0.0366422 
0.0340530 
0.0293789 
0.0178954 
0.0173378 
0.0187126 
0.0226085 
0.0203034 
0.0218995 
0.0257223 
0.0253842 
0.0218431 
0.0160483 
0.0195080 
0.0210855 
0.0190577 
0.0199710 
0.0210885 
0.0201236 
0.0176731 
0.0155075 
0.0187621 
0.0175666 
0.0212843 
0.0248963 
0.0102908 
0.0011101 
0.0045715 
0.0000000 
0.0044620 
0.0096184 
0.0093685 
0.0173559 
0.0149377 
0.0128592 
0.0123770 
