-0.0000600 
0.0000264 
0.0001018 
-0.4910262 
0.0122594 
-0.2086085 
0.9997223 
0.9990531 
1.0000000 
0.9994469 
0.9998943 
0.9980090 
0.9979290 
0.9994556 
0.9957615 
0.9945052 
0.9946582 
0.9929246 
0.9910466 
0.9906163 
0.9893076 
0.9848894 
0.9854267 
0.9830449 
0.9833585 
0.9812829 
0.9818918 
0.9796293 
0.9784018 
0.9785541 
0.9797031 
0.9795125 
0.9802627 
0.9798992 
0.9809083 
0.9829257 
0.9773662 
0.9774300 
0.9769862 
0.9757452 
0.9774291 
0.9786717 
0.9773471 
0.9748648 
0.9735716 
0.9743223 
0.9725542 
0.9707721 
0.9703953 
0.9702712 
0.9721561 
0.9720465 
0.9748527 
0.9731515 
0.9748777 
0.9729763 
0.9726558 
0.9719703 
0.9732983 
0.9723414 
0.9723386 
0.9730893 
0.9720731 
0.9715342 
0.9696224 
0.9677576 
0.9653488 
0.9613733 
0.9575118 
0.9572907 
0.9558901 
0.9614813 
0.9568495 
0.9578357 
0.9572457 
0.9564166 
0.9523468 
0.9527194 
0.9547384 
0.9497499 
0.9475404 
0.9494573 
0.9502646 
0.9512307 
0.9464619 
0.9475883 
0.9448238 
0.9440082 
0.9469144 
0.9466331 
0.9456026 
0.9451552 
0.9443976 
0.9422393 
0.9426303 
0.9437650 
0.9389927 
0.9397338 
0.9413945 
0.9393569 
0.9397371 
0.9384887 
0.9365125 
0.9368699 
0.9373113 
0.9342535 
0.9326707 
0.9309133 
0.9326631 
0.9313930 
0.9345357 
0.9345509 
0.9371237 
0.9341174 
0.9325132 
0.9324404 
0.9332546 
0.9319457 
0.9318492 
0.9311569 
0.9330985 
0.9360387 
0.9334845 
0.9324124 
0.9322210 
0.9334050 
0.9338829 
0.9350469 
0.9370619 
0.9363020 
0.9362672 
0.9374734 
0.9379264 
0.9343807 
0.9351891 
0.9338723 
0.9354844 
0.9336350 
0.9337443 
0.9294015 
0.9280769 
0.9267959 
0.9277578 
0.9285919 
0.9290973 
0.9280511 
0.9294567 
0.9287325 
0.9296074 
0.9265337 
0.9269243 
0.9242877 
0.9218428 
0.9205273 
0.9203105 
0.9189360 
0.9190418 
0.9194685 
0.9180757 
0.9183939 
0.9183434 
0.9176466 
0.9182361 
0.9171358 
0.9170881 
0.9133213 
0.9103584 
0.9079362 
0.9055592 
0.9067978 
0.9085696 
0.9072395 
0.9061152 
0.9055381 
0.9073504 
0.9062302 
0.9047682 
0.9035463 
0.9014639 
0.9030487 
0.9034449 
0.9035547 
0.9036424 
0.9053134 
0.9066687 
0.9057437 
0.9074237 
0.9095803 
0.9089525 
0.9093886 
0.9074415 
0.9086947 
0.9081607 
0.9079074 
0.9099920 
0.9091461 
0.9065117 
0.9062634 
0.9070047 
0.9041600 
0.9005372 
0.9001636 
0.8979705 
0.8979078 
0.8991029 
0.8981325 
0.8983755 
0.8980332 
0.8951149 
0.8955762 
0.8958936 
0.9002202 
0.9005131 
0.9007204 
0.9003895 
0.9011582 
0.9018622 
0.9002006 
0.8995416 
0.8989958 
0.8993431 
0.8982260 
0.8960843 
0.8978597 
0.8951664 
0.8978715 
0.8985068 
0.8983348 
0.8987453 
0.8975958 
0.8962145 
0.8959202 
0.8951378 
0.8935433 
0.8971096 
0.8927166 
0.8905645 
0.8908050 
0.8939393 
0.8930002 
0.8913034 
0.8900479 
0.8903754 
0.8880816 
0.8878132 
0.8893034 
0.8889741 
0.8882265 
0.8915756 
0.8921191 
0.8871737 
0.8849828 
0.8845241 
0.8835440 
0.8820167 
0.8801022 
0.8796053 
0.8815628 
0.8808877 
0.8803812 
0.8793108 
0.8782148 
0.8794844 
0.8801178 
0.8814625 
0.8828281 
0.8832763 
0.8809760 
0.8807570 
0.8796781 
0.8782917 
0.8779512 
0.8764469 
0.8777501 
0.8767990 
0.8739598 
0.8740656 
0.8745344 
0.8712569 
0.8710804 
0.8712311 
0.8701641 
0.8701267 
0.8674120 
0.8669636 
0.8683384 
0.8639434 
0.8615972 
0.8614895 
0.8567771 
0.8563315 
0.8549677 
0.8551242 
0.8560466 
0.8549576 
0.8538795 
0.8554563 
0.8525308 
0.8538533 
0.8531391 
0.8524812 
0.8533672 
0.8509200 
0.8532053 
0.8490693 
0.8480878 
0.8481944 
0.8471524 
0.8470890 
0.8515745 
0.8518406 
0.8482545 
0.8486879 
0.8488207 
0.8505957 
0.8506276 
0.8483829 
0.8454951 
0.8463781 
0.8456654 
0.8465461 
0.8456079 
0.8443982 
0.8452279 
0.8414779 
0.8428056 
0.8433123 
0.8416300 
0.8431014 
0.8432166 
0.8417935 
0.8450108 
0.8434672 
0.8425564 
0.8426532 
0.8444206 
0.8442412 
0.8427507 
0.8413479 
0.8406387 
0.8420673 
0.8402213 
0.8372222 
0.8372753 
0.8378141 
0.8387511 
0.8327361 
0.8317785 
0.8306346 
0.8277277 
0.8290640 
0.8272019 
0.8288719 
0.8262250 
0.8255032 
0.8255680 
0.8252755 
0.8237344 
0.8195233 
0.8187166 
0.8158919 
0.8174471 
0.8176874 
0.8172318 
0.8196973 
0.8209473 
0.8182417 
0.8182768 
0.8220152 
0.8210046 
0.8187325 
0.8187233 
0.8167999 
0.8158273 
0.8160083 
0.8161930 
0.8170816 
0.8174647 
0.8188338 
0.8163461 
0.8192925 
0.8173503 
0.8187117 
0.8196169 
0.8167177 
0.8167805 
0.8174632 
0.8189700 
0.8198986 
0.8178456 
0.8168733 
0.8183928 
0.8174241 
0.8114020 
0.8121219 
0.8164745 
0.8170498 
0.8149454 
0.8157288 
0.8156995 
0.8148073 
0.8143154 
0.8125330 
0.8153249 
0.8123027 
0.8111446 
0.8126337 
0.8105769 
0.8101409 
0.8083931 
0.8080088 
0.8102340 
0.8073417 
0.8053239 
0.8060940 
0.8054851 
0.8048870 
0.8033186 
0.8053878 
0.8023196 
0.8047399 
0.8057912 
0.8070961 
0.8095464 
0.8071130 
0.8057273 
0.8041992 
0.7994685 
0.7986037 
0.7991245 
0.7974104 
0.7957036 
0.7958660 
0.7923222 
0.7921199 
0.7920199 
0.7899300 
0.7884069 
0.7896366 
0.7899547 
0.7911463 
0.7922970 
0.7923667 
0.7900445 
0.7946468 
0.7917518 
0.7929748 
0.7905659 
0.7912357 
0.7930422 
0.7894970 
0.7896397 
0.7914282 
0.7926099 
0.7925157 
0.7929155 
0.7937919 
0.7933876 
0.7930402 
0.7942538 
0.7943285 
0.7917183 
0.7908788 
0.7924123 
0.7901916 
0.7898380 
0.7871492 
0.7878643 
0.7883740 
0.7884215 
0.7875875 
0.7863220 
0.7869662 
0.7854738 
0.7829776 
0.7801470 
0.7824422 
0.7809859 
0.7794895 
0.7792166 
0.7811944 
0.7792074 
0.7773823 
0.7765542 
0.7753022 
0.7759912 
0.7751329 
0.7783727 
0.7779417 
0.7770282 
0.7788178 
0.7795633 
0.7784904 
0.7779294 
0.7762992 
0.7769213 
0.7734251 
0.7716568 
0.7710335 
0.7717272 
0.7693568 
0.7702209 
0.7670874 
0.7665097 
0.7698141 
0.7685158 
0.7677289 
0.7682655 
0.7657488 
0.7656652 
0.7668306 
0.7654354 
0.7656152 
0.7636000 
0.7631624 
0.7626899 
0.7614638 
0.7614258 
0.7618559 
0.7635109 
0.7615747 
0.7591512 
0.7602300 
0.7614857 
0.7596514 
0.7549374 
0.7562226 
0.7546438 
0.7546451 
0.7552274 
0.7548576 
0.7552209 
0.7530765 
0.7556867 
0.7540957 
0.7557416 
0.7563808 
0.7572219 
0.7602502 
0.7582773 
0.7570594 
0.7584344 
0.7596175 
0.7603728 
0.7595625 
0.7579889 
0.7605841 
0.7615398 
0.7594817 
0.7599887 
0.7600234 
0.7559940 
0.7575042 
0.7562047 
0.7586204 
0.7555625 
0.7543636 
0.7550049 
0.7540806 
0.7572539 
0.7553327 
0.7537490 
0.7500841 
0.7514235 
0.7515311 
0.7483448 
0.7486522 
0.7463859 
0.7433776 
0.7457754 
0.7472669 
0.7429251 
0.7459720 
0.7466243 
0.7465929 
0.7465961 
0.7466043 
0.7474836 
0.7470336 
0.7423768 
0.7412545 
0.7427261 
0.7441460 
0.7450721 
0.7459322 
0.7410730 
0.7414878 
0.7409086 
0.7392915 
0.7421391 
0.7392459 
0.7375190 
0.7369216 
0.7341579 
0.7312057 
0.7317227 
0.7340517 
0.7351941 
0.7330033 
0.7302944 
0.7308506 
0.7305387 
0.7279769 
0.7277067 
0.7268654 
0.7277533 
0.7264535 
0.7254286 
0.7238281 
0.7246877 
0.7196008 
0.7177035 
0.7123646 
0.7133324 
0.7141731 
0.7149189 
0.7164083 
0.7187123 
0.7150248 
0.7163274 
0.7168379 
0.7168162 
0.7158482 
0.7193020 
0.7172271 
0.7181819 
0.7174903 
0.7167729 
0.7172760 
0.7175142 
0.7164490 
0.7137956 
0.7130592 
0.7155169 
0.7139008 
0.7139959 
0.7136494 
0.7095320 
0.7098666 
0.7093987 
0.7127563 
0.7117128 
0.7116336 
0.7095852 
0.7072233 
0.7076005 
0.7068997 
0.7037326 
0.7054661 
0.7048411 
0.7027849 
0.7025130 
0.7049019 
0.7041179 
0.7039890 
0.7061541 
0.7041645 
0.7016019 
0.7029770 
0.7035818 
0.7009122 
0.7021713 
0.7017688 
0.7031316 
0.7010839 
0.7000448 
0.7036801 
0.7023676 
0.7032207 
0.6980156 
0.6964522 
0.7001350 
0.6958775 
0.6948550 
0.6942104 
0.6955632 
0.6943040 
0.6943412 
0.6926165 
0.6910748 
0.6895078 
0.6879182 
0.6897007 
0.6877683 
0.6841188 
0.6854076 
0.6846269 
0.6821858 
0.6820892 
0.6833862 
0.6836007 
0.6833656 
0.6845208 
0.6801826 
0.6803276 
0.6787862 
0.6827739 
0.6791819 
0.6821131 
0.6818673 
0.6845408 
0.6814299 
0.6819207 
0.6810467 
0.6840351 
0.6839450 
0.6829593 
0.6851059 
0.6798168 
0.6809684 
0.6812358 
0.6808467 
0.6829550 
0.6807844 
0.6806077 
0.6810970 
0.6820325 
0.6831219 
0.6832132 
0.6817925 
0.6793550 
0.6781496 
0.6789553 
0.6802633 
0.6792723 
0.6764253 
0.6749410 
0.6757159 
0.6739809 
0.6758873 
0.6754116 
0.6757006 
0.6761026 
0.6766727 
0.6731588 
0.6729999 
0.6754223 
0.6732054 
0.6742857 
0.6665988 
0.6679530 
0.6636613 
0.6621709 
0.6644702 
0.6637742 
0.6636540 
0.6667133 
0.6696036 
0.6695814 
0.6702344 
0.6726338 
0.6717229 
0.6672244 
0.6676967 
0.6671985 
0.6698337 
0.6675388 
0.6657477 
0.6664001 
0.6664084 
0.6676048 
0.6639971 
0.6606865 
0.6621669 
0.6631663 
0.6631465 
0.6587732 
0.6600883 
0.6579451 
0.6583864 
0.6612831 
0.6613788 
0.6610415 
0.6610914 
0.6612719 
0.6584556 
0.6596840 
0.6561005 
0.6603039 
0.6600636 
0.6594543 
0.6538021 
0.6553509 
0.6518250 
0.6516283 
0.6540870 
0.6555056 
0.6525742 
0.6550697 
0.6560022 
0.6545043 
0.6594731 
0.6562985 
0.6588457 
0.6587976 
0.6581252 
0.6589478 
0.6575085 
0.6542747 
0.6542265 
0.6571493 
0.6538632 
0.6519435 
0.6524412 
0.6532260 
0.6498552 
0.6548177 
0.6540408 
0.6533566 
0.6521964 
0.6539482 
0.6512119 
0.6494484 
0.6486582 
0.6501040 
0.6501671 
0.6539476 
0.6529197 
0.6532612 
0.6519422 
0.6496040 
0.6481486 
0.6483275 
0.6513834 
0.6486852 
0.6499741 
0.6518595 
0.6493698 
0.6510588 
0.6545119 
0.6510589 
0.6546042 
0.6517180 
0.6527027 
0.6501975 
0.6501792 
0.6458938 
0.6425265 
0.6426617 
0.6430965 
0.6402968 
0.6418305 
0.6395212 
0.6405373 
0.6369803 
0.6404686 
0.6413788 
0.6393852 
0.6344103 
0.6297867 
0.6289960 
0.6260003 
0.6228598 
0.6228192 
0.6238141 
0.6251400 
0.6240827 
0.6232339 
0.6249815 
0.6274282 
0.6241507 
0.6236467 
0.6209904 
0.6228371 
0.6244032 
0.6265050 
0.6248147 
0.6234541 
0.6192867 
0.6203386 
0.6196161 
0.6194015 
0.6174500 
0.6189016 
0.6203895 
0.6207332 
0.6215014 
0.6188570 
0.6182630 
0.6176128 
0.6158445 
0.6143589 
0.6126728 
0.6122014 
0.6127441 
0.6136298 
0.6154151 
0.6145312 
0.6152898 
0.6103359 
0.6112744 
0.6108126 
0.6107485 
0.6093870 
0.6100321 
0.6107372 
0.6107233 
0.6081735 
0.6098952 
0.6116863 
0.6078790 
0.6077337 
0.6076087 
0.6081300 
0.6086119 
0.6073649 
0.6059342 
0.6069560 
0.6040904 
0.6021149 
0.6039627 
0.6035997 
0.6006105 
0.6001416 
0.6043649 
0.5993068 
0.6014844 
0.5993661 
0.5984533 
0.6008639 
0.5975375 
0.5937638 
0.5965838 
0.5957749 
0.5955352 
0.5981963 
0.5956485 
0.5987615 
0.6023504 
0.5984158 
0.5990940 
0.5959934 
0.5955634 
0.5985083 
0.5934282 
0.5920099 
0.5907524 
0.5920415 
0.5922370 
0.5930858 
0.5933876 
0.5930427 
0.5917179 
0.5935609 
0.5947758 
0.5969893 
0.5994828 
0.6021923 
0.6032893 
0.6030642 
0.6021838 
0.6006048 
0.5962239 
0.5952521 
0.5953882 
0.5935483 
0.5936548 
0.5923812 
0.5929533 
0.5925094 
0.5930953 
0.5947306 
0.5943475 
0.5898339 
0.5902660 
0.5927951 
0.5920156 
0.5886623 
0.5898673 
0.5887238 
0.5883453 
0.5915264 
0.5885360 
0.5913422 
0.5902039 
0.5892310 
0.5910210 
0.5907859 
0.5878713 
0.5890114 
0.5870715 
0.5877076 
0.5856144 
0.5857614 
0.5794002 
0.5808233 
0.5812949 
0.5828526 
0.5814006 
0.5804268 
0.5784027 
0.5799119 
0.5772878 
0.5708948 
0.5677115 
0.5659657 
0.5671607 
0.5724417 
0.5724058 
0.5728484 
0.5736699 
0.5713690 
0.5718377 
0.5723241 
0.5729466 
0.5720966 
0.5681690 
0.5685373 
0.5716575 
0.5659530 
0.5644018 
0.5662194 
0.5647600 
0.5644357 
0.5646355 
0.5667200 
0.5688027 
0.5670419 
0.5654204 
0.5652213 
0.5638546 
0.5619192 
0.5606779 
0.5621410 
0.5640165 
0.5606070 
0.5626712 
0.5630122 
0.5628206 
0.5611960 
0.5608232 
0.5631331 
0.5622109 
0.5642222 
0.5629641 
0.5625642 
0.5634464 
0.5616607 
0.5613130 
0.5613948 
0.5613463 
0.5591168 
0.5581654 
0.5592356 
0.5621489 
0.5607419 
0.5609815 
0.5589740 
0.5614699 
0.5610161 
0.5615198 
0.5597529 
0.5594907 
0.5578780 
0.5589891 
0.5604908 
0.5626808 
0.5636371 
0.5651786 
0.5624586 
0.5590555 
0.5585783 
0.5569870 
0.5562646 
0.5547543 
0.5551421 
0.5551723 
0.5540079 
0.5522517 
0.5510949 
0.5513260 
0.5502541 
0.5520280 
0.5499412 
0.5494727 
0.5488080 
0.5461960 
0.5453874 
0.5464744 
0.5453945 
0.5464380 
0.5468702 
0.5435566 
0.5441654 
0.5444249 
0.5450338 
0.5418148 
0.5405640 
0.5393892 
0.5412676 
0.5399269 
0.5422561 
0.5422724 
0.5413631 
0.5420558 
0.5447922 
0.5429999 
0.5384943 
0.5396724 
0.5416894 
0.5434350 
0.5429245 
0.5438874 
0.5422921 
0.5421262 
0.5416668 
0.5444673 
0.5439386 
0.5435714 
0.5428951 
0.5420225 
0.5373831 
0.5385362 
0.5387385 
0.5375760 
0.5373823 
0.5374914 
0.5353534 
0.5332994 
0.5320877 
0.5305247 
0.5329847 
0.5360164 
0.5347051 
0.5347385 
0.5348673 
0.5323583 
0.5283126 
0.5279030 
0.5325430 
0.5330426 
0.5305710 
0.5276485 
0.5238652 
0.5204192 
0.5218591 
0.5183479 
0.5166073 
0.5203747 
0.5236688 
0.5214301 
0.5206873 
0.5186960 
0.5174315 
0.5131639 
0.5141680 
0.5176839 
0.5206597 
0.5210706 
0.5200045 
0.5174974 
0.5154065 
0.5170404 
0.5168347 
0.5129640 
0.5129854 
0.5133057 
0.5116612 
0.5127987 
0.5132429 
0.5153783 
0.5116162 
0.5114328 
0.5098555 
0.5082574 
0.5056786 
0.5065526 
0.5080093 
0.5074412 
0.5086679 
0.5093340 
0.5105974 
0.5117215 
0.5124167 
0.5098611 
0.5105737 
0.5118107 
0.5117896 
0.5138932 
0.5132344 
0.5150349 
0.5131125 
0.5145258 
0.5120291 
0.5099486 
0.5080703 
0.5078239 
0.5055640 
0.5037682 
0.5027706 
0.5040325 
0.5027927 
0.5012063 
0.5029127 
0.5030052 
0.5044369 
0.5048429 
0.5045459 
0.5151495 
0.5188961 
0.5174458 
0.5179707 
0.5145407 
0.5120971 
0.5052355 
0.5000625 
0.4978219 
0.4973292 
0.4958506 
0.4938923 
0.4942325 
0.4924427 
0.4921557 
0.4909701 
0.4906529 
0.4923576 
0.4935622 
0.4923882 
0.4925717 
0.4936220 
0.4938771 
0.4925724 
0.4893783 
0.4905359 
0.4911178 
0.4902925 
0.4893953 
0.4875688 
0.4902909 
0.4881579 
0.4881196 
0.4885381 
0.4881688 
0.4886718 
0.4935020 
0.4906581 
0.4853164 
0.4842786 
0.4859823 
0.4842472 
0.4854661 
0.4877818 
0.4841693 
0.4861357 
0.4855364 
0.4851516 
0.4855869 
0.4824352 
0.4840644 
0.4803707 
0.4805929 
0.4837645 
0.4848237 
0.4815649 
0.4832849 
0.4816447 
0.4765615 
0.4770491 
0.4791355 
0.4811699 
0.4810823 
0.4805819 
0.4767520 
0.4769769 
0.4765317 
0.4728833 
0.4735270 
0.4744905 
0.4732555 
0.4740595 
0.4737675 
0.4711560 
0.4702702 
0.4707097 
0.4689811 
0.4685332 
0.4649549 
0.4667690 
0.4678002 
0.4676832 
0.4695997 
0.4677721 
0.4677054 
0.4655668 
0.4654398 
0.4636579 
0.4621285 
0.4596441 
0.4592560 
0.4615297 
0.4623407 
0.4682562 
0.4667957 
0.4668108 
0.4662419 
0.4669306 
0.4636483 
0.4625574 
0.4609438 
0.4607188 
0.4638248 
0.4632742 
0.4636787 
0.4642667 
0.4647883 
0.4642902 
0.4657387 
0.4635271 
0.4622946 
0.4628194 
0.4634767 
0.4648167 
0.4635781 
0.4657113 
0.4678236 
0.4652686 
0.4636870 
0.4650918 
0.4668759 
0.4662398 
0.4687923 
0.4677870 
0.4663680 
0.4641138 
0.4617144 
0.4621575 
0.4631459 
0.4663165 
0.4651293 
0.4620260 
0.4612356 
0.4603197 
0.4596407 
0.4575608 
0.4581497 
0.4548759 
0.4514045 
0.4517349 
0.4478152 
0.4499280 
0.4528411 
0.4511458 
0.4481247 
0.4520594 
0.4497306 
0.4491585 
0.4518012 
0.4515480 
0.4509444 
0.4503734 
0.4461238 
0.4477634 
0.4466822 
0.4451232 
0.4445799 
0.4438115 
0.4439169 
0.4438076 
0.4430678 
0.4426231 
0.4411897 
0.4415811 
0.4401333 
0.4408017 
0.4369226 
0.4393280 
0.4400532 
0.4390625 
0.4364649 
0.4375609 
0.4385460 
0.4373455 
0.4402514 
0.4396835 
0.4415783 
0.4398533 
0.4403750 
0.4403578 
0.4423066 
0.4400651 
0.4414221 
0.4428441 
0.4430667 
0.4421984 
0.4419571 
0.4394980 
0.4386338 
0.4417543 
0.4416520 
0.4385881 
0.4349607 
0.4347441 
0.4349619 
0.4344014 
0.4342360 
0.4346994 
0.4355113 
0.4341347 
0.4339581 
0.4306414 
0.4313354 
0.4327789 
0.4343910 
0.4358663 
0.4390736 
0.4448926 
0.4451217 
0.4457002 
0.4455387 
0.4415048 
0.4324921 
0.4306389 
0.4276561 
0.4252780 
0.4219378 
0.4221321 
0.4208506 
0.4193721 
0.4199113 
0.4191614 
0.4184275 
0.4178489 
0.4152592 
0.4166099 
0.4162441 
0.4158572 
0.4133700 
0.4129075 
0.4128499 
0.4120858 
0.4113003 
0.4111988 
0.4105452 
0.4092375 
0.4129689 
0.4120656 
0.4147818 
0.4159462 
0.4153642 
0.4147641 
0.4172323 
0.4160743 
0.4151008 
0.4134391 
0.4140000 
0.4135208 
0.4153139 
0.4142427 
0.4131193 
0.4126128 
0.4112559 
0.4111657 
0.4112130 
0.4104922 
0.4116136 
0.4122640 
0.4081376 
0.4102581 
0.4122109 
0.4112670 
0.4105810 
0.4095956 
0.4088402 
0.4079917 
0.4074735 
0.4048848 
0.4049922 
0.4069240 
0.4030218 
0.4012584 
0.4021504 
0.4036128 
0.4039879 
0.4044460 
0.4048603 
0.4005996 
0.3999119 
0.4004406 
0.4000357 
0.3992173 
0.4004534 
0.3985808 
0.3988695 
0.3977824 
0.3966503 
0.3976690 
0.3945711 
0.3963323 
0.3949185 
0.3948817 
0.3965583 
0.3969755 
0.3960345 
0.3957793 
0.3956926 
0.3978289 
0.3973426 
0.3978550 
0.3980799 
0.3993529 
0.3940600 
0.3946342 
0.3926916 
0.3941608 
0.3929887 
0.3916083 
0.3942371 
0.3922278 
0.3904983 
0.3899750 
0.3917790 
0.3957701 
0.3939595 
0.3954532 
0.3954830 
0.3973756 
0.3976932 
0.3978361 
0.4000919 
0.3966886 
0.3937236 
0.3957491 
0.3984542 
0.3983005 
0.3970404 
0.3966110 
0.3935132 
0.3932884 
0.3929919 
0.3953726 
0.3972417 
0.3979922 
0.3988287 
0.3947206 
0.3948995 
0.3962229 
0.3964711 
0.3959059 
0.3956544 
0.3944511 
0.3942186 
0.3936016 
0.3925460 
0.3945666 
0.3948363 
0.3972850 
0.3973611 
0.3995120 
0.3999338 
0.3982823 
0.3957590 
0.3847904 
0.3838762 
0.3829575 
0.3827110 
0.3829143 
0.3823539 
0.3832182 
0.3838935 
0.3858043 
0.3851031 
0.3836740 
0.3829294 
0.3812054 
0.3817251 
0.3797847 
0.3802739 
0.3808854 
0.3803859 
0.3789533 
0.3789080 
0.3789450 
0.3791472 
0.3799790 
0.3791130 
0.3784415 
0.3750561 
0.3704722 
0.3712973 
0.3716319 
0.3733018 
0.3739566 
0.3738123 
0.3690591 
0.3669401 
0.3690280 
0.3689851 
0.3698825 
0.3692950 
0.3703534 
0.3723337 
0.3734034 
0.3680331 
0.3687395 
0.3678658 
0.3660699 
0.3677148 
0.3673605 
0.3670112 
0.3635032 
0.3628053 
0.3634646 
0.3672635 
0.3706244 
0.3703218 
0.3619115 
0.3607947 
0.3614834 
0.3612981 
0.3645783 
0.3654880 
0.3681194 
0.3698139 
0.3686292 
0.3652105 
0.3612289 
0.3644494 
0.3649288 
0.3631840 
0.3626448 
0.3630161 
0.3634517 
0.3619529 
0.3612637 
0.3612359 
0.3620320 
0.3590958 
0.3586689 
0.3579965 
0.3599446 
0.3575337 
0.3571892 
0.3597690 
0.3588367 
0.3558438 
0.3546006 
0.3528510 
0.3531733 
0.3504439 
0.3505599 
0.3498267 
0.3507755 
0.3511307 
0.3496938 
0.3486108 
0.3492602 
0.3468841 
0.3444749 
0.3484196 
0.3467967 
0.3468757 
0.3487600 
0.3484601 
0.3466025 
0.3418535 
0.3395178 
0.3404711 
0.3444408 
0.3470490 
0.3461869 
0.3458085 
0.3451793 
0.3445548 
0.3449935 
0.3437063 
0.3429941 
0.3423946 
0.3399675 
0.3393555 
0.3405882 
0.3427017 
0.3425831 
0.3414639 
0.3429604 
0.3407420 
0.3407814 
0.3420380 
0.3443866 
0.3444139 
0.3455370 
0.3441558 
0.3430263 
0.3439728 
0.3429483 
0.3427023 
0.3422460 
0.3383387 
0.3392977 
0.3390993 
0.3349717 
0.3342128 
0.3339587 
0.3334521 
0.3312453 
0.3333985 
0.3325308 
0.3312206 
0.3288098 
0.3272287 
0.3257587 
0.3281614 
0.3236993 
0.3239051 
0.3232765 
0.3244672 
0.3246923 
0.3250201 
0.3254563 
0.3249225 
0.3244215 
0.3224303 
0.3206627 
0.3188919 
0.3178942 
0.3213266 
0.3183230 
0.3185695 
0.3196741 
0.3207088 
0.3200698 
0.3208512 
0.3212936 
0.3198846 
0.3222448 
0.3237626 
0.3219013 
0.3226800 
0.3257607 
0.3261961 
0.3298384 
0.3309156 
0.3353981 
0.3348277 
0.3331932 
0.3307991 
0.3197172 
0.3131327 
0.3072400 
0.3097003 
0.3090094 
0.3089653 
0.3075998 
0.3080403 
0.3059392 
0.3066779 
0.3098375 
0.3106071 
0.3118646 
0.3107067 
0.3098296 
0.3131652 
0.3122392 
0.3137410 
0.3151791 
0.3160348 
0.3176028 
0.3173989 
0.3184141 
0.3195093 
0.3212899 
0.3201093 
0.3170017 
0.3175363 
0.3161309 
0.3161653 
0.3139387 
0.3125367 
0.3145036 
0.3141012 
0.3130806 
0.3139159 
0.3135720 
0.3108487 
0.3122936 
0.3104213 
0.3122951 
0.3115190 
0.3121924 
0.3113407 
0.3105992 
0.3129271 
0.3125072 
0.3127204 
0.3131702 
0.3118107 
0.3107816 
0.3114228 
0.3119930 
0.3111532 
0.3092799 
0.3095735 
0.3077856 
0.3066120 
0.3101020 
0.3071996 
0.3064595 
0.3064123 
0.3045509 
0.3052593 
0.3052490 
0.3018405 
0.3025853 
0.3032982 
0.3042655 
0.3038615 
0.3010732 
0.3059150 
0.3063494 
0.3040590 
0.3076442 
0.3065509 
0.3042135 
0.3020835 
0.3027815 
0.3007663 
0.2990271 
0.2990833 
0.2984566 
0.2998030 
0.2982797 
0.2981838 
0.2957259 
0.2991451 
0.2969372 
0.2932740 
0.2949821 
0.2943874 
0.2973324 
0.2976139 
0.2966960 
0.2978491 
0.2993067 
0.2997487 
0.2987221 
0.2968670 
0.2956294 
0.2985548 
0.2946000 
0.2942684 
0.2941549 
0.2958596 
0.2965224 
0.2943539 
0.2939220 
0.2924348 
0.2933217 
0.2933876 
0.2928369 
0.2938759 
0.2944737 
0.2922747 
0.2915969 
0.2851940 
0.2832983 
0.2869122 
0.2938411 
0.2939835 
0.2924789 
0.2891343 
0.2876240 
0.2869936 
0.2872254 
0.2875477 
0.2845892 
0.2853291 
0.2840768 
0.2832068 
0.2824754 
0.2810652 
0.2790440 
0.2798558 
0.2790202 
0.2797246 
0.2785589 
0.2784576 
0.2777647 
0.2778738 
0.2769852 
0.2759853 
0.2764867 
0.2780235 
0.2797826 
0.2780537 
0.2783458 
0.2765475 
0.2761964 
0.2749119 
0.2727982 
0.2747996 
0.2729933 
0.2737700 
0.2759600 
0.2728077 
0.2711826 
0.2705875 
0.2691403 
0.2640769 
0.2649468 
0.2633315 
0.2617539 
0.2624470 
0.2648432 
0.2649747 
0.2650562 
0.2671289 
0.2672476 
0.2651344 
0.2626282 
0.2639366 
0.2643358 
0.2640388 
0.2650532 
0.2622053 
0.2649773 
0.2639853 
0.2601576 
0.2604796 
0.2599955 
0.2608372 
0.2590887 
0.2580860 
0.2621327 
0.2603150 
0.2606488 
0.2610269 
0.2616929 
0.2632037 
0.2610324 
0.2635448 
0.2616839 
0.2612578 
0.2593482 
0.2565511 
0.2578644 
0.2601703 
0.2591730 
0.2590661 
0.2585088 
0.2573337 
0.2519071 
0.2524204 
0.2541403 
0.2543424 
0.2525087 
0.2516628 
0.2546301 
0.2546898 
0.2545799 
0.2531421 
0.2521046 
0.2506607 
0.2504323 
0.2506391 
0.2544526 
0.2544110 
0.2538417 
0.2542192 
0.2574053 
0.2559010 
0.2554819 
0.2565483 
0.2549755 
0.2539701 
0.2545092 
0.2552651 
0.2554770 
0.2515421 
0.2516945 
0.2545146 
0.2545832 
0.2537222 
0.2541843 
0.2550333 
0.2528674 
0.2514216 
0.2543432 
0.2534120 
0.2503398 
0.2478926 
0.2501459 
0.2512596 
0.2499021 
0.2518953 
0.2512706 
0.2514438 
0.2535217 
0.2541002 
0.2545855 
0.2534886 
0.2520930 
0.2479325 
0.2433597 
0.2400931 
0.2386293 
0.2389457 
0.2388749 
0.2379684 
0.2377890 
0.2373907 
0.2380739 
0.2377858 
0.2390612 
0.2407921 
0.2387730 
0.2403395 
0.2404448 
0.2398116 
0.2362894 
0.2354068 
0.2362487 
0.2347027 
0.2343306 
0.2342827 
0.2350739 
0.2337536 
0.2335486 
0.2356012 
0.2355389 
0.2365272 
0.2361702 
0.2341757 
0.2344204 
0.2323383 
0.2326424 
0.2339560 
0.2351831 
0.2348089 
0.2353794 
0.2351197 
0.2349237 
0.2304775 
0.2315485 
0.2322855 
0.2301558 
0.2316957 
0.2299617 
0.2303913 
0.2304016 
0.2286115 
0.2290899 
0.2280102 
0.2290966 
0.2315062 
0.2286656 
0.2305539 
0.2320435 
0.2349892 
0.2314038 
0.2313634 
0.2302583 
0.2297989 
0.2279136 
0.2253858 
0.2273784 
0.2271441 
0.2262619 
0.2242995 
0.2255120 
0.2252869 
0.2237434 
0.2254542 
0.2248960 
0.2230629 
0.2197632 
0.2209551 
0.2203853 
0.2195996 
0.2177543 
0.2170669 
0.2181041 
0.2147121 
0.2159288 
0.2185511 
0.2161475 
0.2172944 
0.2167971 
0.2155621 
0.2135822 
0.2125349 
0.2142806 
0.2134077 
0.2145436 
0.2115793 
0.2099832 
0.2109089 
0.2095008 
0.2113651 
0.2104913 
0.2103460 
0.2084591 
0.2101204 
0.2064343 
0.2060149 
0.2085228 
0.2085627 
0.2071982 
0.2088451 
0.2090365 
0.2112163 
0.2084407 
0.2087983 
0.2018493 
0.1989720 
0.1963914 
0.1971846 
0.1953562 
0.1959870 
0.1964370 
0.1995742 
0.2022400 
0.2050666 
0.2070300 
0.2094566 
0.2071288 
0.2060494 
0.2059575 
0.2067639 
0.2083769 
0.2076212 
0.2041692 
0.2043332 
0.2048101 
0.2033737 
0.2042008 
0.2031679 
0.1995989 
0.1991756 
0.1997618 
0.2016626 
0.2013706 
0.2015861 
0.2019831 
0.2022720 
0.1977066 
0.1984327 
0.1989983 
0.1993167 
0.2004661 
0.2010697 
0.1995406 
0.1931823 
0.1961114 
0.1969510 
0.1925700 
0.1925846 
0.1927046 
0.1930234 
0.1947379 
0.1932530 
0.1928283 
0.1937603 
0.1923009 
0.1898787 
0.1885543 
0.1884359 
0.1897509 
0.1864635 
0.1866678 
0.1850342 
0.1882425 
0.1862731 
0.1838433 
0.1849410 
0.1834737 
0.1845377 
0.1844434 
0.1850830 
0.1881751 
0.1872124 
0.1890917 
0.1893850 
0.1885489 
0.1846599 
0.1807211 
0.1774725 
0.1803943 
0.1801414 
0.1810335 
0.1803776 
0.1810584 
0.1790385 
0.1783817 
0.1773920 
0.1751884 
0.1758752 
0.1769547 
0.1760686 
0.1768538 
0.1780549 
0.1786531 
0.1786772 
0.1747027 
0.1765413 
0.1756622 
0.1737866 
0.1713431 
0.1711748 
0.1723109 
0.1724640 
0.1714224 
0.1710598 
0.1713649 
0.1686888 
0.1720153 
0.1733839 
0.1750065 
0.1734027 
0.1729806 
0.1738188 
0.1670914 
0.1648230 
0.1668094 
0.1658973 
0.1675464 
0.1675519 
0.1663084 
0.1662716 
0.1676023 
0.1669675 
0.1649835 
0.1649970 
0.1678299 
0.1676917 
0.1648151 
0.1633656 
0.1646653 
0.1634470 
0.1625549 
0.1624555 
0.1588482 
0.1604872 
0.1624156 
0.1616696 
0.1607035 
0.1581444 
0.1580313 
0.1580884 
0.1603989 
0.1600488 
0.1610277 
0.1607945 
0.1606873 
0.1596758 
0.1607130 
0.1668982 
0.1620932 
0.1604341 
0.1645840 
0.1645667 
0.1620421 
0.1623488 
0.1608629 
0.1604408 
0.1587718 
0.1509167 
0.1485126 
0.1527464 
0.1506245 
0.1534524 
0.1493990 
0.1512822 
0.1503097 
0.1483772 
0.1498897 
0.1478842 
0.1470700 
0.1483614 
0.1478117 
0.1457412 
0.1462462 
0.1493111 
0.1488521 
0.1492673 
0.1475198 
0.1506767 
0.1511465 
0.1468809 
0.1492095 
0.1498784 
0.1457151 
0.1464502 
0.1485769 
0.1458615 
0.1443067 
0.1434447 
0.1447423 
0.1470420 
0.1446099 
0.1444024 
0.1454588 
0.1439968 
0.1427809 
0.1447580 
0.1437101 
0.1431884 
0.1440966 
0.1441563 
0.1432934 
0.1448975 
0.1429589 
0.1436832 
0.1438466 
0.1446531 
0.1454738 
0.1460686 
0.1453856 
0.1466815 
0.1448387 
0.1433251 
0.1439729 
0.1416786 
0.1425805 
0.1436459 
0.1421225 
0.1426951 
0.1416528 
0.1420317 
0.1400848 
0.1433044 
0.1430693 
0.1388853 
0.1377399 
0.1385387 
0.1355481 
0.1329557 
0.1306515 
0.1332471 
0.1306819 
0.1325119 
0.1319810 
0.1314183 
0.1327295 
0.1334117 
0.1342814 
0.1318222 
0.1312158 
0.1311085 
0.1313345 
0.1313807 
0.1297461 
0.1297484 
0.1319320 
0.1331557 
0.1319405 
0.1304764 
0.1300582 
0.1301220 
0.1307717 
0.1282112 
0.1260437 
0.1258655 
0.1258312 
0.1267398 
0.1253018 
0.1238057 
0.1230590 
0.1241283 
0.1240215 
0.1221312 
0.1221528 
0.1202179 
0.1227476 
0.1220847 
0.1252626 
0.1252453 
0.1240993 
0.1231278 
0.1198163 
0.1198910 
0.1163020 
0.1166142 
0.1176299 
0.1161584 
0.1193200 
0.1206863 
0.1192391 
0.1213194 
0.1243888 
0.1223310 
0.1189688 
0.1153122 
0.1091433 
0.1072649 
0.1068300 
0.1069455 
0.1049094 
0.1050649 
0.1029491 
0.1019248 
0.1033092 
0.1024030 
0.1029136 
0.1039452 
0.1038542 
0.1061944 
0.1047877 
0.1030767 
0.1043163 
0.1053966 
0.1055436 
0.1059260 
0.1047991 
0.1036071 
0.1028318 
0.1026097 
0.1023814 
0.1009637 
0.1017010 
0.1018452 
0.1039483 
0.1046538 
0.1049031 
0.1046364 
0.1047717 
0.1034960 
0.1035996 
0.1044076 
0.1049192 
0.1057887 
0.1056340 
0.1049363 
0.1015526 
0.1012443 
0.1003774 
0.1029571 
0.1050286 
0.1048407 
0.1036196 
0.1026529 
0.1045419 
0.1036825 
0.1038901 
0.0987848 
0.0985869 
0.0959980 
0.0961946 
0.0980230 
0.0992126 
0.0962126 
0.0993003 
0.0985612 
0.0991233 
0.0962132 
0.0976570 
0.0972627 
0.0939520 
0.0944592 
0.0941941 
0.0941184 
0.0963566 
0.0973883 
0.0964139 
0.0942847 
0.0946343 
0.0932619 
0.0932041 
0.0939651 
0.0946770 
0.0960761 
0.0947462 
0.0943684 
0.0948897 
0.0931632 
0.0923814 
0.0926248 
0.0916933 
0.0914306 
0.0896226 
0.0917040 
0.0896612 
0.0899216 
0.0924241 
0.0919044 
0.0918570 
0.0930479 
0.0915247 
0.0918024 
0.0918453 
0.0921142 
0.0888956 
0.0893833 
0.0865099 
0.0879384 
0.0874018 
0.0896797 
0.0885578 
0.0893031 
0.0904560 
0.0893501 
0.0858311 
0.0900608 
0.0885841 
0.0869337 
0.0845092 
0.0885241 
0.0881185 
0.0873066 
0.0870509 
0.0870849 
0.0857410 
0.0859278 
0.0880881 
0.0831390 
0.0853300 
0.0867909 
0.0854579 
0.0785166 
0.0784017 
0.0829681 
0.0824053 
0.0809096 
0.0802583 
0.0795952 
0.0826232 
0.0793849 
0.0794512 
0.0813585 
0.0795889 
0.0794544 
0.0787056 
0.0789103 
0.0780287 
0.0788942 
0.0756518 
0.0754809 
0.0752270 
0.0746275 
0.0732263 
0.0716802 
0.0747018 
0.0735129 
0.0702144 
0.0726028 
0.0737094 
0.0732184 
0.0716729 
0.0692807 
0.0692347 
0.0692908 
0.0703372 
0.0663280 
0.0660232 
0.0711946 
0.0705369 
0.0704531 
0.0726687 
0.0702047 
0.0657899 
0.0671688 
0.0664259 
0.0662756 
0.0668483 
0.0671988 
0.0661313 
0.0660459 
0.0642590 
0.0591473 
0.0616568 
0.0594916 
0.0568521 
0.0589642 
0.0587184 
0.0616382 
0.0589344 
0.0519989 
0.0529176 
0.0563988 
0.0573028 
0.0579728 
0.0542870 
0.0514601 
0.0507598 
0.0484976 
0.0539471 
0.0551213 
0.0554806 
0.0599748 
0.0566017 
0.0569725 
0.0562083 
0.0532457 
0.0546218 
0.0541899 
0.0525959 
0.0557255 
0.0539912 
0.0548509 
0.0553388 
0.0570616 
0.0604498 
0.0619617 
0.0629959 
0.0627866 
0.0610586 
0.0616927 
0.0613453 
0.0621081 
0.0622172 
0.0651601 
0.0641782 
0.0640764 
0.0632544 
0.0620803 
0.0621384 
0.0614541 
0.0592578 
0.0609194 
0.0623731 
0.0641959 
0.0658963 
0.0656509 
0.0631331 
0.0612516 
0.0602203 
0.0608372 
0.0599643 
0.0569030 
0.0573111 
0.0578716 
0.0611494 
0.0590291 
0.0592610 
0.0603615 
0.0599191 
0.0603150 
0.0586651 
0.0552670 
0.0546708 
0.0543954 
0.0561030 
0.0531854 
0.0526295 
0.0533539 
0.0527084 
0.0518139 
0.0507111 
0.0517425 
0.0511982 
0.0514342 
0.0502885 
0.0491797 
0.0444813 
0.0412023 
0.0413296 
0.0481068 
0.0469496 
0.0472640 
0.0451871 
0.0441272 
0.0451277 
0.0458392 
0.0488775 
0.0485786 
0.0483234 
0.0473049 
0.0467022 
0.0453851 
0.0464705 
0.0461399 
0.0463515 
0.0466569 
0.0452571 
0.0430951 
0.0437741 
0.0426519 
0.0434323 
0.0417224 
0.0407555 
0.0383680 
0.0409765 
0.0399421 
0.0372559 
0.0361358 
0.0369560 
0.0331771 
0.0315773 
0.0328977 
0.0368977 
0.0405023 
0.0384889 
0.0263795 
0.0255931 
0.0259897 
0.0259960 
0.0267660 
0.0270971 
0.0272402 
0.0254148 
0.0240740 
0.0251571 
0.0280795 
0.0260496 
0.0262920 
0.0233823 
0.0247954 
0.0266071 
0.0230036 
0.0228294 
0.0224068 
0.0225270 
0.0260507 
0.0255659 
0.0248898 
0.0240550 
0.0220354 
0.0231359 
0.0219193 
0.0243864 
0.0225648 
0.0204404 
0.0243923 
0.0250965 
0.0235770 
0.0227674 
0.0224378 
0.0228288 
0.0222406 
0.0217757 
0.0202914 
0.0213503 
0.0201936 
0.0180776 
0.0177316 
0.0192470 
0.0193335 
0.0168716 
0.0148207 
0.0151473 
0.0150519 
0.0156730 
0.0194111 
0.0179338 
0.0123895 
0.0096644 
0.0086656 
0.0095842 
0.0116416 
0.0100204 
0.0089087 
0.0081292 
0.0093971 
0.0085155 
0.0090462 
0.0099687 
0.0089538 
0.0104248 
0.0084267 
0.0089985 
0.0083653 
0.0049484 
0.0055598 
0.0074041 
0.0068863 
0.0098970 
0.0100109 
0.0103074 
0.0110128 
0.0111769 
0.0081247 
0.0106421 
0.0099914 
0.0112929 
0.0162442 
0.0189554 
0.0238972 
0.0234177 
0.0233449 
0.0222187 
0.0210128 
0.0199090 
0.0215082 
0.0214630 
0.0185643 
0.0025305 
0.0011297 
0.0015403 
0.0021433 
0.0022008 
0.0029432 
0.0022810 
0.0000000 
0.0021014 
0.0039411 
0.0043721 
0.0035158 
0.0034596 
