0.0000572 
-0.0000639 
-0.0000733 
-0.4868090 
-0.2568375 
0.1152594 
0.1094318 
0.0909909 
0.0726280 
0.0802488 
0.0874090 
0.0964002 
0.0829587 
0.0932240 
0.0915857 
0.0977790 
0.1010489 
0.1051762 
0.0972180 
0.0864620 
0.0973745 
0.0830743 
0.0986156 
0.0938259 
0.0930839 
0.0915090 
0.0925197 
0.0930246 
0.0769189 
0.0676119 
0.0760345 
0.0634535 
0.0538399 
0.0619343 
0.0533987 
0.0653416 
0.0534020 
0.0495765 
0.0478231 
0.0454683 
0.0475612 
0.0456055 
0.0493135 
0.0484382 
0.0417550 
0.0180525 
0.0179766 
0.0238310 
0.0353720 
0.0506192 
0.0485203 
0.0466375 
0.0327836 
0.0348555 
0.0375750 
0.0404695 
0.0227841 
0.0211645 
0.0283788 
0.0266156 
0.0171342 
0.0130224 
0.0108778 
0.0312920 
0.0325448 
0.0337010 
0.0217597 
0.0232485 
0.0213413 
0.0000000 
0.0081700 
0.0136001 
0.0067952 
0.0090442 
0.0208511 
0.0144888 
0.0310467 
0.0285024 
0.0348412 
0.0279205 
0.0277115 
0.0443421 
0.0419814 
0.0431348 
0.0335577 
0.0413761 
0.0438461 
0.0359439 
0.0370328 
0.0182343 
0.0332366 
0.0298191 
0.0311423 
0.0322940 
0.0479565 
0.0433657 
0.0481398 
0.0319600 
0.0497705 
0.0570578 
0.0456781 
0.0434897 
0.0435439 
0.0503379 
0.0691193 
0.0629051 
0.0536337 
0.0657074 
0.0520351 
0.0493420 
0.0495133 
0.0454075 
0.0594166 
0.0507627 
0.0453371 
0.0566740 
0.0619804 
0.0641866 
0.0638537 
0.0648838 
0.0720912 
0.0737166 
0.0704175 
0.0671142 
0.0733806 
0.0646286 
0.0672336 
0.0692263 
0.0741243 
0.0614289 
0.0676209 
0.0742015 
0.0705318 
0.0677693 
0.0654521 
0.0776490 
0.0788229 
0.0740149 
0.0729222 
0.0692646 
0.0787649 
0.0765678 
0.0840673 
0.0825765 
0.0837865 
0.0845426 
0.0892491 
0.0964881 
0.1046022 
0.1090289 
0.1063369 
0.1067677 
0.0986195 
0.1113967 
0.0967215 
0.0967161 
0.1041728 
0.0878079 
0.0954740 
0.0920459 
0.1031024 
0.1100563 
0.1259039 
0.1094544 
0.1110859 
0.1141860 
0.1217208 
0.1195827 
0.1290594 
0.1380372 
0.1304005 
0.1556200 
0.1218543 
0.1083889 
0.1236088 
0.1167821 
0.1228004 
0.1366765 
0.1207241 
0.1262037 
0.1259406 
0.1193272 
0.1395368 
0.1472045 
0.1552726 
0.1444199 
0.1444218 
0.1419204 
0.1502132 
0.1469594 
0.1352229 
0.1396249 
0.1434493 
0.1378922 
0.1379673 
0.1261841 
0.1329707 
0.1478247 
0.1538126 
0.1727595 
0.1683092 
0.1552727 
0.1304486 
0.1135923 
0.1224171 
0.1401290 
0.1571246 
0.1530081 
0.1556157 
0.1632918 
0.1633371 
0.1674874 
0.1767287 
0.1771590 
0.1869550 
0.1824424 
0.1846502 
0.1797815 
0.1882527 
0.1939188 
0.2031157 
0.2073342 
0.1906052 
0.1905802 
0.1794543 
0.2183720 
0.2116454 
0.2069706 
0.1956389 
0.2113569 
0.1962595 
0.1893377 
0.1927618 
0.1957089 
0.2155141 
0.1927363 
0.1991116 
0.2015391 
0.2026567 
0.2069207 
0.2220218 
0.2032384 
0.2084317 
0.2053074 
0.1990016 
0.2005705 
0.2064273 
0.1958465 
0.2131621 
0.2149827 
0.2170155 
0.2129767 
0.2201379 
0.2110156 
0.1977342 
0.1949696 
0.2014732 
0.2182768 
0.2058568 
0.1960791 
0.1985105 
0.2044926 
0.2128005 
0.2131058 
0.2079289 
0.1989381 
0.1981965 
0.2110026 
0.2259030 
0.2322991 
0.2195723 
0.1991040 
0.2082359 
0.2130724 
0.2080777 
0.2348339 
0.2464277 
0.2438571 
0.2525567 
0.2560012 
0.2389392 
0.2530083 
0.2598912 
0.2599236 
0.2526571 
0.2529157 
0.2446648 
0.2650933 
0.2728187 
0.2713362 
0.2678916 
0.2677699 
0.2616968 
0.2835943 
0.2752666 
0.2729300 
0.2738839 
0.2822554 
0.3014568 
0.3041040 
0.2900551 
0.3116404 
0.3105400 
0.3086654 
0.2931736 
0.2897309 
0.2807799 
0.2781767 
0.2934995 
0.3061601 
0.3081888 
0.3080508 
0.3087924 
0.3009327 
0.2941784 
0.2941157 
0.2982351 
0.2977051 
0.2931517 
0.2871090 
0.3026772 
0.2956815 
0.3029957 
0.2882846 
0.2833934 
0.2801775 
0.2837796 
0.2767133 
0.2755325 
0.2784191 
0.2769273 
0.2790172 
0.2725608 
0.2898112 
0.3012289 
0.2934230 
0.2951911 
0.2840213 
0.2966295 
0.3057362 
0.3022571 
0.2953963 
0.2918178 
0.2924944 
0.2899572 
0.2984595 
0.2813845 
0.2873724 
0.2920722 
0.3098159 
0.2994759 
0.3047103 
0.3106215 
0.2992892 
0.2844555 
0.2924342 
0.2898979 
0.2930814 
0.2975355 
0.3165709 
0.3120458 
0.3212030 
0.3162538 
0.3121426 
0.3117253 
0.3062781 
0.3113740 
0.3151475 
0.3020398 
0.3100003 
0.2975269 
0.2912054 
0.2998110 
0.3107886 
0.3265080 
0.3228027 
0.3177659 
0.3133776 
0.3306063 
0.3363810 
0.3295438 
0.3259059 
0.3256241 
0.3344717 
0.3312634 
0.3331660 
0.3387974 
0.3387203 
0.3331043 
0.3363902 
0.3393423 
0.3464968 
0.3548474 
0.3526977 
0.3521668 
0.3708832 
0.3764299 
0.3768888 
0.3727264 
0.3770781 
0.3572615 
0.3598281 
0.3720326 
0.3792387 
0.3581686 
0.3536666 
0.3753294 
0.3826309 
0.3829525 
0.3807530 
0.3904429 
0.4098760 
0.4049007 
0.3948406 
0.3990795 
0.3995327 
0.3867002 
0.4023255 
0.4131538 
0.4034521 
0.3996896 
0.4250572 
0.4277299 
0.4165278 
0.4154162 
0.4088076 
0.4101952 
0.4050353 
0.3888388 
0.4063155 
0.3956853 
0.4127972 
0.3954958 
0.3916619 
0.3910263 
0.3982516 
0.4066006 
0.4020751 
0.4088105 
0.4041685 
0.3999051 
0.4093974 
0.4044610 
0.4021047 
0.4216723 
0.4213073 
0.4077126 
0.4139266 
0.4135708 
0.4209112 
0.4121674 
0.4157412 
0.4095979 
0.4088998 
0.4139175 
0.4208324 
0.4229005 
0.4288563 
0.4352053 
0.4324307 
0.4556894 
0.4383549 
0.4259778 
0.4246871 
0.4117950 
0.3996473 
0.4136331 
0.4327032 
0.4387272 
0.4360039 
0.4263517 
0.4191134 
0.4237476 
0.4239009 
0.4304666 
0.4439882 
0.4420763 
0.4390663 
0.4412568 
0.4512719 
0.4608457 
0.4794717 
0.4633914 
0.4755056 
0.4833010 
0.4831111 
0.4862363 
0.4943222 
0.4915867 
0.5018932 
0.4797932 
0.4914325 
0.4981420 
0.5181429 
0.5052311 
0.5030840 
0.4931822 
0.4903027 
0.4961821 
0.4922337 
0.4881476 
0.4955482 
0.4887454 
0.4803186 
0.4847723 
0.4893311 
0.4953757 
0.4967754 
0.4979285 
0.4955992 
0.4762572 
0.4817267 
0.4956290 
0.4972343 
0.5012226 
0.4937743 
0.4859687 
0.4831457 
0.4911018 
0.4867107 
0.4930149 
0.5100587 
0.5026332 
0.5079780 
0.5174203 
0.5057035 
0.5032343 
0.5008634 
0.5165228 
0.5037751 
0.5072557 
0.5186936 
0.5202983 
0.5150376 
0.5158431 
0.5187564 
0.5149535 
0.5160793 
0.5315264 
0.5295072 
0.5367365 
0.5361799 
0.5353600 
0.5435160 
0.5438913 
0.5455234 
0.5549737 
0.5719783 
0.5735073 
0.5873201 
0.5829114 
0.5766548 
0.5756683 
0.5752521 
0.5832076 
0.5786257 
0.5866014 
0.5965456 
0.6038217 
0.5968109 
0.5902504 
0.5920384 
0.5751683 
0.5838436 
0.5912263 
0.5951317 
0.5899409 
0.5730022 
0.5866452 
0.5884558 
0.5968427 
0.5865760 
0.5995551 
0.6010018 
0.5996133 
0.6055895 
0.5962733 
0.6206203 
0.6211552 
0.6128265 
0.6137029 
0.6075748 
0.6056526 
0.6106204 
0.5835180 
0.5445816 
0.5803289 
0.5992135 
0.6128725 
0.6188451 
0.6207669 
0.6097446 
0.6056704 
0.6024674 
0.6072385 
0.6185772 
0.6218990 
0.6314314 
0.6267644 
0.6123162 
0.6182953 
0.6197295 
0.6110674 
0.6275870 
0.6263208 
0.6423404 
0.6351576 
0.6354929 
0.6397013 
0.6515393 
0.6282032 
0.6430559 
0.6183538 
0.6363739 
0.6309899 
0.6389220 
0.6389281 
0.6472979 
0.6338161 
0.6458945 
0.6388925 
0.6421504 
0.6394139 
0.6488265 
0.6413654 
0.6499031 
0.6630260 
0.6629256 
0.6637058 
0.6644537 
0.6553824 
0.6619174 
0.6496568 
0.6485784 
0.6544950 
0.6487612 
0.6505561 
0.6502178 
0.6443214 
0.6476519 
0.6397358 
0.6459777 
0.6366274 
0.6437018 
0.6291830 
0.6397565 
0.6333963 
0.6321313 
0.6381574 
0.6333993 
0.6334971 
0.6417763 
0.6567734 
0.6534749 
0.6544305 
0.6611937 
0.6619618 
0.6413053 
0.6241493 
0.6204229 
0.6265927 
0.6564760 
0.6467304 
0.6564087 
0.6590801 
0.6601822 
0.6733944 
0.6655507 
0.6770114 
0.6769958 
0.6805067 
0.6906464 
0.6891375 
0.6783104 
0.6887177 
0.6856863 
0.6711191 
0.6711724 
0.6659373 
0.6660053 
0.6477398 
0.6661541 
0.6628070 
0.6664456 
0.6559807 
0.6624136 
0.6752647 
0.6682575 
0.6573294 
0.6691182 
0.6711686 
0.6773583 
0.6786912 
0.6698470 
0.6731966 
0.6471999 
0.6426360 
0.6437188 
0.6614508 
0.6730381 
0.6717957 
0.6625983 
0.6691309 
0.6668040 
0.6830277 
0.6752392 
0.6757689 
0.6731278 
0.6667278 
0.6757772 
0.6904374 
0.6825864 
0.6910279 
0.6789194 
0.6872945 
0.6876225 
0.6815338 
0.7015515 
0.6967511 
0.7024686 
0.7018277 
0.6964086 
0.6878421 
0.6904413 
0.6944236 
0.6973754 
0.6911456 
0.6871137 
0.6652624 
0.6689267 
0.6713743 
0.6693209 
0.6911737 
0.6934946 
0.7054499 
0.7005841 
0.7145163 
0.7078131 
0.6994358 
0.6977918 
0.6764071 
0.6720987 
0.6670801 
0.6801205 
0.6781612 
0.7039398 
0.7268558 
0.7487874 
0.7598083 
0.7574019 
0.7644003 
0.7615707 
0.7411452 
0.7414500 
0.7311503 
0.7268368 
0.7301700 
0.7273551 
0.7512592 
0.7543507 
0.7445972 
0.7392770 
0.7279217 
0.7432225 
0.7603960 
0.7562572 
0.7569616 
0.7599365 
0.7420217 
0.7395141 
0.7312522 
0.7328242 
0.7239284 
0.7356535 
0.7578909 
0.7373803 
0.7602479 
0.7528915 
0.7613966 
0.7312706 
0.7331164 
0.7154396 
0.7467689 
0.7233251 
0.7221548 
0.7251644 
0.7206608 
0.7181805 
0.7278552 
0.7413802 
0.7447974 
0.7442699 
0.7398046 
0.7489686 
0.7360123 
0.7430063 
0.7479975 
0.7416599 
0.7472124 
0.7433831 
0.7638115 
0.7509643 
0.7479782 
0.7400869 
0.7629220 
0.7699805 
0.7602903 
0.7563738 
0.7588267 
0.7647874 
0.7728783 
0.7748499 
0.7833301 
0.7827975 
0.7849354 
0.7892436 
0.7885512 
0.7889060 
0.7922699 
0.7927702 
0.8006379 
0.7860829 
0.7983078 
0.7919908 
0.7845775 
0.7757288 
0.7877349 
0.7759141 
0.7571202 
0.7772228 
0.7662593 
0.7730411 
0.7576008 
0.7644394 
0.7508910 
0.7640050 
0.7693405 
0.7779231 
0.7848552 
0.7948846 
0.7707378 
0.7633919 
0.7671808 
0.7732524 
0.7798751 
0.7897848 
0.7980925 
0.7944718 
0.7967348 
0.7794492 
0.7821212 
0.7744354 
0.7656767 
0.7783055 
0.7747992 
0.7805862 
0.7936836 
0.8003486 
0.8154827 
0.8137695 
0.8194183 
0.8270796 
0.8222502 
0.8288345 
0.8343054 
0.8452093 
0.8243798 
0.8276044 
0.8096906 
0.8064037 
0.8237035 
0.8144032 
0.8081207 
0.8160418 
0.8239604 
0.8215758 
0.8268627 
0.8391984 
0.8468442 
0.8470391 
0.8357972 
0.8370328 
0.8236474 
0.8157008 
0.8124301 
0.8347691 
0.8353710 
0.8427921 
0.8459210 
0.8402964 
0.8406118 
0.8355542 
0.8190352 
0.8470340 
0.8399903 
0.8321095 
0.8287989 
0.8148988 
0.8229446 
0.8245040 
0.8262310 
0.8313796 
0.8353378 
0.8462790 
0.8295143 
0.8283984 
0.8311016 
0.8152104 
0.8254371 
0.8251762 
0.8296340 
0.8309417 
0.8353848 
0.8386547 
0.8369351 
0.8296248 
0.8362837 
0.8413832 
0.8261248 
0.8396828 
0.8399665 
0.8277235 
0.8512971 
0.8476446 
0.8556453 
0.8641997 
0.8486685 
0.8514738 
0.8720536 
0.8761492 
0.8740213 
0.8776464 
0.8619940 
0.8739685 
0.8539755 
0.8386503 
0.8218981 
0.8237541 
0.8310581 
0.8319469 
0.8408556 
0.8377053 
0.8492908 
0.8436201 
0.8452840 
0.8463991 
0.8341031 
0.8322099 
0.8290381 
0.8182922 
0.8225338 
0.8199581 
0.8037562 
0.7999009 
0.8201913 
0.8405508 
0.8523454 
0.8667700 
0.8499433 
0.8388366 
0.8483434 
0.8648067 
0.8726115 
0.8577914 
0.8604653 
0.8760492 
0.8746468 
0.8787574 
0.8897628 
0.8878994 
0.8780408 
0.8861299 
0.8793794 
0.8734488 
0.8738729 
0.8741523 
0.8854496 
0.8825334 
0.8816669 
0.8944931 
0.8856781 
0.8817450 
0.8705779 
0.8737790 
0.8677927 
0.8882737 
0.8954557 
0.9050003 
0.9085432 
0.8976576 
0.8838707 
0.8736905 
0.8797294 
0.8424440 
0.8534724 
0.8496421 
0.8562204 
0.8766125 
0.8624388 
0.8683461 
0.8572128 
0.8475512 
0.8601698 
0.8653930 
0.8691290 
0.8610636 
0.8595031 
0.8621720 
0.8631097 
0.8689381 
0.8697065 
0.8631676 
0.8708614 
0.8705496 
0.8782239 
0.8737383 
0.8878692 
0.8986625 
0.8928666 
0.9012800 
0.8859500 
0.8884864 
0.8945568 
0.8982099 
0.8881122 
0.8977047 
0.8905578 
0.8941874 
0.8912853 
0.8714963 
0.8821564 
0.8853260 
0.8734955 
0.8695804 
0.8927157 
0.8961077 
0.9083614 
0.9008017 
0.8927031 
0.8707938 
0.8717703 
0.8624104 
0.8573474 
0.8598830 
0.8532245 
0.8564639 
0.8542711 
0.8539350 
0.8492267 
0.8484894 
0.8544988 
0.8501022 
0.8545159 
0.8503516 
0.8606748 
0.8598965 
0.8845609 
0.8886018 
0.8846200 
0.8822382 
0.8871010 
0.8905594 
0.8927635 
0.8899387 
0.8815327 
0.8878716 
0.8870861 
0.8954652 
0.8733903 
0.8844251 
0.8873551 
0.8801416 
0.8945453 
0.8946000 
0.8861541 
0.8783944 
0.8810573 
0.8780724 
0.8729543 
0.8927729 
0.8958178 
0.8720090 
0.8573810 
0.8533802 
0.8590419 
0.8628303 
0.8856243 
0.8835953 
0.8729233 
0.8705715 
0.8833955 
0.8869173 
0.8884327 
0.8803991 
0.8827147 
0.8911122 
0.8828472 
0.8700185 
0.8843368 
0.8759204 
0.8844812 
0.8868963 
0.8922296 
0.8878326 
0.8813061 
0.8803340 
0.8981008 
0.8838096 
0.8770330 
0.8873939 
0.8827271 
0.8740166 
0.8929943 
0.8980360 
0.8770321 
0.8711612 
0.8812249 
0.8770731 
0.8679336 
0.8598486 
0.8747697 
0.8871442 
0.8871839 
0.8796176 
0.8791021 
0.8878364 
0.8836245 
0.8807792 
0.8770931 
0.8958232 
0.9112471 
0.8940891 
0.8622620 
0.8611880 
0.8651125 
0.8826324 
0.8812390 
0.8747213 
0.8875738 
0.9020611 
0.8990161 
0.8967522 
0.8882998 
0.8969001 
0.8690922 
0.8570929 
0.8611002 
0.8747752 
0.8746746 
0.8648729 
0.8653777 
0.8571134 
0.8702637 
0.8769493 
0.8612624 
0.8663508 
0.8967731 
0.8970837 
0.8789511 
0.8960290 
0.8917801 
0.8928632 
0.8981000 
0.9040909 
0.9009108 
0.8937053 
0.8961611 
0.8915924 
0.8827878 
0.8946618 
0.8930144 
0.8853572 
0.8935271 
0.9055448 
0.9062647 
0.9111995 
0.9050923 
0.8913921 
0.8957519 
0.8922952 
0.9070564 
0.9024921 
0.8895156 
0.8978846 
0.9026837 
0.8874587 
0.8916823 
0.8903380 
0.8932424 
0.9035511 
0.9084903 
0.8976100 
0.9068135 
0.9053674 
0.9107486 
0.9057506 
0.9231265 
0.9196919 
0.9771501 
0.9857601 
0.9749763 
0.9840354 
0.9784937 
0.9756744 
0.9526167 
0.9396932 
0.9301562 
0.9365568 
0.9347328 
0.9213961 
0.9146014 
0.9178243 
0.9222361 
0.9142334 
0.9152199 
0.9033297 
0.9037786 
0.8969683 
0.8972789 
0.8939147 
0.8925133 
0.9002876 
0.8880429 
0.8943109 
0.9050017 
0.9023739 
0.9032417 
0.9097362 
0.8985407 
0.8909351 
0.8900979 
0.8917683 
0.8939389 
0.8911551 
0.9050757 
0.8953682 
0.8859877 
0.8894765 
0.8859820 
0.8883782 
0.9337692 
0.9450497 
0.9305544 
0.9209678 
0.9155755 
0.9171616 
0.9145461 
0.9183629 
0.9110375 
0.8983401 
0.9082357 
0.9028762 
0.9081596 
0.9081257 
0.9018387 
0.9026038 
0.8746274 
0.8914892 
0.8893616 
0.9062003 
0.9009807 
0.8951909 
0.8877033 
0.8747606 
0.8818470 
0.8794967 
0.8856149 
0.8862077 
0.8938133 
0.8941745 
0.8908114 
0.8905488 
0.8821827 
0.8816489 
0.8924103 
0.8898641 
0.8792780 
0.8927156 
0.9015100 
0.8950484 
0.9012542 
0.9018487 
0.9067736 
0.9064704 
0.8972229 
0.9007294 
0.8959807 
0.8880776 
0.9007466 
0.9192203 
0.9231768 
0.9386766 
0.9523570 
0.9386671 
0.9386340 
0.9343670 
0.9408060 
0.9240372 
0.9126231 
0.9120405 
0.9093032 
0.9132031 
0.9098528 
0.9151256 
0.9154774 
0.9144239 
0.9017837 
0.9228563 
0.9234964 
0.9103730 
0.9137351 
0.9154147 
0.9203964 
0.9193291 
0.9254935 
0.9240449 
0.9084182 
0.9029206 
0.9223832 
0.9120845 
0.9121336 
0.9310886 
0.9036594 
0.8917531 
0.8909495 
0.9163866 
0.9151697 
0.9212353 
0.9317315 
0.9445756 
0.9336254 
0.9249592 
0.9291896 
0.9148564 
0.8984432 
0.9003140 
0.9016833 
0.9028992 
0.8803276 
0.8653349 
0.8907582 
0.9036037 
0.9005701 
0.9102594 
0.9117894 
0.9127676 
0.9131329 
0.9104141 
0.9174038 
0.9063341 
0.9031754 
0.9115002 
0.9053846 
0.9173731 
0.9176432 
0.9262929 
0.9004151 
0.9056599 
0.9074732 
0.9125738 
0.9176390 
0.9143537 
0.9057196 
0.9057009 
0.9057540 
0.9054152 
0.9216646 
0.9119994 
0.9084842 
0.9260650 
0.9250288 
0.9079389 
0.9065701 
0.9035284 
0.9222413 
0.9196108 
0.9231019 
0.9161876 
0.9264029 
0.9054856 
0.9271109 
0.9114816 
0.9071315 
0.9298077 
0.9045120 
0.8990290 
0.8954633 
0.8995215 
0.9000981 
0.8842616 
0.8910215 
0.8779883 
0.8700000 
0.8711786 
0.8578584 
0.8683536 
0.8880189 
0.8902643 
0.8987315 
0.8911287 
0.9021492 
0.9043831 
0.9047457 
0.9347894 
0.9497337 
0.9780789 
0.9578895 
0.9673084 
0.9743578 
0.9569162 
0.9214907 
0.9088838 
0.9008616 
0.8935701 
0.8785987 
0.8834653 
0.8810013 
0.8640197 
0.8627768 
0.8668016 
0.8622797 
0.8655034 
0.8658741 
0.8612931 
0.8598870 
0.8664724 
0.8666685 
0.8883478 
0.8895688 
0.8989513 
0.8991025 
0.8995885 
0.9024173 
0.8999033 
0.8907583 
0.8803083 
0.8898322 
0.8932935 
0.8855819 
0.8932289 
0.8951003 
0.9056469 
0.8877783 
0.8900609 
0.8928549 
0.8860783 
0.9030408 
0.8965311 
0.8978992 
0.8959003 
0.9058990 
0.9011909 
0.9143869 
0.9025396 
0.9018835 
0.9032409 
0.8979398 
0.9051699 
0.9014683 
0.9030595 
0.9014121 
0.8986911 
0.8915965 
0.8967715 
0.8887060 
0.8845573 
0.9137153 
0.9208948 
0.9096496 
0.9065058 
0.9174393 
0.9220603 
0.9250908 
0.9318329 
0.9270298 
0.9109679 
0.9032129 
0.8931938 
0.8923244 
0.8825866 
0.8865325 
0.8790496 
0.8770980 
0.8911724 
0.8837941 
0.8821788 
0.8610792 
0.8873148 
0.8910557 
0.8853070 
0.8853260 
0.8748216 
0.8932198 
0.8900199 
0.8958045 
0.9085790 
0.8960783 
0.9014008 
0.8990819 
0.9127142 
0.8906641 
0.8750797 
0.8698333 
0.8693850 
0.8892745 
0.8773323 
0.8813447 
0.8768258 
0.8714932 
0.8785995 
0.8794979 
0.8928883 
0.8818655 
0.8790230 
0.8700943 
0.8593003 
0.8729242 
0.8640167 
0.8672057 
0.8641794 
0.8547008 
0.8612382 
0.8683024 
0.8680677 
0.8741898 
0.8703192 
0.8568995 
0.8591905 
0.8548595 
0.8438927 
0.8772239 
0.8862525 
0.8850422 
0.8771052 
0.8699605 
0.8734428 
0.8809353 
0.8757552 
0.8659395 
0.8593071 
0.8643897 
0.8604087 
0.8697566 
0.8840376 
0.8750250 
0.8836013 
0.9025421 
0.9053339 
0.9070155 
0.9044687 
0.9017427 
0.8636039 
0.8649152 
0.8500657 
0.8487991 
0.8695262 
0.8563960 
0.8500963 
0.8523650 
0.8725181 
0.8730342 
0.8791654 
0.8849094 
0.8730169 
0.8791933 
0.8680170 
0.8778618 
0.8848846 
0.8750258 
0.8582857 
0.8708008 
0.8786646 
0.8807584 
0.8888523 
0.8903965 
0.8890882 
0.8910489 
0.8778860 
0.8834132 
0.8903210 
0.8945476 
0.8846829 
0.8935858 
0.8734593 
0.8687018 
0.8807705 
0.8898484 
0.8955506 
0.9065077 
0.9050789 
0.9021195 
0.9083546 
0.8929212 
0.8994873 
0.9083992 
0.9000965 
0.9209262 
0.9250461 
0.9227011 
0.9118265 
0.9170533 
0.9159489 
0.9366318 
0.9353500 
0.9369872 
0.9025497 
0.8901183 
0.8931737 
0.9026545 
0.8998790 
0.8951514 
0.9034253 
0.9115238 
0.9028614 
0.9079151 
0.9017672 
0.9111903 
0.9125982 
0.9043649 
0.8921349 
0.9051225 
0.9077132 
0.9008469 
0.9228475 
0.9142147 
0.9173138 
0.9175194 
0.9153030 
0.9084384 
0.9144619 
0.9001715 
0.9004845 
0.9138202 
0.9144599 
0.9029034 
0.8996846 
0.8952414 
0.8928997 
0.8901701 
0.9113925 
0.9063155 
0.9190793 
0.9173725 
0.9162486 
0.9171404 
0.9208791 
0.9121658 
0.9106449 
0.9089114 
0.9110028 
0.9042043 
0.9162045 
0.9206751 
0.8345437 
0.7992595 
0.8173971 
0.8295717 
0.8643400 
0.8863907 
0.8868312 
0.8790860 
0.8859915 
0.8913894 
0.8993301 
0.8989021 
0.9051095 
0.9056037 
0.8971438 
0.8888052 
0.9083664 
0.9060266 
0.9085213 
0.8963197 
0.8969356 
0.8895793 
0.9010689 
0.8985970 
0.9114790 
0.9137162 
0.9089678 
0.9012328 
0.8968112 
0.8967547 
0.8777779 
0.8733631 
0.8634829 
0.8823587 
0.8934406 
0.8910029 
0.8937139 
0.9073866 
0.9010696 
0.8926412 
0.8778197 
0.8902233 
0.8846520 
0.8811731 
0.8908299 
0.8870205 
0.8826111 
0.8958730 
0.8889016 
0.9027256 
0.8947017 
0.9071631 
0.9085457 
0.9028266 
0.9044516 
0.9061586 
0.9179181 
0.9047264 
0.8964577 
0.8856154 
0.8877393 
0.8910819 
0.8945884 
0.8989961 
0.9078291 
0.9067217 
0.9117160 
0.9163743 
0.9183957 
0.9132042 
0.9163984 
0.9183995 
0.9190427 
0.9257283 
0.9038219 
0.9250792 
0.9570884 
0.9608533 
0.9840511 
1.0000000 
0.9770772 
0.9736142 
0.9271104 
0.8667984 
0.8692265 
0.8713786 
0.8680573 
0.8542990 
0.8680193 
0.8844702 
0.8839300 
0.8754280 
0.8704630 
0.8744518 
0.8800750 
0.8684868 
0.8821588 
0.8786017 
0.8921313 
0.8833736 
0.8774116 
0.8859267 
0.8962834 
0.8899956 
0.8957977 
0.9003798 
0.8974233 
0.8978361 
0.8942484 
0.8846619 
0.8917116 
0.8757266 
0.8671780 
0.8580544 
0.8667992 
0.8729102 
0.8705581 
0.8857705 
0.8669007 
0.8640114 
0.8598666 
0.8632723 
0.8615138 
0.8607773 
0.8693616 
0.8603993 
0.8531803 
0.8688642 
0.8886835 
0.8659260 
0.8661357 
0.8711368 
0.8865528 
0.8654243 
0.8729159 
0.8716800 
0.8586082 
0.8580732 
0.8529649 
0.8257504 
0.8401636 
0.8573889 
0.8594392 
0.8610055 
0.8620877 
0.8714481 
0.8602827 
0.8654949 
0.8575467 
0.8524617 
0.8647859 
0.8624431 
0.8471617 
0.8511866 
0.8456899 
0.8544993 
0.8584697 
0.8686555 
0.8601985 
0.8675944 
0.8675132 
0.8559067 
0.8641534 
0.8638329 
0.8602574 
0.8549684 
0.8550297 
0.8551535 
0.8585812 
0.8504835 
0.8524027 
0.8501994 
0.8481197 
0.8290734 
0.8271850 
0.8296262 
0.8360734 
0.8345965 
0.8482249 
0.8488361 
0.8333642 
0.8279409 
0.8260809 
0.8316809 
0.8235868 
0.8343917 
0.8292022 
0.8361714 
0.8322475 
0.8224585 
0.8217160 
0.8237125 
0.8245336 
0.8306494 
0.8254599 
0.8395661 
0.8447939 
0.8273595 
0.8248551 
0.7972665 
0.8016841 
0.8076673 
0.8360410 
0.8356258 
0.8219446 
0.8091169 
0.8108611 
0.8093314 
0.8215983 
0.8292807 
0.8252198 
0.8172559 
0.8262605 
0.8169500 
0.8134148 
0.8114810 
0.8184226 
0.8129296 
0.8059487 
0.8119950 
0.8052789 
0.7900692 
0.8094759 
0.8108829 
0.8123253 
0.7946098 
0.7945243 
0.8010055 
0.8031779 
0.7889953 
0.7945513 
0.7885946 
0.7966316 
0.7823006 
0.7854588 
0.7982786 
0.7997236 
0.8104979 
0.8096609 
0.8044307 
0.8029437 
0.8050127 
0.7983892 
0.7868181 
0.7750532 
0.7612410 
0.7749502 
0.7613645 
0.7808234 
0.7981458 
0.8001233 
0.8063522 
0.7895155 
0.7814276 
0.7925424 
0.7937111 
0.7892440 
0.7925901 
0.7935803 
0.7918975 
0.8018161 
0.7878373 
0.7828461 
0.7864591 
0.7968593 
0.7904758 
0.7820326 
0.7879204 
0.8105623 
0.8015429 
0.7929675 
0.7945891 
0.7854408 
0.7841081 
0.7895860 
0.7954462 
0.7973213 
0.7966035 
0.8161409 
0.8180039 
0.8247239 
0.8331720 
0.8195694 
0.7900939 
0.7851999 
0.7953640 
0.7827197 
0.7891841 
0.8064390 
0.8176644 
0.8235825 
0.8235135 
0.8349716 
0.8278263 
0.8234952 
0.8120365 
0.8060467 
0.7977436 
0.8096737 
0.8024559 
0.8160910 
0.8093413 
0.7997425 
0.8022543 
0.8042581 
0.7929205 
0.7916900 
0.8031299 
0.7925960 
0.7970027 
0.7929406 
0.7919591 
0.7892846 
0.7828064 
0.7781552 
0.7855023 
0.7904122 
0.7924855 
0.7962979 
0.7938922 
0.7879286 
0.8052945 
0.7881008 
0.7902422 
0.7730335 
0.7637362 
0.7682084 
0.7730675 
0.7816374 
0.7786081 
0.7842209 
0.7846184 
0.7970717 
0.7964245 
0.7934329 
0.7929657 
0.7915957 
0.7811655 
0.7692268 
0.7542631 
0.7549895 
0.7567806 
0.7646625 
0.7681999 
0.7657387 
0.7578699 
0.7633997 
0.7645225 
0.7610012 
0.7703683 
0.7710782 
0.8078224 
0.8143711 
0.7985827 
0.7850856 
0.7969149 
0.7965164 
0.7988801 
0.8010363 
0.7893798 
0.7863162 
0.7843139 
0.7875731 
0.7856195 
0.7949197 
0.7980423 
0.8075532 
0.7948682 
0.7983528 
0.7914353 
0.7946151 
0.8007814 
0.8077939 
0.7988310 
0.7979487 
0.8034990 
0.7952404 
0.8003452 
0.8037436 
0.8023799 
0.8054349 
0.8025725 
0.7933278 
0.7934763 
0.7945673 
0.7853923 
0.7997210 
0.7965717 
0.7927432 
0.7995018 
0.7935799 
0.7981606 
0.7924754 
0.7952589 
0.7848025 
0.8024996 
0.8016364 
0.7920199 
0.7933468 
0.7906330 
0.7935262 
0.7977153 
0.7915960 
0.7902034 
0.7919586 
0.7950338 
0.7810781 
0.7929079 
0.7930435 
0.7787984 
0.7763940 
0.7821589 
0.7687286 
0.7802539 
0.7792816 
0.7789982 
0.7718871 
0.7716364 
0.7706771 
0.7890590 
0.7595524 
0.7795023 
0.7793860 
0.7732682 
0.7787316 
0.7669863 
0.7708821 
0.7717843 
0.7572666 
0.7652384 
0.7608150 
0.7692750 
0.7521533 
0.7630389 
0.7590942 
0.7584391 
0.7570035 
0.7653607 
0.7656839 
0.7648626 
0.7558115 
0.7568084 
0.7555526 
0.7576772 
0.7499323 
0.7526701 
0.7627489 
0.7683208 
0.7508842 
0.7363532 
0.7304604 
0.7385884 
0.7348208 
0.7407011 
0.7421006 
0.7539875 
0.7900903 
0.7948312 
0.7974102 
0.7914391 
0.7756259 
0.7787424 
0.7791070 
0.7813818 
0.7773089 
0.7684045 
0.7636941 
0.7710826 
0.7681911 
0.7686895 
0.7698963 
0.7623863 
0.7511445 
0.7669624 
0.7633477 
0.7697979 
0.7809270 
0.7859433 
0.7953209 
0.7836078 
0.7764616 
0.7755556 
0.7759209 
0.7743397 
0.7800388 
0.7724812 
0.7744764 
0.7495905 
0.7639707 
0.7703628 
0.7637374 
0.7700307 
0.7716176 
0.7779258 
0.7745749 
0.7885893 
0.7614210 
0.7567267 
0.7574423 
0.7567314 
0.7505979 
0.7543798 
0.7593848 
0.7484486 
0.7589572 
0.7512668 
0.7591516 
0.7567269 
0.7620383 
0.7452881 
0.7434016 
0.7433152 
0.7405410 
0.7498042 
0.7551748 
0.7604403 
0.7708467 
0.7591500 
0.7554033 
0.7310988 
0.7383917 
0.7315303 
0.7414238 
0.7361047 
0.7406150 
0.7367857 
0.7382770 
0.7284428 
0.7261023 
0.7095434 
0.7065306 
0.7246873 
0.7218113 
0.7058737 
0.7182819 
0.7203172 
0.7336572 
0.7282492 
0.7077012 
0.7086508 
0.7129083 
0.7147836 
0.7010393 
0.7096506 
0.7067913 
0.7060153 
0.7076428 
0.7114885 
0.7160791 
0.7061887 
0.7228220 
0.7151759 
0.7041876 
0.7142390 
0.7171306 
0.7228342 
0.7025498 
0.6989519 
0.7161611 
0.7186461 
0.7196379 
0.7197830 
0.7139345 
0.7038138 
0.7131949 
0.7065782 
0.7066695 
0.7078672 
0.7016760 
0.7034865 
0.6998241 
0.6965755 
0.7034383 
0.7032512 
0.6985226 
0.7110049 
0.7151516 
0.7172064 
0.7202794 
0.7261039 
0.7106209 
0.6959264 
0.6882652 
0.6899746 
0.6891029 
0.7006355 
0.6989882 
0.6935574 
0.6831536 
0.6879440 
0.6939681 
0.6917715 
0.6804423 
0.6758769 
0.6877309 
0.6857777 
0.6935404 
0.6930742 
0.6888375 
0.7021088 
0.7016658 
0.6748305 
0.6816393 
0.6973681 
0.6917890 
0.7063750 
0.7008020 
0.6982408 
0.6944525 
0.6806856 
0.6958121 
0.6836861 
0.6804486 
0.6875359 
0.6898145 
0.6943220 
0.7024335 
0.7102364 
0.7154756 
0.7204700 
0.7137299 
0.7191928 
0.7152016 
0.7049292 
0.7116024 
0.7027817 
0.7127316 
0.7064745 
0.7139731 
0.7144569 
0.7073122 
0.7025349 
0.7125661 
0.7200264 
0.7227294 
0.7259524 
0.7252272 
0.7353588 
0.7439929 
0.7405552 
0.7290710 
0.7263075 
0.7306642 
0.7323977 
0.7264196 
0.7110501 
0.7162205 
0.7036495 
0.6843473 
0.6623805 
0.6457007 
0.6249606 
0.6184656 
0.6212626 
0.6118880 
0.6070984 
0.5977474 
0.5959815 
0.6220866 
0.6535540 
0.6703574 
0.6941178 
0.7115977 
0.7179253 
0.7151580 
0.7245140 
0.7279935 
0.7270304 
0.7260557 
0.7275366 
0.7147670 
0.7155948 
0.7025623 
0.6986329 
0.6867537 
0.6912054 
0.6839014 
0.6826385 
0.6866951 
0.6825683 
0.6914550 
0.6849732 
0.6912432 
0.6868792 
0.6864700 
0.6923509 
0.6956400 
0.6974999 
0.7061896 
0.7067953 
0.7081327 
0.6950460 
0.6984288 
0.6949795 
0.7060894 
0.6939451 
0.6809341 
0.6840174 
0.6755780 
0.6862605 
0.6872051 
0.6893616 
0.6903207 
0.7008582 
0.7029775 
0.6936900 
0.6828594 
0.6802976 
0.6877061 
0.6810289 
0.6946346 
0.6901086 
0.6873324 
0.6972864 
0.6852287 
0.6951750 
0.6841936 
0.6890008 
0.6951822 
0.6943820 
0.7129292 
0.7124047 
0.7058482 
0.7135449 
0.7302165 
0.7359354 
0.7178598 
0.7096186 
0.6828788 
0.6860720 
0.6811011 
0.6701111 
0.6710412 
0.6652161 
0.6725453 
0.6659081 
0.6656856 
0.6556335 
0.6527804 
0.6611639 
0.6556594 
0.6642615 
0.6624215 
0.6591441 
0.6580594 
0.6610023 
0.6558136 
0.6548391 
0.6574371 
0.6584274 
0.6668350 
0.6761698 
0.6454725 
0.6392200 
0.6418178 
0.6498739 
0.6560867 
0.6583461 
0.6606056 
0.6653132 
0.6561572 
0.6522072 
0.6586902 
0.6593624 
0.6588688 
0.6534876 
0.6491863 
0.6522289 
0.6447527 
0.6511223 
0.6442315 
0.6483958 
0.6530928 
0.6480740 
0.6469139 
0.6445153 
0.6439021 
0.6352481 
0.6398767 
0.6339688 
0.6409932 
0.6402015 
0.6297986 
0.6351138 
0.6338407 
0.6290929 
0.6397229 
0.6358908 
0.6387752 
0.6367928 
0.6438561 
0.6244269 
0.6292575 
0.6279323 
0.6059158 
0.5998859 
0.6053386 
0.6007563 
0.5922419 
0.5977843 
0.6083404 
0.5948395 
0.5960474 
0.6223901 
0.6364208 
0.6419179 
0.6284277 
0.6305799 
0.6404823 
0.6300229 
0.6330597 
0.6411086 
0.6385883 
0.6378397 
0.6472300 
0.6490978 
0.6420040 
0.6500723 
0.6454872 
0.6430776 
0.6372596 
0.6389830 
0.6474184 
0.6433498 
0.6448997 
0.6524815 
0.6401640 
0.6514527 
0.6525050 
0.6556055 
0.6510572 
0.6464749 
0.6411002 
0.6271330 
0.6438227 
0.6433559 
0.6307154 
0.6350392 
0.6304704 
0.6421324 
0.6345927 
0.6443026 
0.6444068 
0.6419934 
0.6370970 
0.6409013 
0.6456766 
0.6497001 
0.6418960 
0.6346076 
0.6406112 
0.6510601 
0.6487947 
0.6201720 
0.6241591 
0.6300908 
0.6371444 
0.6373376 
0.6428189 
0.6376375 
0.6474316 
0.6343284 
0.6345548 
0.6485547 
0.6337420 
0.6366278 
0.6307686 
0.6413851 
0.6428596 
0.6500485 
0.6307111 
0.6170536 
0.6165156 
0.6333071 
0.6577702 
0.6508771 
0.6502633 
0.6294430 
0.6313995 
0.6345094 
0.6470160 
0.6617568 
0.6548920 
0.6142166 
0.6257108 
0.6272797 
0.6324882 
0.6279640 
0.6359966 
0.6474518 
0.6539351 
0.6451497 
0.6383109 
0.6170250 
0.6101416 
0.6218711 
0.6120561 
0.6232179 
0.6259384 
0.6354505 
0.6276942 
0.6283181 
0.6320990 
0.6132174 
0.6201768 
0.6236680 
0.5987696 
0.6068619 
0.6135918 
0.6142949 
0.6135846 
0.5976647 
0.5926035 
0.5932228 
0.5937111 
0.5951577 
0.5923845 
0.5878666 
0.5857549 
0.5790137 
0.5942512 
0.6026824 
0.6004352 
0.6058631 
0.5985888 
0.5989656 
0.5883432 
0.5832492 
0.5870122 
0.5795608 
0.5881908 
0.6034799 
0.6164952 
0.6219714 
0.6123834 
0.6050414 
0.5978223 
0.5985059 
0.5920863 
0.5902518 
0.5907801 
0.6005576 
0.6044631 
0.6013486 
0.6009197 
0.5893592 
0.5917141 
0.5918562 
0.5928387 
0.5789788 
0.5805168 
0.5852205 
0.5799073 
0.5830673 
0.5816344 
0.5876155 
0.5995955 
0.5981638 
0.5997191 
0.5848613 
0.5781474 
0.5725148 
0.5828865 
0.6011945 
0.6042887 
0.6151085 
0.6207753 
0.6116534 
0.6028645 
0.5757766 
0.5675222 
0.5781438 
0.5860863 
0.5975330 
0.5869316 
0.5841807 
0.5824455 
0.5763346 
0.5708165 
0.5882264 
0.5948419 
0.5977338 
0.5869350 
0.5870284 
0.5835686 
0.5758771 
0.5823956 
0.5795697 
0.5750150 
0.5651138 
0.5689684 
0.5984395 
0.5848292 
0.5911077 
0.5836766 
0.5719816 
0.5757916 
0.5846500 
0.5889885 
0.5984710 
0.5894176 
0.5970816 
0.5853808 
0.5829429 
0.5881006 
0.5832706 
0.5812605 
0.5806908 
0.5864731 
0.5680850 
0.5720581 
0.5573246 
0.5666093 
0.5582298 
0.5625352 
0.5618262 
0.5676131 
0.5693882 
0.5639543 
0.5601221 
0.5626096 
0.5604694 
0.5490336 
0.5588955 
0.5753000 
0.5976347 
0.5997831 
0.5487009 
0.5551051 
0.5532342 
0.5545922 
0.5580940 
0.5569232 
0.5588995 
0.5706745 
0.5657499 
0.5613770 
0.5817461 
0.5747451 
0.5837173 
0.5756814 
0.5668636 
0.5672048 
0.5631345 
0.5663863 
0.5715671 
0.5615668 
0.5632980 
0.5658470 
0.5649952 
0.5549311 
0.5479304 
0.5577685 
0.5666671 
0.5658193 
0.5675702 
0.5656232 
0.5788254 
0.5674216 
0.5589399 
0.5632165 
0.5554099 
0.5526660 
0.5597679 
0.5561020 
0.5640949 
0.5671212 
0.5575549 
0.5387780 
0.5423621 
0.5572274 
0.5742344 
0.5709300 
0.5653144 
0.5668127 
0.5627149 
0.5513361 
0.5715994 
0.5788302 
0.5435074 
0.5516124 
0.5495383 
0.5440085 
0.5538386 
0.5486082 
0.5610016 
0.5648859 
0.5648575 
0.5549206 
0.5530964 
0.5619189 
0.5511917 
0.5526518 
0.5452004 
0.5459594 
0.5336260 
0.5317323 
0.5270670 
0.5445979 
0.5464828 
0.5359607 
0.5257759 
0.5297288 
0.5293346 
0.5324925 
0.5161336 
0.5207555 
0.5308436 
0.5092881 
0.5235288 
0.5154136 
0.5340938 
0.5131920 
0.5173154 
0.5162038 
0.5129507 
0.5105109 
0.5132287 
0.5178973 
0.5133618 
0.5143015 
0.5132213 
0.5053584 
0.5096196 
0.5152903 
0.5109842 
0.5124801 
0.5044260 
0.5098516 
0.5160928 
0.5023992 
0.5040868 
0.5084550 
0.5032016 
0.5059035 
0.5103512 
0.5073725 
0.5062198 
0.5008081 
0.4886658 
0.4807509 
0.4721633 
0.4808021 
0.4828712 
0.4822442 
0.4796493 
0.4700958 
0.4669613 
0.4682191 
0.4959165 
0.5267001 
0.5328864 
0.5160661 
0.5035006 
0.4918433 
0.4830930 
0.4929579 
0.4884279 
0.5023875 
0.4960706 
0.5026458 
0.5036148 
0.5065087 
0.5010334 
0.5033985 
0.5094122 
0.5182765 
0.5090579 
0.5114925 
0.5117099 
0.5078551 
0.5044918 
0.5048560 
