0.0000896 
0.0001047 
0.0000045 
0.3286152 
0.0307067 
0.3306539 
0.0040144 
0.0000000 
0.0114932 
0.0174042 
0.0003199 
0.0114840 
0.0013737 
0.0170366 
0.0090733 
0.0191766 
0.0250576 
0.0350809 
0.0248456 
0.0306439 
0.0270374 
0.0238246 
0.0295841 
0.0386472 
0.0378384 
0.0241864 
0.0097058 
0.0181144 
0.0198967 
0.0288706 
0.0198386 
0.0237152 
0.0385714 
0.0386668 
0.0350644 
0.0374423 
0.0436493 
0.0396661 
0.0391109 
0.0264581 
0.0320312 
0.0248341 
0.0246609 
0.0172125 
0.0284378 
0.0221477 
0.0261766 
0.0381448 
0.0434623 
0.0561155 
0.0476636 
0.0543640 
0.0413117 
0.0399165 
0.0380894 
0.0318982 
0.0282062 
0.0289332 
0.0328139 
0.0270482 
0.0276131 
0.0276920 
0.0273521 
0.0235305 
0.0245388 
0.0346327 
0.0423321 
0.0369390 
0.0259172 
0.0221082 
0.0204535 
0.0251795 
0.0140095 
0.0193785 
0.0341019 
0.0332843 
0.0275496 
0.0368863 
0.0407904 
0.0320286 
0.0251550 
0.0259251 
0.0225737 
0.0300972 
0.0299047 
0.0334908 
0.0450666 
0.0471947 
0.0401268 
0.0425680 
0.0423625 
0.0457051 
0.0490003 
0.0509268 
0.0533855 
0.0509700 
0.0404792 
0.0488635 
0.0495435 
0.0482458 
0.0515997 
0.0483702 
0.0575909 
0.0545085 
0.0444115 
0.0480366 
0.0422828 
0.0410834 
0.0383013 
0.2515453 
0.2589733 
0.2544567 
0.2564803 
0.2587259 
0.2555009 
0.2594215 
0.2723802 
0.2764828 
0.2701474 
0.2690418 
0.2743540 
0.2724273 
0.2691528 
0.2623908 
0.2656959 
0.2696330 
0.2649870 
0.2622390 
0.2628207 
0.2596825 
0.2602442 
0.2632438 
0.2560167 
0.2388020 
0.2439283 
0.2393360 
0.2429798 
0.2468648 
0.2602248 
0.2555251 
0.2578465 
0.2599327 
0.2584978 
0.2457176 
0.2425836 
0.2471439 
0.2518166 
0.2729095 
0.3316618 
0.4702860 
0.5905980 
0.7562960 
0.8310807 
0.8834219 
0.9192157 
0.9440694 
0.9643344 
0.9574436 
0.9363068 
0.9299422 
0.9383584 
0.9358745 
0.9417627 
0.9604175 
0.9577280 
0.9588273 
0.9667058 
0.9815583 
0.9908487 
0.9918496 
0.9922067 
1.0000000 
0.9890718 
0.9717148 
0.9404076 
0.9227194 
0.9108725 
0.8929041 
0.8926770 
0.8833510 
0.8874019 
0.9077862 
0.9432866 
0.9524226 
0.9764681 
0.9826369 
0.9804979 
0.9637429 
0.9358333 
0.9125862 
0.9068471 
0.8962861 
0.8934948 
0.8946679 
0.8922516 
0.9232484 
0.9350351 
0.9356220 
0.9347175 
0.9289655 
0.9437472 
0.9638919 
0.9789346 
0.9944181 
0.9703424 
0.9551809 
0.9441252 
0.9080742 
0.8906432 
0.8842168 
0.8785837 
0.8779493 
0.8742543 
0.8932005 
0.9131082 
0.9367109 
0.9610765 
0.9479455 
0.9319791 
0.9192338 
0.9347174 
0.9468778 
0.9480499 
0.9495098 
0.9290244 
0.9373647 
0.9406584 
0.9283814 
0.8936089 
0.8612676 
0.8562166 
0.8655523 
0.8933854 
0.9150780 
0.9383278 
0.9553764 
0.9751518 
0.9500510 
0.9049853 
0.8921123 
0.8960266 
0.8981786 
0.9097941 
0.9258974 
0.9264656 
0.9308807 
0.8905403 
0.8518740 
0.8513870 
0.8425817 
0.8456419 
0.8585230 
0.8791850 
0.9109385 
0.9613803 
0.9676496 
0.9398499 
0.9052036 
0.9120809 
0.9360610 
0.9229425 
0.9186859 
0.8966299 
0.8939150 
0.9062194 
0.8764058 
0.8442190 
0.8373871 
0.8438271 
0.8562549 
0.8580230 
0.8613589 
0.8750150 
0.8863452 
0.9168228 
0.9636116 
0.9492812 
0.9310463 
0.9542362 
0.9789159 
0.9541110 
0.9450770 
0.9120807 
0.8995322 
0.9127797 
0.9000224 
0.8814428 
0.8473126 
0.8476411 
0.8649292 
0.8687620 
0.8769074 
0.8861768 
0.9087275 
0.9268100 
0.9483928 
0.9329724 
0.9019062 
0.9126874 
0.9083937 
0.9061736 
0.9113647 
0.8995696 
0.8977398 
0.8944165 
0.8806124 
0.8846442 
0.8853957 
0.8592997 
0.8579465 
0.8403894 
0.8202462 
0.8197120 
0.8338225 
0.8524098 
0.8769853 
0.8903558 
0.8828481 
0.8833609 
0.8994316 
0.9187611 
0.9143776 
0.9033719 
0.8925547 
0.8901963 
0.8879888 
0.8874225 
0.8612594 
0.8335470 
0.8301103 
0.8276144 
0.8389582 
0.8266339 
0.8130314 
0.8295551 
0.8549916 
0.8629083 
0.8679035 
0.8829363 
0.8931216 
0.9042042 
0.9091650 
0.9034051 
0.9057910 
0.8998681 
0.9006716 
0.9082353 
0.9015295 
0.8793512 
0.8782281 
0.8794386 
0.8688209 
0.8662078 
0.8464823 
0.8362132 
0.8355337 
0.8457943 
0.8605860 
0.8508638 
0.8472510 
0.8384456 
0.8437226 
0.8530193 
0.8505963 
0.8508420 
0.8486414 
0.8563575 
0.8710596 
0.8840160 
0.8852380 
0.8916633 
0.8700293 
0.8718453 
0.8607195 
0.8602700 
0.8454320 
0.8381055 
0.8227471 
0.8165208 
0.8162053 
0.8071776 
0.8053631 
0.8126887 
0.8215402 
0.8270551 
0.8251573 
0.8200287 
0.8264659 
0.8243764 
0.8288036 
0.8258748 
0.8315764 
0.8416391 
0.8327724 
0.8222839 
0.8087154 
0.8078913 
0.8106311 
0.8110449 
0.8061556 
0.8082798 
0.8087040 
0.8005772 
0.8073733 
0.8252899 
0.8423973 
0.8422953 
0.8369874 
0.8392939 
0.8420095 
0.8417440 
0.8428632 
0.8356013 
0.8357319 
0.8357822 
0.8336192 
0.8295462 
0.8202295 
0.8164460 
0.8142464 
0.8222873 
0.8330721 
0.8365959 
0.8367744 
0.8318199 
0.8386699 
0.8405839 
0.8407607 
0.8372721 
0.8272024 
0.8091432 
0.7966925 
0.7906602 
0.7964965 
0.8021640 
0.8163152 
0.8233473 
0.8200501 
0.8172320 
0.8110802 
0.8151990 
0.8189665 
0.8128144 
0.8145509 
0.8270687 
0.8338954 
0.8312294 
0.8315244 
0.8406845 
0.8404354 
0.8474047 
0.8529272 
0.8531670 
0.8448010 
0.8391908 
0.8313277 
0.8322978 
0.8338791 
0.8342463 
0.8344501 
0.8318978 
0.8286535 
0.8242936 
0.8260901 
0.8109417 
0.8169841 
0.8126937 
0.8220711 
0.8369590 
0.8379443 
0.8463648 
0.8333547 
0.8342969 
0.8318962 
0.8359626 
0.8354723 
0.8222781 
0.8235815 
0.8217965 
0.8034912 
0.7948891 
0.7809838 
0.7769815 
0.7670604 
0.7742454 
0.7742856 
0.7753701 
0.7821017 
0.7829101 
0.7941112 
0.8011888 
0.8139376 
0.8173239 
0.8149509 
0.8146833 
0.8172827 
0.8219935 
0.8128351 
0.8154602 
0.8168770 
0.8261947 
0.8177975 
0.7999496 
0.7824031 
0.7738912 
0.7687857 
0.7624017 
0.7611267 
0.7680391 
0.7818102 
0.7802502 
0.7818331 
0.7900543 
0.8104849 
0.8136604 
0.8243728 
0.8200213 
0.8206619 
0.8107216 
0.7943377 
0.7883959 
0.7923629 
0.7948301 
0.8021224 
0.7894601 
0.7812118 
0.7938103 
0.8025865 
0.7925302 
0.7861366 
0.7777938 
0.7711413 
0.7798163 
0.7879894 
0.7773831 
0.7810389 
0.7905269 
0.7914286 
0.7966722 
0.7959969 
0.7805502 
0.7854589 
0.7809533 
0.7903517 
0.8026207 
0.7965093 
0.7913306 
0.7953761 
0.7967646 
0.7932010 
0.7962882 
0.7899811 
0.7687843 
0.7642078 
0.7667963 
0.7688695 
0.7709968 
0.7811609 
0.7798735 
0.7854145 
0.7880441 
0.7779295 
0.7798511 
0.7798690 
0.7869828 
0.7903635 
0.7919902 
0.7924019 
0.7812955 
0.7701857 
0.7572141 
0.7681538 
0.7725617 
0.7795523 
0.7923499 
0.7849016 
0.7792204 
0.7824297 
0.7888575 
0.7860790 
0.7766746 
0.7840942 
0.7793815 
0.7870103 
0.7811570 
0.7594687 
0.7529292 
0.7587214 
0.7677303 
0.7488682 
0.7596932 
0.7700879 
0.7850346 
0.7755362 
0.7641127 
0.7730439 
0.7686538 
0.7855472 
0.7799858 
0.7908763 
0.7873929 
0.7661760 
0.7765280 
0.7807401 
0.7881306 
0.7731772 
0.7651480 
0.7700828 
0.7682522 
0.7612422 
0.7586757 
0.7681690 
0.7557515 
0.7524734 
0.7567884 
0.7581091 
0.7614592 
0.7604087 
0.7565820 
0.7629775 
0.7527465 
0.7469617 
0.7547291 
0.7688786 
0.7653311 
0.7702075 
0.7734923 
0.7665936 
0.7439702 
0.7357860 
0.7451911 
0.7614557 
0.7554435 
0.7560884 
0.7540097 
0.7475508 
0.7458705 
0.7362893 
0.7372587 
0.7308616 
0.7388515 
0.7362331 
0.7463470 
0.7493045 
0.7361941 
0.7387585 
0.7387305 
0.7405657 
0.7456106 
0.7412834 
0.7352795 
0.7341210 
0.7192674 
0.7096231 
0.7164096 
0.7074776 
0.7116357 
0.7084795 
0.7115931 
0.7136258 
0.7066365 
0.6918205 
0.6901945 
0.6890000 
0.7142342 
0.7274777 
0.7281604 
0.7365592 
0.7261304 
0.7127348 
0.7152148 
0.7149452 
0.7149307 
0.7180333 
0.7175893 
0.7188833 
0.6943680 
0.6745763 
0.6872484 
0.7102992 
0.7218373 
0.7254483 
0.7292749 
0.7092268 
0.6983983 
0.7080451 
0.7000081 
0.6821615 
0.6765092 
0.6794333 
0.6837797 
0.6875806 
0.6977221 
0.6904929 
0.7006247 
0.7127915 
0.7109892 
0.7085185 
0.7260734 
0.7203413 
0.7128670 
0.7057587 
0.7001055 
0.6996106 
0.7019919 
0.6973048 
0.7049718 
0.7068861 
0.6943052 
0.6908828 
0.6998825 
0.6977399 
0.7011680 
0.7068714 
0.7117261 
0.7119585 
0.7138337 
0.7223609 
0.7203079 
0.7193377 
0.7216140 
0.7192616 
0.7264098 
0.7180001 
0.7084995 
0.7038387 
0.6964366 
0.6956038 
0.6929998 
0.6857361 
0.6878671 
0.7006928 
0.7006609 
0.6998584 
0.6999632 
0.6914265 
0.6973261 
0.7002558 
0.6914774 
0.6915295 
0.6863733 
0.6730283 
0.6585692 
0.6718384 
0.6826955 
0.6763023 
0.6905704 
0.6863374 
0.6774000 
0.6867175 
0.6815002 
0.6699924 
0.6774512 
0.6793430 
0.6616805 
0.6684911 
0.6756988 
0.6723310 
0.6629338 
0.6762191 
0.6752521 
0.6756133 
0.6695177 
0.6643582 
0.6627382 
0.6783715 
0.6864860 
0.6895860 
0.6877922 
0.6995840 
0.7064173 
0.7080581 
0.7099549 
0.6961877 
0.6931809 
0.6711717 
0.6859985 
0.6842574 
0.6900944 
0.6988952 
0.7053044 
0.7038179 
0.7170518 
0.7013857 
0.6891108 
0.6735552 
0.6554320 
0.6500572 
0.6514151 
0.6546621 
0.6657168 
0.6899437 
0.6994084 
0.7036773 
0.7016620 
0.6883250 
0.6728023 
0.6601662 
0.6546266 
0.6373103 
0.6327532 
0.6477807 
0.6591148 
0.6576317 
0.6663612 
0.6781361 
0.6797621 
0.6708610 
0.6556794 
0.6526942 
0.6488205 
0.6537437 
0.6710858 
0.6663402 
0.6661174 
0.6642864 
0.6693068 
0.6659504 
0.6619910 
0.6577987 
0.6450152 
0.6505799 
0.6513753 
0.6546959 
0.6659923 
0.6675597 
0.6598364 
0.6503019 
0.6355200 
0.6321284 
0.6414073 
0.6504964 
0.6517954 
0.6476782 
0.6426231 
0.6467176 
0.6447674 
0.6357096 
0.6324703 
0.6388623 
0.6526909 
0.6640041 
0.6509586 
0.6368646 
0.6400652 
0.6480212 
0.6534210 
0.6482994 
0.6453358 
0.6404458 
0.6455035 
0.6327552 
0.6214650 
0.6265401 
0.6267071 
0.6306512 
0.6241939 
0.6225461 
0.6339752 
0.6450617 
0.6420277 
0.6267785 
0.6284156 
0.6214111 
0.6183672 
0.6232150 
0.6454448 
0.6426953 
0.6352967 
0.6288595 
0.6291337 
0.6315027 
0.6192907 
0.5999019 
0.5968448 
0.5993928 
0.6081801 
0.6053247 
0.6036097 
0.6136240 
0.6193192 
0.6231826 
0.6182477 
0.6180005 
0.6454777 
0.6708259 
0.6664176 
0.6374174 
0.6352054 
0.6402476 
0.6310771 
0.6212429 
0.6287658 
0.6233268 
0.6125903 
0.6235825 
0.6418935 
0.6357862 
0.6309197 
0.6175634 
0.6201162 
0.6248950 
0.6232482 
0.6235307 
0.6347882 
0.6362210 
0.6206972 
0.6107345 
0.6244993 
0.6257547 
0.6251392 
0.6174535 
0.6157915 
0.6095119 
0.6141983 
0.6136579 
0.6272250 
0.6363746 
0.6465454 
0.6333344 
0.6142534 
0.6118508 
0.6086462 
0.6181563 
0.6285081 
0.6247093 
0.6059305 
0.6194390 
0.6479217 
0.6526745 
0.6581754 
0.6611170 
0.6403059 
0.6284818 
0.6335835 
0.6334690 
0.6290042 
0.6345166 
0.6189960 
0.6106202 
0.6230836 
0.6190624 
0.6226304 
0.6105552 
0.5974595 
0.6025234 
0.6216914 
0.6467271 
0.6513498 
0.6370934 
0.6166119 
0.6001295 
0.6089521 
0.6231760 
0.6312432 
0.6178360 
0.6112819 
0.6116251 
0.6203371 
0.6323989 
0.6194984 
0.6116315 
0.6129272 
0.6103987 
0.6256039 
0.6291574 
0.6223185 
0.6060445 
0.5971382 
0.5882773 
0.5959441 
0.6177501 
0.6220578 
0.6118212 
0.5946314 
0.5930475 
0.6028319 
0.6052483 
0.5970985 
0.5912775 
0.5933445 
0.5992977 
0.5980295 
0.5994088 
0.5848677 
0.5889940 
0.5997682 
0.6061844 
0.6131798 
0.6171652 
0.6131032 
0.6138052 
0.6129637 
0.6033739 
0.6045594 
0.6128445 
0.6170788 
0.6074407 
0.5752047 
0.5752880 
0.5969258 
0.6061328 
0.5912504 
0.5818797 
0.5700213 
0.5786533 
0.5872542 
0.5915509 
0.5935925 
0.5794317 
0.5783675 
0.5781923 
0.5764646 
0.5696711 
0.5726609 
0.5782443 
0.5869083 
0.5825935 
0.5805595 
0.5916524 
0.5929060 
0.5800910 
0.5680240 
0.5634447 
0.5750365 
0.5949227 
0.6040793 
0.6001857 
0.5854073 
0.5786942 
0.5898854 
0.5990041 
0.6009726 
0.5957253 
0.6034671 
0.6006731 
0.5971798 
0.5837801 
0.5766777 
0.5740134 
0.5729958 
0.5772849 
0.5779239 
0.5791737 
0.5725446 
0.5828911 
0.5806364 
0.5742750 
0.5760214 
0.5871572 
0.5966090 
0.5920548 
0.5862637 
0.5815604 
0.5860148 
0.5841809 
0.5782042 
0.5806317 
0.5775645 
0.5658376 
0.5673842 
0.5598311 
0.5646759 
0.5607515 
0.5627171 
0.5803368 
0.5832195 
0.5772927 
0.5813591 
0.5869686 
0.5878473 
0.5899823 
0.5830274 
0.5826922 
0.5844383 
0.5754956 
0.5811026 
0.5751477 
0.5674276 
0.5684457 
0.5707283 
0.5634417 
0.5567958 
0.5577876 
0.5609110 
0.5561980 
0.5559453 
0.5627345 
0.5636508 
0.5606775 
0.5529373 
0.5460230 
0.5457678 
0.5527494 
0.5631646 
0.5658079 
0.5567351 
0.5442326 
0.5421742 
0.5429902 
0.5331230 
0.5385664 
0.5421049 
0.5475679 
0.5499568 
0.5524739 
0.5527171 
0.5436053 
0.5481452 
0.5590136 
0.5663986 
0.5572983 
0.5611514 
0.5594635 
0.5543111 
0.5541705 
0.5662024 
0.5551660 
0.5349741 
0.5221509 
0.5345802 
0.5449987 
0.5525477 
0.5350641 
0.5246577 
0.5358955 
0.5354213 
0.5351925 
0.5219566 
0.5242373 
0.5257780 
0.5333342 
0.5336596 
0.5360946 
0.5318198 
0.5272959 
0.5188052 
0.5210744 
0.5300457 
0.5172386 
0.5115405 
0.5175307 
0.5251508 
0.5294577 
0.5167428 
0.5077509 
0.5180178 
0.5317015 
0.5338103 
0.5385715 
0.5359905 
0.5361692 
0.5398143 
0.5451192 
0.5391516 
0.5313039 
0.5241443 
0.5311415 
0.5303147 
0.5376857 
0.5308081 
0.5206113 
0.5158172 
0.5156094 
0.5142051 
0.4999289 
0.4866499 
0.4895719 
0.5054969 
0.5502320 
0.5586168 
0.5423339 
0.5335589 
0.5303878 
0.5185265 
0.5235165 
0.5238612 
0.5151815 
0.5119106 
0.5145865 
0.5292170 
0.5291557 
0.5247205 
0.5253273 
0.5118447 
0.5092140 
0.5161775 
0.5063361 
0.5130270 
0.5210996 
0.5201804 
0.5185457 
0.5108680 
0.5018030 
0.5125926 
0.5181153 
0.5131689 
0.5049432 
0.5256936 
0.5289176 
0.5267792 
0.5316751 
0.5354989 
0.5341523 
0.5327615 
0.5108743 
0.5147162 
0.5226152 
0.5319986 
0.5279156 
0.5281547 
0.5299784 
0.5189461 
0.5123594 
0.5208982 
0.5414559 
0.5404936 
0.5272969 
0.5259954 
0.5233092 
0.5183847 
0.5277569 
0.5321532 
0.5330226 
0.5308149 
0.5317277 
0.5260325 
0.5217538 
0.5279722 
0.5299437 
0.5292848 
0.5283102 
0.5263246 
0.5247292 
0.5282243 
0.5349886 
0.5317256 
0.5212302 
0.5093300 
0.5125324 
0.5181662 
0.5268362 
0.5246136 
0.5303491 
0.5279410 
0.5315286 
0.5282649 
0.5083801 
0.5073772 
0.5156953 
0.5208510 
0.5184357 
0.5239533 
0.5182851 
0.5194318 
0.5233868 
0.5176598 
0.5080268 
0.5009483 
0.4958911 
0.4882853 
0.4846133 
0.4940205 
0.4924858 
0.5038116 
0.5045036 
0.5076850 
0.5023934 
0.4987662 
0.5049175 
0.4941018 
0.4915133 
0.5041003 
0.5064315 
0.4998846 
0.5129169 
0.5226864 
0.5182456 
0.5045272 
0.5132556 
0.5159729 
0.4944172 
0.4901026 
0.5041457 
0.5108318 
0.4904271 
0.4866977 
0.5009683 
0.4934948 
0.4769057 
0.4844495 
0.5055199 
0.4959769 
0.4795257 
0.4867182 
0.5020503 
0.4997855 
0.4935215 
0.4953073 
0.4940967 
0.4817893 
0.4769099 
0.4679366 
0.4801385 
0.4768775 
0.4745697 
0.4799625 
0.4775184 
0.4722250 
0.4669388 
0.4703559 
0.4727130 
0.4798189 
0.4878872 
0.5004207 
0.5006948 
0.4980740 
0.4888911 
0.4817666 
0.4880631 
0.4736154 
0.4641818 
0.4711163 
0.4832592 
0.4745513 
0.4789534 
0.4897673 
0.5034225 
0.4973703 
0.4808448 
0.4876882 
0.4837103 
0.4730250 
0.4602514 
0.4624673 
0.4554796 
0.4421743 
0.4444032 
0.4523575 
0.4627670 
0.4692601 
0.4769808 
0.4806416 
0.4744613 
0.4716777 
0.4721022 
0.4704888 
0.4526616 
0.4394096 
0.4462948 
0.4390462 
0.4391855 
0.4438057 
0.4679417 
0.4920754 
0.5095496 
0.4982191 
0.4920308 
0.4798068 
0.4563889 
0.4415365 
0.4306921 
0.4239801 
0.4264118 
0.4347192 
0.4426160 
0.4543301 
0.4663717 
0.4727747 
0.4740659 
0.4619874 
0.4433134 
0.4390837 
0.4410792 
0.4314583 
0.4341749 
0.4368080 
0.4324204 
0.4322705 
0.4453638 
0.4551241 
0.4582872 
0.4628139 
0.4625194 
0.4630326 
0.4523770 
0.4372754 
0.4345007 
0.4299936 
0.4237689 
0.4242940 
0.4311764 
0.4437630 
0.4540530 
0.4656363 
0.4705504 
0.4739155 
0.4628414 
0.4471744 
0.4430808 
0.4341094 
0.4341156 
0.4372971 
0.4503957 
0.4818052 
0.5018922 
0.5056877 
0.4949725 
0.4775493 
0.4604808 
0.4351545 
0.4253394 
0.4164196 
0.4129268 
0.4266989 
0.4443327 
0.4749451 
0.4831349 
0.4814467 
0.4773847 
0.4692298 
0.4598095 
0.4369808 
0.4188415 
0.4075169 
0.4056767 
0.4113934 
0.4425951 
0.4748084 
0.4845426 
0.4831142 
0.4691465 
0.4507954 
0.4414200 
0.4317807 
0.4268947 
0.4338869 
0.4304552 
0.4400773 
0.4601368 
0.4850303 
0.4937412 
0.4805572 
0.4496618 
0.4316473 
0.4267776 
0.4296184 
0.4331081 
0.4419846 
0.4477422 
0.4474805 
0.4655241 
0.4893830 
0.4831719 
0.4668775 
0.4482496 
0.4342218 
0.4290428 
0.4342384 
0.4373750 
0.4415352 
0.4316915 
0.4439374 
0.4560098 
0.4669329 
0.4620280 
0.4493798 
0.4356826 
0.4194699 
0.4069735 
0.4088880 
0.4116646 
0.4245361 
0.4300940 
0.4427519 
0.4509836 
0.4562984 
0.4598568 
0.4562025 
0.4456712 
0.4371806 
0.4221036 
0.4262476 
0.4226917 
0.4215413 
0.4294549 
0.4290821 
0.4314784 
0.4317102 
0.4365289 
0.4415130 
0.4388245 
0.4212348 
0.4121447 
0.3968739 
0.3992691 
0.4085041 
0.4162477 
0.4192457 
0.4120832 
0.4056631 
0.4067006 
0.4056698 
0.4059093 
0.4035059 
0.3949265 
0.3941848 
0.4024658 
0.4029967 
0.4008284 
0.3962808 
0.4009707 
0.3983163 
0.3969601 
0.3935828 
0.3972841 
0.3929579 
0.3980168 
0.3988299 
0.3830133 
0.3863198 
0.4025943 
0.4136759 
0.4227810 
0.4191724 
0.4110494 
0.3988732 
0.3995405 
0.4000107 
0.4007854 
0.4048322 
0.3980363 
0.4002102 
0.3911406 
0.3948709 
0.3878942 
0.3965771 
0.4034295 
0.4081507 
0.4032784 
0.3957847 
0.3974606 
0.4020995 
0.4204265 
0.4246832 
0.4192766 
0.4147395 
0.4199768 
0.4187904 
0.4279651 
0.4240994 
0.4086118 
0.3976575 
0.3996243 
0.4016954 
0.4154179 
0.4235622 
0.4297604 
0.4270879 
0.4149554 
0.4111098 
0.4126628 
0.4285075 
0.4312146 
0.4268014 
0.4174327 
0.4115608 
0.4111471 
0.4104928 
0.4180655 
0.4261493 
0.4254924 
0.4281582 
0.4302307 
0.4252473 
0.4170578 
0.4134691 
0.4097882 
0.4051713 
0.4021443 
0.4050778 
0.3991079 
0.3815068 
0.3833848 
0.3986448 
0.4162411 
0.4155433 
0.4168929 
0.4239434 
0.4199162 
0.4154714 
0.4114630 
0.4071290 
0.3968036 
0.4005914 
0.4034554 
0.4014541 
0.3966772 
0.3913637 
0.3862441 
0.3725932 
0.3641768 
0.3827162 
0.3974792 
0.4031908 
0.3939732 
0.3974167 
0.4006389 
0.3903338 
0.3931598 
0.3926208 
0.3767898 
0.3784630 
0.3768186 
0.3806311 
0.3781020 
0.3852394 
0.3909107 
0.3998993 
0.3980696 
0.3922819 
0.3812947 
0.3880151 
0.3915681 
0.3938479 
0.3773587 
0.3767621 
0.3843427 
0.3930748 
0.3999816 
0.3891037 
0.3844535 
0.3931914 
0.3994940 
0.4063338 
0.3894461 
0.3819346 
0.3753769 
0.3716866 
0.3817132 
0.3873962 
0.3943871 
0.3871182 
0.3870395 
0.3814286 
0.3831245 
0.3928535 
0.4092755 
0.4112255 
0.3938130 
0.3874016 
0.3840753 
0.3836963 
0.3834593 
0.3806942 
0.3813377 
0.3905286 
0.3928143 
0.3931685 
0.3942425 
0.3932261 
0.3962980 
0.3990413 
0.3973425 
0.4016404 
0.4089163 
0.3984957 
0.3841043 
0.3716294 
0.3697010 
0.3717666 
0.3736793 
0.3671707 
0.3772672 
0.3795573 
0.3812803 
0.3828204 
0.3797765 
0.3761733 
0.3678613 
0.3606878 
0.3592203 
0.3699110 
0.3725698 
0.3675255 
0.3622390 
0.3620441 
0.3619774 
0.3616705 
0.3517569 
0.3530317 
0.3522986 
0.3562743 
0.3522299 
0.3624629 
0.3638284 
0.3667428 
0.3627546 
0.3577991 
0.3617854 
0.3690342 
0.3632870 
0.3574214 
0.3478178 
0.3475017 
0.3602814 
0.3633313 
0.3692482 
0.3685997 
0.3682141 
0.3639822 
0.3459592 
0.3495199 
0.3577634 
0.3707532 
0.3600869 
0.3647312 
0.3766225 
0.3753412 
0.3579239 
0.3480053 
0.3431796 
0.3523378 
0.3563361 
0.3623021 
0.3660855 
0.3715250 
0.3792264 
0.3912458 
0.3925148 
0.3974991 
0.4127167 
0.4047518 
0.4098865 
0.4115159 
0.4123838 
0.3879044 
0.3837755 
0.3810480 
0.3771823 
0.3738208 
0.3752228 
0.3780619 
0.3772280 
0.3816008 
0.3762330 
0.3674145 
0.3720203 
0.3684353 
0.3752088 
0.3773050 
0.3812725 
0.3816583 
0.3804982 
0.3883470 
0.3801172 
0.3588359 
0.3489085 
0.3511011 
0.3581798 
0.3546837 
0.3516536 
0.3533643 
0.3589948 
0.3608060 
0.3684935 
0.3844088 
0.3964350 
0.3987254 
0.3985019 
0.4014160 
0.3985529 
0.3895389 
0.3777542 
0.3644210 
0.3629983 
0.3692445 
0.3699907 
0.3668842 
0.3596491 
0.3643510 
0.3719474 
0.3671718 
0.3636895 
0.3620428 
0.3639121 
0.3629705 
0.3603652 
0.3606720 
0.3530681 
0.3479602 
0.3464578 
0.3514706 
0.3579663 
0.3488519 
0.3416441 
0.3435305 
0.3451311 
0.3451370 
0.3407503 
0.3420129 
0.3433674 
0.3547980 
0.3513028 
0.3390752 
0.3394399 
0.3522320 
0.3551591 
0.3618977 
0.3605606 
0.3576861 
0.3516372 
0.3461712 
0.3469000 
0.3418017 
0.3383952 
0.3414646 
0.3567267 
0.3608071 
0.3464109 
0.3427514 
0.3392845 
0.3422648 
0.3563920 
0.3599169 
0.3592602 
0.3550293 
0.3561557 
0.3612779 
0.3558136 
0.3517717 
0.3557680 
0.3552884 
0.3616699 
0.3629319 
0.3721423 
0.3667610 
0.3524078 
0.3460090 
0.3486078 
0.3515530 
0.3567173 
0.3609306 
0.3605899 
0.3584106 
0.3560823 
0.3565245 
0.3420017 
0.3390316 
0.3418540 
0.3379713 
0.3426139 
0.3481906 
0.3616791 
0.3645888 
0.3662223 
0.3611866 
0.3545563 
0.3544774 
0.3535424 
0.3607195 
0.3680152 
0.3638361 
0.3582330 
0.3549720 
0.3468619 
0.3427652 
0.3327037 
0.3328570 
0.3248775 
0.3199572 
0.3148989 
0.3246445 
0.3268138 
0.3274675 
0.3082117 
0.2875896 
0.2856843 
0.3051329 
0.3302184 
0.3379319 
0.3213583 
0.2915681 
0.2727557 
0.2776209 
0.2956962 
0.3249245 
0.3351143 
0.3125630 
0.2940123 
0.2866355 
0.3074527 
0.3363345 
0.3579671 
0.3473170 
0.3190327 
0.2884602 
0.2830679 
0.3005016 
0.3290895 
0.3530273 
0.3601761 
0.3344744 
0.3069259 
0.2987897 
0.2987022 
0.3250449 
0.3613603 
0.3718204 
0.3451056 
0.3129954 
0.2943350 
0.2981122 
0.3194038 
0.3508981 
0.3583120 
0.3434426 
0.3187232 
0.2986181 
0.2970250 
0.3171183 
0.3543211 
0.3635851 
0.3431303 
0.3161760 
0.3016823 
0.2839337 
0.2953156 
0.3267088 
0.3407744 
0.3231026 
0.3078625 
0.2956410 
0.2999607 
0.3258383 
0.3467023 
0.3499997 
0.3282096 
0.3074779 
0.2865874 
0.2944574 
0.3158728 
0.3387957 
0.3473696 
0.3382691 
0.3344939 
0.3203652 
0.3095656 
0.3049130 
0.3160422 
0.3174112 
0.3147090 
0.3113175 
0.3125132 
0.3282345 
0.3466155 
0.3444907 
0.3343333 
0.3291786 
0.3447630 
0.3574061 
0.3521085 
0.3513834 
0.3550694 
0.3564720 
0.3438778 
0.3359248 
0.3444952 
0.3591313 
0.3571802 
0.3491907 
0.3382886 
0.3214088 
0.3183190 
0.3301372 
0.3505354 
0.3671104 
0.3703939 
0.3616077 
0.3678933 
0.3591648 
0.3445289 
0.3404673 
0.3415073 
0.3413995 
0.3360888 
0.3357658 
0.3447475 
0.3553098 
0.3643599 
0.3605530 
0.3513720 
0.3375093 
0.3247472 
0.3078344 
0.3016498 
0.3104609 
0.3216750 
0.3363983 
0.3438502 
0.3388114 
0.3337307 
0.3218461 
0.3158698 
0.3185636 
0.3194988 
0.3166100 
0.3152320 
0.3266609 
0.3328127 
0.3390148 
0.3442555 
0.3448176 
0.3333930 
0.3248644 
0.3204907 
0.3183338 
0.3195821 
0.3303804 
0.3500281 
0.3601958 
0.3608501 
0.3514688 
0.3401435 
0.3237226 
0.3094544 
