-0.0001584 
-0.0001158 
-0.0000398 
0.2066318 
0.0830950 
-0.1022583 
0.9964866 
1.0000000 
0.9693234 
0.9784354 
0.9751587 
0.9472610 
0.9531673 
0.9695637 
0.9842197 
0.9769601 
0.9451937 
0.9416490 
0.9642026 
0.9748931 
0.9728449 
0.9534064 
0.9548619 
0.9616810 
0.9563427 
0.9439369 
0.9438024 
0.9766251 
0.9596209 
0.9532750 
0.9725910 
0.9585035 
0.9516285 
0.9633282 
0.9397287 
0.9415946 
0.9698268 
0.9640369 
0.9563188 
0.9647852 
0.9537303 
0.9162704 
0.9161237 
0.9356907 
0.9301378 
0.9364611 
0.9352988 
0.9357153 
0.9672741 
0.9398544 
0.9338223 
0.9265733 
0.9254504 
0.9157875 
0.9103595 
0.9275073 
0.9251633 
0.9262266 
0.9155123 
0.9149234 
0.9324711 
0.9129628 
0.9192192 
0.9325272 
0.9112500 
0.9237681 
0.9156374 
0.9248742 
0.9309792 
0.9204892 
0.9193575 
0.9250524 
0.9262080 
0.9209863 
0.9131634 
0.9186345 
0.9065967 
0.9264017 
0.9222948 
0.9000497 
0.9012762 
0.9206913 
0.9174668 
0.9294669 
0.9007287 
0.8892680 
0.9232572 
0.9153539 
0.8964081 
0.9073778 
0.9132027 
0.8997614 
0.8853692 
0.8907314 
0.8948276 
0.9008258 
0.8891560 
0.8917556 
0.8807158 
0.8965232 
0.9001885 
0.8999278 
0.8901595 
0.8846134 
0.8819615 
0.8805138 
0.8717456 
0.8848915 
0.8691871 
0.8815191 
0.8898212 
0.8655939 
0.8700034 
0.8655739 
0.8415114 
0.8338422 
0.8500498 
0.8613592 
0.8662577 
0.8776486 
0.8851267 
0.8941417 
0.8602803 
0.8424665 
0.8680933 
0.8526230 
0.8566369 
0.8659792 
0.8476582 
0.8539145 
0.8607232 
0.8442045 
0.8570218 
0.8600848 
0.8398468 
0.8351051 
0.8351684 
0.8596056 
0.8833586 
0.8636521 
0.8584085 
0.8517932 
0.8485501 
0.8615133 
0.8642862 
0.8749144 
0.8705281 
0.8377714 
0.8596541 
0.8673911 
0.8600525 
0.8560522 
0.8491020 
0.8320579 
0.8364196 
0.8353275 
0.8590858 
0.8669498 
0.8444329 
0.8592788 
0.8313817 
0.8087004 
0.8262559 
0.8389336 
0.8419337 
0.8542081 
0.8461481 
0.8549524 
0.8742777 
0.8583232 
0.8475138 
0.8650217 
0.8507458 
0.8258381 
0.8295456 
0.8490968 
0.8268652 
0.8347207 
0.8254916 
0.8152902 
0.8373475 
0.8368218 
0.8284068 
0.8340717 
0.8321868 
0.8295121 
0.7985567 
0.8141282 
0.8296782 
0.8025624 
0.8250038 
0.8271770 
0.8264079 
0.8296157 
0.8158811 
0.8315091 
0.8414451 
0.8099418 
0.8285772 
0.8368576 
0.8026057 
0.8199948 
0.8287802 
0.8233061 
0.8321966 
0.8232808 
0.8173479 
0.8251306 
0.8112388 
0.8278285 
0.8398079 
0.8195983 
0.7979163 
0.8231684 
0.8048109 
0.7997894 
0.8084106 
0.8161880 
0.7931581 
0.8161966 
0.8229260 
0.8149224 
0.8300197 
0.8151787 
0.8166388 
0.8276499 
0.8227966 
0.8130965 
0.8221413 
0.8091189 
0.8081776 
0.8122279 
0.7951267 
0.8016932 
0.8170958 
0.7982019 
0.8181025 
0.8073564 
0.7833857 
0.8136897 
0.8080910 
0.7905806 
0.7991889 
0.7851967 
0.8005741 
0.8010246 
0.7922483 
0.7949856 
0.8134885 
0.7770889 
0.7932889 
0.7731636 
0.7515331 
0.7746440 
0.7521277 
0.7684450 
0.7860734 
0.7864450 
0.7979586 
0.8044999 
0.7881476 
0.7846493 
0.7724543 
0.7559729 
0.7668324 
0.7702914 
0.7872557 
0.7737796 
0.7650034 
0.7541438 
0.7594084 
0.7486006 
0.7463915 
0.7685372 
0.7731813 
0.7531746 
0.7548069 
0.7575838 
0.7618530 
0.7416197 
0.7665810 
0.7646573 
0.7476517 
0.7582833 
0.7659557 
0.7585231 
0.7770613 
0.7769792 
0.7861999 
0.8161041 
0.7986691 
0.7768048 
0.7713211 
0.7636489 
0.7680674 
0.7717431 
0.7593627 
0.7620801 
0.7834657 
0.7768643 
0.7583371 
0.7673033 
0.7698111 
0.7468839 
0.7367704 
0.7462242 
0.7340628 
0.7262784 
0.7451049 
0.7433052 
0.7330085 
0.7275611 
0.7521005 
0.7452949 
0.7398875 
0.7502548 
0.7544412 
0.7500836 
0.7525689 
0.7290071 
0.7507225 
0.7485956 
0.7345015 
0.7469621 
0.7353237 
0.7262813 
0.7544849 
0.7353442 
0.7337640 
0.7370275 
0.7259252 
0.7314682 
0.7387969 
0.7289062 
0.7429814 
0.7599075 
0.7326496 
0.7370051 
0.7350947 
0.7443655 
0.7254255 
0.7238560 
0.7468669 
0.7345339 
0.7276502 
0.7220941 
0.7121616 
0.7032658 
0.7168551 
0.7289592 
0.7296488 
0.7206609 
0.7528957 
0.7372560 
0.7301286 
0.7431113 
0.7264978 
0.7083762 
0.7105928 
0.7024441 
0.7187888 
0.7147075 
0.7183741 
0.7212090 
0.7320853 
0.7263053 
0.7257497 
0.7125023 
0.7193759 
0.7094776 
0.7089872 
0.7220443 
0.7158114 
0.7146611 
0.7210983 
0.7211642 
0.7073120 
0.7087417 
0.7093170 
0.7185810 
0.7134120 
0.7179948 
0.7036221 
0.6922863 
0.6919001 
0.6985092 
0.7159687 
0.7124708 
0.7149405 
0.7275810 
0.7047214 
0.7079434 
0.7178405 
0.7006663 
0.6966444 
0.6920302 
0.6850960 
0.6860692 
0.6809566 
0.6690628 
0.6809224 
0.6828933 
0.6953368 
0.7035164 
0.7068522 
0.7103361 
0.7029892 
0.6975075 
0.7094808 
0.6894350 
0.6793372 
0.6875623 
0.6608561 
0.6821512 
0.6869286 
0.6950894 
0.7162031 
0.6926679 
0.7065200 
0.7112814 
0.7065523 
0.7080624 
0.7034545 
0.6934745 
0.7007816 
0.6993187 
0.6984260 
0.6969743 
0.6996722 
0.7120130 
0.6990062 
0.6813140 
0.6932772 
0.7032645 
0.7039261 
0.6858681 
0.6776575 
0.6748856 
0.6743992 
0.6873464 
0.6940462 
0.6796057 
0.6777370 
0.6710963 
0.6707732 
0.6645266 
0.6553367 
0.6750300 
0.6637672 
0.6794399 
0.6870437 
0.6782541 
0.6725096 
0.6720361 
0.6687212 
0.6649561 
0.6397393 
0.6410526 
0.6591969 
0.6614303 
0.6562595 
0.6673724 
0.6550574 
0.6615676 
0.6568544 
0.6495985 
0.6755164 
0.6614928 
0.6574835 
0.6606474 
0.6523787 
0.6458406 
0.6741396 
0.6659061 
0.6658036 
0.6519026 
0.6443603 
0.6462956 
0.6526425 
0.6454662 
0.6321201 
0.6469581 
0.6530590 
0.6457041 
0.6525628 
0.6404382 
0.6414359 
0.6557341 
0.6403514 
0.6472377 
0.6500048 
0.6568820 
0.6588385 
0.6556272 
0.6524031 
0.6575539 
0.6611392 
0.6475075 
0.6623720 
0.6628721 
0.6516195 
0.6509527 
0.6488356 
0.6458910 
0.6365368 
0.6312226 
0.6405022 
0.6506141 
0.6253384 
0.6298228 
0.6180464 
0.6087740 
0.6233806 
0.5946014 
0.6182275 
0.6230950 
0.6146727 
0.6385599 
0.6313580 
0.6213231 
0.6394829 
0.6376052 
0.6431614 
0.6480422 
0.6261453 
0.6268378 
0.6439968 
0.6391143 
0.6432681 
0.6418885 
0.6331420 
0.6389166 
0.6199084 
0.6240476 
0.6199695 
0.6219261 
0.6355789 
0.6290542 
0.6473689 
0.6265173 
0.6412865 
0.6456875 
0.6244051 
0.6393230 
0.6176291 
0.6178072 
0.6135529 
0.6064002 
0.6387245 
0.6174049 
0.6298898 
0.6259391 
0.6080207 
0.6155608 
0.6166121 
0.6160226 
0.6244099 
0.6230826 
0.6341994 
0.6259066 
0.6146326 
0.6209795 
0.6094053 
0.6101180 
0.6192994 
0.6185008 
0.6244727 
0.6073986 
0.5949171 
0.6097025 
0.5990914 
0.6075773 
0.6151372 
0.6048713 
0.6032168 
0.6104029 
0.5996185 
0.5993981 
0.5951678 
0.5965883 
0.5985864 
0.5825321 
0.5937577 
0.5955259 
0.6148442 
0.6130959 
0.5855969 
0.5833251 
0.5583151 
0.5693105 
0.5669197 
0.5641584 
0.5856700 
0.5566897 
0.5567991 
0.5501137 
0.5558675 
0.5660931 
0.5475238 
0.5599336 
0.5489223 
0.5734316 
0.5784473 
0.5734032 
0.5878363 
0.5902582 
0.5889309 
0.5839757 
0.5605095 
0.5727450 
0.5496823 
0.5605199 
0.5516571 
0.5512336 
0.5430575 
0.5446605 
0.5707488 
0.5823624 
0.5861336 
0.5934715 
0.5974265 
0.5934767 
0.5795903 
0.5749182 
0.5857295 
0.5780081 
0.5695741 
0.5777537 
0.5837960 
0.5627393 
0.5685077 
0.5718146 
0.5846831 
0.5765111 
0.5734495 
0.5752655 
0.5615870 
0.5726190 
0.5545527 
0.5676946 
0.5712328 
0.5690669 
0.5896130 
0.5756472 
0.5855888 
0.5962386 
0.6035997 
0.5974629 
0.5800691 
0.5647655 
0.5670978 
0.5486431 
0.5528408 
0.5493850 
0.5618666 
0.5685029 
0.5685853 
0.5805149 
0.5690476 
0.5899885 
0.5832112 
0.5784431 
0.5701808 
0.5563295 
0.5601765 
0.5467486 
0.5518287 
0.5465173 
0.5495854 
0.5538627 
0.5406402 
0.5192127 
0.5327275 
0.5397331 
0.5528680 
0.5514515 
0.5569967 
0.5584099 
0.5646133 
0.5601854 
0.5584987 
0.5628687 
0.5606786 
0.5481590 
0.5241127 
0.5388408 
0.5305295 
0.5319270 
0.5321892 
0.5526822 
0.5611630 
0.5415688 
0.5454631 
0.5255084 
0.5242343 
0.5201780 
0.5191310 
0.5387730 
0.5309598 
0.5159676 
0.5156816 
0.5028841 
0.5186560 
0.5210903 
0.5360382 
0.5433479 
0.5353650 
0.5270848 
0.5078917 
0.4894113 
0.4925968 
0.4828598 
0.4983746 
0.4975894 
0.5169434 
0.5160026 
0.5059477 
0.5111964 
0.5136054 
0.5457855 
0.5478624 
0.5284202 
0.5108020 
0.5020877 
0.5032898 
0.5024288 
0.4950237 
0.4954878 
0.4934148 
0.4959465 
0.5111614 
0.4931175 
0.5121549 
0.5085246 
0.5142737 
0.5071997 
0.5149431 
0.5060906 
0.5110950 
0.5056413 
0.5179319 
0.5215492 
0.5029217 
0.5151842 
0.5119001 
0.5008776 
0.5085447 
0.5187467 
0.5211553 
0.5221610 
0.5186394 
0.5031918 
0.5138779 
0.4950885 
0.4884038 
0.4817195 
0.4957471 
0.4961247 
0.5071012 
0.5110155 
0.5118233 
0.5036415 
0.5034551 
0.4974631 
0.5086224 
0.5089021 
0.4992897 
0.5105125 
0.4908881 
0.4988767 
0.4843344 
0.4730894 
0.4674552 
0.4749160 
0.4723488 
0.4626076 
0.4669928 
0.4660086 
0.4804849 
0.4822944 
0.4730105 
0.4661494 
0.4734504 
0.4673625 
0.4856660 
0.5028295 
0.5141507 
0.5105043 
0.5059321 
0.4980619 
0.4833739 
0.4706902 
0.4757863 
0.4725424 
0.4708967 
0.4762069 
0.4742898 
0.4859226 
0.4926128 
0.4785544 
0.4659663 
0.4734704 
0.4699133 
0.4797654 
0.4869510 
0.4900387 
0.4961491 
0.4827997 
0.4800572 
0.4973607 
0.4937246 
0.4934154 
0.4797039 
0.4705975 
0.4627220 
0.4569394 
0.4395284 
0.4472998 
0.4695225 
0.4660296 
0.4717267 
0.4561596 
0.4538353 
0.4568502 
0.4590044 
0.4617752 
0.4522093 
0.4515667 
0.4632095 
0.4648590 
0.4598603 
0.4580023 
0.4578486 
0.4420514 
0.4503332 
0.4591185 
0.4752668 
0.4762488 
0.4761189 
0.4735969 
0.4509687 
0.4418706 
0.4565328 
0.4676885 
0.4444428 
0.4316274 
0.4128850 
0.4376435 
0.4457879 
0.4741742 
0.4485752 
0.4265690 
0.4024269 
0.4086929 
0.4109202 
0.4371374 
0.4381106 
0.4274660 
0.4274791 
0.4138388 
0.4118537 
0.4165954 
0.4243771 
0.4270073 
0.4366084 
0.4340799 
0.4207326 
0.4342948 
0.4292931 
0.4524681 
0.4526187 
0.4533967 
0.4481056 
0.4328966 
0.4231326 
0.4231022 
0.4250731 
0.4198324 
0.4347987 
0.4460164 
0.4418922 
0.4452658 
0.4433541 
0.4501619 
0.4652005 
0.4537239 
0.4269190 
0.4266616 
0.4441112 
0.4523141 
0.4438221 
0.4458471 
0.4580715 
0.4799650 
0.4551721 
0.4317396 
0.4004815 
0.3939628 
0.3988263 
0.3945997 
0.3981676 
0.4164013 
0.4327110 
0.4618916 
0.4547153 
0.4368935 
0.4370275 
0.4143546 
0.4005023 
0.3976623 
0.4147479 
0.4260339 
0.4482028 
0.4322439 
0.4245431 
0.4132790 
0.4304504 
0.4233694 
0.4099213 
0.4046363 
0.3963570 
0.3892148 
0.3946514 
0.3981392 
0.4094409 
0.4254627 
0.4148196 
0.4104087 
0.4157574 
0.4133479 
0.4058301 
0.4064837 
0.4176145 
0.4200957 
0.4080465 
0.3985715 
0.3944534 
0.4246414 
0.4291183 
0.4310438 
0.4131799 
0.4037474 
0.3863358 
0.3751656 
0.3657010 
0.3623431 
0.3690641 
0.3890852 
0.3841655 
0.3912940 
0.4036150 
0.4299334 
0.4326298 
0.4296286 
0.4306896 
0.4172122 
0.4024019 
0.3879972 
0.3840068 
0.3781072 
0.3896334 
0.3910261 
0.4003182 
0.3938489 
0.3748013 
0.3697439 
0.3781636 
0.3805855 
0.3799883 
0.3693062 
0.3548087 
0.3613925 
0.3725409 
0.4028211 
0.4100370 
0.4014895 
0.3866765 
0.3728988 
0.3531859 
0.3507696 
0.3391318 
0.3721665 
0.3927843 
0.4032741 
0.3948502 
0.3841771 
0.3693874 
0.3822041 
0.3835298 
0.3874401 
0.3840539 
0.3807550 
0.4038064 
0.4101973 
0.4330152 
0.4121141 
0.3754116 
0.3567690 
0.3358402 
0.3282367 
0.3333825 
0.3502826 
0.3533541 
0.3616834 
0.3548045 
0.3497792 
0.3604285 
0.3524269 
0.3546673 
0.3490365 
0.3600193 
0.3717848 
0.3845758 
0.3791706 
0.3815931 
0.3858117 
0.3811258 
0.3583654 
0.3528319 
0.3557793 
0.3444185 
0.3478755 
0.3407747 
0.3329378 
0.3278098 
0.3162548 
0.3405561 
0.3369175 
0.3328330 
0.3216076 
0.3309031 
0.3400319 
0.3345526 
0.3475161 
0.3562177 
0.3752317 
0.3829351 
0.3701569 
0.3641841 
0.3486208 
0.3594838 
0.3609757 
0.3607785 
0.3426236 
0.3505059 
0.3414395 
0.3256372 
0.3400055 
0.3241166 
0.3068015 
0.3028683 
0.3133147 
0.3206469 
0.3174091 
0.3175075 
0.3373065 
0.3453747 
0.3378591 
0.3290118 
0.3214814 
0.3454444 
0.3657364 
0.3587974 
0.3250412 
0.3183650 
0.3238263 
0.3450871 
0.3583414 
0.3410616 
0.3226771 
0.3019393 
0.3126223 
0.3361318 
0.3523464 
0.3505270 
0.3327006 
0.3292991 
0.3055937 
0.3087500 
0.3194261 
0.3499348 
0.3497410 
0.3325925 
0.2981438 
0.2927776 
0.2927556 
0.2881048 
0.3156402 
0.3498837 
0.3834292 
0.3805083 
0.3332403 
0.3165532 
0.3018483 
0.3106686 
0.3325570 
0.3324813 
0.3204950 
0.3229817 
0.3100180 
0.2940156 
0.2875578 
0.2910586 
0.2972602 
0.2955841 
0.2959780 
0.3125034 
0.3249454 
0.3007318 
0.2859606 
0.2869779 
0.2840751 
0.2882178 
0.2886542 
0.2884252 
0.3109853 
0.3169821 
0.3141971 
0.3054798 
0.2982334 
0.2777156 
0.2727615 
0.2808865 
0.3013989 
0.3171999 
0.3165671 
0.3165590 
0.3158048 
0.3169593 
0.3123710 
0.2978347 
0.2860682 
0.2894311 
0.3202641 
0.3201777 
0.3042299 
0.2847070 
0.3051101 
0.3319496 
0.3495742 
0.3152548 
0.2922365 
0.2973161 
0.3298876 
0.3263490 
0.3060821 
0.2942770 
0.2937664 
0.3163935 
0.3249184 
0.3269182 
0.3158117 
0.3082715 
0.3083592 
0.2936166 
0.2984235 
0.3100544 
0.3022237 
0.2735208 
0.2747618 
0.2961932 
0.3113498 
0.3045359 
0.3000624 
0.2865205 
0.2738231 
0.2469104 
0.2346947 
0.2426450 
0.2421378 
0.2567020 
0.2601206 
0.2788256 
0.2951553 
0.2916617 
0.2790850 
0.2721857 
0.2604783 
0.2528302 
0.2450743 
0.2505216 
0.2498457 
0.2495387 
0.2716154 
0.2931329 
0.2895631 
0.2914507 
0.2950017 
0.2778194 
0.2622302 
0.2452775 
0.2399543 
0.2421132 
0.2337371 
0.2087140 
0.2128747 
0.2327378 
0.2582237 
0.2974618 
0.3180547 
0.3129602 
0.2929419 
0.2725938 
0.2663903 
0.2580051 
0.2459656 
0.2538835 
0.2577297 
0.2632080 
0.2483088 
0.2380284 
0.2368125 
0.2380444 
0.2518891 
0.2451106 
0.2295289 
0.2400105 
0.2561698 
0.2663119 
0.2566623 
0.2554268 
0.2594566 
0.2729831 
0.2859410 
0.2694172 
0.2646763 
0.2582913 
0.2547119 
0.2398666 
0.2207983 
0.2386603 
0.2666996 
0.2648577 
0.2505061 
0.2395099 
0.2478018 
0.2502255 
0.2584153 
0.2582330 
0.2505790 
0.2405399 
0.2332172 
0.2228297 
0.2151582 
0.2336703 
0.2436023 
0.2311196 
0.2097275 
0.2052429 
0.2106897 
0.2157692 
0.2256796 
0.2308364 
0.2328519 
0.2451513 
0.2457335 
0.2123253 
0.2110597 
0.2214686 
0.2508591 
0.2681951 
0.2625144 
0.2658499 
0.2461676 
0.2307479 
0.2162209 
0.2139425 
0.2028408 
0.1874298 
0.2064226 
0.2068374 
0.1989836 
0.2154941 
0.2292844 
0.2226387 
0.2278759 
0.2405103 
0.2556786 
0.2571130 
0.2535317 
0.2688425 
0.2640309 
0.2559188 
0.2441198 
0.2342172 
0.2122830 
0.1870514 
0.1874139 
0.1709635 
0.1784622 
0.1999750 
0.2094933 
0.2124955 
0.2125669 
0.2217977 
0.2293068 
0.2227512 
0.2270239 
0.2284305 
0.2362682 
0.2380802 
0.2380932 
0.2351278 
0.2277552 
0.2423373 
0.2390730 
0.2133834 
0.2127253 
0.2222436 
0.2134315 
0.2063583 
0.1957646 
0.2138240 
0.2379389 
0.2432657 
0.2178335 
0.2069985 
0.2132844 
0.2283781 
0.2234545 
0.1909140 
0.1736940 
0.1764320 
0.1976077 
0.2029897 
0.1950238 
0.1994061 
0.1996109 
0.1919828 
0.2049473 
0.2087526 
0.1987541 
0.1993478 
0.1855828 
0.2008523 
0.2035430 
0.2091083 
0.2114711 
0.1937260 
0.1819289 
0.1780607 
0.1889944 
0.1890958 
0.1867624 
0.1779352 
0.1675969 
0.1650727 
0.1643171 
0.1825631 
0.1971851 
0.1831664 
0.1570515 
0.1553406 
0.1545879 
0.1632031 
0.2024544 
0.2014857 
0.1647169 
0.1498039 
0.1611489 
0.1590893 
0.1699668 
0.1911004 
0.1790467 
0.1507882 
0.1446240 
0.1542336 
0.1592599 
0.1681045 
0.2104654 
0.2025815 
0.1716551 
0.1726042 
0.1752449 
0.1906732 
0.2065118 
0.2193901 
0.2067676 
0.1866325 
0.1715460 
0.1898596 
0.1845996 
0.1914362 
0.2190995 
0.2258135 
0.1994563 
0.1773523 
0.1765942 
0.1878896 
0.1852806 
0.1833748 
0.1827631 
0.1847585 
0.1838806 
0.1704223 
0.1598875 
0.1668270 
0.1879818 
0.1800701 
0.1659650 
0.1601693 
0.1843962 
0.1802217 
0.1578530 
0.1665500 
0.1982282 
0.2193800 
0.2101092 
0.1939600 
0.1960087 
0.2059834 
0.1746794 
0.1477951 
0.1503243 
0.1595922 
0.1605667 
0.1448996 
0.1302546 
0.1443845 
0.1571537 
0.1364021 
0.1320088 
0.1358547 
0.1478018 
0.1563867 
0.1450674 
0.1374253 
0.1412438 
0.1647365 
0.1647604 
0.1325031 
0.1393240 
0.1614621 
0.1605016 
0.1539882 
0.1456186 
0.1490048 
0.1654901 
0.1719413 
0.1408675 
0.1314160 
0.1516802 
0.1684900 
0.1491718 
0.1340764 
0.1512889 
0.1585484 
0.1571682 
0.1593689 
0.1509874 
0.1444565 
0.1443440 
0.1528014 
0.1488932 
0.1407188 
0.1534572 
0.1509531 
0.1377535 
0.1470070 
0.1499228 
0.1406856 
0.1387320 
0.1364156 
0.1531613 
0.1596991 
0.1495827 
0.1485105 
0.1443923 
0.1438074 
0.1380340 
0.1315356 
0.1205420 
0.1315472 
0.1349921 
0.1349651 
0.1292371 
0.1316105 
0.1327473 
0.1325007 
0.1249415 
0.1360954 
0.1362891 
0.1388083 
0.1378297 
0.1214653 
0.1141097 
0.1319759 
0.1368399 
0.1348886 
0.1381372 
0.1347108 
0.1345928 
0.1320972 
0.1350047 
0.1261931 
0.1239483 
0.1269631 
0.1373373 
0.1387753 
0.1272843 
0.1067562 
0.1080981 
0.1235471 
0.1427552 
0.1446467 
0.1324866 
0.1117918 
0.1110127 
0.1097744 
0.1074816 
0.1163755 
0.1243025 
0.1191347 
0.1203292 
0.1174496 
0.1396755 
0.1740011 
0.1832111 
0.1333855 
0.1045687 
0.0933699 
0.1097868 
0.0961313 
0.0969374 
0.1026270 
0.1076039 
0.1132604 
0.1170498 
0.1543910 
0.2023860 
0.1648791 
0.0986896 
0.0836171 
0.0775056 
0.0822476 
0.0755817 
0.0828898 
0.1011875 
0.0994148 
0.0990929 
0.1165622 
0.1542432 
0.1784707 
0.1662698 
0.1348195 
0.1128119 
0.1008562 
0.1002377 
0.1002729 
0.1054295 
0.1162780 
0.0997261 
0.0962287 
0.0999181 
0.1300618 
0.1453689 
0.1329636 
0.1320268 
0.1349214 
0.1314043 
0.1040366 
0.0698201 
0.0550956 
0.0709965 
0.0711364 
0.0664279 
0.0801773 
0.1106653 
0.1063642 
0.1151742 
0.1241462 
0.1273429 
0.1317240 
0.1188996 
0.0965201 
0.0797822 
0.0703252 
0.0707599 
0.0629465 
0.0724208 
0.0872852 
0.0886736 
0.0884217 
0.0921808 
0.0926893 
0.1171252 
0.1408483 
0.1253836 
0.0971265 
0.0967534 
0.1024026 
0.1015442 
0.0779207 
0.0574047 
0.0671419 
0.0864720 
0.0932547 
0.0890709 
0.0882918 
0.0850257 
0.0903906 
0.0827358 
0.0770137 
0.0828281 
0.0842497 
0.0749167 
0.0728516 
0.0696900 
0.0663056 
0.0663797 
0.0618083 
0.0606749 
0.0734103 
0.0812646 
0.0812638 
0.0871579 
0.0920318 
0.1035436 
0.0963091 
0.0892824 
0.0810225 
0.0728605 
0.0709555 
0.0699267 
0.0678038 
0.0574423 
0.0509451 
0.0518603 
0.0635850 
0.0665011 
0.0683208 
0.0678467 
0.0620513 
0.0505001 
0.0519003 
0.0317967 
0.0395795 
0.0537180 
0.0676761 
0.0726099 
0.0824992 
0.0791677 
0.0738311 
0.0728499 
0.0697990 
0.0595000 
0.0578389 
0.0492229 
0.0395059 
0.0372063 
0.0411929 
0.0376152 
0.0381917 
0.0418350 
0.0470394 
0.0464601 
0.0385519 
0.0545293 
0.0688217 
0.0735629 
0.0651300 
0.0600704 
0.0536803 
0.0608428 
0.0408176 
0.0288132 
0.0319117 
0.0416932 
0.0340827 
0.0237445 
0.0200871 
0.0358535 
0.0369319 
0.0319245 
0.0374073 
0.0565795 
0.0536994 
0.0517438 
0.0531170 
0.0524328 
0.0365717 
0.0258502 
0.0283928 
0.0232210 
0.0183345 
0.0148546 
0.0105833 
0.0000000 
0.0023371 
0.0187955 
0.0293166 
0.0343380 
0.0190749 
0.0248580 
0.0354520 
0.0338518 
0.0428616 
0.0379219 
0.0154832 
0.0016445 
0.0149899 
0.0239448 
0.0175096 
0.0073568 
0.0206942 
0.0263381 
0.0194918 
0.0142861 
0.0222811 
0.0192067 
0.0207635 
0.0106980 
0.0129391 
0.0197166 
0.0149736 
0.0016340 
