0.0001869 
-0.0000708 
-0.0001317 
-0.3790237 
0.0298976 
0.4448569 
0.9975165 
0.9936833 
0.9924424 
0.9966631 
0.9742504 
0.9681642 
0.9670492 
0.9820310 
0.9711195 
0.9958086 
0.9865126 
0.9904910 
0.9754679 
0.9724372 
0.9842255 
0.9652448 
0.9757363 
0.9766243 
0.9746497 
0.9823571 
0.9846627 
1.0000000 
0.9736485 
0.9819070 
0.9737093 
0.9824459 
0.9853691 
0.9817496 
0.9735798 
0.9570510 
0.9491185 
0.9543814 
0.9856431 
0.9922763 
0.9772778 
0.9682187 
0.9683702 
0.9773630 
0.9767052 
0.9771183 
0.9697928 
0.9836045 
0.9828179 
0.9770072 
0.9659666 
0.9641804 
0.9694981 
0.9704361 
0.9521768 
0.9651603 
0.9556738 
0.9574499 
0.9553718 
0.9587721 
0.9548023 
0.9480200 
0.9468995 
0.9488961 
0.9462646 
0.9453136 
0.9311229 
0.9297082 
0.9187183 
0.9241932 
0.9307446 
0.9389549 
0.9308516 
0.9129465 
0.9275227 
0.9268130 
0.9215718 
0.9237515 
0.9296519 
0.9153184 
0.9187814 
0.9281849 
0.9432501 
0.9401098 
0.9319189 
0.9285672 
0.9345364 
0.9264853 
0.9267860 
0.9314114 
0.9287458 
0.9394401 
0.9272072 
0.9074468 
0.9135487 
0.9099076 
0.9167939 
0.9184075 
0.9366995 
0.9314169 
0.9137799 
0.9104601 
0.9075832 
0.9137841 
0.8975037 
0.8920568 
0.9022944 
0.9145927 
0.9262992 
0.9268229 
0.9331722 
0.9182243 
0.9352162 
0.9310613 
0.9365297 
0.9550605 
0.9162416 
0.8886940 
0.8878093 
0.8798161 
0.8883330 
0.8996718 
0.9125825 
0.9105833 
0.9086682 
0.9051970 
0.9067323 
0.9209454 
0.9174054 
0.9060724 
0.9082097 
0.9122897 
0.9168498 
0.9057810 
0.9082052 
0.9060606 
0.9127317 
0.9038172 
0.9155891 
0.9151572 
0.9275215 
0.8972655 
0.9096016 
0.9004255 
0.9110933 
0.9069165 
0.9157810 
0.9171721 
0.9233983 
0.9213265 
0.9229625 
0.9285974 
0.9153570 
0.9246547 
0.9081734 
0.9152604 
0.8976467 
0.9219553 
0.9190559 
0.9140194 
0.9164426 
0.9180951 
0.9136904 
0.9113006 
0.9119357 
0.9182785 
0.9119072 
0.9111586 
0.9170165 
0.9110562 
0.9216412 
0.9184063 
0.9251410 
0.9215280 
0.9248345 
0.9127515 
0.9147648 
0.9175893 
0.9162070 
0.9221933 
0.8784742 
0.8767522 
0.8771457 
0.8873539 
0.8696884 
0.8675072 
0.8819150 
0.8761231 
0.8780708 
0.8792867 
0.8835065 
0.8815768 
0.8948424 
0.9049144 
0.9014254 
0.9022762 
0.9132304 
0.9113758 
0.9117341 
0.9158991 
0.9149767 
0.9089953 
0.9096342 
0.9019177 
0.8937458 
0.8863278 
0.8886999 
0.8600938 
0.8519790 
0.8582208 
0.8576075 
0.8671488 
0.8634799 
0.8735714 
0.8753935 
0.8894279 
0.8772642 
0.8779543 
0.8830154 
0.8728678 
0.8928287 
0.8900505 
0.8712334 
0.8683492 
0.8623411 
0.8613539 
0.8548239 
0.8521817 
0.8435754 
0.8520665 
0.8663595 
0.8669199 
0.8597326 
0.8615992 
0.8705229 
0.8690233 
0.8695649 
0.8791781 
0.8974857 
0.8939044 
0.8814148 
0.8816615 
0.8872468 
0.8703614 
0.8849665 
0.8727538 
0.8726780 
0.8735947 
0.8683672 
0.8816146 
0.8821257 
0.8760077 
0.8846150 
0.8846552 
0.8818700 
0.8708755 
0.8684090 
0.8736897 
0.8689128 
0.8701449 
0.8754571 
0.8705182 
0.8656861 
0.8569215 
0.8355645 
0.8365107 
0.8418266 
0.8359795 
0.8409418 
0.8426236 
0.8449469 
0.9119673 
0.9432386 
0.9243104 
0.9005526 
0.8879389 
0.8752813 
0.8707876 
0.8708464 
0.8651736 
0.8730594 
0.8735336 
0.8770151 
0.8771484 
0.8805817 
0.8744767 
0.8638727 
0.8701617 
0.8780763 
0.8854878 
0.8837685 
0.8842205 
0.8782122 
0.8864715 
0.8870289 
0.8911255 
0.8775825 
0.8813628 
0.8833041 
0.8777926 
0.8856077 
0.8793539 
0.8826571 
0.8694228 
0.8581496 
0.8635676 
0.8693322 
0.8704590 
0.8664116 
0.8708204 
0.8724554 
0.8642033 
0.8687678 
0.8685321 
0.8717416 
0.8670127 
0.8665487 
0.8624214 
0.8531097 
0.8527857 
0.8571667 
0.8508446 
0.8446621 
0.8445059 
0.8558966 
0.8443465 
0.8401825 
0.8447798 
0.8479367 
0.8484826 
0.8363268 
0.8502064 
0.8338453 
0.8407405 
0.8591982 
0.8635856 
0.8854151 
0.8653708 
0.8599942 
0.8615040 
0.8699073 
0.8598888 
0.8492585 
0.8537146 
0.8460103 
0.8373151 
0.8342163 
0.8319415 
0.8273738 
0.8335923 
0.8294441 
0.8342555 
0.8288819 
0.8368129 
0.8230808 
0.8166177 
0.8250869 
0.8516651 
0.8566494 
0.8218984 
0.8089360 
0.8175009 
0.8260570 
0.8222940 
0.8268726 
0.8340870 
0.8272508 
0.8236854 
0.8354736 
0.8248302 
0.8074062 
0.7977922 
0.8016258 
0.8061603 
0.8109043 
0.8149688 
0.8107878 
0.8071749 
0.8172689 
0.8240800 
0.7998144 
0.8188682 
0.8219412 
0.8220794 
0.8097451 
0.7962519 
0.7991255 
0.7986338 
0.7965819 
0.7913539 
0.7856671 
0.7855456 
0.7882978 
0.7776799 
0.7843033 
0.7862919 
0.7924978 
0.7857855 
0.7922273 
0.7913213 
0.7939754 
0.7966232 
0.7936990 
0.8031211 
0.7922143 
0.7968143 
0.7895893 
0.7789226 
0.7777783 
0.7732156 
0.7780450 
0.7820136 
0.7991518 
0.8062917 
0.7972761 
0.7878736 
0.7812589 
0.7752823 
0.7752527 
0.7866216 
0.7965303 
0.7897340 
0.7914864 
0.7824962 
0.7741666 
0.7734711 
0.7756591 
0.7692422 
0.7607989 
0.7619448 
0.7629316 
0.7673818 
0.7656050 
0.7519195 
0.7563018 
0.7496865 
0.7498619 
0.7561239 
0.7592094 
0.7607793 
0.7601749 
0.7732238 
0.7773362 
0.7860062 
0.7938811 
0.7932279 
0.8017887 
0.8045618 
0.8015098 
0.8023554 
0.7921184 
0.7710531 
0.7740879 
0.7704078 
0.7591672 
0.7835508 
0.7803553 
0.7855772 
0.7925100 
0.7836643 
0.7804613 
0.7673485 
0.7620875 
0.7617552 
0.7447985 
0.7418060 
0.7403026 
0.7542855 
0.7590736 
0.7700238 
0.7628551 
0.7619164 
0.7674924 
0.7725379 
0.7606276 
0.7572165 
0.7642771 
0.7791369 
0.7637309 
0.7813069 
0.7858813 
0.7962694 
0.7712640 
0.7685662 
0.7615859 
0.7521882 
0.7744517 
0.7798558 
0.7716525 
0.7540792 
0.7523805 
0.7544486 
0.7539347 
0.7591838 
0.7729967 
0.7652670 
0.7749222 
0.7646352 
0.7679798 
0.7545208 
0.7422902 
0.7512322 
0.7487386 
0.7332769 
0.7264308 
0.7418330 
0.7325222 
0.7233366 
0.7496887 
0.7459442 
0.7351421 
0.7323110 
0.7314540 
0.7393534 
0.7407489 
0.7412283 
0.7399952 
0.7403901 
0.7483070 
0.7493422 
0.7542298 
0.7527619 
0.7487869 
0.7571161 
0.7633430 
0.7715965 
0.7688595 
0.7473197 
0.7460690 
0.7530853 
0.7435208 
0.7361378 
0.7404067 
0.7405858 
0.7427442 
0.7493310 
0.7468875 
0.7513112 
0.7568278 
0.7610983 
0.7623741 
0.7741291 
0.7739741 
0.7688221 
0.7622040 
0.7692902 
0.7737501 
0.7875854 
0.7785099 
0.7676998 
0.7864547 
0.7783532 
0.7597089 
0.7492349 
0.7858453 
0.7725731 
0.7784413 
0.7894658 
0.7844973 
0.7999172 
0.7955418 
0.7922987 
0.7863353 
0.7812078 
0.7780164 
0.7743269 
0.7772140 
0.7670307 
0.7657264 
0.7692726 
0.7512579 
0.7680067 
0.7667331 
0.7475002 
0.7531003 
0.7452299 
0.7506832 
0.7587912 
0.7628716 
0.7690820 
0.7629796 
0.7608933 
0.7688583 
0.7724851 
0.7763544 
0.7791803 
0.7619312 
0.7625530 
0.7701083 
0.7727186 
0.7795377 
0.7679793 
0.7665000 
0.7808106 
0.7643244 
0.7598580 
0.7240790 
0.7548024 
0.7495896 
0.7495357 
0.7492708 
0.7453858 
0.7456068 
0.7371780 
0.7447852 
0.7691732 
0.7616684 
0.7781282 
0.7716072 
0.7795843 
0.7723214 
0.7811981 
0.7539353 
0.7645319 
0.7621270 
0.7482531 
0.7433704 
0.7473577 
0.7420090 
0.7382570 
0.7342780 
0.7271916 
0.7288401 
0.7354891 
0.7308838 
0.7399194 
0.7290373 
0.7266539 
0.7306924 
0.7408530 
0.7488195 
0.7494953 
0.7455462 
0.7491138 
0.7407743 
0.7362558 
0.7394482 
0.7347643 
0.7251591 
0.7287600 
0.7342530 
0.7211535 
0.7275467 
0.7168716 
0.7211286 
0.7325058 
0.7306239 
0.7312083 
0.7353506 
0.7244909 
0.7236564 
0.7359655 
0.7453678 
0.7565785 
0.7467019 
0.7545118 
0.7581553 
0.7513630 
0.7441497 
0.7440119 
0.7524192 
0.7581759 
0.7425258 
0.7419889 
0.7398016 
0.7494012 
0.7599346 
0.7573293 
0.7582025 
0.7519440 
0.7611442 
0.7591312 
0.7647987 
0.7654097 
0.7723265 
0.7890038 
0.7589663 
0.7478487 
0.7469073 
0.7462883 
0.7360884 
0.7412951 
0.7409409 
0.7366737 
0.7220898 
0.7297434 
0.7221887 
0.7021281 
0.7046299 
0.7054901 
0.7012713 
0.7043285 
0.7278173 
0.7117874 
0.7186036 
0.7146382 
0.7173187 
0.7039831 
0.7248320 
0.7184289 
0.7312116 
0.7255591 
0.7175895 
0.7197240 
0.7337496 
0.7290478 
0.7268812 
0.7294354 
0.7173496 
0.7193724 
0.7286948 
0.7106673 
0.7261011 
0.7279949 
0.7314450 
0.7277284 
0.7407060 
0.7414520 
0.7336144 
0.7231300 
0.7136594 
0.7095174 
0.7146435 
0.7171443 
0.7166191 
0.7112236 
0.7005863 
0.7160274 
0.7084021 
0.7296962 
0.7272171 
0.7286398 
0.7296445 
0.7321055 
0.7196585 
0.7197223 
0.7246387 
0.7334493 
0.7377411 
0.7310567 
0.7405656 
0.7463785 
0.7375994 
0.7487385 
0.7496976 
0.7503083 
0.7485924 
0.7497113 
0.7557417 
0.7677132 
0.7717009 
0.7636088 
0.7602934 
0.7564995 
0.7516206 
0.7581700 
0.7309966 
0.7352346 
0.7317505 
0.7396273 
0.7386255 
0.7424534 
0.7393197 
0.7426232 
0.7500821 
0.7323095 
0.7334488 
0.7450735 
0.7319665 
0.7360659 
0.7382956 
0.7326279 
0.7336072 
0.7371304 
0.7577485 
0.7579624 
0.7511685 
0.7430389 
0.7490877 
0.7429649 
0.7310339 
0.7197135 
0.7292394 
0.7130670 
0.7224738 
0.7144057 
0.7178180 
0.6970922 
0.7139202 
0.7505406 
0.7336100 
0.7337148 
0.7411801 
0.7427989 
0.7302734 
0.7230340 
0.7355650 
0.7191396 
0.7217697 
0.7196469 
0.7058745 
0.7115524 
0.7102464 
0.7030899 
0.7346759 
0.7159383 
0.7449726 
0.7518219 
0.7460756 
0.7465277 
0.7651711 
0.7503886 
0.7566514 
0.7581290 
0.7448664 
0.7407139 
0.7516299 
0.7376247 
0.7340526 
0.7322187 
0.7255297 
0.7151643 
0.7335976 
0.7254225 
0.7135237 
0.7124902 
0.7126417 
0.6978026 
0.7020202 
0.7306291 
0.7397047 
0.7296905 
0.7250441 
0.7269236 
0.7126582 
0.7023632 
0.7002185 
0.6976127 
0.6975376 
0.7030282 
0.6960796 
0.7055705 
0.7028491 
0.6936563 
0.7107383 
0.7102231 
0.7151813 
0.7060902 
0.7131905 
0.6835403 
0.6864777 
0.6804184 
0.6818043 
0.6779669 
0.6769615 
0.6827310 
0.6846102 
0.6895115 
0.7019001 
0.7144382 
0.7057118 
0.7061638 
0.7099598 
0.7019468 
0.7045493 
0.7121059 
0.7117227 
0.7077552 
0.7013702 
0.7015923 
0.7030781 
0.7142767 
0.6980667 
0.6948228 
0.7071949 
0.7178124 
0.7092011 
0.7043378 
0.7075976 
0.6983629 
0.7070714 
0.6994902 
0.7137042 
0.7096780 
0.7234690 
0.7248073 
0.7253037 
0.7191529 
0.7427727 
0.7216218 
0.7214566 
0.7224562 
0.7171955 
0.7261571 
0.7339677 
0.7343400 
0.7227717 
0.7162071 
0.7239662 
0.7086908 
0.7147910 
0.7130708 
0.6962519 
0.7168815 
0.7239567 
0.7180011 
0.7229208 
0.7243617 
0.7189998 
0.7092879 
0.7116015 
0.7157906 
0.7149997 
0.7027318 
0.7042767 
0.6932266 
0.7032483 
0.6970447 
0.6839799 
0.6947892 
0.6952689 
0.6940349 
0.7372277 
0.6806014 
0.6727724 
0.6813198 
0.6634589 
0.6783043 
0.6936070 
0.6794666 
0.6816617 
0.6784893 
0.6763021 
0.6896363 
0.6740201 
0.6704466 
0.6623882 
0.6650463 
0.6675360 
0.6741014 
0.6845402 
0.6904940 
0.6789362 
0.6843890 
0.6783870 
0.6901545 
0.6985497 
0.7000749 
0.7068545 
0.7019739 
0.6789733 
0.6878973 
0.6819121 
0.6871679 
0.6682320 
0.6715854 
0.6712816 
0.6735744 
0.6976855 
0.6971697 
0.6925558 
0.7021258 
0.6991632 
0.6876715 
0.6860442 
0.6875287 
0.6725425 
0.6735649 
0.6809854 
0.6698765 
0.6699283 
0.6759475 
0.6618907 
0.6745687 
0.6745232 
0.6726287 
0.6744679 
0.6836428 
0.6769951 
0.6792642 
0.6572487 
0.6583580 
0.6570847 
0.6656221 
0.6422907 
0.6643591 
0.6440482 
0.6452708 
0.6485646 
0.6440360 
0.6384238 
0.6273895 
0.6395038 
0.6243691 
0.6242796 
0.6327119 
0.6355116 
0.6595296 
0.6493448 
0.6540032 
0.6602762 
0.6567818 
0.6548903 
0.6573781 
0.6578114 
0.6427922 
0.6441141 
0.6472230 
0.6616746 
0.6605965 
0.6694245 
0.6524884 
0.6568689 
0.6546863 
0.6469434 
0.6552775 
0.6532808 
0.6589028 
0.6538066 
0.6571223 
0.6536804 
0.6394783 
0.6406055 
0.6384404 
0.6422545 
0.6348664 
0.6519007 
0.6562207 
0.6586519 
0.6400537 
0.6314777 
0.6239472 
0.6204204 
0.6298333 
0.6225832 
0.6304250 
0.6613072 
0.6603587 
0.6483197 
0.6237155 
0.6250111 
0.6054715 
0.6079057 
0.6059835 
0.6116759 
0.6105997 
0.6053511 
0.6011480 
0.5976959 
0.6071799 
0.6166535 
0.6187332 
0.6069435 
0.6123743 
0.6275149 
0.6388994 
0.6373251 
0.6562962 
0.6571353 
0.6567656 
0.6588946 
0.6454682 
0.6467500 
0.6549374 
0.6564755 
0.6599301 
0.6584590 
0.6572824 
0.6470796 
0.6555296 
0.6543361 
0.6521398 
0.6630755 
0.6653780 
0.6536899 
0.6544300 
0.6626519 
0.6517551 
0.6591710 
0.6679009 
0.6572951 
0.6522585 
0.6307115 
0.6288270 
0.6409071 
0.6370447 
0.6425571 
0.6472056 
0.6347477 
0.6445510 
0.6386491 
0.6367470 
0.6409355 
0.6447904 
0.6355028 
0.6360754 
0.6401943 
0.5995061 
0.5947017 
0.6168561 
0.6425746 
0.6312396 
0.6301132 
0.6242484 
0.6178312 
0.6194188 
0.6187157 
0.6107918 
0.6125992 
0.6045073 
0.6033494 
0.5963803 
0.5973793 
0.5947698 
0.5700077 
0.5829867 
0.5843202 
0.5807569 
0.5758756 
0.5796548 
0.5950110 
0.6029852 
0.6076609 
0.5963500 
0.6063660 
0.6180520 
0.6014122 
0.6023444 
0.6015498 
0.6109048 
0.6118792 
0.5990752 
0.5952987 
0.5939823 
0.6027305 
0.6057539 
0.5808267 
0.5757511 
0.5765522 
0.5887098 
0.6317176 
0.6229433 
0.6018689 
0.5888501 
0.5832657 
0.5960914 
0.6106992 
0.6129917 
0.6129894 
0.6031960 
0.6122765 
0.6070885 
0.6127481 
0.6048455 
0.6004841 
0.6184328 
0.6107537 
0.6100922 
0.6087188 
0.6249167 
0.6080749 
0.6025299 
0.6046992 
0.6012168 
0.5963010 
0.5903561 
0.5837925 
0.5810915 
0.5798774 
0.5911010 
0.5727505 
0.5696455 
0.5787238 
0.5896726 
0.5871985 
0.5808019 
0.5829989 
0.5697955 
0.5820905 
0.5791646 
0.5774231 
0.5865504 
0.5857926 
0.5826535 
0.5796945 
0.5699893 
0.5767194 
0.5772939 
0.5747634 
0.5730551 
0.5993820 
0.5959564 
0.5678504 
0.5717708 
0.5893018 
0.5888093 
0.5853156 
0.5951067 
0.6478970 
0.6648591 
0.6705869 
0.6795839 
0.6929143 
0.6738763 
0.6532207 
0.6449513 
0.6401071 
0.6354273 
0.6407565 
0.6334268 
0.6297611 
0.6321342 
0.6286559 
0.6126435 
0.6107714 
0.6053511 
0.6047680 
0.6051729 
0.5959450 
0.6166712 
0.6115030 
0.5838858 
0.5721195 
0.5991482 
0.5920180 
0.5910769 
0.5972534 
0.5816905 
0.5937563 
0.5907647 
0.5803886 
0.5845784 
0.5917923 
0.5998690 
0.6215103 
0.6133682 
0.6152591 
0.6080521 
0.6121440 
0.6192634 
0.5967239 
0.6177021 
0.6229306 
0.6165660 
0.6165129 
0.6182739 
0.6144612 
0.6234342 
0.6161557 
0.6107171 
0.6118450 
0.6123690 
0.6044452 
0.5883935 
0.5747059 
0.5782189 
0.5552169 
0.5423756 
0.5345160 
0.5318276 
0.5340882 
0.5347737 
0.5381959 
0.5324219 
0.5304242 
0.5377608 
0.5316225 
0.5429976 
0.5619525 
0.5591759 
0.5715271 
0.5845574 
0.5885501 
0.6035747 
0.5818289 
0.6031927 
0.5980989 
0.5993132 
0.5978420 
0.5919496 
0.5705547 
0.5747618 
0.5681433 
0.5602143 
0.5442409 
0.5305175 
0.5174890 
0.5076590 
0.4984975 
0.5088381 
0.5104787 
0.5454356 
0.5703610 
0.5799533 
0.5959294 
0.6142780 
0.6161371 
0.6197368 
0.6381430 
0.6573709 
0.6743029 
0.6758817 
0.6831989 
0.7031855 
0.7071462 
0.6960567 
0.6953076 
0.6788200 
0.6639699 
0.6535423 
0.6254713 
0.6279313 
0.6198712 
0.6105768 
0.6192742 
0.6081605 
0.5915026 
0.5931956 
0.6113728 
0.6110516 
0.6064503 
0.6086580 
0.6023264 
0.6106006 
0.6143468 
0.6265145 
0.6462696 
0.6582132 
0.6745032 
0.6831408 
0.6903649 
0.6693544 
0.6617318 
0.6456236 
0.6207032 
0.5575109 
0.5319893 
0.5262167 
0.4920460 
0.4633461 
0.4814249 
0.4857707 
0.4832856 
0.4969772 
0.4943982 
0.5094190 
0.5166465 
0.5302121 
0.5653330 
0.5763090 
0.5654635 
0.5874687 
0.5768434 
0.5909184 
0.5855668 
0.5838950 
0.5688766 
0.5620675 
0.5421982 
0.5173380 
0.5032172 
0.4900047 
0.4820359 
0.4711132 
0.4531799 
0.4536371 
0.4530603 
0.4656543 
0.4642891 
0.4798966 
0.4820439 
0.4972220 
0.5197771 
0.5294059 
0.5613840 
0.5816913 
0.5845022 
0.6078325 
0.6367678 
0.6280358 
0.6534317 
0.6562255 
0.6769956 
0.6819954 
0.6853724 
0.6800724 
0.6693710 
0.6730863 
0.6627699 
0.6465348 
0.6361733 
0.6133600 
0.6086877 
0.6000313 
0.5761996 
0.5747842 
0.5586264 
0.5518776 
0.5436678 
0.5416764 
0.5415203 
0.5459224 
0.5536881 
0.5741829 
0.5953104 
0.6148226 
0.6241006 
0.6385897 
0.6349755 
0.6191445 
0.5919908 
0.5959389 
0.6029313 
0.5853330 
0.5832186 
0.5687014 
0.5628339 
0.5311393 
0.5452209 
0.5298726 
0.5228909 
0.5169870 
0.5143625 
0.5032024 
0.5003210 
0.5038576 
0.4983535 
0.5181898 
0.5162510 
0.5330905 
0.5155922 
0.5181284 
0.5380124 
0.5358543 
0.5371683 
0.5408616 
0.5519176 
0.5524456 
0.5482836 
0.5486381 
0.5515288 
0.5489998 
0.5349119 
0.5445301 
0.5410547 
0.5328234 
0.5392408 
0.5562153 
0.5640685 
0.5454976 
0.5366316 
0.5616791 
0.5500360 
0.5543309 
0.5582965 
0.5692408 
0.5655308 
0.5569851 
0.5727343 
0.5670255 
0.5674417 
0.5566788 
0.5645280 
0.5552744 
0.5666516 
0.5640938 
0.5694741 
0.5922170 
0.5949013 
0.5889867 
0.5941294 
0.5967658 
0.6042670 
0.5960665 
0.5938982 
0.6130426 
0.6040566 
0.5795518 
0.5850347 
0.5935200 
0.5957584 
0.5986590 
0.6054221 
0.6020695 
0.5945333 
0.5906489 
0.5750355 
0.5830611 
0.5868904 
0.5891973 
0.5874086 
0.5831565 
0.5904750 
0.5870112 
0.5701947 
0.5993041 
0.5893870 
0.5886110 
0.5861764 
0.5865634 
0.5589081 
0.5560744 
0.5412951 
0.5501396 
0.5470489 
0.5411584 
0.5388510 
0.5302273 
0.5294765 
0.5099354 
0.5105828 
0.5172478 
0.5101863 
0.5127843 
0.5047292 
0.5115129 
0.5020313 
0.4893250 
0.4842402 
0.4669323 
0.4802747 
0.4978397 
0.4969246 
0.4959209 
0.4867833 
0.4959687 
0.4785299 
0.4745914 
0.4509111 
0.4563598 
0.4602069 
0.4680511 
0.4689314 
0.4545918 
0.4780610 
0.4658314 
0.4697436 
0.4775332 
0.4809274 
0.4785130 
0.4518604 
0.4752544 
0.4782722 
0.4883467 
0.4922541 
0.5040712 
0.5153214 
0.5391367 
0.5385901 
0.5452362 
0.5483241 
0.4961080 
0.5067872 
0.5207745 
0.5152682 
0.5058374 
0.5230556 
0.5181808 
0.5237024 
0.5277005 
0.5238873 
0.5261507 
0.5128468 
0.5121617 
0.5358880 
0.5225974 
0.5336387 
0.5521488 
0.5185489 
0.5390648 
0.5421540 
0.5481756 
0.5478005 
0.5546353 
0.5475821 
0.5437385 
0.5602864 
0.5410107 
0.5341043 
0.5310366 
0.5437044 
0.5463676 
0.5474882 
0.5200481 
0.5137103 
0.5194822 
0.5240657 
0.5253542 
0.5289454 
0.5240326 
0.5335278 
0.5280351 
0.5195782 
0.5191501 
0.5173709 
0.5100257 
0.5103282 
0.5099836 
0.5191769 
0.5060206 
0.5188028 
0.5228601 
0.5061549 
0.5186864 
0.5101633 
0.4814823 
0.4748033 
0.4796506 
0.4882685 
0.4889037 
0.4971297 
0.5004173 
0.5030985 
0.5054525 
0.5084427 
0.4986892 
0.5228047 
0.5133456 
0.5022684 
0.4983595 
0.5005236 
0.5099078 
0.5090887 
0.5032138 
0.5075768 
0.5087367 
0.4824106 
0.4933116 
0.4837691 
0.4873382 
0.4944219 
0.4768391 
0.4949715 
0.4999889 
0.4869417 
0.4683754 
0.4680917 
0.4629576 
0.4721989 
0.4623294 
0.4741909 
0.4847700 
0.4855517 
0.4897625 
0.4850903 
0.4880328 
0.4958737 
0.4785793 
0.4834243 
0.4719176 
0.4706174 
0.4663138 
0.4682077 
0.4925308 
0.4759208 
0.4628316 
0.4663133 
0.4664484 
0.4810352 
0.4694072 
0.4660538 
0.4619603 
0.4698320 
0.4623507 
0.4730737 
0.4519122 
0.4628680 
0.4468066 
0.4490257 
0.4682412 
0.4789829 
0.4916266 
0.4802425 
0.4814870 
0.4873148 
0.4764396 
0.4790059 
0.4878083 
0.4804697 
0.4902825 
0.4799899 
0.4826374 
0.4805975 
0.4879347 
0.4678950 
0.4749468 
0.4733669 
0.4825180 
0.4851026 
0.4834961 
0.4906668 
0.4958921 
0.5131213 
0.5028025 
0.5144210 
0.5127125 
0.5189612 
0.5110076 
0.5009483 
0.4853279 
0.5106777 
0.4903651 
0.4998420 
0.4983370 
0.4957016 
0.4979250 
0.5061242 
0.5273212 
0.5160483 
0.5190282 
0.5115674 
0.5031233 
0.5072106 
0.5083384 
0.5151051 
0.5147272 
0.5074565 
0.5161905 
0.5169233 
0.5098783 
0.5024589 
0.5137939 
0.5191684 
0.5180606 
0.5272047 
0.5229938 
0.5473149 
0.5439212 
0.5358087 
0.5574594 
0.5606259 
0.5747854 
0.5643187 
0.5518472 
0.5351612 
0.4882756 
0.4350072 
0.4261665 
0.4325250 
0.4364309 
0.4315987 
0.4270894 
0.4254558 
0.4152692 
0.4081024 
0.4158677 
0.4127777 
0.4194268 
0.4320071 
0.4426612 
0.4273849 
0.4457683 
0.4365072 
0.4440668 
0.4524070 
0.4511016 
0.4420214 
0.4722455 
0.4726174 
0.4743613 
0.4802998 
0.4798001 
0.4802777 
0.5082241 
0.4916685 
0.4850612 
0.4887606 
0.4876097 
0.4861644 
0.4814126 
0.4826229 
0.4765109 
0.4692988 
0.4639120 
0.4777455 
0.4623490 
0.4615390 
0.4607830 
0.4582865 
0.4580806 
0.4637427 
0.4581201 
0.4556665 
0.4403459 
0.4608302 
0.4486680 
0.4553049 
0.4515914 
0.4549385 
0.4255966 
0.4262933 
0.4228826 
0.4203925 
0.4433501 
0.4267149 
0.4406263 
0.4337552 
0.4283769 
0.4257986 
0.4214256 
0.4200640 
0.4198828 
0.4113083 
0.4232072 
0.4239442 
0.4245991 
0.4298377 
0.4236694 
0.4090772 
0.4214236 
0.4174167 
0.4139568 
0.4111798 
0.4069753 
0.4039779 
0.3961414 
0.3985475 
0.3999554 
0.3993674 
0.3944923 
0.3889242 
0.3901752 
0.3946616 
0.4046587 
0.4023345 
0.4059447 
0.3909994 
0.3819230 
0.3901827 
0.3894717 
0.3928711 
0.4070291 
0.4233548 
0.4204116 
0.4217024 
0.4274806 
0.4455010 
0.3877892 
0.3903995 
0.3922927 
0.3878058 
0.3993962 
0.3966623 
0.3984616 
0.4015577 
0.4026955 
0.4033877 
0.4069489 
0.4181608 
0.4277391 
0.4134979 
0.4099830 
0.4042781 
0.4006475 
0.4006405 
0.4374927 
0.4430042 
0.4284254 
0.4318416 
0.4246766 
0.4211667 
0.4280176 
0.4319678 
0.4269932 
0.4212837 
0.4153946 
0.4115790 
0.4155182 
0.4181044 
0.4151892 
0.4184481 
0.4048297 
0.3952554 
0.3977344 
0.4052384 
0.3953452 
0.4071296 
0.3973841 
0.3977926 
0.3883060 
0.3856928 
0.3841645 
0.3868123 
0.3826677 
0.3796976 
0.3833358 
0.3671848 
0.3581459 
0.3598783 
0.3497980 
0.3534590 
0.3581642 
0.3583779 
0.3753605 
0.3598097 
0.3611692 
0.3471303 
0.3484601 
0.3425866 
0.3396504 
0.3440006 
0.3724593 
0.3692370 
0.3865700 
0.3950493 
0.3854166 
0.3746282 
0.3802077 
0.3862267 
0.3827481 
0.3746299 
0.3979446 
0.3868794 
0.3911794 
0.3819921 
0.3609784 
0.3538287 
0.3558286 
0.3592851 
0.3519654 
0.3579214 
0.3814700 
0.3680970 
0.3704697 
0.3661601 
0.3602564 
0.3676358 
0.3754079 
0.3729837 
0.3873056 
0.3770136 
0.3877363 
0.3684503 
0.3690687 
0.3984803 
0.3878961 
0.3944093 
0.4045867 
0.4016250 
0.3842391 
0.3872992 
0.3948203 
0.3908110 
0.3879767 
0.3880826 
0.3754093 
0.3762767 
0.3838321 
0.3825303 
0.3642040 
0.3643194 
0.3625666 
0.3540156 
0.3577021 
0.3550351 
0.3480633 
0.3596509 
0.3581677 
0.3541371 
0.3537514 
0.3583871 
0.3619019 
0.3467207 
0.3529184 
0.3516291 
0.3418604 
0.3359569 
0.3346844 
0.3359979 
0.3538741 
0.3556242 
0.3530794 
0.3536917 
0.3532896 
0.3533329 
0.3543157 
0.3515551 
0.3406882 
0.3588697 
0.3439235 
0.3269286 
0.3261416 
0.3365866 
0.3526996 
0.3459592 
0.3480427 
0.3477292 
0.3628027 
0.3558370 
0.3437829 
0.3377325 
0.3177119 
0.3070800 
0.3097406 
0.3016777 
0.3085203 
0.3067491 
0.3144820 
0.3010423 
0.3047164 
0.3187976 
0.3159444 
0.3328163 
0.3367138 
0.3414469 
0.3412679 
0.3335029 
0.3100716 
0.3179302 
0.3212337 
0.3120131 
0.3106132 
0.3038416 
0.3046039 
0.3143859 
0.3114771 
0.3243728 
0.3307018 
0.3217480 
0.3316668 
0.3111636 
0.3134202 
0.3001100 
0.2877875 
0.2952491 
0.3084733 
0.2923560 
0.2962124 
0.2960349 
0.3003583 
0.2884039 
0.2911418 
0.3010610 
0.2883461 
0.2970402 
0.2888144 
0.2904431 
0.2886736 
0.2887536 
0.2895784 
0.2949826 
0.2879223 
0.2967373 
0.2939197 
0.3049643 
0.3238829 
0.2976316 
0.2828919 
0.2923334 
0.2966444 
0.3004355 
0.2898591 
0.3009613 
0.3003575 
0.2975204 
0.2946409 
0.2930521 
0.3007568 
0.3050842 
0.3042568 
0.3070675 
0.3081668 
0.2965707 
0.2886331 
0.2892299 
0.2938240 
0.2888556 
0.2823211 
0.2724280 
0.2867178 
0.2813643 
0.2868534 
0.2940904 
0.2858968 
0.2809748 
0.2824422 
0.2837354 
0.2918680 
0.2804545 
0.2953208 
0.2971367 
0.3006521 
0.2947517 
0.2839296 
0.2970369 
0.3004273 
0.3020532 
0.3142745 
0.2995563 
0.2941326 
0.2962214 
0.2788087 
0.2832531 
0.2759063 
0.2878013 
0.2898174 
0.2978465 
0.3000720 
0.3116613 
0.3061888 
0.3124933 
0.2987418 
0.2904748 
0.2996527 
0.2865018 
0.2924601 
0.3024559 
0.2872524 
0.2929434 
0.3069380 
0.3294840 
0.2984752 
0.3034676 
0.2882332 
0.2900334 
0.3017454 
0.2993674 
0.3006927 
0.3124097 
0.3195075 
0.3219499 
0.3143312 
0.3116747 
0.3178881 
0.2976971 
0.2934383 
0.2921568 
0.2946977 
0.3062410 
0.2933107 
0.2973835 
0.3049034 
0.3000617 
0.2877804 
0.2803352 
0.2829836 
0.2731093 
0.2820886 
0.2808994 
0.2763116 
0.2654517 
0.2919586 
0.2838431 
0.2861990 
0.2794474 
0.2962795 
0.2878039 
0.2840789 
0.2815504 
0.2707705 
0.2727567 
0.2697911 
0.2584906 
0.2524274 
0.2591610 
0.2723179 
0.2606572 
0.2623582 
0.2579480 
0.2709650 
0.2882078 
0.2688448 
0.2598376 
0.2606026 
0.2559669 
0.2637788 
0.2696379 
0.2806592 
0.2829731 
0.2889227 
0.2739052 
0.2719140 
0.2539430 
0.2430591 
0.2336423 
0.2510870 
0.2484667 
0.2561989 
0.2477456 
0.2512174 
0.2376307 
0.2445164 
0.2190644 
0.2201217 
0.2260006 
0.2377718 
0.2182997 
0.2279268 
0.2513110 
0.2347940 
0.2443308 
0.2394175 
0.2396755 
0.2419051 
0.2186610 
0.2021622 
0.2030470 
0.2085489 
0.1876535 
0.1897579 
0.1982770 
0.1917797 
0.1828638 
0.2151937 
0.2181943 
0.2239769 
0.2204053 
0.2244012 
0.2217853 
0.2157293 
0.2075968 
0.2134125 
0.2001703 
0.2075781 
0.1989534 
0.1947924 
0.1902198 
0.1974792 
0.2013905 
0.2008239 
0.1953952 
0.2023173 
0.2011027 
0.1872795 
0.1865577 
0.1975341 
0.1959645 
0.1827977 
0.1850799 
0.1772059 
0.1872109 
0.2007961 
0.2201225 
0.3141670 
0.1728686 
0.1754881 
0.1825941 
0.1848652 
0.1918018 
0.1882888 
0.1874061 
0.1800334 
0.1758947 
0.1851667 
0.1922125 
0.1878398 
0.1806508 
0.1831510 
0.1770680 
0.1811552 
0.1914769 
0.1915794 
0.1935358 
0.1819627 
0.1751340 
0.1766878 
0.1942505 
0.1977349 
0.2045088 
0.1963412 
0.2022958 
0.1948914 
0.2033650 
0.2159281 
0.2097978 
0.2113424 
0.2188481 
0.2060323 
0.2160445 
0.1960042 
0.2006532 
0.1963056 
0.2109687 
0.2039364 
0.1995476 
0.2137165 
0.1888604 
0.1991575 
0.2147651 
0.1982658 
0.2161092 
0.2161389 
0.2116814 
0.2212928 
0.2092856 
0.2120078 
0.2084712 
0.2134275 
0.2201984 
0.2126204 
0.2076827 
0.2162027 
0.1915253 
0.1809074 
0.1912649 
0.1974350 
0.1968999 
0.1912153 
0.1871994 
0.1825007 
0.1776488 
0.1796264 
0.2103857 
0.1930637 
0.1874459 
0.1879788 
0.2009930 
0.1933622 
0.1878463 
0.1826717 
0.1820583 
0.1862141 
0.1742372 
0.1714247 
0.1745601 
0.1733281 
0.1802466 
0.1543616 
0.1642633 
0.1927624 
0.1760029 
0.1756676 
0.1779659 
0.1678741 
0.1683480 
0.1563634 
0.1521557 
0.1447589 
0.1464650 
0.1400608 
0.1312829 
0.1463175 
0.1385724 
0.1511060 
0.1400390 
0.1455838 
0.1515953 
0.1475461 
0.1392714 
0.1491297 
0.1514798 
0.1607827 
0.1613955 
0.1645166 
0.1673607 
0.1684840 
0.1777484 
0.2073299 
0.1838097 
0.1794064 
0.1762180 
0.1811181 
0.1836980 
0.1828318 
0.1860286 
0.1771482 
0.1855348 
0.1799043 
0.1840064 
0.1691323 
0.1601925 
0.1637694 
0.1597319 
0.1656690 
0.1670761 
0.1657635 
0.1710162 
0.1614481 
0.1632807 
0.1694924 
0.1688876 
0.1813986 
0.1903125 
0.2017886 
0.1989209 
0.2103095 
0.2148842 
0.2215629 
0.2364309 
0.2169954 
0.2110904 
0.1889390 
0.1886235 
0.1817505 
0.1842202 
0.1824746 
0.1697790 
0.1809756 
0.1829378 
0.1797865 
0.1678058 
0.1690863 
0.1679840 
0.1731437 
0.1757576 
0.1761552 
0.1699935 
0.1664961 
0.1616473 
0.1585973 
0.1581522 
0.1807811 
0.1707528 
0.1684470 
0.1668844 
0.1531460 
0.1545037 
0.1499260 
0.1534012 
0.1709533 
0.1774191 
0.1844230 
0.1688962 
0.1649465 
0.1659866 
0.1775225 
0.1754024 
0.1748641 
0.1810811 
0.1789933 
0.1590890 
0.1658171 
0.1702573 
0.1626935 
0.1665490 
0.1733742 
0.1723761 
0.1685926 
0.1641987 
0.1592696 
0.1560261 
0.1670327 
0.1625417 
0.1751722 
0.1813713 
0.1863060 
0.1891809 
0.1936729 
0.1814991 
0.2008776 
0.1917590 
0.1959303 
0.1944047 
0.2102162 
0.1989291 
0.1952926 
0.2019559 
0.1894998 
0.1866346 
0.1971611 
0.1920201 
0.1863081 
0.1880478 
0.1896356 
0.1949731 
0.1954774 
0.2102897 
0.2006930 
0.2021412 
0.1938662 
0.1930241 
0.1937430 
0.1928454 
0.1947447 
0.1846481 
0.1805639 
0.1866356 
0.1822900 
0.1780417 
0.1874660 
0.1824561 
0.1877850 
0.1834729 
0.1877053 
0.1908535 
0.1851248 
0.1906869 
0.1843536 
0.1852748 
0.1832944 
0.1959207 
0.1821665 
0.1990579 
0.1977252 
0.2068350 
0.1993117 
0.2001209 
0.2067878 
0.1997491 
0.1875904 
0.2022002 
0.2017412 
0.1943083 
0.1903938 
0.2140220 
0.2147624 
0.2175184 
0.2120442 
0.2086712 
0.2021603 
0.2053615 
0.2100205 
0.2115479 
0.2090790 
0.2116390 
0.2137649 
0.1671693 
0.1636309 
0.1875883 
0.1876371 
0.1852107 
0.1761880 
0.1712186 
0.1802770 
0.1720988 
0.1908681 
0.1810195 
0.1749691 
0.1751433 
0.1734061 
0.1862994 
0.1845593 
0.1918870 
0.1892200 
0.1637540 
0.1584856 
0.1620946 
0.1594122 
0.1579449 
0.1786558 
0.1747926 
0.1644393 
0.1570526 
0.1546847 
0.1714606 
0.1633238 
0.1641489 
0.1651692 
0.1638923 
0.1736364 
0.1678528 
0.1709189 
0.2010882 
0.1945110 
0.1927820 
0.1886768 
0.1728915 
0.1578966 
0.1579279 
0.1602336 
0.1675082 
0.1736359 
0.1784442 
0.1736996 
0.1937561 
0.1852275 
0.1530538 
0.1577696 
0.1497320 
0.1294092 
0.1344020 
0.1228140 
0.1284410 
0.1282427 
0.0884217 
0.1069096 
0.1124724 
0.1182735 
0.1218131 
0.1081110 
0.1107133 
0.1093877 
0.0946272 
0.1154190 
0.1171395 
0.1130950 
0.1147616 
0.1109684 
0.1141093 
0.1075364 
0.0963831 
0.1094326 
0.0959867 
0.0956118 
0.0988402 
0.0936838 
0.1001837 
0.0951286 
0.0911252 
0.0871720 
0.1032167 
0.0989148 
0.0958898 
0.0947284 
0.0935653 
0.0882022 
0.0956784 
0.0981054 
0.1003541 
0.1180066 
0.1286604 
0.1251037 
0.1189648 
0.1240983 
0.1237983 
0.1181856 
0.1278611 
0.1246350 
0.1352197 
0.1258258 
0.1193687 
0.1114244 
0.0956653 
0.0917176 
0.0969497 
0.0775830 
0.0749807 
0.0883687 
0.0985383 
0.1095692 
0.0983273 
0.1119714 
0.1024892 
0.1070343 
0.1189074 
0.1124389 
0.1237304 
0.1135275 
0.1191383 
0.1289018 
0.1278143 
0.1201600 
0.1347860 
0.1286221 
0.1301640 
0.1182391 
0.1218012 
0.1204546 
0.1211982 
0.1197416 
0.1267019 
0.1125030 
0.0971109 
0.0916813 
0.1197120 
0.1116271 
0.1055458 
0.1020571 
0.1027689 
0.1024690 
0.1031266 
0.1141107 
0.1137115 
0.1252220 
0.1314955 
0.1343029 
0.1360203 
0.1527460 
0.1455899 
0.1373496 
0.1342821 
0.1415189 
0.1239759 
0.1338629 
0.1242797 
0.1302600 
0.1253722 
0.1222760 
0.1181993 
0.1297012 
0.1196244 
0.1168016 
0.1153273 
0.1259322 
0.1318803 
0.1300828 
0.1455979 
0.1515331 
0.1787053 
0.1657832 
0.1147752 
0.1136321 
0.1111492 
0.1064215 
0.1037128 
0.1081827 
0.0975133 
0.1066713 
0.1063401 
0.1017533 
0.1001373 
0.1008125 
0.1090614 
0.1027525 
0.1113883 
0.1133891 
0.1076091 
0.1179514 
0.1102547 
0.1094593 
0.1206854 
0.1212051 
0.1222036 
0.1151146 
0.1134908 
0.1125840 
0.1124276 
0.1142888 
0.1205564 
0.1067095 
0.1264395 
0.1350689 
0.1132356 
0.1004740 
0.1059796 
0.1093278 
0.1184639 
0.1058501 
0.1122904 
0.1118318 
0.0989931 
0.1078042 
0.1012172 
0.1070264 
0.1140422 
0.1013289 
0.0997164 
0.0979230 
0.0950920 
0.1074019 
0.1209419 
0.1174788 
0.0887586 
0.0841933 
0.0845068 
0.0984055 
0.1124426 
0.0891351 
0.1136764 
0.1106963 
0.1087626 
0.1060548 
0.1147783 
0.1131719 
0.1066621 
0.1092849 
0.1057127 
0.1090137 
0.0906868 
0.0931494 
0.0823686 
0.0869661 
0.0862429 
0.0773507 
0.0600124 
0.0634131 
0.0639217 
0.0498680 
0.0509220 
0.0508100 
0.0535847 
0.0566595 
0.0710764 
0.0655159 
0.0760086 
0.0724894 
0.0779546 
0.0873825 
0.0805037 
0.0848539 
0.0919630 
0.0881645 
0.0807378 
0.0771834 
0.0692074 
0.0569312 
0.0504999 
0.0395035 
0.0391258 
0.0276779 
0.0229531 
0.0185258 
0.0256397 
0.0203043 
0.0184808 
0.0173777 
0.0200083 
0.0000000 
0.0050321 
0.0055310 
0.0208767 
0.0262116 
0.0148212 
0.0173741 
0.0247768 
0.0287545 
0.0380565 
0.0451537 
0.0493961 
0.0545567 
0.0494883 
0.0494100 
0.0802965 
0.0990333 
0.1015432 
0.0754355 
0.0562630 
0.0383537 
0.0260722 
0.0192582 
0.0130695 
0.0069355 
0.0143111 
0.0222928 
0.0297737 
0.0420554 
0.0431879 
0.0388618 
0.0466857 
0.0519044 
0.0479077 
0.0524998 
0.0479293 
0.0535799 
0.0508463 
0.0453392 
