-0.0001360 
-0.0000857 
0.0001655 
-0.4864064 
0.2141382 
0.4518896 
0.0844364 
0.1025699 
0.1152812 
0.1048462 
0.0803794 
0.0666444 
0.0510950 
0.0672223 
0.1017113 
0.0835813 
0.1323406 
0.1000014 
0.0917049 
0.0802054 
0.1061841 
0.0650527 
0.0656514 
0.0863257 
0.0923516 
0.1017706 
0.1174882 
0.1133446 
0.1150531 
0.1132729 
0.1326949 
0.1278703 
0.1392019 
0.1388102 
0.1805538 
0.1897954 
0.1610121 
0.1487106 
0.1226572 
0.1369981 
0.1559219 
0.1592566 
0.1563550 
0.1372741 
0.1104436 
0.1785856 
0.1467270 
0.1709746 
0.1629702 
0.1921465 
0.1921812 
0.2219098 
0.2144569 
0.1990239 
0.1585109 
0.1497560 
0.1189447 
0.1145787 
0.1365851 
0.1574489 
0.1544534 
0.1322307 
0.1270187 
0.1230023 
0.1585004 
0.1967398 
0.1977958 
0.1432855 
0.1009641 
0.1131528 
0.1103671 
0.1002513 
0.1080210 
0.1088073 
0.1048722 
0.1194943 
0.1070902 
0.0995650 
0.0614267 
0.0371287 
0.0253395 
0.0621558 
0.0760820 
0.0869569 
0.0692310 
0.0774069 
0.0907920 
0.0691412 
0.0523423 
0.0362453 
0.0688807 
0.0685660 
0.0644873 
0.0435457 
0.0743593 
0.0467535 
0.0575032 
0.0594403 
0.1060837 
0.1311443 
0.1359071 
0.1505168 
0.1357774 
0.1420828 
0.1600546 
0.1849497 
0.1962430 
0.1184780 
0.0866137 
0.1097116 
0.1118928 
0.1081887 
0.1335055 
0.1076491 
0.0990853 
0.0716734 
0.0650415 
0.0492343 
0.0738518 
0.1037128 
0.1045810 
0.0799873 
0.0592070 
0.0795481 
0.0804131 
0.0820769 
0.0389801 
0.0781559 
0.0736273 
0.0564728 
0.0848096 
0.0962353 
0.0944069 
0.1056499 
0.1009119 
0.0648506 
0.0895975 
0.0990659 
0.1029350 
0.1041159 
0.1633895 
0.1432250 
0.1244164 
0.1295090 
0.1476288 
0.1465211 
0.1680619 
0.1789531 
0.1402515 
0.1304971 
0.1364975 
0.1240505 
0.1257656 
0.1587383 
0.1448598 
0.1400788 
0.1384594 
0.2063779 
0.2117428 
0.2076374 
0.2001914 
0.2018863 
0.1845428 
0.1828152 
0.1836163 
0.2134515 
0.1914220 
0.1747425 
0.2115086 
0.1690395 
0.1492140 
0.1366110 
0.1198167 
0.0914731 
0.0851622 
0.0392186 
0.1057281 
0.1299229 
0.1310649 
0.1115305 
0.1163073 
0.1177565 
0.0937410 
0.0516772 
0.0414422 
0.0589879 
0.0564737 
0.0756311 
0.0822163 
0.1116928 
0.0907327 
0.1120796 
0.1004484 
0.1127479 
0.1246430 
0.1140423 
0.1062545 
0.0989803 
0.1072748 
0.0966818 
0.1209510 
0.1487991 
0.1194524 
0.1135184 
0.1308066 
0.1108379 
0.1067963 
0.1215829 
0.1255912 
0.1165200 
0.1281032 
0.1291685 
0.1410342 
0.1433536 
0.1472833 
0.1363175 
0.1419915 
0.1500483 
0.1567527 
0.1576581 
0.1563436 
0.1820380 
0.1826837 
0.1736420 
0.1498342 
0.1580659 
0.1158238 
0.1016880 
0.0648394 
0.0456787 
0.0265851 
0.0161768 
0.0000000 
0.0332522 
0.0222517 
0.0108121 
0.0211692 
0.0386959 
0.0685382 
0.1069655 
0.1022503 
0.1166791 
0.1408007 
0.1138509 
0.1413491 
0.1425143 
0.1589282 
0.1541012 
0.1878957 
0.1808510 
0.1997767 
0.1981008 
0.1859814 
0.1927265 
0.1967905 
0.1587130 
0.1873143 
0.1933462 
0.1811427 
0.1690350 
0.1554814 
0.1462701 
0.1314241 
0.1346134 
0.1516860 
0.1490136 
0.1744563 
0.1757147 
0.1691375 
0.1843632 
0.1663268 
0.1846435 
0.1939453 
0.2035913 
0.2255796 
0.2343760 
0.2392167 
0.2325069 
0.2168015 
0.2459223 
0.2332179 
0.2195349 
0.2342379 
0.2074963 
0.2166249 
0.2043916 
0.1926659 
0.2000210 
0.2076997 
0.2033009 
0.1974822 
0.2077339 
0.2593872 
0.2814534 
0.3129137 
0.3174950 
0.3404947 
0.3158197 
0.3265413 
0.2552121 
0.1952667 
0.2076087 
0.2042504 
0.2114363 
0.2137163 
0.2070000 
0.1924628 
0.1606983 
0.1353840 
0.1496164 
0.1375566 
0.1279181 
0.1124750 
0.0896513 
0.1148709 
0.0982210 
0.0936107 
0.1240305 
0.1587865 
0.2132500 
0.2157865 
0.2083217 
0.2203102 
0.2038278 
0.2050643 
0.1954062 
0.1848515 
0.1495914 
0.1386252 
0.1500357 
0.1472638 
0.1373104 
0.1548143 
0.1355489 
0.1387159 
0.1556105 
0.1605800 
0.1310409 
0.1861337 
0.1941838 
0.1854925 
0.1855048 
0.1842052 
0.1961604 
0.1986391 
0.1828663 
0.1692145 
0.1542192 
0.1264997 
0.1169040 
0.1134488 
0.1136898 
0.1672422 
0.1710566 
0.1649205 
0.1549649 
0.1366751 
0.1537519 
0.1247133 
0.1050339 
0.1225698 
0.1460200 
0.1415749 
0.1543265 
0.1939038 
0.1857842 
0.1746680 
0.1951323 
0.1902127 
0.1882692 
0.1478269 
0.1551596 
0.1373702 
0.1866228 
0.1860028 
0.1861087 
0.1773627 
0.2106964 
0.2435988 
0.3035110 
0.3420861 
0.3167076 
0.3258378 
0.3285549 
0.3002380 
0.2571227 
0.2423857 
0.2129610 
0.1915896 
0.1760410 
0.1953814 
0.1629996 
0.2395609 
0.2036421 
0.2358966 
0.2434035 
0.4108290 
0.4205121 
0.3679090 
0.3788815 
0.3967546 
0.4140483 
0.4025870 
0.4363440 
0.4095651 
0.4365794 
0.4497010 
0.4873248 
0.4875238 
0.4675422 
0.4695221 
0.4796571 
0.4793048 
0.4936298 
0.4342519 
0.4214609 
0.3887059 
0.3794231 
0.3876243 
0.3696040 
0.3823422 
0.3946146 
0.4213989 
0.3809128 
0.3701568 
0.3958714 
0.4230259 
0.4256168 
0.4362877 
0.4442074 
0.4358622 
0.4343050 
0.4231007 
0.4211441 
0.4133081 
0.3965838 
0.4243239 
0.4227642 
0.4529948 
0.4720628 
0.4958923 
0.4793062 
0.4965648 
0.4978232 
0.5122418 
0.4874613 
0.5007337 
0.5121053 
0.5066946 
0.4840381 
0.4684257 
0.4783358 
0.4634907 
0.4679179 
0.4612666 
0.4738495 
0.4670930 
0.4686134 
0.4725045 
0.4606001 
0.4985078 
0.4670381 
0.4659990 
0.5045997 
0.4994190 
0.4830070 
0.4977842 
0.5011148 
0.5439411 
0.5552322 
0.4960502 
0.4779723 
0.4892869 
0.4778549 
0.4906390 
0.5024136 
0.4887306 
0.5240793 
0.5358294 
0.5571040 
0.5359287 
0.5264299 
0.5271553 
0.5275742 
0.5051671 
0.4997637 
0.5025075 
0.5283537 
0.5073159 
0.5058080 
0.4879802 
0.4914852 
0.4872405 
0.5089578 
0.5056942 
0.5413592 
0.5860769 
0.5934596 
0.5666530 
0.5742577 
0.5714291 
0.6008138 
0.5829731 
0.5588431 
0.5695576 
0.5605430 
0.5222489 
0.5406171 
0.5358414 
0.5324407 
0.5174019 
0.4870118 
0.4883958 
0.5063753 
0.5116914 
0.5033027 
0.5370747 
0.5330211 
0.5394509 
0.5067868 
0.5097572 
0.5230101 
0.5327051 
0.5449128 
0.5276779 
0.5169170 
0.5337986 
0.5507006 
0.5594910 
0.5954511 
0.5817265 
0.5144780 
0.4880638 
0.4758977 
0.5184756 
0.5147688 
0.4861455 
0.4976469 
0.5417391 
0.5384101 
0.5136561 
0.5285509 
0.5372522 
0.5268813 
0.5217233 
0.5125181 
0.4922685 
0.5039526 
0.4945696 
0.4890509 
0.5203879 
0.5183768 
0.5349785 
0.5378393 
0.5439083 
0.4909264 
0.4860066 
0.4801835 
0.4927277 
0.4811664 
0.4956664 
0.4996562 
0.4685410 
0.4846681 
0.4665417 
0.5090779 
0.5022040 
0.5074729 
0.5193291 
0.5275780 
0.5325912 
0.5124976 
0.5533278 
0.5415523 
0.5867153 
0.5877100 
0.5563322 
0.5821686 
0.5592625 
0.5495875 
0.4954463 
0.4911208 
0.5055436 
0.5580037 
0.6621514 
0.6906070 
0.6875793 
0.6565752 
0.6305498 
0.6668313 
0.6786560 
0.6366385 
0.6295581 
0.6219355 
0.5974204 
0.5980780 
0.5805392 
0.5947495 
0.5911821 
0.6222963 
0.6048673 
0.5691322 
0.5962408 
0.5950522 
0.6065412 
0.6051819 
0.6108173 
0.6133766 
0.6292581 
0.6232731 
0.5950650 
0.6052375 
0.5716743 
0.5934192 
0.5819224 
0.5861528 
0.5861668 
0.6161324 
0.6005173 
0.6194962 
0.6701559 
0.6557619 
0.5779248 
0.5983887 
0.6064578 
0.5844451 
0.5956375 
0.5984297 
0.6301356 
0.6201288 
0.6005361 
0.6339387 
0.6469488 
0.6477626 
0.6731580 
0.6744972 
0.6584314 
0.6155368 
0.6198891 
0.6173519 
0.6218167 
0.6287541 
0.6284258 
0.5896569 
0.6174876 
0.6346505 
0.6356894 
0.6416785 
0.6682041 
0.7376633 
0.7404967 
0.7115138 
0.6930618 
0.6791663 
0.6881286 
0.7051623 
0.6717031 
0.6877667 
0.6747283 
0.7023320 
0.6759820 
0.6629709 
0.6133243 
0.6344179 
0.6488263 
0.6828017 
0.7305864 
0.6922982 
0.6608828 
0.6442393 
0.6610432 
0.6556961 
0.6825269 
0.7037017 
0.6852896 
0.6837221 
0.6473513 
0.6325012 
0.6214293 
0.6579149 
0.6494457 
0.6419307 
0.6519870 
0.6591616 
0.6654935 
0.6443568 
0.6385409 
0.6211729 
0.6701015 
0.6453028 
0.6591543 
0.6643165 
0.6638725 
0.6808636 
0.6278370 
0.6208794 
0.6404799 
0.6391121 
0.6554824 
0.6307584 
0.6631053 
0.6374689 
0.6378685 
0.6406781 
0.6411624 
0.6455799 
0.6130342 
0.6190619 
0.6265771 
0.6396557 
0.5923306 
0.6521981 
0.6751175 
0.6581615 
0.6915562 
0.6771967 
0.6607826 
0.6757358 
0.6774898 
0.6780785 
0.6308711 
0.6274101 
0.6232702 
0.5993089 
0.6078231 
0.5799350 
0.5460308 
0.5685362 
0.5460591 
0.5642886 
0.5873625 
0.5514759 
0.6014051 
0.6321465 
0.6266406 
0.5656253 
0.5887772 
0.5987144 
0.6151694 
0.6126754 
0.6266113 
0.6288953 
0.6082494 
0.6356251 
0.6511398 
0.6319477 
0.6740372 
0.6618830 
0.7200945 
0.7114960 
0.7265398 
0.7516329 
0.6902768 
0.6879621 
0.6893456 
0.6778562 
0.6868613 
0.6583301 
0.7078067 
0.7024922 
0.7185990 
0.7322528 
0.7410089 
0.7238820 
0.7006064 
0.7015414 
0.6901698 
0.7161352 
0.7033536 
0.6843588 
0.7328045 
0.6881679 
0.6750497 
0.6971453 
0.6981974 
0.7113497 
0.6948819 
0.6998308 
0.7401911 
0.7441404 
0.7130627 
0.6661385 
0.7387736 
0.6927035 
0.7012130 
0.7170278 
0.6995096 
0.6973833 
0.7313894 
0.7351288 
0.7283985 
0.7521528 
0.7353204 
0.7605696 
0.7695581 
0.7924227 
0.7766067 
0.7628074 
0.7718344 
0.7672048 
0.7980031 
0.7507263 
0.7408828 
0.7473169 
0.7734222 
0.7468145 
0.7859186 
0.7837982 
0.8124154 
0.8161069 
0.8244101 
0.8112347 
0.8196371 
0.8003544 
0.7842804 
0.7910000 
0.7944832 
0.8040542 
0.8007444 
0.8139391 
0.8013337 
0.7857200 
0.7891585 
0.7688427 
0.7557106 
0.7601405 
0.7769895 
0.7829860 
0.7842144 
0.8023302 
0.7816332 
1.0000000 
0.9516203 
0.9133921 
0.8587660 
0.8474777 
0.8159441 
0.7873345 
0.7829826 
0.8363029 
0.8337108 
0.8367344 
0.8611761 
0.8501214 
0.8234820 
0.8552809 
0.8351151 
0.8390462 
0.8148127 
0.8135205 
0.8304840 
0.8256479 
0.8196050 
0.8166324 
0.8273695 
0.8033316 
0.7898044 
0.8143406 
0.7868110 
0.7941128 
0.7651225 
0.7465180 
0.7746775 
0.7819987 
0.7865070 
0.8475655 
0.8124552 
0.8044072 
0.7733656 
0.7941747 
0.7997213 
0.8033105 
0.7829299 
0.7940402 
0.8255817 
0.8360443 
0.8393810 
0.8223793 
0.8233233 
0.8222710 
0.8111363 
0.8083166 
0.7834756 
0.7832449 
0.7776237 
0.8151829 
0.8107146 
0.7806359 
0.8380661 
0.8238390 
0.8203353 
0.8053412 
0.7884623 
0.7632202 
0.7753065 
0.8064780 
0.7968523 
0.7428088 
0.7958858 
0.7990250 
0.7838741 
0.7733719 
0.7813016 
0.7981619 
0.7990836 
0.7948649 
0.7974210 
0.8055431 
0.7906049 
0.8099136 
0.7770510 
0.8200850 
0.8023285 
0.7883960 
0.7985928 
0.7710188 
0.7608577 
0.7573140 
0.7403526 
0.7810684 
0.7847737 
0.7378220 
0.7102302 
0.6997499 
0.7210875 
0.7341910 
0.7082266 
0.7648210 
0.7948982 
0.7765965 
0.7582501 
0.7633194 
0.7434490 
0.7462121 
0.7405895 
0.6954702 
0.6665007 
0.6485035 
0.6541204 
0.6614468 
0.6644454 
0.6685382 
0.6740391 
0.6445434 
0.6908805 
0.7383858 
0.7574764 
0.7502284 
0.7631988 
0.7909855 
0.7804020 
0.7905116 
0.7823734 
0.7860536 
0.7726091 
0.7808649 
0.7698835 
0.7974345 
0.7782839 
0.7814642 
0.8003562 
0.7949252 
0.7933282 
0.7895631 
0.7593905 
0.7984793 
0.7900140 
0.8017488 
0.7771720 
0.7468687 
0.7454836 
0.7749759 
0.7952145 
0.7875926 
0.7945277 
0.8013117 
0.8234402 
0.8601342 
0.7692021 
0.7177264 
0.7211607 
0.7316458 
0.7392688 
0.7810191 
0.7745098 
0.8018092 
0.8001055 
0.8331796 
0.8450417 
0.8440572 
0.8354810 
0.8037329 
0.8024156 
0.7560002 
0.7775526 
0.7613842 
0.7645031 
0.7937186 
0.7739299 
0.7635251 
0.7790768 
0.7476170 
0.7600115 
0.7830788 
0.7812279 
0.7683352 
0.7945675 
0.7997258 
0.8125343 
0.7643527 
0.7790923 
0.7998711 
0.8377489 
0.8141453 
0.8093022 
0.8086771 
0.7885194 
0.8027596 
0.8149394 
0.8068815 
0.8557036 
0.8451551 
0.8445088 
0.8405441 
0.8592237 
0.8457380 
0.8594883 
0.8838564 
0.8949796 
0.8648083 
0.8667601 
0.8316137 
0.8376958 
0.8339850 
0.8413249 
0.8155222 
0.8398639 
0.8346747 
0.8314618 
0.8332177 
0.8487702 
0.8155358 
0.8282445 
0.8431020 
0.8356841 
0.8163764 
0.7884681 
0.7993154 
0.7692281 
0.7501449 
0.7448752 
0.7709570 
0.8317723 
0.8246282 
0.7907701 
0.8109558 
0.8128414 
0.8147417 
0.7987989 
0.7777648 
0.7879659 
0.7761471 
0.7709370 
0.7579250 
0.7856609 
0.7996046 
0.8108429 
0.8066907 
0.8350754 
0.8072379 
0.8226188 
0.8524303 
0.8910068 
0.8580675 
0.8934377 
0.8882311 
0.8786436 
0.8206953 
0.8370274 
0.8513458 
0.8407340 
0.8260112 
0.7961486 
0.7995011 
0.7999250 
0.8123908 
0.8143238 
0.8353874 
0.8127415 
0.8204720 
0.8038865 
0.8546478 
0.8573731 
0.7887148 
0.7750407 
0.7709930 
0.7872179 
0.7512939 
0.7713647 
0.8152988 
0.8284789 
0.8408409 
0.8626107 
0.8343152 
0.8533846 
0.8264064 
0.8543772 
0.8646803 
0.8654583 
0.8634001 
0.8572159 
0.8255688 
0.8264378 
0.8163029 
0.8205016 
0.8236455 
0.8035148 
0.8243999 
0.8003204 
0.7726526 
0.8138983 
0.8359546 
0.8418939 
0.8694091 
0.8628072 
0.8720008 
0.8679351 
0.8520829 
0.8593196 
0.8800299 
0.8479615 
0.8349647 
0.7856832 
0.7912314 
0.8081935 
0.7978733 
0.7974350 
0.7547900 
0.7971879 
0.8420575 
0.8195147 
0.7968262 
0.7751503 
0.8146423 
0.7884577 
0.8031918 
0.8296424 
0.8120193 
0.7970756 
0.7813496 
0.7833861 
0.7520794 
0.7982573 
0.7647946 
0.7372879 
0.7463998 
0.7525805 
0.7423580 
0.7461902 
0.7558126 
0.7529499 
0.7541335 
0.7387762 
0.7183590 
0.7386038 
0.7139193 
0.7413126 
0.7112405 
0.7295406 
0.6983913 
0.7050261 
0.7276303 
0.7595501 
0.7466046 
0.7200110 
0.7358316 
0.7839534 
0.7753300 
0.8107249 
0.8399374 
0.8507051 
0.8382287 
0.8597259 
0.8579598 
0.8517861 
0.8304097 
0.8225772 
0.8209484 
0.8161222 
0.8212680 
0.8314085 
0.8491698 
0.8692964 
0.8651420 
0.8593446 
0.8485169 
0.8565924 
0.8532629 
0.9244593 
0.9430395 
0.9204848 
0.9164900 
0.9026647 
0.8936253 
0.8575143 
0.8468232 
0.8389950 
0.8248531 
0.8306481 
0.8029881 
0.8218623 
0.8176220 
0.8329404 
0.8024209 
0.8286930 
0.8200785 
0.8425645 
0.8445717 
0.8557645 
0.8703233 
0.8734478 
0.8989362 
0.8713205 
0.9022376 
0.8888232 
0.8891159 
0.8483699 
0.8689166 
0.8804844 
0.8487703 
0.8436130 
0.8373326 
0.8395036 
0.8437431 
0.8738893 
0.8469580 
0.8277930 
0.8400891 
0.8485347 
0.8651537 
0.8642015 
0.8943916 
0.8878170 
0.9091211 
0.8887607 
0.8833725 
0.8675425 
0.8424390 
0.8440594 
0.8102881 
0.8015688 
0.8146865 
0.8078515 
0.7712747 
0.7646007 
0.7265664 
0.7005342 
0.7264576 
0.7693956 
0.8408351 
0.8517020 
0.8339174 
0.8362237 
0.8182737 
0.8173410 
0.7672692 
0.7876424 
0.8054970 
0.8072613 
0.8006346 
0.7955035 
0.8102090 
0.8211740 
0.8161270 
0.8295660 
0.8391142 
0.8235956 
0.8319375 
0.7860561 
0.7491711 
0.7723746 
0.7774314 
0.8050240 
0.7887145 
0.7755789 
0.7651092 
0.7800764 
0.8008833 
0.7825676 
0.7549447 
0.8001555 
0.8322609 
0.8524607 
0.8249127 
0.8437202 
0.8563003 
0.8436396 
0.8624070 
0.8180705 
0.8211830 
0.8307430 
0.8200177 
0.8218219 
0.8345161 
0.8425584 
0.8311586 
0.8446365 
0.8432446 
0.8504016 
0.8090514 
0.8000010 
0.8186919 
0.7866186 
0.7910778 
0.8256502 
0.8123655 
0.8046860 
0.8127937 
0.8042525 
0.8157276 
0.8583738 
0.8404851 
0.8387451 
0.8346166 
0.8490141 
0.8244348 
0.8404644 
0.8288919 
0.8170087 
0.8144078 
0.7958416 
0.8251154 
0.7734409 
0.7718870 
0.8027192 
0.7951021 
0.7870532 
0.7919841 
0.7748289 
0.7799788 
0.7936273 
0.7969383 
0.8146203 
0.8141716 
0.8185996 
0.8333611 
0.8639268 
0.8578441 
0.8613166 
0.8373463 
0.7908350 
0.8193464 
0.7968734 
0.8135106 
0.7641359 
0.7417228 
0.7785919 
0.7773698 
0.7823833 
0.7918371 
0.7801951 
0.7989539 
0.7829285 
0.8155613 
0.8055684 
0.8042641 
0.7974962 
0.7870788 
0.7714075 
0.8035497 
0.7806983 
0.8448129 
0.8097914 
0.7939710 
0.8160171 
0.7935692 
0.7946503 
0.7955150 
0.8152117 
0.7885111 
0.7949208 
0.7993800 
0.8058176 
0.7835539 
0.7981271 
0.7771420 
0.7887949 
0.8053287 
0.7772281 
0.7714069 
0.7579320 
0.7609738 
0.7562222 
0.7602388 
0.7599664 
0.7540640 
0.8541981 
0.8635663 
0.8341542 
0.8019164 
0.7904465 
0.8049331 
0.8257563 
0.8677353 
0.9000233 
0.9263354 
0.9294818 
0.9270515 
0.9205909 
0.8761376 
0.8326714 
0.8000617 
0.8042861 
0.8218669 
0.8476248 
0.8083189 
0.8120205 
0.8105056 
0.8014236 
0.7826323 
0.7969417 
0.8013899 
0.8140947 
0.8025029 
0.7914063 
0.8202535 
0.7964725 
0.8289184 
0.8446770 
0.7833679 
0.7911600 
0.7788211 
0.7882225 
0.8113540 
0.7950238 
0.7707465 
0.7769138 
0.7663891 
0.7377421 
0.7355018 
0.7278113 
0.7416681 
0.7253811 
0.7115621 
0.7248225 
0.7010624 
0.7447138 
0.7350589 
0.7453294 
0.7533610 
0.7569494 
0.7428260 
0.7501268 
0.7418162 
0.7323984 
0.7546477 
0.7984386 
0.7700150 
0.7762013 
0.7675589 
0.7755823 
0.7814180 
0.7727353 
0.7687185 
0.7262279 
0.7397585 
0.7654262 
0.8011305 
0.8128359 
0.7999894 
0.8534825 
0.8577871 
0.9026349 
0.9064015 
0.9243129 
0.9125607 
0.8940757 
0.8671205 
0.8515197 
0.8748976 
0.8611710 
0.8421002 
0.7998339 
0.7814674 
0.7603726 
0.7562549 
0.8300610 
0.8177013 
0.7335830 
0.6891954 
0.7005987 
0.7399339 
0.7513683 
0.7336075 
0.7139909 
0.7602200 
0.7517458 
0.7217693 
0.7413827 
0.7434261 
0.6973472 
0.6783535 
0.6593819 
0.6734024 
0.6817965 
0.6950465 
0.7059789 
0.7374638 
0.6911573 
0.7067572 
0.7061966 
0.7438886 
0.7413384 
0.7114923 
0.6773851 
0.7258949 
0.7133108 
0.7587088 
0.7097167 
0.7161247 
0.6773730 
0.6728664 
0.6826716 
0.6966066 
0.7069227 
0.7389711 
0.6874724 
0.6798811 
0.6751460 
0.6499376 
0.6745996 
0.6947023 
0.7642683 
0.7323025 
0.7281154 
0.7447987 
0.7287848 
0.7333333 
0.7208448 
0.7299832 
0.7278309 
0.7292892 
0.7291193 
0.7678404 
0.7646319 
0.7356172 
0.7649575 
0.7380664 
0.7863328 
0.7442527 
0.7155244 
0.6364271 
0.6150545 
0.6256870 
0.6236050 
0.6546636 
0.6133963 
0.6047539 
0.6100604 
0.6418995 
0.6254250 
0.6123123 
0.6135584 
0.5968376 
0.5983129 
0.5921978 
0.5869685 
0.6047096 
0.6304253 
0.5778467 
0.5890742 
0.5938316 
0.5732491 
0.5808169 
0.6153348 
0.6318406 
0.6213689 
0.5851178 
0.5693030 
0.6019727 
0.6354076 
0.6294257 
0.6337131 
0.5902337 
0.5801689 
0.6136058 
0.6279193 
0.6224623 
0.6245046 
0.6374176 
0.6519090 
0.6550694 
0.6484044 
0.6470012 
0.6386930 
0.6269004 
0.6146747 
0.6631641 
0.6915942 
0.6710565 
0.6563102 
0.6468288 
0.6345413 
0.6614360 
0.6535258 
0.5874788 
0.5696652 
0.5836857 
0.5684225 
0.5867015 
0.5817290 
0.5931866 
0.5857991 
0.6193280 
0.6150268 
0.6024234 
0.6260464 
0.6457174 
0.6376347 
0.6273459 
0.6334336 
0.6390512 
0.6183654 
0.6438848 
0.6495107 
0.6658046 
0.6497920 
0.6375071 
0.6265647 
0.6561764 
0.6221989 
0.6098922 
0.6491255 
0.6259295 
0.6149895 
0.6092109 
0.5855807 
0.5621204 
0.5782034 
0.6135860 
0.6390002 
0.6792926 
0.6344060 
0.6322262 
0.6185578 
0.6425518 
0.6553650 
0.6428353 
0.6449124 
0.6333003 
0.6081463 
0.6323376 
0.6339576 
0.6209420 
0.6361170 
0.5957892 
0.5881727 
0.6013049 
0.6349306 
0.6196284 
0.5727904 
0.5809973 
0.5850061 
0.6001419 
0.5706971 
0.5548134 
0.5576690 
0.5348024 
0.5359099 
0.5964882 
0.5988237 
0.6114122 
0.5677629 
0.6072075 
0.6026381 
0.6161676 
0.5999725 
0.6119174 
0.6456401 
0.6580741 
0.6536294 
0.6362635 
0.6243858 
0.6508002 
0.6442806 
0.6095499 
0.6001775 
0.6050670 
0.6072021 
0.5968994 
0.6153787 
0.5810890 
0.6063223 
0.5603915 
0.5978041 
0.5908332 
0.5872607 
0.6771166 
0.6233464 
0.5942981 
0.6013220 
0.5980385 
0.6092530 
0.6107900 
0.6376544 
0.6453729 
0.6655481 
0.6758013 
0.6495552 
0.6463707 
0.6357687 
0.6272025 
0.6000155 
0.6200977 
0.6028511 
0.6203994 
0.6173072 
0.6178750 
0.6110526 
0.6121454 
0.6254951 
0.6334440 
0.6284901 
0.6665323 
0.6928758 
0.6967551 
0.6636811 
0.6676826 
0.6775862 
0.6833313 
0.7330540 
0.7692593 
0.7546787 
0.7636583 
0.7713115 
0.6789262 
0.5811662 
0.5721089 
0.5860639 
0.6647805 
0.6111505 
0.6438169 
0.6257125 
0.6236864 
0.6735209 
0.6710676 
0.6001457 
0.5781957 
0.5895079 
0.5697445 
0.5511697 
0.5685256 
0.5663346 
0.5470344 
0.5607950 
0.5705850 
0.5863991 
0.5886586 
0.5719112 
0.5893766 
0.6037798 
0.5898168 
0.5972968 
0.6045194 
0.5854638 
0.6016680 
0.5803832 
0.5993845 
0.6041596 
0.5944411 
0.6234609 
0.6272920 
0.6487169 
0.6774132 
0.6097649 
0.6199418 
0.6603980 
0.6559927 
0.6772406 
0.6614918 
0.6798234 
0.6786508 
0.6390604 
0.6194003 
0.6475923 
0.6585932 
0.6440817 
0.6715071 
0.6681956 
0.6619484 
0.6607173 
0.6648067 
0.5970162 
0.6514182 
0.6786786 
0.6249108 
0.6243187 
0.6239524 
0.6380995 
0.6214136 
0.6308904 
0.5995112 
0.6376475 
0.6800546 
0.6778227 
0.6370323 
0.7144537 
0.7181493 
0.6602894 
0.6810855 
0.6892442 
0.6757200 
0.6941640 
0.6960739 
0.6827897 
0.6878502 
0.7067395 
0.6652124 
0.6622505 
0.6609275 
0.6544688 
0.6207100 
0.6388097 
0.6362991 
0.6259020 
0.6560637 
0.6371585 
0.6391745 
0.6674449 
0.6427677 
0.6677679 
0.6798301 
0.7133139 
0.6896889 
0.6692036 
0.6901477 
0.7064322 
0.6954413 
0.6929255 
0.6986654 
0.7079414 
0.7032518 
0.6955029 
0.7137356 
0.6980230 
0.7073922 
0.6847258 
0.6917288 
0.6972202 
0.7089370 
0.6620687 
0.6777550 
0.6610648 
0.6782261 
0.6873623 
0.7489441 
0.7489416 
0.7376221 
0.7284482 
0.7116479 
0.7037583 
0.7215293 
0.7045880 
0.7057951 
0.7169469 
0.7086332 
0.7274036 
0.7428073 
0.7551164 
0.7264330 
0.7375922 
0.7169691 
0.7336562 
0.7427069 
0.7416061 
0.7655189 
0.7564912 
0.8006591 
0.7918515 
0.8127625 
0.8253917 
0.7695467 
0.6888503 
0.7078995 
0.7027812 
0.6956421 
0.6980307 
0.6974418 
0.7103906 
0.6926458 
0.7086259 
0.7420901 
0.7613042 
0.7711129 
0.7763874 
0.7559710 
0.7269330 
0.7173023 
0.7148515 
0.7085936 
0.7448937 
0.7685292 
0.7792686 
0.7830061 
0.7987712 
0.7873970 
0.7912469 
0.7822268 
0.7860320 
0.7942637 
0.7731920 
0.7566250 
0.7588834 
0.7586715 
0.7526063 
0.7179461 
0.7230653 
0.7258040 
0.7268560 
0.7106873 
0.7159215 
0.7541455 
0.7453309 
0.7329628 
0.7276029 
0.7357282 
0.7505595 
0.7580293 
0.7741689 
0.8083330 
0.7829939 
0.8050939 
0.7887115 
0.7996751 
0.8243910 
0.8102832 
