-0.0001008 
0.0001812 
0.0001835 
0.0823506 
-0.0710083 
0.2430545 
0.9999130 
0.9935708 
0.9753179 
0.9866396 
1.0000000 
0.9802011 
0.9750479 
0.9995691 
0.9971162 
0.9844304 
0.9908737 
0.9827465 
0.9824860 
0.9823543 
0.9782262 
0.9690748 
0.9745371 
0.9761416 
0.9759843 
0.9675263 
0.9671643 
0.9810798 
0.9741084 
0.9647506 
0.9635970 
0.9548657 
0.9549374 
0.9671451 
0.9695823 
0.9782200 
0.9726929 
0.9851126 
0.9910019 
0.9805973 
0.9738937 
0.9723001 
0.9803008 
0.9727397 
0.9687414 
0.9666479 
0.9638507 
0.9722714 
0.9663590 
0.9734443 
0.9653600 
0.9578004 
0.9599656 
0.9628578 
0.9526404 
0.9426180 
0.9358065 
0.9368185 
0.9512882 
0.9381204 
0.9445282 
0.9389376 
0.9440306 
0.9459820 
0.9643847 
0.9564635 
0.9549391 
0.9415426 
0.9412526 
0.9434340 
0.9404160 
0.9412624 
0.9210783 
0.9297154 
0.9284879 
0.9394636 
0.9333440 
0.9377558 
0.9448399 
0.9435826 
0.9516799 
0.9279582 
0.9355684 
0.9353549 
0.9194956 
0.9322042 
0.9331654 
0.9188720 
0.9378707 
0.9344458 
0.9358301 
0.9496260 
0.9259083 
0.9236355 
0.9391441 
0.9149144 
0.9162206 
0.9279401 
0.9129947 
0.9196739 
0.9169995 
0.9184261 
0.9184608 
0.9247714 
0.9127272 
0.9201247 
0.9057695 
0.9048303 
0.9231990 
0.9161588 
0.9023770 
0.9191602 
0.9096062 
0.9023202 
0.9004366 
0.9044541 
0.8897795 
0.8967075 
0.9095208 
0.8914080 
0.9001807 
0.9063735 
0.8906893 
0.8895813 
0.9075597 
0.8991288 
0.8963479 
0.8998462 
0.9016975 
0.8935255 
0.8943235 
0.9164515 
0.9183773 
0.9027101 
0.9102343 
0.9050286 
0.9115269 
0.9083735 
0.8830357 
0.8949446 
0.8965050 
0.9011566 
0.9013434 
0.8896040 
0.8831796 
0.8839778 
0.8927624 
0.8889939 
0.8832014 
0.8814308 
0.9016636 
0.9121760 
0.8821165 
0.8825072 
0.8810371 
0.8833381 
0.8837691 
0.8604147 
0.8751591 
0.8845510 
0.8612372 
0.8813187 
0.8952517 
0.8872748 
0.8780675 
0.8788794 
0.8921286 
0.8870635 
0.9031381 
0.9006009 
0.9063320 
0.9098283 
0.9145492 
0.9063344 
0.9057524 
0.9011432 
0.9063999 
0.9096435 
0.8940470 
0.8920510 
0.8885070 
0.8708157 
0.8758792 
0.8722550 
0.8612785 
0.8570541 
0.8720610 
0.8532130 
0.8726831 
0.8585658 
0.8635411 
0.8690222 
0.8710955 
0.8762013 
0.8891923 
0.8734495 
0.8796614 
0.8739888 
0.8625815 
0.8575498 
0.8502827 
0.8539655 
0.8728727 
0.8716989 
0.8582627 
0.8761484 
0.8744247 
0.8813636 
0.8776307 
0.8589424 
0.8478250 
0.8658963 
0.8642651 
0.8690173 
0.8682625 
0.8822982 
0.8640397 
0.8607911 
0.8721618 
0.8532854 
0.8536192 
0.8574853 
0.8632058 
0.8432714 
0.8488068 
0.8569509 
0.8589826 
0.8517993 
0.8549011 
0.8671167 
0.8564717 
0.8484077 
0.8515793 
0.8470243 
0.8533848 
0.8564784 
0.8594878 
0.8517982 
0.8652591 
0.8639258 
0.8658031 
0.8717207 
0.8644918 
0.8553684 
0.8677615 
0.8528341 
0.8443188 
0.8603175 
0.8534698 
0.8514153 
0.8558506 
0.8511375 
0.8626706 
0.8479228 
0.8426455 
0.8494918 
0.8392450 
0.8396490 
0.8395693 
0.8327852 
0.8477280 
0.8493578 
0.8383908 
0.8424681 
0.8500242 
0.8545810 
0.8595725 
0.8452753 
0.8385659 
0.8367621 
0.8358952 
0.8361280 
0.8281762 
0.8235013 
0.8403884 
0.8391198 
0.8495756 
0.8436428 
0.8460070 
0.8457962 
0.8281707 
0.8351712 
0.8418626 
0.8319548 
0.8437922 
0.8267355 
0.8378295 
0.8400588 
0.8229514 
0.8284639 
0.8344783 
0.8272862 
0.8417779 
0.8286785 
0.8309709 
0.8282377 
0.8249963 
0.8033292 
0.8195229 
0.8086595 
0.8146133 
0.8156272 
0.8148427 
0.8101674 
0.8231860 
0.8033018 
0.7987714 
0.7991582 
0.8053225 
0.8113579 
0.8040928 
0.8037990 
0.7983099 
0.8046376 
0.8135404 
0.8142537 
0.8166182 
0.8157056 
0.8071589 
0.8007653 
0.8102648 
0.7984308 
0.8075133 
0.8001254 
0.7948645 
0.8051324 
0.7944230 
0.8112450 
0.8114125 
0.8133555 
0.7971561 
0.7989934 
0.7937761 
0.7952504 
0.7963176 
0.7973624 
0.7975250 
0.7859551 
0.7936517 
0.7897505 
0.7905051 
0.7889028 
0.7853442 
0.7891902 
0.7904021 
0.7866756 
0.7779645 
0.7689921 
0.7763568 
0.7673838 
0.7776999 
0.7872050 
0.8042341 
0.8031854 
0.7851579 
0.7807858 
0.7801726 
0.7970690 
0.7899983 
0.7776420 
0.7637265 
0.7769721 
0.7755208 
0.7814567 
0.7776486 
0.7727844 
0.7801413 
0.7758957 
0.7683147 
0.7658155 
0.7549875 
0.7580514 
0.7454905 
0.7575780 
0.7500977 
0.7480514 
0.7464059 
0.7280289 
0.7483903 
0.7421198 
0.7484662 
0.7580369 
0.7507237 
0.7502286 
0.7497121 
0.7334440 
0.7374651 
0.7411199 
0.7506373 
0.7405341 
0.7550860 
0.7451591 
0.7557572 
0.7522652 
0.7586486 
0.7577364 
0.7717479 
0.7532813 
0.7647631 
0.7670894 
0.7628598 
0.7595584 
0.7636017 
0.7753246 
0.7504795 
0.7332226 
0.7495926 
0.7346377 
0.7254270 
0.7250658 
0.7136284 
0.7177179 
0.7280980 
0.7064568 
0.6970541 
0.7040119 
0.7024082 
0.7032260 
0.7021288 
0.7176192 
0.7056318 
0.7102684 
0.7272552 
0.7229750 
0.7063648 
0.7127969 
0.7183943 
0.7348142 
0.7350780 
0.7324803 
0.7389783 
0.7458411 
0.7537933 
0.7448853 
0.7351913 
0.7346297 
0.7438457 
0.7287699 
0.7369812 
0.7366140 
0.7199216 
0.7255641 
0.7122136 
0.6989322 
0.6769396 
0.6664872 
0.6574048 
0.6705987 
0.6784895 
0.6701625 
0.6565740 
0.6569928 
0.6651450 
0.6580320 
0.6526459 
0.6638318 
0.6634750 
0.6760739 
0.6739934 
0.6855040 
0.6847730 
0.6812079 
0.6686063 
0.6787816 
0.6694699 
0.6798108 
0.6823595 
0.6809710 
0.7133445 
0.7184523 
0.7244764 
0.7269863 
0.7179383 
0.7118630 
0.7120065 
0.7175350 
0.7246225 
0.7165703 
0.7185500 
0.7133691 
0.7277630 
0.7207320 
0.7262502 
0.7126484 
0.6960413 
0.7050780 
0.6950879 
0.6848495 
0.6674794 
0.6710518 
0.6613696 
0.6666831 
0.6415226 
0.6640699 
0.6485596 
0.6524284 
0.6387139 
0.6596276 
0.6493569 
0.6744861 
0.6759810 
0.7034149 
0.6883131 
0.6988665 
0.6945874 
0.7040796 
0.6845646 
0.6929583 
0.6747119 
0.6817710 
0.6526490 
0.6610282 
0.6483683 
0.6588993 
0.6465842 
0.6517781 
0.6452904 
0.6706907 
0.6696531 
0.6790977 
0.6605192 
0.6743354 
0.6696241 
0.6735337 
0.6755229 
0.6933837 
0.6918884 
0.7058406 
0.7276642 
0.7380371 
0.7390684 
0.7408738 
0.7526640 
0.7491642 
0.7468963 
0.7417466 
0.7411653 
0.7427813 
0.7303079 
0.7228857 
0.7153800 
0.7023516 
0.6959621 
0.6781054 
0.6657566 
0.6676193 
0.6678559 
0.6658264 
0.6493719 
0.6474647 
0.6546854 
0.6511482 
0.6504922 
0.6497584 
0.6620971 
0.6683484 
0.6718037 
0.6826877 
0.6873638 
0.6896057 
0.7012046 
0.6968116 
0.6941811 
0.6967836 
0.6871737 
0.6772973 
0.6717659 
0.6765637 
0.6593288 
0.6592512 
0.6469756 
0.6438046 
0.6456111 
0.6524790 
0.6423837 
0.6331551 
0.6369441 
0.6572381 
0.6533012 
0.6605207 
0.6571609 
0.6543304 
0.6573480 
0.6624555 
0.6579682 
0.6671324 
0.6690628 
0.6553310 
0.6580094 
0.6587218 
0.6625350 
0.6433815 
0.6454528 
0.6265947 
0.6367551 
0.6319480 
0.6304027 
0.6359821 
0.6611203 
0.6633513 
0.6595734 
0.6673519 
0.6619580 
0.6758997 
0.6771041 
0.6821477 
0.6737721 
0.6684362 
0.6591397 
0.6603746 
0.6528000 
0.6638565 
0.6655922 
0.6737526 
0.6640142 
0.6762648 
0.6673124 
0.6513906 
0.6359176 
0.6258048 
0.6067442 
0.6025066 
0.5798066 
0.5894520 
0.5872858 
0.5957955 
0.5954296 
0.5951181 
0.6013317 
0.6051551 
0.5962819 
0.5973452 
0.6049683 
0.6094148 
0.6133321 
0.6098273 
0.6148320 
0.6151090 
0.6115754 
0.6149985 
0.6169806 
0.6072168 
0.6142429 
0.6069522 
0.6159872 
0.6183230 
0.6237970 
0.6250474 
0.6118629 
0.5995842 
0.6009124 
0.5943937 
0.5984985 
0.5919680 
0.5869569 
0.6029387 
0.5978718 
0.5993385 
0.5996662 
0.5944899 
0.5848140 
0.5777963 
0.5762065 
0.5724483 
0.5790304 
0.5862482 
0.5937473 
0.6044226 
0.6083293 
0.5979286 
0.6116967 
0.6069846 
0.6056935 
0.6313684 
0.6123016 
0.6157594 
0.6254975 
0.6259412 
0.6120136 
0.6153038 
0.6055904 
0.6147634 
0.6195482 
0.6116933 
0.6026172 
0.6107032 
0.6079687 
0.5937107 
0.5992959 
0.6012772 
0.6014092 
0.5921579 
0.5979564 
0.6066625 
0.5932566 
0.6003744 
0.5975000 
0.5851479 
0.5909732 
0.5880430 
0.6014850 
0.6031186 
0.6116405 
0.6162621 
0.6183721 
0.6103752 
0.6037641 
0.5954089 
0.5888722 
0.5798809 
0.5894553 
0.5794053 
0.5908753 
0.5756613 
0.5817177 
0.5948716 
0.5984816 
0.5909481 
0.5923224 
0.5855436 
0.5973325 
0.5950885 
0.5969589 
0.5976444 
0.5975330 
0.5817948 
0.5772862 
0.5798872 
0.5725152 
0.5588380 
0.5607884 
0.5639481 
0.5704562 
0.5719515 
0.5661610 
0.5627316 
0.5676932 
0.5591699 
0.5708194 
0.5720524 
0.5697187 
0.5657379 
0.5542414 
0.5735321 
0.5581878 
0.5504540 
0.5496095 
0.5494459 
0.5649430 
0.5542680 
0.5437340 
0.5565929 
0.5522905 
0.5525523 
0.5433053 
0.5415086 
0.5327248 
0.5287673 
0.5331150 
0.5410554 
0.5524391 
0.5590205 
0.5613952 
0.5823729 
0.5659121 
0.5542343 
0.5463488 
0.5448970 
0.5465262 
0.5403653 
0.5449197 
0.5375559 
0.5285554 
0.5356875 
0.5291694 
0.5265600 
0.5264000 
0.5280332 
0.5510711 
0.5445378 
0.5596118 
0.5432904 
0.5455969 
0.5442083 
0.5461454 
0.5399496 
0.5407371 
0.5353251 
0.5325083 
0.5437686 
0.5421042 
0.5447951 
0.5308548 
0.5345667 
0.5327236 
0.5331621 
0.5466261 
0.5433320 
0.5340456 
0.5551987 
0.5590441 
0.5599013 
0.5635821 
0.5612808 
0.5591226 
0.5414454 
0.5460371 
0.5340183 
0.5277394 
0.5250081 
0.5312701 
0.5216563 
0.5355250 
0.5215099 
0.5193882 
0.5259187 
0.5310035 
0.5348943 
0.5312788 
0.5317546 
0.5264056 
0.5246165 
0.5252852 
0.5285578 
0.5295582 
0.5439884 
0.5373638 
0.5403498 
0.5493814 
0.5565411 
0.5565312 
0.5632884 
0.5530467 
0.5424933 
0.5466291 
0.5591144 
0.5457183 
0.5465939 
0.5439707 
0.5471256 
0.5329980 
0.5419263 
0.5396730 
0.5287471 
0.5373862 
0.5322729 
0.5286113 
0.5318710 
0.5258975 
0.5099789 
0.5183742 
0.5230250 
0.5125574 
0.4996279 
0.5026331 
0.4991949 
0.4959502 
0.4954023 
0.4978498 
0.5054402 
0.4912760 
0.4956604 
0.5004110 
0.5003777 
0.5068021 
0.5136988 
0.5089879 
0.5103195 
0.4989057 
0.4961611 
0.4926132 
0.5107796 
0.5150356 
0.5062144 
0.5187113 
0.5104883 
0.5115086 
0.5089347 
0.4952680 
0.4993409 
0.4943546 
0.4909691 
0.4925606 
0.4965931 
0.4976313 
0.4896799 
0.4949018 
0.4888591 
0.4950889 
0.4974864 
0.4999252 
0.4948530 
0.4920770 
0.4961908 
0.4918657 
0.4840571 
0.4864720 
0.4836168 
0.4812729 
0.4815215 
0.4817229 
0.4762195 
0.4757133 
0.4893584 
0.4960546 
0.4995713 
0.4847618 
0.4839394 
0.4906475 
0.4852918 
0.4892204 
0.4877481 
0.4926447 
0.4889803 
0.4952302 
0.4831124 
0.4964512 
0.4964066 
0.4976422 
0.4962753 
0.4852350 
0.4862062 
0.4875433 
0.4976507 
0.4947609 
0.4887787 
0.4950102 
0.4882968 
0.4904206 
0.4884574 
0.4892003 
0.4878796 
0.4847767 
0.4746694 
0.4695374 
0.4700314 
0.4610113 
0.4716939 
0.4762301 
0.4697333 
0.4643745 
0.4654949 
0.4596406 
0.4534619 
0.4502400 
0.4572299 
0.4592591 
0.4636898 
0.4735402 
0.4757140 
0.4747624 
0.4730186 
0.4559102 
0.4549722 
0.4624282 
0.4628388 
0.4798389 
0.4852121 
0.4735213 
0.4648729 
0.4611100 
0.4604338 
0.4679306 
0.4768680 
0.4775217 
0.4825738 
0.4749092 
0.4786700 
0.4815535 
0.4710347 
0.4684517 
0.4726842 
0.4751806 
0.4805625 
0.4810665 
0.4904293 
0.4878610 
0.4892062 
0.4820671 
0.4763945 
0.4692413 
0.4675830 
0.4671878 
0.4644790 
0.4755307 
0.4858293 
0.4924682 
0.4849780 
0.4812488 
0.4648970 
0.4705548 
0.4637672 
0.4602090 
0.4530379 
0.4597575 
0.4692120 
0.4726019 
0.4625938 
0.4418244 
0.4392018 
0.4383967 
0.4482006 
0.4624556 
0.4720823 
0.4687560 
0.4598636 
0.4621526 
0.4480609 
0.4335551 
0.4267516 
0.4293147 
0.4287918 
0.4450776 
0.4440675 
0.4428413 
0.4528783 
0.4518165 
0.4440868 
0.4234640 
0.4248450 
0.4087809 
0.4236524 
0.4303986 
0.4373240 
0.4415636 
0.4452041 
0.4473883 
0.4377041 
0.4282836 
0.4211961 
0.4285392 
0.4214356 
0.4279372 
0.4318358 
0.4427567 
0.4536107 
0.4501423 
0.4439991 
0.4330742 
0.4379805 
0.4439259 
0.4272485 
0.4307779 
0.4381548 
0.4695584 
0.5110408 
0.5018133 
0.4984294 
0.4931393 
0.4547269 
0.4395378 
0.4340408 
0.4379581 
0.4311951 
0.4325053 
0.4277814 
0.4324380 
0.4424331 
0.4351064 
0.4364297 
0.4325501 
0.4144002 
0.4184967 
0.4106441 
0.4029106 
0.4041039 
0.3944079 
0.4020658 
0.4099942 
0.4113202 
0.4179616 
0.4149135 
0.4109016 
0.4248508 
0.4216772 
0.4145672 
0.4077392 
0.3976544 
0.3914724 
0.3919006 
0.4066177 
0.4190053 
0.4093607 
0.4080962 
0.4154672 
0.4107922 
0.4069038 
0.4098877 
0.4107439 
0.3944624 
0.3916010 
0.3952575 
0.4014646 
0.4162468 
0.4149940 
0.4145397 
0.4139964 
0.4025355 
0.4036800 
0.4029173 
0.4039672 
0.3988309 
0.3940654 
0.3799969 
0.3824850 
0.4002302 
0.4049531 
0.3987948 
0.4018350 
0.3951679 
0.3981833 
0.3816103 
0.3881176 
0.4026356 
0.3991985 
0.3897735 
0.3808598 
0.3901431 
0.4011566 
0.3958432 
0.3883766 
0.3969584 
0.3970178 
0.3884158 
0.3896227 
0.3977020 
0.3982240 
0.3842659 
0.3845826 
0.3737880 
0.3876058 
0.3815725 
0.3729753 
0.3749134 
0.3696237 
0.3878826 
0.3861753 
0.3857991 
0.3814989 
0.3708651 
0.3684557 
0.3671336 
0.3701783 
0.3718603 
0.3564333 
0.3558269 
0.3631408 
0.3724009 
0.3823209 
0.3779598 
0.3799991 
0.3592231 
0.3535127 
0.3479371 
0.3538055 
0.3652556 
0.3496070 
0.3579438 
0.3613070 
0.3518131 
0.3591411 
0.3563431 
0.3588838 
0.3694406 
0.3644490 
0.3620791 
0.3613206 
0.3566649 
0.3558037 
0.3671287 
0.3646579 
0.3459203 
0.3475463 
0.3566181 
0.3506327 
0.3424920 
0.3427911 
0.3370934 
0.3482505 
0.3487145 
0.3499793 
0.3497177 
0.3544380 
0.3518586 
0.3510797 
0.3438900 
0.3427470 
0.3359675 
0.3290180 
0.3412899 
0.3446957 
0.3447252 
0.3425305 
0.3424150 
0.3464157 
0.3526656 
0.3542269 
0.3527292 
0.3747113 
0.3686963 
0.3624041 
0.3546724 
0.3596171 
0.3656008 
0.3492581 
0.3389614 
0.3297730 
0.3246185 
0.3358787 
0.3350839 
0.3407646 
0.3513491 
0.3465261 
0.3434515 
0.3480498 
0.3447745 
0.3511591 
0.3413352 
0.3396435 
0.3553737 
0.3501481 
0.3414225 
0.3375027 
0.3220164 
0.3321790 
0.3334297 
0.3422428 
0.3452177 
0.3478966 
0.3462406 
0.3306087 
0.3402655 
0.3485189 
0.3441818 
0.3531568 
0.3527018 
0.3508354 
0.3509375 
0.3444240 
0.3456612 
0.3449197 
0.3358081 
0.3325240 
0.3471441 
0.3387124 
0.3426878 
0.3534358 
0.3571914 
0.3544838 
0.3534102 
0.3524110 
0.3534311 
0.3519949 
0.3434237 
0.3427162 
0.3335391 
0.3272750 
0.3324844 
0.3388113 
0.3452273 
0.3480929 
0.3456379 
0.3449138 
0.3374690 
0.3351122 
0.3313932 
0.3315552 
0.3326208 
0.3329129 
0.3428362 
0.3422805 
0.3377624 
0.3355375 
0.3244152 
0.3229440 
0.3231371 
0.3313058 
0.3461453 
0.3397379 
0.3277976 
0.3305194 
0.3250317 
0.3254450 
0.3299051 
0.3243682 
0.3179450 
0.3131303 
0.3075144 
0.3076051 
0.3057233 
0.2998399 
0.3229507 
0.3178646 
0.3185295 
0.3252292 
0.3202230 
0.3087346 
0.3059273 
0.3048096 
0.3090167 
0.3065853 
0.3001145 
0.3028476 
0.3076956 
0.3115630 
0.3109588 
0.3156670 
0.3191729 
0.3112079 
0.3123722 
0.3081989 
0.3131353 
0.3061626 
0.3034790 
0.2929207 
0.2947779 
0.3024397 
0.3101837 
0.3119890 
0.3103119 
0.3051619 
0.3021696 
0.3039463 
0.2974844 
0.3057063 
0.3083457 
0.3166150 
0.3104529 
0.3136936 
0.3070914 
0.3062284 
0.3084836 
0.3041335 
0.3072485 
0.3053277 
0.3005862 
0.3001823 
0.2951251 
0.2864521 
0.2885484 
0.2946317 
0.2928332 
0.2906865 
0.2912041 
0.2910935 
0.2926349 
0.3020840 
0.3013055 
0.3043784 
0.3152967 
0.3020942 
0.2879380 
0.2880570 
0.2762653 
0.2743466 
0.2702730 
0.2703896 
0.2746975 
0.2811609 
0.2776168 
0.2867573 
0.2750711 
0.2771656 
0.2797207 
0.2865565 
0.2882383 
0.2854392 
0.2854835 
0.2944274 
0.2876097 
0.2768397 
0.2678847 
0.2654680 
0.2704921 
0.2628580 
0.2611482 
0.2607528 
0.2651357 
0.2612223 
0.2556802 
0.2697761 
0.2676909 
0.2668142 
0.2698553 
0.2695613 
0.2683189 
0.2669950 
0.2698479 
0.2645453 
0.2564341 
0.2578366 
0.2467737 
0.2493065 
0.2510201 
0.2526314 
0.2579151 
0.2594975 
0.2661587 
0.2689149 
0.2696519 
0.2710099 
0.2726975 
0.2537230 
0.2534433 
0.2569894 
0.2707565 
0.2741647 
0.2889372 
0.2895217 
0.2761702 
0.2643821 
0.2644192 
0.2673359 
0.2748775 
0.2718167 
0.2689858 
0.2604946 
0.2614271 
0.2483223 
0.2496831 
0.2458789 
0.2395843 
0.2399106 
0.2498991 
0.2472586 
0.2448918 
0.2535620 
0.2553294 
0.2553654 
0.2549802 
0.2465422 
0.2501497 
0.2588447 
0.2476143 
0.2434293 
0.2510971 
0.2456774 
0.2427333 
0.2471329 
0.2454022 
0.2412783 
0.2419654 
0.2333090 
0.2395484 
0.2432100 
0.2515563 
0.2572674 
0.2581434 
0.2531323 
0.2498820 
0.2418172 
0.2465091 
0.2457205 
0.2464553 
0.2410578 
0.2415703 
0.2398030 
0.2310197 
0.2349576 
0.2318527 
0.2362194 
0.2439659 
0.2398727 
0.2393242 
0.2449738 
0.2461410 
0.2536592 
0.2561520 
0.2395838 
0.2407817 
0.2255665 
0.2185422 
0.2169744 
0.2165771 
0.2239383 
0.2186398 
0.2135620 
0.2119582 
0.2017087 
0.2025214 
0.2113322 
0.2096880 
0.2264998 
0.2258338 
0.2289462 
0.2433043 
0.2277816 
0.2228858 
0.2298717 
0.2242514 
0.2264971 
0.2172273 
0.2018393 
0.2080706 
0.2084452 
0.2242116 
0.2223620 
0.2181440 
0.2260309 
0.2284277 
0.2226166 
0.2268006 
0.2163361 
0.2327173 
0.2398964 
0.2394079 
0.2447959 
0.2384043 
0.2400042 
0.2307936 
0.2175451 
0.2265326 
0.2146311 
0.2169206 
0.2173093 
0.2149968 
0.2138672 
0.2161070 
0.2182753 
0.2148091 
0.2099526 
0.2150892 
0.2135980 
0.2141096 
0.2248924 
0.2186648 
0.2183001 
0.2084123 
0.1859072 
0.1891967 
0.1947116 
0.2089593 
0.2146677 
0.2175830 
0.2219888 
0.2128588 
0.2242001 
0.2179351 
0.2218668 
0.2228458 
0.2070681 
0.2034360 
0.1966158 
0.1988821 
0.2035552 
0.1982484 
0.1930926 
0.1945757 
0.1927355 
0.2015900 
0.2069675 
0.2027171 
0.2073607 
0.2094679 
0.2081944 
0.2065059 
0.2033076 
0.2061313 
0.2101869 
0.2118410 
0.2036017 
0.1989155 
0.2009122 
0.2015078 
0.1976141 
0.1850054 
0.1811456 
0.1864006 
0.1798991 
0.1773273 
0.1769912 
0.1859045 
0.1949285 
0.2040450 
0.2012236 
0.2050055 
0.2016330 
0.1960003 
0.1978907 
0.2013279 
0.1975689 
0.1886351 
0.1831988 
0.1761588 
0.1750362 
0.1818472 
0.1746291 
0.1731767 
0.1685416 
0.1719218 
0.1720976 
0.1804145 
0.1769504 
0.1824008 
0.1918872 
0.1837805 
0.1911246 
0.1927818 
0.1913964 
0.1895755 
0.1845581 
0.1886879 
0.1863342 
0.1980416 
0.1957328 
0.1911197 
0.1805212 
0.1738594 
0.1750742 
0.1772716 
0.1695580 
0.1688927 
0.1742796 
0.1720547 
0.1683065 
0.1685389 
0.1799658 
0.1882557 
0.1893226 
0.1897795 
0.1910610 
0.1857437 
0.1874765 
0.1795788 
0.1677703 
0.1754244 
0.1765836 
0.1720961 
0.1751025 
0.1820190 
0.1833278 
0.1776901 
0.1723225 
0.1753169 
0.1697013 
0.1721629 
0.1719156 
0.1753935 
0.1855669 
0.1817786 
0.1839927 
0.1878912 
0.1755801 
0.1754743 
0.1813843 
0.1779562 
0.1787469 
0.1778641 
0.1866834 
0.1887147 
0.1814393 
0.1741192 
0.1721372 
0.1648405 
0.1591622 
0.1585193 
0.1528487 
0.1600260 
0.1642121 
0.1674642 
0.1616266 
0.1576881 
0.1598229 
0.1699285 
0.1729454 
0.1698388 
0.1716234 
0.1657323 
0.1669326 
0.1705696 
0.1712683 
0.1605599 
0.1531987 
0.1519695 
0.1471049 
0.1404459 
0.1494520 
0.1593683 
0.1600409 
0.1627965 
0.1620717 
0.1524502 
0.1484487 
0.1460193 
0.1366774 
0.1380776 
0.1449462 
0.1336291 
0.1342845 
0.1405638 
0.1489462 
0.1470835 
0.1647057 
0.1649609 
0.1562470 
0.1537654 
0.1493659 
0.1404779 
0.1441658 
0.1364101 
0.1417418 
0.1489872 
0.1524000 
0.1509251 
0.1453026 
0.1450649 
0.1393223 
0.1436526 
0.1436052 
0.1254164 
0.1294467 
0.1345195 
0.1320958 
0.1382673 
0.1458987 
0.1417998 
0.1285146 
0.1297520 
0.1246271 
0.1259298 
0.1251196 
0.1232713 
0.1192855 
0.1205108 
0.1183199 
0.1297461 
0.1388384 
0.1378344 
0.1420124 
0.1434238 
0.1525106 
0.1647858 
0.1640806 
0.1489339 
0.1458074 
0.1231381 
0.1045875 
0.1094934 
0.0966284 
0.0966110 
0.1044282 
0.0929040 
0.0911516 
0.0923681 
0.0913006 
0.0982784 
0.0923962 
0.0861855 
0.0878934 
0.0909118 
0.0906979 
0.0999767 
0.1018526 
0.0868499 
0.0898185 
0.0879375 
0.0860723 
0.0998102 
0.0992761 
0.1059282 
0.1074554 
0.1084982 
0.1127763 
0.1000306 
0.0943272 
0.0978676 
0.0952143 
0.0950523 
0.0988530 
0.0919689 
0.1006389 
0.0950376 
0.0882974 
0.0941756 
0.0940106 
0.1062961 
0.1049923 
0.1007837 
0.1067676 
0.0973128 
0.1011716 
0.1054957 
0.1045333 
0.1053826 
0.1024094 
0.0980557 
0.1067624 
0.1053431 
0.1044757 
0.0892492 
0.0939821 
0.1026296 
0.0945029 
0.0978562 
0.0988575 
0.1060477 
0.0976414 
0.0932456 
0.0979996 
0.0968964 
0.0889624 
0.0905952 
0.0902374 
0.0948420 
0.0964742 
0.0998104 
0.1049056 
0.1028173 
0.0972800 
0.1086751 
0.1121456 
0.1104073 
0.1047356 
0.0945495 
0.0881268 
0.0909759 
0.0889187 
0.0870528 
0.0845734 
0.0904580 
0.0921132 
0.0827311 
0.0799824 
0.0742156 
0.0822789 
0.0831559 
0.0783791 
0.0757114 
0.0739992 
0.0796841 
0.0824444 
0.0947492 
0.0889109 
0.0822091 
0.0868247 
0.0872997 
0.0992760 
0.0878133 
0.0892267 
0.0865119 
0.0797445 
0.0827616 
0.0784233 
0.0775685 
0.0722260 
0.0748138 
0.0808470 
0.0784668 
0.0836908 
0.0893080 
0.0920266 
0.0945916 
0.0799800 
0.0795508 
0.0842567 
0.0910727 
0.0967374 
0.0883816 
0.0814634 
0.0746699 
0.0705124 
0.0717605 
0.0569389 
0.0482707 
0.0515749 
0.0574523 
0.0707724 
0.0759851 
0.0662484 
0.0687638 
0.0755552 
0.0798924 
0.0877525 
0.0801197 
0.0883099 
0.0924893 
0.0913262 
0.1089347 
0.1063645 
0.1007069 
0.0940467 
0.0699314 
0.0772681 
0.0874484 
0.0775200 
0.0748515 
0.0781929 
0.0792653 
0.0696064 
0.0737088 
0.0831246 
0.0855986 
0.0741383 
0.0694995 
0.0689474 
0.0652818 
0.0546167 
0.0539351 
0.0477151 
0.0548208 
0.0545188 
0.0664912 
0.0658388 
0.0641621 
0.0703393 
0.0676610 
0.0562793 
0.0528610 
0.0498855 
0.0426095 
0.0445951 
0.0500926 
0.0558833 
0.0566649 
0.0532007 
0.0534918 
0.0588528 
0.0526302 
0.0518191 
0.0594088 
0.0639654 
0.0689142 
0.0621106 
0.0554516 
0.0526983 
0.0595952 
0.0676290 
0.0727931 
0.0795293 
0.0894646 
0.0835277 
0.0688096 
0.0590672 
0.0599021 
0.0672749 
0.0728877 
0.0662795 
0.0618730 
0.0591273 
0.0567748 
0.0602947 
0.0595026 
0.0548532 
0.0480569 
0.0505526 
0.0563143 
0.0522255 
0.0534183 
0.0582138 
0.0548806 
0.0535333 
0.0563768 
0.0558883 
0.0632720 
0.0606651 
0.0559078 
0.0479322 
0.0564905 
0.0622590 
0.0512467 
0.0571615 
0.0592803 
0.0615018 
0.0561026 
0.0663306 
0.0651625 
0.0537997 
0.0549144 
0.0586172 
0.0475391 
0.0480051 
0.0549136 
0.0513221 
0.0644535 
0.0679958 
0.0611048 
0.0556873 
0.0565656 
0.0456057 
0.0536492 
0.0584260 
0.0392421 
0.0444804 
0.0499251 
0.0483019 
0.0505387 
0.0445791 
0.0392887 
0.0429844 
0.0422179 
0.0355524 
0.0397602 
0.0371829 
0.0315410 
0.0379503 
0.0462431 
0.0478600 
0.0411061 
0.0358373 
0.0277064 
0.0296867 
0.0311412 
0.0417252 
0.0469143 
0.0506595 
0.0472043 
0.0458148 
0.0457817 
0.0431944 
0.0306527 
0.0339752 
0.0381983 
0.0335441 
0.0238921 
0.0233259 
0.0291414 
0.0288223 
0.0275387 
0.0289272 
0.0296465 
0.0252139 
0.0155854 
0.0171832 
0.0203287 
0.0124651 
0.0167414 
0.0216167 
0.0237760 
0.0322371 
0.0316989 
0.0350782 
0.0313144 
0.0271997 
0.0239517 
0.0226379 
0.0082911 
0.0146481 
0.0204472 
0.0119918 
0.0125442 
0.0134791 
0.0090825 
0.0109915 
0.0153181 
0.0105364 
0.0106561 
0.0000000 
0.0000006 
0.0109142 
0.0174898 
0.0199429 
0.0166034 
0.0120165 
0.0130847 
0.0090092 
0.0075624 
0.0062914 
0.0065522 
0.0070941 
0.0142440 
0.0079308 
0.0074184 
0.0068667 
0.0056320 
0.0042371 
0.0058541 
