0.0000314 
-0.0001219 
-0.0000641 
-0.4529016 
0.1288205 
-0.3358513 
0.9955818 
1.0000000 
0.9990834 
0.9887955 
0.9788126 
0.9781010 
0.9720749 
0.9778568 
0.9824555 
0.9881580 
0.9874413 
0.9799117 
0.9795792 
0.9781921 
0.9735536 
0.9715157 
0.9815686 
0.9808521 
0.9831631 
0.9766358 
0.9842356 
0.9833863 
0.9830766 
0.9819177 
0.9773958 
0.9759129 
0.9807370 
0.9833162 
0.9818628 
0.9814834 
0.9886001 
0.9888702 
0.9884146 
0.9772548 
0.9727338 
0.9671623 
0.9654797 
0.9551662 
0.9451498 
0.9408748 
0.9490587 
0.9487693 
0.9525633 
0.9533323 
0.9529397 
0.9480072 
0.9531832 
0.9542281 
0.9486350 
0.9493643 
0.9458829 
0.9458841 
0.9459751 
0.9464106 
0.9377960 
0.9326189 
0.9328133 
0.9314108 
0.9332527 
0.9296007 
0.9240391 
0.9169895 
0.9149714 
0.9130100 
0.9182880 
0.9273188 
0.9277997 
0.9307657 
0.9408891 
0.9514916 
0.9418071 
0.9370534 
0.9285927 
0.9200208 
0.9100720 
0.9162268 
0.9170265 
0.9122621 
0.9133864 
0.9143672 
0.9160020 
0.9142021 
0.9058707 
0.8989327 
0.8952990 
0.8925896 
0.8946361 
0.9040787 
0.8956852 
0.8991862 
0.8981186 
0.8962278 
0.9070104 
0.9061049 
0.9036655 
0.9063135 
0.9028801 
0.9010794 
0.9077359 
0.9056876 
0.9109544 
0.9101231 
0.9072341 
0.9040984 
0.9123872 
0.9049291 
0.9020440 
0.8942451 
0.8860300 
0.8926347 
0.8935816 
0.8995754 
0.8942867 
0.8990989 
0.8953108 
0.8887925 
0.8879547 
0.8874789 
0.8950958 
0.8864741 
0.8828197 
0.8812308 
0.8797417 
0.8782352 
0.8802225 
0.8799623 
0.8739608 
0.8634652 
0.8686677 
0.8714356 
0.8770890 
0.8801601 
0.8820150 
0.8823796 
0.8779040 
0.8664066 
0.8677198 
0.8752946 
0.8722589 
0.8685031 
0.8686757 
0.8668779 
0.8715348 
0.8700370 
0.8680321 
0.8708445 
0.8682972 
0.8698081 
0.8657030 
0.8570011 
0.8648803 
0.8588233 
0.8572075 
0.8525014 
0.8504830 
0.8499525 
0.8484275 
0.8446449 
0.8446628 
0.8401737 
0.8454654 
0.8454083 
0.8398379 
0.8413807 
0.8403516 
0.8445601 
0.8369596 
0.8410115 
0.8325015 
0.8362651 
0.8417707 
0.8415058 
0.8310564 
0.8241387 
0.8242770 
0.8247330 
0.8242169 
0.8246818 
0.8198608 
0.8139815 
0.8119802 
0.8082859 
0.8080699 
0.8198137 
0.8142842 
0.8196113 
0.8170402 
0.8146814 
0.8147358 
0.8097231 
0.8165447 
0.8178278 
0.8142786 
0.8146529 
0.8139115 
0.8062867 
0.8052345 
0.8144583 
0.8172869 
0.8152480 
0.8161281 
0.8122597 
0.8092661 
0.8145424 
0.8087686 
0.8079404 
0.8128762 
0.8027781 
0.7990159 
0.7993887 
0.8056865 
0.8106809 
0.8090498 
0.8120579 
0.8096536 
0.8080146 
0.7988191 
0.8020996 
0.8010576 
0.8113591 
0.8065600 
0.8068176 
0.8067786 
0.8086742 
0.8110330 
0.8077130 
0.8003926 
0.7989519 
0.8104698 
0.7975184 
0.8058349 
0.8027455 
0.8132190 
0.8120530 
0.8218400 
0.8139130 
0.8152711 
0.8070586 
0.8119977 
0.8125518 
0.8134887 
0.8084549 
0.8130363 
0.8163692 
0.8228620 
0.8211472 
0.8188073 
0.8138692 
0.8040888 
0.8033154 
0.7989721 
0.8051793 
0.8065363 
0.8026499 
0.7966321 
0.7934004 
0.7866758 
0.7838052 
0.7837669 
0.7869856 
0.7849678 
0.7826958 
0.7795556 
0.7805068 
0.7730890 
0.7643611 
0.7652795 
0.7665300 
0.7681098 
0.7745561 
0.7681001 
0.7617667 
0.7548438 
0.7509307 
0.7502152 
0.7523834 
0.7643461 
0.7731291 
0.7720189 
0.7711661 
0.7700891 
0.7652982 
0.7571024 
0.7584500 
0.7586264 
0.7524930 
0.7488749 
0.7601773 
0.7633037 
0.7561155 
0.7499746 
0.7399977 
0.7443377 
0.7461789 
0.7506971 
0.7553770 
0.7568647 
0.7556487 
0.7491433 
0.7540096 
0.7481450 
0.7489310 
0.7458256 
0.7504699 
0.7516103 
0.7476246 
0.7456766 
0.7476418 
0.7436035 
0.7401487 
0.7432687 
0.7444003 
0.7338854 
0.7340527 
0.7333496 
0.7337065 
0.7397376 
0.7317810 
0.7237575 
0.7237706 
0.7249043 
0.7213595 
0.7259394 
0.7293588 
0.7196417 
0.7212410 
0.7214197 
0.7178400 
0.7224142 
0.7252240 
0.7162398 
0.7187697 
0.7114463 
0.7130500 
0.7203846 
0.7187656 
0.7172575 
0.7213533 
0.7202389 
0.7267403 
0.7132481 
0.7182273 
0.7165841 
0.7061193 
0.7008573 
0.7014312 
0.7064119 
0.7046652 
0.7006498 
0.6992229 
0.7008100 
0.7054706 
0.7059496 
0.7037931 
0.7014921 
0.7053545 
0.7086762 
0.7076686 
0.7046789 
0.7003989 
0.7046917 
0.7042318 
0.7056655 
0.7134141 
0.7085783 
0.7009544 
0.7007516 
0.7022627 
0.6954845 
0.7014280 
0.7050689 
0.7101145 
0.7145466 
0.7150550 
0.7149743 
0.7230300 
0.7121604 
0.7079663 
0.6922687 
0.6779103 
0.6829667 
0.6824624 
0.6800785 
0.6847028 
0.6917015 
0.6869792 
0.6928434 
0.6839549 
0.6789657 
0.6801170 
0.6829684 
0.6814903 
0.6871618 
0.6915060 
0.6893079 
0.6811376 
0.6867642 
0.6947196 
0.6862284 
0.6833550 
0.6789388 
0.6870575 
0.6941058 
0.6973070 
0.6994967 
0.6900556 
0.6781720 
0.6665928 
0.6690677 
0.6777418 
0.6841267 
0.6880253 
0.6899645 
0.6869754 
0.6885256 
0.6892666 
0.6901352 
0.6892151 
0.6842661 
0.6876538 
0.6962516 
0.6939415 
0.6828524 
0.6822066 
0.6779928 
0.6815670 
0.6866368 
0.6854347 
0.6847631 
0.6823234 
0.6736624 
0.6675667 
0.6741947 
0.6746689 
0.6652341 
0.6651191 
0.6607857 
0.6625558 
0.6717349 
0.6705250 
0.6728014 
0.6701766 
0.6709031 
0.6659655 
0.6572472 
0.6601467 
0.6595757 
0.6672228 
0.6685882 
0.6724092 
0.6684703 
0.6689094 
0.6658423 
0.6664457 
0.6691034 
0.6580943 
0.6558947 
0.6609273 
0.6513594 
0.6464961 
0.6459217 
0.6526951 
0.6495914 
0.6532371 
0.6465639 
0.6501867 
0.6484245 
0.6406887 
0.6417349 
0.6416358 
0.6374103 
0.6375436 
0.6384561 
0.6405205 
0.6408646 
0.6375217 
0.6288989 
0.6288218 
0.6213227 
0.6197162 
0.6130253 
0.6274714 
0.6307362 
0.6229376 
0.6232024 
0.6257273 
0.6272603 
0.6275537 
0.6242254 
0.6229294 
0.6172058 
0.6180243 
0.6173895 
0.6119824 
0.6178966 
0.6201440 
0.6137194 
0.6062768 
0.6054298 
0.5953521 
0.6021180 
0.6093342 
0.6070579 
0.6089296 
0.6020306 
0.6037908 
0.6034538 
0.6002527 
0.5985738 
0.6026125 
0.5980725 
0.5964709 
0.5967857 
0.6026283 
0.6068643 
0.6090016 
0.6142698 
0.6161759 
0.6150608 
0.6036540 
0.6044863 
0.6144505 
0.6172404 
0.6142717 
0.6046358 
0.6077855 
0.6111013 
0.6059183 
0.6148806 
0.6144761 
0.6145446 
0.6128770 
0.6161931 
0.6117108 
0.6144939 
0.6117358 
0.6141409 
0.6128756 
0.6174199 
0.6073914 
0.6053877 
0.6127213 
0.6154671 
0.6180891 
0.6278936 
0.6167569 
0.6196308 
0.6187037 
0.6217996 
0.6173151 
0.6254077 
0.6317203 
0.6352578 
0.6298930 
0.6189386 
0.6153786 
0.6066442 
0.6021785 
0.6102503 
0.6128218 
0.6088635 
0.6103925 
0.6035303 
0.6042995 
0.6004100 
0.5913519 
0.5911610 
0.5953759 
0.5937309 
0.5984288 
0.5952153 
0.6008314 
0.5927387 
0.5870962 
0.5848541 
0.5905228 
0.5927294 
0.6006822 
0.5982518 
0.5929876 
0.5892163 
0.5893310 
0.5807167 
0.5870768 
0.5799847 
0.5837139 
0.5734499 
0.5674330 
0.5647726 
0.5578629 
0.5556751 
0.5542788 
0.5595202 
0.5556925 
0.5520413 
0.5484968 
0.5439129 
0.5378889 
0.5416489 
0.5508910 
0.5495882 
0.5452814 
0.5451718 
0.5481999 
0.5302477 
0.5365564 
0.5337391 
0.5379611 
0.5393743 
0.5359246 
0.5387886 
0.5414051 
0.5405255 
0.5377573 
0.5430049 
0.5413356 
0.5235535 
0.5331539 
0.5400380 
0.5443151 
0.5378958 
0.5393657 
0.5405787 
0.5425897 
0.5425800 
0.5455454 
0.5476935 
0.5478417 
0.5521451 
0.5497446 
0.5435540 
0.5344010 
0.5381999 
0.5419524 
0.5446245 
0.5413079 
0.5572652 
0.5530961 
0.5433522 
0.5349364 
0.5333535 
0.5371301 
0.5415506 
0.5341957 
0.5337520 
0.5288869 
0.5349707 
0.5351708 
0.5373744 
0.5451388 
0.5427577 
0.5335915 
0.5279922 
0.5243136 
0.5315544 
0.5259166 
0.5195145 
0.5271479 
0.5244433 
0.5244616 
0.5264869 
0.5238262 
0.5242187 
0.5239991 
0.5278477 
0.5303502 
0.5356141 
0.5268203 
0.5158864 
0.5075461 
0.5077997 
0.5109026 
0.5044113 
0.5000724 
0.4918413 
0.4946972 
0.4973115 
0.5103515 
0.5010500 
0.4985394 
0.4962530 
0.4962790 
0.4939886 
0.4954177 
0.4949330 
0.4975788 
0.5028352 
0.4936786 
0.4878318 
0.4868743 
0.4969231 
0.4954755 
0.5113599 
0.4972506 
0.5051734 
0.4991042 
0.4986856 
0.5048126 
0.5110779 
0.5109316 
0.5085688 
0.5022970 
0.5007554 
0.4995663 
0.5034568 
0.5012306 
0.5012233 
0.4999949 
0.5013092 
0.4992961 
0.4974894 
0.4956370 
0.4918052 
0.5009099 
0.5079850 
0.5012569 
0.5063028 
0.5071055 
0.5073531 
0.4872997 
0.4746485 
0.4815003 
0.4742222 
0.4821491 
0.4846155 
0.4856062 
0.4849056 
0.4913096 
0.4976040 
0.4911228 
0.4885500 
0.4837124 
0.4792032 
0.4874152 
0.4818991 
0.4790082 
0.4787965 
0.4871802 
0.4830981 
0.4814514 
0.4812595 
0.4838357 
0.4934886 
0.4863549 
0.4813366 
0.4793089 
0.4698160 
0.4724826 
0.4677186 
0.4719189 
0.4710591 
0.4670243 
0.4713085 
0.4789462 
0.4731698 
0.4718497 
0.4664586 
0.4728790 
0.4714633 
0.4702697 
0.4666382 
0.4742064 
0.4677982 
0.4656688 
0.4671608 
0.4615583 
0.4601434 
0.4648332 
0.4724739 
0.4616198 
0.4642022 
0.4513633 
0.4518528 
0.4448112 
0.4360765 
0.4258326 
0.4314262 
0.4170295 
0.4064568 
0.4107600 
0.3939334 
0.3727111 
0.3829575 
0.3959832 
0.3966261 
0.4023814 
0.4037630 
0.4301155 
0.4358015 
0.4391905 
0.4324257 
0.4337410 
0.4281216 
0.4310826 
0.4424173 
0.4361913 
0.4308637 
0.4381461 
0.4455657 
0.4414315 
0.4471629 
0.4541865 
0.4515287 
0.4534244 
0.4663804 
0.4565585 
0.4532561 
0.4507507 
0.4432521 
0.4409471 
0.4374691 
0.4367236 
0.4382990 
0.4344518 
0.4271765 
0.4202028 
0.4276755 
0.4269563 
0.4198621 
0.4213615 
0.4247985 
0.4224280 
0.4190146 
0.4267990 
0.4205165 
0.4336629 
0.4273334 
0.4340632 
0.4246037 
0.4204847 
0.4232572 
0.4151713 
0.4213586 
0.4195251 
0.4090252 
0.4164622 
0.4139448 
0.4256270 
0.4191697 
0.4276295 
0.4264261 
0.4146512 
0.4053958 
0.3996083 
0.3960329 
0.3890157 
0.3881202 
0.3912089 
0.3897474 
0.3947093 
0.3941321 
0.3905452 
0.3990130 
0.3928031 
0.3896738 
0.3842545 
0.3842151 
0.3859421 
0.3820837 
0.3896743 
0.3901586 
0.3825069 
0.3831090 
0.3889625 
0.3884678 
0.3864459 
0.3901493 
0.3921797 
0.3932262 
0.3922654 
0.3909037 
0.3842167 
0.3830974 
0.3868252 
0.3858396 
0.3864188 
0.3882015 
0.3876926 
0.3886881 
0.3832724 
0.3850017 
0.3752242 
0.3795736 
0.3759341 
0.3704710 
0.3755253 
0.3793530 
0.3816518 
0.3724120 
0.3699227 
0.3727100 
0.3730622 
0.3783434 
0.3835794 
0.3808008 
0.3858322 
0.3859293 
0.3976451 
0.3888644 
0.3892343 
0.3738693 
0.3744719 
0.3731926 
0.3775808 
0.3779316 
0.3763431 
0.3787880 
0.3801721 
0.3839554 
0.3794569 
0.3887401 
0.3872092 
0.3872549 
0.3946357 
0.3746162 
0.3790686 
0.3731035 
0.3712746 
0.3667735 
0.3578359 
0.3426337 
0.3512567 
0.3533264 
0.3432522 
0.3443825 
0.3390432 
0.3353870 
0.3433500 
0.3347747 
0.3299212 
0.3280269 
0.3234829 
0.3162427 
0.3170626 
0.3279423 
0.3357025 
0.3327289 
0.3331625 
0.3332026 
0.3352093 
0.3333501 
0.3383531 
0.3356068 
0.3384957 
0.3404112 
0.3399943 
0.3377176 
0.3382186 
0.3373123 
0.3321866 
0.3229408 
0.3192197 
0.3174915 
0.3143551 
0.3172546 
0.3162480 
0.3147935 
0.3143943 
0.3077566 
0.3036512 
0.2989932 
0.2882095 
0.2876046 
0.2882708 
0.2902849 
0.2905057 
0.2890686 
0.2948449 
0.2949720 
0.2949880 
0.2921266 
0.2922747 
0.2833461 
0.2946718 
0.2931529 
0.3017706 
0.3011076 
0.3035672 
0.3022926 
0.3119153 
0.3092652 
0.3143404 
0.3134789 
0.3143729 
0.3128672 
0.3013803 
0.3089974 
0.2964050 
0.3007277 
0.2978940 
0.3010744 
0.3054036 
0.3056665 
0.2980833 
0.2983339 
0.2875618 
0.2843755 
0.2856810 
0.2877711 
0.2865842 
0.2869196 
0.2785289 
0.2807952 
0.2656274 
0.2590928 
0.2529762 
0.2607876 
0.2541845 
0.2712964 
0.2792310 
0.2853072 
0.2966145 
0.3098985 
0.3129841 
0.3018793 
0.2969186 
0.3009325 
0.3003815 
0.3002850 
0.2995695 
0.3025869 
0.2926789 
0.2856139 
0.2776076 
0.2802686 
0.2788876 
0.2771618 
0.2732427 
0.2730307 
0.2684281 
0.2909199 
0.2879917 
0.2903485 
0.2749255 
0.2719216 
0.2655160 
0.2667402 
0.2700373 
0.2651374 
0.2602333 
0.2618896 
0.2574044 
0.2609602 
0.2612118 
0.2624212 
0.2643627 
0.2562587 
0.2629935 
0.2683924 
0.2806382 
0.2836146 
0.2938838 
0.2940954 
0.2930740 
0.2978138 
0.2908503 
0.2793499 
0.2805664 
0.2811823 
0.2806448 
0.2824938 
0.2823031 
0.2765586 
0.2703083 
0.2693184 
0.2627675 
0.2684825 
0.2692359 
0.2641072 
0.2695438 
0.2688257 
0.2657794 
0.2562812 
0.2571699 
0.2709746 
0.2687060 
0.2603288 
0.2517390 
0.2569206 
0.2564768 
0.2591495 
0.2636181 
0.2517674 
0.2519016 
0.2503667 
0.2528924 
0.2490732 
0.2520207 
0.2586419 
0.2540819 
0.2558878 
0.2478646 
0.2461136 
0.2403887 
0.2487217 
0.2426145 
0.2378910 
0.2456706 
0.2391378 
0.2385557 
0.2551192 
0.2526966 
0.2459105 
0.2440646 
0.2480549 
0.2464939 
0.2410263 
0.2379823 
0.2360602 
0.2343474 
0.2306640 
0.2376230 
0.2292938 
0.2327909 
0.2333510 
0.2379547 
0.2467752 
0.2447832 
0.2429737 
0.2478023 
0.2305664 
0.2349958 
0.2282560 
0.2304096 
0.2338023 
0.2343998 
0.2217718 
0.2223881 
0.2192482 
0.2298713 
0.2234873 
0.2277015 
0.2214194 
0.2247904 
0.2249158 
0.2217143 
0.2168176 
0.2159682 
0.2004778 
0.1999792 
0.2108516 
0.2173794 
0.2151627 
0.2110062 
0.2172128 
0.2126301 
0.2173131 
0.2177590 
0.2145821 
0.2082309 
0.2051635 
0.2018459 
0.2076940 
0.2214738 
0.2167151 
0.2122115 
0.2093293 
0.2126166 
0.2145555 
0.2042371 
0.2008737 
0.2038976 
0.2027045 
0.2024012 
0.1984653 
0.1955372 
0.2084141 
0.2121120 
0.2082420 
0.2075614 
0.2051476 
0.2028566 
0.2062455 
0.2038508 
0.2098084 
0.1957857 
0.1804873 
0.1760625 
0.1817794 
0.1682948 
0.1713593 
0.1736548 
0.1756245 
0.1793360 
0.1752814 
0.1741188 
0.1745797 
0.1673585 
0.1734727 
0.1768884 
0.1782536 
0.1749306 
0.2013235 
0.2100986 
0.2157055 
0.2096569 
0.2075065 
0.2047125 
0.1948911 
0.1840890 
0.1850822 
0.1798350 
0.1794488 
0.1754402 
0.1827889 
0.1755153 
0.1711620 
0.1668386 
0.1672585 
0.1625368 
0.1593512 
0.1539219 
0.1500720 
0.1509721 
0.1465287 
0.1420243 
0.1305745 
0.1316395 
0.1304036 
0.1231711 
0.1214517 
0.1247715 
0.1355420 
0.1314528 
0.1343573 
0.1462800 
0.1537255 
0.1649281 
0.1762750 
0.1770937 
0.1771589 
0.1867522 
0.1821548 
0.1803356 
0.1812619 
0.1822469 
0.1606887 
0.1547313 
0.1478223 
0.1376356 
0.1370754 
0.1416664 
0.1355328 
0.1289429 
0.1338342 
0.1331268 
0.1306506 
0.1254401 
0.1258032 
0.1228942 
0.1265196 
0.1303263 
0.1357022 
0.1387089 
0.1419266 
0.1400751 
0.1360682 
0.1314378 
0.1285772 
0.1281937 
0.1240959 
0.1320779 
0.1308345 
0.1291862 
0.1243917 
0.1235049 
0.1243218 
0.1303441 
0.1248394 
0.1252182 
0.1204482 
0.1284040 
0.1339865 
0.1350194 
0.1299248 
0.1292229 
0.1314292 
0.1377177 
0.1345269 
0.1229965 
0.1240465 
0.1195467 
0.1178906 
0.1270913 
0.1269233 
0.1405103 
0.1439706 
0.1436451 
0.1522353 
0.1464059 
0.1356540 
0.1338444 
0.1339092 
0.1294094 
0.1304322 
0.1301684 
0.1295965 
0.1320615 
0.1283175 
0.1223396 
0.1250315 
0.1150068 
0.1142355 
0.1026933 
0.1055712 
0.1129214 
0.1025992 
0.1086075 
0.1094018 
0.1045881 
0.1046910 
0.1139707 
0.1194517 
0.1112035 
0.1112198 
0.1096999 
0.1015236 
0.0985352 
0.0963533 
0.1045981 
0.1034006 
0.1074703 
0.1080092 
0.1046943 
0.0962739 
0.0953146 
0.0965283 
0.0932328 
0.0978684 
0.0943094 
0.0913165 
0.0884851 
0.0782454 
0.0780455 
0.0763940 
0.0793389 
0.0759534 
0.0912129 
0.0831262 
0.0856485 
0.0882598 
0.0863193 
0.0812418 
0.0762066 
0.0682514 
0.0711442 
0.0697314 
0.0716280 
0.0682272 
0.0638140 
0.0622511 
0.0706530 
0.0724951 
0.0715326 
0.0733099 
0.0661120 
0.0665178 
0.0634121 
0.0647680 
0.0727247 
0.0692770 
0.0713891 
0.0656692 
0.0784059 
0.0789696 
0.0762069 
0.0700594 
0.0761553 
0.0829689 
0.0742169 
0.0697960 
0.0708884 
0.0734172 
0.0709922 
0.0762831 
0.0727272 
0.0682379 
0.0666081 
0.0759826 
0.0783256 
0.0735616 
0.0768315 
0.0747408 
0.0694000 
0.0646198 
0.0605394 
0.0623648 
0.0636119 
0.0643070 
0.0695720 
0.0742801 
0.0792723 
0.0756019 
0.0740936 
0.0592736 
0.0622098 
0.0581101 
0.0637359 
0.0820850 
0.0930700 
0.0993796 
0.1032996 
0.0990871 
0.0891442 
0.0589604 
0.0421826 
0.0481944 
0.0399818 
0.0340603 
0.0337788 
0.0291405 
0.0196802 
0.0196949 
0.0200626 
0.0243531 
0.0190305 
0.0204423 
0.0177066 
0.0123012 
0.0106438 
0.0123870 
0.0134520 
0.0177642 
0.0184361 
0.0149280 
0.0163678 
0.0159346 
0.0097231 
0.0108288 
0.0000000 
