0.0001476 
0.0001059 
0.0000409 
0.4103711 
-0.1147770 
0.1055585 
0.8917292 
0.8990382 
0.9023959 
0.9008212 
0.9068750 
0.9007334 
0.8986808 
0.9090598 
0.9154359 
0.9150454 
0.9286977 
0.9146729 
0.9135659 
0.9243752 
0.9245985 
0.9143441 
0.9201081 
0.9230572 
0.9137828 
0.9143719 
0.9181240 
0.9225243 
0.9296306 
0.9229263 
0.9254261 
0.9275212 
0.9154234 
0.9171687 
0.9129483 
0.9149016 
0.9016882 
0.9164554 
0.9202073 
0.9232531 
0.9112596 
0.9139501 
0.9119595 
0.9165969 
0.9130099 
0.9106409 
0.9110400 
0.9195860 
0.9189738 
0.9254017 
0.9274604 
0.9062582 
0.9071245 
0.9118052 
0.9104501 
0.9182782 
0.9175838 
0.9110006 
0.9046306 
0.9017704 
0.8892186 
0.8939105 
0.8867381 
0.8971989 
0.8946860 
0.8902718 
0.8969206 
0.8892795 
0.8777602 
0.8777369 
0.8760412 
0.8817706 
0.8909825 
0.8913430 
0.8937633 
0.8959887 
0.8993359 
0.8876524 
0.8932813 
0.8680519 
0.8669511 
0.8801339 
0.8783559 
0.8786638 
0.8699187 
0.8603500 
0.8613238 
0.8610972 
0.8589083 
0.8729951 
0.8739020 
0.8758843 
0.8737469 
0.8653573 
0.8694764 
0.8689188 
0.8828100 
0.8748235 
0.8707029 
0.8536606 
0.8609892 
0.8567750 
0.8475599 
0.8558465 
0.8660853 
0.8704166 
0.8611282 
0.8615894 
0.8596243 
0.8646819 
0.8685843 
0.8668182 
0.8766350 
0.8679584 
0.8802127 
0.8728444 
0.8676847 
0.8730003 
0.8744760 
0.8664685 
0.8745970 
0.8800420 
0.8766805 
0.8650169 
0.8766078 
0.8823739 
0.8800404 
0.8762997 
0.8746173 
0.8788765 
0.8795070 
0.8774689 
0.8775493 
0.8794608 
0.8749975 
0.8673684 
0.8725833 
0.8729074 
0.8755502 
0.8688062 
0.8825757 
0.8685726 
0.8589521 
0.8607542 
0.8667619 
0.8634479 
0.8690119 
0.8719500 
0.8689115 
0.8624033 
0.8628329 
0.8542042 
0.8541048 
0.8566243 
0.8552312 
0.8545181 
0.8668863 
0.8830999 
0.8778489 
0.8870779 
0.8853526 
0.8913778 
0.8849475 
0.8895735 
0.8941518 
0.9044532 
0.9047200 
0.9132486 
0.8982283 
0.9001154 
0.9162163 
0.9122305 
0.9092528 
0.9252996 
0.9203725 
0.9189199 
0.9167938 
0.9228218 
0.9063957 
0.9141256 
0.9156470 
0.9108358 
0.9128758 
0.9070181 
0.9183815 
0.9161611 
0.9305018 
0.9308506 
0.9273848 
0.9151312 
0.8962184 
0.8880598 
0.8921609 
0.8907409 
0.8821813 
0.8821655 
0.8850795 
0.8711099 
0.8534008 
0.8777470 
0.8891023 
0.8801633 
0.8750796 
0.8771681 
0.8850116 
0.8847803 
0.8835853 
0.8774563 
0.8827436 
0.8932229 
0.8947640 
0.8964497 
0.8929014 
0.8842085 
0.8708109 
0.8830962 
0.8886923 
0.8918462 
0.8867421 
0.8831588 
0.8948142 
0.8992420 
0.8924640 
0.8907922 
0.9107170 
0.9175289 
0.9204058 
0.9173681 
0.9031003 
0.9114755 
0.9081069 
0.9088258 
0.9098264 
0.9111773 
0.9312485 
0.9151181 
0.9270960 
0.9210040 
0.9375150 
0.9344394 
0.9226826 
0.9332718 
0.9166305 
0.9218035 
0.9130630 
0.9072740 
0.9069096 
0.9071103 
0.9067306 
0.8997659 
0.8931473 
0.8881456 
0.8863342 
0.8873870 
0.8792733 
0.8721294 
0.8871773 
0.9116411 
0.9010667 
0.8977336 
0.8917594 
0.8946088 
0.8899255 
0.8845750 
0.8760185 
0.8789370 
0.8705974 
0.8724309 
0.8727840 
0.8742149 
0.8753339 
0.8731675 
0.8758234 
0.8796722 
0.8922854 
0.8779515 
0.8916143 
0.8866571 
0.8973602 
0.8973745 
0.9082022 
0.9099656 
0.9180851 
0.9172276 
0.9243737 
0.9149859 
0.9134029 
0.9163790 
0.9019536 
0.9054644 
0.9101172 
0.9001310 
0.9063470 
0.9097990 
0.9192190 
0.9184004 
0.9176851 
0.9216593 
0.9189498 
0.9064981 
0.9146257 
0.9373939 
0.9338598 
0.9388777 
0.9345483 
0.9420003 
0.9334965 
0.9357140 
0.9394078 
0.9333855 
0.9358670 
0.9387860 
0.9179553 
0.9140518 
0.9198641 
0.9241756 
0.9291194 
0.9355003 
0.9311132 
0.9335602 
0.9202251 
0.9297907 
0.9259636 
0.9266159 
0.9351788 
0.9327427 
0.9334241 
0.9277522 
0.9396587 
0.9318662 
0.9258220 
0.9294494 
0.9277459 
0.9290494 
0.9354561 
0.9425392 
0.9417244 
0.9384519 
0.9270814 
0.9225857 
0.9324485 
0.9254283 
0.9221057 
0.9192686 
0.9259545 
0.9146860 
0.9042910 
0.8998195 
0.9061225 
0.9015137 
0.9055505 
0.9162865 
0.9136425 
0.9147505 
0.9132519 
0.9200450 
0.9272606 
0.9477823 
0.9384399 
0.9277701 
0.9319949 
0.9324437 
0.9375573 
0.9230578 
0.9349266 
0.9217937 
0.9282799 
0.9169862 
0.9239323 
0.9148862 
0.8986547 
0.8913886 
0.8977154 
0.8878206 
0.8939793 
0.8936275 
0.8929191 
0.8902384 
0.9085325 
0.9060548 
0.8898392 
0.8890623 
0.8925956 
0.9019192 
0.8951118 
0.8861114 
0.8995016 
0.8896899 
0.8856109 
0.8930137 
0.8832594 
0.8922100 
0.8909539 
0.8993711 
0.8928233 
0.8963258 
0.8991541 
0.8845684 
0.8846225 
0.8816675 
0.8862722 
0.8823656 
0.8790024 
0.8880124 
0.8907730 
0.8968350 
0.8873470 
0.8956492 
0.8966306 
0.9039865 
0.9058603 
0.9084748 
0.9034942 
0.9003082 
0.8991825 
0.8855063 
0.8847825 
0.8912468 
0.8893137 
0.8987361 
0.9059649 
0.9072593 
0.9222886 
0.9189183 
0.9237939 
0.9387357 
0.9426334 
0.9409280 
0.9393774 
0.9368470 
0.8975283 
0.8781117 
0.8767451 
0.8809948 
0.8809696 
0.8760632 
0.8718978 
0.8832201 
0.8893425 
0.8888911 
0.9013500 
0.8954869 
0.9053168 
0.9071163 
0.9168311 
0.9050925 
0.9081340 
0.9062569 
0.9052633 
0.9112235 
0.8995086 
0.9056455 
0.9179379 
0.9226232 
0.9282756 
0.9392375 
0.9483462 
0.9527400 
0.9488575 
0.9510009 
0.9513121 
0.9400780 
0.9321919 
0.9540183 
0.9382926 
0.9411594 
0.9389055 
0.9348753 
0.9303074 
0.9378680 
0.9418681 
0.9408424 
0.9374180 
0.9312424 
0.9201184 
0.9265101 
0.9277613 
0.9083789 
0.9248797 
0.9302030 
0.9268692 
0.9292088 
0.9224200 
0.9314815 
0.9232016 
0.9228575 
0.9302671 
0.9530009 
0.9463578 
0.9447567 
0.9314727 
0.9242826 
0.9266585 
0.9357648 
0.9387768 
0.9292814 
0.9279330 
0.9372939 
0.9246330 
0.9410524 
0.9341356 
0.9374112 
0.9254305 
0.9094454 
0.9076293 
0.9012019 
0.9036919 
0.9048341 
0.9061314 
0.9127092 
0.9029128 
0.9035868 
0.9057325 
0.9131466 
0.9143679 
0.9180633 
0.9191193 
0.9259123 
0.9253424 
0.9312832 
0.9355416 
0.9320085 
0.9299963 
0.9386715 
0.9260166 
0.9279175 
0.9186712 
0.9128989 
0.9230816 
0.9207962 
0.9168114 
0.9241528 
0.9325196 
0.9300316 
0.9311428 
0.9240289 
0.9248710 
0.9204750 
0.9205168 
0.9204681 
0.9201664 
0.9274561 
0.9334291 
0.9342078 
0.9406356 
0.9387148 
0.9493594 
0.9591919 
0.9582701 
0.9626103 
0.9735253 
0.9730170 
0.9811932 
0.9746162 
0.9860602 
0.9631659 
0.9753496 
0.9842009 
0.9965407 
1.0000000 
0.9903911 
0.9858477 
0.9786371 
0.9831076 
0.9861693 
0.9688113 
0.9626174 
0.9471903 
0.9457360 
0.9579757 
0.9498926 
0.9379513 
0.9526365 
0.9576056 
0.9509395 
0.9489260 
0.9357343 
0.9348666 
0.9406608 
0.9381759 
0.9366880 
0.9312031 
0.9401963 
0.9572870 
0.9656138 
0.9540518 
0.9497540 
0.9489106 
0.9496394 
0.9551820 
0.9613952 
0.9577230 
0.9609322 
0.9559050 
0.9671534 
0.9656439 
0.9690068 
0.9716786 
0.9718389 
0.9725328 
0.9658634 
0.9828555 
0.9738924 
0.9708580 
0.9738958 
0.9731685 
0.9792307 
0.9653062 
0.9704193 
0.9685962 
0.9603958 
0.9691809 
0.9650368 
0.9678543 
0.9672314 
0.9738372 
0.9743355 
0.9780007 
0.9771703 
0.9737539 
0.9788448 
0.9642734 
0.9567501 
0.9565612 
0.9686090 
0.9704139 
0.9724586 
0.9574367 
0.9484861 
0.9435548 
0.9524071 
0.9530776 
0.9496039 
0.9430734 
0.9444562 
0.9499160 
0.9545727 
0.9540630 
0.9460609 
0.9533605 
0.9604678 
0.9697415 
0.9776576 
0.9763911 
0.9739207 
0.9800424 
0.9847026 
0.9823944 
0.9751494 
0.9720145 
0.9765934 
0.9724498 
0.9797129 
0.9729300 
0.9698812 
0.9719988 
0.9649551 
0.9481818 
0.9396885 
0.9312747 
0.9397782 
0.9377414 
0.9262717 
0.9263258 
0.9293950 
0.9272084 
0.9354132 
0.9379661 
0.9412096 
0.9397991 
0.9491915 
0.9549666 
0.9553527 
0.9502338 
0.9572384 
0.9525386 
0.9437762 
0.9438933 
0.9397586 
0.9462528 
0.9361305 
0.9417708 
0.9447407 
0.9500631 
0.9447008 
0.9389151 
0.9361961 
0.9420467 
0.9518611 
0.9496636 
0.9636086 
0.9616320 
0.9609493 
0.9334879 
0.9390576 
0.9371465 
0.9461453 
0.9331368 
0.9430373 
0.9431434 
0.9425754 
0.9207111 
0.9146532 
0.9155754 
0.9108473 
0.9089354 
0.8907710 
0.9125833 
0.9124187 
0.9078774 
0.9139052 
0.9157244 
0.9665435 
0.9664976 
0.9734003 
0.9651618 
0.9630720 
0.9595848 
0.9679782 
0.9580119 
0.9471570 
0.9356097 
0.9305789 
0.9152091 
0.9144781 
0.9094618 
0.8820084 
0.8611473 
0.8676376 
0.8569909 
0.8583331 
0.8508685 
0.8514941 
0.8519551 
0.8558219 
0.8495592 
0.8541136 
0.8739574 
0.8873803 
0.8958822 
0.8924865 
0.8953501 
0.8978810 
0.8984931 
0.8809669 
0.8793241 
0.8892372 
0.8932784 
0.8975299 
0.8989496 
0.8918879 
0.8766689 
0.8644605 
0.8667716 
0.8661215 
0.8601541 
0.8665782 
0.8596776 
0.8558770 
0.8759400 
0.8778337 
0.8792815 
0.8644451 
0.8691166 
0.8731083 
0.8685027 
0.8687326 
0.8726528 
0.8750503 
0.8756371 
0.8591971 
0.8595840 
0.8600684 
0.8754278 
0.8848858 
0.8853424 
0.9018050 
0.8982112 
0.8992546 
0.8884262 
0.8924385 
0.8739204 
0.8921261 
0.8768465 
0.8818599 
0.8787763 
0.8844045 
0.8835502 
0.9133518 
0.9196351 
0.8973672 
0.8819758 
0.8938874 
0.9064563 
0.9014214 
0.8900575 
0.8826528 
0.8755252 
0.8662925 
0.8619441 
0.8671233 
0.8652021 
0.8661615 
0.8653168 
0.8633760 
0.8434729 
0.8487924 
0.8616339 
0.8699492 
0.8981677 
0.9262159 
0.9536255 
0.9720672 
0.9734448 
0.9592013 
0.9493089 
0.9553485 
0.9567664 
0.9518864 
0.9644045 
0.9692098 
0.9754794 
0.9756916 
0.9753038 
0.9601214 
0.9525249 
0.9598929 
0.9513000 
0.9549400 
0.9682490 
0.9650696 
0.9643890 
0.9605680 
0.9522247 
0.9506402 
0.9567847 
0.9609813 
0.9594991 
0.9455009 
0.9376177 
0.9132411 
0.9077812 
0.8948201 
0.8976653 
0.8856721 
0.8848810 
0.8819761 
0.8926799 
0.9040868 
0.8826651 
0.8887174 
0.8822691 
0.8871586 
0.8867204 
0.8907177 
0.8871333 
0.8854187 
0.8769038 
0.8905245 
0.8865228 
0.8971844 
0.8931364 
0.8912343 
0.8933047 
0.8987786 
0.9225600 
0.9107010 
0.9074518 
0.9049296 
0.9013057 
0.9002685 
0.9009467 
0.8956820 
0.8952158 
0.8970387 
0.8904481 
0.8903181 
0.8732104 
0.8698026 
0.8779690 
0.8742632 
0.8656402 
0.8582098 
0.8628882 
0.8705175 
0.8661393 
0.8683853 
0.8641474 
0.8854779 
0.8884018 
0.8960016 
0.8955659 
0.8873996 
0.8967140 
0.8983109 
0.9050475 
0.8956879 
0.8883340 
0.9000597 
0.9026541 
0.8948173 
0.8827718 
0.8794082 
0.8732371 
0.8630171 
0.8528455 
0.8498299 
0.8403114 
0.8423313 
0.8373880 
0.8470799 
0.8477627 
0.8457380 
0.8571603 
0.8621091 
0.8506795 
0.8654613 
0.8637429 
0.8581237 
0.8600298 
0.8599448 
0.8592658 
0.8635171 
0.8594179 
0.8642136 
0.8757613 
0.8686916 
0.8756540 
0.8833383 
0.8777590 
0.8676291 
0.8334519 
0.8395460 
0.8592569 
0.8644430 
0.8642473 
0.8518514 
0.8451829 
0.8455797 
0.8423346 
0.8430967 
0.8385397 
0.8270251 
0.8311202 
0.8314912 
0.8316348 
0.8356417 
0.8394653 
0.8333629 
0.8257173 
0.8291622 
0.8273928 
0.8204290 
0.8206189 
0.8085828 
0.8111976 
0.8143233 
0.8138348 
0.8244290 
0.8288202 
0.8321521 
0.8287072 
0.8343004 
0.8206396 
0.8277815 
0.8318911 
0.8280430 
0.8226176 
0.8257540 
0.8207260 
0.8246856 
0.8283845 
0.8224798 
0.8293175 
0.8251090 
0.8147254 
0.8093325 
0.8300446 
0.8271727 
0.8412057 
0.8368789 
0.8487762 
0.8468465 
0.8532890 
0.8500922 
0.8406911 
0.8425057 
0.8604092 
0.8522692 
0.8493086 
0.8447521 
0.8432989 
0.8450383 
0.8153775 
0.8130550 
0.8162963 
0.8249117 
0.8233741 
0.8288894 
0.8161192 
0.8250398 
0.8201701 
0.8198194 
0.8320876 
0.8409074 
0.8385947 
0.8405236 
0.8517854 
0.8649841 
0.8523132 
0.8546446 
0.8552402 
0.8562718 
0.8521355 
0.8560097 
0.8619149 
0.8533820 
0.8486141 
0.8396652 
0.8450342 
0.8536825 
0.8433839 
0.8504025 
0.8462571 
0.8494688 
0.8461327 
0.8627924 
0.8716802 
0.8770095 
0.8781883 
0.8859126 
0.8900692 
0.8854968 
0.8800182 
0.8757014 
0.8669739 
0.8751962 
0.8638018 
0.8618963 
0.8520051 
0.8507628 
0.8446110 
0.8341458 
0.8333409 
0.8424000 
0.8285189 
0.8332715 
0.8380252 
0.8477397 
0.8496200 
0.8379494 
0.8370233 
0.8320723 
0.8314470 
0.8371639 
0.8466798 
0.8513075 
0.8576202 
0.8600636 
0.8596047 
0.8543539 
0.8446305 
0.8210833 
0.8338639 
0.8303534 
0.8209220 
0.8225338 
0.8264603 
0.8178916 
0.8128371 
0.8285594 
0.8483583 
0.8235954 
0.8331078 
0.8229126 
0.8310857 
0.8240102 
0.8261800 
0.8263356 
0.8257153 
0.8380732 
0.8367158 
0.8478954 
0.8431574 
0.8420586 
0.8499331 
0.8469238 
0.8544818 
0.8523914 
0.8491283 
0.8539154 
0.8537551 
0.8554948 
0.8666708 
0.8773445 
0.8723415 
0.8746307 
0.8660646 
0.8639905 
0.8505122 
0.8579737 
0.8561790 
0.8564724 
0.8502472 
0.8407311 
0.8477614 
0.8584043 
0.8482540 
0.8580966 
0.8382954 
0.8539631 
0.8478615 
0.8346529 
0.8304339 
0.8287355 
0.8359134 
0.8400432 
0.8373454 
0.8349640 
0.8379124 
0.8407904 
0.8505801 
0.8612365 
0.8497416 
0.8638311 
0.8616509 
0.8570015 
0.8477954 
0.8393333 
0.8485616 
0.8365630 
0.8247467 
0.8210311 
0.8205386 
0.8143820 
0.8240849 
0.8146049 
0.8159361 
0.8169216 
0.8234686 
0.8089866 
0.8177106 
0.8173493 
0.8128074 
0.8039059 
0.8036196 
0.8087071 
0.8217614 
0.8231337 
0.8270340 
0.8206817 
0.8132648 
0.8155315 
0.8136725 
0.7895055 
0.7877572 
0.7890950 
0.7904547 
0.7829434 
0.7818811 
0.7826594 
0.7837682 
0.7873508 
0.7965504 
0.7989706 
0.7931343 
0.7972864 
0.7938229 
0.8018436 
0.8107179 
0.8196875 
0.8098704 
0.8187358 
0.8166322 
0.8131615 
0.8064049 
0.8041984 
0.7961706 
0.8081994 
0.8018985 
0.8029345 
0.8007804 
0.7971669 
0.7849577 
0.7909527 
0.7816855 
0.7748455 
0.7797022 
0.7816815 
0.7757311 
0.7905150 
0.7865007 
0.7835349 
0.7799205 
0.7754546 
0.7760897 
0.7760170 
0.7796020 
0.8142117 
0.8267429 
0.8309042 
0.8393576 
0.8350389 
0.8330344 
0.8230483 
0.8133930 
0.8108533 
0.8138589 
0.8069484 
0.8059038 
0.8040716 
0.8044349 
0.8012629 
0.8032062 
0.8028132 
0.7899634 
0.7853580 
0.7838099 
0.7879440 
0.7918603 
0.7885132 
0.7819798 
0.7748686 
0.7727589 
0.7670980 
0.7667563 
0.7511646 
0.7644102 
0.7700270 
0.7643161 
0.7761187 
0.7842338 
0.7784800 
0.7754567 
0.7942838 
0.7767735 
0.7714701 
0.7669283 
0.7742440 
0.7693253 
0.7775824 
0.7803459 
0.7796909 
0.7856514 
0.7810922 
0.7477955 
0.7511512 
0.7460271 
0.7496578 
0.7476983 
0.7530103 
0.7581066 
0.7747000 
0.7701861 
0.7766625 
0.7717432 
0.7700964 
0.7751830 
0.7715080 
0.7751705 
0.7700764 
0.7732281 
0.7680673 
0.7640775 
0.7538425 
0.7448248 
0.7286310 
0.7353784 
0.7381953 
0.7460754 
0.7478587 
0.7536599 
0.7579082 
0.7568907 
0.7517609 
0.7607040 
0.7659367 
0.7687726 
0.7697417 
0.7676324 
0.7708229 
0.7653315 
0.7617016 
0.7559036 
0.7538597 
0.7423649 
0.7362556 
0.7337544 
0.7327284 
0.7419593 
0.7470102 
0.7613268 
0.7576207 
0.7605861 
0.7586567 
0.7558089 
0.7471217 
0.7488814 
0.7407080 
0.7585065 
0.7599902 
0.7459099 
0.7487662 
0.7437109 
0.7478224 
0.7466199 
0.7423523 
0.7362121 
0.7327860 
0.7310294 
0.7356111 
0.7353444 
0.7288454 
0.7249373 
0.7305388 
0.7168503 
0.7025650 
0.6951531 
0.7083092 
0.7107818 
0.7146314 
0.7078275 
0.7019032 
0.6981879 
0.6874491 
0.6789228 
0.6823861 
0.6803450 
0.6876400 
0.6836973 
0.6890920 
0.6955802 
0.6923440 
0.6895756 
0.7016948 
0.7066444 
0.7055364 
0.6907762 
0.6871666 
0.6969493 
0.7005815 
0.7103633 
0.7093110 
0.7108550 
0.7068581 
0.7127400 
0.7162390 
0.7210695 
0.7144040 
0.7239145 
0.7090223 
0.7132633 
0.7166285 
0.7164838 
0.7207450 
0.7104321 
0.6943192 
0.7021355 
0.7043780 
0.6988160 
0.7013871 
0.6987134 
0.7239150 
0.7289126 
0.7353504 
0.7322031 
0.7263483 
0.7167301 
0.7057536 
0.6972178 
0.6930476 
0.7027039 
0.7013743 
0.7067482 
0.7103793 
0.7033262 
0.7029252 
0.7024355 
0.7124720 
0.6996528 
0.7071211 
0.7049004 
0.7057082 
0.7122566 
0.7087685 
0.7081435 
0.7112446 
0.7210037 
0.7187705 
0.7172081 
0.7166306 
0.7163584 
0.7211819 
0.7320998 
0.7347328 
0.7217296 
0.7242038 
0.7255510 
0.7221151 
0.7154240 
0.7193285 
0.7227007 
0.7283089 
0.7401859 
0.7520090 
0.7579962 
0.7580191 
0.7598630 
0.7541440 
0.7301548 
0.7121690 
0.7119802 
0.7257816 
0.7253711 
0.7152629 
0.7130214 
0.7257585 
0.7229122 
0.7190279 
0.7242158 
0.7220037 
0.7205898 
0.7109827 
0.7125393 
0.7092768 
0.7161147 
0.7110896 
0.7111454 
0.7122890 
0.7124797 
0.7102577 
0.7209294 
0.7269766 
0.7339620 
0.7327105 
0.7041970 
0.7028268 
0.7151631 
0.7105677 
0.7131566 
0.7145115 
0.7148694 
0.7002673 
0.7023779 
0.7033267 
0.6949763 
0.7009533 
0.7075924 
0.7066846 
0.6974207 
0.6941384 
0.7006727 
0.7014036 
0.6981543 
0.7103866 
0.7160746 
0.7109389 
0.7128456 
0.7203480 
0.7086312 
0.6965715 
0.6963917 
0.6981979 
0.7126106 
0.7143456 
0.7113801 
0.7163368 
0.7261851 
0.7262164 
0.7199106 
0.7262184 
0.7311589 
0.7374174 
0.7394964 
0.7365532 
0.7234530 
0.7178551 
0.7225763 
0.7214530 
0.7173367 
0.7266943 
0.7241618 
0.7362104 
0.7275870 
0.7225301 
0.7247425 
0.7098814 
0.7032061 
0.7084248 
0.7044256 
0.7042397 
0.6986120 
0.7102433 
0.6972446 
0.6968675 
0.7075934 
0.7009403 
0.6929336 
0.7081081 
0.7108289 
0.6903074 
0.6741712 
0.6665467 
0.6859655 
0.6965724 
0.6824358 
0.6866026 
0.6861060 
0.6794747 
0.6843588 
0.6913944 
0.6965046 
0.6925031 
0.6952125 
0.6927193 
0.6979315 
0.6895920 
0.6886398 
0.6894608 
0.6896633 
0.6888283 
0.6923195 
0.6986045 
0.6957996 
0.6969432 
0.6985687 
0.6906055 
0.6930282 
0.6928027 
0.6885757 
0.6861218 
0.6881279 
0.6873317 
0.6851891 
0.6935783 
0.6823263 
0.6924518 
0.6961091 
0.6931045 
0.6822711 
0.6735074 
0.6855028 
0.6868893 
0.6915309 
0.6958614 
0.7070135 
0.7083867 
0.7116893 
0.7095169 
0.7124708 
0.7201806 
0.6762424 
0.6755906 
0.6736445 
0.6750524 
0.6539321 
0.6559218 
0.6612711 
0.6756313 
0.6842179 
0.6850057 
0.6874082 
0.6825196 
0.6795804 
0.6913945 
0.6887437 
0.6955085 
0.7039279 
0.6900371 
0.6846765 
0.6817438 
0.6839769 
0.6802089 
0.6844503 
0.6827543 
0.6856045 
0.6837186 
0.6653419 
0.6501874 
0.6723586 
0.6833896 
0.6819401 
0.6722025 
0.6711759 
0.6702406 
0.6724500 
0.6844710 
0.6864021 
0.6878278 
0.6792875 
0.6860109 
0.6938503 
0.6826410 
0.6774304 
0.6841164 
0.6913912 
0.6720088 
0.6586080 
0.6636202 
0.6613301 
0.6735443 
0.6662990 
0.6722053 
0.6809838 
0.6811551 
0.6663008 
0.6637238 
0.6635861 
0.6658763 
0.6624401 
0.6694892 
0.6750063 
0.6720051 
0.6717553 
0.6794158 
0.6791009 
0.6962992 
0.6699242 
0.6673853 
0.6626391 
0.6699638 
0.6648448 
0.6614872 
0.6755393 
0.6838033 
0.6807362 
0.6649477 
0.6657787 
0.6564494 
0.6625959 
0.6694918 
0.6701932 
0.6734812 
0.6700203 
0.6721464 
0.6546150 
0.6474549 
0.6575563 
0.6519464 
0.6581471 
0.6590848 
0.6540449 
0.6635287 
0.6689020 
0.6678588 
0.6678083 
0.6638615 
0.6729788 
0.6656451 
0.6660500 
0.6776092 
0.6824585 
0.6752553 
0.6740054 
0.6673308 
0.6668358 
0.6618730 
0.6636740 
0.6700131 
0.6717627 
0.6639749 
0.6677004 
0.6706893 
0.6687219 
0.6686032 
0.6612345 
0.6710435 
0.6541474 
0.6529261 
0.6703678 
0.6675672 
0.6735567 
0.6618942 
0.6637598 
0.6609000 
0.6621711 
0.6539930 
0.6574929 
0.6555848 
0.6401741 
0.6441779 
0.6482463 
0.6670127 
0.6852142 
0.6873333 
0.6792673 
0.6697394 
0.6690873 
0.6647157 
0.6676846 
0.6677211 
0.6528142 
0.6668190 
0.6682230 
0.6705182 
0.6712017 
0.6627159 
0.6510226 
0.6519411 
0.6521145 
0.6473672 
0.6537467 
0.6569462 
0.6629007 
0.6710174 
0.6674754 
0.6705824 
0.6763418 
0.6857004 
0.6802094 
0.6638687 
0.6534701 
0.6519953 
0.6646949 
0.6782529 
0.6658387 
0.6702079 
0.6723185 
0.6854648 
0.6862106 
0.6837248 
0.6961567 
0.6915100 
0.6940861 
0.7065754 
0.6996434 
0.7034596 
0.7078687 
0.7173815 
0.7271224 
0.7282623 
0.7425858 
0.7417646 
0.7414335 
0.7333415 
0.7041359 
0.6548176 
0.6347505 
0.6392589 
0.6536650 
0.6434252 
0.6431142 
0.6552028 
0.6589850 
0.6509741 
0.6531269 
0.6578694 
0.6696480 
0.6621890 
0.6517386 
0.6508058 
0.6602034 
0.6610926 
0.6508295 
0.6562075 
0.6602021 
0.6535157 
0.6657709 
0.6770830 
0.6736992 
0.6835061 
0.6629337 
0.6758412 
0.6929490 
0.6870018 
0.6701283 
0.6680389 
0.6621291 
0.6642814 
0.6638573 
0.6757640 
0.6712039 
0.6612519 
0.6675218 
0.6684266 
0.6617138 
0.6662519 
0.6529764 
0.6442265 
0.6492815 
0.6596883 
0.6548399 
0.6411222 
0.6376358 
0.6384582 
0.6422414 
0.6368092 
0.6503878 
0.6544010 
0.6362174 
0.6245720 
0.6277575 
0.6156976 
0.6243780 
0.6294897 
0.6468270 
0.6266163 
0.6312086 
0.6389629 
0.6367414 
0.6203297 
0.6198162 
0.6185288 
0.6256074 
0.6263336 
0.6244939 
0.6375306 
0.6163596 
0.6036692 
0.6128748 
0.6134466 
0.6084127 
0.6184660 
0.6216404 
0.6151863 
0.6142709 
0.6119413 
0.6171604 
0.6091159 
0.6134785 
0.6115120 
0.5942985 
0.6013412 
0.5945459 
0.5910510 
0.6037772 
0.6014021 
0.5987732 
0.6063068 
0.6164311 
0.6176594 
0.6351043 
0.6228212 
0.6086955 
0.6057316 
0.5985587 
0.6121313 
0.6171388 
0.6001921 
0.6059235 
0.6100894 
0.6101917 
0.6047147 
0.5956232 
0.6043602 
0.6125374 
0.5982430 
0.5983568 
0.6096593 
0.6097805 
0.6060868 
0.6104240 
0.6105005 
0.6037908 
0.5963184 
0.6248311 
0.6325281 
0.6372092 
0.6335398 
0.6223221 
0.6280202 
0.6302379 
0.6407786 
0.6269391 
0.6186393 
0.6253736 
0.6387586 
0.6383037 
0.6282484 
0.6275119 
0.6175309 
0.6155773 
0.6090011 
0.6286224 
0.6298041 
0.6300119 
0.6182772 
0.6167310 
0.6161866 
0.6300461 
0.6202595 
0.6069678 
0.6093345 
0.6035228 
0.5885781 
0.5874716 
0.5947921 
0.6009432 
0.6012192 
0.6078657 
0.5880432 
0.6075740 
0.6096248 
0.6032121 
0.5757229 
0.5881790 
0.5906994 
0.5798673 
0.5727438 
0.5680100 
0.5672519 
0.5848048 
0.5713964 
0.5908538 
0.5963927 
0.5999270 
0.5925410 
0.5977366 
0.5949796 
0.5975072 
0.5895587 
0.6145776 
0.6114153 
0.5981354 
0.6071672 
0.5864362 
0.6103266 
0.6145157 
0.6115846 
0.6119120 
0.6233088 
0.6262152 
0.6343275 
0.6282955 
0.6160588 
0.6338881 
0.6176600 
0.6065238 
0.6050280 
0.6082339 
0.6184334 
0.6390739 
0.6251072 
0.6298095 
0.6387353 
0.6436770 
0.6436073 
0.6530891 
0.6540226 
0.6396614 
0.6382226 
0.6477492 
0.6661418 
0.6581986 
0.6511644 
0.6554511 
0.6575810 
0.6667833 
0.6617185 
0.6393625 
0.6369828 
0.6457010 
0.6474575 
0.6637018 
0.6620684 
0.6586523 
0.6568814 
0.6869125 
0.6625048 
0.6810141 
0.6693562 
0.6616394 
0.6642622 
0.6595604 
0.6581959 
0.6550038 
0.6574833 
0.6554868 
0.6685616 
0.6762994 
0.6665047 
0.6667927 
0.6827675 
0.6650178 
0.6718999 
0.6692931 
0.6848336 
0.6875050 
0.6692350 
0.6731946 
0.6614296 
0.6577362 
0.6686184 
0.6788841 
0.6920078 
0.7059206 
0.7088080 
0.6953782 
0.6975117 
0.7119756 
0.6880166 
0.6794947 
0.6831784 
0.6783637 
0.6857292 
0.6962523 
0.6793585 
0.6852147 
0.6808200 
0.6672093 
0.6819291 
0.6921019 
0.7119959 
0.7053846 
0.6884264 
0.6931848 
0.6950658 
0.6796795 
0.6790954 
0.6819082 
0.6662346 
0.6713051 
0.6764885 
0.6809934 
0.6784897 
0.6733992 
0.6903394 
0.6859912 
0.6827862 
0.6864337 
0.6885629 
0.6780834 
0.6928489 
0.6702635 
0.6752438 
0.6598172 
0.6680398 
0.6704834 
0.6945152 
0.6795736 
0.7007919 
0.6668887 
0.6773099 
0.6891899 
0.6778482 
0.6657351 
0.6784103 
0.6830273 
0.6849584 
0.6735419 
0.6598265 
0.6769755 
0.6726241 
0.6682607 
0.6815194 
0.6792376 
0.6876029 
0.6678541 
0.6711044 
0.6702599 
0.6776244 
0.6931037 
0.6731425 
0.6674372 
0.6593337 
0.6524355 
0.6602543 
0.6780954 
0.6687601 
0.6771790 
0.6568171 
0.6545395 
0.6441577 
0.6569917 
0.6577167 
0.6678062 
0.6480926 
0.6501380 
0.6619729 
0.6563677 
0.6460668 
0.6318563 
0.6488583 
0.6463187 
0.6548316 
0.6451955 
0.6429133 
0.6626358 
0.6479114 
0.6419561 
0.6426034 
0.6301178 
0.6481237 
0.6310269 
0.6685845 
0.6281172 
0.6407545 
0.6337977 
0.6102850 
0.6135130 
0.6203217 
0.6113476 
0.6031088 
0.5929601 
0.6082504 
0.6122698 
0.6003377 
0.6021818 
0.6187013 
0.6213698 
0.6196188 
0.5857680 
0.5908324 
0.5955193 
0.6030917 
0.6115123 
0.6142450 
0.6084661 
0.6046288 
0.6302411 
0.6223932 
0.6596356 
0.6434149 
0.6213455 
0.6124572 
0.6270468 
0.6087184 
0.6097537 
0.6260057 
0.5973670 
0.6080448 
0.6149009 
0.6136616 
0.5853628 
0.5913815 
0.5988077 
0.5885489 
0.5718694 
0.5726091 
0.5722863 
0.6041992 
0.5944569 
0.5857168 
0.5587177 
0.5710831 
0.5870721 
0.5726422 
0.5584404 
0.5818813 
0.5789035 
0.5841777 
0.5784189 
0.5925568 
0.5759768 
0.5759002 
0.5826136 
0.5573141 
0.5918306 
0.5746158 
0.5768967 
0.5789038 
0.5820422 
0.5889148 
0.5940281 
0.5975942 
0.5879549 
0.5600990 
0.5809505 
0.5844576 
0.5938501 
0.5986484 
0.5921363 
0.6157280 
0.6091514 
0.5906818 
0.5898677 
0.5859992 
0.5895627 
0.5856955 
0.5869570 
0.5957426 
0.5854305 
0.5514893 
0.5467692 
0.5404052 
0.5658820 
0.5673737 
0.5714534 
0.5777830 
0.5642106 
0.5493840 
0.5510730 
0.5514823 
0.5505708 
0.5527636 
0.5459367 
0.5410673 
0.5342876 
0.5519916 
0.5527415 
0.5584506 
0.5396385 
0.5548151 
0.5711102 
0.5586939 
0.5755478 
0.5604063 
0.5648367 
0.5669542 
0.5540824 
0.5390392 
0.5711854 
0.5792375 
0.5572617 
0.5981920 
0.5896296 
0.5735581 
0.5642234 
0.5656752 
0.5445714 
0.5263948 
0.5336970 
0.5164180 
0.5363822 
0.5123567 
0.5264059 
0.5401778 
0.5147322 
0.5084386 
0.5156828 
0.5298701 
0.5345553 
0.5363463 
0.5212104 
0.5337366 
0.5203826 
0.5204254 
0.5226863 
0.5429281 
0.5420445 
0.5617795 
0.5793956 
0.5881576 
0.5321554 
0.5143223 
0.4930100 
0.4968247 
0.4768156 
0.4947396 
0.5234227 
0.5342281 
0.5554922 
0.5373840 
0.5546493 
0.5288284 
0.5058338 
0.5243339 
0.5276361 
0.5421592 
0.5261746 
0.4890830 
0.5029250 
0.5083567 
0.5276332 
0.5017341 
0.5167118 
0.5524262 
0.5460125 
0.5315360 
0.5234764 
0.5009489 
0.4987248 
0.5302959 
0.5374341 
0.5397754 
0.4949001 
0.5122419 
0.5001899 
0.4819216 
0.4890679 
0.4770855 
0.4736663 
0.4666179 
0.4697913 
0.4943751 
0.4966289 
0.4768355 
0.4969635 
0.4707777 
0.4739477 
0.4800881 
0.4795796 
0.4792756 
0.4825430 
0.4927771 
0.5046120 
0.4583700 
0.4765442 
0.4891542 
0.4633300 
0.4873673 
0.4718078 
0.4843840 
0.5075338 
0.4876786 
0.4886310 
0.4964042 
0.4840592 
0.5079971 
0.4878933 
0.4658988 
0.4931082 
0.4864928 
0.4805216 
0.4952242 
0.4975416 
0.4994544 
0.4808170 
0.4745683 
0.4798211 
0.4994103 
0.4908214 
0.4652878 
0.4811066 
0.4897882 
0.5005934 
0.4760057 
0.4827550 
0.4794130 
0.4581598 
0.4829644 
0.4614199 
0.4662662 
0.4624341 
0.4680720 
0.4510678 
0.4811139 
0.4684847 
0.4720848 
0.4706718 
0.4758968 
0.4733668 
0.4748463 
0.4889881 
0.4780506 
0.4854959 
0.5064577 
0.4770381 
0.4893367 
0.4781798 
0.4848420 
0.4737045 
0.4680059 
0.4693912 
0.4985438 
0.4667300 
0.4815906 
0.4936286 
0.4894038 
0.4527243 
0.4759031 
0.4766202 
0.4888038 
0.4718809 
0.4666218 
0.4705578 
0.4658063 
0.4671373 
0.4597264 
0.4813506 
0.4317669 
0.4668313 
0.4638059 
0.4586392 
0.4534754 
0.4585818 
0.4692406 
0.4472416 
0.4640302 
0.4678391 
0.4511519 
0.4553384 
0.4689604 
0.4570436 
0.4602602 
0.4554506 
0.4721293 
0.4494036 
0.4654704 
0.4594513 
0.4425969 
0.4113740 
0.3953786 
0.4118827 
0.4125753 
0.3990063 
0.4052302 
0.4137547 
0.4155091 
0.4192374 
0.3996006 
0.4164766 
0.3999163 
0.4182498 
0.4267648 
0.4295180 
0.4120465 
0.4399126 
0.4023392 
0.4469860 
0.4287510 
0.4384762 
0.4172243 
0.4130535 
0.4292546 
0.3999310 
0.4295566 
0.4291463 
0.3916821 
0.4352931 
0.4499185 
0.4293276 
0.4266697 
0.4287578 
0.4389224 
0.4279580 
0.4362040 
0.4255326 
0.4464593 
0.4333052 
0.3967950 
0.4039191 
0.3882195 
0.3975202 
0.3828879 
0.3964093 
0.4007060 
0.3955540 
0.3970022 
0.3977759 
0.3905445 
0.4203209 
0.4299355 
0.3946822 
0.4513473 
0.4331748 
0.4114156 
0.4210643 
0.3929902 
0.4458527 
0.4182036 
0.4115357 
0.4119284 
0.4467437 
0.3969539 
0.3987208 
0.4269924 
0.4276598 
0.3889406 
0.3857199 
0.4030029 
0.4037548 
0.3954783 
0.4035663 
0.4358218 
0.3921434 
0.3905839 
0.4164064 
0.4017879 
0.4112961 
0.4183618 
0.4604472 
0.4121172 
0.4387572 
0.4166834 
0.3947947 
0.3885581 
0.3897575 
0.3737968 
0.3896147 
0.3546231 
0.3760362 
0.3781864 
0.3746609 
0.3606401 
0.3869200 
0.3844601 
0.3626741 
0.3751288 
0.3811491 
0.3968623 
0.3675010 
0.4060300 
0.3724247 
0.3338611 
0.3515149 
0.3694077 
0.3763914 
0.3806450 
0.3736875 
0.3644824 
0.3796243 
0.3725530 
0.3485887 
0.3874590 
0.4006210 
0.3725926 
0.3523117 
0.3737058 
0.3734827 
0.3762859 
0.3847123 
0.3764960 
0.3697420 
0.3831808 
0.3466057 
0.3645583 
0.3621604 
0.3843894 
0.3693709 
0.3612188 
0.3571026 
0.4041405 
0.4014474 
0.3834840 
0.3951234 
0.3822397 
0.3631221 
0.3804305 
0.4047238 
0.3962155 
0.4020055 
0.3944651 
0.3889667 
0.3881516 
0.3689747 
0.3793944 
0.3603894 
0.3883962 
0.3741577 
0.3485561 
0.3372064 
0.3405662 
0.3598044 
0.3640589 
0.3562581 
0.3508668 
0.3463659 
0.3542505 
0.3654325 
0.3606017 
0.3370357 
0.3808121 
0.3924766 
0.3791310 
0.3798033 
0.3664441 
0.3643666 
0.3869250 
0.3663059 
0.3934110 
0.3858785 
0.3940970 
0.3811336 
0.3891106 
0.4163164 
0.3569355 
0.3684730 
0.3663704 
0.3378452 
0.3403480 
0.3418470 
0.3444985 
0.3438237 
0.3232463 
0.3286336 
0.3237327 
0.3073794 
0.3262460 
0.3058408 
0.2750716 
0.2655130 
0.2578854 
0.2725544 
0.2662697 
0.2772281 
0.2710503 
0.2665684 
0.2479747 
0.2624395 
0.2119865 
0.2415330 
0.2554507 
0.2363017 
0.2466824 
0.2244154 
0.2472750 
0.2292917 
0.2346311 
0.2168689 
0.2417167 
0.2383873 
0.2355427 
0.2449038 
0.2213788 
0.2101497 
0.2052995 
0.2232598 
0.2072971 
0.2286616 
0.2355179 
0.1817634 
0.1849274 
0.1756791 
0.1566320 
0.1807073 
0.1999750 
0.1891085 
0.1666786 
0.1967022 
0.1812121 
0.1743036 
0.1809663 
0.2068866 
0.1684006 
0.1346132 
0.1453519 
0.2064238 
0.1585594 
0.1672869 
0.1736177 
0.1975098 
0.1710524 
0.1671333 
0.1823187 
0.1921543 
0.2163558 
0.2207828 
0.2064399 
0.1880446 
0.1761011 
0.1916096 
0.2064430 
0.2191466 
0.1859738 
0.1883961 
0.1985685 
0.1874717 
0.1926510 
0.1884213 
0.1846854 
0.1994944 
0.1614282 
0.1658977 
0.1776903 
0.1737586 
0.2028063 
0.1971276 
0.1716191 
0.1590610 
0.1401353 
0.1537810 
0.1418179 
0.1518464 
0.1573633 
0.1656641 
0.1535999 
0.1909623 
0.2122946 
0.2199067 
0.2238079 
0.2299905 
0.2479618 
0.2464279 
0.2603997 
0.2440241 
0.2453139 
0.2935401 
0.3022065 
0.3328494 
0.3022521 
0.2938803 
0.3104401 
0.3507448 
0.3671084 
0.3660009 
0.3336441 
0.3696634 
0.3661390 
0.3818365 
0.3394867 
0.3254249 
0.3367000 
0.3213507 
0.3154486 
0.3431207 
0.3065572 
0.2807152 
0.3313937 
0.3076940 
0.3066259 
0.2930332 
0.3012812 
0.3263556 
0.2873180 
0.3098020 
0.3238545 
0.2754035 
0.3493931 
0.2764523 
0.2651798 
0.2680809 
0.2679792 
0.2861135 
0.2956809 
0.2617832 
0.2862353 
0.2827807 
0.2823139 
0.2953907 
0.3213585 
0.2915226 
0.2803684 
0.2775151 
0.2756050 
0.2696690 
0.2574781 
0.2778263 
0.2565355 
0.2521854 
0.2418567 
0.2395520 
0.2321770 
0.2466914 
0.2778952 
0.2852816 
0.2721287 
0.2580594 
0.2323798 
0.2362765 
0.2709326 
0.2511490 
0.2356771 
0.2354668 
0.2432939 
0.2370421 
0.2685967 
0.2275563 
0.2603144 
0.2433903 
0.2592790 
0.2282353 
0.2269292 
0.2422995 
0.2354955 
0.2387643 
0.2434695 
0.2412487 
0.2352736 
0.1997031 
0.2356541 
0.2081271 
0.2296459 
0.2014546 
0.2142679 
0.1983515 
0.1939739 
0.2266077 
0.2235779 
0.2165783 
0.2199801 
0.2254601 
0.2242033 
0.2494014 
0.2498923 
0.2233554 
0.2292247 
0.2674242 
0.2321203 
0.2254987 
0.2425456 
0.2437095 
0.2272730 
0.2315836 
0.2418083 
0.2299309 
0.2569405 
0.2712192 
0.2463731 
0.2834522 
0.2454239 
0.2475808 
0.2300520 
0.2750779 
0.2330644 
0.2593138 
0.2527991 
0.2491367 
0.2313783 
0.2247694 
0.2243604 
0.2464032 
0.2274455 
0.2362164 
0.2162627 
0.2287615 
0.2336442 
0.2365602 
0.2394695 
0.2288222 
0.2274992 
0.2051258 
0.2663768 
0.2675632 
0.2908077 
0.2499267 
0.2402924 
0.2277413 
0.2709986 
0.2343035 
0.2420107 
0.2304247 
0.2341491 
0.1878260 
0.1836975 
0.2195452 
0.2129168 
0.1858997 
0.2304186 
0.2374306 
0.2399747 
0.2514711 
0.2179869 
0.1870986 
0.2061313 
0.1849395 
0.1577966 
0.1425143 
0.1927702 
0.1869281 
0.1736226 
0.1600675 
0.1756738 
0.1624230 
0.1570119 
0.1881368 
0.2008920 
0.1967249 
0.1916326 
0.1633153 
0.1905869 
0.1534737 
0.1871698 
0.1836478 
0.1767614 
0.1316139 
0.1664048 
0.1452812 
0.1245513 
0.1475494 
0.1610500 
0.1609834 
0.1609013 
0.1422157 
0.1194234 
0.1203338 
0.1288471 
0.1039716 
0.1187046 
0.1632929 
0.1546772 
0.1594807 
0.1525383 
0.1424202 
0.1417817 
0.1078800 
0.1288709 
0.1106786 
0.1299524 
0.1437604 
0.1633574 
0.1769852 
0.1195619 
0.1413019 
0.1269312 
0.1548998 
0.1531927 
0.1664381 
0.1587869 
0.1497527 
0.1552961 
0.1402586 
0.1084980 
0.1185936 
0.1215837 
0.1257729 
0.1304335 
0.1379422 
0.1540806 
0.1351243 
0.1560421 
0.1408480 
0.1344680 
0.1515549 
0.1943696 
0.1617912 
0.2123508 
0.1644064 
0.1460831 
0.1638460 
0.1426496 
0.1262218 
0.1375297 
0.1346667 
0.1209847 
0.1343485 
0.1242756 
0.1290744 
0.1055638 
0.1319028 
0.1329670 
0.1402176 
0.1263191 
0.1431272 
0.1546855 
0.1724419 
0.1453416 
0.1453560 
0.1333283 
0.1128227 
0.1272033 
0.1101007 
0.1105604 
0.0955744 
0.1367590 
0.0871431 
0.1055835 
0.1003052 
0.1047948 
0.0872382 
0.1078754 
0.1034991 
0.0697668 
0.0952721 
0.0954004 
0.0824474 
0.0769757 
0.1094611 
0.0949640 
0.0805321 
0.1055071 
0.1126697 
0.1386865 
0.0808245 
0.0893386 
0.0982709 
0.1414733 
0.1176436 
0.0972718 
0.0718109 
0.0794134 
0.0919880 
0.0948014 
0.0840399 
0.1093568 
0.1150437 
0.1151257 
0.1145055 
0.0879551 
0.0762651 
0.0602248 
0.0577714 
0.0843531 
0.0807665 
0.0966055 
0.0881503 
0.1034537 
0.1366245 
0.1163252 
0.1241072 
0.0593623 
0.0576712 
0.0796193 
0.0845351 
0.0953814 
0.1077666 
0.1127854 
0.1200667 
0.0807501 
0.0422019 
0.0684581 
0.0440842 
0.0770825 
0.0846625 
0.0974277 
0.0978705 
0.0972463 
0.0948099 
0.1016287 
0.0483311 
0.0408887 
0.0876498 
0.0962603 
0.0799989 
0.0672888 
0.0820144 
0.0874550 
0.1014449 
0.1036972 
0.0955950 
0.0975204 
0.0927793 
0.0735162 
0.0737527 
0.0795655 
0.0778628 
0.0703204 
0.0787422 
0.0695333 
0.0548724 
0.0374113 
0.0336355 
0.0599496 
0.0707846 
0.0828197 
0.0705605 
0.0671162 
0.0620663 
0.0910176 
0.0860827 
0.0635082 
0.0519678 
0.0542157 
0.0508826 
0.0823505 
0.1009074 
0.0829113 
0.0597866 
0.0445725 
0.0358119 
0.0584019 
0.0406148 
0.0523094 
0.0604680 
0.0877442 
0.0953269 
0.0773931 
0.0866884 
0.0948019 
0.0586757 
0.0665600 
0.0576509 
0.0903307 
0.0326708 
0.0149049 
0.0192664 
0.0603523 
0.0663248 
0.0517876 
0.0501427 
0.0549636 
0.0788116 
0.0000000 
0.0022343 
0.0106601 
0.0336674 
0.0647536 
0.0279078 
0.0484612 
0.0439111 
0.0715437 
0.0510867 
0.0092910 
0.0369459 
0.0465672 
0.0215605 
0.0307998 
0.0007264 
0.0429503 
0.0405598 
0.0361581 
0.0230122 
0.0281058 
0.0463931 
0.0338781 
0.0622813 
0.0294921 
0.0486253 
0.0414503 
0.0264128 
0.0251387 
0.0208147 
0.0188480 
0.0512901 
0.0447044 
0.0842624 
0.0407254 
0.0411232 
0.0336141 
0.0226552 
0.0092028 
0.0235892 
0.0624837 
0.0380579 
0.0208025 
0.0378247 
