0.0000498 
-0.0001302 
0.0001351 
0.0706732 
-0.1685687 
-0.2877829 
0.8719537 
0.8530770 
0.8612785 
0.8740068 
0.8366577 
0.8512855 
0.8501014 
0.8744681 
0.8635596 
0.8602497 
0.8459071 
0.8665310 
0.8345787 
0.8324822 
0.8462907 
0.8262412 
0.8166094 
0.8194959 
0.8156673 
0.8363948 
0.8804974 
0.8778015 
0.8535649 
0.8439470 
0.8412359 
0.8347109 
0.8373330 
0.8414535 
0.8157946 
0.8149562 
0.8354779 
0.8339652 
0.8335266 
0.8361094 
0.8482942 
0.8544920 
0.8411758 
0.8143072 
0.8147072 
0.8141884 
0.8281728 
0.8531140 
0.8267554 
0.8095203 
0.8247972 
0.8066316 
0.8076451 
0.8038161 
0.8076557 
0.8033154 
0.7429277 
0.7620017 
0.7850687 
0.7737455 
0.7851861 
0.7984452 
0.8266263 
0.8254600 
0.7817934 
0.7529863 
0.8111442 
0.8298770 
0.8161416 
0.7998072 
0.7986568 
0.8185473 
0.7918081 
0.7946477 
0.8274817 
0.8320994 
0.8376930 
0.8270025 
0.8123949 
0.8287964 
0.8358711 
0.8398382 
0.8763434 
0.8799123 
0.8867741 
0.8831952 
0.8834236 
0.8822626 
0.8734895 
0.8794859 
0.8804116 
0.8581836 
0.8504151 
0.8470948 
0.8237575 
0.8361750 
0.8415022 
0.8659762 
0.8585000 
0.8563013 
0.8579368 
0.8637345 
0.8766540 
0.8761142 
0.8484416 
0.8447312 
0.8396682 
0.8656644 
0.8483563 
0.8398659 
0.8703607 
0.8586649 
0.8364011 
0.7938012 
0.8056190 
0.8053852 
0.8239777 
0.8298198 
0.8396776 
0.8357393 
0.8211855 
0.8240143 
0.8106307 
0.8135242 
0.8383145 
0.8218437 
0.8320161 
0.8298136 
0.8510847 
0.8552532 
0.8579725 
0.8605891 
0.8584872 
0.8384953 
0.8648460 
0.8412535 
0.8658300 
0.8831311 
0.8840150 
0.8794568 
0.8535793 
0.8654936 
0.8553191 
0.8424498 
0.8332104 
0.8221933 
0.8227142 
0.8263841 
0.8427162 
0.8389272 
0.8475627 
0.8693414 
0.8739755 
0.8764191 
0.9129106 
0.9168715 
0.8937677 
0.8912281 
0.8553729 
0.8589106 
0.8373813 
0.8328669 
0.8199659 
0.8458813 
0.8535730 
0.8521706 
0.8628965 
0.8528813 
0.8508596 
0.8553064 
0.8600850 
0.8614595 
0.8553868 
0.8709259 
0.8418925 
0.8187930 
0.8169766 
0.8170464 
0.8203555 
0.8345816 
0.8426608 
0.8521661 
0.8513161 
0.8320148 
0.8283073 
0.8283161 
0.8309256 
0.8025105 
0.8007138 
0.8133304 
0.7847288 
0.7824595 
0.7922642 
0.7756341 
0.7803794 
0.7951818 
0.7962067 
0.7878407 
0.7952512 
0.7975494 
0.7923424 
0.7902211 
0.8132621 
0.8292284 
0.8126448 
0.8238362 
0.8282109 
0.8034753 
0.7990758 
0.8527567 
0.8335530 
0.8264644 
0.8345752 
0.8287255 
0.8343438 
0.8528966 
0.8723512 
0.8633381 
0.8783409 
0.8699186 
0.8634227 
0.8678894 
0.8700287 
0.8867455 
0.8750055 
0.9086056 
0.8945775 
0.8820635 
0.8922221 
0.9068918 
0.9106916 
0.9276491 
0.9155006 
0.8900077 
0.8572101 
0.8751608 
0.8617815 
0.8599928 
0.8666942 
0.8874952 
0.8736138 
0.8901649 
0.8587785 
0.8532877 
0.8510907 
0.8383387 
0.8198893 
0.8149351 
0.8044755 
0.7928919 
0.7938970 
0.8240774 
0.8253835 
0.8499281 
0.8405146 
0.8237405 
0.8287066 
0.8526777 
0.8503864 
0.8694242 
0.8382688 
0.8599392 
0.8466663 
0.8465348 
0.8236214 
0.8342096 
0.8334211 
0.8350657 
0.8206126 
0.8272046 
0.8364728 
0.8556147 
0.8686559 
0.8634352 
0.8582152 
0.8632015 
0.8903745 
0.8827045 
0.9064414 
0.9121689 
0.9143701 
0.9556069 
0.9160548 
0.9265399 
0.8824784 
0.8753993 
0.8723832 
0.8701509 
0.8765357 
0.8738963 
0.8927913 
0.8569567 
0.8666710 
0.8564393 
0.8487403 
0.8401547 
0.8432893 
0.8272946 
0.8372899 
0.8494581 
0.8381926 
0.8266909 
0.8139166 
0.8198201 
0.7900098 
0.7925400 
0.8203456 
0.8108128 
0.8280895 
0.8303817 
0.8328713 
0.8443871 
0.8472774 
0.8522038 
0.8763094 
0.9097810 
0.8949995 
0.8891751 
0.9089456 
0.8989125 
0.8924284 
0.8886426 
0.8805771 
0.8672796 
0.8368500 
0.8097515 
0.8146287 
0.8386894 
0.8317619 
0.8553158 
0.8484736 
0.8730952 
0.8730978 
0.8949721 
0.9118136 
0.9038515 
0.9212478 
0.9194617 
0.9287146 
0.9576532 
0.9900913 
1.0000000 
0.9802089 
0.9874291 
0.9742028 
0.9897499 
0.9613271 
0.9836724 
0.9733827 
0.9723865 
0.9596590 
0.9548654 
0.9679784 
0.9575807 
0.9629473 
0.9426390 
0.9532875 
0.9312118 
0.9435565 
0.9380419 
0.9091158 
0.9182787 
0.9105120 
0.9194907 
0.9355959 
0.9503467 
0.9547132 
0.9279269 
0.9383968 
0.9344951 
0.9179749 
0.9172621 
0.9027170 
0.9211553 
0.9093938 
0.9147710 
0.9042109 
0.8996923 
0.8908523 
0.8947669 
0.8748796 
0.8708280 
0.8452093 
0.8555534 
0.8583010 
0.8396383 
0.8586599 
0.8651898 
0.8839653 
0.8749684 
0.8632566 
0.8698557 
0.8533627 
0.8516759 
0.8458449 
0.8711566 
0.8849028 
0.8750352 
0.8735215 
0.8756184 
0.8755658 
0.8454070 
0.8238007 
0.8497939 
0.8410421 
0.8419430 
0.8341738 
0.8604269 
0.8662130 
0.8983324 
0.8941761 
0.8891252 
0.8857247 
0.8700698 
0.8787995 
0.8819478 
0.8919796 
0.8901779 
0.8866761 
0.8843626 
0.8770290 
0.9179633 
0.8870790 
0.8831375 
0.8778396 
0.8644117 
0.8794870 
0.8996503 
0.8939756 
0.8883332 
0.8694637 
0.8767479 
0.8752764 
0.8499666 
0.8934100 
0.8976303 
0.8822410 
0.9052779 
0.9205630 
0.9081193 
0.9243658 
0.9200466 
0.9135597 
0.8922670 
0.8783424 
0.8940635 
0.8976257 
0.8989382 
0.8903455 
0.8896736 
0.9241240 
0.9026935 
0.8979470 
0.8912004 
0.9059034 
0.9173842 
0.8972602 
0.9196713 
0.9186221 
0.9268408 
0.9097402 
0.9144606 
0.8865535 
0.8824690 
0.8799384 
0.8839274 
0.8677703 
0.8885244 
0.8930731 
0.8906259 
0.8856115 
0.8767832 
0.8778276 
0.8920351 
0.8598473 
0.8433738 
0.8500351 
0.8455158 
0.8583767 
0.8561222 
0.8513506 
0.8394757 
0.8323401 
0.8297870 
0.8330290 
0.8405594 
0.8470019 
0.8783164 
0.8723001 
0.8833407 
0.8509826 
0.8723949 
0.8890405 
0.8580714 
0.8418122 
0.8269541 
0.8111861 
0.8245337 
0.8307850 
0.8072942 
0.8307872 
0.8498892 
0.8113504 
0.7973368 
0.8058032 
0.8077017 
0.7895357 
0.8156899 
0.8220806 
0.8247569 
0.8288967 
0.8470786 
0.8289054 
0.8128779 
0.8057910 
0.8226497 
0.8310339 
0.8288404 
0.8273916 
0.8183314 
0.8061910 
0.7856360 
0.7943454 
0.7963316 
0.8164936 
0.8056922 
0.8011827 
0.8090773 
0.8141546 
0.8293686 
0.8369367 
0.8391214 
0.8313685 
0.8159644 
0.8118623 
0.8053317 
0.8318638 
0.8249591 
0.8466790 
0.8439013 
0.8258251 
0.8360531 
0.8410797 
0.8339349 
0.8324552 
0.8421941 
0.8193778 
0.8407229 
0.8282200 
0.8176791 
0.8504246 
0.8427281 
0.8648936 
0.8892537 
0.8945070 
0.8682357 
0.8610770 
0.8896833 
0.9061391 
0.8821556 
0.8793133 
0.8567441 
0.8466551 
0.8524281 
0.8724418 
0.8528098 
0.8352978 
0.8440605 
0.8251021 
0.8158980 
0.8033391 
0.7596448 
0.7887217 
0.7826519 
0.7664124 
0.7837908 
0.8241807 
0.8060214 
0.8042986 
0.7909204 
0.8106147 
0.8071407 
0.8207806 
0.8005233 
0.8152692 
0.8047196 
0.8271220 
0.8111510 
0.8054897 
0.7962093 
0.8000236 
0.8178078 
0.8280397 
0.8442294 
0.8205299 
0.8111736 
0.8218829 
0.8043148 
0.8234534 
0.7980083 
0.7875271 
0.7919572 
0.7882223 
0.7910934 
0.7956385 
0.8017155 
0.8007927 
0.8107124 
0.8248840 
0.8462526 
0.7967169 
0.8312241 
0.8251617 
0.8327912 
0.8103255 
0.8342172 
0.8353173 
0.8534433 
0.8482169 
0.8535457 
0.8470127 
0.8542696 
0.8314630 
0.8172157 
0.8116720 
0.8082577 
0.8156545 
0.8092926 
0.7962713 
0.7844815 
0.7726393 
0.7878146 
0.7968319 
0.7936506 
0.7896293 
0.8151967 
0.7963622 
0.8036558 
0.8221580 
0.8149170 
0.8045292 
0.7970367 
0.8355716 
0.8114260 
0.7751397 
0.8089128 
0.8233267 
0.8029311 
0.7989156 
0.7867133 
0.8034338 
0.7987842 
0.8037024 
0.7827181 
0.7949868 
0.8158170 
0.8250857 
0.7703580 
0.7650560 
0.7776875 
0.7847274 
0.7841988 
0.7601488 
0.7905602 
0.8017537 
0.7918810 
0.7930785 
0.8054193 
0.8274194 
0.8235276 
0.8264794 
0.8262227 
0.8202744 
0.8444502 
0.8374294 
0.8343676 
0.8426961 
0.8232660 
0.8210671 
0.8237686 
0.8156446 
0.8285804 
0.8224206 
0.8235909 
0.8286784 
0.8264758 
0.8136718 
0.8108859 
0.8189701 
0.8258629 
0.8253798 
0.8267210 
0.8334380 
0.8409451 
0.8490607 
0.8297451 
0.8428570 
0.8344779 
0.8281202 
0.8323946 
0.8245191 
0.8056039 
0.8265035 
0.7945495 
0.8003983 
0.7959689 
0.8161234 
0.8133198 
0.8023384 
0.8127521 
0.8195658 
0.7909340 
0.7940535 
0.7890985 
0.7998992 
0.8069913 
0.7718067 
0.7936015 
0.8215672 
0.8462915 
0.8628771 
0.8567238 
0.8336500 
0.8484168 
0.8351443 
0.8126469 
0.8022537 
0.8221749 
0.7952884 
0.8102673 
0.7860780 
0.7595595 
0.6903252 
0.6719564 
0.7519559 
0.7824744 
0.7897717 
0.8100567 
0.8237909 
0.8281485 
0.8244532 
0.8035676 
0.7838026 
0.8028282 
0.8167728 
0.8160532 
0.7976518 
0.8075955 
0.8131967 
0.7870227 
0.8056205 
0.8045554 
0.7965422 
0.7694747 
0.7724591 
0.7863889 
0.7831549 
0.7608957 
0.7668397 
0.7840083 
0.7966979 
0.7719162 
0.7981343 
0.7869527 
0.7953462 
0.7760722 
0.7943450 
0.8041596 
0.7794834 
0.7694396 
0.7844135 
0.7668589 
0.7698326 
0.7929866 
0.8096680 
0.7827805 
0.8118620 
0.8022199 
0.8065186 
0.7779862 
0.7678392 
0.7467292 
0.7790041 
0.7571969 
0.7554932 
0.7459443 
0.7460491 
0.7592267 
0.7870736 
0.7978186 
0.7885299 
0.8136813 
0.8165480 
0.8114555 
0.8085098 
0.8009574 
0.8231696 
0.8122060 
0.8162743 
0.8071094 
0.8128179 
0.7996088 
0.8143042 
0.8078409 
0.8262391 
0.8120598 
0.8291853 
0.8423458 
0.8381124 
0.8306208 
0.8778225 
0.8373155 
0.8601417 
0.8328754 
0.8347025 
0.8470782 
0.8757142 
0.8566608 
0.8748234 
0.8559479 
0.8722620 
0.8662090 
0.8765815 
0.8633765 
0.8426884 
0.8635763 
0.8791122 
0.8514233 
0.8578271 
0.8980240 
0.8908102 
0.9072277 
0.8916234 
0.9090885 
0.9391039 
0.9222607 
0.9223334 
0.9149847 
0.9282657 
0.9449913 
0.9471067 
0.9288428 
0.9254130 
0.8963618 
0.9049988 
0.9361623 
0.9523827 
0.9616936 
0.9392720 
0.9211194 
0.9409433 
0.9325419 
0.9179932 
0.9247966 
0.9080937 
0.9159226 
0.9163953 
0.8874878 
0.9216662 
0.9254235 
0.9132900 
0.9066079 
0.9429368 
0.9213449 
0.8950019 
0.8952898 
0.8749775 
0.8840563 
0.8889070 
0.8925429 
0.9026895 
0.9037842 
0.8772211 
0.8899959 
0.9412502 
0.9435547 
0.9452459 
0.9257257 
0.9128487 
0.9307567 
0.9406811 
0.9457055 
0.9403383 
0.9322751 
0.9563602 
0.9607381 
0.9350687 
0.9110838 
0.9666785 
0.9381351 
0.9270273 
0.9174785 
0.9272106 
0.9501752 
0.9670717 
0.9483526 
0.9484554 
0.9534820 
0.9737488 
0.9492993 
0.9654644 
0.9555626 
0.9484703 
0.9496311 
0.9328746 
0.9332326 
0.9382548 
0.9376803 
0.9470213 
0.9333271 
0.9355159 
0.9438315 
0.9284627 
0.9464288 
0.9618089 
0.9522476 
0.9490068 
0.9753635 
0.9614889 
0.9608318 
0.9453772 
0.9198731 
0.9347480 
0.9364684 
0.9369978 
0.9274476 
0.9364263 
0.9332752 
0.9384127 
0.9392237 
0.9430482 
0.9096889 
0.9163931 
0.9121917 
0.9149464 
0.9175977 
0.9184919 
0.8977853 
0.8987983 
0.8986225 
0.8790788 
0.8960146 
0.8890762 
0.8721304 
0.8827861 
0.8968343 
0.9179050 
0.9386086 
0.9377563 
0.9221576 
0.9226967 
0.9180194 
0.9145020 
0.9185134 
0.8981032 
0.8969340 
0.8979938 
0.8787625 
0.8865314 
0.8708515 
0.9030869 
0.8994687 
0.8805071 
0.8714791 
0.8921801 
0.8886803 
0.8986162 
0.8973557 
0.8997129 
0.8964686 
0.9076824 
0.9029578 
0.9112535 
0.9285016 
0.9285262 
0.9265122 
0.9261855 
0.9340403 
0.9178170 
0.9113403 
0.9111585 
0.9286688 
0.9128179 
0.9144653 
0.9234813 
0.9186759 
0.9279144 
0.9452657 
0.9339188 
0.9512061 
0.9194897 
0.9326188 
0.9451046 
0.9172450 
0.9328792 
0.9326318 
0.9490079 
0.9517245 
0.9369974 
0.9671495 
0.9862842 
0.9584024 
0.9316102 
0.9561934 
0.9403752 
0.9404631 
0.9290539 
0.9348927 
0.9292526 
0.9348532 
0.9383771 
0.9203316 
0.9192633 
0.9351132 
0.9368870 
0.9359234 
0.9046538 
0.9236508 
0.9144373 
0.9123646 
0.9167726 
0.9056753 
0.9154638 
0.8967474 
0.8805934 
0.8974388 
0.8791462 
0.8897645 
0.8942363 
0.8796650 
0.8990364 
0.9028245 
0.9229517 
0.9174899 
0.9335998 
0.9055425 
0.9312589 
0.9250284 
0.9367800 
0.8961086 
0.8885155 
0.9089496 
0.9042110 
0.8910256 
0.9301783 
0.9199514 
0.9171956 
0.9098328 
0.9038620 
0.8671792 
0.8721694 
0.8857145 
0.8878722 
0.8671147 
0.8737582 
0.8961502 
0.9057685 
0.9135415 
0.9191458 
0.9097199 
0.9094865 
0.8973990 
0.8753393 
0.8719031 
0.8946187 
0.8815167 
0.8777068 
0.8935421 
0.8866477 
0.8620106 
0.8803218 
0.8640505 
0.8674312 
0.8919365 
0.8937488 
0.8796049 
0.8550934 
0.8574474 
0.8460725 
0.8560808 
0.8743564 
0.8686493 
0.8685339 
0.8849652 
0.9079429 
0.8973549 
0.9095686 
0.9200780 
0.9049239 
0.8750891 
0.9060586 
0.9007681 
0.8933520 
0.8897480 
0.8860954 
0.8759968 
0.8776130 
0.8790187 
0.8725923 
0.8730354 
0.8810410 
0.8776302 
0.8775942 
0.8801771 
0.8970438 
0.8966884 
0.9299673 
0.9383035 
0.9266103 
0.9339164 
0.9495197 
0.9162912 
0.9169290 
0.9057266 
0.9091910 
0.8860435 
0.8712711 
0.8805126 
0.8854347 
0.8791747 
0.8634693 
0.8901055 
0.8589991 
0.8567832 
0.8770874 
0.8846444 
0.8658241 
0.8896538 
0.8812258 
0.8791844 
0.9195027 
0.9124313 
0.8897145 
0.8947787 
0.9179819 
0.9367772 
0.9292597 
0.9345979 
0.9420942 
0.9649312 
0.9817268 
0.9731462 
0.9568628 
0.9321223 
0.8949673 
0.9182744 
0.9276536 
0.9421733 
0.9517535 
0.9333523 
0.9424049 
0.9276550 
0.9331488 
0.9522993 
0.9445509 
0.9801415 
0.9909109 
0.9948189 
0.9806194 
0.9088898 
0.8977035 
0.8932699 
0.8753487 
0.8735854 
0.8861521 
0.8725354 
0.8770347 
0.8674262 
0.8694076 
0.8673756 
0.8589895 
0.8615949 
0.8492605 
0.8520409 
0.8769712 
0.8858052 
0.8823532 
0.8890793 
0.9047849 
0.9236767 
0.9206848 
0.9386842 
0.9307637 
0.9116295 
0.9099820 
0.8869161 
0.8853860 
0.8510726 
0.8481934 
0.8467544 
0.8235495 
0.8168514 
0.8191728 
0.8255610 
0.8480830 
0.8426720 
0.8568851 
0.8349111 
0.9082780 
0.9282358 
0.9523625 
0.9446645 
0.9591564 
0.9299664 
0.9029649 
0.8720517 
0.8932573 
0.9089257 
0.9458399 
0.9250416 
0.9069713 
0.9169740 
0.9069320 
0.8944339 
0.8781923 
0.8602752 
0.9250696 
0.9292387 
0.9396563 
0.9285857 
0.9324978 
0.9446935 
0.9459873 
0.9480625 
0.9234607 
0.9459505 
0.9545850 
0.9403041 
0.9311779 
0.9054084 
0.9256022 
0.9347890 
0.9250009 
0.9289602 
0.9615418 
0.9410160 
0.9549586 
0.9549198 
0.9658110 
0.9744849 
0.9659104 
0.9739479 
0.9629472 
0.9735843 
0.9429688 
0.9049582 
0.8810642 
0.8560657 
0.8769839 
0.8834402 
0.8930034 
0.8816445 
0.9086889 
0.9025539 
0.9410297 
0.9798886 
0.9468812 
0.9489500 
0.9448042 
0.9311748 
0.9039300 
0.9022265 
0.8990935 
0.8955242 
0.8976787 
0.9013288 
0.9046215 
0.9224003 
0.9251443 
0.9198151 
0.9219391 
0.9055625 
0.8850685 
0.8876151 
0.8575539 
0.8723010 
0.8815099 
0.9004924 
0.9117984 
0.8829873 
0.9051676 
0.9272844 
0.9293030 
0.9526022 
0.9519295 
0.9369241 
0.8900936 
0.8828531 
0.8449135 
0.8543446 
0.8834731 
0.9041313 
0.8842772 
0.8994552 
0.9160148 
0.9252589 
0.9019339 
0.9038169 
0.9177457 
0.8960588 
0.8840279 
0.8963380 
0.8747782 
0.8775675 
0.8876463 
0.8838283 
0.8458981 
0.8418388 
0.8479184 
0.8371241 
0.8325978 
0.8485135 
0.8562299 
0.9025163 
0.9293431 
0.9309518 
0.9357803 
0.9294608 
0.9420664 
0.9645360 
0.9195300 
0.9051375 
0.8863698 
0.8583629 
0.8227464 
0.8087031 
0.8042504 
0.8111416 
0.8138364 
0.8259400 
0.8129706 
0.8623979 
0.8626480 
0.8922157 
0.9309104 
0.9218349 
0.9270328 
0.9389580 
0.9085033 
0.8801741 
0.8780665 
0.8969498 
0.8678936 
0.8567078 
0.8439047 
0.8276066 
0.8283057 
0.8324282 
0.8246269 
0.8466643 
0.8230202 
0.8233971 
0.8342213 
0.8505628 
0.8599943 
0.8680045 
0.8397244 
0.8735970 
0.8398615 
0.8273274 
0.8429834 
0.8708911 
0.8885575 
0.8913611 
0.8927268 
0.8928351 
0.8919272 
0.8702837 
0.8547523 
0.8696394 
0.8593141 
0.8517173 
0.8142182 
0.8288125 
0.8200853 
0.8235410 
0.8328983 
0.8269242 
0.8641599 
0.8816371 
0.8962229 
0.9083409 
0.8987992 
0.8784121 
0.8735851 
0.8544357 
0.8244894 
0.8317578 
0.8270062 
0.7867870 
0.7968331 
0.7915402 
0.7976813 
0.7994315 
0.8046591 
0.8264346 
0.7936472 
0.7731824 
0.7631823 
0.7499043 
0.7825349 
0.8242840 
0.8290843 
0.8681803 
0.8539753 
0.7855373 
0.7912905 
0.7778691 
0.7921952 
0.7834156 
0.7917520 
0.8093712 
0.8292341 
0.7836070 
0.7334976 
0.7564066 
0.7909331 
0.7856801 
0.7774403 
0.7653439 
0.7551724 
0.7489790 
0.7293619 
0.6944452 
0.7019684 
0.7141391 
0.7182943 
0.6809436 
0.6668638 
0.6829351 
0.7057150 
0.7259140 
0.7291383 
0.7162556 
0.7144497 
0.6988376 
0.7101904 
0.6926382 
0.6871875 
0.6816932 
0.6730839 
0.6290345 
0.6245788 
0.6013526 
0.6149269 
0.6233368 
0.6379337 
0.6258722 
0.6267097 
0.6250552 
0.6361701 
0.6229942 
0.5644296 
0.5623172 
0.5689164 
0.5522135 
0.5385553 
0.5500447 
0.5981255 
0.6000496 
0.5795143 
0.5721200 
0.5892217 
0.6134244 
0.5934308 
0.5793993 
0.5551623 
0.5604823 
0.5316585 
0.4988427 
0.5104055 
0.4967207 
0.5153793 
0.5040766 
0.5010830 
0.5015441 
0.4947377 
0.4945287 
0.5147802 
0.5016039 
0.5022146 
0.4919791 
0.4977146 
0.4785113 
0.4563930 
0.4410006 
0.4614390 
0.4701242 
0.4531880 
0.4474554 
0.4466058 
0.4390113 
0.4282237 
0.4363829 
0.4260464 
0.4534693 
0.4275395 
0.4131714 
0.4187609 
0.4038811 
0.4139750 
0.4099279 
0.3754006 
0.3785587 
0.3838924 
0.3883621 
0.4042928 
0.3939184 
0.3745315 
0.3735276 
0.3533857 
0.3865801 
0.3978980 
0.4093039 
0.4197341 
0.4081925 
0.3845550 
0.3657078 
0.3490663 
0.3513436 
0.3309835 
0.3461127 
0.3273101 
0.3200564 
0.2827236 
0.2928934 
0.2826783 
0.2877414 
0.2875658 
0.2972469 
0.3371475 
0.3530161 
0.3409428 
0.3320606 
0.3277060 
0.2920012 
0.2948744 
0.2718566 
0.2884704 
0.2455300 
0.2591570 
0.2665420 
0.2926781 
0.3099466 
0.2945770 
0.3052182 
0.3034929 
0.3012490 
0.3020577 
0.2898148 
0.2876294 
0.2076534 
0.2024660 
0.1864955 
0.1947737 
0.1934982 
0.2077942 
0.1959784 
0.1859338 
0.2194210 
0.2295295 
0.2258455 
0.2368882 
0.2272985 
0.2159861 
0.2095208 
0.2139498 
0.2121256 
0.1846507 
0.1888944 
0.2123336 
0.2129150 
0.2279242 
0.2396617 
0.2262106 
0.2322310 
0.2243301 
0.2037037 
0.2224252 
0.2234043 
0.2522455 
0.2472544 
0.2191903 
0.2050946 
0.1914852 
0.2065409 
0.2364835 
0.2373445 
0.2350616 
0.2192051 
0.2191337 
0.2283030 
0.2352276 
0.2306329 
0.2513017 
0.2559259 
0.2532886 
0.2547759 
0.2502579 
0.2503863 
0.2414609 
0.2430756 
0.2678613 
0.2864513 
0.2824564 
0.2357650 
0.2247320 
0.2211664 
0.2165496 
0.2278115 
0.2522394 
0.2511595 
0.2603361 
0.2522424 
0.2316184 
0.2324248 
0.2431992 
0.2361996 
0.2305412 
0.2137684 
0.2056739 
0.2223932 
0.2440420 
0.2290305 
0.2387752 
0.2460859 
0.2298462 
0.2380695 
0.2368314 
0.2528418 
0.2573606 
0.2440445 
0.2294490 
0.2246853 
0.2284821 
0.2108548 
0.1521541 
0.1691742 
0.1673839 
0.1702224 
0.1809894 
0.2018325 
0.1969084 
0.1998693 
0.1928460 
0.1680826 
0.1719536 
0.1861085 
0.1840096 
0.1879672 
0.1877125 
0.1879834 
0.1672238 
0.1373025 
0.1378932 
0.1257010 
0.1589265 
0.1817254 
0.2152715 
0.1989045 
0.1560660 
0.1858993 
0.1795727 
0.1915078 
0.1879550 
0.1923443 
0.2036657 
0.1851529 
0.1776589 
0.2115519 
0.2204958 
0.2187632 
0.2019411 
0.2355203 
0.2178632 
0.2111430 
0.2116306 
0.2106476 
0.2202489 
0.2137655 
0.2048458 
0.1827906 
0.1956511 
0.2036990 
0.2151507 
0.2429226 
0.2206370 
0.2023853 
0.2227867 
0.1962685 
0.1985622 
0.2174623 
0.2008516 
0.2011926 
0.2094846 
0.1961959 
0.1795487 
0.1639955 
0.1725665 
0.1519509 
0.1979271 
0.2007366 
0.1896646 
0.1841755 
0.1640300 
0.1883934 
0.1673278 
0.1674258 
0.1477203 
0.1552202 
0.1833438 
0.1567444 
0.1660972 
0.1790864 
0.1678722 
0.1598271 
0.1709175 
0.1600430 
0.1637898 
0.1485851 
0.1661017 
0.1634053 
0.1892655 
0.2224395 
0.2368116 
0.2242606 
0.2333899 
0.2379081 
0.2441610 
0.2886212 
0.2777455 
0.2973822 
0.3106872 
0.2866988 
0.2937344 
0.2263938 
0.1780626 
0.1631105 
0.1551874 
0.1441185 
0.1423650 
0.1445056 
0.1252433 
0.1245489 
0.1245354 
0.1518626 
0.1320904 
0.1317089 
0.1259463 
0.1303658 
0.1308328 
0.1513626 
0.1536866 
0.1398593 
0.1588483 
0.1581591 
0.1425434 
0.1423831 
0.1590165 
0.1289278 
0.1004765 
0.1005880 
0.0994520 
0.1110835 
0.1125823 
0.0892537 
0.0844753 
0.0856495 
0.0758957 
0.1022926 
0.0900933 
0.0756164 
0.0623216 
0.0285790 
0.0188834 
0.0224171 
0.0419644 
0.0637579 
0.0739844 
0.0497891 
0.0808337 
0.0657305 
0.0365004 
0.0449805 
0.0062402 
0.0000000 
