0.0001827 
0.0001926 
-0.0001583 
-0.4085237 
0.0032972 
-0.3085103 
1.0000000 
0.9958637 
0.9974414 
0.9969302 
0.9893955 
0.9872374 
0.9869774 
0.9903351 
0.9835428 
0.9830814 
0.9809642 
0.9814681 
0.9746861 
0.9733797 
0.9754094 
0.9688700 
0.9718998 
0.9612953 
0.9670755 
0.9624458 
0.9562495 
0.9529748 
0.9510490 
0.9532047 
0.9554271 
0.9546439 
0.9539157 
0.9559253 
0.9567890 
0.9595476 
0.9572912 
0.9581573 
0.9599918 
0.9641392 
0.9632740 
0.9599831 
0.9617608 
0.9580310 
0.9547845 
0.9521703 
0.9496262 
0.9494840 
0.9456508 
0.9410493 
0.9375482 
0.9357152 
0.9321159 
0.9313661 
0.9342676 
0.9331961 
0.9308914 
0.9327676 
0.9321475 
0.9370603 
0.9353627 
0.9331044 
0.9299054 
0.9331393 
0.9323315 
0.9275408 
0.9260001 
0.9272507 
0.9257394 
0.9279746 
0.9268622 
0.9252792 
0.9243808 
0.9227679 
0.9238646 
0.9237589 
0.9260650 
0.9248763 
0.9225315 
0.9143157 
0.9154727 
0.9169600 
0.9173683 
0.9130407 
0.9082631 
0.9072375 
0.9094288 
0.8986803 
0.8986979 
0.8950218 
0.8950713 
0.8989795 
0.8960875 
0.8949577 
0.9001985 
0.8994113 
0.9001258 
0.8977475 
0.8980049 
0.8965852 
0.9007293 
0.9020410 
0.8995538 
0.8969353 
0.8980396 
0.8975771 
0.8966688 
0.8901356 
0.8987240 
0.8955666 
0.8977242 
0.8918679 
0.8971210 
0.8972994 
0.8950047 
0.8918127 
0.8865514 
0.8877445 
0.8848467 
0.8844038 
0.8869632 
0.8874139 
0.8841700 
0.8777988 
0.8740970 
0.8768132 
0.8806670 
0.8783763 
0.8768656 
0.8776899 
0.8751833 
0.8759293 
0.8729119 
0.8668933 
0.8650359 
0.8669250 
0.8718943 
0.8722065 
0.8697802 
0.8711227 
0.8656794 
0.8635230 
0.8618894 
0.8566459 
0.8571830 
0.8520083 
0.8511486 
0.8539571 
0.8586955 
0.8580589 
0.8598100 
0.8588397 
0.8583491 
0.8585738 
0.8572936 
0.8558373 
0.8575820 
0.8588395 
0.8579964 
0.8605497 
0.8642584 
0.8591022 
0.8615527 
0.8577619 
0.8587039 
0.8623018 
0.8643756 
0.8596737 
0.8543990 
0.8506809 
0.8487031 
0.8550265 
0.8540771 
0.8504497 
0.8507691 
0.8514741 
0.8510911 
0.8469542 
0.8427249 
0.8399968 
0.8411340 
0.8412223 
0.8387628 
0.8364619 
0.8357758 
0.8344779 
0.8320764 
0.8316840 
0.8310529 
0.8286374 
0.8285923 
0.8226785 
0.8268548 
0.8274668 
0.8284060 
0.8275959 
0.8302862 
0.8293184 
0.8326731 
0.8320716 
0.8271338 
0.8313761 
0.8369034 
0.8308940 
0.8284721 
0.8292298 
0.8314009 
0.8295296 
0.8248597 
0.8205539 
0.8213779 
0.8210132 
0.8238625 
0.8226196 
0.8189982 
0.8217089 
0.8140742 
0.8114519 
0.8133860 
0.8143605 
0.8133216 
0.8128962 
0.8088058 
0.8099673 
0.8054351 
0.8120211 
0.8172837 
0.8208238 
0.8137150 
0.8105623 
0.8090277 
0.8112646 
0.8064912 
0.8120985 
0.8126831 
0.8060880 
0.8025288 
0.7975135 
0.8054223 
0.8089596 
0.8063346 
0.7987559 
0.7973496 
0.7919652 
0.7909396 
0.7902969 
0.7880246 
0.7884985 
0.7908029 
0.7910950 
0.7897231 
0.7865290 
0.7859546 
0.7887806 
0.7832186 
0.7816151 
0.7811278 
0.7840624 
0.7803826 
0.7779194 
0.7763981 
0.7757265 
0.7782253 
0.7794202 
0.7743804 
0.7756744 
0.7793276 
0.7787171 
0.7787848 
0.7750548 
0.7733536 
0.7727977 
0.7700104 
0.7699927 
0.7746615 
0.7720055 
0.7673465 
0.7670395 
0.7670504 
0.7690528 
0.7663391 
0.7663009 
0.7625526 
0.7594003 
0.7611199 
0.7674553 
0.7670695 
0.7650649 
0.7607504 
0.7623706 
0.7633334 
0.7606087 
0.7613615 
0.7547350 
0.7561589 
0.7579032 
0.7598418 
0.7527554 
0.7520342 
0.7529565 
0.7526223 
0.7534780 
0.7530331 
0.7524782 
0.7493497 
0.7483982 
0.7463765 
0.7484751 
0.7452561 
0.7491241 
0.7504170 
0.7489992 
0.7496685 
0.7447891 
0.7448333 
0.7431767 
0.7442068 
0.7372605 
0.7358102 
0.7334746 
0.7300127 
0.7310964 
0.7294492 
0.7262289 
0.7264132 
0.7273049 
0.7188921 
0.7149791 
0.7166441 
0.7172448 
0.7118185 
0.7144815 
0.7058588 
0.7120517 
0.7143857 
0.7122689 
0.7102948 
0.7082696 
0.7092012 
0.7082059 
0.7086438 
0.7092435 
0.7087447 
0.7130132 
0.7116733 
0.7124317 
0.7117069 
0.7093110 
0.7113432 
0.7082810 
0.7162753 
0.7110200 
0.7157025 
0.7203376 
0.7135545 
0.7101506 
0.7136802 
0.7177236 
0.7131376 
0.7132974 
0.7111219 
0.7145369 
0.7121969 
0.7129735 
0.7118953 
0.7070721 
0.7083871 
0.7151163 
0.7163239 
0.7149210 
0.7114503 
0.7100922 
0.7088913 
0.7071066 
0.7064629 
0.7045449 
0.7064294 
0.7060937 
0.7074011 
0.7089245 
0.7078945 
0.7057620 
0.7097468 
0.7104656 
0.7082096 
0.7059575 
0.7033004 
0.6987026 
0.6966683 
0.6930615 
0.6936134 
0.6968882 
0.6976243 
0.6958319 
0.6910829 
0.6948116 
0.6905360 
0.6863311 
0.6888808 
0.6898451 
0.6849666 
0.6844676 
0.6835298 
0.6851510 
0.6858052 
0.6847686 
0.6812716 
0.6834037 
0.6795814 
0.6793069 
0.6810121 
0.6831901 
0.6818570 
0.6796867 
0.6768917 
0.6740525 
0.6694562 
0.6719788 
0.6758497 
0.6753023 
0.6769324 
0.6789883 
0.6799125 
0.6794689 
0.6732412 
0.6735792 
0.6762448 
0.6754917 
0.6731661 
0.6713662 
0.6668690 
0.6686199 
0.6663877 
0.6725011 
0.6721344 
0.6677572 
0.6644297 
0.6652724 
0.6706273 
0.6717863 
0.6726267 
0.6674490 
0.6654615 
0.6649846 
0.6726987 
0.6633247 
0.6599127 
0.6580011 
0.6620051 
0.6636229 
0.6585709 
0.6580014 
0.6536105 
0.6578702 
0.6586025 
0.6614934 
0.6606030 
0.6613183 
0.6588207 
0.6585761 
0.6530583 
0.6485402 
0.6507054 
0.6544636 
0.6493673 
0.6473420 
0.6478113 
0.6501952 
0.6463830 
0.6511117 
0.6496876 
0.6496251 
0.6438758 
0.6405931 
0.6404773 
0.6416834 
0.6396482 
0.6376131 
0.6342319 
0.6376746 
0.6377531 
0.6404511 
0.6340496 
0.6384154 
0.6414284 
0.6399312 
0.6414645 
0.6487560 
0.6487318 
0.6482898 
0.6519035 
0.6446428 
0.6420320 
0.6359073 
0.6360908 
0.6350485 
0.6348333 
0.6389774 
0.6372621 
0.6369359 
0.6363589 
0.6367440 
0.6343686 
0.6257040 
0.6275763 
0.6266499 
0.6231086 
0.6244123 
0.6199388 
0.6196305 
0.6195818 
0.6169331 
0.6161903 
0.6184659 
0.6178656 
0.6170767 
0.6176061 
0.6175781 
0.6150308 
0.6111039 
0.6114443 
0.6084243 
0.6098063 
0.6095186 
0.6027776 
0.6037006 
0.6054111 
0.6079358 
0.6037780 
0.6016288 
0.6020218 
0.6016467 
0.6014399 
0.5997966 
0.5996845 
0.6047806 
0.6054813 
0.5978703 
0.5974941 
0.5997977 
0.6026851 
0.6061481 
0.6053109 
0.5997087 
0.5979699 
0.6000815 
0.5988151 
0.5991981 
0.5993203 
0.6022824 
0.6044706 
0.6007595 
0.5962700 
0.5974957 
0.5966356 
0.5949809 
0.5966499 
0.5981224 
0.5976536 
0.5950358 
0.5921837 
0.5931688 
0.5900341 
0.5887055 
0.5857749 
0.5880565 
0.5850649 
0.5818112 
0.5806157 
0.5812640 
0.5794370 
0.5745534 
0.5762335 
0.5761342 
0.5761615 
0.5803759 
0.5737877 
0.5720967 
0.5745175 
0.5732945 
0.5722875 
0.5752403 
0.5816734 
0.5844867 
0.5804630 
0.5784626 
0.5765742 
0.5761492 
0.5721590 
0.5717247 
0.5736359 
0.5722253 
0.5668249 
0.5669190 
0.5659195 
0.5671223 
0.5627956 
0.5604203 
0.5636453 
0.5626274 
0.5609266 
0.5566816 
0.5572504 
0.5589189 
0.5597214 
0.5613092 
0.5631564 
0.5637875 
0.5566003 
0.5552596 
0.5521446 
0.5519708 
0.5502438 
0.5512233 
0.5501038 
0.5563384 
0.5530118 
0.5530304 
0.5513978 
0.5507775 
0.5482004 
0.5457940 
0.5440727 
0.5453135 
0.5466543 
0.5476574 
0.5545014 
0.5569014 
0.5564268 
0.5593487 
0.5600668 
0.5614267 
0.5551239 
0.5538064 
0.5538726 
0.5562574 
0.5537518 
0.5518419 
0.5497305 
0.5529532 
0.5468322 
0.5482569 
0.5503982 
0.5503874 
0.5469460 
0.5477880 
0.5482636 
0.5434591 
0.5398328 
0.5389305 
0.5350714 
0.5331640 
0.5395407 
0.5342003 
0.5352204 
0.5362841 
0.5347186 
0.5353181 
0.5319532 
0.5360079 
0.5319084 
0.5332847 
0.5330722 
0.5330857 
0.5243306 
0.5235240 
0.5292447 
0.5354347 
0.5384570 
0.5343280 
0.5393099 
0.5314486 
0.5325576 
0.5306321 
0.5319429 
0.5355760 
0.5315803 
0.5296557 
0.5303280 
0.5315454 
0.5260592 
0.5310637 
0.5221766 
0.5171317 
0.5121018 
0.5164157 
0.5109635 
0.5085763 
0.5107260 
0.5144075 
0.5110939 
0.5098594 
0.5127710 
0.5120486 
0.5115500 
0.5089459 
0.5074619 
0.5037353 
0.5104306 
0.5068448 
0.5105324 
0.5062965 
0.5062065 
0.5069694 
0.5077595 
0.5040115 
0.4977592 
0.4973828 
0.4962851 
0.5031145 
0.5088590 
0.5028223 
0.5041598 
0.4993782 
0.4944875 
0.4917419 
0.4923585 
0.4897260 
0.4879731 
0.4907097 
0.4930635 
0.4934356 
0.4930592 
0.4916430 
0.4859960 
0.4770616 
0.4739784 
0.4770204 
0.4768872 
0.4831792 
0.4799670 
0.4779673 
0.4853295 
0.4853915 
0.4836744 
0.4861866 
0.4883828 
0.4843596 
0.4789842 
0.4742864 
0.4725036 
0.4742429 
0.4754613 
0.4726401 
0.4691589 
0.4653426 
0.4689277 
0.4694328 
0.4721579 
0.4720120 
0.4710110 
0.4727295 
0.4660465 
0.4652762 
0.4623475 
0.4649220 
0.4641729 
0.4624411 
0.4665714 
0.4686753 
0.4666816 
0.4633362 
0.4613429 
0.4642493 
0.4622974 
0.4597368 
0.4580894 
0.4621343 
0.4611804 
0.4592719 
0.4653072 
0.4618251 
0.4575662 
0.4596473 
0.4600190 
0.4594834 
0.4625791 
0.4505567 
0.4496075 
0.4480520 
0.4432283 
0.4364083 
0.4366337 
0.4287168 
0.4292637 
0.4293873 
0.4250127 
0.4238346 
0.4266821 
0.4285374 
0.4299873 
0.4353760 
0.4355340 
0.4338399 
0.4294067 
0.4270407 
0.4269687 
0.4251787 
0.4218893 
0.4236280 
0.4268871 
0.4225857 
0.4266916 
0.4286928 
0.4273906 
0.4237217 
0.4288727 
0.4294123 
0.4272992 
0.4269137 
0.4304279 
0.4296643 
0.4310075 
0.4288919 
0.4312730 
0.4305856 
0.4294566 
0.4300241 
0.4277156 
0.4281368 
0.4290415 
0.4255543 
0.4246877 
0.4238577 
0.4211841 
0.4219433 
0.4218812 
0.4223103 
0.4220807 
0.4268997 
0.4229441 
0.4287213 
0.4299127 
0.4301005 
0.4298758 
0.4278395 
0.4261623 
0.4236267 
0.4149872 
0.4162334 
0.4125002 
0.4118577 
0.4177308 
0.4213778 
0.4299115 
0.4309578 
0.4249756 
0.4222510 
0.4143778 
0.4104142 
0.4123095 
0.4085068 
0.4047223 
0.4034694 
0.4044923 
0.4048455 
0.4021448 
0.4042640 
0.4073599 
0.4055729 
0.4089808 
0.4056975 
0.4029267 
0.4001036 
0.4048593 
0.4093864 
0.4052510 
0.4004185 
0.3997150 
0.4038829 
0.4113645 
0.4155681 
0.4100615 
0.4110522 
0.4147549 
0.4151062 
0.4169433 
0.4113837 
0.4109703 
0.4133197 
0.4096487 
0.4080317 
0.4016132 
0.4017428 
0.4010846 
0.4004715 
0.4062237 
0.4079888 
0.4132770 
0.4105793 
0.4113826 
0.4077274 
0.4071042 
0.4087673 
0.4073636 
0.4090940 
0.4092575 
0.4059473 
0.4041296 
0.4071714 
0.4022280 
0.4070589 
0.4036389 
0.4065766 
0.4047519 
0.4006525 
0.3964799 
0.3922401 
0.3862765 
0.3812544 
0.3818706 
0.3849657 
0.3816770 
0.3801739 
0.3835851 
0.3835238 
0.3858897 
0.3824071 
0.3843914 
0.3869799 
0.3819797 
0.3792251 
0.3806681 
0.3797095 
0.3807996 
0.3820345 
0.3794963 
0.3852561 
0.3872132 
0.3874771 
0.3872589 
0.3838635 
0.3817613 
0.3821187 
0.3811755 
0.3804529 
0.3764036 
0.3788933 
0.3738203 
0.3750388 
0.3776472 
0.3765154 
0.3775375 
0.3759014 
0.3777164 
0.3801607 
0.3768967 
0.3792855 
0.3738015 
0.3697429 
0.3715839 
0.3690979 
0.3664263 
0.3647117 
0.3632791 
0.3633356 
0.3620587 
0.3655070 
0.3651925 
0.3668355 
0.3667091 
0.3675679 
0.3671442 
0.3635966 
0.3591408 
0.3652810 
0.3617938 
0.3578437 
0.3601561 
0.3552769 
0.3547861 
0.3571716 
0.3545638 
0.3579052 
0.3549229 
0.3495227 
0.3523065 
0.3505070 
0.3465053 
0.3455367 
0.3404132 
0.3417126 
0.3467759 
0.3430534 
0.3404229 
0.3424647 
0.3406148 
0.3464694 
0.3438783 
0.3445835 
0.3396216 
0.3428296 
0.3407553 
0.3301196 
0.3279315 
0.3266277 
0.3282342 
0.3312864 
0.3302689 
0.3298201 
0.3296015 
0.3283529 
0.3240524 
0.3233717 
0.3250573 
0.3168109 
0.3153709 
0.3151268 
0.3223455 
0.3207406 
0.3166354 
0.3159641 
0.3155687 
0.3143357 
0.3151497 
0.3176545 
0.3178389 
0.3165028 
0.3134594 
0.3118730 
0.3057737 
0.3066494 
0.3063842 
0.3059610 
0.3035331 
0.3011486 
0.3014659 
0.3006137 
0.3002873 
0.2968427 
0.2964807 
0.2996194 
0.3026514 
0.3028540 
0.3009889 
0.3028604 
0.3045634 
0.3014247 
0.2984391 
0.2972429 
0.2956504 
0.2910606 
0.2922546 
0.2974145 
0.2912891 
0.2895672 
0.2928092 
0.2917181 
0.2886814 
0.2846731 
0.2862819 
0.2851723 
0.2846655 
0.2852894 
0.2873322 
0.2930286 
0.2940490 
0.2938109 
0.2947956 
0.2954086 
0.2929595 
0.2893147 
0.2869340 
0.2878951 
0.2867285 
0.2866578 
0.2807970 
0.2778777 
0.2725941 
0.2718520 
0.2754238 
0.2736813 
0.2756436 
0.2760040 
0.2752393 
0.2722678 
0.2688543 
0.2668535 
0.2643563 
0.2635260 
0.2699788 
0.2690854 
0.2608828 
0.2620116 
0.2605594 
0.2591791 
0.2640161 
0.2674203 
0.2700918 
0.2724476 
0.2725421 
0.2706055 
0.2698514 
0.2693832 
0.2685428 
0.2646574 
0.2626226 
0.2585685 
0.2612842 
0.2596231 
0.2569320 
0.2550826 
0.2528732 
0.2496803 
0.2503548 
0.2585354 
0.2614137 
0.2537914 
0.2526289 
0.2438719 
0.2465854 
0.2408924 
0.2389459 
0.2426124 
0.2420756 
0.2472900 
0.2420515 
0.2419713 
0.2361314 
0.2339457 
0.2318707 
0.2344328 
0.2393193 
0.2405858 
0.2470271 
0.2531080 
0.2513184 
0.2487660 
0.2349949 
0.2372135 
0.2388584 
0.2455469 
0.2465131 
0.2473961 
0.2453269 
0.2480450 
0.2403595 
0.2361289 
0.2314811 
0.2344032 
0.2355801 
0.2334730 
0.2274727 
0.2267706 
0.2220406 
0.2209881 
0.2243268 
0.2264504 
0.2285420 
0.2268173 
0.2270214 
0.2260908 
0.2296603 
0.2282943 
0.2266005 
0.2255909 
0.2221773 
0.2217709 
0.2178562 
0.2213056 
0.2219405 
0.2217863 
0.2199113 
0.2190829 
0.2193485 
0.2191915 
0.2178295 
0.2200578 
0.2176382 
0.2145199 
0.2139639 
0.2139171 
0.2149369 
0.2148840 
0.2143544 
0.2138424 
0.2136679 
0.2101014 
0.2126018 
0.2097977 
0.2127535 
0.2108103 
0.2109591 
0.2087422 
0.2051050 
0.2002406 
0.1981493 
0.1988854 
0.2021612 
0.2019712 
0.2015617 
0.2021469 
0.2002791 
0.1975378 
0.1939052 
0.1936238 
0.1942255 
0.1944822 
0.2143834 
0.2204089 
0.2258452 
0.2267643 
0.2282211 
0.2267993 
0.2189272 
0.2065576 
0.2044119 
0.2062351 
0.2046687 
0.2037839 
0.2052278 
0.2037443 
0.2026524 
0.1997899 
0.2014710 
0.2019721 
0.2033781 
0.2031766 
0.2015110 
0.1994372 
0.1967559 
0.1989447 
0.1928482 
0.1922869 
0.1969974 
0.1947592 
0.1906592 
0.1921320 
0.1966325 
0.1944751 
0.1871803 
0.1892863 
0.1925461 
0.1898847 
0.1955883 
0.1937252 
0.1896852 
0.1890408 
0.1884433 
0.1884107 
0.1877758 
0.1884793 
0.1845669 
0.1877963 
0.1883734 
0.1865046 
0.1876463 
0.1895151 
0.1883645 
0.1883653 
0.1895473 
0.1876455 
0.1884713 
0.1851979 
0.1827349 
0.1813137 
0.1745734 
0.1787937 
0.1805823 
0.1840182 
0.1862033 
0.1832328 
0.1815150 
0.1763402 
0.1763801 
0.1724386 
0.1725808 
0.1774904 
0.1730677 
0.1707136 
0.1726423 
0.1693545 
0.1692331 
0.1710377 
0.1707186 
0.1697471 
0.1683175 
0.1711901 
0.1682910 
0.1647069 
0.1634471 
0.1628232 
0.1595557 
0.1602791 
0.1609254 
0.1596608 
0.1572149 
0.1584353 
0.1591707 
0.1591605 
0.1591999 
0.1669060 
0.1674052 
0.1704152 
0.1727329 
0.1743464 
0.1710453 
0.1667725 
0.1630052 
0.1628167 
0.1622742 
0.1597709 
0.1603534 
0.1611245 
0.1639014 
0.1613618 
0.1603435 
0.1565990 
0.1556722 
0.1544054 
0.1504579 
0.1520434 
0.1466437 
0.1465545 
0.1496708 
0.1503303 
0.1452697 
0.1447001 
0.1482380 
0.1465664 
0.1439228 
0.1438077 
0.1449122 
0.1465309 
0.1433698 
0.1421277 
0.1423543 
0.1421054 
0.1428932 
0.1419441 
0.1398583 
0.1455759 
0.1391510 
0.1314519 
0.1306499 
0.1302215 
0.1311947 
0.1325658 
0.1261914 
0.1245134 
0.1234326 
0.1239537 
0.1254124 
0.1273949 
0.1213307 
0.1276044 
0.1235731 
0.1276157 
0.1281335 
0.1298333 
0.1244887 
0.1256062 
0.1225305 
0.1271606 
0.1230458 
0.1238878 
0.1239629 
0.1239441 
0.1207720 
0.1226161 
0.1282354 
0.1329897 
0.1332732 
0.1321928 
0.1283855 
0.1243062 
0.1235964 
0.1232492 
0.1234320 
0.1242858 
0.1231976 
0.1274256 
0.1239198 
0.1234301 
0.1311044 
0.1294711 
0.1252404 
0.1233474 
0.1226423 
0.1184296 
0.1245321 
0.1285756 
0.1246082 
0.1232704 
0.1253307 
0.1221485 
0.1158987 
0.1157053 
0.1161421 
0.1133352 
0.1114100 
0.1062770 
0.1045944 
0.1061774 
0.1058611 
0.1071077 
0.1054624 
0.1048180 
0.1069563 
0.1098947 
0.1089197 
0.1074068 
0.1068518 
0.1160145 
0.1219125 
0.1290661 
0.1296525 
0.1288261 
0.1259264 
0.1142148 
0.1045353 
0.1010839 
0.0985751 
0.0960834 
0.0909531 
0.0928126 
0.0897784 
0.0869202 
0.0861823 
0.0870312 
0.0847123 
0.0844769 
0.0846408 
0.0861222 
0.0865180 
0.0883144 
0.0859040 
0.0847634 
0.0861267 
0.0880084 
0.0885172 
0.0838870 
0.0873578 
0.0865117 
0.0886246 
0.0844717 
0.0888619 
0.0876160 
0.0865390 
0.0877533 
0.0897644 
0.0932923 
0.0958591 
0.0943732 
0.0944469 
0.0910661 
0.0931190 
0.0936215 
0.0890035 
0.0903517 
0.0886269 
0.0859167 
0.0851727 
0.0784367 
0.0761077 
0.0807559 
0.0775615 
0.0757770 
0.0760998 
0.0777740 
0.0748948 
0.0740258 
0.0703874 
0.0705916 
0.0697726 
0.0663187 
0.0611799 
0.0687554 
0.0661133 
0.0663054 
0.0745115 
0.0724917 
0.0717856 
0.0671418 
0.0659717 
0.0601778 
0.0602708 
0.0588169 
0.0562595 
0.0551940 
0.0565969 
0.0584214 
0.0579937 
0.0569908 
0.0516169 
0.0461488 
0.0425246 
0.0444616 
0.0453911 
0.0455521 
0.0445013 
0.0413805 
0.0404058 
0.0434362 
0.0488384 
0.0550722 
0.0548300 
0.0561451 
0.0547884 
0.0540000 
0.0468000 
0.0451413 
0.0463574 
0.0501545 
0.0527029 
0.0477242 
0.0512566 
0.0503747 
0.0482170 
0.0465237 
0.0488989 
0.0530897 
0.0498882 
0.0515680 
0.0465957 
0.0497739 
0.0444888 
0.0457321 
0.0419123 
0.0426842 
0.0369656 
0.0452720 
0.0494214 
0.0492955 
0.0496585 
0.0490705 
0.0452234 
0.0424976 
0.0396351 
0.0418749 
0.0481755 
0.0527778 
0.0522799 
0.0493972 
0.0499562 
0.0477568 
0.0528353 
0.0521924 
0.0527482 
0.0500920 
0.0461930 
0.0457667 
0.0471200 
0.0523386 
0.0468736 
0.0458888 
0.0509858 
0.0508079 
0.0540422 
0.0534388 
0.0490627 
0.0326829 
0.0300573 
0.0297003 
0.0246090 
0.0219136 
0.0226916 
0.0193299 
0.0226261 
0.0269775 
0.0262884 
0.0277663 
0.0243127 
0.0221495 
0.0259916 
0.0244238 
0.0250582 
0.0303128 
0.0287117 
0.0243249 
0.0261532 
0.0264144 
0.0241948 
0.0236069 
0.0239818 
0.0243710 
0.0259145 
0.0199463 
0.0211586 
0.0202312 
0.0198988 
0.0204414 
0.0183634 
0.0115302 
0.0059114 
0.0089369 
0.0165173 
0.0164234 
0.0170335 
0.0159759 
0.0194635 
0.0181409 
0.0169891 
0.0147899 
0.0202538 
0.0203478 
0.0196451 
0.0178332 
0.0199979 
0.0174165 
0.0161106 
0.0248487 
0.0262924 
0.0290398 
0.0267439 
0.0152894 
0.0115517 
0.0070522 
0.0063212 
0.0062521 
0.0105343 
0.0122519 
0.0107102 
0.0094734 
0.0036946 
0.0056665 
0.0105529 
0.0068081 
0.0030230 
0.0010440 
0.0007039 
0.0029513 
0.0027625 
0.0017978 
0.0000000 
0.0006776 
