0.0001520 
0.0001181 
-0.0001198 
0.2841583 
0.1564906 
0.4549083 
1.0000000 
0.9973081 
0.9906147 
0.9864772 
0.9699625 
0.9517046 
0.9518824 
0.9656929 
0.9668166 
0.9577388 
0.9620631 
0.9513365 
0.9518900 
0.9535384 
0.9598317 
0.9638399 
0.9602654 
0.9565731 
0.9493610 
0.9437031 
0.9434433 
0.9409120 
0.9379845 
0.9435491 
0.9438880 
0.9518702 
0.9512732 
0.9538503 
0.9548748 
0.9588006 
0.9503868 
0.9465459 
0.9476668 
0.9414972 
0.9443465 
0.9416342 
0.9362085 
0.9361431 
0.9408073 
0.9467574 
0.9452764 
0.9400877 
0.9297439 
0.9290823 
0.9332953 
0.9322601 
0.9296419 
0.9293739 
0.9275593 
0.9139458 
0.9042339 
0.8954217 
0.8904168 
0.8902869 
0.8942295 
0.9056655 
0.9091526 
0.9100442 
0.9138428 
0.9252108 
0.9188195 
0.9095586 
0.8937757 
0.8817159 
0.8868674 
0.8956251 
0.9070661 
0.9211593 
0.9266537 
0.9320702 
0.9217912 
0.9101048 
0.8974275 
0.8895060 
0.8937430 
0.9019993 
0.9117924 
0.9065461 
0.9041065 
0.9009559 
0.9032991 
0.8984242 
0.8929597 
0.8830184 
0.8746795 
0.8650867 
0.8611601 
0.8677301 
0.8760098 
0.8899319 
0.8919933 
0.8865077 
0.8743701 
0.8625470 
0.8711002 
0.8660009 
0.8623901 
0.8746593 
0.8944389 
0.9079169 
0.9102126 
0.9095437 
0.8973789 
0.8840628 
0.8698481 
0.8624620 
0.8632632 
0.8627600 
0.8692488 
0.8728993 
0.8785191 
0.8805535 
0.8767449 
0.8772105 
0.8764838 
0.8748951 
0.8532488 
0.8434256 
0.8434051 
0.8336315 
0.8291320 
0.8312206 
0.8323425 
0.8377861 
0.8412034 
0.8428416 
0.8518490 
0.8560212 
0.8576069 
0.8654235 
0.8667938 
0.8662307 
0.8720487 
0.8736959 
0.8700318 
0.8611621 
0.8503702 
0.8504966 
0.8480164 
0.8510457 
0.8627157 
0.8829802 
0.8943245 
0.8951347 
0.8912361 
0.8867856 
0.8783404 
0.8666670 
0.8613810 
0.8540107 
0.8482831 
0.8463100 
0.8421132 
0.8357716 
0.8277362 
0.8415489 
0.8555959 
0.8624224 
0.8652675 
0.8611283 
0.8531684 
0.8418198 
0.8333638 
0.8264367 
0.8353554 
0.8530207 
0.8715011 
0.8728071 
0.8667356 
0.8577997 
0.8466064 
0.8429018 
0.8394104 
0.8531422 
0.8626455 
0.8643847 
0.8587537 
0.8464950 
0.8387060 
0.8363373 
0.8357991 
0.8313797 
0.8294335 
0.8417261 
0.8351513 
0.8341893 
0.8324138 
0.8288799 
0.8164331 
0.8195891 
0.8240888 
0.8339178 
0.8336288 
0.8342212 
0.8458134 
0.8494465 
0.8502539 
0.8577078 
0.8551896 
0.8567055 
0.8571925 
0.8547836 
0.8509947 
0.8462079 
0.8382770 
0.8357481 
0.8300060 
0.8323119 
0.8354302 
0.8494144 
0.8552194 
0.8614961 
0.8599716 
0.8596653 
0.8623626 
0.8639440 
0.8693752 
0.8694517 
0.8647128 
0.8555786 
0.8483392 
0.8433514 
0.8297076 
0.8235177 
0.8275442 
0.8301606 
0.8348718 
0.8428660 
0.8389342 
0.8383969 
0.8359419 
0.8444003 
0.8455310 
0.8567544 
0.8578354 
0.8631980 
0.8515590 
0.8379332 
0.8360740 
0.8358556 
0.8352258 
0.8322311 
0.8327301 
0.8291294 
0.8313856 
0.8332151 
0.8386429 
0.8443930 
0.8434267 
0.8463541 
0.8413527 
0.8371875 
0.8284806 
0.8173436 
0.8096379 
0.8086280 
0.8114267 
0.8176823 
0.8182134 
0.8135411 
0.8099915 
0.8020670 
0.7993796 
0.7991227 
0.7933433 
0.8038963 
0.7994327 
0.8032506 
0.7997263 
0.7971914 
0.7931578 
0.7908111 
0.8023553 
0.8084082 
0.8136940 
0.8213923 
0.8266304 
0.8245649 
0.8256885 
0.8196743 
0.8151029 
0.8132078 
0.8041132 
0.8115421 
0.8132588 
0.8123393 
0.8157195 
0.8148938 
0.8118153 
0.8005341 
0.7914206 
0.7865452 
0.7839731 
0.7846473 
0.7913780 
0.8031928 
0.8083977 
0.8110464 
0.8029856 
0.7935297 
0.7948779 
0.8010451 
0.8045320 
0.7975026 
0.8014994 
0.7975440 
0.7974905 
0.7928905 
0.7894035 
0.7804563 
0.7772315 
0.7734194 
0.7801593 
0.7856821 
0.7883870 
0.7895202 
0.7930152 
0.7915467 
0.7935190 
0.7915554 
0.7954616 
0.7967395 
0.7923128 
0.7872512 
0.7834636 
0.7914965 
0.7888480 
0.7850651 
0.7733240 
0.7711336 
0.7647472 
0.7565630 
0.7561756 
0.7574470 
0.7672171 
0.7690841 
0.7725263 
0.7774556 
0.7796840 
0.7860953 
0.7762413 
0.7691373 
0.7587634 
0.7583167 
0.7576187 
0.7578343 
0.7612855 
0.7594057 
0.7581595 
0.7604650 
0.7577994 
0.7529823 
0.7496533 
0.7575977 
0.7691658 
0.7806240 
0.7875398 
0.7878071 
0.7943143 
0.8002080 
0.7874139 
0.7712570 
0.7542738 
0.7384215 
0.7258716 
0.7246787 
0.7250337 
0.7299121 
0.7416045 
0.7449852 
0.7539389 
0.7631602 
0.7681755 
0.7764313 
0.7806979 
0.7795679 
0.7706727 
0.7572901 
0.7337050 
0.7150157 
0.7047579 
0.6904569 
0.6918820 
0.7011030 
0.7090183 
0.7236372 
0.7433986 
0.7660991 
0.7854339 
0.8058011 
0.8169654 
0.8013476 
0.7841673 
0.7619889 
0.7441107 
0.7274693 
0.7158724 
0.7130773 
0.7150593 
0.7190369 
0.7328517 
0.7499174 
0.7593102 
0.7789958 
0.7928045 
0.7997103 
0.7982710 
0.7817665 
0.7642661 
0.7428626 
0.7211098 
0.7052315 
0.6922025 
0.6844375 
0.6859757 
0.6892458 
0.6974479 
0.7198868 
0.7503766 
0.7733604 
0.7961040 
0.8045419 
0.7997585 
0.7878517 
0.7686245 
0.7465377 
0.7323984 
0.7152043 
0.6990977 
0.6911512 
0.6836338 
0.6831036 
0.6929032 
0.7085004 
0.7298974 
0.7400979 
0.7489645 
0.7476522 
0.7526069 
0.7596068 
0.7504256 
0.7379784 
0.7223940 
0.7033779 
0.6854009 
0.6780015 
0.6697248 
0.6767276 
0.6810683 
0.6927354 
0.7046528 
0.7115428 
0.7083803 
0.7085344 
0.7024681 
0.6832508 
0.6777481 
0.6780466 
0.6669283 
0.6664413 
0.6669659 
0.6739508 
0.6812533 
0.6876185 
0.6870757 
0.6782353 
0.6656084 
0.6516004 
0.6437227 
0.6389642 
0.6489722 
0.6476808 
0.6448534 
0.6449936 
0.6463194 
0.6366923 
0.6294386 
0.6274409 
0.6277668 
0.6541896 
0.6789589 
0.7060083 
0.7206568 
0.7362395 
0.7388090 
0.7448140 
0.7500573 
0.7689364 
0.7750533 
0.7803589 
0.7732311 
0.7631736 
0.7524167 
0.7431594 
0.7348124 
0.7349412 
0.7322022 
0.7272955 
0.7233803 
0.7184525 
0.7142085 
0.7086785 
0.6993556 
0.6946961 
0.6875383 
0.6714869 
0.6661476 
0.6688998 
0.6710475 
0.6767772 
0.6855051 
0.6898097 
0.6860185 
0.6842692 
0.6795868 
0.6690279 
0.6654294 
0.6618279 
0.6635621 
0.6629916 
0.6647661 
0.6713379 
0.6772275 
0.6751582 
0.6766568 
0.6791788 
0.6739304 
0.6660529 
0.6653452 
0.6744934 
0.6892353 
0.6995948 
0.7050264 
0.7028133 
0.6949820 
0.6972569 
0.6931972 
0.6923162 
0.6799767 
0.6758815 
0.6798437 
0.6927145 
0.7008785 
0.7008183 
0.7036105 
0.6956056 
0.6854178 
0.6725158 
0.6679713 
0.6475150 
0.6318411 
0.6292126 
0.6352581 
0.6557195 
0.6689450 
0.6640384 
0.6529074 
0.6494693 
0.6527382 
0.6453136 
0.6450478 
0.6403730 
0.6264819 
0.6331365 
0.6431054 
0.6572977 
0.6690275 
0.6722458 
0.6720767 
0.6645008 
0.6578087 
0.6620501 
0.6619661 
0.6503961 
0.6418373 
0.6381389 
0.6415688 
0.6546643 
0.6586113 
0.6645636 
0.6561493 
0.6455069 
0.6372382 
0.6368774 
0.6308491 
0.6178196 
0.6051808 
0.6011555 
0.6087953 
0.6198274 
0.6306117 
0.6373862 
0.6327424 
0.6235565 
0.6191071 
0.6151480 
0.6059556 
0.5989291 
0.5957684 
0.6014340 
0.6021244 
0.6180753 
0.6325890 
0.6427550 
0.6391158 
0.6360476 
0.6270872 
0.6165612 
0.6039431 
0.6000956 
0.5958882 
0.5969553 
0.5962021 
0.6063116 
0.6175574 
0.6284247 
0.6277092 
0.6254062 
0.6289088 
0.6188639 
0.6168066 
0.6129757 
0.6065740 
0.6087172 
0.6083114 
0.6100471 
0.6124032 
0.6112978 
0.6083918 
0.6086426 
0.6079437 
0.6042009 
0.6050549 
0.6063472 
0.5938354 
0.5996463 
0.5954312 
0.5911457 
0.5936709 
0.6116496 
0.6066009 
0.6110410 
0.6154413 
0.6207734 
0.6188948 
0.6175243 
0.6191504 
0.6107392 
0.6067563 
0.6045063 
0.5965677 
0.5933737 
0.5907575 
0.5792294 
0.5751755 
0.5741381 
0.5774336 
0.5804041 
0.5857521 
0.5866819 
0.5902230 
0.5840058 
0.5811245 
0.5789080 
0.5839731 
0.5878164 
0.5935947 
0.6009023 
0.6014522 
0.6006819 
0.6015259 
0.6030473 
0.6017080 
0.6057699 
0.6064062 
0.6051514 
0.6031587 
0.5963548 
0.5833699 
0.5781229 
0.5769640 
0.5804941 
0.5923245 
0.5972357 
0.6078333 
0.6070078 
0.6083810 
0.6037031 
0.6021509 
0.5987008 
0.5923491 
0.5897983 
0.5903134 
0.5896578 
0.5908822 
0.5793917 
0.5758615 
0.5719647 
0.5765435 
0.5747981 
0.5759959 
0.5763561 
0.5725591 
0.5737389 
0.5700241 
0.5571064 
0.5539988 
0.5547670 
0.5656678 
0.5800151 
0.5838105 
0.5890550 
0.5985086 
0.5961718 
0.5881961 
0.5831690 
0.5864388 
0.5955656 
0.6020391 
0.5911569 
0.5885495 
0.5870268 
0.5767424 
0.5690948 
0.5678917 
0.5686048 
0.5719171 
0.5742566 
0.5757520 
0.5785020 
0.5753329 
0.5798593 
0.5738834 
0.5832903 
0.5875406 
0.5931794 
0.5883364 
0.5886057 
0.5780889 
0.5757149 
0.5770357 
0.5837622 
0.5920929 
0.5951329 
0.5976767 
0.5947829 
0.5818581 
0.5819506 
0.5846080 
0.5858815 
0.5886863 
0.5886198 
0.5894884 
0.5823316 
0.5697909 
0.5596056 
0.5577920 
0.5728153 
0.5827487 
0.5862925 
0.5856159 
0.5771572 
0.5703905 
0.5630669 
0.5709189 
0.5840871 
0.5855647 
0.5802989 
0.5828129 
0.5746405 
0.5652835 
0.5594772 
0.5680493 
0.5754695 
0.5801358 
0.5640344 
0.5525272 
0.5388215 
0.5236095 
0.5224796 
0.5258724 
0.5377569 
0.5492665 
0.5595909 
0.5620500 
0.5649427 
0.5641804 
0.5592363 
0.5648477 
0.5638203 
0.5550403 
0.5586657 
0.5604974 
0.5568813 
0.5576916 
0.5468221 
0.5483324 
0.5493642 
0.5525278 
0.5402184 
0.5366168 
0.5365836 
0.5382018 
0.5515847 
0.5650695 
0.5727940 
0.5816634 
0.5704741 
0.5684711 
0.5744797 
0.5772948 
0.5731439 
0.5596268 
0.5565043 
0.5512857 
0.5522049 
0.5476758 
0.5500325 
0.5369571 
0.5267889 
0.5244550 
0.5187315 
0.5200523 
0.5283943 
0.5293700 
0.5421662 
0.5440800 
0.5460595 
0.5412376 
0.5385546 
0.5284897 
0.5257085 
0.5224557 
0.5245879 
0.5237631 
0.5266628 
0.5388520 
0.5440529 
0.5429240 
0.5418836 
0.5310059 
0.5293631 
0.5221032 
0.5131376 
0.5164487 
0.5191154 
0.5266859 
0.5281056 
0.5242107 
0.5294335 
0.5313501 
0.5383170 
0.5413858 
0.5463654 
0.5362253 
0.5350577 
0.5367719 
0.5251254 
0.5258876 
0.5215257 
0.5205629 
0.5209033 
0.5138791 
0.5212161 
0.5318695 
0.5321883 
0.5322390 
0.5334001 
0.5399762 
0.5326049 
0.5275118 
0.5199105 
0.5214658 
0.5200844 
0.5259237 
0.5218798 
0.5143614 
0.5138298 
0.5236647 
0.5232838 
0.5170005 
0.5130610 
0.5160006 
0.5112272 
0.5162380 
0.5187139 
0.5190817 
0.5202652 
0.5192529 
0.5179251 
0.5184441 
0.5195061 
0.5213891 
0.5240038 
0.5142142 
0.5070678 
0.5053225 
0.5113874 
0.5196731 
0.5212787 
0.5336792 
0.5390653 
0.5358954 
0.5320386 
0.5339441 
0.5260820 
0.5189952 
0.5241347 
0.5166890 
0.5066348 
0.5117323 
0.5198155 
0.5170327 
0.5143766 
0.5099580 
0.5058289 
0.5060196 
0.5088617 
0.5094178 
0.5101828 
0.5165672 
0.5175522 
0.5247852 
0.5306570 
0.5336059 
0.5227116 
0.5130784 
0.5063616 
0.5021246 
0.5049309 
0.5055532 
0.5093603 
0.5043692 
0.5035348 
0.4985441 
0.4982814 
0.4970568 
0.4969639 
0.5006060 
0.5091187 
0.5144841 
0.5227276 
0.5283895 
0.5220377 
0.5195395 
0.5138517 
0.5272814 
0.5184123 
0.5137082 
0.5153087 
0.5136148 
0.5198910 
0.5253250 
0.5330090 
0.5357672 
0.5351883 
0.5320317 
0.5206976 
0.5135093 
0.5128775 
0.5107014 
0.5125908 
0.5170020 
0.5113707 
0.5149729 
0.5240324 
0.5071496 
0.5103160 
0.4958882 
0.4832821 
0.4797412 
0.4781340 
0.4920906 
0.5093916 
0.5263781 
0.5307300 
0.5319663 
0.5348802 
0.5300056 
0.5253638 
0.5156964 
0.5050486 
0.4923189 
0.4906293 
0.4965721 
0.5020796 
0.5066541 
0.5156751 
0.5146831 
0.5120531 
0.5027845 
0.5132506 
0.5106440 
0.5097748 
0.5030097 
0.4959139 
0.5001537 
0.5145451 
0.5206891 
0.5132868 
0.5064820 
0.4982511 
0.4930089 
0.4850183 
0.4908688 
0.4917907 
0.4869778 
0.4898353 
0.4864771 
0.4849628 
0.5041581 
0.5061922 
0.4957582 
0.4960576 
0.4879318 
0.4816185 
0.4789596 
0.4791362 
0.4790344 
0.4834078 
0.4929351 
0.4937372 
0.4933288 
0.4738961 
0.4656052 
0.4559632 
0.4514705 
0.4574394 
0.4760580 
0.4816974 
0.4896694 
0.4867701 
0.4842274 
0.4755069 
0.4723596 
0.4845102 
0.5024719 
0.4982873 
0.4999615 
0.4858343 
0.4701127 
0.4644872 
0.4673591 
0.4798875 
0.4921670 
0.4877092 
0.4818038 
0.4728529 
0.4607569 
0.4647888 
0.4738655 
0.4892409 
0.5008340 
0.5056296 
0.5005449 
0.4860454 
0.4705560 
0.4559461 
0.4493733 
0.4555227 
0.4698759 
0.4772213 
0.4841436 
0.4826719 
0.4749792 
0.4794197 
0.4871566 
0.4936512 
0.4922592 
0.4918567 
0.4829677 
0.4602862 
0.4484987 
0.4525397 
0.4695037 
0.4838203 
0.4907098 
0.4840133 
0.4775847 
0.4656084 
0.4518834 
0.4559341 
0.4625808 
0.4757668 
0.4819851 
0.4851945 
0.4826858 
0.4750917 
0.4775232 
0.4807777 
0.4791405 
0.4816146 
0.4875840 
0.4804383 
0.4800079 
0.4743648 
0.4711103 
0.4513899 
0.4373468 
0.4310430 
0.4288404 
0.4284733 
0.4256464 
0.4197647 
0.4192525 
0.4225380 
0.4286380 
0.4330548 
0.4359146 
0.4393933 
0.4428507 
0.4461157 
0.4425824 
0.4422071 
0.4444279 
0.4529148 
0.4473797 
0.4509565 
0.4548636 
0.4577326 
0.4603280 
0.4540933 
0.4459273 
0.4452520 
0.4430487 
0.4406773 
0.4275316 
0.4261930 
0.4311828 
0.4424813 
0.4512139 
0.4594522 
0.4497752 
0.4554962 
0.4597603 
0.4523760 
0.4553275 
0.4507587 
0.4480357 
0.4511359 
0.4514845 
0.4519193 
0.4403655 
0.4371264 
0.4371048 
0.4324974 
0.4395624 
0.4428869 
0.4370039 
0.4252569 
0.4212694 
0.4237357 
0.4202210 
0.4223925 
0.4177110 
0.4207118 
0.4224585 
0.4255761 
0.4251902 
0.4186831 
0.4159076 
0.4190841 
0.4192087 
0.4115078 
0.4067526 
0.4076988 
0.4103924 
0.4134226 
0.4104239 
0.4171425 
0.4206156 
0.4165789 
0.4187136 
0.4209330 
0.4224450 
0.4182127 
0.4137249 
0.4089017 
0.4089927 
0.4054675 
0.4142590 
0.4260012 
0.4357586 
0.4333069 
0.4367291 
0.4373809 
0.4279377 
0.4144509 
0.4055744 
0.4030926 
0.3946678 
0.3954436 
0.4171064 
0.4252642 
0.4298469 
0.4350399 
0.4341990 
0.4297472 
0.4166733 
0.4085410 
0.4079599 
0.4032899 
0.3982194 
0.3948252 
0.4003248 
0.4093060 
0.4067617 
0.4017836 
0.4013392 
0.3930883 
0.3888060 
0.3868997 
0.3833855 
0.3879939 
0.3855174 
0.3912820 
0.3862086 
0.3818436 
0.3699159 
0.3578771 
0.3678308 
0.3670863 
0.3644385 
0.3654451 
0.3651431 
0.3741118 
0.3724862 
0.3738797 
0.3750264 
0.3702366 
0.3636794 
0.3593468 
0.3571686 
0.3495396 
0.3496130 
0.3501885 
0.3528587 
0.3528154 
0.3520550 
0.3508243 
0.3461252 
0.3371101 
0.3338084 
0.3303021 
0.3378841 
0.3378810 
0.3441720 
0.3391275 
0.3439084 
0.3476333 
0.3414354 
0.3403360 
0.3443030 
0.3479605 
0.3437049 
0.3376694 
0.3318966 
0.3282107 
0.3336714 
0.3359632 
0.3442886 
0.3479075 
0.3459806 
0.3450960 
0.3383461 
0.3275333 
0.3213119 
0.3223509 
0.3245749 
0.3212351 
0.3260715 
0.3311006 
0.3398568 
0.3454345 
0.3565663 
0.3763909 
0.3838820 
0.3844321 
0.3830731 
0.3799694 
0.3755612 
0.3723273 
0.3720804 
0.3693042 
0.3603933 
0.3563486 
0.3497284 
0.3525972 
0.3488893 
0.3506349 
0.3498714 
0.3506285 
0.3463518 
0.3454522 
0.3445531 
0.3426066 
0.3381611 
0.3344076 
0.3235966 
0.3180989 
0.3129318 
0.3088394 
0.3136643 
0.3203479 
0.3221468 
0.3259121 
0.3253761 
0.3211890 
0.3291581 
0.3314122 
0.3293967 
0.3339426 
0.3358892 
0.3461602 
0.3452078 
0.3591569 
0.3649261 
0.3637783 
0.3597288 
0.3586420 
0.3637064 
0.3624414 
0.3634106 
0.3560666 
0.3443959 
0.3369044 
0.3349903 
0.3313537 
0.3457171 
0.3492047 
0.3420947 
0.3394799 
0.3360218 
0.3407069 
0.3397140 
0.3366267 
0.3266472 
0.3240847 
0.3172483 
0.3222253 
0.3221364 
0.3111573 
0.2981557 
0.2905861 
0.2943829 
0.3017885 
0.3088919 
0.3096883 
0.3093135 
0.3138242 
0.3185736 
0.3245812 
0.3347269 
0.3290225 
0.3201783 
0.3171332 
0.3154222 
0.3126584 
0.3080337 
0.2977124 
0.2950666 
0.2982933 
0.3001021 
0.3089550 
0.3111464 
0.3199752 
0.3198652 
0.3252707 
0.3342623 
0.3347279 
0.3400391 
0.3409350 
0.3390848 
0.3412885 
0.3496557 
0.3502730 
0.3488146 
0.3421086 
0.3433735 
0.3436938 
0.3415609 
0.3470741 
0.3470050 
0.3492897 
0.3518107 
0.3541965 
0.3577180 
0.3536096 
0.3573790 
0.3596306 
0.3623715 
0.3604514 
0.3600482 
0.3529700 
0.3484744 
0.3521139 
0.3614334 
0.3682603 
0.3735428 
0.3759578 
0.3769302 
0.3782683 
0.3678961 
0.3631245 
0.3521120 
0.3496708 
0.3417805 
0.3334500 
0.3258824 
0.3255181 
0.3302636 
0.3254593 
0.3169007 
0.3106844 
0.3069423 
0.3083718 
0.3145524 
0.3183857 
0.3230021 
0.3243519 
0.3273305 
0.3247593 
0.3327309 
0.3409178 
0.3459010 
0.3506897 
0.3560352 
0.3560757 
0.3603526 
0.3579703 
0.3582979 
0.3586314 
0.3449956 
0.3434411 
0.3438822 
0.3451481 
0.3444120 
0.3415481 
0.3421904 
0.3472757 
0.3449054 
0.3463322 
0.3496337 
0.3497340 
0.3461637 
0.3486448 
0.3524843 
0.3427551 
0.3366434 
0.3311482 
0.3206904 
0.3200963 
0.3280766 
0.3293264 
0.3298578 
0.3257575 
0.3205244 
0.3194450 
0.3328635 
0.3285726 
0.3249268 
0.3262572 
0.3083957 
0.3103626 
0.3217085 
0.3283165 
0.3330124 
0.3300220 
0.3279955 
0.3228815 
0.3263879 
0.3288445 
0.3221793 
0.3123677 
0.3095092 
0.3097110 
0.3048489 
0.2981213 
0.2935677 
0.2976288 
0.2891985 
0.2897850 
0.2864241 
0.2850360 
0.2800800 
0.2730617 
0.2715351 
0.2752791 
0.2774202 
0.2836226 
0.2881895 
0.2937080 
0.2962801 
0.2921265 
0.2794166 
0.2767347 
0.2733561 
0.2780450 
0.2833072 
0.2801606 
0.2755969 
0.2745237 
0.2651711 
0.2637433 
0.2649630 
0.2638595 
0.2650009 
0.2690128 
0.2676235 
0.2683939 
0.2757342 
0.2861519 
0.2820495 
0.2775419 
0.2688940 
0.2680900 
0.2677935 
0.2736229 
0.2804000 
0.2806449 
0.2821496 
0.2813805 
0.2716738 
0.2653655 
0.2577865 
0.2568698 
0.2561887 
0.2491058 
0.2504575 
0.2458689 
0.2475198 
0.2450604 
0.2399567 
0.2368571 
0.2297938 
0.2396753 
0.2448150 
0.2546111 
0.2607538 
0.2674703 
0.2709054 
0.2758370 
0.2725680 
0.2733796 
0.2768042 
0.2643541 
0.2643333 
0.2639927 
0.2673050 
0.2742302 
0.2786711 
0.2855303 
0.2855686 
0.2932211 
0.2919852 
0.2881666 
0.2813858 
0.2752472 
0.2808452 
0.2844070 
0.2859008 
0.2896546 
0.2841999 
0.2741546 
0.2716708 
0.2761812 
0.2805120 
0.2878541 
0.2880702 
0.2869899 
0.2867906 
0.2781719 
0.2684365 
0.2490219 
0.2519544 
0.2526304 
0.2502870 
0.2445331 
0.2494728 
0.2599535 
0.2690521 
0.2673232 
0.2629003 
0.2490715 
0.2438975 
0.2549264 
0.2586539 
0.2661398 
0.2702207 
0.2668110 
0.2618315 
0.2534051 
0.2468342 
0.2359184 
0.2406777 
0.2411368 
0.2390578 
0.2347629 
0.2313749 
0.2118139 
0.2104312 
0.2124355 
0.2113160 
0.2121352 
0.2231398 
0.2209596 
0.2235395 
0.2294447 
0.2331990 
0.2356113 
0.2353993 
0.2436995 
0.2432972 
0.2444134 
0.2360674 
0.2279763 
0.2223246 
0.2300037 
0.2341451 
0.2401451 
0.2403909 
0.2468599 
0.2516093 
0.2586655 
0.2539341 
0.2504449 
0.2501235 
0.2499612 
0.2523424 
0.2398501 
0.2409317 
0.2405148 
0.2460897 
0.2525265 
0.2558987 
0.2615458 
0.2582306 
0.2550883 
0.2550490 
0.2551926 
0.2554932 
0.2550670 
0.2592532 
0.2580435 
0.2526300 
0.2511491 
0.2477057 
0.2384748 
0.2449536 
0.2396796 
0.2370642 
0.2381401 
0.2445697 
0.2498664 
0.2556547 
0.2569528 
0.2588888 
0.2566229 
0.2526152 
0.2500790 
0.2439082 
0.2301629 
0.2247127 
0.2324244 
0.2298764 
0.2256758 
0.2265701 
0.2262650 
0.2260301 
0.2303690 
0.2353267 
0.2442075 
0.2481202 
0.2560597 
0.2690122 
0.2736567 
0.2753072 
0.2762652 
0.2756376 
0.2693271 
0.2622605 
0.2601155 
0.2508983 
0.2476832 
0.2404162 
0.2372340 
0.2331619 
0.2374014 
0.2369854 
0.2358177 
0.2384662 
0.2356091 
0.2325254 
0.2395763 
0.2418111 
0.2443989 
0.2425874 
0.2356064 
0.2220918 
0.2145921 
0.2028590 
0.1963359 
0.1899466 
0.1876939 
0.1838180 
0.1865881 
0.1847404 
0.1925984 
0.2052771 
0.2092199 
0.2187727 
0.2248263 
0.2389449 
0.2389118 
0.2394565 
0.2422443 
0.2360510 
0.2378457 
0.2415828 
0.2429121 
0.2400772 
0.2328207 
0.2306373 
0.2403822 
0.2505681 
0.2635189 
0.2674154 
0.2699448 
0.2631233 
0.2485281 
0.2229007 
0.2208347 
0.2242053 
0.2267565 
0.2282903 
0.2189863 
0.2230473 
0.2270489 
0.2287278 
0.2336474 
0.2467228 
0.2538321 
0.2546624 
0.2578905 
0.2600067 
0.2608246 
0.2600830 
0.2606715 
0.2665804 
0.2699711 
0.2716167 
0.2776964 
0.2746546 
0.2689434 
0.2566670 
0.2464391 
0.2398554 
0.2283433 
0.2093312 
0.1998612 
0.1914036 
0.1867661 
0.1735380 
0.1748908 
0.1780800 
0.1748471 
0.1752025 
0.1733196 
0.1706015 
0.1605460 
0.1548995 
0.1505454 
0.1415986 
0.1296459 
0.1356728 
0.1375786 
0.1376961 
0.1403081 
0.1474563 
0.1539924 
0.1601116 
0.1697577 
0.1776636 
0.1752682 
0.1773607 
0.1888468 
0.1846393 
0.1849898 
0.1910034 
0.2001964 
0.2016065 
0.2008063 
0.2025691 
0.1985039 
0.1946137 
0.1913619 
0.1868119 
0.1923822 
0.1972646 
0.2036161 
0.2192050 
0.2340332 
0.2463825 
0.2548949 
0.2517588 
0.2487339 
0.2441564 
0.2325299 
0.2312015 
0.2356685 
0.2428924 
0.2568176 
0.2658809 
0.2757439 
0.2758785 
0.2701205 
0.2653640 
0.2606132 
0.2571839 
0.2650199 
0.2680915 
0.2628667 
0.2566418 
0.2468381 
0.2189041 
0.1940371 
0.1712902 
0.1558754 
0.1438340 
0.1451523 
0.1519524 
0.1521128 
0.1561851 
0.1538265 
0.1853628 
0.2018494 
0.1992900 
0.1669215 
0.1360670 
0.1151741 
0.0988633 
0.0928390 
0.0973462 
0.1075481 
0.1157120 
0.1187968 
0.1191371 
0.1191758 
0.1145653 
0.1254776 
0.1290746 
0.1381938 
0.1496915 
0.1545156 
0.1566499 
0.1621954 
0.1594547 
0.1487410 
0.1446055 
0.1405691 
0.1332746 
0.1334541 
0.1320777 
0.1353707 
0.1393272 
0.1462504 
0.1458214 
0.1524364 
0.1527776 
0.1412724 
0.1418877 
0.1373513 
0.1365950 
0.1430525 
0.1563959 
0.1664486 
0.1836631 
0.1957925 
0.2094205 
0.2207025 
0.2296997 
0.2430768 
0.2530463 
0.2589285 
0.2531463 
0.2466217 
0.2338589 
0.2165324 
0.1980829 
0.1869655 
0.1773994 
0.1679459 
0.1597225 
0.1599054 
0.1625324 
0.1720804 
0.1771637 
0.1770057 
0.1738766 
0.1637439 
0.1596988 
0.1575817 
0.1543254 
0.1434133 
0.1408124 
0.1288599 
0.1289588 
0.1335855 
0.1340428 
0.1386568 
0.1404217 
0.1383783 
0.1402470 
0.1316906 
0.1227371 
0.1282185 
0.1114633 
0.1099636 
0.1048591 
0.0986347 
0.0955532 
0.0917660 
0.0924928 
0.0952135 
0.0864497 
0.0822348 
0.0816067 
0.0878826 
0.1028414 
0.1157580 
0.1236359 
0.1387799 
0.1425123 
0.1392965 
0.1363111 
0.1373744 
0.1431132 
0.1470331 
0.1531356 
0.1609921 
0.1679541 
0.1724260 
0.1768463 
0.1702667 
0.1677727 
0.1626401 
0.1545976 
0.1457294 
0.1596123 
0.1618109 
0.1650181 
0.1638406 
0.1603180 
0.1652686 
0.1751865 
0.1754589 
0.1840311 
0.1904006 
0.2020641 
0.2084435 
0.2088132 
0.2083706 
0.2124557 
0.2180054 
0.2254586 
0.2300169 
0.2367976 
0.2400900 
0.2368868 
0.2347651 
0.2322159 
0.2181218 
0.2065017 
0.1955865 
0.1772679 
0.1635069 
0.1527704 
0.1419086 
0.1322574 
0.1290310 
0.1171212 
0.1095591 
0.1007633 
0.0907453 
0.0902178 
0.0908833 
0.0941452 
0.0993339 
0.1074293 
0.1105375 
0.1122288 
0.1158046 
0.1138369 
0.1053233 
0.0995912 
0.0947738 
0.0929312 
0.0921943 
0.0900947 
0.0879319 
0.0845694 
0.0785321 
0.0741438 
0.0636897 
0.0589309 
0.0546463 
0.0505308 
0.0524036 
0.0467553 
0.0465929 
0.0535442 
0.0620422 
0.0759689 
0.0919624 
0.1029746 
0.1088132 
0.1150692 
0.1212721 
0.1403064 
0.1536418 
0.1577010 
0.1598692 
0.1669520 
0.1608829 
0.1499030 
0.1456923 
0.1437017 
0.1425778 
0.1491917 
0.1447894 
0.1496790 
0.1502414 
0.1515630 
0.1522653 
0.1486155 
0.1519079 
0.1543750 
0.1497096 
0.1575534 
0.1644065 
0.1714761 
0.1753932 
0.1846933 
0.1804836 
0.1881654 
0.1884787 
0.1909161 
0.1977488 
0.1914086 
0.1844072 
0.1805134 
0.1770033 
0.1732632 
0.1628804 
0.1548487 
0.1507088 
0.1351345 
0.1281044 
0.1253367 
0.1219999 
0.1260045 
0.1224161 
0.1138677 
0.1194491 
0.1240667 
0.1249748 
0.1249449 
0.1205942 
0.1214404 
0.1198918 
0.1188380 
0.1153955 
0.1126839 
0.1110070 
0.1123928 
0.1175232 
0.1146835 
0.1109044 
0.1122965 
0.1116643 
0.1085261 
0.0955446 
0.0883735 
0.0812309 
0.0785314 
0.0643357 
0.0489863 
0.0394586 
0.0440191 
0.0460646 
0.0532143 
0.0597820 
0.0766193 
0.0809355 
0.0893521 
0.0884063 
0.0886867 
0.0920963 
0.0910758 
0.0853190 
0.0808568 
0.0743448 
0.0721619 
0.0758545 
0.0782415 
0.0824371 
0.0841498 
0.0849992 
0.0907334 
0.0973813 
0.1048301 
0.1185911 
0.1266061 
0.1301955 
0.1363608 
0.1418248 
0.1445704 
0.1420181 
0.1355752 
0.1272644 
0.1213178 
0.1249769 
0.1237851 
0.1109784 
0.1060060 
0.1138092 
0.1224463 
0.1203297 
0.1271138 
0.1306613 
0.1377540 
0.1418111 
0.1463540 
0.1483850 
0.1475670 
0.1592311 
0.1586933 
0.1620595 
0.1630011 
0.1570317 
0.1500017 
0.1482189 
0.1358062 
0.1240217 
0.1196243 
0.1187089 
0.0963475 
0.0906154 
0.0874025 
0.0737979 
0.0637246 
0.0600209 
0.0514569 
0.0523567 
0.0448180 
0.0422953 
0.0443120 
0.0477988 
0.0626778 
0.0725728 
0.0719254 
0.0739483 
0.0646407 
0.0612641 
0.0567123 
0.0465573 
0.0344321 
0.0283224 
0.0230153 
0.0234961 
0.0264939 
0.0254898 
0.0205889 
0.0214841 
0.0073485 
0.0056760 
0.0004017 
0.0000000 
0.0021385 
0.0137449 
0.0166664 
0.0240594 
0.0292947 
0.0304628 
0.0366944 
0.0359663 
0.0326833 
0.0287779 
0.0253860 
0.0255696 
0.0270392 
0.0383268 
0.0439035 
0.0473490 
0.0478838 
0.0516453 
0.0531935 
0.0560820 
0.0586939 
0.0565819 
0.0607616 
0.0617633 
0.0630239 
0.0628723 
0.0682186 
0.0711016 
0.0733539 
0.0735238 
0.0755263 
0.0690363 
0.0675525 
0.0723929 
0.0735636 
0.0808978 
0.0790369 
0.0762246 
0.0805194 
0.0718735 
0.0786050 
0.0879431 
0.0876809 
0.0879015 
0.0986847 
0.1092456 
0.1153358 
0.1186680 
0.1126231 
0.1080526 
0.0962536 
0.0961077 
0.0966276 
0.0952900 
0.0932702 
0.0981989 
0.1056004 
0.1072093 
0.1153135 
0.1176504 
0.1207757 
0.1091836 
