-0.0001992 
-0.0001037 
0.0001758 
-0.3066179 
-0.2403742 
-0.1340602 
0.9906290 
0.9920229 
0.9909317 
0.9932686 
0.9905630 
0.9888446 
0.9877573 
0.9897911 
0.9880288 
0.9871567 
0.9913069 
0.9905302 
0.9927843 
0.9901048 
0.9940954 
0.9923856 
0.9942399 
0.9914177 
0.9934644 
0.9927051 
0.9935945 
0.9943998 
0.9938545 
0.9931778 
0.9939335 
0.9936972 
0.9953710 
0.9933478 
0.9927875 
0.9957154 
0.9960433 
0.9983039 
0.9973989 
0.9944753 
0.9947612 
0.9982187 
1.0000000 
0.9987728 
0.9967325 
0.9947319 
0.9934405 
0.9929619 
0.9904777 
0.9925663 
0.9936753 
0.9938960 
0.9920503 
0.9913960 
0.9920280 
0.9914252 
0.9884394 
0.9919433 
0.9930067 
0.9921439 
0.9837251 
0.9861659 
0.9840758 
0.9873327 
0.9852061 
0.9860047 
0.9873673 
0.9864708 
0.9857235 
0.9861828 
0.9867025 
0.9847248 
0.9832235 
0.9818165 
0.9797128 
0.9800106 
0.9807604 
0.9821877 
0.9855335 
0.9834804 
0.9815200 
0.9817036 
0.9814540 
0.9785151 
0.9780274 
0.9795983 
0.9828852 
0.9822348 
0.9801120 
0.9810780 
0.9838648 
0.9861737 
0.9897065 
0.9873925 
0.9863857 
0.9883595 
0.9847656 
0.9859316 
0.9854500 
0.9828827 
0.9811050 
0.9829585 
0.9797210 
0.9834439 
0.9815284 
0.9834778 
0.9812371 
0.9796975 
0.9812802 
0.9813987 
0.9838087 
0.9810232 
0.9825702 
0.9810615 
0.9785038 
0.9788635 
0.9802816 
0.9782708 
0.9744106 
0.9765742 
0.9743079 
0.9756085 
0.9743196 
0.9727266 
0.9733168 
0.9730416 
0.9688394 
0.9683391 
0.9676436 
0.9656936 
0.9680408 
0.9685019 
0.9674193 
0.9673257 
0.9711400 
0.9697294 
0.9728163 
0.9748439 
0.9782294 
0.9775537 
0.9759554 
0.9750447 
0.9714085 
0.9710687 
0.9729753 
0.9736155 
0.9740477 
0.9745424 
0.9748096 
0.9745041 
0.9783568 
0.9786152 
0.9813314 
0.9817524 
0.9851549 
0.9816490 
0.9782175 
0.9758506 
0.9746239 
0.9678764 
0.9649920 
0.9657169 
0.9628772 
0.9640751 
0.9657371 
0.9650402 
0.9719486 
0.9719438 
0.9722102 
0.9704995 
0.9715303 
0.9703453 
0.9685611 
0.9640556 
0.9661420 
0.9634293 
0.9642944 
0.9652559 
0.9650210 
0.9641737 
0.9649732 
0.9640552 
0.9621315 
0.9630452 
0.9604090 
0.9626597 
0.9618831 
0.9627169 
0.9619976 
0.9554651 
0.9585886 
0.9573759 
0.9557355 
0.9607489 
0.9572199 
0.9602863 
0.9590259 
0.9578103 
0.9628440 
0.9605122 
0.9628484 
0.9613821 
0.9602784 
0.9630170 
0.9633870 
0.9615060 
0.9603686 
0.9589858 
0.9592316 
0.9597728 
0.9604731 
0.9606312 
0.9611444 
0.9633130 
0.9612014 
0.9629309 
0.9626635 
0.9612667 
0.9623388 
0.9624774 
0.9651220 
0.9675854 
0.9711201 
0.9691397 
0.9669142 
0.9695887 
0.9667930 
0.9684187 
0.9665082 
0.9621530 
0.9615941 
0.9626700 
0.9593087 
0.9563378 
0.9611276 
0.9562323 
0.9562111 
0.9554128 
0.9566046 
0.9569835 
0.9589946 
0.9624856 
0.9599856 
0.9569805 
0.9566752 
0.9583461 
0.9550763 
0.9571170 
0.9598335 
0.9585599 
0.9567612 
0.9608105 
0.9568799 
0.9588676 
0.9585697 
0.9586207 
0.9582088 
0.9555104 
0.9554263 
0.9532787 
0.9516265 
0.9512936 
0.9496066 
0.9526159 
0.9503647 
0.9514518 
0.9529110 
0.9527146 
0.9482227 
0.9498398 
0.9538619 
0.9453101 
0.9494663 
0.9499846 
0.9479775 
0.9470207 
0.9444638 
0.9428673 
0.9409159 
0.9393762 
0.9413813 
0.9414390 
0.9414291 
0.9418564 
0.9395169 
0.9404619 
0.9373257 
0.9385832 
0.9386004 
0.9394766 
0.9418524 
0.9419643 
0.9425249 
0.9408187 
0.9421269 
0.9410788 
0.9405498 
0.9401980 
0.9404722 
0.9396982 
0.9408455 
0.9407983 
0.9430401 
0.9417723 
0.9396000 
0.9409290 
0.9379049 
0.9340749 
0.9352784 
0.9372190 
0.9352405 
0.9340577 
0.9364602 
0.9381071 
0.9384903 
0.9392617 
0.9423169 
0.9412544 
0.9413850 
0.9420675 
0.9418839 
0.9460325 
0.9457390 
0.9458679 
0.9453494 
0.9412343 
0.9424739 
0.9401134 
0.9429920 
0.9425222 
0.9409251 
0.9416869 
0.9359943 
0.9358783 
0.9360028 
0.9370570 
0.9403087 
0.9324880 
0.9363056 
0.9382071 
0.9422174 
0.9440837 
0.9481825 
0.9488844 
0.9471356 
0.9465787 
0.9421487 
0.9405065 
0.9407506 
0.9391083 
0.9400846 
0.9406113 
0.9446660 
0.9448675 
0.9464720 
0.9480113 
0.9498490 
0.9523261 
0.9484484 
0.9474355 
0.9469787 
0.9482388 
0.9468385 
0.9442299 
0.9450587 
0.9437390 
0.9442745 
0.9435241 
0.9480138 
0.9492875 
0.9480505 
0.9465500 
0.9522569 
0.9509468 
0.9537610 
0.9503072 
0.9505794 
0.9517132 
0.9550018 
0.9560010 
0.9547118 
0.9515116 
0.9506666 
0.9484871 
0.9428743 
0.9385726 
0.9310453 
0.9286737 
0.9183331 
0.9209414 
0.9228611 
0.9235988 
0.9237549 
0.9200669 
0.9201623 
0.9205975 
0.9278708 
0.9233855 
0.9208600 
0.9191905 
0.9218865 
0.9216079 
0.9187044 
0.9209784 
0.9230001 
0.9246838 
0.9187711 
0.9187456 
0.9205322 
0.9207707 
0.9241524 
0.9233596 
0.9227690 
0.9212375 
0.9174272 
0.9163093 
0.9137321 
0.9144894 
0.9119117 
0.9120307 
0.9102314 
0.9146427 
0.9161419 
0.9184462 
0.9178185 
0.9127943 
0.9140485 
0.9137231 
0.9092647 
0.9082901 
0.9089742 
0.9122869 
0.9106489 
0.9105678 
0.9119468 
0.9146606 
0.9174304 
0.9179197 
0.9214610 
0.9212041 
0.9240371 
0.9235222 
0.9244846 
0.9230693 
0.9248436 
0.9227078 
0.9251503 
0.9303479 
0.9310995 
0.9300609 
0.9280910 
0.9243594 
0.9288121 
0.9271252 
0.9288299 
0.9298011 
0.9326979 
0.9333182 
0.9353442 
0.9386136 
0.9390404 
0.9411719 
0.9384834 
0.9418147 
0.9359117 
0.9355163 
0.9339116 
0.9328645 
0.9303396 
0.9301762 
0.9305395 
0.9274944 
0.9275090 
0.9261914 
0.9269802 
0.9258751 
0.9261394 
0.9249102 
0.9285731 
0.9287062 
0.9286591 
0.9252632 
0.9278019 
0.9277683 
0.9291711 
0.9291384 
0.9298929 
0.9287474 
0.9269688 
0.9261155 
0.9276781 
0.9284855 
0.9299412 
0.9319995 
0.9294777 
0.9288436 
0.9286470 
0.9309391 
0.9310967 
0.9308995 
0.9316456 
0.9336255 
0.9349712 
0.9349886 
0.9348458 
0.9335298 
0.9284058 
0.9265533 
0.9277135 
0.9271134 
0.9242398 
0.9271514 
0.9245096 
0.9257256 
0.9271277 
0.9262424 
0.9238850 
0.9199734 
0.9231211 
0.9227169 
0.9239831 
0.9207934 
0.9218627 
0.9196349 
0.9198121 
0.9165247 
0.9192083 
0.9193309 
0.9169336 
0.9146265 
0.9140031 
0.9146160 
0.9153112 
0.9127471 
0.9117184 
0.9057565 
0.9101615 
0.9085646 
0.9090747 
0.9102318 
0.9124185 
0.9066995 
0.9073757 
0.9082514 
0.9093209 
0.9087285 
0.9109468 
0.9088112 
0.9076524 
0.9089602 
0.9109466 
0.9106305 
0.9093736 
0.9088761 
0.9140359 
0.9083970 
0.9078961 
0.9058859 
0.9044799 
0.9068215 
0.9043468 
0.9066542 
0.9019137 
0.9020395 
0.9043632 
0.9078236 
0.9060466 
0.9055015 
0.9055664 
0.9064460 
0.9067015 
0.9049071 
0.9049195 
0.9028813 
0.9057359 
0.9054540 
0.9032571 
0.9016048 
0.9032426 
0.9008850 
0.8992320 
0.9001169 
0.9008394 
0.9014147 
0.9000985 
0.8985844 
0.8956785 
0.8961043 
0.8950273 
0.8986776 
0.9001952 
0.8943329 
0.8936541 
0.8960145 
0.8923700 
0.8905658 
0.8922357 
0.8923134 
0.8936468 
0.8887072 
0.8892975 
0.8903384 
0.8903266 
0.8915938 
0.8913190 
0.8933767 
0.8928651 
0.8902888 
0.8917064 
0.8869187 
0.8821620 
0.8862443 
0.8855462 
0.8873593 
0.8864041 
0.8870130 
0.8860338 
0.8888936 
0.8875474 
0.8836342 
0.8846643 
0.8848819 
0.8852801 
0.8844204 
0.8827904 
0.8846219 
0.8807278 
0.8838166 
0.8825509 
0.8829146 
0.8824949 
0.8808551 
0.8786496 
0.8778141 
0.8762335 
0.8790449 
0.8802234 
0.8805341 
0.8804188 
0.8803935 
0.8808570 
0.8861593 
0.8851084 
0.8828872 
0.8835946 
0.8822097 
0.8789318 
0.8779211 
0.8759633 
0.8753432 
0.8751371 
0.8749376 
0.8742964 
0.8728458 
0.8764736 
0.8775793 
0.8723088 
0.8723415 
0.8731404 
0.8737679 
0.8761999 
0.8740567 
0.8722737 
0.8729697 
0.8718705 
0.8723878 
0.8717148 
0.8735936 
0.8755613 
0.8738500 
0.8723580 
0.8721898 
0.8703160 
0.8729975 
0.8705713 
0.8743793 
0.8749684 
0.8748914 
0.8728489 
0.8652108 
0.8616780 
0.8658007 
0.8649068 
0.8655827 
0.8616644 
0.8605205 
0.8620267 
0.8619973 
0.8628282 
0.8618913 
0.8626164 
0.8621255 
0.8621607 
0.8597278 
0.8578158 
0.8565873 
0.8601558 
0.8572909 
0.8586195 
0.8596265 
0.8589782 
0.8556713 
0.8569240 
0.8597190 
0.8594296 
0.8606030 
0.8574364 
0.8569149 
0.8550893 
0.8518700 
0.8527390 
0.8513285 
0.8534285 
0.8544765 
0.8533060 
0.8550405 
0.8540322 
0.8532060 
0.8492984 
0.8517741 
0.8538906 
0.8515244 
0.8517545 
0.8531275 
0.8489548 
0.8466878 
0.8411879 
0.8426818 
0.8392749 
0.8389392 
0.8404897 
0.8389778 
0.8437182 
0.8406355 
0.8392666 
0.8391234 
0.8389143 
0.8394873 
0.8417330 
0.8370368 
0.8402273 
0.8392295 
0.8357680 
0.8365387 
0.8358191 
0.8344695 
0.8343875 
0.8352390 
0.8362099 
0.8366552 
0.8351862 
0.8359287 
0.8307209 
0.8280131 
0.8310893 
0.8325949 
0.8314505 
0.8309184 
0.8247023 
0.8283703 
0.8291509 
0.8274814 
0.8256709 
0.8275950 
0.8254193 
0.8236167 
0.8233432 
0.8257010 
0.8231646 
0.8216351 
0.8222448 
0.8220920 
0.8202171 
0.8208144 
0.8208588 
0.8171546 
0.8204973 
0.8194312 
0.8146140 
0.8109641 
0.8106495 
0.8045307 
0.8108656 
0.8096731 
0.8069856 
0.8067199 
0.8057636 
0.8052184 
0.8071264 
0.8069833 
0.8052543 
0.8061439 
0.8048013 
0.8013577 
0.8019048 
0.8029314 
0.8024156 
0.7998759 
0.7978186 
0.7995697 
0.7989493 
0.8016106 
0.8000156 
0.8004590 
0.8014900 
0.7998685 
0.7996965 
0.7994314 
0.7990391 
0.8003814 
0.8040121 
0.8024854 
0.8005468 
0.7969998 
0.7981451 
0.7983105 
0.7963512 
0.7938825 
0.7919489 
0.7926562 
0.7912102 
0.7902694 
0.7876583 
0.7918814 
0.7888621 
0.7889053 
0.7931931 
0.7900271 
0.7915854 
0.7911875 
0.7885953 
0.7880859 
0.7840040 
0.7851228 
0.7837512 
0.7822580 
0.7813014 
0.7809773 
0.7831595 
0.7810986 
0.7792143 
0.7801260 
0.7810284 
0.7818244 
0.7766082 
0.7795371 
0.7743148 
0.7759908 
0.7741608 
0.7736325 
0.7748694 
0.7682746 
0.7691908 
0.7672477 
0.7691281 
0.7662307 
0.7698156 
0.7664799 
0.7713574 
0.7701020 
0.7704588 
0.7695393 
0.7688762 
0.7679791 
0.7683228 
0.7693276 
0.7686682 
0.7700853 
0.7705426 
0.7677348 
0.7665725 
0.7668110 
0.7650072 
0.7635114 
0.7628316 
0.7640530 
0.7638633 
0.7651576 
0.7624539 
0.7610646 
0.7655504 
0.7628542 
0.7591712 
0.7578007 
0.7596035 
0.7589456 
0.7547547 
0.7528181 
0.7554633 
0.7554042 
0.7563696 
0.7567652 
0.7560508 
0.7550318 
0.7540791 
0.7528976 
0.7525048 
0.7494311 
0.7520492 
0.7482538 
0.7468909 
0.7468857 
0.7433447 
0.7420969 
0.7471963 
0.7463973 
0.7458839 
0.7420510 
0.7415482 
0.7391519 
0.7387126 
0.7390050 
0.7436346 
0.7398099 
0.7424902 
0.7367269 
0.7401141 
0.7382128 
0.7377491 
0.7394697 
0.7388839 
0.7349269 
0.7353871 
0.7377005 
0.7349668 
0.7375220 
0.7328057 
0.7384527 
0.7348987 
0.7319247 
0.7314204 
0.7304949 
0.7283489 
0.7278190 
0.7267312 
0.7238224 
0.7199009 
0.7191546 
0.7197610 
0.7200762 
0.7175904 
0.7177272 
0.7161923 
0.7152958 
0.7195794 
0.7222222 
0.7222642 
0.7228479 
0.7203397 
0.7215891 
0.7208289 
0.7225047 
0.7184458 
0.7174807 
0.7174676 
0.7176352 
0.7151419 
0.7135610 
0.7119548 
0.7151951 
0.7163147 
0.7137470 
0.7159892 
0.7151077 
0.7121577 
0.7123819 
0.7109957 
0.7073586 
0.7063946 
0.7075602 
0.7038821 
0.7122551 
0.7077960 
0.7111978 
0.7071940 
0.7089142 
0.7104796 
0.7115453 
0.7081429 
0.7127736 
0.7097379 
0.7112566 
0.7104705 
0.7096935 
0.7071090 
0.7071202 
0.7058027 
0.7058227 
0.7027352 
0.7012919 
0.6981673 
0.6976201 
0.7000300 
0.6986568 
0.6963943 
0.6942635 
0.6915269 
0.6927179 
0.6936097 
0.6919643 
0.6940967 
0.6895636 
0.6882833 
0.6910042 
0.6904831 
0.6881007 
0.6895402 
0.6896647 
0.6933206 
0.6903321 
0.6899652 
0.6893315 
0.6898470 
0.6818528 
0.6825505 
0.6822100 
0.6830116 
0.6839866 
0.6843575 
0.6818655 
0.6810342 
0.6811064 
0.6777166 
0.6767962 
0.6807185 
0.6814854 
0.6857973 
0.6882089 
0.6845407 
0.6854690 
0.6860962 
0.6870106 
0.6836180 
0.6817441 
0.6809948 
0.6801683 
0.6804481 
0.6834348 
0.6807711 
0.6754777 
0.6749087 
0.6714070 
0.6712287 
0.6662729 
0.6696298 
0.6666977 
0.6683958 
0.6671668 
0.6625678 
0.6628632 
0.6627998 
0.6614581 
0.6618524 
0.6624165 
0.6648692 
0.6691757 
0.6681971 
0.6688973 
0.6714815 
0.6688144 
0.6677113 
0.6630158 
0.6655381 
0.6604111 
0.6620038 
0.6616403 
0.6586861 
0.6617074 
0.6646756 
0.6650611 
0.6649456 
0.6675563 
0.6657577 
0.6637551 
0.6597512 
0.6599413 
0.6581302 
0.6563315 
0.6581762 
0.6551972 
0.6549780 
0.6583013 
0.6566921 
0.6562770 
0.6542014 
0.6546025 
0.6551761 
0.6539390 
0.6534424 
0.6521468 
0.6486616 
0.6466604 
0.6445951 
0.6425669 
0.6452485 
0.6430716 
0.6425431 
0.6395019 
0.6397577 
0.6383670 
0.6391460 
0.6356125 
0.6400978 
0.6410164 
0.6409934 
0.6423048 
0.6411102 
0.6386248 
0.6378516 
0.6367947 
0.6366100 
0.6344514 
0.6353555 
0.6339139 
0.6313786 
0.6325857 
0.6314373 
0.6289598 
0.6312697 
0.6299556 
0.6313281 
0.6332629 
0.6327277 
0.6315138 
0.6312926 
0.6312452 
0.6280502 
0.6322130 
0.6299505 
0.6312474 
0.6322217 
0.6318600 
0.6277358 
0.6310574 
0.6278644 
0.6274371 
0.6258326 
0.6256358 
0.6239665 
0.6245699 
0.6248841 
0.6219178 
0.6178621 
0.6163835 
0.6137098 
0.6152498 
0.6178820 
0.6224777 
0.6247890 
0.6214711 
0.6169809 
0.6149986 
0.6156799 
0.6167995 
0.6154847 
0.6148932 
0.6133912 
0.6115718 
0.6072224 
0.6033076 
0.5980651 
0.5962433 
0.5950758 
0.5963659 
0.5962099 
0.5976015 
0.6010032 
0.6013710 
0.6010146 
0.5975740 
0.5958992 
0.5933248 
0.5958339 
0.5924989 
0.5939630 
0.5934212 
0.5922806 
0.5902703 
0.5912250 
0.5917812 
0.5946433 
0.5920540 
0.5915611 
0.5910337 
0.5897944 
0.5851354 
0.5812655 
0.5816733 
0.5827706 
0.5825881 
0.5848931 
0.5820209 
0.5811180 
0.5816355 
0.5783764 
0.5777380 
0.5771147 
0.5747282 
0.5850939 
0.5865582 
0.5878317 
0.5883663 
0.5882799 
0.5880630 
0.5824381 
0.5825235 
0.5777387 
0.5817906 
0.5789486 
0.5775616 
0.5790184 
0.5809885 
0.5792343 
0.5768345 
0.5768732 
0.5765956 
0.5781845 
0.5756438 
0.5724122 
0.5727144 
0.5702405 
0.5713042 
0.5748186 
0.5711353 
0.5692292 
0.5699684 
0.5644454 
0.5671171 
0.5645342 
0.5641914 
0.5639574 
0.5621098 
0.5644748 
0.5647745 
0.5615324 
0.5642926 
0.5609750 
0.5619687 
0.5640329 
0.5598707 
0.5590599 
0.5617229 
0.5590267 
0.5577919 
0.5570668 
0.5575948 
0.5547990 
0.5562676 
0.5565567 
0.5547701 
0.5515772 
0.5507316 
0.5518283 
0.5462974 
0.5476525 
0.5473948 
0.5422406 
0.5442333 
0.5463843 
0.5456183 
0.5455160 
0.5450452 
0.5461831 
0.5442540 
0.5439251 
0.5437504 
0.5443032 
0.5445908 
0.5455746 
0.5442617 
0.5459810 
0.5451132 
0.5418782 
0.5452224 
0.5463639 
0.5437770 
0.5411064 
0.5405872 
0.5432463 
0.5377867 
0.5406171 
0.5412275 
0.5449273 
0.5426050 
0.5498617 
0.5519263 
0.5507795 
0.5340949 
0.5354256 
0.5343941 
0.5342892 
0.5380565 
0.5382496 
0.5386850 
0.5362823 
0.5361496 
0.5362773 
0.5340296 
0.5291995 
0.5283809 
0.5294100 
0.5296013 
0.5292695 
0.5281775 
0.5249521 
0.5267340 
0.5282931 
0.5253196 
0.5257883 
0.5216773 
0.5196853 
0.5223108 
0.5220727 
0.5215623 
0.5254579 
0.5229416 
0.5189739 
0.5189458 
0.5204212 
0.5214950 
0.5219739 
0.5238087 
0.5229495 
0.5216135 
0.5160666 
0.5157125 
0.5198858 
0.5202118 
0.5210281 
0.5201500 
0.5194769 
0.5211008 
0.5203682 
0.5172954 
0.5176355 
0.5174370 
0.5136119 
0.5159250 
0.5112378 
0.5140381 
0.5131880 
0.5120644 
0.5098237 
0.5123981 
0.5100394 
0.5105887 
0.5114675 
0.5077826 
0.5040213 
0.5032538 
0.5009884 
0.4984747 
0.4982552 
0.4965570 
0.4977725 
0.4966976 
0.4976602 
0.5002734 
0.4981715 
0.4993667 
0.4965530 
0.4977317 
0.4979592 
0.4978276 
0.4970847 
0.4922938 
0.4958695 
0.5011161 
0.5007941 
0.4982118 
0.4972439 
0.4968947 
0.4962465 
0.4901261 
0.4929584 
0.4920233 
0.4913554 
0.4928986 
0.4937245 
0.4928615 
0.4912298 
0.4921246 
0.4890301 
0.4876740 
0.4836615 
0.4827230 
0.4847895 
0.4863336 
0.4858486 
0.4857079 
0.4841460 
0.4832043 
0.4821918 
0.4832417 
0.4836811 
0.4843643 
0.4820918 
0.4799632 
0.4808966 
0.4836426 
0.4822425 
0.4787981 
0.4787226 
0.4842429 
0.4892871 
0.4924083 
0.4948884 
0.4941518 
0.4925587 
0.4865063 
0.4809090 
0.4784046 
0.4758613 
0.4744682 
0.4712672 
0.4752537 
0.4740656 
0.4749842 
0.4738051 
0.4740881 
0.4738836 
0.4713010 
0.4653867 
0.4648893 
0.4657585 
0.4678585 
0.4694601 
0.4694555 
0.4687466 
0.4716889 
0.4730701 
0.4706716 
0.4714061 
0.4713004 
0.4698194 
0.4717330 
0.4716742 
0.4717013 
0.4701783 
0.4656487 
0.4693028 
0.4699768 
0.4676118 
0.4634253 
0.4597778 
0.4640870 
0.4619052 
0.4574630 
0.4617483 
0.4637776 
0.4602313 
0.4604041 
0.4601863 
0.4575666 
0.4579109 
0.4599008 
0.4546991 
0.4492930 
0.4504706 
0.4453533 
0.4446705 
0.4454248 
0.4458521 
0.4455602 
0.4425783 
0.4403901 
0.4415916 
0.4509646 
0.4467135 
0.4433374 
0.4448262 
0.4423523 
0.4424183 
0.4386869 
0.4414940 
0.4375724 
0.4388907 
0.4428159 
0.4430169 
0.4446093 
0.4432895 
0.4408471 
0.4409117 
0.4404604 
0.4410680 
0.4376348 
0.4363111 
0.4345733 
0.4382620 
0.4367030 
0.4390634 
0.4414654 
0.4399892 
0.4383038 
0.4368800 
0.4392348 
0.4380955 
0.4415956 
0.4357113 
0.4355984 
0.4325481 
0.4339081 
0.4345023 
0.4356357 
0.4369171 
0.4329420 
0.4340582 
0.4326981 
0.4317610 
0.4312897 
0.4303766 
0.4349027 
0.4317440 
0.4314981 
0.4308056 
0.4293190 
0.4312733 
0.4306827 
0.4272598 
0.4241248 
0.4241376 
0.4252674 
0.4238383 
0.4250760 
0.4255930 
0.4275182 
0.4242315 
0.4242108 
0.4220397 
0.4228531 
0.4235447 
0.4234312 
0.4222033 
0.4198635 
0.4217478 
0.4208590 
0.4197976 
0.4184759 
0.4187674 
0.4171181 
0.4142252 
0.4164484 
0.4177085 
0.4242995 
0.4231682 
0.4262232 
0.4252490 
0.4285840 
0.4264060 
0.4251687 
0.4238023 
0.4156359 
0.4162917 
0.4151483 
0.4126793 
0.4108598 
0.4090955 
0.4109678 
0.4129614 
0.4177067 
0.4149625 
0.4132109 
0.4148885 
0.4115552 
0.4098705 
0.4087340 
0.4107704 
0.4112651 
0.4063704 
0.4052234 
0.4076058 
0.4050704 
0.4041231 
0.4084704 
0.4098413 
0.4101545 
0.4100810 
0.4044093 
0.4069749 
0.4075932 
0.4108957 
0.4079937 
0.4063913 
0.3996169 
0.3971554 
0.3969850 
0.3992105 
0.3987843 
0.3973636 
0.3968582 
0.3991205 
0.4008261 
0.3952366 
0.3965564 
0.3995175 
0.3964427 
0.3951580 
0.3956313 
0.3970389 
0.3985676 
0.3993076 
0.3996599 
0.3996557 
0.4033654 
0.3987899 
0.3913701 
0.3877578 
0.3875428 
0.3868133 
0.3855189 
0.3866542 
0.3865013 
0.3875610 
0.3842154 
0.3828516 
0.3813188 
0.3834280 
0.3848117 
0.3805489 
0.3785698 
0.3821688 
0.3818481 
0.3784037 
0.3828180 
0.3806779 
0.3791256 
0.3795166 
0.3752137 
0.3770702 
0.3776538 
0.3770345 
0.3770993 
0.3793396 
0.3832118 
0.3789250 
0.3783749 
0.3760954 
0.3782943 
0.3763047 
0.3756889 
0.3760031 
0.3762200 
0.3788069 
0.3776905 
0.3747713 
0.3762301 
0.3741073 
0.3750612 
0.3771031 
0.3744561 
0.3678966 
0.3699466 
0.3724500 
0.3700193 
0.3688701 
0.3641858 
0.3664869 
0.3675194 
0.3704641 
0.3689205 
0.3663228 
0.3677425 
0.3658572 
0.3712272 
0.3708638 
0.3661490 
0.3717697 
0.3678711 
0.3699731 
0.3733755 
0.3747318 
0.3735651 
0.3706203 
0.3707070 
0.3649226 
0.3687055 
0.3673387 
0.3659776 
0.3633215 
0.3572973 
0.3560220 
0.3578880 
0.3562711 
0.3588033 
0.3546549 
0.3577375 
0.3603784 
0.3598623 
0.3578632 
0.3587953 
0.3562843 
0.3564113 
0.3564133 
0.3584527 
0.3620967 
0.3619089 
0.3610005 
0.3606773 
0.3607588 
0.3594548 
0.3635794 
0.3630097 
0.3598914 
0.3597791 
0.3602499 
0.3610510 
0.3583829 
0.3574726 
0.3561921 
0.3607751 
0.3626428 
0.3602420 
0.3590681 
0.3559915 
0.3590148 
0.3559536 
0.3549203 
0.3570762 
0.3566656 
0.3543889 
0.3554691 
0.3540043 
0.3549071 
0.3541346 
0.3558263 
0.3537970 
0.3513325 
0.3507041 
0.3522257 
0.3595328 
0.3612268 
0.3632465 
0.3639511 
0.3644197 
0.3650068 
0.3555330 
0.3420706 
0.3430858 
0.3429770 
0.3420933 
0.3381620 
0.3374536 
0.3389573 
0.3379407 
0.3374594 
0.3400717 
0.3403896 
0.3356881 
0.3369356 
0.3356709 
0.3352851 
0.3364919 
0.3373348 
0.3369517 
0.3345314 
0.3338762 
0.3310474 
0.3350369 
0.3340686 
0.3364880 
0.3347422 
0.3356060 
0.3353618 
0.3365682 
0.3321978 
0.3288782 
0.3292893 
0.3291967 
0.3262848 
0.3230544 
0.3263239 
0.3223388 
0.3230157 
0.3220237 
0.3215212 
0.3225461 
0.3225485 
0.3223156 
0.3196265 
0.3219505 
0.3237600 
0.3213011 
0.3181401 
0.3184814 
0.3163400 
0.3178623 
0.3163715 
0.3171178 
0.3171883 
0.3158679 
0.3158868 
0.3145129 
0.3150197 
0.3172543 
0.3146998 
0.3156439 
0.3148897 
0.3142534 
0.3134461 
0.3150074 
0.3156288 
0.3157872 
0.3167934 
0.3154217 
0.3117373 
0.3095396 
0.3090407 
0.3115066 
0.3060011 
0.3076124 
0.3070534 
0.3054472 
0.3030822 
0.3034737 
0.3007234 
0.3004487 
0.2990148 
0.3028766 
0.3036924 
0.3005846 
0.3009421 
0.2996324 
0.3017667 
0.2999845 
0.3005627 
0.3015824 
0.2987338 
0.2983710 
0.3003617 
0.3017884 
0.3024232 
0.3042181 
0.3040695 
0.3043441 
0.3021151 
0.3025021 
0.3039153 
0.3011830 
0.3040096 
0.3014589 
0.3008998 
0.3033145 
0.3030152 
0.3058302 
0.3013371 
0.3000552 
0.3007050 
0.2983543 
0.3014554 
0.3036297 
0.2983336 
0.2959862 
0.2940690 
0.2934782 
0.2976016 
0.3036743 
0.3039499 
0.2981011 
0.2980002 
0.2973255 
0.2959696 
0.2977848 
0.2977691 
0.2960202 
0.2941399 
0.2949321 
0.2922865 
0.2924052 
0.2926573 
0.2898516 
0.2914554 
0.2887704 
0.2890486 
0.2901487 
0.2913240 
0.2903342 
0.2882606 
0.2890751 
0.2891828 
0.2881082 
0.2878391 
0.2858477 
0.2847870 
0.2824862 
0.2828037 
0.2837231 
0.2803750 
0.2790555 
0.2808304 
0.2816367 
0.2828603 
0.2814710 
0.2820290 
0.2796396 
0.2784660 
0.2760988 
0.2759927 
0.2779953 
0.2775632 
0.2737995 
0.2735400 
0.2782605 
0.2798725 
0.2792293 
0.2783585 
0.2763181 
0.2739558 
0.2776182 
0.2780156 
0.2771341 
0.2766427 
0.2773450 
0.2762400 
0.2758117 
0.2730471 
0.2694550 
0.2709830 
0.2714352 
0.2730022 
0.2712224 
0.2723288 
0.2766382 
0.2707292 
0.2700001 
0.2674922 
0.2655848 
0.2639993 
0.2634218 
0.2648320 
0.2633729 
0.2631662 
0.2654242 
0.2648180 
0.2659316 
0.2670510 
0.2685524 
0.2659999 
0.2657700 
0.2637612 
0.2623315 
0.2624160 
0.2630719 
0.2635933 
0.2658596 
0.2608675 
0.2617396 
0.2613695 
0.2618839 
0.2634750 
0.2618086 
0.2632447 
0.2618246 
0.2597197 
0.2626510 
0.2599949 
0.2601755 
0.2582742 
0.2603440 
0.2580268 
0.2585989 
0.2597585 
0.2572815 
0.2558670 
0.2532902 
0.2541160 
0.2538495 
0.2518062 
0.2487744 
0.2488689 
0.2459969 
0.2474126 
0.2486638 
0.2487741 
0.2453172 
0.2444762 
0.2466230 
0.2484435 
0.2469655 
0.2454974 
0.2462263 
0.2465105 
0.2468204 
0.2472746 
0.2482352 
0.2487440 
0.2498145 
0.2470888 
0.2482063 
0.2489366 
0.2449848 
0.2418948 
0.2409333 
0.2357277 
0.2341198 
0.2338236 
0.2330702 
0.2341719 
0.2352397 
0.2320615 
0.2341375 
0.2318705 
0.2303415 
0.2334570 
0.2343576 
0.2311454 
0.2358703 
0.2386191 
0.2348911 
0.2341174 
0.2337077 
0.2311201 
0.2310410 
0.2278978 
0.2292093 
0.2315165 
0.2313957 
0.2309172 
0.2299155 
0.2283232 
0.2295109 
0.2252845 
0.2257086 
0.2243880 
0.2250450 
0.2245682 
0.2257248 
0.2251416 
0.2246648 
0.2246539 
0.2251919 
0.2211934 
0.2214594 
0.2217714 
0.2206779 
0.2194282 
0.2170975 
0.2165671 
0.2178743 
0.2164557 
0.2179722 
0.2169818 
0.2163806 
0.2147078 
0.2151023 
0.2123946 
0.2119558 
0.2115236 
0.2152910 
0.2178635 
0.2170119 
0.2189651 
0.2155966 
0.2149624 
0.2156491 
0.2136534 
0.2121294 
0.2096021 
0.2126170 
0.2158914 
0.2137352 
0.2137035 
0.2136016 
0.2055980 
0.2038525 
0.2049313 
0.2048604 
0.2048642 
0.2043123 
0.2033527 
0.2056098 
0.2075937 
0.2088443 
0.2110037 
0.2072405 
0.2083719 
0.2079419 
0.2077449 
0.2060369 
0.2078779 
0.2086183 
0.2081489 
0.2087713 
0.2052356 
0.2005472 
0.2030301 
0.2062103 
0.2127913 
0.2085546 
0.2048477 
0.2016864 
0.2031972 
0.2067260 
0.2012844 
0.1985176 
0.2009118 
0.1995995 
0.2028270 
0.2039036 
0.2020365 
0.2018915 
0.2006570 
0.1977359 
0.1981413 
0.1945503 
0.1947242 
0.1894493 
0.1896775 
0.1903000 
0.1926006 
0.1931093 
0.1973473 
0.1952224 
0.1951288 
0.1961638 
0.1914181 
0.1905549 
0.1973731 
0.1946928 
0.1919984 
0.1942527 
0.1918204 
0.1915223 
0.1951328 
0.1947770 
0.1892862 
0.1860664 
0.1835774 
0.1860439 
0.1877570 
0.1913717 
0.1859303 
0.1833589 
0.1832523 
0.1825095 
0.1838622 
0.1850080 
0.1868749 
0.1854035 
0.1847452 
0.1828707 
0.1812277 
0.1847950 
0.1850273 
0.1831859 
0.1813783 
0.1810773 
0.1811895 
0.1804879 
0.1784264 
0.1778584 
0.1776453 
0.1764364 
0.1749373 
0.1725362 
0.1702709 
0.1711505 
0.1698159 
0.1724834 
0.1753548 
0.1757161 
0.1730949 
0.1721891 
0.1740925 
0.1746572 
0.1754678 
0.1757913 
0.1790229 
0.1830544 
0.1805298 
0.1777252 
0.1749654 
0.1738429 
0.1706154 
0.1730302 
0.1709053 
0.1722540 
0.1717163 
0.1669840 
0.1671538 
0.1695902 
0.1705569 
0.1731611 
0.1743794 
0.1781297 
0.1797554 
0.1846069 
0.1799700 
0.1757888 
0.1730270 
0.1753500 
0.1753380 
0.1770477 
0.1740793 
0.1740049 
0.1710579 
0.1706581 
0.1708596 
0.1703902 
0.1699939 
0.1712342 
0.1702079 
0.1684266 
0.1636265 
0.1628615 
0.1641070 
0.1653025 
0.1640839 
0.1619872 
0.1605440 
0.1584148 
0.1545675 
0.1546018 
0.1533160 
0.1557996 
0.1559744 
0.1519554 
0.1535227 
0.1551742 
0.1539381 
0.1548119 
0.1542287 
0.1558133 
0.1568062 
0.1531893 
0.1508665 
0.1506305 
0.1502404 
0.1471562 
0.1476210 
0.1456914 
0.1469282 
0.1477161 
0.1448393 
0.1429202 
0.1380369 
0.1366418 
0.1381969 
0.1392407 
0.1406665 
0.1414606 
0.1434065 
0.1417737 
0.1414806 
0.1418836 
0.1433014 
0.1407529 
0.1393750 
0.1416775 
0.1413215 
0.1386660 
0.1385458 
0.1361799 
0.1349570 
0.1355527 
0.1303221 
0.1324038 
0.1347489 
0.1387563 
0.1377465 
0.1354312 
0.1378905 
0.1364598 
0.1368671 
0.1373633 
0.1367147 
0.1345825 
0.1358442 
0.1345894 
0.1354147 
0.1356614 
0.1360541 
0.1331508 
0.1339982 
0.1334334 
0.1325197 
0.1325708 
0.1270668 
0.1276672 
0.1270411 
0.1252639 
0.1274354 
0.1258258 
0.1298526 
0.1291048 
0.1270895 
0.1263040 
0.1265657 
0.1281789 
0.1256813 
0.1242301 
0.1253450 
0.1254334 
0.1238118 
0.1223667 
0.1237318 
0.1202913 
0.1220700 
0.1214775 
0.1219354 
0.1213309 
0.1216304 
0.1197326 
0.1196775 
0.1217249 
0.1185481 
0.1173123 
0.1197244 
0.1157489 
0.1143463 
0.1144939 
0.1135998 
0.1132347 
0.1144769 
0.1130607 
0.1139451 
0.1136028 
0.1122235 
0.1125085 
0.1127639 
0.1122951 
0.1095413 
0.1085483 
0.1075375 
0.1037655 
0.1024992 
0.1007841 
0.1030476 
0.1027293 
0.1032429 
0.1017994 
0.1027880 
0.1028757 
0.1027821 
0.1054800 
0.1065956 
0.1067570 
0.1076911 
0.1069626 
0.1057912 
0.1028190 
0.1017494 
0.1026235 
0.1014057 
0.1011130 
0.1000249 
0.0994331 
0.0979577 
0.0983296 
0.0951099 
0.0946513 
0.0936181 
0.0926482 
0.0938777 
0.0930941 
0.0937361 
0.0929729 
0.0952751 
0.0953736 
0.0954682 
0.0958099 
0.0952195 
0.0945166 
0.0924130 
0.0929100 
0.0931436 
0.0956399 
0.0961083 
0.0910334 
0.0900462 
0.0899886 
0.0887778 
0.0914516 
0.0911220 
0.0920122 
0.0931575 
0.0924447 
0.0943743 
0.0929418 
0.0932026 
0.0917400 
0.0876020 
0.0827961 
0.0827837 
0.0811472 
0.0815198 
0.0809532 
0.0772553 
0.0786263 
0.0797481 
0.0801411 
0.0782139 
0.0794905 
0.0794556 
0.0783380 
0.0771068 
0.0777215 
0.0755860 
0.0731596 
0.0741266 
0.0739805 
0.0724245 
0.0744042 
0.0734026 
0.0736347 
0.0714698 
0.0681525 
0.0690230 
0.0679970 
0.0667477 
0.0701888 
0.0729107 
0.0716827 
0.0713022 
0.0691990 
0.0690950 
0.0695780 
0.0678831 
0.0681905 
0.0667494 
0.0667493 
0.0640349 
0.0635533 
0.0641349 
0.0648924 
0.0671665 
0.0666474 
0.0668726 
0.0671033 
0.0657309 
0.0652275 
0.0647387 
0.0634072 
0.0617505 
0.0649909 
0.0655070 
0.0618477 
0.0648062 
0.0636115 
0.0635837 
0.0648694 
0.0616535 
0.0625396 
0.0622634 
0.0634318 
0.0650206 
0.0639399 
0.0620548 
0.0591469 
0.0560717 
0.0574280 
0.0580934 
0.0577263 
0.0597204 
0.0574022 
0.0586978 
0.0581142 
0.0596009 
0.0630737 
0.0632208 
0.0612055 
0.0626164 
0.0647737 
0.0612989 
0.0618138 
0.0629421 
0.0617788 
0.0604198 
0.0575069 
0.0594909 
0.0603060 
0.0588868 
0.0608663 
0.0605344 
0.0615340 
0.0586205 
0.0593513 
0.0587773 
0.0580634 
0.0565878 
0.0528033 
0.0525103 
0.0506897 
0.0516061 
0.0514921 
0.0507734 
0.0512824 
0.0501926 
0.0517992 
0.0478379 
0.0477386 
0.0494135 
0.0477618 
0.0458563 
0.0444372 
0.0474610 
0.0511822 
0.0485900 
0.0445499 
0.0483936 
0.0443415 
0.0457132 
0.0473832 
0.0464693 
0.0432297 
0.0416778 
0.0432668 
0.0368639 
0.0369131 
0.0435628 
0.0446612 
0.0396427 
0.0393781 
0.0379238 
0.0393394 
0.0359987 
0.0383707 
0.0394610 
0.0394353 
0.0353731 
0.0342274 
0.0359359 
0.0369457 
0.0378434 
0.0344343 
0.0322666 
0.0330877 
0.0320186 
0.0305893 
0.0273270 
0.0294035 
0.0287175 
0.0277840 
0.0277386 
0.0313927 
0.0303015 
0.0301545 
0.0306952 
0.0336985 
0.0322539 
0.0339402 
0.0285645 
0.0279250 
0.0331267 
0.0319068 
0.0316365 
0.0333571 
0.0290502 
0.0272557 
0.0289922 
0.0285716 
0.0275232 
0.0283310 
0.0278069 
0.0276060 
0.0298657 
0.0293162 
0.0265301 
0.0280257 
0.0246486 
0.0229262 
0.0247496 
0.0244704 
0.0259793 
0.0250259 
0.0209608 
0.0213240 
0.0233312 
0.0295248 
0.0285476 
0.0263915 
0.0271446 
0.0265027 
0.0215216 
0.0219977 
0.0216803 
0.0208171 
0.0240628 
0.0218628 
0.0189253 
0.0160178 
0.0138952 
0.0143509 
0.0149840 
0.0145690 
0.0167830 
0.0145565 
0.0150238 
0.0148699 
0.0136158 
0.0149687 
0.0161098 
0.0183798 
0.0164004 
0.0168469 
0.0160664 
0.0175097 
0.0149339 
0.0147275 
0.0155856 
0.0142172 
0.0144414 
0.0133536 
0.0108469 
0.0108790 
0.0097047 
0.0072345 
0.0084063 
0.0092998 
0.0088817 
0.0092695 
0.0066620 
0.0062851 
0.0022182 
0.0015966 
0.0015150 
0.0027012 
0.0030775 
0.0045466 
0.0059895 
0.0060741 
0.0043400 
0.0052556 
0.0038247 
0.0025399 
0.0020898 
0.0017179 
0.0014813 
0.0032332 
0.0068108 
0.0085422 
0.0052149 
0.0065853 
0.0078293 
0.0088970 
0.0073003 
0.0050313 
0.0060325 
0.0078096 
0.0054932 
0.0038486 
0.0042922 
0.0026992 
0.0000000 
0.0000187 
0.0043402 
0.0044642 
