0.0000831 
-0.0000510 
-0.0001509 
0.1354926 
0.0553533 
-0.2408911 
0.9876265 
0.9872501 
0.9963957 
0.9954269 
0.9902628 
0.9935251 
0.9942110 
1.0000000 
0.9988448 
0.9969478 
0.9970926 
0.9971151 
0.9926024 
0.9956310 
0.9980818 
0.9952125 
0.9867432 
0.9913049 
0.9881021 
0.9920099 
0.9930044 
0.9975598 
0.9924940 
0.9865446 
0.9822744 
0.9823763 
0.9851983 
0.9881503 
0.9891540 
0.9899516 
0.9824002 
0.9789351 
0.9835358 
0.9860228 
0.9834945 
0.9835854 
0.9850703 
0.9857038 
0.9929555 
0.9950112 
0.9973771 
0.9898418 
0.9955734 
0.9850740 
0.9825622 
0.9810035 
0.9808255 
0.9863993 
0.9811469 
0.9834958 
0.9819429 
0.9770071 
0.9807009 
0.9857419 
0.9874938 
0.9899619 
0.9821413 
0.9819866 
0.9840861 
0.9812208 
0.9847648 
0.9822945 
0.9819502 
0.9770343 
0.9772938 
0.9805401 
0.9773351 
0.9799423 
0.9851407 
0.9875146 
0.9788485 
0.9801716 
0.9834925 
0.9727263 
0.9704368 
0.9764466 
0.9743606 
0.9857231 
0.9773609 
0.9761129 
0.9730096 
0.9727355 
0.9669698 
0.9670652 
0.9741745 
0.9707906 
0.9665685 
0.9635575 
0.9681525 
0.9628596 
0.9660683 
0.9676391 
0.9711390 
0.9609898 
0.9599765 
0.9587777 
0.9617853 
0.9592888 
0.9595377 
0.9588041 
0.9625986 
0.9569581 
0.9567200 
0.9557723 
0.9554366 
0.9553856 
0.9546899 
0.9519580 
0.9506865 
0.9548196 
0.9436578 
0.9520671 
0.9458003 
0.9447207 
0.9519955 
0.9498885 
0.9490476 
0.9435669 
0.9466615 
0.9446656 
0.9499892 
0.9449151 
0.9465989 
0.9496630 
0.9409239 
0.9531778 
0.9548403 
0.9472044 
0.9447064 
0.9413474 
0.9374899 
0.9411432 
0.9441179 
0.9418368 
0.9495175 
0.9504603 
0.9473055 
0.9574611 
0.9481764 
0.9533753 
0.9563619 
0.9494371 
0.9515465 
0.9580636 
0.9490618 
0.9560799 
0.9416228 
0.9470169 
0.9482225 
0.9406429 
0.9402346 
0.9525384 
0.9480730 
0.9452994 
0.9501591 
0.9545346 
0.9573437 
0.9552870 
0.9476973 
0.9530723 
0.9572083 
0.9544609 
0.9548584 
0.9564044 
0.9508113 
0.9456177 
0.9460597 
0.9441723 
0.9432036 
0.9459473 
0.9453936 
0.9438088 
0.9366712 
0.9406066 
0.9359899 
0.9389145 
0.9391253 
0.9386047 
0.9344644 
0.9328681 
0.9326263 
0.9334299 
0.9275364 
0.9268937 
0.9173419 
0.9230436 
0.9123621 
0.9158305 
0.9163137 
0.9150368 
0.9131225 
0.9207703 
0.9094031 
0.9058131 
0.9171804 
0.9104047 
0.9099284 
0.9131745 
0.9099755 
0.9160255 
0.9221996 
0.9136123 
0.9155153 
0.9122760 
0.9204966 
0.9135390 
0.9074131 
0.9110754 
0.9076329 
0.9057893 
0.9042573 
0.8994608 
0.9072483 
0.9081685 
0.9173770 
0.9146013 
0.9122889 
0.9117146 
0.9164579 
0.9177971 
0.9160689 
0.9152190 
0.9125572 
0.9074085 
0.9034017 
0.9052300 
0.8997464 
0.8903694 
0.8768866 
0.8768179 
0.8829286 
0.8833338 
0.8881097 
0.8868132 
0.8908780 
0.8833594 
0.8862798 
0.8777530 
0.8785531 
0.8782819 
0.8812902 
0.8801269 
0.8777308 
0.8830643 
0.8700924 
0.8706495 
0.8716246 
0.8680694 
0.8711025 
0.8704180 
0.8643342 
0.8753955 
0.8769780 
0.8759104 
0.8711989 
0.8671673 
0.8718994 
0.8770029 
0.8672539 
0.8614669 
0.8736850 
0.8775506 
0.8721580 
0.8748808 
0.8802318 
0.8786310 
0.8726748 
0.8678850 
0.8740966 
0.8720737 
0.8637528 
0.8675825 
0.8706909 
0.8641821 
0.8643378 
0.8711725 
0.8705790 
0.8676052 
0.8619525 
0.8644759 
0.8614930 
0.8542125 
0.8489084 
0.8584238 
0.8619323 
0.8597233 
0.8537706 
0.8560700 
0.8549662 
0.8584461 
0.8545875 
0.8465851 
0.8426255 
0.8518001 
0.8534689 
0.8524688 
0.8521597 
0.8455327 
0.8452823 
0.8426855 
0.8438945 
0.8456654 
0.8499009 
0.8492218 
0.8444213 
0.8459709 
0.8459594 
0.8426337 
0.8403350 
0.8409760 
0.8484176 
0.8452461 
0.8279381 
0.8322302 
0.8329394 
0.8388900 
0.8416152 
0.8382431 
0.8310393 
0.8248130 
0.8188489 
0.8239238 
0.8298320 
0.8306713 
0.8261728 
0.8293305 
0.8238504 
0.8211551 
0.8282234 
0.8241947 
0.8272927 
0.8200425 
0.8257048 
0.8243365 
0.8174632 
0.8208744 
0.8141763 
0.8159891 
0.8180497 
0.8211413 
0.8181102 
0.8096700 
0.8085484 
0.8069927 
0.8098417 
0.8106901 
0.8159866 
0.8130806 
0.8106454 
0.7982454 
0.8059820 
0.8024154 
0.8040371 
0.7978636 
0.8107093 
0.7991252 
0.7956154 
0.7955128 
0.7975206 
0.7950787 
0.7944790 
0.7934479 
0.7892550 
0.7972046 
0.7810947 
0.7865840 
0.7871186 
0.7880309 
0.7826485 
0.7909680 
0.7905375 
0.7946290 
0.7873471 
0.7794372 
0.7883370 
0.7892931 
0.7956937 
0.7895265 
0.7807248 
0.7872265 
0.7818256 
0.7893349 
0.7833339 
0.7879035 
0.7841943 
0.7918597 
0.7758440 
0.7783895 
0.7767959 
0.7736735 
0.7842337 
0.7802883 
0.7697075 
0.7732833 
0.7741604 
0.7752740 
0.7767763 
0.7778663 
0.7742979 
0.7765564 
0.7705015 
0.7810598 
0.7723732 
0.7821107 
0.7747560 
0.7760610 
0.7838359 
0.7752636 
0.7726873 
0.7789308 
0.7723032 
0.7655915 
0.7722105 
0.7804353 
0.7675445 
0.7559312 
0.7664419 
0.7598229 
0.7663535 
0.7734517 
0.7650915 
0.7702298 
0.7691353 
0.7642732 
0.7596513 
0.7608899 
0.7579652 
0.7552590 
0.7653700 
0.7710205 
0.7525425 
0.7618604 
0.7653841 
0.7578095 
0.7637055 
0.7731517 
0.7529461 
0.7564630 
0.7591135 
0.7583354 
0.7542661 
0.7500608 
0.7570245 
0.7562240 
0.7410310 
0.7494834 
0.7440818 
0.7597123 
0.7488238 
0.7449152 
0.7445895 
0.7439408 
0.7517181 
0.7411513 
0.7497155 
0.7315411 
0.7419450 
0.7375937 
0.7350110 
0.7337920 
0.7371647 
0.7315858 
0.7356709 
0.7377518 
0.7348521 
0.7306628 
0.7447286 
0.7311755 
0.7416511 
0.7307284 
0.7362483 
0.7333041 
0.7289760 
0.7388658 
0.7327600 
0.7365396 
0.7338948 
0.7330469 
0.7354127 
0.7209058 
0.7256432 
0.7285530 
0.7235176 
0.7268249 
0.7321242 
0.7245946 
0.7366089 
0.7280456 
0.7307109 
0.7250250 
0.7230062 
0.7334570 
0.7238705 
0.7352787 
0.7297555 
0.7297755 
0.7260216 
0.7252312 
0.7252975 
0.7258887 
0.7291930 
0.7250933 
0.7158510 
0.7187699 
0.7203062 
0.7196503 
0.7185066 
0.7121897 
0.7239794 
0.7111883 
0.7148669 
0.7141288 
0.7161388 
0.7059523 
0.6992817 
0.7018844 
0.7029288 
0.7007301 
0.7011462 
0.6902713 
0.6981971 
0.6850894 
0.6982538 
0.6988547 
0.6854411 
0.6864699 
0.6897588 
0.6993789 
0.6840247 
0.6808308 
0.6899420 
0.6988785 
0.7072583 
0.6955735 
0.7052200 
0.7069939 
0.7020475 
0.7044734 
0.7017200 
0.7004553 
0.6946913 
0.6949663 
0.7048561 
0.6922676 
0.6989296 
0.6915575 
0.6921426 
0.6813718 
0.6936721 
0.6913005 
0.6871422 
0.6855756 
0.6891163 
0.6899320 
0.6824506 
0.6789478 
0.6842570 
0.6685790 
0.6753706 
0.6719666 
0.6609114 
0.6636239 
0.6724838 
0.6827948 
0.6936987 
0.6949136 
0.6987629 
0.6882403 
0.6908658 
0.6901516 
0.6894339 
0.6861021 
0.6936542 
0.6908695 
0.6786135 
0.6808777 
0.6944492 
0.6862704 
0.6860475 
0.6803319 
0.6768675 
0.6725296 
0.6721953 
0.6854173 
0.6823280 
0.6801900 
0.6748638 
0.6782655 
0.6827025 
0.6879939 
0.6816857 
0.6729820 
0.6735922 
0.6755798 
0.6634401 
0.6674915 
0.6726908 
0.6611973 
0.6777430 
0.6634173 
0.6743525 
0.6726131 
0.6746766 
0.6658827 
0.6705414 
0.6670319 
0.6679235 
0.6752125 
0.6600307 
0.6664136 
0.6608128 
0.6697438 
0.6671018 
0.6562719 
0.6704793 
0.6672705 
0.6601851 
0.6647327 
0.6647845 
0.6605191 
0.6637737 
0.6653168 
0.6572051 
0.6671484 
0.6648380 
0.6586534 
0.6674615 
0.6561195 
0.6528678 
0.6558751 
0.6479618 
0.6439760 
0.6552226 
0.6515697 
0.6572538 
0.6454193 
0.6449886 
0.6419702 
0.6450529 
0.6404797 
0.6421115 
0.6414286 
0.6376962 
0.6336874 
0.6446553 
0.6383417 
0.6420156 
0.6352983 
0.6350595 
0.6348452 
0.6326492 
0.6234891 
0.6324898 
0.6328541 
0.6325851 
0.6363514 
0.6233693 
0.6189898 
0.6243673 
0.6307295 
0.6317591 
0.6285884 
0.6256797 
0.6182773 
0.6244178 
0.6278343 
0.6227127 
0.6309955 
0.6246320 
0.6292377 
0.6183975 
0.6218453 
0.6172008 
0.6177683 
0.6180025 
0.6138196 
0.6167557 
0.6264231 
0.6193072 
0.6297797 
0.6185611 
0.6139507 
0.6212725 
0.6140701 
0.6173491 
0.6216751 
0.6197848 
0.6169853 
0.6097425 
0.6128117 
0.6231735 
0.6127156 
0.6179843 
0.6210917 
0.6143626 
0.6088763 
0.6105478 
0.6043557 
0.6002693 
0.6077676 
0.6195822 
0.6077485 
0.5969927 
0.6044133 
0.6004358 
0.6092959 
0.6047494 
0.5983499 
0.6098774 
0.5970007 
0.6050632 
0.6116608 
0.6056423 
0.6004933 
0.6090804 
0.5992455 
0.6071551 
0.6156743 
0.5976102 
0.5971158 
0.5956619 
0.5969589 
0.6034601 
0.6081588 
0.6156660 
0.6067432 
0.6006316 
0.6029485 
0.6016625 
0.5908484 
0.6081748 
0.6064475 
0.5960871 
0.5961794 
0.5952225 
0.5886616 
0.5880214 
0.5841776 
0.5910634 
0.5885475 
0.5823650 
0.5846175 
0.5911748 
0.5876718 
0.5910401 
0.5907194 
0.5721476 
0.5801057 
0.5847652 
0.5880066 
0.5754035 
0.5767417 
0.5915495 
0.5892079 
0.5807573 
0.5843814 
0.5755351 
0.5792826 
0.5686556 
0.5725677 
0.5786967 
0.5729813 
0.5651067 
0.5741287 
0.5735716 
0.5663210 
0.5755069 
0.5835238 
0.5864807 
0.5771715 
0.5730095 
0.5735432 
0.5722886 
0.5690185 
0.5716911 
0.5571288 
0.5658882 
0.5665951 
0.5496621 
0.5640420 
0.5535609 
0.5664999 
0.5556607 
0.5697977 
0.5719850 
0.5701354 
0.5613722 
0.5653600 
0.5642317 
0.5628996 
0.5608449 
0.5588426 
0.5520556 
0.5562355 
0.5619161 
0.5584219 
0.5564161 
0.5585481 
0.5674667 
0.5543570 
0.5588734 
0.5543221 
0.5522534 
0.5560987 
0.5509294 
0.5600910 
0.5516907 
0.5558904 
0.5404465 
0.5428818 
0.5468848 
0.5428417 
0.5384013 
0.5377270 
0.5462852 
0.5348407 
0.5410067 
0.5464585 
0.5471117 
0.5388176 
0.5398448 
0.5552498 
0.5441324 
0.5479512 
0.5461019 
0.5431251 
0.5380730 
0.5486041 
0.5396718 
0.5373137 
0.5431641 
0.5515950 
0.5370635 
0.5443784 
0.5436588 
0.5338500 
0.5406393 
0.5480228 
0.5239146 
0.5343562 
0.5445363 
0.5406481 
0.5309672 
0.5315168 
0.5370335 
0.5363652 
0.5232878 
0.5347258 
0.5263379 
0.5217109 
0.5359865 
0.5249890 
0.5301784 
0.5359991 
0.5231254 
0.5392602 
0.5353742 
0.5313779 
0.5453680 
0.5534402 
0.5339503 
0.5241414 
0.5255466 
0.5347824 
0.5255103 
0.5270301 
0.5245208 
0.5356282 
0.5324850 
0.5254054 
0.5326820 
0.5276269 
0.5313648 
0.5371466 
0.5309063 
0.5235225 
0.5185886 
0.5346586 
0.5158634 
0.5169336 
0.5205739 
0.5241459 
0.5239754 
0.5209903 
0.5088760 
0.5111484 
0.5155341 
0.5239841 
0.5252198 
0.5065808 
0.5074556 
0.5036117 
0.5147822 
0.5049098 
0.5138956 
0.5169580 
0.5111702 
0.5069912 
0.4992884 
0.5050317 
0.5074271 
0.5115900 
0.5072807 
0.4998491 
0.4998912 
0.5091072 
0.5069173 
0.4978439 
0.5084541 
0.4989988 
0.4971973 
0.4976992 
0.4962361 
0.4952151 
0.4841450 
0.4833356 
0.4930213 
0.4893948 
0.4976560 
0.5013137 
0.4950463 
0.4964957 
0.4952829 
0.4893400 
0.4777638 
0.4856779 
0.4878352 
0.4845297 
0.4878615 
0.4746504 
0.4876780 
0.4762477 
0.4685458 
0.4887998 
0.4699560 
0.4789233 
0.4786955 
0.4766800 
0.4841551 
0.4722935 
0.4910888 
0.4720096 
0.4785178 
0.4731799 
0.4857991 
0.4804652 
0.4747807 
0.4749893 
0.4757449 
0.4712281 
0.4741274 
0.4763228 
0.4770969 
0.4716578 
0.4806364 
0.4707462 
0.4665209 
0.4771884 
0.4741526 
0.4774584 
0.4782400 
0.4669039 
0.4718384 
0.4698538 
0.4649242 
0.4629015 
0.4578396 
0.4647800 
0.4600835 
0.4617926 
0.4677465 
0.4613095 
0.4683270 
0.4668554 
0.4611413 
0.4553305 
0.4688218 
0.4694482 
0.4639811 
0.4649423 
0.4453119 
0.4606114 
0.4578197 
0.4562993 
0.4573520 
0.4676305 
0.4468981 
0.4542969 
0.4519640 
0.4512978 
0.4449407 
0.4544582 
0.4509807 
0.4452868 
0.4492531 
0.4514949 
0.4437878 
0.4464869 
0.4503781 
0.4382250 
0.4575201 
0.4478249 
0.4424890 
0.4434562 
0.4394139 
0.4422725 
0.4374017 
0.4481968 
0.4455585 
0.4485236 
0.4416638 
0.4441988 
0.4496683 
0.4539253 
0.4488832 
0.4512155 
0.4519923 
0.4477708 
0.4389558 
0.4325617 
0.4326511 
0.4412147 
0.4411672 
0.4445866 
0.4411977 
0.4420725 
0.4417662 
0.4506554 
0.4484801 
0.4469602 
0.4415684 
0.4298202 
0.4382587 
0.4411623 
0.4405342 
0.4363485 
0.4421479 
0.4300805 
0.4305369 
0.4308683 
0.4239245 
0.4270994 
0.4380628 
0.4301983 
0.4260330 
0.4214353 
0.4281427 
0.4183632 
0.4274140 
0.4360560 
0.4352808 
0.4379942 
0.4293609 
0.4330927 
0.4399406 
0.4367960 
0.4281315 
0.4328398 
0.4433964 
0.4326204 
0.4277016 
0.4227789 
0.4308581 
0.4241631 
0.4198500 
0.4241260 
0.4276537 
0.4263577 
0.4234293 
0.4163000 
0.4097421 
0.4232351 
0.4202901 
0.4144085 
0.4251562 
0.4167058 
0.4132981 
0.4208066 
0.4270107 
0.4245391 
0.4197641 
0.4143688 
0.4188163 
0.4224511 
0.4167568 
0.4071323 
0.4036134 
0.4050191 
0.4095668 
0.4131569 
0.3984496 
0.4020596 
0.4020054 
0.4040622 
0.4156579 
0.4120882 
0.4100635 
0.4013128 
0.4117913 
0.4075875 
0.4052708 
0.4078976 
0.4083694 
0.4022998 
0.4067512 
0.4010695 
0.4103399 
0.4004630 
0.4034211 
0.4012994 
0.3953346 
0.3972830 
0.4085331 
0.4020716 
0.3909884 
0.3937883 
0.3979513 
0.3982138 
0.4026197 
0.4077247 
0.4039710 
0.4128207 
0.3935115 
0.4019634 
0.4029205 
0.4057236 
0.4016405 
0.3944672 
0.4015193 
0.4047736 
0.3902709 
0.3935616 
0.3906295 
0.3842578 
0.3931110 
0.3962359 
0.3942214 
0.3980092 
0.3867000 
0.3847186 
0.3951725 
0.3986749 
0.3807088 
0.3993648 
0.3940281 
0.3837702 
0.3970969 
0.3985257 
0.3812190 
0.3926322 
0.3825695 
0.3825504 
0.3780912 
0.3747904 
0.3668741 
0.3580373 
0.3632904 
0.3665712 
0.3700732 
0.3683248 
0.3686988 
0.3757236 
0.3678086 
0.3793325 
0.3749193 
0.3644755 
0.3687109 
0.3626746 
0.3561333 
0.3617740 
0.3585357 
0.3685513 
0.3616374 
0.3809402 
0.3695539 
0.3759956 
0.3608143 
0.3607336 
0.3641595 
0.3593922 
0.3614997 
0.3625221 
0.3640540 
0.3628138 
0.3673534 
0.3670686 
0.3575507 
0.3692597 
0.3647394 
0.3614431 
0.3596227 
0.3541449 
0.3684258 
0.3713242 
0.3717418 
0.3748425 
0.3740661 
0.3632220 
0.3573643 
0.3566990 
0.3726538 
0.3717589 
0.3634232 
0.3446818 
0.3473823 
0.3537432 
0.3573636 
0.3550033 
0.3478709 
0.3488918 
0.3574113 
0.3592559 
0.3648122 
0.3644735 
0.3599293 
0.3646400 
0.3463423 
0.3445747 
0.3434887 
0.3522732 
0.3455786 
0.3309406 
0.3431709 
0.3469075 
0.3617860 
0.3509214 
0.3426983 
0.3400221 
0.3384530 
0.3482195 
0.3396356 
0.3404865 
0.3368937 
0.3312379 
0.3432935 
0.3354915 
0.3423918 
0.3417221 
0.3251377 
0.3395396 
0.3243130 
0.3231363 
0.3337349 
0.3200110 
0.3279750 
0.3271377 
0.3237714 
0.3308526 
0.3298960 
0.3239013 
0.3299269 
0.3314332 
0.3348796 
0.3384527 
0.3308579 
0.3315065 
0.3293709 
0.3336532 
0.3390973 
0.3323850 
0.3344495 
0.3235249 
0.3195692 
0.3214963 
0.3237766 
0.3223575 
0.3185824 
0.3220055 
0.3264426 
0.3197408 
0.3148368 
0.3159295 
0.3163551 
0.3140953 
0.3164894 
0.3258969 
0.3226829 
0.3247153 
0.3185132 
0.3097527 
0.3162278 
0.3258754 
0.3221149 
0.3190464 
0.3145974 
0.3183147 
0.3238293 
0.3164317 
0.3305461 
0.3157001 
0.3056473 
0.3158372 
0.3096616 
0.3079225 
0.3219072 
0.3138848 
0.3116751 
0.2968056 
0.3031548 
0.3090189 
0.3015819 
0.3000886 
0.3065365 
0.2955172 
0.2993654 
0.2875832 
0.2862691 
0.2855466 
0.2921671 
0.2828271 
0.2876794 
0.2833165 
0.2873661 
0.2852400 
0.2913812 
0.3032139 
0.2922775 
0.2865319 
0.2769828 
0.2843236 
0.2832181 
0.2904262 
0.2846207 
0.2943830 
0.2761820 
0.2757980 
0.2694435 
0.2685595 
0.2698380 
0.2684771 
0.2790209 
0.2951453 
0.2874616 
0.2869268 
0.2856771 
0.2892872 
0.2837456 
0.2870969 
0.2787319 
0.2903745 
0.2953049 
0.2953010 
0.2877771 
0.2834931 
0.2773079 
0.2818573 
0.2844456 
0.2840237 
0.2875435 
0.2876332 
0.2847883 
0.2889453 
0.2863652 
0.2906127 
0.2916312 
0.2852836 
0.2904790 
0.2855489 
0.2866507 
0.2854208 
0.2790787 
0.2771216 
0.2705424 
0.2769345 
0.2697161 
0.2696203 
0.2756716 
0.2624206 
0.2688365 
0.2616814 
0.2640715 
0.2646166 
0.2672340 
0.2661082 
0.2761147 
0.2759214 
0.2657001 
0.2673306 
0.2685924 
0.2736670 
0.2732470 
0.2821378 
0.2850488 
0.2839417 
0.2649670 
0.2720198 
0.2639416 
0.2582816 
0.2649714 
0.2702379 
0.2700381 
0.2753388 
0.2646386 
0.2564545 
0.2619910 
0.2606643 
0.2558442 
0.2729556 
0.2747051 
0.2724481 
0.2732982 
0.2792929 
0.2756666 
0.2760928 
0.2612179 
0.2618651 
0.2621986 
0.2627161 
0.2550728 
0.2571470 
0.2446815 
0.2444780 
0.2403283 
0.2436228 
0.2329617 
0.2360475 
0.2422104 
0.2443281 
0.2451374 
0.2482809 
0.2433095 
0.2516109 
0.2376882 
0.2440814 
0.2564569 
0.2619265 
0.2670733 
0.2482628 
0.2496129 
0.2447010 
0.2411578 
0.2445516 
0.2436878 
0.2542820 
0.2541343 
0.2577758 
0.2442974 
0.2378112 
0.2473212 
0.2365665 
0.2307672 
0.2313689 
0.2275790 
0.2223820 
0.2242802 
0.2244518 
0.2224529 
0.2210833 
0.2015500 
0.2166501 
0.2109517 
0.2060071 
0.2121432 
0.2083003 
0.2070625 
0.2218819 
0.2152898 
0.2134397 
0.2313901 
0.2236007 
0.2196236 
0.2178251 
0.2118961 
0.2119984 
0.2363625 
0.2210611 
0.2294990 
0.2261595 
0.2343542 
0.2348771 
0.2570377 
0.2336485 
0.2288452 
0.2209077 
0.2267177 
0.2315299 
0.2701988 
0.2458049 
0.2451079 
0.2495096 
0.2634307 
0.2635040 
0.2807991 
0.2708567 
0.2651685 
0.2682379 
0.2578577 
0.2759692 
0.2794608 
0.2859576 
0.2671532 
0.2738832 
0.2651832 
0.2530687 
0.2519602 
0.2519044 
0.2408400 
0.2337513 
0.2722112 
0.2590372 
0.2255936 
0.2269742 
0.2239695 
0.2108592 
0.2176816 
0.2278111 
0.2348713 
0.2265602 
0.2066678 
0.2050252 
0.1955740 
0.1912707 
0.2007772 
0.2216467 
0.2070218 
0.1959178 
0.2072649 
0.1886083 
0.1982617 
0.2068796 
0.1992713 
0.2181488 
0.2072091 
0.2015624 
0.1854730 
0.1941837 
0.1968969 
0.1975056 
0.2010692 
0.2004682 
0.1979858 
0.2063747 
0.1886640 
0.1723586 
0.1736320 
0.1746497 
0.1813697 
0.1848805 
0.1806898 
0.1866172 
0.1919248 
0.1710562 
0.1706890 
0.1784898 
0.1793080 
0.1590245 
0.1517357 
0.1502864 
0.1717508 
0.1829304 
0.1639155 
0.1617336 
0.1568288 
0.1680382 
0.1693492 
0.1672549 
0.1631507 
0.1763553 
0.1955042 
0.1814583 
0.1825403 
0.1844944 
0.1791269 
0.1744104 
0.1815224 
0.1895243 
0.1949443 
0.1980145 
0.2096072 
0.2037950 
0.2078673 
0.2143145 
0.2171329 
0.2021559 
0.2019764 
0.1960495 
0.1994535 
0.1900342 
0.1821413 
0.1742947 
0.1658333 
0.1723062 
0.1823675 
0.1898309 
0.2016566 
0.2194402 
0.2139023 
0.2011799 
0.1940786 
0.1947023 
0.1852845 
0.1760710 
0.1804165 
0.1828851 
0.1916403 
0.1861167 
0.1952429 
0.2000675 
0.2063803 
0.1929933 
0.2019624 
0.2044189 
0.1967395 
0.1835547 
0.1703942 
0.1743960 
0.1776522 
0.1764319 
0.1777929 
0.1713401 
0.1839065 
0.1764100 
0.1794154 
0.1809319 
0.1717389 
0.1676510 
0.1731630 
0.1798021 
0.1926487 
0.1841558 
0.1640534 
0.1655808 
0.1618423 
0.1638395 
0.1660397 
0.1719813 
0.1793258 
0.1756251 
0.1666085 
0.1589651 
0.1560579 
0.1568700 
0.1592055 
0.1547032 
0.1628943 
0.1626038 
0.1671674 
0.1671288 
0.1671246 
0.1635769 
0.1607334 
0.1626496 
0.1636855 
0.1635900 
0.1668514 
0.1683954 
0.1671471 
0.1733941 
0.1771574 
0.1759141 
0.1791749 
0.1806088 
0.1906090 
0.1819694 
0.1734560 
0.1741447 
0.1698793 
0.1705733 
0.1617530 
0.1604549 
0.1561566 
0.1534585 
0.1453412 
0.1523490 
0.1493276 
0.1520451 
0.1526994 
0.1536972 
0.1448566 
0.1402243 
0.1409987 
0.1460359 
0.1480075 
0.1463030 
0.1442013 
0.1472488 
0.1381071 
0.1422580 
0.1314278 
0.1358565 
0.1315630 
0.1292831 
0.1386981 
0.1294520 
0.1322147 
0.1312417 
0.1392763 
0.1412567 
0.1432592 
0.1368545 
0.1323369 
0.1365195 
0.1350493 
0.1365872 
0.1342099 
0.1329122 
0.1370451 
0.1355543 
0.1346526 
0.1275748 
0.1238591 
0.1227597 
0.1279025 
0.1190893 
0.1217464 
0.1255681 
0.1238896 
0.1233934 
0.1212148 
0.1249154 
0.1304882 
0.1332589 
0.1386437 
0.1435322 
0.1569559 
0.1519771 
0.1498136 
0.1495532 
0.1532423 
0.1607553 
0.1577821 
0.1538655 
0.1532855 
0.1604471 
0.1601761 
0.1632104 
0.1667168 
0.1659770 
0.1630397 
0.1518615 
0.1316852 
0.1307346 
0.1392459 
0.1348385 
0.1266401 
0.1295465 
0.1194810 
0.1217820 
0.1273179 
0.1144826 
0.1165363 
0.1188705 
0.1175417 
0.1165071 
0.1183748 
0.1057739 
0.1102287 
0.1158785 
0.1229213 
0.1214173 
0.1106725 
0.1072609 
0.1071094 
0.1057843 
0.1140519 
0.1162156 
0.1047828 
0.1163825 
0.1122147 
0.1152236 
0.1221246 
0.1168699 
0.1110611 
0.1070992 
0.1147140 
0.1106528 
0.1084238 
0.1134035 
0.1085528 
0.1060416 
0.1082897 
0.1059892 
0.1066400 
0.0971265 
0.1074592 
0.1112257 
0.1033077 
0.0964067 
0.0939931 
0.0953727 
0.0996012 
0.1036041 
0.1044577 
0.1030164 
0.1006897 
0.1077128 
0.1177667 
0.1259266 
0.1200949 
0.1135505 
0.1061381 
0.1063856 
0.1110018 
0.1206383 
0.1159282 
0.1124773 
0.1127310 
0.1197180 
0.1156483 
0.1033261 
0.1258788 
0.1177180 
0.1014118 
0.1081386 
0.0967708 
0.0867385 
0.1044128 
0.1013805 
0.1034921 
0.0986523 
0.0881342 
0.0975523 
0.0895719 
0.0760254 
0.0958351 
0.0991692 
0.0818470 
0.0891320 
0.0921685 
0.0665532 
0.0667141 
0.0878573 
0.0928061 
0.0890670 
0.0842893 
0.0841214 
0.0844189 
0.0758867 
0.0556821 
0.0563492 
0.0715045 
0.0671424 
0.0719346 
0.0811942 
0.0736719 
0.0641542 
0.0606780 
0.0636743 
0.0678259 
0.0761944 
0.0783930 
0.0818841 
0.0736256 
0.0712681 
0.0639465 
0.0596967 
0.0489874 
0.0551959 
0.0688182 
0.0691887 
0.0708912 
0.0713441 
0.0547141 
0.0592220 
0.0490107 
0.0465250 
0.0480745 
0.0491726 
0.0534782 
0.0543097 
0.0420086 
0.0449089 
0.0459178 
0.0448446 
0.0431031 
0.0621671 
0.0643127 
0.0572632 
0.0554811 
0.0599807 
0.0567943 
0.0578582 
0.0540113 
0.0469148 
0.0606917 
0.0568173 
0.0496671 
0.0538481 
0.0526391 
0.0481417 
0.0482878 
0.0525685 
0.0544956 
0.0566912 
0.0522904 
0.0520209 
0.0538302 
0.0494307 
0.0436162 
0.0356941 
0.0344540 
0.0392480 
0.0354468 
0.0319493 
0.0288318 
0.0366285 
0.0428980 
0.0399631 
0.0397584 
0.0368622 
0.0378537 
0.0416131 
0.0358851 
0.0402780 
0.0434808 
0.0309219 
0.0286511 
0.0281058 
0.0272538 
0.0194819 
0.0292161 
0.0265383 
0.0390557 
0.0395684 
0.0370144 
0.0473827 
0.0537863 
0.0427450 
0.0400297 
0.0375525 
0.0379291 
0.0368799 
0.0413912 
0.0469680 
0.0477758 
0.0404766 
0.0380574 
0.0327808 
0.0369232 
0.0433918 
0.0455943 
0.0486757 
0.0504630 
0.0457797 
0.0411833 
0.0329621 
0.0332904 
0.0381880 
0.0388716 
0.0395463 
0.0326250 
0.0287473 
0.0362639 
0.0374445 
0.0373153 
0.0335056 
0.0233707 
0.0244446 
0.0286398 
0.0370028 
0.0392122 
0.0442358 
0.0375700 
0.0331850 
0.0421826 
0.0391069 
0.0418323 
0.0410882 
0.0472481 
0.0403709 
0.0310863 
0.0278186 
0.0274232 
0.0267179 
0.0288789 
0.0245836 
0.0277871 
0.0235961 
0.0228016 
0.0267168 
0.0286817 
0.0160464 
0.0124779 
0.0210375 
0.0228326 
0.0261632 
0.0137732 
0.0144969 
0.0167308 
0.0206832 
0.0214553 
0.0264688 
0.0358990 
0.0316819 
0.0150395 
0.0119546 
0.0140167 
0.0120660 
0.0028084 
0.0000000 
