0.0000515 
-0.0000016 
-0.0001288 
-0.2787448 
0.1775627 
0.3710163 
0.9589778 
0.9555101 
0.9609508 
0.9644487 
0.9697056 
0.9717609 
0.9722717 
0.9796719 
0.9759574 
0.9795714 
0.9874525 
0.9930896 
0.9916246 
0.9887991 
0.9885865 
0.9866384 
0.9777033 
0.9842924 
0.9777345 
0.9793269 
0.9689166 
0.9674344 
0.9592897 
0.9769972 
0.9710854 
0.9712131 
0.9581170 
0.9657023 
0.9630392 
0.9806907 
0.9934755 
0.9936124 
0.9877119 
0.9801874 
0.9864574 
0.9874148 
0.9874075 
1.0000000 
0.9912792 
0.9873128 
0.9870546 
0.9917291 
0.9969748 
0.9924862 
0.9909756 
0.9933128 
0.9825730 
0.9876174 
0.9822250 
0.9831060 
0.9801529 
0.9821964 
0.9865472 
0.9876087 
0.9868111 
0.9821906 
0.9726017 
0.9761426 
0.9699889 
0.9728921 
0.9658052 
0.9508172 
0.9531981 
0.9508947 
0.9514381 
0.9472544 
0.9531102 
0.9517832 
0.9583416 
0.9615250 
0.9503372 
0.9413189 
0.9405862 
0.9288076 
0.9266321 
0.9355496 
0.9356844 
0.9364383 
0.9296793 
0.9305164 
0.9295830 
0.9367428 
0.9353289 
0.9369828 
0.9370453 
0.9321498 
0.9313741 
0.9329996 
0.9334366 
0.9400320 
0.9391698 
0.9310232 
0.9307944 
0.9283968 
0.9262381 
0.9287898 
0.9285062 
0.9273269 
0.9223448 
0.9252026 
0.9255705 
0.9354532 
0.9408836 
0.9272616 
0.9268676 
0.9173595 
0.9220747 
0.9242627 
0.9272710 
0.9237676 
0.9107889 
0.9066640 
0.9094899 
0.9189169 
0.9190723 
0.9162864 
0.9127559 
0.9047584 
0.9038650 
0.9077554 
0.9103414 
0.9071163 
0.9082046 
0.9101182 
0.8998529 
0.9047177 
0.9083136 
0.9172254 
0.9227083 
0.9308193 
0.9242061 
0.9251633 
0.9283336 
0.9230748 
0.9197826 
0.9141474 
0.9074603 
0.9045712 
0.9044056 
0.9090183 
0.9196956 
0.9157420 
0.9115543 
0.9126047 
0.9180635 
0.9233886 
0.9147028 
0.9135125 
0.9037438 
0.8854883 
0.8908764 
0.8920505 
0.9000348 
0.9076518 
0.9099158 
0.9103205 
0.9191379 
0.9215913 
0.9194723 
0.9271794 
0.9229723 
0.9192894 
0.9161071 
0.9160995 
0.9143377 
0.9136809 
0.9112352 
0.9076605 
0.9078655 
0.9089358 
0.9121415 
0.9192843 
0.9143467 
0.9251646 
0.9218560 
0.9308180 
0.9371299 
0.9347867 
0.9430008 
0.9369964 
0.9389802 
0.9367775 
0.9327394 
0.9300037 
0.9280126 
0.9356891 
0.9420448 
0.9455346 
0.9412223 
0.9379548 
0.9377436 
0.9345717 
0.9266048 
0.9329516 
0.9289750 
0.9219611 
0.9245790 
0.9209729 
0.9166556 
0.9215777 
0.9235711 
0.9230746 
0.9256869 
0.9325258 
0.9251361 
0.9215252 
0.9109364 
0.9032152 
0.9008616 
0.9051626 
0.9009983 
0.9050152 
0.9050631 
0.9048969 
0.9171509 
0.9138700 
0.9218359 
0.9227983 
0.9232576 
0.9316590 
0.9318918 
0.9190632 
0.9190013 
0.9136601 
0.9103390 
0.9050059 
0.9012277 
0.9070993 
0.9112433 
0.9088146 
0.9117267 
0.9136888 
0.9202412 
0.9249740 
0.9293295 
0.9313795 
0.9285047 
0.9301370 
0.9381431 
0.9222845 
0.9164630 
0.9195661 
0.9315122 
0.9229220 
0.9211993 
0.9305858 
0.9309390 
0.9257649 
0.9242729 
0.9212058 
0.9155238 
0.9175781 
0.9118557 
0.9146417 
0.9063521 
0.9056859 
0.9043615 
0.9121640 
0.9223318 
0.9235125 
0.9247180 
0.9270212 
0.9231323 
0.9302216 
0.9329842 
0.9359867 
0.9360352 
0.9340306 
0.9289012 
0.9188636 
0.9176089 
0.9171417 
0.9168746 
0.9165589 
0.9122255 
0.9105520 
0.9085893 
0.9147641 
0.9122673 
0.9036854 
0.9019636 
0.8951854 
0.9045911 
0.8983552 
0.8933182 
0.8883304 
0.8850260 
0.8748272 
0.8771507 
0.8792423 
0.8807726 
0.8729531 
0.8727746 
0.8702020 
0.8700308 
0.8858549 
0.8874659 
0.8895904 
0.8925795 
0.8900252 
0.8904658 
0.8825005 
0.8805875 
0.8805418 
0.8830828 
0.8864005 
0.8878160 
0.8872502 
0.8849347 
0.8840708 
0.8902023 
0.8885580 
0.8986184 
0.8990756 
0.9037596 
0.9096947 
0.9154926 
0.9169834 
0.9067550 
0.8987153 
0.8985413 
0.8953093 
0.8917737 
0.8928941 
0.8945211 
0.8973810 
0.8915989 
0.8860827 
0.8873624 
0.8958151 
0.9003933 
0.8971826 
0.8962245 
0.9067035 
0.9104623 
0.9119300 
0.9034951 
0.9017366 
0.8958254 
0.8916422 
0.8825548 
0.8802001 
0.8842672 
0.8940181 
0.8922466 
0.8946133 
0.8995696 
0.9056492 
0.9126841 
0.9156858 
0.9184451 
0.9224784 
0.9193523 
0.9225955 
0.9100168 
0.9111898 
0.9042679 
0.8966394 
0.8998859 
0.8965137 
0.9011372 
0.8993981 
0.9008109 
0.9030786 
0.8993460 
0.9015985 
0.9033685 
0.8933964 
0.9032444 
0.9015344 
0.9043051 
0.9004363 
0.9071459 
0.9095841 
0.9059726 
0.9067088 
0.9057553 
0.8997704 
0.8965778 
0.8932179 
0.8866051 
0.8877025 
0.9028210 
0.8938037 
0.8892470 
0.8945381 
0.9016564 
0.8975109 
0.9107265 
0.9075087 
0.9147943 
0.9157764 
0.9096992 
0.9103281 
0.9174830 
0.9220889 
0.9246653 
0.9276412 
0.9301806 
0.9295960 
0.9250223 
0.9187471 
0.9215515 
0.9205851 
0.9170314 
0.9065412 
0.8995106 
0.8983516 
0.9031844 
0.9168054 
0.9169337 
0.8990407 
0.8958430 
0.9115921 
0.9072626 
0.9149187 
0.9151810 
0.9115853 
0.9202136 
0.9143103 
0.9120191 
0.9137954 
0.9150921 
0.9167047 
0.9059905 
0.9104756 
0.9139614 
0.9113911 
0.9083960 
0.9023685 
0.9040516 
0.8919568 
0.8973803 
0.9013010 
0.9045779 
0.9045526 
0.9059685 
0.9036332 
0.9049894 
0.8974373 
0.9028087 
0.9026597 
0.8981904 
0.8997895 
0.8959875 
0.9001747 
0.8953469 
0.8943672 
0.8928468 
0.8845024 
0.8900723 
0.9035664 
0.9014977 
0.9060187 
0.9202724 
0.9129603 
0.9090222 
0.9166313 
0.9039799 
0.9022558 
0.9088355 
0.9203573 
0.9223865 
0.9327031 
0.9332401 
0.9352716 
0.9321755 
0.9334340 
0.9257906 
0.9257394 
0.9277263 
0.9309557 
0.9367078 
0.9458763 
0.9381022 
0.9353691 
0.9286959 
0.9179902 
0.9140920 
0.9050135 
0.9034713 
0.9110533 
0.9124074 
0.9058543 
0.8870025 
0.8776622 
0.8755570 
0.8783331 
0.8773012 
0.8746015 
0.8749806 
0.8893318 
0.9039410 
0.8869882 
0.8851370 
0.8843253 
0.8793590 
0.8750747 
0.8799111 
0.8828782 
0.8823658 
0.8803256 
0.8773400 
0.8818672 
0.8760989 
0.8852802 
0.8909069 
0.8905926 
0.8984101 
0.9002751 
0.9027971 
0.9000557 
0.9061069 
0.9145463 
0.9156070 
0.9141611 
0.9190813 
0.9174635 
0.9203052 
0.9181707 
0.9189872 
0.9209863 
0.9185008 
0.9002831 
0.9000599 
0.8996258 
0.9019683 
0.9006829 
0.8909249 
0.8952987 
0.8847295 
0.8803745 
0.8834019 
0.8846953 
0.8746118 
0.8678150 
0.8717585 
0.8503023 
0.8565547 
0.8529354 
0.8268400 
0.8273134 
0.8229428 
0.7846692 
0.7843659 
0.7728107 
0.7172941 
0.7215458 
0.7233079 
0.6447354 
0.6483852 
0.6587426 
0.5862653 
0.5923051 
0.5938657 
0.4880260 
0.4800445 
0.4730166 
0.4361190 
0.4253539 
0.4269442 
0.4197909 
0.4015177 
0.3996403 
0.3921950 
0.3916035 
0.3871040 
0.3823064 
0.3794590 
0.3829158 
0.3867943 
0.3962670 
0.3997221 
0.3867338 
0.3902861 
0.3871710 
0.3933235 
0.3975403 
0.4065716 
0.3959594 
0.3957405 
0.3928074 
0.3852585 
0.3893445 
0.3936094 
0.3863065 
0.3870224 
0.3895847 
0.3942417 
0.3904762 
0.3896481 
0.3892380 
0.3904342 
0.3852169 
0.3824742 
0.3789938 
0.3777465 
0.3722330 
0.3719210 
0.3700046 
0.3762924 
0.3743345 
0.3746152 
0.3673611 
0.3606000 
0.3706496 
0.3626379 
0.3718039 
0.3671051 
0.3683440 
0.3770430 
0.3829447 
0.3756920 
0.3861707 
0.3815675 
0.3855946 
0.3820167 
0.3885420 
0.3748055 
0.3799582 
0.3755655 
0.3684442 
0.3654384 
0.3805037 
0.3746360 
0.3788525 
0.3779815 
0.3847010 
0.3805985 
0.3806542 
0.3868464 
0.3891369 
0.3867895 
0.3840637 
0.3836677 
0.3855130 
0.3886813 
0.3807945 
0.3845924 
0.3921718 
0.3845870 
0.3868608 
0.3860088 
0.3792968 
0.3793671 
0.3860006 
0.3913572 
0.3924828 
0.3928426 
0.3982453 
0.4030861 
0.4028096 
0.4009770 
0.3957888 
0.3977066 
0.4026174 
0.4042606 
0.4096984 
0.4040196 
0.3989886 
0.4099896 
0.4096018 
0.4148898 
0.4095555 
0.4100656 
0.4141319 
0.4173541 
0.4225677 
0.4198535 
0.4204713 
0.4077076 
0.4128048 
0.4017719 
0.3995390 
0.3862060 
0.3937913 
0.3883541 
0.3905823 
0.3832418 
0.3888734 
0.3900337 
0.3834157 
0.3969891 
0.3992661 
0.3928982 
0.3884425 
0.3917087 
0.1492171 
0.1526263 
0.1503554 
0.1514326 
0.1429771 
0.1474356 
0.1507308 
0.1630175 
0.1510245 
0.1489067 
0.1596416 
0.1642527 
0.1716858 
0.1735388 
0.1749146 
0.1700914 
0.1765686 
0.1833213 
0.1837007 
0.1873204 
0.1749687 
0.1826970 
0.1746180 
0.1731898 
0.1746814 
0.1702492 
0.1738708 
0.1652072 
0.1637953 
0.1671890 
0.1604051 
0.1495583 
0.1379565 
0.1251775 
0.1399117 
0.1325686 
0.1379906 
0.1417126 
0.1489613 
0.1581231 
0.1594193 
0.1635809 
0.1610659 
0.1699921 
0.1662903 
0.1607896 
0.1633500 
0.1595361 
0.1567882 
0.1513602 
0.1560568 
0.1585075 
0.1573369 
0.1621754 
0.1766864 
0.1982025 
0.2025267 
0.1926550 
0.1925997 
0.1832148 
0.1874750 
0.1900920 
0.1807536 
0.1813856 
0.1752902 
0.1811888 
0.1774861 
0.1763384 
0.1785623 
0.1728258 
0.1745779 
0.1724467 
0.1797559 
0.1717123 
0.1804670 
0.1748092 
0.1818481 
0.1749876 
0.1790950 
0.1794155 
0.1869847 
0.1948870 
0.1939316 
0.1959409 
0.1828775 
0.1839765 
0.1850943 
0.1841646 
0.1694471 
0.1736625 
0.1654037 
0.1689769 
0.1654580 
0.1574062 
0.1587895 
0.1635175 
0.1643618 
0.1608289 
0.1644305 
0.1610851 
0.1497200 
0.1484820 
0.1489470 
0.1499213 
0.1509208 
0.1548482 
0.1661778 
0.1748275 
0.1678065 
0.1650113 
0.1595623 
0.1702610 
0.1645879 
0.1756079 
0.1757886 
0.1714236 
0.1706817 
0.1782750 
0.1695770 
0.1781094 
0.1722810 
0.1768309 
0.1719813 
0.1775667 
0.1744250 
0.1799903 
0.1797048 
0.1812179 
0.1741449 
0.1739282 
0.1722314 
0.1626090 
0.1635762 
0.1705164 
0.1675351 
0.1684586 
0.1686145 
0.1623076 
0.1671961 
0.1694545 
0.1742027 
0.1649830 
0.1610808 
0.1569606 
0.1499367 
0.1499534 
0.1504525 
0.1508540 
0.1530305 
0.1485557 
0.1648570 
0.1542992 
0.1596461 
0.1508348 
0.1472962 
0.1436015 
0.1320157 
0.1302481 
0.1253431 
0.1191866 
0.1205286 
0.1193908 
0.1220846 
0.1287627 
0.1235722 
0.1270036 
0.1271951 
0.1229391 
0.1268046 
0.1301601 
0.1350512 
0.1347329 
0.1480205 
0.1299123 
0.1298400 
0.1316097 
0.1325300 
0.1320709 
0.1334464 
0.1296812 
0.1269369 
0.1328032 
0.1410513 
0.1383587 
0.1368444 
0.1338322 
0.1325676 
0.1301628 
0.1358624 
0.1292789 
0.1297851 
0.1399295 
0.1325672 
0.1450767 
0.1409055 
0.1450454 
0.1435065 
0.1298032 
0.1251608 
0.1234192 
0.1162283 
0.1157692 
0.1213290 
0.1105084 
0.1059851 
0.1043628 
0.1148208 
0.1035815 
0.1033974 
0.1085966 
0.1082768 
0.1084678 
0.1045959 
0.1066810 
0.1048509 
0.1049491 
0.1051103 
0.1129595 
0.1101637 
0.1106058 
0.1143296 
0.1186572 
0.1150311 
0.1151662 
0.1193934 
0.1104894 
0.1034746 
0.1023918 
0.0978757 
0.0977283 
0.0957689 
0.1019582 
0.1041830 
0.1013453 
0.1106893 
0.1146565 
0.1104877 
0.0918695 
0.0866453 
0.0804853 
0.0867886 
0.0815027 
0.0784714 
0.0725334 
0.0731706 
0.0671959 
0.0749103 
0.0809898 
0.0862285 
0.0921239 
0.0941537 
0.0915733 
0.0928983 
0.0984089 
0.1080566 
0.1099837 
0.1096746 
0.1075625 
0.1011260 
0.0982577 
0.0984434 
0.0963713 
0.1051425 
0.1098958 
0.1095824 
0.1089233 
0.1058676 
0.1077028 
0.1170483 
0.1178155 
0.1058237 
0.1092619 
0.1193353 
0.1227299 
0.1151586 
0.1104266 
0.1073966 
0.0997019 
0.1141463 
0.1069615 
0.1107101 
0.1033664 
0.0998330 
0.0853138 
0.0841644 
0.0798249 
0.0837341 
0.0752473 
0.0805565 
0.0849359 
0.0824287 
0.0773737 
0.0878678 
0.0825378 
0.0835319 
0.0915530 
0.0904569 
0.0810755 
0.0734666 
0.0807873 
0.0653203 
0.0593623 
0.0615624 
0.0643269 
0.0649819 
0.0777661 
0.0784319 
0.0774997 
0.0746016 
0.0751610 
0.0735892 
0.0723050 
0.0755124 
0.0701518 
0.0655196 
0.0815833 
0.0734272 
0.0666323 
0.0725969 
0.0725798 
0.0748017 
0.0764703 
0.0770884 
0.0841594 
0.0827837 
0.0777647 
0.0828834 
0.0771971 
0.0776012 
0.0767950 
0.0763303 
0.0783971 
0.0752550 
0.0825201 
0.0904149 
0.0777070 
0.0764561 
0.0832852 
0.0845569 
0.0895283 
0.0883232 
0.0885419 
0.0844932 
0.0882281 
0.0873975 
0.0884221 
0.0850047 
0.0812913 
0.0755915 
0.0782785 
0.0844380 
0.0811119 
0.0881061 
0.0886012 
0.0855760 
0.0887539 
0.0829221 
0.0848030 
0.0820485 
0.0778413 
0.0782107 
0.0815389 
0.0903643 
0.0919382 
0.0989285 
0.1041225 
0.0992075 
0.0944005 
0.0934991 
0.0890235 
0.0904551 
0.0934273 
0.0954765 
0.0997700 
0.1069804 
0.1036963 
0.1014727 
0.1080991 
0.1100866 
0.1085994 
0.1153465 
0.1133454 
0.1077979 
0.1170950 
0.1119732 
0.1082934 
0.1127002 
0.1045366 
0.1040387 
0.0911503 
0.0897983 
0.0816145 
0.0851792 
0.0886099 
0.0977918 
0.0921516 
0.0759178 
0.0760719 
0.0696420 
0.0653271 
0.0651830 
0.0678408 
0.0659787 
0.0672040 
0.0540317 
0.0482333 
0.0515524 
0.0605495 
0.0528326 
0.0554285 
0.0520410 
0.0505558 
0.0536274 
0.0557222 
0.0535236 
0.0509733 
0.0540050 
0.0562607 
0.0477887 
0.0562448 
0.0562890 
0.0606357 
0.0645079 
0.0565315 
0.0653153 
0.0649050 
0.0594195 
0.0582443 
0.0626222 
0.0560527 
0.0522666 
0.0536848 
0.0600090 
0.0508016 
0.0556686 
0.0496518 
0.0566044 
0.0464529 
0.0454612 
0.0343982 
0.0376584 
0.0367943 
0.0438038 
0.0462234 
0.0449268 
0.0454740 
0.0584234 
0.0638582 
0.0569475 
0.0552677 
0.0510891 
0.0525842 
0.0417728 
0.0514156 
0.0580747 
0.0605146 
0.0606906 
0.0584154 
0.0581503 
0.0621999 
0.0579907 
0.0410126 
0.0402487 
0.0354336 
0.0369860 
0.0378416 
0.0414759 
0.0399847 
0.0449334 
0.0494766 
0.0537170 
0.0567362 
0.0583687 
0.0625032 
0.0697472 
0.0695349 
0.0689898 
0.0608177 
0.0573755 
0.0603442 
0.0579881 
0.0584051 
0.0591262 
0.0594683 
0.0542655 
0.0629150 
0.0634835 
0.0711132 
0.0719263 
0.0633522 
0.0450344 
0.0451416 
0.0396877 
0.0500874 
0.0539278 
0.0533245 
0.0624069 
0.0567726 
0.0582301 
0.0557783 
0.0543180 
0.0456674 
0.0462463 
0.0377506 
0.0362477 
0.0623287 
0.0759043 
0.0824986 
0.0860644 
0.0836159 
0.0689554 
0.0687223 
0.0574271 
0.0429426 
0.0435514 
0.0416026 
0.0331801 
0.0357387 
0.0344865 
0.0344848 
0.0394918 
0.0384073 
0.0427428 
0.0414108 
0.0428572 
0.0402959 
0.0321568 
0.0327129 
0.0382089 
0.0310637 
0.0328905 
0.0438353 
0.0405956 
0.0458977 
0.0411837 
0.0504203 
0.0474632 
0.0488554 
0.0466102 
0.0507632 
0.0524354 
0.0594126 
0.0611134 
0.0599639 
0.0590113 
0.0631421 
0.0631244 
0.0641018 
0.0573628 
0.0491489 
0.0459732 
0.0467648 
0.0499496 
0.0534228 
0.0551594 
0.0547147 
0.0407184 
0.0516602 
0.0530656 
0.0510619 
0.0512623 
0.0431839 
0.0442505 
0.0353326 
0.0414415 
0.0488516 
0.0602858 
0.0536371 
0.0545030 
0.0527576 
0.0497673 
0.0564875 
0.0553207 
0.0525411 
0.0563549 
0.0568499 
0.0588226 
0.0570845 
0.0603236 
0.0566705 
0.0573880 
0.0569312 
0.0516840 
0.0456574 
0.0471295 
0.0501493 
0.0400287 
0.0460183 
0.0453956 
0.0490432 
0.0551722 
0.0546347 
0.0451305 
0.0517799 
0.0544971 
0.0539263 
0.0595604 
0.0649562 
0.0687570 
0.0667208 
0.0660392 
0.0688406 
0.0727933 
0.0646203 
0.0704438 
0.0569093 
0.0582884 
0.0571463 
0.0554270 
0.0556270 
0.0541963 
0.0496576 
0.0524921 
0.0537801 
0.0491251 
0.0501191 
0.0411183 
0.0515313 
0.0516809 
0.0554606 
0.0607929 
0.0716790 
0.0628714 
0.0593669 
0.0596545 
0.0655299 
0.0590063 
0.0633200 
0.0573284 
0.0559152 
0.0560154 
0.0511663 
0.0511151 
0.0509831 
0.0534925 
0.0504848 
0.0517981 
0.0500746 
0.0467613 
0.0376062 
0.0370983 
0.0433438 
0.0526771 
0.0413729 
0.0477716 
0.0345539 
0.0338958 
0.0379130 
0.0336991 
0.0358273 
0.0407640 
0.0415894 
0.0501702 
0.0539323 
0.0592531 
0.0628256 
0.0597556 
0.0485844 
0.0544258 
0.0524875 
0.0614351 
0.0432860 
0.0509598 
0.0491555 
0.0530936 
0.0544070 
0.0498808 
0.0447935 
0.0465842 
0.0459784 
0.0557080 
0.0572870 
0.0506414 
0.0537222 
0.0563357 
0.0587463 
0.0520675 
0.0582108 
0.0544577 
0.0578294 
0.0544914 
0.0560687 
0.0622311 
0.0543498 
0.0549077 
0.0552581 
0.0549796 
0.0585582 
0.0646101 
0.0559053 
0.0593112 
0.0530450 
0.0552984 
0.0530194 
0.0594273 
0.0608593 
0.0579953 
0.0621235 
0.0570567 
0.0570625 
0.0500850 
0.0445770 
0.0512483 
0.0558867 
0.0586183 
0.0605345 
0.0678589 
0.0719641 
0.0778881 
0.0815709 
0.1008006 
0.1131570 
0.1217263 
0.1289989 
0.1323737 
0.1408929 
0.1101977 
0.0882122 
0.0824384 
0.0802790 
0.0817880 
0.0759715 
0.0672099 
0.0666551 
0.0629780 
0.0615568 
0.0604594 
0.0625358 
0.0675867 
0.0663869 
0.0674399 
0.0655595 
0.0644381 
0.0689816 
0.0600833 
0.0558682 
0.0547244 
0.0458411 
0.0477064 
0.0502011 
0.0564731 
0.0540078 
0.0520965 
0.0485419 
0.0459546 
0.0525416 
0.0483119 
0.0442587 
0.0427414 
0.0386220 
0.0415631 
0.0433201 
0.0417417 
0.0421350 
0.0483246 
0.0529117 
0.0468886 
0.0540177 
0.0487697 
0.0487408 
0.0406714 
0.0419405 
0.0474455 
0.0458609 
0.0460022 
0.0511595 
0.0499397 
0.0488134 
0.0578877 
0.0542984 
0.0512903 
0.0564202 
0.0531543 
0.0524867 
0.0606993 
0.0607233 
0.0620632 
0.0664771 
0.0641492 
0.0660408 
0.0596157 
0.0599871 
0.0503985 
0.0519749 
0.0536738 
0.0668647 
0.0647137 
0.0687982 
0.0619807 
0.0699732 
0.0673104 
0.0543456 
0.0498847 
0.0405822 
0.0460451 
0.0443963 
0.0474691 
0.0426594 
0.0463909 
0.0524323 
0.0508178 
0.0549891 
0.0553080 
0.0575547 
0.0505491 
0.0630499 
0.0631267 
0.0495011 
0.0466149 
0.0444084 
0.0446353 
0.0520714 
0.0500383 
0.0572450 
0.0469100 
0.0419630 
0.0352200 
0.0305713 
0.0375962 
0.0336734 
0.0464969 
0.0340548 
0.0353193 
0.0366529 
0.0332414 
0.0374425 
0.0376933 
0.0259148 
0.0334084 
0.0289410 
0.0302650 
0.0323606 
0.0368256 
0.0232845 
0.0280149 
0.0241063 
0.0188159 
0.0304410 
0.0300677 
0.0301273 
0.0253834 
0.0398204 
0.0415730 
0.0533689 
0.0492166 
0.0607657 
0.0543368 
0.0484384 
0.0495781 
0.0511327 
0.0497265 
0.0496228 
0.0531071 
0.0665167 
0.0719360 
0.0691857 
0.0632007 
0.0684025 
0.0425275 
0.0436542 
0.0441905 
0.0394360 
0.0323069 
0.0313917 
0.0342545 
0.0361704 
0.0425642 
0.0403171 
0.0389818 
0.0395496 
0.0430303 
0.0410793 
0.0436181 
0.0405178 
0.0481042 
0.0389458 
0.0330089 
0.0452139 
0.0443616 
0.0456346 
0.0499092 
0.0470836 
0.0560853 
0.0503738 
0.0438113 
0.0410542 
0.0425591 
0.0477941 
0.0472298 
0.0451987 
0.0323346 
0.0276136 
0.0314661 
0.0291065 
0.0313848 
0.0325985 
0.0332037 
0.0339923 
0.0435882 
0.0282239 
0.0312545 
0.0317761 
0.0242937 
0.0269783 
0.0307361 
0.0255733 
0.0249892 
0.0216082 
0.0227413 
0.0273096 
0.0315544 
0.0333840 
0.0125426 
0.0081585 
0.0073411 
0.0115084 
0.0174303 
0.0197339 
0.0228965 
0.0392879 
0.0400810 
0.0335494 
0.0298538 
0.0351639 
0.0311585 
0.0279253 
0.0256115 
0.0227083 
0.0179909 
0.0239944 
0.0289686 
0.0332685 
0.0356138 
0.0358131 
0.0430783 
0.0443439 
0.0449230 
0.0447786 
0.0416484 
0.0422733 
0.0373587 
0.0319975 
0.0203992 
0.0153061 
0.0167012 
0.0101080 
0.0101831 
0.0128029 
0.0171878 
0.0099110 
0.0073188 
0.0116402 
0.0078580 
0.0158078 
0.0213456 
0.0182894 
0.0184838 
0.0158638 
0.0234921 
0.0256659 
0.0256667 
0.0192164 
0.0173883 
0.0215369 
0.0224522 
0.0285573 
0.0283144 
0.0238757 
0.0224963 
0.0205676 
0.0174514 
0.0198366 
0.0113773 
0.0077779 
0.0000000 
0.0021537 
0.0153392 
0.0190675 
0.0179492 
0.0203850 
0.0204283 
0.0201844 
0.0156193 
0.0291982 
0.0288398 
0.0337774 
0.0360984 
0.0315247 
0.0347607 
0.0327104 
0.0336110 
0.0303511 
0.0326305 
0.0282115 
0.0336889 
0.0336978 
0.0311414 
0.0339481 
0.0366745 
0.0460315 
0.0460249 
0.0549314 
0.0509976 
0.0565872 
0.0547830 
0.0568528 
0.0491570 
0.0574726 
0.0524591 
0.0632822 
0.0591293 
0.0549950 
0.0536896 
0.0559976 
0.0578537 
0.0617789 
0.0606547 
0.0559402 
0.0462170 
0.0438227 
0.0388248 
0.0414677 
0.0333193 
