0.0001957 
-0.0000620 
-0.0000638 
0.2582457 
0.1696899 
0.2273893 
0.1577098 
0.1609035 
0.1553845 
0.1757512 
0.1855694 
0.2054226 
0.2332655 
0.2082521 
0.1738302 
0.1764068 
0.2099423 
0.2278546 
0.1820053 
0.1597481 
0.1454455 
0.1157218 
0.1049066 
0.1118121 
0.1072986 
0.0784517 
0.0804841 
0.1055948 
0.1293536 
0.1186829 
0.1260993 
0.1084934 
0.1127000 
0.1191584 
0.1102339 
0.0860977 
0.1087310 
0.1420745 
0.1393804 
0.1540817 
0.1935323 
0.2063164 
0.2223485 
0.1904953 
0.1656303 
0.1455318 
0.1522074 
0.1502406 
0.1510722 
0.1342687 
0.1455078 
0.1359131 
0.1148008 
0.1067831 
0.1018219 
0.1138721 
0.1398545 
0.1457829 
0.1472418 
0.1524028 
0.1503384 
0.1577578 
0.1717165 
0.1696209 
0.1662554 
0.1552633 
0.1391608 
0.1223460 
0.1172589 
0.1108169 
0.1095291 
0.0866632 
0.0741760 
0.0814699 
0.0684014 
0.0621983 
0.0268548 
0.0221827 
0.0127489 
0.0000000 
0.0223353 
0.0432060 
0.0615956 
0.0874947 
0.0966447 
0.1284951 
0.1477181 
0.1413041 
0.1604964 
0.1683283 
0.1742050 
0.1726073 
0.1569953 
0.1447866 
0.1438339 
0.1473385 
0.1536935 
0.1537876 
0.1661548 
0.1503566 
0.1799598 
0.1713373 
0.1582928 
0.1550520 
0.1561549 
0.1412237 
0.1294493 
0.1229352 
0.1225896 
0.1315599 
0.1418505 
0.1369967 
0.1356570 
0.1398237 
0.1089874 
0.0987953 
0.1144807 
0.1307682 
0.1114027 
0.0845483 
0.0721136 
0.0888777 
0.0816030 
0.0894793 
0.1020200 
0.0862616 
0.0874291 
0.1139633 
0.1190885 
0.1317639 
0.1264001 
0.1252481 
0.0980628 
0.0867010 
0.0978170 
0.1019626 
0.0994572 
0.0903172 
0.1027929 
0.1135238 
0.1367756 
0.1413405 
0.1382289 
0.1123557 
0.0832079 
0.0611570 
0.0672291 
0.0652135 
0.0611066 
0.0609846 
0.0633068 
0.0830708 
0.1162702 
0.1534144 
0.1728769 
0.1575543 
0.1479996 
0.1317236 
0.1465500 
0.1497250 
0.1462010 
0.1403570 
0.1381295 
0.1365737 
0.1548405 
0.1509780 
0.1598381 
0.1409890 
0.1248740 
0.1352883 
0.1382180 
0.1374042 
0.1354010 
0.1147796 
0.0810161 
0.0872554 
0.0893510 
0.1162906 
0.1349925 
0.1544048 
0.1805855 
0.1809121 
0.1895011 
0.1821686 
0.1495738 
0.1375210 
0.1597984 
0.1872418 
0.2137932 
0.2242557 
0.2125313 
0.2100784 
0.1927313 
0.1859380 
0.1940536 
0.2145560 
0.2278021 
0.2385287 
0.2250388 
0.1911282 
0.1785251 
0.1575839 
0.1880454 
0.2184793 
0.2255362 
0.2309697 
0.2158593 
0.1819675 
0.1387839 
0.1381010 
0.1492005 
0.1611286 
0.1878421 
0.1769928 
0.1651102 
0.1480284 
0.1291519 
0.1310221 
0.1274362 
0.1547736 
0.1858824 
0.2041210 
0.1675351 
0.1527558 
0.1513594 
0.1462170 
0.1564961 
0.1688960 
0.1760145 
0.1704894 
0.1598937 
0.1274874 
0.0842108 
0.0403634 
0.0477261 
0.0692393 
0.0840027 
0.0962770 
0.1130083 
0.1331425 
0.1247918 
0.1238163 
0.1422609 
0.1303142 
0.1172278 
0.1094538 
0.1120426 
0.0895476 
0.0737218 
0.0788554 
0.1113783 
0.1467454 
0.1850056 
0.1833190 
0.1773617 
0.1791761 
0.1832037 
0.1786927 
0.1943239 
0.1977870 
0.1740021 
0.1772407 
0.1757718 
0.1710492 
0.1747159 
0.1842347 
0.2052584 
0.2041375 
0.1994677 
0.1872167 
0.1655317 
0.1389637 
0.1238716 
0.1391956 
0.1588365 
0.1806886 
0.1978913 
0.2132220 
0.2247359 
0.2241655 
0.2303795 
0.2179000 
0.2103520 
0.2025992 
0.1904244 
0.1746490 
0.1643373 
0.1661847 
0.1486942 
0.1491799 
0.1204395 
0.1156928 
0.1104621 
0.1283244 
0.1502634 
0.1731772 
0.1557516 
0.1493564 
0.1374121 
0.1433413 
0.1352723 
0.1140277 
0.1072404 
0.1061154 
0.1164978 
0.1100164 
0.1217648 
0.1346639 
0.1342290 
0.1538369 
0.1558193 
0.1810057 
0.1999595 
0.2118926 
0.2230310 
0.2260417 
0.1970379 
0.1773852 
0.1612158 
0.1652034 
0.1616379 
0.1475984 
0.1323594 
0.1243923 
0.1199362 
0.1260163 
0.1495479 
0.1440796 
0.1471994 
0.1540217 
0.1374414 
0.1284271 
0.1103947 
0.1074587 
0.1204017 
0.1413146 
0.1369106 
0.1285305 
0.1437436 
0.1476907 
0.1457448 
0.1535459 
0.1491634 
0.1416038 
0.1646992 
0.1824006 
0.1757357 
0.1827786 
0.1976533 
0.2115498 
0.2398899 
0.2451639 
0.2393095 
0.2499367 
0.2424099 
0.2458675 
0.2546602 
0.2434894 
0.2265530 
0.1979564 
0.1515736 
0.1184267 
0.1172849 
0.1124015 
0.1318714 
0.1423280 
0.1655124 
0.1639868 
0.1600196 
0.1746932 
0.1833259 
0.1933949 
0.1866403 
0.1672260 
0.1593019 
0.1607116 
0.1580824 
0.1540297 
0.1496389 
0.1618218 
0.1834562 
0.1940317 
0.1909348 
0.1672943 
0.1867312 
0.1790486 
0.2021762 
0.1972217 
0.2044221 
0.2319276 
0.2373076 
0.2271518 
0.2360293 
0.2376716 
0.2180355 
0.2282694 
0.2424912 
0.2385533 
0.2497408 
0.2268940 
0.2188349 
0.2185122 
0.2317453 
0.2359247 
0.2400223 
0.2605821 
0.2655013 
0.2605475 
0.2566880 
0.2534282 
0.2687488 
0.2496682 
0.2460151 
0.2282900 
0.2302834 
0.2415410 
0.2490727 
0.2340074 
0.2220252 
0.2472397 
0.2446045 
0.2237697 
0.1950722 
0.1821674 
0.1669731 
0.1603022 
0.1504815 
0.1646640 
0.1723336 
0.1779272 
0.1897576 
0.1968728 
0.2032264 
0.2042649 
0.2028852 
0.2088144 
0.2098719 
0.2148154 
0.2283969 
0.2051480 
0.2127908 
0.2164596 
0.2147475 
0.1669960 
0.1928680 
0.1914297 
0.2125593 
0.2285564 
0.2470866 
0.2649682 
0.2592633 
0.2286828 
0.2070743 
0.2031036 
0.1828522 
0.1748533 
0.1638748 
0.1967323 
0.2119739 
0.2158342 
0.2427516 
0.2382854 
0.2415944 
0.2249855 
0.2022290 
0.2056262 
0.2191904 
0.2471692 
0.2612405 
0.2791654 
0.3065466 
0.3177938 
0.3238977 
0.3204603 
0.2924612 
0.2805067 
0.3011622 
0.3013140 
0.3105787 
0.3313484 
0.3435387 
0.3409957 
0.3322912 
0.3419862 
0.3135518 
0.2748138 
0.2249892 
0.2011925 
0.1714997 
0.1743027 
0.1826028 
0.1741555 
0.1812813 
0.2051523 
0.2508339 
0.3029355 
0.3443404 
0.3739331 
0.3944882 
0.3840551 
0.3565479 
0.3640937 
0.3415841 
0.3136388 
0.3137655 
0.2849580 
0.2524820 
0.2034508 
0.1653452 
0.1385879 
0.1272625 
0.1339702 
0.1485609 
0.2024033 
0.2660514 
0.3098209 
0.3334009 
0.3592230 
0.3693906 
0.3495240 
0.3125753 
0.2683828 
0.2336276 
0.1766374 
0.1348559 
0.1382917 
0.1653508 
0.1660748 
0.1984054 
0.2005287 
0.2305807 
0.2617900 
0.2879304 
0.3230717 
0.3636509 
0.3945688 
0.4035214 
0.3978937 
0.3914287 
0.3929269 
0.3907546 
0.3740879 
0.3412653 
0.3050342 
0.2729465 
0.2530204 
0.2283433 
0.2216508 
0.2383608 
0.2560645 
0.2778877 
0.3027640 
0.3301494 
0.3292127 
0.3350538 
0.3357254 
0.3191081 
0.3178821 
0.3171930 
0.3120179 
0.2965393 
0.2757706 
0.2421338 
0.2310534 
0.2264079 
0.2215134 
0.2179154 
0.2146861 
0.2090296 
0.2446312 
0.2602832 
0.2617229 
0.2905240 
0.2691806 
0.2481397 
0.2376864 
0.2510397 
0.2733781 
0.2922607 
0.2841638 
0.2933828 
0.2716166 
0.2547249 
0.2241387 
0.2182355 
0.1994564 
0.2194603 
0.2543413 
0.2694914 
0.2862465 
0.2654493 
0.2335538 
0.2109882 
0.1887700 
0.2203421 
0.2517688 
0.2622037 
0.2551931 
0.2165779 
0.1654309 
0.1266135 
0.1284117 
0.1692714 
0.2039708 
0.2300174 
0.2358630 
0.2472475 
0.2384879 
0.2244006 
0.2316298 
0.2213425 
0.2410211 
0.2484737 
0.2672571 
0.2777500 
0.2756020 
0.2271220 
0.2110095 
0.1913772 
0.1991451 
0.2169718 
0.2235907 
0.2311923 
0.2509850 
0.2192129 
0.1941819 
0.2134352 
0.2360705 
0.2898683 
0.3323279 
0.3201755 
0.3026626 
0.2632214 
0.2064910 
0.2101036 
0.2106772 
0.2390380 
0.2763213 
0.2895666 
0.2713095 
0.2523498 
0.2345456 
0.2550151 
0.3030522 
0.3313565 
0.3276710 
0.2839342 
0.2199155 
0.1910970 
0.2031895 
0.2165759 
0.2171398 
0.2289187 
0.2069137 
0.1759623 
0.1594557 
0.1839603 
0.2095648 
0.2236804 
0.2628804 
0.2415437 
0.2082660 
0.1718420 
0.1957968 
0.2365859 
0.2973804 
0.3231727 
0.2817287 
0.2643500 
0.3003265 
0.3284435 
0.3139525 
0.3038845 
0.3060704 
0.2955241 
0.2516733 
0.2229907 
0.2255311 
0.2346081 
0.2577411 
0.2675558 
0.2523216 
0.2610022 
0.2365574 
0.2450797 
0.2448935 
0.2338101 
0.2496378 
0.2445085 
0.2558842 
0.2759628 
0.2795163 
0.2990776 
0.2920628 
0.2579335 
0.2451072 
0.2497622 
0.2520471 
0.2940718 
0.3052525 
0.3189277 
0.3008067 
0.2920901 
0.3064347 
0.2947521 
0.2956226 
0.2847784 
0.2857699 
0.2697032 
0.2603746 
0.2507811 
0.2446589 
0.2658914 
0.2472567 
0.2503188 
0.2523571 
0.2482216 
0.2399204 
0.2384430 
0.2544021 
0.2773625 
0.3045856 
0.3315578 
0.3350045 
0.3447671 
0.3044752 
0.2825247 
0.2890483 
0.2704828 
0.2426847 
0.2441865 
0.2345032 
0.2352661 
0.2614737 
0.2606981 
0.2767075 
0.2856329 
0.2913351 
0.3154794 
0.3082684 
0.2809143 
0.2492862 
0.2406619 
0.2516732 
0.2467955 
0.2452074 
0.2364041 
0.2211753 
0.2284475 
0.2474978 
0.2742737 
0.2608813 
0.2482775 
0.2524460 
0.2525236 
0.2395424 
0.2263486 
0.2084746 
0.2096840 
0.2166781 
0.2199177 
0.2370497 
0.2268974 
0.2423956 
0.2494558 
0.2507623 
0.2382432 
0.2412507 
0.2166170 
0.2049950 
0.2029574 
0.2203702 
0.2331186 
0.2412835 
0.2339595 
0.2059024 
0.1912898 
0.1991023 
0.2146472 
0.2445949 
0.2567470 
0.2461792 
0.2725026 
0.2844561 
0.2643359 
0.2460153 
0.2249420 
0.2160529 
0.2516933 
0.2829296 
0.2746014 
0.2653644 
0.2434450 
0.2296430 
0.1950456 
0.1808266 
0.1738400 
0.1810279 
0.1742949 
0.1825315 
0.2210760 
0.2335537 
0.2649502 
0.2983103 
0.3128385 
0.3095061 
0.3087605 
0.3030619 
0.2851175 
0.2920190 
0.3030834 
0.2995827 
0.2905423 
0.2579165 
0.2407731 
0.2303760 
0.2359894 
0.2511586 
0.2572445 
0.2646599 
0.2565621 
0.2553330 
0.2409594 
0.2501111 
0.2624479 
0.3074395 
0.3418366 
0.3372997 
0.3502877 
0.3454568 
0.3339546 
0.3191056 
0.3012682 
0.2968946 
0.2696688 
0.2671188 
0.2247972 
0.2320589 
0.2404782 
0.2720715 
0.2763847 
0.2982817 
0.3021388 
0.2868190 
0.2832310 
0.2928467 
0.2817793 
0.2784011 
0.2645751 
0.2409733 
0.2497096 
0.2528020 
0.2713685 
0.2773247 
0.2777588 
0.2715510 
0.2430288 
0.2296128 
0.2498920 
0.2469792 
0.2453502 
0.2566429 
0.2434184 
0.2456561 
0.2672398 
0.2560543 
0.2554476 
0.2733951 
0.2854214 
0.2791085 
0.2766193 
0.2782132 
0.2762921 
0.2749618 
0.2799174 
0.2648165 
0.2346776 
0.2014389 
0.1873300 
0.1858184 
0.1935664 
0.2104756 
0.2041840 
0.2007057 
0.1740446 
0.1673570 
0.1824967 
0.1933508 
0.2167873 
0.2460579 
0.2860672 
0.3072805 
0.3121992 
0.3122793 
0.2867472 
0.2882710 
0.3029882 
0.2968717 
0.3037800 
0.3000076 
0.2777999 
0.2768185 
0.2724402 
0.2358517 
0.2331382 
0.2359271 
0.2327583 
0.2423766 
0.2701905 
0.2600681 
0.2430561 
0.2268375 
0.2038580 
0.1926817 
0.2251713 
0.2161938 
0.2276369 
0.2231430 
0.2204194 
0.2151867 
0.2179587 
0.2221274 
0.2285538 
0.2141059 
0.2009024 
0.1930492 
0.1859224 
0.2163053 
0.2711094 
0.2840385 
0.2686741 
0.2600869 
0.2456856 
0.2259065 
0.2005144 
0.1881346 
0.1647563 
0.1576973 
0.1656317 
0.1750635 
0.2255044 
0.2397818 
0.2566741 
0.2677452 
0.2736381 
0.2849733 
0.2728558 
0.2632618 
0.2325633 
0.1859254 
0.1849642 
0.1864809 
0.1881006 
0.2020995 
0.2076823 
0.2050524 
0.2158780 
0.2262238 
0.2263225 
0.2304121 
0.2296308 
0.2202243 
0.2270453 
0.2208458 
0.2314437 
0.2623846 
0.2660593 
0.2762233 
0.2656217 
0.2493075 
0.2325072 
0.2407584 
0.2410129 
0.2551638 
0.2299025 
0.2420917 
0.2571402 
0.2660876 
0.2553926 
0.2814092 
0.2788989 
0.2914574 
0.2802437 
0.2708004 
0.2465685 
0.2308038 
0.1979361 
0.1978852 
0.1949485 
0.1853831 
0.1896433 
0.1989468 
0.2083928 
0.2078423 
0.2269892 
0.2613901 
0.2962547 
0.2981075 
0.2829618 
0.2727827 
0.2648604 
0.2498399 
0.2440986 
0.2557054 
0.2317954 
0.2200300 
0.2081971 
0.2051212 
0.2150431 
0.2061990 
0.2159796 
0.2342527 
0.2248102 
0.2236608 
0.2454813 
0.2468679 
0.2602210 
0.2646629 
0.2641848 
0.2708931 
0.2613046 
0.2447164 
0.2212936 
0.1919498 
0.1836603 
0.1319639 
0.1362730 
0.1655672 
0.1947423 
0.2216667 
0.2706498 
0.3019101 
0.3198567 
0.3456236 
0.3442956 
0.3386007 
0.3272121 
0.3142363 
0.2965550 
0.2655981 
0.2512958 
0.2102393 
0.1772395 
0.1601216 
0.1550818 
0.1712830 
0.2188441 
0.2492790 
0.2979719 
0.3293964 
0.3396011 
0.3273223 
0.3252771 
0.3333814 
0.3595290 
0.3861644 
0.3757371 
0.3431772 
0.2950842 
0.2276888 
0.1919999 
0.1507691 
0.1362072 
0.1498555 
0.1721811 
0.2177333 
0.2656113 
0.2932331 
0.3136491 
0.3070227 
0.3324664 
0.3559442 
0.3610304 
0.3595032 
0.3019914 
0.2637038 
0.2308645 
0.2079250 
0.1825292 
0.1817099 
0.2000974 
0.2130037 
0.2333981 
0.2907279 
0.3238173 
0.3392040 
0.3488290 
0.3832764 
0.3766384 
0.3741806 
0.3584682 
0.3217647 
0.2752913 
0.2404431 
0.1927645 
0.1682151 
0.1739740 
0.1492658 
0.1746957 
0.2004304 
0.2267217 
0.2335334 
0.2754496 
0.3127650 
0.3439436 
0.3877265 
0.4128278 
0.4013077 
0.3795944 
0.3479064 
0.3144095 
0.2728426 
0.2468486 
0.2288371 
0.2186027 
0.2131261 
0.2058890 
0.2137098 
0.2273887 
0.2598862 
0.2837003 
0.3200338 
0.3248835 
0.3061972 
0.2834752 
0.2809087 
0.2625342 
0.2702694 
0.2611588 
0.2640314 
0.2455815 
0.2196178 
0.1968275 
0.1862735 
0.2048768 
0.2302169 
0.2455059 
0.2547715 
0.2451780 
0.2503511 
0.2536380 
0.2650899 
0.2806131 
0.3109953 
0.2990350 
0.2844192 
0.2877981 
0.2824981 
0.2871401 
0.2920577 
0.2803682 
0.2576018 
0.2342418 
0.2302845 
0.1974847 
0.1961628 
0.2047709 
0.2161821 
0.2356158 
0.2630627 
0.2466493 
0.2140415 
0.2142363 
0.2168478 
0.2173124 
0.2341930 
0.2509574 
0.2809868 
0.2873761 
0.2903544 
0.2820724 
0.2774655 
0.2909104 
0.2705249 
0.2574302 
0.2226684 
0.2115223 
0.1922535 
0.2067697 
0.2252196 
0.2388286 
0.2272574 
0.2322046 
0.2267493 
0.2304891 
0.2222787 
0.2043548 
0.1891578 
0.1856266 
0.1838791 
0.1864779 
0.1913525 
0.2050412 
0.2097555 
0.2163031 
0.2106701 
0.2155977 
0.2190051 
0.2754592 
0.2803970 
0.2729157 
0.2844347 
0.3127360 
0.3375624 
0.3373199 
0.3299990 
0.3196749 
0.2892657 
0.2456465 
0.2152107 
0.2030907 
0.2021942 
0.1870562 
0.1620986 
0.1549313 
0.1669348 
0.1970324 
0.2560378 
0.2779639 
0.2635305 
0.2500455 
0.2332103 
0.2445001 
0.3090688 
0.3458910 
0.3415665 
0.3375372 
0.3171734 
0.2960361 
0.2971258 
0.3253591 
0.3222391 
0.3236414 
0.2837436 
0.2701157 
0.2809465 
0.3108262 
0.3415198 
0.3329723 
0.3232761 
0.2828601 
0.2482023 
0.2363481 
0.2655481 
0.2633978 
0.2478063 
0.2198814 
0.2432488 
0.2647198 
0.2986245 
0.3569660 
0.3799121 
0.3671759 
0.3082590 
0.2840232 
0.2856428 
0.2906032 
0.2961062 
0.2852192 
0.2594200 
0.2105558 
0.2046860 
0.2145898 
0.2209692 
0.2392609 
0.2193230 
0.1898835 
0.1730286 
0.1582179 
0.1618689 
0.1901671 
0.1924816 
0.1661283 
0.1577828 
0.1608022 
0.1930983 
0.2282769 
0.2520296 
0.2640060 
0.2438501 
0.2435796 
0.2407560 
0.2578228 
0.2459705 
0.2380337 
0.2356769 
0.2146187 
0.2051966 
0.1927681 
0.1773795 
0.1739637 
0.1826377 
0.1907935 
0.1939070 
0.2144252 
0.2540199 
0.2795750 
0.2883673 
0.2777536 
0.2837048 
0.2849473 
0.2944142 
0.2949989 
0.2927423 
0.2745835 
0.2339077 
0.2197163 
0.2239259 
0.2300166 
0.2187649 
0.1963161 
0.1754946 
0.1696264 
0.1893981 
0.2392372 
0.2485302 
0.2428214 
0.2209619 
0.2176453 
0.2340057 
0.2684869 
0.2774764 
0.2757442 
0.2683284 
0.2675059 
0.2682431 
0.2732980 
0.2643628 
0.2385920 
0.2192448 
0.2063951 
0.1896228 
0.1903639 
0.1928990 
0.2298289 
0.2546224 
0.2527595 
0.2753666 
0.2688164 
0.2776080 
0.2798285 
0.2753143 
0.2509511 
0.2526744 
0.2349151 
0.2480787 
0.2685559 
0.2914103 
0.2842802 
0.2947272 
0.2789147 
0.2935390 
0.2804160 
0.2381340 
0.2082520 
0.2187713 
0.2226787 
0.2196025 
0.2092904 
0.2184847 
0.2352820 
0.2295739 
0.2592773 
0.2685316 
0.2788894 
0.2845468 
0.3070606 
0.3325986 
0.2984991 
0.3117243 
0.3140925 
0.3187900 
0.3265584 
0.3226305 
0.3119407 
0.2963398 
0.3215414 
0.3329268 
0.3218405 
0.2971586 
0.2912439 
0.2778022 
0.2533673 
0.2258995 
0.2086598 
0.1857195 
0.1730970 
0.1742549 
0.1755950 
0.1966155 
0.2172713 
0.2429362 
0.2676416 
0.2791675 
0.2939505 
0.3107274 
0.3355563 
0.3731726 
0.4091954 
0.4323757 
0.4649543 
0.4836682 
0.5131198 
0.5356596 
0.5430262 
0.5548350 
0.5079975 
0.4860289 
0.4276684 
0.3642811 
0.3124779 
0.2707404 
0.2450673 
0.2435081 
0.2300028 
0.2161506 
0.1892331 
0.1872735 
0.1956221 
0.2092949 
0.2314228 
0.2476847 
0.2573364 
0.2749457 
0.2873227 
0.3103894 
0.3247225 
0.3609177 
0.3800773 
0.4114357 
0.4444081 
0.4778407 
0.5115550 
0.5573263 
0.5780380 
0.5528302 
0.5507119 
0.5421332 
0.5155384 
0.4568227 
0.4166334 
0.3930448 
0.3382943 
0.2761996 
0.2392174 
0.2239696 
0.2240047 
0.2170989 
0.2202938 
0.2261017 
0.2411660 
0.2574131 
0.2772646 
0.2909015 
0.2858744 
0.3204461 
0.3462113 
0.3703155 
0.4122664 
0.4500679 
0.4609705 
0.4621377 
0.5034324 
0.5165789 
0.5260973 
0.5356869 
0.5260394 
0.5253732 
0.5084398 
0.5059605 
0.5176965 
0.5043035 
0.5170947 
0.5088567 
0.4814833 
0.4593792 
0.4344995 
0.4179311 
0.4167819 
0.4195164 
0.4119766 
0.3834695 
0.3757788 
0.3672000 
0.3733791 
0.3837809 
0.3834294 
0.3866362 
0.3944812 
0.3906783 
0.3947921 
0.4126747 
0.3964777 
0.3909840 
0.4068605 
0.4202804 
0.4128607 
0.4041022 
0.4139573 
0.4159105 
0.4084507 
0.4156921 
0.4412412 
0.4588183 
0.4699917 
0.4660538 
0.4947256 
0.5243660 
0.5106443 
0.4952502 
0.5072991 
0.5238075 
0.5049074 
0.4856712 
0.4600283 
0.4403973 
0.4282538 
0.4136222 
0.3805394 
0.3462241 
0.3348709 
0.3620875 
0.3779934 
0.4160130 
0.4426067 
0.4680082 
0.4686065 
0.4933612 
0.5039278 
0.5333157 
0.5556203 
0.5754753 
0.5733211 
0.5714166 
0.5759785 
0.5680715 
0.5680248 
0.5657214 
0.5654272 
0.5485420 
0.5211088 
0.5101877 
0.4852299 
0.4746454 
0.4629494 
0.4742356 
0.4599237 
0.4801128 
0.4814466 
0.4880916 
0.4946929 
0.4588989 
0.4663016 
0.4643464 
0.4745880 
0.4762286 
0.4734021 
0.4688692 
0.4732558 
0.4831327 
0.4899392 
0.5055636 
0.5257082 
0.5171789 
0.5036744 
0.4884687 
0.4882592 
0.4745023 
0.4589296 
0.4262120 
0.4237436 
0.4232608 
0.4430840 
0.4661967 
0.4819637 
0.4714592 
0.4471904 
0.4194490 
0.4195431 
0.4221266 
0.4353931 
0.4695573 
0.5067617 
0.4986320 
0.5082224 
0.5211411 
0.5149245 
0.5026344 
0.5031474 
0.4912915 
0.4856220 
0.4854908 
0.4596058 
0.4574958 
0.4385919 
0.4271808 
0.4447138 
0.4581178 
0.4453918 
0.4281792 
0.4344881 
0.4476756 
0.4619380 
0.4961062 
0.5357566 
0.5145528 
0.4962876 
0.5092755 
0.5245976 
0.5464582 
0.5505870 
0.5537851 
0.5637282 
0.5539437 
0.5312248 
0.5140923 
0.5050043 
0.5057800 
0.5090847 
0.5170995 
0.5145726 
0.5064302 
0.4906156 
0.4656960 
0.4403455 
0.4372364 
0.4381931 
0.4417933 
0.4640088 
0.4842523 
0.4918859 
0.4980146 
0.5028799 
0.5151142 
0.5376367 
0.5299311 
0.5442591 
0.5677311 
0.5834303 
0.5946175 
0.6071394 
0.6307095 
0.6194543 
0.6293262 
0.6173970 
0.6274979 
0.6249739 
0.6278907 
0.6350989 
0.6127463 
0.6097540 
0.6165512 
0.6333696 
0.6346306 
0.6590631 
0.6733705 
0.6850413 
0.6814684 
0.6635749 
0.5800067 
0.4855237 
0.4520293 
0.4407625 
0.4489553 
0.4632012 
0.4669587 
0.4569534 
0.4346170 
0.3972321 
0.3727711 
0.3547250 
0.3517228 
0.3582720 
0.3902237 
0.4157396 
0.4385885 
0.4576020 
0.4639855 
0.4460693 
0.4334650 
0.4416018 
0.4522197 
0.4975789 
0.5184330 
0.5454529 
0.5688867 
0.5816081 
0.5818447 
0.5719510 
0.5485913 
0.5289620 
0.4953345 
0.4822127 
0.4714973 
0.4869730 
0.4828749 
0.4791133 
0.4857886 
0.4881950 
0.4840401 
0.4967558 
0.4842296 
0.4985297 
0.4926539 
0.4720273 
0.4558293 
0.4433943 
0.4411779 
0.4289437 
0.4196915 
0.4110259 
0.4183389 
0.4317202 
0.4483350 
0.4740263 
0.4988504 
0.5075647 
0.5299747 
0.5457536 
0.5531771 
0.5490076 
0.5471914 
0.5318517 
0.5211207 
0.5062529 
0.5061801 
0.5143115 
0.5124399 
0.5188710 
0.5372632 
0.5465180 
0.6034929 
0.6283387 
0.6501248 
0.6646180 
0.6288404 
0.5613906 
0.5454116 
0.5275103 
0.5202194 
0.4996685 
0.4836961 
0.4858351 
0.4939157 
0.5232368 
0.5403124 
0.5515091 
0.5418450 
0.5462349 
0.5353427 
0.5232884 
0.5152660 
0.4960570 
0.4757895 
0.4826410 
0.4994231 
0.4890054 
0.5327623 
0.5602696 
0.5882290 
0.6083562 
0.6090554 
0.6122108 
0.6358150 
0.6089738 
0.5880145 
0.5713894 
0.5514058 
0.5333875 
0.5234840 
0.4939470 
0.4892310 
0.4968770 
0.5224741 
0.5529891 
0.6052079 
0.6283812 
0.6487138 
0.6528017 
0.6437067 
0.6307979 
0.5980745 
0.5456400 
0.5184187 
0.4997659 
0.4822482 
0.4922261 
0.5098988 
0.5312362 
0.5486637 
0.5786272 
0.6089055 
0.6197240 
0.6247553 
0.6336501 
0.6384823 
0.6134445 
0.5833913 
0.5562526 
0.5304359 
0.5059181 
0.5061433 
0.5425066 
0.5887120 
0.6292887 
0.6447252 
0.6654595 
0.6567975 
0.6462668 
0.6421805 
0.6271234 
0.6130999 
0.5984534 
0.5693958 
0.5165023 
0.5026778 
0.4985778 
0.5276584 
0.5332730 
0.5873203 
0.6404960 
0.6851603 
0.7098970 
0.7128601 
0.7008838 
0.6777468 
0.6645823 
0.6579334 
0.6220152 
0.5627560 
0.5220643 
0.5160585 
0.5242825 
0.5577729 
0.5813118 
0.6274400 
0.6903343 
0.7278981 
0.7509758 
0.7515514 
0.7208881 
0.6809059 
0.6450490 
0.6215371 
0.6243185 
0.5814414 
0.5396343 
0.5389559 
0.5594784 
0.5927727 
0.6194683 
0.6611299 
0.6784540 
0.7033811 
0.7090818 
0.7209442 
0.7162749 
0.7162117 
0.6939957 
0.6662120 
0.6325327 
0.5890108 
0.5582101 
0.5300408 
0.5279564 
0.5354353 
0.5735934 
0.6197170 
0.6623538 
0.6946803 
0.7216280 
0.7207480 
0.7236918 
0.7058760 
0.7168076 
0.7029480 
0.6797423 
0.6524932 
0.6107791 
0.5800583 
0.5696408 
0.5602623 
0.6021908 
0.6370450 
0.6659106 
0.6928880 
0.7083197 
0.7411211 
0.7775752 
0.7928117 
0.7690874 
0.7436449 
0.7096286 
0.6675969 
0.6364122 
0.6174905 
0.5915499 
0.5834426 
0.5661551 
0.5589979 
0.5775856 
0.6370811 
0.6705781 
0.6874973 
0.7012901 
0.6935977 
0.6880858 
0.6968484 
0.7055742 
0.6897989 
0.6528717 
0.6442784 
0.6274619 
0.6193460 
0.6330532 
0.6416475 
0.6603618 
0.6502454 
0.6624912 
0.6673395 
0.6782717 
0.7170505 
0.6864566 
0.6603544 
0.6456951 
0.6180314 
0.6056950 
0.6045210 
0.5992146 
0.6057646 
0.6281302 
0.6524012 
0.6753079 
0.6877900 
0.6836681 
0.6958223 
0.6808193 
0.6867059 
0.6823397 
0.6720418 
0.6479619 
0.6301131 
0.6311861 
0.6470566 
0.6469881 
0.6745668 
0.6918145 
0.6946980 
0.7021228 
0.7136130 
0.7099537 
0.7046879 
0.6993338 
0.6849386 
0.6688971 
0.6659094 
0.6624443 
0.6648110 
0.6464483 
0.6401659 
0.6633096 
0.6588818 
0.6624769 
0.6524513 
0.6433984 
0.6611219 
0.6799528 
0.6838313 
0.6915343 
0.6741179 
0.6631883 
0.6493732 
0.6478875 
0.6523643 
0.6575041 
0.6629766 
0.6776404 
0.6800346 
0.6884104 
0.6951615 
0.6837115 
0.6653490 
0.6699223 
0.6686076 
0.6716137 
0.6880392 
0.6844316 
0.6952912 
0.6933859 
0.6867823 
0.6520286 
0.6626084 
0.6632409 
0.6611176 
0.6467979 
0.6360939 
0.6257822 
0.6205520 
0.6175563 
0.6249030 
0.6200808 
0.6346171 
0.6481817 
0.6733105 
0.7043031 
0.7156368 
0.7343427 
0.7157045 
0.7041854 
0.7082897 
0.6948078 
0.6855335 
0.6703048 
0.6618241 
0.6642650 
0.6812409 
0.6943321 
0.6956558 
0.6878631 
0.6816762 
0.6651509 
0.6521072 
0.6343239 
0.6516843 
0.6831135 
0.7198031 
0.7296225 
0.7686113 
0.7871580 
0.7667731 
0.7384005 
0.7219392 
0.7200871 
0.7210585 
0.7544851 
0.7629605 
0.7753611 
0.7680139 
0.7668560 
0.7584000 
0.7731305 
0.7892238 
0.8001002 
0.7949564 
0.8064301 
0.8131060 
0.7971089 
0.7893794 
0.8009802 
0.7915232 
0.7651820 
0.7377374 
0.7247728 
0.7102745 
0.6889044 
0.6664546 
0.6473723 
0.6491182 
0.6537439 
0.6498777 
0.6529650 
0.6665799 
0.6651186 
0.6696516 
0.6850376 
0.7056913 
0.7153078 
0.7113339 
0.7088012 
0.7094951 
0.6880021 
0.6830803 
0.7070333 
0.7035584 
0.7257227 
0.7537362 
0.7504113 
0.7294438 
0.7354967 
0.7346257 
0.7377469 
0.7406778 
0.7144343 
0.7077920 
0.7148633 
0.7065207 
0.7006948 
0.6792002 
0.6913213 
0.6578614 
0.6507090 
0.6600655 
0.6634541 
0.6646269 
0.6949785 
0.6985061 
0.7065424 
0.7054759 
0.7071020 
0.7020846 
0.7010626 
0.6880082 
0.6910935 
0.7076167 
0.7257288 
0.7303707 
0.7260826 
0.7140719 
0.7301014 
0.7421038 
0.7401163 
0.7334921 
0.7247836 
0.7103293 
0.6877216 
0.6744738 
0.6503559 
0.6616638 
0.6531955 
0.6595696 
0.6547815 
0.6424923 
0.6368331 
0.6302951 
0.6262262 
0.6390449 
0.6435351 
0.6481345 
0.6452545 
0.6450643 
0.6424415 
0.6619270 
0.6765560 
0.6906434 
0.6979571 
0.6960538 
0.6925054 
0.6988733 
0.6992006 
0.6909279 
0.6807134 
0.6985805 
0.7152854 
0.7024521 
0.6909837 
0.6672268 
0.6542985 
0.6422705 
0.6371105 
0.6473600 
0.6619485 
0.6592607 
0.6670815 
0.6614198 
0.6689661 
0.6833993 
0.6722672 
0.6751009 
0.6507365 
0.6468607 
0.6577744 
0.6518790 
0.6354545 
0.6320712 
0.6422852 
0.6384749 
0.6387650 
0.6250120 
0.5988679 
0.5774427 
0.5751412 
0.5876182 
0.5806387 
0.5932295 
0.5985838 
0.6049326 
0.5982428 
0.6014456 
0.6012896 
0.6189815 
0.6164083 
0.6249608 
0.6172696 
0.6111994 
0.6120616 
0.6136937 
0.6177321 
0.6341438 
0.6536125 
0.6626416 
0.6691639 
0.6604330 
0.6343669 
0.6372584 
0.6450804 
0.6408446 
0.6272087 
0.6181175 
0.6099583 
0.5850245 
0.5799904 
0.5896555 
0.6122558 
0.6379082 
0.6498627 
0.6745641 
0.6802519 
0.6929723 
0.7040964 
0.6788424 
0.6813061 
0.6789735 
0.6619720 
0.6559135 
0.6371970 
0.6328375 
0.6444568 
0.6718168 
0.6830992 
0.6981100 
0.6902071 
0.7080952 
0.7215265 
0.7074631 
0.7093734 
0.7176854 
0.7084056 
0.6996036 
0.7078750 
0.6990399 
0.6999516 
0.7167951 
0.7142754 
0.6921955 
0.6782700 
0.6625760 
0.6454728 
0.6530516 
0.6809048 
0.6880418 
0.6874466 
0.6714392 
0.6510202 
0.6419202 
0.6672551 
0.6598924 
0.6730821 
0.6830312 
0.6926603 
0.7047716 
0.7058339 
0.7131800 
0.7256995 
0.7364290 
0.7029804 
0.6834617 
0.6880456 
0.6892537 
0.6785697 
0.6766392 
0.6769687 
0.6936644 
0.6863671 
0.7040929 
0.6879774 
0.6706226 
0.6630892 
0.6600833 
0.6693401 
0.6651756 
0.6716022 
0.6680473 
0.6589287 
0.6477616 
0.6307867 
0.6230461 
0.6187791 
0.6155583 
0.6210904 
0.6074606 
0.6038369 
0.6104872 
0.6099400 
0.6192023 
0.6266549 
0.6375141 
0.6377781 
0.6312172 
0.6192631 
0.6069341 
0.6181884 
0.6128680 
0.6174304 
0.6085933 
0.6440468 
0.6544593 
0.6701529 
0.6846898 
0.6923421 
0.7057476 
0.7038306 
0.6901070 
0.6735619 
0.6672963 
0.6422582 
0.6100693 
0.5973513 
0.5874627 
0.5991166 
0.5998869 
0.6100285 
0.6293810 
0.6347360 
0.6176869 
0.6221882 
0.6262487 
0.6388536 
0.6277626 
0.6039624 
0.5990235 
0.5874975 
0.5754663 
0.5862957 
0.5814790 
0.5841167 
0.5868983 
0.6088754 
0.6188358 
0.6339076 
0.6472024 
0.6482543 
0.6623541 
0.6632333 
0.6654865 
0.6651426 
0.6796100 
0.6907334 
0.6840291 
0.6892188 
0.6716591 
0.6758103 
0.6879390 
0.6770630 
0.6817274 
0.6753670 
0.6867028 
0.6817868 
0.6794843 
0.6561221 
0.6395626 
0.6421952 
0.6538650 
0.6985649 
0.7668738 
0.7766576 
0.7741215 
0.7864514 
0.7920853 
0.7844074 
0.7517034 
0.7243709 
0.6939137 
0.6502459 
0.6317187 
0.6065068 
0.5933876 
0.5972977 
0.5772865 
0.5942329 
0.6150466 
0.6441487 
0.6903273 
0.7239316 
0.7740631 
0.8070423 
0.8313539 
0.8570766 
0.8758911 
0.8949339 
0.8650991 
0.8067456 
0.7587899 
0.7226495 
0.6759484 
0.6418255 
0.6120664 
0.5917105 
0.5726523 
0.5791994 
0.5948608 
0.6237191 
0.6796640 
0.7420798 
0.8060787 
0.8608969 
0.9010400 
0.9312216 
0.9067071 
0.8627074 
0.8155816 
0.7546864 
0.7065008 
0.6464676 
0.6111861 
0.5943166 
0.5962575 
0.5862403 
0.6081584 
0.6095350 
0.6345942 
0.6469262 
0.6772198 
0.7189050 
0.7546453 
0.8025506 
0.8415603 
0.8709042 
0.8712300 
0.8591359 
0.8292139 
0.7932682 
0.7414705 
0.7138626 
0.6878384 
0.6750285 
0.6461652 
0.6326401 
0.6182212 
0.6115203 
0.6111629 
0.6076823 
0.6460462 
0.6790174 
0.7664353 
0.8644164 
0.9292227 
0.9783045 
1.0000000 
0.9631598 
0.9109900 
0.8585502 
0.8220542 
0.7929508 
0.7801144 
0.7560875 
0.7266017 
0.6981020 
0.6807534 
0.6729841 
0.6841662 
0.6918878 
0.7173434 
0.7846866 
0.8674898 
0.9255864 
0.9371699 
0.9267925 
0.8724971 
0.8005467 
0.7304370 
0.6842092 
0.6636449 
0.6355158 
0.6067815 
0.5970216 
0.6170309 
0.6401090 
0.6434591 
0.6594565 
0.6562860 
0.6823310 
0.7422090 
0.7886555 
0.8476660 
0.8946904 
0.9028071 
0.8904813 
0.8578338 
0.8090085 
0.7687724 
0.7575232 
0.7296748 
0.7409707 
0.7420792 
0.7355954 
0.7198541 
0.7159767 
0.7247017 
0.7388798 
0.7423231 
0.7765331 
0.7861072 
0.8205985 
0.8476307 
0.8792152 
0.8718556 
0.8400441 
0.7944845 
0.7749872 
0.7468360 
0.7252406 
0.7180931 
0.6882007 
0.6742552 
0.6681084 
0.6537115 
0.6405887 
0.6487863 
0.6783128 
0.7254680 
0.7668612 
0.8057024 
0.8350607 
0.8581624 
0.8426552 
0.8322578 
0.8273525 
0.7886723 
0.7698245 
0.7662032 
0.7863672 
0.7910341 
0.7978515 
0.7722009 
0.7651666 
0.7511451 
0.7552570 
0.7725101 
0.7761121 
0.8041162 
0.8243045 
0.8430767 
0.8494941 
0.8627122 
0.8750244 
0.8503913 
0.8156118 
0.7952256 
0.7941408 
0.7958630 
0.7626029 
0.7562176 
0.7748397 
0.7749480 
0.7956730 
0.8169834 
0.8079790 
0.7983140 
0.8153548 
0.8272117 
0.8276263 
0.8551532 
0.8763726 
0.8681947 
0.8667755 
0.8555109 
0.8189782 
0.8020459 
0.7831701 
0.7716132 
0.7846971 
0.7828520 
0.7756557 
0.7732121 
0.7681216 
0.7896295 
0.8288137 
0.8609108 
0.8795507 
0.8896015 
0.8926160 
0.8811743 
0.8537587 
0.8616091 
0.8895580 
0.9063045 
0.9182536 
0.8932672 
0.8689739 
0.8283182 
0.7752477 
0.7822168 
0.7813893 
0.7804751 
0.8086582 
0.8191773 
0.8430149 
0.8491289 
0.8486312 
0.8459209 
0.8346679 
0.8221452 
0.8107557 
0.7890286 
0.7635108 
0.7671229 
0.7929861 
0.8071713 
0.8196266 
0.8141676 
0.7906210 
0.7614219 
0.7309888 
0.7061089 
0.6993515 
0.7060481 
0.7316957 
0.7521380 
0.7514445 
0.7519927 
0.7398651 
0.7283219 
0.7266705 
0.7213426 
0.7235671 
0.7225867 
0.7132109 
0.7454023 
0.7687034 
0.7911372 
0.7924992 
0.7920297 
0.7939342 
0.7697291 
0.7464293 
0.7205920 
0.7286971 
0.7285847 
0.7347823 
0.7642511 
0.7689512 
0.7805036 
0.7769733 
0.7748506 
0.7675139 
0.7681067 
0.7874834 
0.7994275 
0.8145731 
0.8051658 
0.7929486 
0.7619606 
0.7299047 
0.6992385 
0.7107939 
0.7157017 
0.7216734 
0.7268092 
0.7443573 
0.7666602 
0.7778826 
0.7959206 
0.7802454 
0.7454661 
0.7160760 
0.7081762 
0.6846908 
0.6921589 
0.7021676 
0.6949905 
0.6967355 
0.7121148 
0.7303609 
0.7336246 
0.7466714 
0.7634714 
0.7587654 
0.7591282 
0.7442920 
0.7809044 
0.7998131 
0.7839331 
0.7718547 
0.7785873 
0.7827359 
0.7838577 
0.7957642 
0.8016176 
0.8035643 
0.8109888 
0.7697993 
0.7808409 
0.7927438 
0.8181085 
0.8086264 
0.8069039 
0.7846967 
0.7592722 
0.7384451 
0.7295981 
0.7033547 
0.6765034 
0.6937692 
0.6942042 
0.7014466 
0.7063306 
0.7020325 
0.7131566 
0.7277172 
0.7479102 
0.7599834 
0.7762028 
0.7945603 
0.8052585 
0.7954808 
0.8095262 
0.8103352 
0.8065014 
0.8076170 
0.7977812 
0.8176952 
0.8233780 
0.8231569 
0.8065817 
0.7960645 
0.7958802 
0.7868741 
0.7701555 
0.7803589 
0.7616183 
0.7452761 
0.7314864 
0.7095032 
0.6920561 
0.7124573 
0.7111516 
0.7213835 
0.7313808 
0.7458852 
0.7588669 
0.7688840 
0.7618246 
0.7291597 
0.7200769 
0.7357672 
0.7515351 
0.7485201 
0.7495082 
0.7529619 
0.7439441 
0.7386193 
0.7331487 
0.7477593 
0.7661332 
0.7977774 
0.8201474 
0.8152634 
0.8333229 
0.8529961 
0.8815483 
0.8836593 
0.8681089 
0.8571940 
0.8396485 
0.8262260 
0.8292470 
0.8056714 
0.7919094 
0.7767560 
0.7698560 
0.7612306 
0.7545830 
0.7737084 
0.7651371 
0.7579902 
0.7262516 
0.7068585 
0.7049592 
0.6943993 
0.7145551 
0.7232511 
0.7327311 
0.7486409 
0.7306229 
0.7248259 
0.7227506 
0.7167964 
0.7262647 
0.7454212 
0.7509106 
0.7564349 
0.7596260 
0.7662777 
0.7545966 
0.7516081 
0.7473816 
0.7531179 
0.7568037 
0.7688444 
0.7757636 
0.7743883 
0.7692676 
0.7573054 
0.7663671 
0.7881924 
0.7839434 
0.7808772 
0.7888363 
0.7953014 
0.8080583 
0.7996325 
0.7933688 
0.8015195 
0.8061064 
0.7717411 
0.7211446 
0.6927396 
0.6894009 
0.6695037 
0.6588732 
0.6522851 
0.6413605 
0.6282062 
0.6347912 
0.6252412 
0.6378764 
0.6963893 
0.7179305 
0.7662397 
0.8065507 
0.8310277 
0.8469015 
0.8532766 
0.8693237 
0.8840941 
0.9022510 
0.9266677 
0.9420795 
0.9438958 
0.9482423 
0.9326988 
0.9383565 
0.9332475 
0.9027349 
0.8840169 
0.8659858 
0.8530571 
0.8413254 
0.8335961 
0.8235345 
0.7941191 
0.7738895 
0.7538816 
0.7239694 
0.6999669 
0.6686200 
0.6216931 
0.6073504 
0.5969055 
0.6019130 
0.5833760 
0.6035091 
0.6493065 
0.7031889 
0.7299185 
0.7693046 
0.8053631 
0.8390782 
0.8574362 
0.8811617 
0.8859933 
0.8858554 
0.8711537 
0.8642529 
0.8664462 
0.8709857 
0.8704095 
0.8490513 
0.8533127 
0.8529701 
0.8316609 
0.8174522 
0.7825409 
0.7481832 
0.7037313 
0.6748956 
0.6693867 
0.6502949 
0.6528800 
0.6418138 
0.6295203 
0.6298714 
0.6277805 
0.6215359 
0.6335046 
0.6465403 
0.6642591 
0.6981608 
0.7248328 
0.7535046 
0.7623048 
0.7947485 
0.7914348 
0.8194892 
0.8309719 
0.8486773 
0.8523216 
0.8568400 
0.8475708 
0.8336600 
0.8243284 
0.8260604 
0.8228459 
0.8267870 
0.8388501 
0.8487012 
0.8412117 
0.8014875 
0.7727870 
0.7343779 
0.7075110 
0.6991652 
0.6870625 
0.6811636 
0.6880680 
0.6845198 
0.6719235 
0.6538870 
0.6351871 
0.6404994 
0.6516592 
0.6785032 
0.6998455 
0.7251681 
0.7387766 
0.7512409 
0.7616628 
0.7833083 
0.8126953 
0.8355774 
0.8842026 
0.8940061 
0.8770594 
0.8578277 
0.8280983 
0.8055012 
0.7998137 
0.8043264 
0.8171802 
0.8169183 
0.8244803 
0.8422270 
0.8251345 
0.8278671 
0.8039980 
0.7950214 
0.7898818 
0.7897204 
0.8044198 
0.7930139 
0.7915314 
0.8009575 
0.7949645 
0.7936710 
0.8223860 
0.8328532 
0.8398607 
0.8468620 
0.8597729 
0.8589221 
0.8640722 
0.8193629 
0.8262510 
0.8436438 
0.8524466 
0.8664099 
0.8917219 
0.8802788 
0.8503552 
0.8303811 
0.8113012 
0.8102695 
0.8151048 
0.8227854 
0.8184669 
0.8090873 
0.8153191 
0.8286774 
0.8355916 
0.8215712 
0.8185063 
0.8238693 
0.8240974 
0.8039064 
0.7957371 
0.7924537 
0.8137946 
0.8170430 
0.8407767 
0.8384462 
0.8525551 
0.8702125 
0.8672624 
0.8159440 
0.8181937 
0.7966496 
0.7739027 
0.7696140 
0.7658906 
0.7580350 
0.7457034 
0.7445033 
0.7408349 
0.7268245 
0.7226633 
0.7194479 
0.7286288 
0.7387373 
0.7388768 
0.7357333 
0.7388685 
0.7602313 
0.7911543 
0.8136690 
0.8170535 
0.8332282 
0.8257167 
0.8067917 
0.7991243 
0.8019309 
0.7693820 
0.7649610 
0.7900715 
0.7898158 
0.8014741 
0.8106970 
0.8235427 
0.8220201 
0.8074008 
0.7647003 
0.7626509 
0.7516683 
0.7456259 
0.7393763 
0.7520166 
0.7563007 
0.7754911 
0.7899166 
0.8093171 
0.8360230 
0.8463105 
0.8468335 
0.8529339 
0.8327958 
0.8146502 
0.7910503 
0.7911428 
0.7848864 
0.7760644 
0.7856498 
0.7836875 
0.7803383 
0.7986455 
0.8166329 
0.8277726 
0.8347630 
0.8306147 
0.8222459 
0.8469155 
0.8517384 
0.8519875 
0.8607721 
0.8865106 
0.8937145 
0.9094243 
0.9240789 
0.9373926 
0.9356676 
0.9394003 
0.9340970 
0.9240694 
0.9056757 
0.8757350 
0.8853502 
0.8647534 
0.8598197 
0.8545139 
0.8633402 
0.8493546 
0.8317929 
0.8230491 
0.8344085 
0.8538154 
0.8397052 
0.8231952 
0.8180282 
0.8249013 
0.8414084 
0.8466043 
0.8491912 
0.8609413 
0.8620253 
0.8725663 
0.8598025 
0.8544957 
0.8472310 
0.8340854 
0.8473066 
0.8475111 
0.8473680 
0.8562412 
0.8461601 
0.8340057 
0.8178864 
0.8067572 
0.7940259 
0.8003942 
0.8058344 
0.7967514 
0.7862349 
0.7779488 
0.7802861 
0.8005734 
0.7966950 
0.8042236 
0.8284747 
0.8528727 
0.8456825 
0.8527770 
0.8608980 
0.8764150 
0.8757087 
0.8690483 
0.8819828 
0.8793262 
0.8890402 
0.8955730 
0.8801744 
0.8496233 
0.8348506 
0.8190751 
0.8252007 
0.8149833 
0.8000885 
0.8034533 
0.8089874 
0.8241288 
0.8346501 
0.8588107 
0.8745998 
0.8821530 
0.8606987 
0.8540151 
0.8398192 
0.8130826 
0.7953550 
0.7936217 
0.7940835 
0.8019188 
0.8262574 
0.8504239 
0.8652025 
0.8747947 
0.8896444 
0.9167532 
0.9307625 
0.9244340 
0.9274200 
0.9228488 
0.9029451 
0.8949730 
0.8753651 
0.8607631 
0.8570317 
0.8496539 
0.8526043 
0.8314926 
0.8296694 
0.8118894 
0.8141186 
0.8150356 
0.7986457 
0.7741928 
0.7555737 
0.7552981 
0.7772042 
0.7736271 
0.7638369 
0.7551594 
0.7518254 
0.7652751 
0.7766103 
0.7881657 
0.8104215 
0.8935870 
0.9115207 
0.9045544 
0.8987855 
0.9069552 
0.9144799 
0.9054867 
0.9124091 
0.9193030 
0.9223727 
0.9169424 
0.8930335 
0.8976381 
0.8907838 
0.8876742 
0.9184439 
0.9235108 
0.9187443 
0.9267527 
0.9340109 
0.9153294 
0.9162147 
0.8968541 
0.8806300 
0.8685136 
0.8525152 
0.8394865 
0.8198937 
0.8214225 
0.8273051 
0.8252433 
0.8229384 
0.8268835 
0.8368389 
0.8220533 
0.8103904 
0.8294325 
0.8207644 
0.8126817 
0.8117035 
0.8042344 
0.8218444 
0.8378262 
0.8442612 
0.8594431 
0.8772835 
0.8699901 
0.8765974 
0.8935695 
0.8911533 
0.8853613 
0.9021133 
0.8800302 
0.8706635 
0.8724773 
0.8709949 
0.8472362 
0.8485702 
0.8361861 
0.8531578 
0.8371743 
0.8297012 
0.8280182 
0.8205152 
0.8134079 
0.8077866 
0.8249678 
0.8083149 
0.8230134 
0.8149142 
0.8101226 
0.7572775 
0.7472917 
0.7438694 
0.7490176 
0.7529278 
0.7569426 
0.7904182 
0.7910015 
0.8255479 
0.8420852 
0.8489564 
0.8525083 
0.8684656 
0.8735429 
0.8499553 
0.8422257 
0.8416473 
0.8300275 
0.8378671 
0.8391416 
0.8231628 
0.8389770 
0.8360383 
0.8547130 
0.8701878 
0.8609683 
0.8826841 
0.8900523 
0.8985416 
0.9015831 
0.9341990 
0.9088111 
0.8914092 
0.8766947 
0.8857995 
0.8743941 
0.8761233 
0.8808928 
0.8708498 
0.8677270 
0.8606492 
0.8238982 
0.8038108 
0.8097294 
0.8247817 
0.8303070 
0.8170011 
0.8292529 
0.8445187 
0.8237062 
0.8253246 
0.8407249 
0.8315180 
0.8426146 
0.8346094 
0.8247476 
0.8059927 
0.7945086 
0.7867972 
0.7985854 
0.8092236 
0.8269672 
0.8265535 
0.8234509 
0.8150279 
0.8010393 
0.7842353 
0.7802549 
0.7717504 
0.7651128 
0.7706409 
