0.0000927 
0.0000816 
0.0001163 
0.2063423 
0.2159756 
0.4526443 
0.9577233 
0.9833211 
0.9841959 
0.9910709 
0.9608663 
0.9469254 
0.9083479 
0.9081711 
0.8952082 
0.9010209 
0.9216088 
0.9371529 
0.9702543 
0.9331739 
0.9531177 
0.9360650 
0.9725433 
0.9752982 
1.0000000 
0.9700435 
0.9408882 
0.9045317 
0.8594335 
0.8375372 
0.8238402 
0.8230381 
0.8507813 
0.8682297 
0.9234874 
0.9362271 
0.9327887 
0.9181335 
0.9150846 
0.9183703 
0.8972100 
0.8756763 
0.8314427 
0.7967333 
0.7660693 
0.7576026 
0.7543918 
0.7557277 
0.7672017 
0.8109582 
0.8285644 
0.8438510 
0.8804799 
0.8939033 
0.8692457 
0.8505560 
0.8189593 
0.7824940 
0.7587686 
0.7051895 
0.6348430 
0.6257936 
0.6444067 
0.6833860 
0.7374281 
0.7996963 
0.8481360 
0.8544080 
0.8522302 
0.8301485 
0.7812892 
0.7319742 
0.6778803 
0.6614849 
0.6679742 
0.6694089 
0.6736119 
0.6925821 
0.7211428 
0.7060405 
0.6982992 
0.6612875 
0.6460373 
0.6615417 
0.6723346 
0.7117333 
0.7337799 
0.7195404 
0.7131159 
0.7035900 
0.6820956 
0.6245617 
0.5719506 
0.5293245 
0.5291209 
0.5530205 
0.6344849 
0.7727843 
0.7991601 
0.8130226 
0.8173692 
0.8331651 
0.8087435 
0.7814237 
0.7452312 
0.6918812 
0.6607097 
0.6657306 
0.7076057 
0.7334638 
0.7579600 
0.7680187 
0.7870575 
0.7556752 
0.7473283 
0.7394774 
0.7380478 
0.7126915 
0.7049478 
0.7192917 
0.7437156 
0.7394816 
0.7242613 
0.7092351 
0.6967293 
0.7087096 
0.7088179 
0.7193715 
0.7216245 
0.7520009 
0.7622245 
0.7473080 
0.7323247 
0.7085769 
0.6792702 
0.6796909 
0.6896306 
0.6742750 
0.6991966 
0.7286216 
0.7605738 
0.7518066 
0.7503374 
0.7266160 
0.7196703 
0.7100275 
0.7154086 
0.7130796 
0.7024453 
0.7012152 
0.6942857 
0.7029556 
0.6803052 
0.7099493 
0.7383329 
0.7070924 
0.6652352 
0.6513892 
0.6411431 
0.6514667 
0.6565404 
0.6594204 
0.6501279 
0.6387700 
0.6124633 
0.6079011 
0.6242255 
0.6358375 
0.6560930 
0.6331758 
0.6030498 
0.5901563 
0.6227915 
0.6441308 
0.6682262 
0.6406975 
0.6273776 
0.5949854 
0.5900958 
0.6023331 
0.6059445 
0.6074204 
0.6514408 
0.6116577 
0.6197433 
0.6299315 
0.6385191 
0.6495084 
0.6399436 
0.6408875 
0.6314546 
0.5910599 
0.5863151 
0.5735562 
0.5812766 
0.5715423 
0.5867627 
0.6134953 
0.6347926 
0.6150771 
0.6276197 
0.6198305 
0.6386206 
0.6410728 
0.6259626 
0.6485518 
0.6463779 
0.6275626 
0.6043354 
0.5784727 
0.5576845 
0.5499946 
0.5398360 
0.5508062 
0.5642018 
0.5432981 
0.5729945 
0.5870941 
0.5790436 
0.5824821 
0.5850568 
0.5870575 
0.5868204 
0.5910634 
0.5800008 
0.5979294 
0.6105848 
0.6240043 
0.6176698 
0.6270372 
0.6323875 
0.6349294 
0.6343581 
0.6264145 
0.6365036 
0.5922037 
0.6039442 
0.6076045 
0.6220447 
0.6397100 
0.6187717 
0.6250421 
0.6102641 
0.6063222 
0.6123075 
0.5975227 
0.6055278 
0.6088594 
0.6188460 
0.6401077 
0.6537633 
0.6461994 
0.6478063 
0.6409847 
0.6214598 
0.5875184 
0.5704043 
0.5400320 
0.5714213 
0.5853027 
0.5959931 
0.6098960 
0.6176626 
0.6284392 
0.6340110 
0.6125801 
0.5928064 
0.5807842 
0.5673467 
0.5821151 
0.5638863 
0.5574660 
0.5599653 
0.5826757 
0.5933310 
0.5942215 
0.5840244 
0.5730995 
0.6083102 
0.6152684 
0.6277022 
0.6464023 
0.6655966 
0.6622723 
0.6634501 
0.6561764 
0.6396733 
0.6189338 
0.6365584 
0.6072460 
0.5894571 
0.5649191 
0.5751806 
0.5908359 
0.6285909 
0.6190074 
0.6167528 
0.5534199 
0.5352230 
0.5287954 
0.5299741 
0.5601015 
0.5558072 
0.5627371 
0.5849520 
0.5702202 
0.5575846 
0.5464577 
0.5405309 
0.5368649 
0.5492087 
0.5825357 
0.5987433 
0.6281170 
0.6445723 
0.6657336 
0.6838816 
0.6722996 
0.6538578 
0.6224165 
0.5808431 
0.5641542 
0.5447207 
0.5449538 
0.5277220 
0.5450601 
0.5168005 
0.4867282 
0.4881715 
0.5006357 
0.4932071 
0.5353771 
0.5338069 
0.5546006 
0.5638388 
0.5707755 
0.5655858 
0.5204808 
0.5035442 
0.5007942 
0.4941526 
0.4982925 
0.5022489 
0.4865568 
0.4972163 
0.5435010 
0.5014427 
0.5008351 
0.5081543 
0.4955822 
0.4919783 
0.5050486 
0.5336212 
0.5471336 
0.5442253 
0.5547526 
0.5312523 
0.5298169 
0.4992466 
0.4894996 
0.4796334 
0.4945674 
0.5072270 
0.5098217 
0.5325341 
0.5638095 
0.5887006 
0.5761450 
0.5820485 
0.5825910 
0.5300813 
0.5423365 
0.5412803 
0.5471063 
0.5699126 
0.5678635 
0.5687396 
0.5693327 
0.5950607 
0.5775138 
0.5794675 
0.6066757 
0.6058124 
0.6170988 
0.6164560 
0.5981031 
0.5956013 
0.5828968 
0.5592789 
0.5396830 
0.5411950 
0.5367458 
0.5257346 
0.5046326 
0.5049135 
0.5053252 
0.4942330 
0.4790804 
0.4967093 
0.5200919 
0.5483366 
0.5519308 
0.5748234 
0.5810473 
0.5486102 
0.5310612 
0.5260580 
0.5097253 
0.4784744 
0.4421664 
0.4636592 
0.4669794 
0.4787565 
0.4587550 
0.4698521 
0.4964716 
0.4915646 
0.4910007 
0.4886423 
0.4879966 
0.4768698 
0.4711083 
0.4767104 
0.4671827 
0.4479662 
0.4725325 
0.4687697 
0.4857559 
0.5395861 
0.5742968 
0.6158918 
0.6313845 
0.6195383 
0.5917842 
0.5688723 
0.5407961 
0.5128868 
0.5270285 
0.5269263 
0.5376784 
0.5474505 
0.5418768 
0.5360469 
0.5151398 
0.4362324 
0.3658149 
0.4338290 
0.3968804 
0.3808759 
0.4080492 
0.4125406 
0.4079903 
0.4245251 
0.4402792 
0.4418495 
0.4763499 
0.5012167 
0.5277474 
0.5599017 
0.5550289 
0.5321380 
0.5406921 
0.5855839 
0.5937126 
0.5767334 
0.5742864 
0.5670511 
0.5662192 
0.5510158 
0.5352666 
0.5220444 
0.4986993 
0.4868729 
0.5009532 
0.5172589 
0.5183516 
0.5372771 
0.5219119 
0.5089825 
0.4972519 
0.4591747 
0.4313060 
0.4011419 
0.3793253 
0.3794207 
0.3762045 
0.3956417 
0.4142068 
0.4151405 
0.4180677 
0.4355205 
0.4247853 
0.4258728 
0.4243223 
0.4259213 
0.3954327 
0.4356561 
0.4572544 
0.4504645 
0.4569653 
0.4831124 
0.5255069 
0.5236626 
0.5248802 
0.5183269 
0.4940349 
0.4581110 
0.4537451 
0.4556516 
0.4485117 
0.4584414 
0.4747525 
0.4742332 
0.4756008 
0.4587661 
0.4544792 
0.4645209 
0.4811768 
0.4703130 
0.4848860 
0.4947384 
0.4893038 
0.4884201 
0.4797960 
0.5008952 
0.4932519 
0.5062823 
0.5438490 
0.5702590 
0.5964441 
0.6241113 
0.6453917 
0.6440305 
0.6241844 
0.6210142 
0.6160987 
0.5931686 
0.5906051 
0.5839296 
0.5763920 
0.5746750 
0.6051704 
0.6460993 
0.6774436 
0.7021994 
0.7231388 
0.7153344 
0.6895119 
0.6257582 
0.6028277 
0.5775209 
0.5568126 
0.5751017 
0.5676275 
0.5775320 
0.5773657 
0.6185472 
0.6308013 
0.6566175 
0.6619692 
0.6409862 
0.5962011 
0.5337293 
0.5121620 
0.5168516 
0.5432654 
0.5346953 
0.5270256 
0.5040703 
0.4873237 
0.4768245 
0.5061094 
0.5325324 
0.5205574 
0.4990219 
0.4977535 
0.4759587 
0.4849939 
0.5080143 
0.4811062 
0.4646264 
0.4555212 
0.4522196 
0.4665439 
0.4688221 
0.4633598 
0.5113101 
0.5540296 
0.5496418 
0.5218631 
0.5430711 
0.5327302 
0.5582103 
0.5517060 
0.5500772 
0.5347539 
0.5391522 
0.5152643 
0.5000469 
0.5441073 
0.5446013 
0.5167796 
0.4926508 
0.4947189 
0.5126827 
0.5447027 
0.5783609 
0.5852724 
0.5544338 
0.5339854 
0.5267062 
0.5228839 
0.5178435 
0.5347897 
0.5635302 
0.6108491 
0.6088642 
0.6307251 
0.6215188 
0.6305047 
0.6138366 
0.5861313 
0.5939245 
0.6014536 
0.5917067 
0.5679060 
0.5541329 
0.5113989 
0.4709457 
0.4626932 
0.4590339 
0.4503164 
0.4221582 
0.4098400 
0.4095833 
0.4107783 
0.4238772 
0.4323453 
0.4626026 
0.4780894 
0.4704651 
0.4781838 
0.4714829 
0.4558784 
0.4586239 
0.4450256 
0.4085214 
0.3872772 
0.3646846 
0.3281843 
0.2967688 
0.2773511 
0.2539141 
0.2083966 
0.1615746 
0.1645722 
0.1608204 
0.1815442 
0.2225552 
0.2543916 
0.2944761 
0.3238876 
0.3769829 
0.4193312 
0.4556475 
0.4861090 
0.5480947 
0.5491002 
0.5648682 
0.5502786 
0.5451826 
0.5446160 
0.5611150 
0.5689392 
0.5563558 
0.5247431 
0.4746565 
0.4375206 
0.3863792 
0.3576132 
0.3283931 
0.3308552 
0.3529798 
0.3623290 
0.3665425 
0.4194084 
0.4406020 
0.4851567 
0.5170698 
0.5448289 
0.5929179 
0.5993415 
0.6330127 
0.6229216 
0.6183093 
0.5919115 
0.5927884 
0.5506596 
0.5428769 
0.5133853 
0.4834655 
0.4428347 
0.4216888 
0.3902491 
0.3618873 
0.3154812 
0.3111063 
0.3017255 
0.3043727 
0.3240267 
0.3529446 
0.3746414 
0.3886683 
0.3720457 
0.3701820 
0.3867419 
0.3928962 
0.4182855 
0.4530626 
0.4259575 
0.4501230 
0.4426991 
0.4268295 
0.4418138 
0.4361489 
0.4058417 
0.3941568 
0.4102590 
0.3967397 
0.4336688 
0.4364464 
0.4331695 
0.4268769 
0.4134721 
0.4158116 
0.4038666 
0.3971487 
0.4177268 
0.4034057 
0.4181907 
0.4249256 
0.4642330 
0.4422716 
0.4381412 
0.4480520 
0.4578948 
0.4631025 
0.4421409 
0.4166904 
0.4260662 
0.4198081 
0.4277988 
0.4185949 
0.4272087 
0.4329305 
0.4369942 
0.4155821 
0.3861260 
0.3756735 
0.3530446 
0.3525424 
0.3252950 
0.2762685 
0.2717158 
0.2558047 
0.2298194 
0.2084553 
0.2156170 
0.2077233 
0.2704595 
0.3061724 
0.3242073 
0.3578207 
0.3485636 
0.3193201 
0.3169594 
0.2695378 
0.2345678 
0.2310760 
0.1999010 
0.1838855 
0.1617109 
0.1809280 
0.1859729 
0.1956904 
0.1977163 
0.1913548 
0.2030772 
0.2503533 
0.2711545 
0.2533697 
0.2450839 
0.2549268 
0.2377111 
0.2153043 
0.2337107 
0.2233495 
0.2272397 
0.2213002 
0.2304280 
0.2323722 
0.2069251 
0.2041721 
0.2148098 
0.2446945 
0.2488990 
0.2863423 
0.2985447 
0.2747085 
0.2917146 
0.3202237 
0.3678348 
0.4090405 
0.3919686 
0.2930459 
0.3021333 
0.2802975 
0.2775282 
0.2845707 
0.3050011 
0.3059773 
0.2945670 
0.2780009 
0.2924580 
0.2874540 
0.3116479 
0.3269618 
0.3294573 
0.3457754 
0.3707315 
0.3648263 
0.3720018 
0.3437298 
0.3310783 
0.3151075 
0.3048677 
0.2998812 
0.2903250 
0.3082549 
0.3224364 
0.3272716 
0.3147480 
0.2727959 
0.2632912 
0.2365624 
0.2347270 
0.2453686 
0.2566596 
0.2722468 
0.2622835 
0.2856484 
0.2670362 
0.2565760 
0.2466965 
0.2499382 
0.2954743 
0.3192934 
0.3367074 
0.3640716 
0.3754197 
0.3763808 
0.3720237 
0.3789722 
0.3715566 
0.3955631 
0.4231144 
0.4394311 
0.4065100 
0.3842550 
0.3578473 
0.3516874 
0.3513756 
0.3658873 
0.3724350 
0.3525716 
0.3609468 
0.4131738 
0.4277310 
0.4393042 
0.4531347 
0.4312646 
0.4162653 
0.4060668 
0.4140687 
0.4156225 
0.4094853 
0.4063781 
0.3785233 
0.4165904 
0.3932318 
0.4141702 
0.4126225 
0.4035700 
0.3846220 
0.3802849 
0.3741460 
0.3730974 
0.3594485 
0.3673918 
0.3588024 
0.3471454 
0.3378144 
0.3335193 
0.3276821 
0.3207528 
0.3187512 
0.3210276 
0.3134502 
0.2960018 
0.2669507 
0.2806584 
0.2798820 
0.2909765 
0.3049325 
0.3167456 
0.3009394 
0.2891638 
0.2987267 
0.3342736 
0.3648160 
0.3330089 
0.2790487 
0.2494974 
0.2365247 
0.3439317 
0.3355625 
0.3068946 
0.2915153 
0.2735525 
0.2868516 
0.3284362 
0.3265099 
0.3122941 
0.3221055 
0.3197152 
0.3084163 
0.2941720 
0.2527055 
0.2122518 
0.2283031 
0.2405711 
0.2577876 
0.2593096 
0.2568518 
0.2663121 
0.2832356 
0.3047014 
0.3147106 
0.3103848 
0.3018061 
0.2938087 
0.2806718 
0.2477028 
0.2582413 
0.2644095 
0.2676344 
0.2524772 
0.2702603 
0.2560490 
0.2590188 
0.2215540 
0.2051575 
0.2050397 
0.1848095 
0.1650073 
0.1384398 
0.1206975 
0.0996135 
0.0690905 
0.1138571 
0.1404056 
0.1636339 
0.1873884 
0.2052375 
0.2046785 
0.2155301 
0.2476839 
0.2637306 
0.2827557 
0.2663976 
0.2171464 
0.1957680 
0.1715250 
0.1758423 
0.1721523 
0.2025392 
0.1802325 
0.1794376 
0.1759991 
0.1558411 
0.1477743 
0.1540143 
0.1699895 
0.1719962 
0.1793804 
0.1909813 
0.2254879 
0.2409577 
0.2576592 
0.2628466 
0.2787526 
0.2748467 
0.2741917 
0.2876993 
0.2748758 
0.2671392 
0.2634489 
0.2557301 
0.2363543 
0.1764181 
0.1825838 
0.2010347 
0.2077183 
0.2008429 
0.1928077 
0.2271773 
0.2610919 
0.2711590 
0.2891713 
0.3006678 
0.2946932 
0.3003949 
0.2885367 
0.3030776 
0.2985226 
0.3005244 
0.2821292 
0.2808165 
0.2736280 
0.2848753 
0.2695833 
0.2563613 
0.2735649 
0.2670261 
0.2760720 
0.2716541 
0.2663953 
0.2424962 
0.2290447 
0.2182389 
0.2291915 
0.2089361 
0.1801530 
0.1557536 
0.1512509 
0.1483365 
0.1506013 
0.1656586 
0.1963565 
0.2226026 
0.2317038 
0.2450388 
0.2369280 
0.2485682 
0.2459312 
0.2685669 
0.2805366 
0.2935909 
0.3084182 
0.2897508 
0.3220523 
0.2973093 
0.2853494 
0.2833804 
0.2565506 
0.2344449 
0.2076161 
0.2129583 
0.2175942 
0.2423463 
0.2828289 
0.3090130 
0.3407176 
0.3367668 
0.3111596 
0.2931601 
0.2936635 
0.2613362 
0.2415099 
0.2447986 
0.2630653 
0.2852477 
0.2815948 
0.2960166 
0.3091423 
0.3123700 
0.3184555 
0.3324940 
0.3012689 
0.2663399 
0.2471954 
0.2247288 
0.2511580 
0.3215009 
0.3290222 
0.3425591 
0.3378381 
0.3114546 
0.3010471 
0.3132782 
0.3164472 
0.3091658 
0.2725132 
0.2626219 
0.2588365 
0.2559579 
0.2694015 
0.2515488 
0.2742512 
0.2805395 
0.2786142 
0.2635029 
0.2443763 
0.2013177 
0.1745398 
0.1788398 
0.1891520 
0.2112053 
0.2028199 
0.2217798 
0.2465089 
0.2643088 
0.2717885 
0.2783767 
0.2823255 
0.2808784 
0.2737936 
0.2615784 
0.2205416 
0.1743646 
0.1701069 
0.1833693 
0.1994465 
0.2290063 
0.2440465 
0.2728852 
0.2667650 
0.2528909 
0.2507916 
0.2546203 
0.2640307 
0.2899689 
0.2966003 
0.3063433 
0.3211179 
0.3204778 
0.3302642 
0.3221958 
0.2725693 
0.2551770 
0.2548414 
0.2572115 
0.2784735 
0.3034136 
0.3066246 
0.3100344 
0.2950690 
0.2823858 
0.2723038 
0.2577949 
0.2460952 
0.2193752 
0.2295955 
0.2332408 
0.2392356 
0.2358435 
0.2394403 
0.2175721 
0.1947269 
0.1786801 
0.1505133 
0.1457797 
0.1748021 
0.2590703 
0.2566650 
0.2377243 
0.2328841 
0.2152178 
0.1989081 
0.2016751 
0.2101221 
0.1949449 
0.1952943 
0.1774963 
0.1725432 
0.1549147 
0.1594169 
0.1632617 
0.1559590 
0.1482211 
0.1283988 
0.1421886 
0.1300519 
0.1445904 
0.1476679 
0.1417995 
0.1664685 
0.1912931 
0.2612354 
0.2748930 
0.2726393 
0.2933019 
0.2964534 
0.2764260 
0.2620862 
0.2298003 
0.2016030 
0.1975677 
0.2050178 
0.1492565 
0.1195461 
0.1469559 
0.1453661 
0.1301163 
0.1467819 
0.1236889 
0.1331116 
0.1265547 
0.1341752 
0.1398467 
0.1232497 
0.1196161 
0.1124127 
0.1263537 
0.1206510 
0.0926372 
0.1138322 
0.1142544 
0.1331831 
0.1036396 
0.1165559 
0.0942567 
0.0982391 
0.0777294 
0.0878630 
0.0616552 
0.0565692 
0.0476262 
0.0594545 
0.0766566 
0.0708370 
0.0989595 
0.1119716 
0.1253769 
0.1421170 
0.1506805 
0.1318620 
0.1329084 
0.1351962 
0.1303579 
0.1302492 
0.1184177 
0.1326989 
0.0890532 
0.0575560 
0.0465747 
0.0182532 
0.0163603 
0.0058482 
0.0111145 
0.0384125 
0.0408943 
0.0592358 
0.0478149 
0.0443437 
0.0309607 
0.0351372 
0.0563394 
0.0515157 
0.0079757 
0.0000000 
0.0324264 
0.0250465 
0.0219347 
0.0268623 
0.0457605 
0.0555212 
0.0617880 
0.0509104 
0.0475342 
0.0576971 
0.0868230 
0.0807523 
0.0734861 
0.0688442 
0.0665180 
0.0627381 
0.0918154 
0.0913439 
0.0962379 
0.1068713 
0.1056541 
0.1147459 
0.1237864 
0.0775516 
0.0661738 
0.0529456 
0.0734843 
0.0488549 
0.0338031 
0.0308242 
0.0265691 
0.0512243 
0.0648984 
0.0720384 
0.0613199 
