-0.0001835 
0.0001439 
0.0000333 
-0.4170909 
-0.2426244 
-0.3941392 
0.0000000 
0.0005150 
0.0006180 
0.0018278 
0.0022466 
0.0022147 
0.0032008 
0.0034857 
0.0027014 
0.0030082 
0.0049150 
0.0054839 
0.0055896 
0.0066436 
0.0073229 
0.0054923 
0.0070490 
0.0087426 
0.0088799 
0.0087863 
0.0098071 
0.0104776 
0.0122275 
0.0121056 
0.0135915 
0.0151134 
0.0167817 
0.0171878 
0.0151352 
0.0151588 
0.0123909 
0.0118937 
0.0111374 
0.0097946 
0.0089142 
0.0078461 
0.0077053 
0.0075408 
0.0094002 
0.0104095 
0.0108628 
0.0116364 
0.0124685 
0.0135251 
0.0133003 
0.0149320 
0.0161240 
0.0176092 
0.0189212 
0.0187927 
0.0191953 
0.0209645 
0.0221248 
0.0219277 
0.0228329 
0.0243160 
0.0256783 
0.0288667 
0.0296829 
0.0310205 
0.0333434 
0.0368668 
0.0376044 
0.0399967 
0.0430807 
0.0467100 
0.0516879 
0.0560333 
0.0637938 
0.0646371 
0.0637299 
0.0644895 
0.0650399 
0.0645543 
0.0648850 
0.0668401 
0.0626718 
0.0496917 
0.0075817 
0.0074864 
0.0080094 
0.0083993 
0.0087378 
0.0080100 
0.0096477 
0.0098315 
0.0113984 
0.0118117 
0.0120146 
0.0122233 
0.0123601 
0.0128989 
0.0151184 
0.0152592 
0.0161591 
0.0159392 
0.0149304 
0.0161369 
0.0157830 
0.0166875 
0.0174892 
0.0174209 
0.0173875 
0.0184532 
0.0189888 
0.0178314 
0.0191615 
0.0180229 
0.0176480 
0.0177147 
0.0197051 
0.0223073 
0.0240633 
0.0266853 
0.0279422 
0.0307239 
0.0319596 
0.0332602 
0.0351097 
0.0363357 
0.0372041 
0.0382632 
0.0388848 
0.0394567 
0.0380733 
0.0383204 
0.0378878 
0.0377065 
0.0375508 
0.0365424 
0.0367818 
0.0377346 
0.0374850 
0.0379641 
0.0387089 
0.0374996 
0.0380429 
0.0391949 
0.0404988 
0.0403241 
0.0413225 
0.0411433 
0.0404254 
0.0410793 
0.0402206 
0.0404568 
0.0408717 
0.0397243 
0.0418924 
0.0417040 
0.0427406 
0.0431710 
0.0441515 
0.0447071 
0.0460333 
0.0475464 
0.0491210 
0.0493494 
0.0500510 
0.0525555 
0.0541760 
0.0544265 
0.0553928 
0.0554543 
0.0554853 
0.0551723 
0.0545610 
0.0537408 
0.0535425 
0.0524250 
0.0526748 
0.0534271 
0.0536365 
0.0538147 
0.0574320 
0.0578019 
0.0576718 
0.0580807 
0.0583030 
0.0586769 
0.0583732 
0.0572577 
0.0573979 
0.0579378 
0.0578337 
0.0575636 
0.0597300 
0.0601329 
0.0602191 
0.0610925 
0.0620406 
0.0622902 
0.0628126 
0.0634799 
0.0637447 
0.0658865 
0.0678205 
0.0674340 
0.0689991 
0.0693516 
0.0709754 
0.0723900 
0.0738139 
0.0735700 
0.0728363 
0.0723292 
0.0724372 
0.0732449 
0.0737111 
0.0765863 
0.0779909 
0.0778295 
0.0785473 
0.0793091 
0.0799901 
0.0811703 
0.0817555 
0.0817071 
0.0797045 
0.0828320 
0.0832224 
0.0830394 
0.0834864 
0.0847361 
0.0847719 
0.0841280 
0.0842878 
0.0842095 
0.0853620 
0.0865356 
0.0876972 
0.0877709 
0.0878188 
0.0905571 
0.0897085 
0.0888827 
0.0886017 
0.0893302 
0.0902548 
0.0915700 
0.0907312 
0.0900937 
0.0923222 
0.0951396 
0.0961907 
0.0950497 
0.0952261 
0.0941120 
0.0949553 
0.0930024 
0.0940483 
0.0946507 
0.0982690 
0.0973943 
0.0970180 
0.0970082 
0.0976943 
0.0975553 
0.0987103 
0.0990361 
0.0993553 
0.0995486 
0.0992933 
0.1014488 
0.1005160 
0.0986709 
0.0995080 
0.1012611 
0.1009111 
0.1022732 
0.1006290 
0.1012406 
0.1023571 
0.1027125 
0.1023073 
0.1044082 
0.1026247 
0.1043134 
0.1042897 
0.1065778 
0.1073176 
0.1066385 
0.1089431 
0.1085393 
0.1086054 
0.1085323 
0.1086116 
0.1084127 
0.1091302 
0.1114986 
0.1089771 
0.1110493 
0.1098971 
0.1111233 
0.1115851 
0.1120014 
0.1123230 
0.1115657 
0.1110336 
0.1118569 
0.1112822 
0.1108049 
0.1106993 
0.1108572 
0.1125813 
0.1104810 
0.1126211 
0.1125138 
0.1140497 
0.1138081 
0.1148363 
0.1143496 
0.1142533 
0.1160663 
0.1137283 
0.1155007 
0.1159516 
0.1155260 
0.1151166 
0.1167466 
0.1165674 
0.1165148 
0.1187760 
0.1181558 
0.1191547 
0.1212026 
0.1221696 
0.1234905 
0.1239929 
0.1234033 
0.1240056 
0.1225776 
0.1234984 
0.1251668 
0.1264788 
0.1263500 
0.1266487 
0.1271319 
0.1247039 
0.1259879 
0.1267086 
0.1279324 
0.1287689 
0.1287281 
0.1267277 
0.1293771 
0.1285443 
0.1287912 
0.1286784 
0.1295083 
0.1293502 
0.1307217 
0.1295739 
0.1310107 
0.1313335 
0.1326703 
0.1300421 
0.1294639 
0.1305114 
0.1303500 
0.1317540 
0.1332321 
0.1336803 
0.1338866 
0.1321410 
0.1324864 
0.1314458 
0.1327457 
0.1348727 
0.1346854 
0.1339032 
0.1354519 
0.1359451 
0.1372251 
0.1368813 
0.1367637 
0.1363259 
0.1356771 
0.1362140 
0.1360646 
0.1353517 
0.1346145 
0.1353720 
0.1369127 
0.1379620 
0.1400025 
0.1415528 
0.1399084 
0.1418833 
0.1422952 
0.1419864 
0.1402452 
0.1414353 
0.1433638 
0.1437343 
0.1440485 
0.1444408 
0.1466736 
0.1468588 
0.1446567 
0.1474606 
0.1494737 
0.1496958 
0.1511024 
0.1522720 
0.1519410 
0.1529418 
0.1549412 
0.1544737 
0.1557640 
0.1540531 
0.1545559 
0.1539245 
0.1565373 
0.1559451 
0.1584925 
0.1592687 
0.1560633 
0.1572176 
0.1569525 
0.1587803 
0.1593960 
0.1597368 
0.1595145 
0.1592206 
0.1594008 
0.1604041 
0.1604682 
0.1597960 
0.1613684 
0.1605214 
0.1616182 
0.1642070 
0.1633742 
0.1629174 
0.1646419 
0.1641431 
0.1611731 
0.1638227 
0.1633636 
0.1620006 
0.1636583 
0.1653394 
0.1651903 
0.1645058 
0.1653034 
0.1666145 
0.1662056 
0.1672576 
0.1681132 
0.1687388 
0.1702411 
0.1718233 
0.1727004 
0.1724759 
0.1723203 
0.1731094 
0.1775666 
0.1784134 
0.1766595 
0.1786532 
0.1799880 
0.1808866 
0.1813268 
0.1807629 
0.1806046 
0.1812009 
0.1792825 
0.1804657 
0.1793191 
0.1813243 
0.1803796 
0.1800582 
0.1805021 
0.1799142 
0.1790775 
0.1780997 
0.1799978 
0.1796112 
0.1801336 
0.1813798 
0.1841819 
0.1839274 
0.1832914 
0.1833991 
0.1848433 
0.1849273 
0.1863936 
0.1869652 
0.1863755 
0.1864898 
0.1869114 
0.1890148 
0.1890009 
0.1908193 
0.1914240 
0.1906326 
0.1896189 
0.1897132 
0.1903575 
0.1923711 
0.1941544 
0.1913860 
0.1919208 
0.1930605 
0.1917407 
0.1922177 
0.1924701 
0.1936397 
0.1961829 
0.1963840 
0.1985688 
0.1959843 
0.1974016 
0.1985559 
0.1997938 
0.2001128 
0.2018402 
0.2009432 
0.2016141 
0.2030006 
0.2025517 
0.2034414 
0.2040759 
0.2041048 
0.2049336 
0.2046635 
0.2061709 
0.2054597 
0.2062387 
0.2076802 
0.2084544 
0.2094674 
0.2111279 
0.2109459 
0.2133191 
0.2130283 
0.2127358 
0.2141291 
0.2144404 
0.2166385 
0.2164147 
0.2195144 
0.2212760 
0.2172418 
0.2144124 
0.2157515 
0.2174562 
0.2173582 
0.2164867 
0.2172927 
0.2188425 
0.2194628 
0.2194324 
0.2196896 
0.2208376 
0.2218162 
0.2222265 
0.2239084 
0.2236852 
0.2245045 
0.2260438 
0.2255301 
0.2260274 
0.2247947 
0.2252796 
0.2264675 
0.2248139 
0.2247766 
0.2258507 
0.2258253 
0.2254039 
0.2267066 
0.2252760 
0.2268780 
0.2289743 
0.2278871 
0.2292662 
0.2284729 
0.2285094 
0.2318053 
0.2359818 
0.2337083 
0.2351261 
0.2335556 
0.2333138 
0.2332187 
0.2331513 
0.2379958 
0.2399020 
0.2398100 
0.2382145 
0.2386762 
0.2379547 
0.2396719 
0.2405247 
0.2370744 
0.2359163 
0.2358759 
0.2379338 
0.2379809 
0.2371522 
0.2386432 
0.2394393 
0.2367635 
0.2392472 
0.2391857 
0.2416518 
0.2419374 
0.2423874 
0.2436245 
0.2452551 
0.2438081 
0.2450230 
0.2473053 
0.2488286 
0.2491320 
0.2490361 
0.2487602 
0.2492423 
0.2514191 
0.2520967 
0.2532638 
0.2528845 
0.2538425 
0.2539429 
0.2499335 
0.2515710 
0.2540232 
0.2531717 
0.2533244 
0.2533094 
0.2528874 
0.2532220 
0.2540786 
0.2570727 
0.2571065 
0.2561717 
0.2573608 
0.2574085 
0.2573354 
0.2565673 
0.2588850 
0.2556087 
0.2574065 
0.2563080 
0.2586078 
0.2580758 
0.2596727 
0.2602126 
0.2605413 
0.2616218 
0.2585521 
0.2607390 
0.2614468 
0.2630541 
0.2624511 
0.2613710 
0.2622963 
0.2632543 
0.2657448 
0.2679723 
0.2678325 
0.2686542 
0.2685402 
0.2668009 
0.2665398 
0.2651723 
0.2681610 
0.2675706 
0.2664094 
0.2675582 
0.2674978 
0.2685483 
0.2682954 
0.2678875 
0.2690126 
0.2709310 
0.2709369 
0.2744232 
0.2687945 
0.2690335 
0.2714118 
0.2734980 
0.2747269 
0.2743041 
0.2754817 
0.2754054 
0.2769974 
0.2789209 
0.2809288 
0.2817285 
0.2819337 
0.2829508 
0.2856593 
0.2846190 
0.2848508 
0.2844188 
0.2875955 
0.2892661 
0.2882212 
0.2883618 
0.2886026 
0.2895656 
0.2896794 
0.2911488 
0.2907971 
0.2905137 
0.2913855 
0.2928053 
0.2965998 
0.2967851 
0.2968952 
0.2976133 
0.2982964 
0.2974458 
0.2986585 
0.2990776 
0.2989799 
0.2980833 
0.2961145 
0.2971304 
0.2990720 
0.2994752 
0.3000826 
0.2985594 
0.2982589 
0.2990700 
0.2995274 
0.3007120 
0.3015945 
0.3003105 
0.3019334 
0.3014783 
0.3003174 
0.3014703 
0.3028780 
0.3061060 
0.3058068 
0.3044068 
0.3056646 
0.3081633 
0.3115742 
0.3139141 
0.3124459 
0.3089301 
0.3071334 
0.3102020 
0.3118603 
0.3136676 
0.3124122 
0.3128717 
0.3142703 
0.3142825 
0.3151490 
0.3146001 
0.3177007 
0.3193964 
0.3194022 
0.3191775 
0.3202680 
0.3214862 
0.3234169 
0.3238934 
0.3221999 
0.3235963 
0.3253893 
0.3267618 
0.3269986 
0.3270512 
0.3288338 
0.3278463 
0.3288859 
0.3284005 
0.3295316 
0.3291115 
0.3306609 
0.3288651 
0.3296277 
0.3306770 
0.3303685 
0.3299737 
0.3304802 
0.3309919 
0.3301466 
0.3305673 
0.3323152 
0.3331521 
0.3332675 
0.3335037 
0.3335518 
0.3344557 
0.3352505 
0.3356180 
0.3379281 
0.3386779 
0.3381668 
0.3407866 
0.3390314 
0.3387997 
0.3416241 
0.3425862 
0.3403293 
0.3418756 
0.3443336 
0.3424507 
0.3421184 
0.3419552 
0.3432790 
0.3441188 
0.3452355 
0.3447500 
0.3449953 
0.3446351 
0.3463388 
0.3480973 
0.3475628 
0.3492778 
0.3496255 
0.3473416 
0.3493346 
0.3490431 
0.3518830 
0.3578304 
0.3590835 
0.3547589 
0.3538722 
0.3539239 
0.3536306 
0.3557259 
0.3567837 
0.3583780 
0.3585094 
0.3615576 
0.3617804 
0.3630326 
0.3637867 
0.3639918 
0.3624609 
0.3643033 
0.3642235 
0.3633002 
0.3640775 
0.3612360 
0.3628420 
0.3626508 
0.3614242 
0.3625685 
0.3621886 
0.3644129 
0.3645155 
0.3640697 
0.3652652 
0.3656572 
0.3663091 
0.3696567 
0.3686928 
0.3701700 
0.3702818 
0.3708603 
0.3748505 
0.3735140 
0.3726234 
0.3741190 
0.3749187 
0.3753198 
0.3742657 
0.3739919 
0.3762329 
0.3758846 
0.3758358 
0.3751995 
0.3798678 
0.3784583 
0.3780355 
0.3793080 
0.3772120 
0.3780199 
0.3805131 
0.3815304 
0.3838295 
0.3825150 
0.3845805 
0.3854110 
0.3831879 
0.3855297 
0.3873810 
0.3881101 
0.3867768 
0.3893572 
0.3911752 
0.3888017 
0.3914267 
0.3921612 
0.3909708 
0.3920918 
0.3923131 
0.3932296 
0.3966105 
0.3955563 
0.3952922 
0.3947180 
0.3937616 
0.3957427 
0.3978398 
0.3994615 
0.3997002 
0.3972332 
0.3983285 
0.3983556 
0.4000602 
0.4010122 
0.4018760 
0.4018295 
0.4003437 
0.4010560 
0.4031902 
0.4064901 
0.4072853 
0.4085485 
0.4081711 
0.4093374 
0.4105259 
0.4091943 
0.4092678 
0.4077224 
0.4079025 
0.4090211 
0.4088824 
0.4094250 
0.4114975 
0.4104666 
0.4104264 
0.4118692 
0.4117730 
0.4098539 
0.4117735 
0.4113287 
0.4128136 
0.4130489 
0.4169100 
0.4184950 
0.4201379 
0.4209235 
0.4221556 
0.4220492 
0.4223566 
0.4225607 
0.4231422 
0.4221803 
0.4214859 
0.4239631 
0.4239334 
0.4239494 
0.4263368 
0.4262184 
0.4279351 
0.4283266 
0.4308593 
0.4314552 
0.4308321 
0.4291283 
0.4303878 
0.4286576 
0.4306728 
0.4323380 
0.4335433 
0.4312789 
0.4313832 
0.4313060 
0.4327751 
0.4327811 
0.4321552 
0.4320142 
0.4325254 
0.4324047 
0.4319370 
0.4329921 
0.4320438 
0.4331388 
0.4319910 
0.4313587 
0.4309686 
0.4319673 
0.4311003 
0.4293540 
0.4302157 
0.4301388 
0.4315833 
0.4290049 
0.4292177 
0.4325400 
0.4346373 
0.4341402 
0.4365605 
0.4377504 
0.4391528 
0.4412798 
0.4449791 
0.4444221 
0.4467305 
0.4474728 
0.4513981 
0.4516116 
0.4535093 
0.4557289 
0.4541821 
0.4551042 
0.4564272 
0.4583738 
0.4589925 
0.4619596 
0.4611877 
0.4620290 
0.4625558 
0.4631035 
0.4631221 
0.4633959 
0.4636131 
0.4643535 
0.4657328 
0.4632356 
0.4643362 
0.4623926 
0.4653540 
0.4647665 
0.4618670 
0.4630991 
0.4648873 
0.4649743 
0.4642010 
0.4671980 
0.4659000 
0.4638073 
0.4641227 
0.4637089 
0.4645648 
0.4645803 
0.4652525 
0.4650939 
0.4672869 
0.4674275 
0.4670278 
0.4665776 
0.4673420 
0.4691456 
0.4682830 
0.4673856 
0.4684553 
0.4723856 
0.4735556 
0.4748900 
0.4751158 
0.4772103 
0.4751025 
0.4759925 
0.4765999 
0.4762583 
0.4777401 
0.4794465 
0.4809389 
0.4823421 
0.4773214 
0.4772998 
0.4806533 
0.4835211 
0.4845935 
0.4861097 
0.4852424 
0.4881576 
0.4897043 
0.4912368 
0.4910962 
0.4941711 
0.4940685 
0.4969986 
0.4939166 
0.4963894 
0.4961493 
0.4962074 
0.4974691 
0.4995134 
0.4993268 
0.4988642 
0.4986856 
0.5002178 
0.4989830 
0.4979328 
0.5010752 
0.5004810 
0.5009760 
0.5011187 
0.4995003 
0.5035013 
0.5034180 
0.5025821 
0.5043423 
0.5041433 
0.5039694 
0.5030723 
0.5056440 
0.5049159 
0.5041850 
0.5034860 
0.5063893 
0.5071211 
0.5052819 
0.5072294 
0.5040665 
0.5042932 
0.5023300 
0.5027952 
0.5035963 
0.5038573 
0.5043070 
0.5071813 
0.5081823 
0.5082799 
0.5092221 
0.5122685 
0.5126822 
0.5142094 
0.5145919 
0.5154367 
0.5157688 
0.5168906 
0.5177440 
0.5150770 
0.5187029 
0.5186965 
0.5194276 
0.5194147 
0.5204432 
0.5224653 
0.5240249 
0.5243832 
0.5264133 
0.5270117 
0.5264964 
0.5286975 
0.5302553 
0.5314815 
0.5291823 
0.5287930 
0.5303478 
0.5325334 
0.5324940 
0.5337662 
0.5322454 
0.5331293 
0.5320190 
0.5329599 
0.5328894 
0.5351731 
0.5355963 
0.5338540 
0.5347481 
0.5346275 
0.5362544 
0.5368431 
0.5386656 
0.5409107 
0.5403591 
0.5391820 
0.5402656 
0.5419280 
0.5430714 
0.5419933 
0.5437200 
0.5441953 
0.5451471 
0.5444302 
0.5446954 
0.5424775 
0.5443777 
0.5449615 
0.5463160 
0.5457244 
0.5439892 
0.5455653 
0.5461727 
0.5473129 
0.5474607 
0.5492501 
0.5486037 
0.5500836 
0.5516149 
0.5526180 
0.5526234 
0.5539100 
0.5553224 
0.5546566 
0.5593219 
0.5594799 
0.5625181 
0.5621153 
0.5606971 
0.5588161 
0.5533432 
0.5423736 
0.5397395 
0.5430919 
0.5451328 
0.5489724 
0.5530240 
0.5519160 
0.5548520 
0.5550909 
0.5556406 
0.5561673 
0.5595776 
0.5645328 
0.5620114 
0.5621415 
0.5630147 
0.5624157 
0.5636309 
0.5645367 
0.5656890 
0.5637004 
0.5637123 
0.5650599 
0.5658002 
0.5660945 
0.5694005 
0.5704266 
0.5713889 
0.5734003 
0.5762319 
0.5762051 
0.5750776 
0.5744282 
0.5778086 
0.5788342 
0.5821298 
0.5825628 
0.5819280 
0.5817156 
0.5828697 
0.5808551 
0.5828123 
0.5851609 
0.5877442 
0.5901070 
0.5907678 
0.5904033 
0.5958743 
0.5906689 
0.5871875 
0.5869373 
0.5852800 
0.5866582 
0.5894361 
0.5916651 
0.5942959 
0.5958379 
0.5954276 
0.5958203 
0.5970742 
0.5971752 
0.5965798 
0.5996951 
0.6032922 
0.6037689 
0.6043589 
0.6059508 
0.6061556 
0.6068558 
0.6104065 
0.6096104 
0.6102805 
0.6126750 
0.6141436 
0.6148586 
0.6145659 
0.6155103 
0.6182236 
0.6181666 
0.6202469 
0.6214055 
0.6212688 
0.6224460 
0.6223850 
0.6226172 
0.6263759 
0.6283729 
0.6283996 
0.6290990 
0.6275897 
0.6269133 
0.6238359 
0.6217868 
0.6203547 
0.6224612 
0.6232399 
0.6246532 
0.6244473 
0.6249116 
0.6269218 
0.6280538 
0.6279909 
0.6279573 
0.6274847 
0.6297692 
0.6309631 
0.6312512 
0.6290992 
0.6307444 
0.6338464 
0.6348332 
0.6344147 
0.6350861 
0.6384052 
0.6378907 
0.6369350 
0.6364256 
0.6412352 
0.6401796 
0.6402086 
0.6403351 
0.6435104 
0.6481552 
0.6469303 
0.6456810 
0.6467674 
0.6520842 
0.6517174 
0.6512890 
0.6528106 
0.6520803 
0.6529205 
0.6565073 
0.6558389 
0.6546962 
0.6537609 
0.6530212 
0.6537446 
0.6557973 
0.6554547 
0.6535741 
0.6530112 
0.6508343 
0.6510732 
0.6500534 
0.6490237 
0.6480767 
0.6454663 
0.6445457 
0.6409919 
0.6400289 
0.6401552 
0.6378180 
0.6367212 
0.6337988 
0.6319556 
0.6316772 
0.6350745 
0.6337862 
0.6329639 
0.6337704 
0.6365422 
0.6355781 
0.6337105 
0.6355203 
0.6345528 
0.6388282 
0.6364990 
0.6382508 
0.6399765 
0.6375264 
0.6380752 
0.6397569 
0.6421602 
0.6401820 
0.6403852 
0.6429690 
0.6449472 
0.6474489 
0.6518946 
0.6546319 
0.6561665 
0.6604539 
0.6658351 
0.6704789 
0.6772679 
0.6840214 
0.6889043 
0.6866290 
0.6903234 
0.6905548 
0.6902428 
0.6933684 
0.6945659 
0.6954316 
0.6963997 
0.6977143 
0.6974810 
0.7031575 
0.7056284 
0.7097726 
0.7113547 
0.7094175 
0.7103040 
0.7074732 
0.7050329 
0.7041381 
0.7053028 
0.7040929 
0.7060086 
0.7061835 
0.7083406 
0.7072719 
0.7085944 
0.7088484 
0.7100611 
0.7111784 
0.7099219 
0.7084750 
0.7075940 
0.7086227 
0.7067036 
0.7066556 
0.7095472 
0.7097591 
0.7089237 
0.7079610 
0.7086006 
0.7083885 
0.7045051 
0.7049148 
0.7050210 
0.7042757 
0.7058150 
0.7063307 
0.7059561 
0.7060766 
0.7041631 
0.7041042 
0.7051764 
0.7083121 
0.7104809 
0.7106172 
0.7109975 
0.7087659 
0.7098477 
0.7121983 
0.7141314 
0.7145728 
0.7157946 
0.7165695 
0.7203044 
0.7203260 
0.7235016 
0.7226065 
0.7264778 
0.7282238 
0.7300682 
0.7297661 
0.7254994 
0.7249744 
0.7266973 
0.7301610 
0.7299674 
0.7303160 
0.7349466 
0.7341750 
0.7359503 
0.7355625 
0.7356880 
0.7367453 
0.7375836 
0.7387331 
0.7379366 
0.7357424 
0.7393297 
0.7377769 
0.7391051 
0.7360039 
0.7368312 
0.7386893 
0.7382776 
0.7406952 
0.7420885 
0.7431243 
0.7475300 
0.7473816 
0.7493860 
0.7445383 
0.7459183 
0.7510427 
0.7508676 
0.7528693 
0.7510235 
0.7512759 
0.7485744 
0.7504868 
0.7504236 
0.7500561 
0.7485251 
0.7488655 
0.7495426 
0.7518244 
0.7543925 
0.7547307 
0.7543579 
0.7574465 
0.7593038 
0.7596990 
0.7560692 
0.7565148 
0.7581960 
0.7600360 
0.7635223 
0.7648165 
0.7660215 
0.7722954 
0.7791619 
0.7805255 
0.7817144 
0.7789740 
0.7770817 
0.7734757 
0.7731233 
0.7718838 
0.7737768 
0.7759527 
0.7740668 
0.7739093 
0.7766615 
0.7794520 
0.7771304 
0.7761837 
0.7751107 
0.7756261 
0.7765079 
0.7746938 
0.7770707 
0.7781133 
0.7788529 
0.7834015 
0.7860074 
0.7850202 
0.7875701 
0.7857630 
0.7863373 
0.7816696 
0.7798028 
0.7825821 
0.7830081 
0.7844200 
0.7849357 
0.7848052 
0.7860249 
0.7886273 
0.7890178 
0.7898466 
0.7928276 
0.7925321 
0.7924014 
0.7945714 
0.7974391 
0.7994330 
0.7955989 
0.7940756 
0.7960767 
0.7959738 
0.7970936 
0.7982477 
0.8003738 
0.7998725 
0.7984096 
0.7953811 
0.7952018 
0.7995237 
0.8027039 
0.8025288 
0.8024528 
0.8003744 
0.8003413 
0.8030689 
0.8045453 
0.8054047 
0.8057962 
0.8041327 
0.8067406 
0.8072240 
0.8071983 
0.8077026 
0.8108942 
0.8100459 
0.8097495 
0.8099950 
0.8129119 
0.8130367 
0.8152130 
0.8163717 
0.8196564 
0.8201778 
0.8239476 
0.8227096 
0.8209018 
0.8219355 
0.8226163 
0.8249185 
0.8296935 
0.8305394 
0.8318958 
0.8291761 
0.8291282 
0.8295900 
0.8340186 
0.8340675 
0.8336238 
0.8341880 
0.8362032 
0.8341741 
0.8341310 
0.8368748 
0.8353636 
0.8356366 
0.8351948 
0.8331721 
0.8342786 
0.8387561 
0.8393396 
0.8392578 
0.8402700 
0.8442758 
0.8440456 
0.8414077 
0.8414951 
0.8411587 
0.8369040 
0.8400030 
0.8406956 
0.8423289 
0.8446491 
0.8433689 
0.8479605 
0.8452281 
0.8467149 
0.8461582 
0.8480398 
0.8478999 
0.8459612 
0.8457469 
0.8488631 
0.8498187 
0.8481100 
0.8476233 
0.8497121 
0.8533445 
0.8531858 
0.8546151 
0.8574998 
0.8590740 
0.8602256 
0.8603729 
0.8631751 
0.8617807 
0.8631858 
0.8635813 
0.8649245 
0.8671671 
0.8705947 
0.8718648 
0.8709834 
0.8737680 
0.8709153 
0.8719269 
0.8705335 
0.8716860 
0.8736964 
0.8727748 
0.8736505 
0.8752451 
0.8817036 
0.8829838 
0.8850301 
0.8858763 
0.8833888 
0.8839722 
0.8836168 
0.8832825 
0.8831081 
0.8838710 
0.8882229 
0.8887157 
0.8879043 
0.8878472 
0.8883186 
0.8892431 
0.8877642 
0.8907727 
0.8940739 
0.8926596 
0.8940564 
0.8929435 
0.8977319 
0.8960650 
0.8946992 
0.8962119 
0.8983085 
0.8965878 
0.8961001 
0.8973732 
0.9011237 
0.9051140 
0.9052558 
0.9051732 
0.9032168 
0.9017460 
0.9028245 
0.9043946 
0.9079961 
0.9106729 
0.9080724 
0.9081924 
0.9089215 
0.9138455 
0.9127921 
0.9151444 
0.9156071 
0.9212298 
0.9208886 
0.9262450 
0.9280307 
0.9282037 
0.9229325 
0.9169072 
0.9114138 
0.9184423 
0.9162749 
0.9145050 
0.9157789 
0.9143235 
0.9161234 
0.9179261 
0.9194643 
0.9163625 
0.9176536 
0.9164545 
0.9158356 
0.9153616 
0.9181874 
0.9155624 
0.9186686 
0.9179658 
0.9201365 
0.9204021 
0.9186132 
0.9158620 
0.9218454 
0.9232169 
0.9206709 
0.9202030 
0.9194330 
0.9226973 
0.9190069 
0.9201565 
0.9202059 
0.9193522 
0.9228999 
0.9216126 
0.9247750 
0.9277288 
0.9247707 
0.9255891 
0.9253630 
0.9264107 
0.9276229 
0.9272728 
0.9305920 
0.9301411 
0.9330942 
0.9330774 
0.9335336 
0.9352601 
0.9347840 
0.9334205 
0.9332275 
0.9351835 
0.9392612 
0.9409675 
0.9386277 
0.9413600 
0.9389837 
0.9421142 
0.9419686 
0.9439672 
0.9437571 
0.9476545 
0.9458226 
0.9449084 
0.9427959 
0.9430525 
0.9465663 
0.9473580 
0.9482497 
0.9456646 
0.9490524 
0.9495174 
0.9499735 
0.9515158 
0.9520709 
0.9450140 
0.9475790 
0.9487810 
0.9479677 
0.9562503 
0.9553237 
0.9536514 
0.9541458 
0.9548446 
0.9588914 
0.9574861 
0.9590379 
0.9586685 
0.9621832 
0.9608856 
0.9578746 
0.9573931 
0.9610553 
0.9646920 
0.9620308 
0.9619920 
0.9656735 
0.9655005 
0.9600304 
0.9609331 
0.9636236 
0.9649133 
0.9651638 
0.9645705 
0.9634657 
0.9681331 
0.9657854 
0.9656527 
0.9668288 
0.9681456 
0.9694169 
0.9694865 
0.9694448 
0.9714434 
0.9699201 
0.9685708 
0.9646320 
0.9638802 
0.9677128 
0.9699133 
0.9707755 
0.9709407 
0.9742276 
0.9734197 
0.9707426 
0.9720249 
0.9749400 
0.9729746 
0.9710697 
0.9703482 
0.9728696 
0.9737167 
0.9721619 
0.9733658 
0.9695464 
0.9734670 
0.9759613 
0.9731879 
0.9790033 
0.9792107 
0.9789177 
0.9780847 
0.9801345 
0.9766178 
0.9814996 
0.9825348 
0.9867252 
0.9819609 
0.9800521 
0.9808909 
0.9812536 
0.9835347 
0.9879088 
0.9853302 
0.9873896 
0.9887152 
0.9853009 
0.9846888 
0.9826185 
0.9837060 
0.9839309 
0.9852337 
0.9877246 
0.9912158 
0.9893153 
0.9935724 
0.9912941 
0.9939332 
0.9956650 
0.9934450 
0.9917435 
0.9948429 
0.9956132 
0.9977488 
0.9984907 
0.9981066 
0.9988759 
0.9961671 
1.0000000 
0.9974944 
0.9985778 
0.9987774 
0.9980367 
0.9938965 
0.9955523 
0.9983938 
0.9970094 
0.9940883 
0.9927292 
0.9928558 
0.9934282 
0.9943667 
0.9942220 
0.9957355 
0.9925294 
0.9961668 
0.9945516 
0.9936339 
0.9912894 
0.9928840 
0.9944068 
0.9953351 
0.9936208 
0.9899571 
0.9919363 
0.9929284 
0.9915721 
0.9891862 
0.9902731 
0.9887468 
0.9876535 
0.9887792 
0.9888842 
0.9869773 
0.9862669 
0.9871599 
0.9880493 
0.9911088 
0.9899589 
0.9891994 
0.9939217 
0.9945103 
0.9916371 
0.9935278 
0.9952645 
0.9953937 
0.9997020 
0.9971139 
0.9958255 
0.9911126 
0.9846805 
0.9877020 
0.9888117 
0.9888622 
0.9868448 
0.9833188 
0.9821733 
0.9879321 
0.9857831 
0.9878970 
0.9869982 
0.9875499 
0.9842109 
0.9863332 
0.9870373 
0.9854968 
0.9867874 
0.9856459 
0.9879988 
0.9874937 
