-0.0000516 
-0.0001440 
-0.0001399 
0.0103725 
0.0544033 
-0.1175828 
0.9878931 
0.9898905 
1.0000000 
0.9935942 
0.9841310 
0.9868301 
0.9873787 
0.9889147 
0.9788520 
0.9795582 
0.9660877 
0.9701706 
0.9703823 
0.9725763 
0.9847756 
0.9849115 
0.9715920 
0.9753066 
0.9662077 
0.9633359 
0.9641772 
0.9749106 
0.9741619 
0.9655533 
0.9665413 
0.9634209 
0.9600369 
0.9542991 
0.9576544 
0.9698228 
0.9644780 
0.9686598 
0.9696031 
0.9795976 
0.9866252 
0.9823752 
0.9868008 
0.9812687 
0.9781424 
0.9713221 
0.9636302 
0.9569513 
0.9668574 
0.9638251 
0.9694065 
0.9718086 
0.9732195 
0.9715589 
0.9692344 
0.9734033 
0.9756691 
0.9765033 
0.9807662 
0.9801355 
0.9738223 
0.9698116 
0.9709270 
0.9749837 
0.9689549 
0.9718656 
0.9673047 
0.9681603 
0.9717443 
0.9653215 
0.9663839 
0.9631836 
0.9646257 
0.9671559 
0.9716884 
0.9641147 
0.9630081 
0.9644469 
0.9629491 
0.9567477 
0.9463345 
0.9524122 
0.9552523 
0.9596549 
0.9609603 
0.9582293 
0.9579220 
0.9528308 
0.9472058 
0.9419540 
0.9515482 
0.9473183 
0.9340790 
0.9296890 
0.9373796 
0.9241167 
0.9208396 
0.9202857 
0.9295157 
0.9324885 
0.9290899 
0.9209408 
0.9171164 
0.9277766 
0.9227078 
0.9286580 
0.9319758 
0.9249272 
0.9232501 
0.9368449 
0.9243042 
0.9183241 
0.9139909 
0.9150344 
0.9137646 
0.9099949 
0.9128886 
0.9150950 
0.9147212 
0.9082840 
0.9029919 
0.8996168 
0.8999861 
0.9003692 
0.9029016 
0.9072376 
0.9036438 
0.8986293 
0.9021942 
0.9015729 
0.8968405 
0.8957698 
0.8976414 
0.8938898 
0.8967661 
0.8910877 
0.8936853 
0.8905092 
0.8935030 
0.8967156 
0.8993802 
0.9017709 
0.9036883 
0.9060458 
0.9048335 
0.9003753 
0.9007850 
0.9065832 
0.9059767 
0.9062492 
0.9074062 
0.9144599 
0.9216709 
0.9235517 
0.9216861 
0.9196949 
0.9054507 
0.8996885 
0.8945464 
0.9013859 
0.9099316 
0.9128059 
0.9195324 
0.9193580 
0.9112179 
0.9157997 
0.9322353 
0.9399837 
0.9440480 
0.9433096 
0.9440679 
0.9468995 
0.9417178 
0.9388841 
0.9368950 
0.9338831 
0.9169896 
0.9075303 
0.9043251 
0.8951521 
0.8861896 
0.8898369 
0.8997181 
0.8933835 
0.8946164 
0.8985966 
0.8894393 
0.8956157 
0.8963754 
0.8922504 
0.8842395 
0.8833703 
0.8800950 
0.8781393 
0.8842560 
0.8887069 
0.8873584 
0.8894976 
0.8896371 
0.8756049 
0.8618431 
0.8677166 
0.8690425 
0.8587783 
0.8633950 
0.8693125 
0.8649753 
0.8685926 
0.8780333 
0.8837274 
0.8825901 
0.8875942 
0.8925901 
0.8895427 
0.8822183 
0.8802191 
0.8840727 
0.8809220 
0.8749218 
0.8825364 
0.8857976 
0.8721797 
0.8704003 
0.8672070 
0.8652443 
0.8784376 
0.8766978 
0.8890879 
0.8840315 
0.8759212 
0.8807824 
0.8869898 
0.8838558 
0.8739161 
0.8797577 
0.8851014 
0.8892586 
0.8963122 
0.8893341 
0.8846804 
0.8849381 
0.8841765 
0.8822407 
0.8715403 
0.8701933 
0.8630166 
0.8675924 
0.8735351 
0.8765507 
0.8713276 
0.8755866 
0.8890745 
0.8868884 
0.8799766 
0.8815840 
0.8934327 
0.9030826 
0.9043291 
0.9072644 
0.9062734 
0.9045718 
0.9097352 
0.9121272 
0.9102976 
0.9085028 
0.8898366 
0.8811185 
0.8715833 
0.8688794 
0.8778897 
0.8885982 
0.8925682 
0.8973575 
0.8950843 
0.8883745 
0.8875844 
0.8866634 
0.8795051 
0.8864806 
0.8884274 
0.8820124 
0.8875551 
0.8854651 
0.8797205 
0.8719939 
0.8657904 
0.8640534 
0.8575895 
0.8641939 
0.8624182 
0.8642778 
0.8652560 
0.8560288 
0.8483629 
0.8316319 
0.8302314 
0.8371971 
0.8491979 
0.8557175 
0.8587686 
0.8514033 
0.8462472 
0.8477943 
0.8547280 
0.8480682 
0.8440280 
0.8348443 
0.8342475 
0.8386937 
0.8362697 
0.8363460 
0.8363387 
0.8369588 
0.8381127 
0.8311728 
0.8348037 
0.8373963 
0.8362989 
0.8388188 
0.8307468 
0.8378932 
0.8439121 
0.8512037 
0.8510551 
0.8491570 
0.8399125 
0.8368930 
0.8390939 
0.8413760 
0.8391904 
0.8286084 
0.8363951 
0.8485997 
0.8463491 
0.8439861 
0.8503531 
0.8437099 
0.8406581 
0.8370163 
0.8413053 
0.8423760 
0.8494149 
0.8449824 
0.8436055 
0.8400789 
0.8393754 
0.8412935 
0.8475513 
0.8554129 
0.8632170 
0.8625469 
0.8595815 
0.8633895 
0.8618174 
0.8597585 
0.8554978 
0.8527684 
0.8519830 
0.8529147 
0.8550735 
0.8463323 
0.8436844 
0.8418121 
0.8407992 
0.8451482 
0.8456864 
0.8463527 
0.8392388 
0.8505809 
0.8426857 
0.8404568 
0.8420065 
0.8346585 
0.8304400 
0.8206531 
0.8189480 
0.8311085 
0.8360666 
0.8360142 
0.8250699 
0.8204122 
0.8239403 
0.8269505 
0.8164010 
0.8088462 
0.7997574 
0.8003436 
0.8173480 
0.8134331 
0.8080444 
0.8027416 
0.8002173 
0.8101067 
0.8144494 
0.8119743 
0.8010451 
0.7935708 
0.7986715 
0.8052161 
0.8115727 
0.8084406 
0.8047278 
0.7982260 
0.7952720 
0.8005954 
0.7985733 
0.7941581 
0.7879757 
0.8002568 
0.8117729 
0.8210318 
0.8227700 
0.8129135 
0.8113133 
0.8143879 
0.8145916 
0.8090294 
0.8036012 
0.7993899 
0.7973790 
0.7938872 
0.8000133 
0.7993113 
0.7986731 
0.7978321 
0.7963247 
0.7967503 
0.7980115 
0.7967525 
0.8024052 
0.8080710 
0.8084941 
0.8104492 
0.8130571 
0.8094342 
0.8126074 
0.8082309 
0.8021939 
0.8058166 
0.8165159 
0.8252243 
0.8234970 
0.8367582 
0.8285439 
0.8383916 
0.8441540 
0.8396625 
0.8391168 
0.8408444 
0.8420182 
0.8475603 
0.8464667 
0.8452982 
0.8412200 
0.8374368 
0.8400746 
0.8310426 
0.8299150 
0.8418913 
0.8326816 
0.8344114 
0.8260640 
0.8167652 
0.8117716 
0.8100595 
0.8112196 
0.8109320 
0.8103502 
0.8078893 
0.8088386 
0.7997692 
0.8021821 
0.8079962 
0.8151188 
0.8213365 
0.8224056 
0.8122352 
0.7999679 
0.7999209 
0.7981742 
0.7932579 
0.7940583 
0.7932524 
0.7926918 
0.7826034 
0.7741408 
0.7768379 
0.7950750 
0.8075112 
0.8027391 
0.7925423 
0.7872870 
0.7858165 
0.7856214 
0.7920199 
0.7982417 
0.8054936 
0.8072942 
0.7974541 
0.7946273 
0.7998861 
0.8057873 
0.8156698 
0.8071542 
0.7872558 
0.7813648 
0.7949041 
0.7950234 
0.8024934 
0.8133206 
0.8058408 
0.7982639 
0.7841233 
0.7641664 
0.7704622 
0.7936686 
0.7999238 
0.8026270 
0.7857812 
0.7796127 
0.7784521 
0.7861461 
0.7887558 
0.7958135 
0.7920978 
0.7920813 
0.7878949 
0.7900292 
0.7882951 
0.7990818 
0.8113124 
0.8170421 
0.8069648 
0.8039394 
0.8006605 
0.8080970 
0.8068910 
0.8080168 
0.8233919 
0.8281723 
0.8244499 
0.8114814 
0.8018679 
0.7988796 
0.8006186 
0.8025541 
0.8078504 
0.8047350 
0.7978292 
0.7824349 
0.7711597 
0.7740077 
0.7818938 
0.7806391 
0.7795998 
0.7816512 
0.7780979 
0.7792621 
0.7861169 
0.7811244 
0.7833215 
0.7796627 
0.7711401 
0.7767954 
0.7777297 
0.7843373 
0.7839212 
0.7845573 
0.7882146 
0.7871836 
0.7783331 
0.7714808 
0.7651802 
0.7628224 
0.7653480 
0.7686006 
0.7641602 
0.7639159 
0.7691202 
0.7612136 
0.7660767 
0.7707274 
0.7797397 
0.7783762 
0.7619968 
0.7607226 
0.7561895 
0.7561711 
0.7597371 
0.7522094 
0.7472512 
0.7377816 
0.7365801 
0.7377377 
0.7466115 
0.7524753 
0.7473249 
0.7555258 
0.7558089 
0.7599717 
0.7661422 
0.7744046 
0.7861678 
0.7875267 
0.7852790 
0.7760464 
0.7588186 
0.7571513 
0.7537137 
0.7526206 
0.7581284 
0.7709900 
0.7696741 
0.7750169 
0.7728795 
0.7706641 
0.7706441 
0.7698593 
0.7672411 
0.7639903 
0.7559650 
0.7492295 
0.7510611 
0.7589687 
0.7598998 
0.7584236 
0.7579135 
0.7645584 
0.7643125 
0.7693138 
0.7707560 
0.7639647 
0.7549813 
0.7558027 
0.7509885 
0.7438767 
0.7435689 
0.7404321 
0.7518287 
0.7560510 
0.7492635 
0.7398942 
0.7430017 
0.7358786 
0.7358172 
0.7502806 
0.7605961 
0.7602148 
0.7528382 
0.7368595 
0.7233526 
0.7302046 
0.7343733 
0.7263612 
0.7340818 
0.7333721 
0.7334439 
0.7318463 
0.7273781 
0.7293102 
0.7375793 
0.7392091 
0.7260899 
0.7234269 
0.7186116 
0.7147924 
0.7148816 
0.7188363 
0.7195353 
0.7201001 
0.7246650 
0.7254731 
0.7201375 
0.7170969 
0.7221686 
0.7257838 
0.7159508 
0.7151523 
0.7037845 
0.7031998 
0.7063865 
0.7050784 
0.7071011 
0.6983054 
0.6923803 
0.6973737 
0.6975992 
0.6980171 
0.6996445 
0.6981588 
0.6958926 
0.6918874 
0.6895558 
0.6845456 
0.6897953 
0.6894590 
0.6993476 
0.7008992 
0.7036343 
0.7034587 
0.7040950 
0.6914215 
0.6919235 
0.7019116 
0.7021493 
0.6994431 
0.6918056 
0.6897718 
0.6881652 
0.6850526 
0.6919670 
0.6783879 
0.6734348 
0.6763394 
0.6880077 
0.6890850 
0.6924627 
0.6865600 
0.6758604 
0.6773908 
0.6838175 
0.6901859 
0.6873410 
0.6822380 
0.6780685 
0.6713491 
0.6676624 
0.6771319 
0.6706455 
0.6683374 
0.6720235 
0.6709047 
0.6774950 
0.6790518 
0.6838763 
0.6826963 
0.6853233 
0.6834399 
0.6775802 
0.6776955 
0.6750287 
0.6740826 
0.6676628 
0.6662736 
0.6643576 
0.6562117 
0.6577961 
0.6669797 
0.6742182 
0.6682553 
0.6731492 
0.6785439 
0.6723749 
0.6729811 
0.6605356 
0.6588310 
0.6593560 
0.6595932 
0.6633370 
0.6651997 
0.6645275 
0.6572552 
0.6647523 
0.6635754 
0.6656061 
0.6671973 
0.6580387 
0.6596873 
0.6440762 
0.6489058 
0.6521772 
0.6569524 
0.6535825 
0.6511063 
0.6549819 
0.6506234 
0.6597932 
0.6631694 
0.6744539 
0.6658652 
0.6617616 
0.6576266 
0.6656377 
0.6529153 
0.6484235 
0.6535454 
0.6502736 
0.6458736 
0.6578962 
0.6648404 
0.6683241 
0.6656180 
0.6614587 
0.6627541 
0.6605615 
0.6677529 
0.6612654 
0.6575220 
0.6595636 
0.6694484 
0.6787100 
0.6623932 
0.6542575 
0.6548742 
0.6616367 
0.6623490 
0.6703183 
0.6715778 
0.6733159 
0.6760279 
0.6827428 
0.6804014 
0.6744709 
0.6751542 
0.6723298 
0.6638167 
0.6582631 
0.6597990 
0.6663998 
0.6664146 
0.6704786 
0.6724668 
0.6668013 
0.6592458 
0.6580009 
0.6586538 
0.6603511 
0.6545032 
0.6567910 
0.6632137 
0.6612879 
0.6652802 
0.6586561 
0.6644152 
0.6651597 
0.6745932 
0.6693397 
0.6661394 
0.6545189 
0.6527875 
0.6450184 
0.6483523 
0.6494074 
0.6494728 
0.6494671 
0.6528845 
0.6503742 
0.6443911 
0.6413637 
0.6393333 
0.6450547 
0.6411490 
0.6411038 
0.6311822 
0.6384963 
0.6452505 
0.6490559 
0.6469597 
0.6444287 
0.6420161 
0.6331879 
0.6360465 
0.6389837 
0.6324448 
0.6388412 
0.6392857 
0.6374126 
0.6405364 
0.6454602 
0.6418555 
0.6337826 
0.6349697 
0.6313045 
0.6338127 
0.6403620 
0.6429817 
0.6439101 
0.6397136 
0.6391410 
0.6331634 
0.6299097 
0.6300181 
0.6274759 
0.6280030 
0.6346233 
0.6339165 
0.6399106 
0.6442498 
0.6479881 
0.6330744 
0.6279172 
0.6366201 
0.6417242 
0.6384660 
0.6393015 
0.6407221 
0.6363116 
0.6260638 
0.6331003 
0.6346422 
0.6326175 
0.6251732 
0.6185716 
0.6225173 
0.6198647 
0.6246178 
0.6321402 
0.6317282 
0.6247515 
0.6175570 
0.6132957 
0.6186930 
0.6250451 
0.6165746 
0.6193579 
0.6210654 
0.6153743 
0.6025694 
0.5945795 
0.6038296 
0.6080824 
0.6129591 
0.6174431 
0.6209339 
0.6144955 
0.6062953 
0.6005930 
0.5975374 
0.5981869 
0.6065116 
0.6128981 
0.6090067 
0.6024276 
0.6006914 
0.6009554 
0.5969286 
0.5992808 
0.5995948 
0.6000637 
0.6018621 
0.6005957 
0.6001604 
0.5950778 
0.5943835 
0.6084633 
0.6135166 
0.6189328 
0.6178133 
0.6143171 
0.6070064 
0.6087716 
0.6045630 
0.6066762 
0.6084093 
0.6066853 
0.6063419 
0.5985795 
0.5939222 
0.5930199 
0.6050892 
0.6190437 
0.6273543 
0.6230859 
0.6021440 
0.5962105 
0.6076779 
0.6137307 
0.6111848 
0.6119176 
0.6076751 
0.6044760 
0.6057812 
0.6005575 
0.6022709 
0.6023979 
0.6037840 
0.6128866 
0.6135997 
0.6060038 
0.6049887 
0.6011122 
0.6089599 
0.6064057 
0.5999995 
0.5978601 
0.6062181 
0.6151283 
0.6257066 
0.6193716 
0.6067391 
0.6061916 
0.5948939 
0.5927087 
0.5791175 
0.5868566 
0.5893564 
0.5938649 
0.5932723 
0.5930663 
0.6006464 
0.6015267 
0.6020614 
0.5950348 
0.5947714 
0.5915990 
0.5858111 
0.5838546 
0.5826762 
0.5884505 
0.5808824 
0.5860452 
0.5939368 
0.6024976 
0.6021972 
0.5945023 
0.5922290 
0.5928836 
0.5897395 
0.5842639 
0.5899874 
0.5868375 
0.5799863 
0.5747550 
0.5747773 
0.5791712 
0.5839770 
0.5842191 
0.5865246 
0.5894015 
0.5773373 
0.5736795 
0.5759925 
0.5838368 
0.5826772 
0.5748886 
0.5690019 
0.5695759 
0.5677280 
0.5639716 
0.5631190 
0.5768699 
0.5816439 
0.5813590 
0.5837416 
0.5801705 
0.5820602 
0.5778915 
0.5787498 
0.5790420 
0.5725496 
0.5651096 
0.5520283 
0.5503967 
0.5576100 
0.5627036 
0.5710656 
0.5813308 
0.5866670 
0.5872454 
0.5796736 
0.5740768 
0.5714091 
0.5672856 
0.5649789 
0.5608036 
0.5654357 
0.5666918 
0.5720585 
0.5686175 
0.5669917 
0.5687891 
0.5769971 
0.5810451 
0.5867239 
0.5904961 
0.5861186 
0.5806153 
0.5709554 
0.5769181 
0.5853243 
0.5922756 
0.5847806 
0.5809074 
0.5760596 
0.5745502 
0.5777359 
0.5744232 
0.5731554 
0.5736898 
0.5713901 
0.5711092 
0.5696029 
0.5710411 
0.5737307 
0.5865764 
0.5834969 
0.5829315 
0.5774558 
0.5739248 
0.5722461 
0.5679463 
0.5653230 
0.5678876 
0.5694001 
0.5658725 
0.5678203 
0.5687051 
0.5623516 
0.5579871 
0.5612259 
0.5572525 
0.5484421 
0.5442697 
0.5498111 
0.5527682 
0.5510924 
0.5536367 
0.5511764 
0.5557436 
0.5654593 
0.5651565 
0.5626817 
0.5599607 
0.5607611 
0.5725364 
0.5793438 
0.5667179 
0.5606239 
0.5594178 
0.5620967 
0.5579649 
0.5523574 
0.5519353 
0.5495793 
0.5589221 
0.5573996 
0.5541646 
0.5535841 
0.5444847 
0.5498265 
0.5495234 
0.5476116 
0.5408795 
0.5423858 
0.5405486 
0.5497982 
0.5525441 
0.5505431 
0.5558150 
0.5526143 
0.5460840 
0.5426095 
0.5467911 
0.5428295 
0.5402378 
0.5349590 
0.5342665 
0.5325763 
0.5333239 
0.5334977 
0.5330452 
0.5348704 
0.5360112 
0.5296914 
0.5251805 
0.5228100 
0.5181183 
0.5283823 
0.5407239 
0.5392142 
0.5339050 
0.5297645 
0.5272032 
0.5230660 
0.5230465 
0.5239512 
0.5279040 
0.5273167 
0.5248343 
0.5221410 
0.5220999 
0.5176940 
0.5178468 
0.5212120 
0.5205323 
0.5206981 
0.5272391 
0.5232399 
0.5157514 
0.5140915 
0.5094659 
0.5067968 
0.5125110 
0.5149187 
0.5142193 
0.5188342 
0.5255251 
0.5167546 
0.5223090 
0.5231341 
0.5264454 
0.5322577 
0.5400997 
0.5398441 
0.5265968 
0.5278274 
0.5319936 
0.5318221 
0.5309421 
0.5306357 
0.5192253 
0.5093424 
0.5067755 
0.5132894 
0.5189695 
0.5215307 
0.5207622 
0.5177181 
0.5140240 
0.5132092 
0.5116049 
0.5050719 
0.5068884 
0.5154828 
0.5216852 
0.5335547 
0.5262498 
0.5150771 
0.5184671 
0.5167253 
0.5230718 
0.5294628 
0.5229738 
0.5160358 
0.5235900 
0.5215270 
0.5168189 
0.5225362 
0.5187329 
0.5233197 
0.5215381 
0.5220731 
0.5086598 
0.5105619 
0.5084650 
0.5076000 
0.5174469 
0.5207967 
0.5219041 
0.5192466 
0.5213867 
0.5165966 
0.5116737 
0.5070444 
0.5072163 
0.5105596 
0.5073279 
0.5077769 
0.5122385 
0.5122506 
0.5060189 
0.5017338 
0.5020136 
0.5002737 
0.5048020 
0.5073752 
0.5134962 
0.5139136 
0.5101467 
0.5095114 
0.5135468 
0.5108630 
0.5019293 
0.4928429 
0.4865102 
0.4862961 
0.4960657 
0.5041441 
0.5094191 
0.5099652 
0.5091912 
0.5048318 
0.4967277 
0.4942765 
0.4969303 
0.4947334 
0.4923112 
0.4889208 
0.4852601 
0.4890035 
0.4949190 
0.5044154 
0.5076713 
0.5119702 
0.5121096 
0.5109769 
0.4990536 
0.4880044 
0.4816595 
0.4791865 
0.4871648 
0.4970461 
0.4976247 
0.4990473 
0.4981700 
0.4888508 
0.4774830 
0.4746544 
0.4824208 
0.4847427 
0.4842189 
0.4893359 
0.4830180 
0.4746566 
0.4794385 
0.4873110 
0.4869566 
0.4822836 
0.4818471 
0.4860450 
0.4906250 
0.4921790 
0.4847279 
0.4772764 
0.4848324 
0.4804323 
0.4783375 
0.4841473 
0.4852816 
0.4763473 
0.4720221 
0.4760002 
0.4872438 
0.4875889 
0.4904470 
0.4867452 
0.4909513 
0.4894616 
0.4800648 
0.4787885 
0.4758133 
0.4746602 
0.4623327 
0.4559186 
0.4581912 
0.4656003 
0.4684184 
0.4627551 
0.4687119 
0.4837495 
0.4846577 
0.4824300 
0.4694809 
0.4700275 
0.4662773 
0.4650003 
0.4532396 
0.4551014 
0.4514121 
0.4480882 
0.4501169 
0.4555194 
0.4542707 
0.4509363 
0.4525010 
0.4529092 
0.4606566 
0.4693601 
0.4775224 
0.4814146 
0.4693442 
0.4587141 
0.4498875 
0.4478347 
0.4509517 
0.4527366 
0.4487280 
0.4515514 
0.4628176 
0.4600379 
0.4623890 
0.4681878 
0.4674094 
0.4699089 
0.4659388 
0.4646002 
0.4576164 
0.4640696 
0.4619815 
0.4583491 
0.4520470 
0.4468528 
0.4485028 
0.4501847 
0.4465089 
0.4465024 
0.4528254 
0.4624826 
0.4670621 
0.4728013 
0.4774196 
0.4803041 
0.4711196 
0.4744755 
0.4740621 
0.4737860 
0.4603624 
0.4499178 
0.4433609 
0.4381654 
0.4392579 
0.4508713 
0.4660837 
0.4789887 
0.4812414 
0.4899372 
0.4930379 
0.4758674 
0.4587128 
0.4394817 
0.4237748 
0.4095603 
0.4062341 
0.4113380 
0.4225764 
0.4316992 
0.4408463 
0.4455021 
0.4588205 
0.4712689 
0.4786973 
0.4732195 
0.4629071 
0.4551746 
0.4519113 
0.4379972 
0.4320179 
0.4337597 
0.4427716 
0.4446123 
0.4477302 
0.4473423 
0.4399570 
0.4339661 
0.4299962 
0.4288943 
0.4265712 
0.4267652 
0.4378388 
0.4474172 
0.4495713 
0.4515083 
0.4443273 
0.4347878 
0.4290661 
0.4232302 
0.4156787 
0.4145453 
0.4287180 
0.4302575 
0.4302765 
0.4295045 
0.4344310 
0.4495329 
0.4621894 
0.4536567 
0.4487175 
0.4434697 
0.4265838 
0.4115786 
0.4050472 
0.4069832 
0.4195083 
0.4219985 
0.4227582 
0.4214710 
0.4269565 
0.4408388 
0.4464886 
0.4426471 
0.4362933 
0.4315538 
0.4356635 
0.4380461 
0.4336063 
0.4301286 
0.4226220 
0.4253417 
0.4244796 
0.4223645 
0.4205941 
0.4153289 
0.4142100 
0.4037984 
0.3926730 
0.4064053 
0.4205475 
0.4237787 
0.4216607 
0.4247153 
0.4233526 
0.4346745 
0.4250612 
0.4197167 
0.4125364 
0.4042851 
0.4075458 
0.4080272 
0.4093710 
0.4149209 
0.4222428 
0.4372920 
0.4322134 
0.4270451 
0.4199021 
0.4169859 
0.4093542 
0.4010471 
0.4013778 
0.4040103 
0.4059867 
0.4194649 
0.4231185 
0.4276218 
0.4233621 
0.4236510 
0.4149680 
0.4110067 
0.4072566 
0.4210043 
0.4352064 
0.4173060 
0.4157808 
0.4133219 
0.4218794 
0.4191717 
0.4155404 
0.4199973 
0.4242792 
0.4285707 
0.4265490 
0.4268169 
0.4226176 
0.4191892 
0.4184518 
0.4220402 
0.4257443 
0.4168795 
0.4084029 
0.3998206 
0.3960159 
0.3781648 
0.3873626 
0.3965770 
0.3999210 
0.4090908 
0.4041066 
0.4042396 
0.4073466 
0.4087255 
0.4032819 
0.4021724 
0.4032346 
0.4093752 
0.4148652 
0.4094745 
0.4030752 
0.4009255 
0.3908561 
0.3794850 
0.3823625 
0.3937364 
0.3975926 
0.4007583 
0.4054695 
0.4129643 
0.4094214 
0.3977498 
0.3904496 
0.3847763 
0.3798489 
0.3805877 
0.3782968 
0.3765298 
0.3762989 
0.3804074 
0.3910156 
0.3869246 
0.3900012 
0.3923654 
0.3894294 
0.3857812 
0.3738877 
0.3746910 
0.3811286 
0.3867420 
0.3929669 
0.3910611 
0.3902883 
0.3796823 
0.3769882 
0.3790585 
0.3761634 
0.3759128 
0.3817601 
0.3704943 
0.3630317 
0.3658025 
0.3653026 
0.3670734 
0.3750439 
0.3788594 
0.3834003 
0.3819881 
0.3752857 
0.3705554 
0.3786748 
0.3780092 
0.3691314 
0.3613558 
0.3612588 
0.3567824 
0.3620068 
0.3705880 
0.3808139 
0.3907812 
0.3858892 
0.3801064 
0.3772657 
0.3860638 
0.3786849 
0.3667056 
0.3629043 
0.3565509 
0.3618305 
0.3558208 
0.3519875 
0.3410707 
0.3369828 
0.3400327 
0.3485540 
0.3591569 
0.3745778 
0.3744373 
0.3759911 
0.3719974 
0.3646142 
0.3610541 
0.3622329 
0.3647344 
0.3664703 
0.3643972 
0.3608220 
0.3609974 
0.3618406 
0.3649585 
0.3684786 
0.3693229 
0.3673540 
0.3547245 
0.3564200 
0.3581229 
0.3561790 
0.3538699 
0.3543549 
0.3482499 
0.3482135 
0.3503570 
0.3577371 
0.3708158 
0.3711999 
0.3632242 
0.3579060 
0.3538477 
0.3554504 
0.3521675 
0.3551411 
0.3626638 
0.3626372 
0.3685423 
0.3699833 
0.3720627 
0.3646700 
0.3592885 
0.3556877 
0.3562900 
0.3591634 
0.3735275 
0.3753211 
0.3785690 
0.3826036 
0.3721635 
0.3728914 
0.3715966 
0.3709749 
0.3664622 
0.3626249 
0.3607508 
0.3592561 
0.3552556 
0.3472585 
0.3408597 
0.3357442 
0.3352022 
0.3373849 
0.3481745 
0.3545871 
0.3507249 
0.3535566 
0.3612897 
0.3616838 
0.3609356 
0.3597460 
0.3568787 
0.3522372 
0.3492711 
0.3500224 
0.3512638 
0.3531720 
0.3442250 
0.3300579 
0.3266637 
0.3250673 
0.3391863 
0.3517368 
0.3549321 
0.3542898 
0.3466030 
0.3411091 
0.3541081 
0.3679723 
0.3801264 
0.3803911 
0.3687770 
0.3560660 
0.3362312 
0.3167301 
0.3242923 
0.3400013 
0.3408630 
0.3288936 
0.3195331 
0.3197614 
0.3388716 
0.3439420 
0.3535071 
0.3474996 
0.3366715 
0.3226148 
0.3137058 
0.3116158 
0.3179590 
0.3319690 
0.3396454 
0.3336391 
0.3236634 
0.3088455 
0.3178583 
0.3233509 
0.3294438 
0.3349609 
0.3315847 
0.3255682 
0.3245419 
0.3180258 
0.3181013 
0.3236851 
0.3301158 
0.3310031 
0.3256694 
0.3249899 
0.3208798 
0.3211020 
0.3267858 
0.3292183 
0.3294149 
0.3259494 
0.3190965 
0.3197270 
0.3120112 
0.3239995 
0.3319922 
0.3293728 
0.3207442 
0.3100717 
0.3026089 
0.3139966 
0.3177669 
0.3185916 
0.3173231 
0.3136251 
0.3080247 
0.3095049 
0.3109487 
0.3055133 
0.3067706 
0.3101287 
0.3111107 
0.3102074 
0.3099922 
0.3023742 
0.3030411 
0.3012002 
0.3051064 
0.3049520 
0.3033971 
0.3162711 
0.3226873 
0.3112803 
0.3115799 
0.3059149 
0.3059862 
0.3045212 
0.3043276 
0.3025949 
0.3068529 
0.3074491 
0.3156920 
0.3157235 
0.3166113 
0.3148198 
0.3079491 
0.3069506 
0.3017633 
0.3018174 
0.3053990 
0.3078229 
0.3101008 
0.3097272 
0.3067052 
0.3037802 
0.3041227 
0.3041200 
0.3025705 
0.2971777 
0.2999159 
0.3094311 
0.2999651 
0.2940377 
0.2911740 
0.2952252 
0.2863783 
0.2752199 
0.2706745 
0.2732455 
0.2798624 
0.2784748 
0.2798520 
0.2823261 
0.2819556 
0.2754255 
0.2722261 
0.2696000 
0.2736541 
0.2809622 
0.2888341 
0.2925847 
0.2840911 
0.2805022 
0.2828706 
0.2807278 
0.2849885 
0.2887634 
0.2876645 
0.2863686 
0.2848972 
0.2844496 
0.2833171 
0.2837502 
0.2768985 
0.2696911 
0.2739913 
0.2813935 
0.2755049 
0.2683071 
0.2652050 
0.2611859 
0.2601301 
0.2653673 
0.2758846 
0.2901459 
0.2904007 
0.2832194 
0.2792314 
0.2749737 
0.2709894 
0.2658897 
0.2684394 
0.2760439 
0.2762374 
0.2740793 
0.2696832 
0.2664499 
0.2590834 
0.2525123 
0.2510029 
0.2550292 
0.2621516 
0.2529225 
0.2407666 
0.2415282 
0.2515589 
0.2574896 
0.2681173 
0.2784585 
0.2846142 
0.2759221 
0.2643610 
0.2598744 
0.2662079 
0.2734036 
0.2738375 
0.2784587 
0.2750269 
0.2709348 
0.2625922 
0.2676708 
0.2657694 
0.2607639 
0.2643733 
0.2635894 
0.2659118 
0.2618641 
0.2594512 
0.2600800 
0.2607396 
0.2638047 
0.2626853 
0.2635278 
0.2595887 
0.2572524 
0.2535959 
0.2513070 
0.2566225 
0.2686689 
0.2820261 
0.2747337 
0.2706253 
0.2719260 
0.2705026 
0.2736314 
0.2752524 
0.2737374 
0.2710661 
0.2587077 
0.2569603 
0.2518849 
0.2572425 
0.2649513 
0.2669057 
0.2658574 
0.2691890 
0.2734325 
0.2769788 
0.2720218 
0.2662912 
0.2691655 
0.2657743 
0.2595581 
0.2555082 
0.2647362 
0.2620108 
0.2603382 
0.2620215 
0.2688587 
0.2718684 
0.2663421 
0.2673754 
0.2683136 
0.2694511 
0.2684368 
0.2621639 
0.2542605 
0.2526477 
0.2546365 
0.2598953 
0.2616005 
0.2600005 
0.2552756 
0.2555097 
0.2525109 
0.2542135 
0.2618935 
0.2706617 
0.2679513 
0.2666805 
0.2621499 
0.2552447 
0.2459467 
0.2434087 
0.2415962 
0.2415084 
0.2353157 
0.2315812 
0.2265397 
0.2259951 
0.2268421 
0.2259307 
0.2286128 
0.2313965 
0.2344714 
0.2406523 
0.2460266 
0.2408478 
0.2390354 
0.2318789 
0.2293139 
0.2222794 
0.2319804 
0.2369614 
0.2381670 
0.2390183 
0.2335624 
0.2264878 
0.2214383 
0.2176313 
0.2220044 
0.2278446 
0.2375531 
0.2442992 
0.2449142 
0.2445608 
0.2414955 
0.2426160 
0.2415456 
0.2407863 
0.2333112 
0.2273430 
0.2291525 
0.2317970 
0.2326716 
0.2420967 
0.2467562 
0.2403788 
0.2406174 
0.2333867 
0.2301817 
0.2310298 
0.2287032 
0.2208756 
0.2212466 
0.2209574 
0.2309709 
0.2366559 
0.2448914 
0.2377050 
0.2315963 
0.2230057 
0.2212309 
0.2216518 
0.2278723 
0.2256883 
0.2275186 
0.2278923 
0.2234510 
0.2165855 
0.2164809 
0.2167685 
0.2189107 
0.2201415 
0.2171671 
0.2186438 
0.2192009 
0.2213738 
0.2299389 
0.2266441 
0.2162614 
0.2140430 
0.2105428 
0.2062914 
0.2046188 
0.2060853 
0.2106949 
0.2133141 
0.2145034 
0.2143645 
0.2125226 
0.2113573 
0.2076452 
0.2039859 
0.2010388 
0.2018146 
0.1921793 
0.1901272 
0.2007833 
0.2024717 
0.2043967 
0.2005033 
0.2059413 
0.2014276 
0.2036441 
0.1987066 
0.1973824 
0.1977192 
0.1982583 
0.2028672 
0.2061776 
0.2053389 
0.2066008 
0.2054397 
0.2012610 
0.1938406 
0.1939649 
0.1931421 
0.1876583 
0.1884408 
0.1918401 
0.1978404 
0.2003540 
0.2082518 
0.2124239 
0.2150318 
0.2203389 
0.2176566 
0.2183066 
0.2143064 
0.2038321 
0.1951948 
0.1936478 
0.1944598 
0.1971541 
0.2022153 
0.2063096 
0.2101453 
0.2116613 
0.2118193 
0.2108398 
0.2135099 
0.2121572 
0.2136354 
0.2096957 
0.2069565 
0.2052839 
0.1954204 
0.1945068 
0.1953895 
0.1983192 
0.1980563 
0.2015939 
0.1994937 
0.1890168 
0.1988171 
0.2057192 
0.2080466 
0.2097578 
0.2071392 
0.2011667 
0.1890778 
0.1879531 
0.1816137 
0.1884034 
0.1903767 
0.1856340 
0.1892335 
0.1892196 
0.1986559 
0.1970033 
0.2019305 
0.1986941 
0.1947211 
0.1862639 
0.1799649 
0.1773749 
0.1768909 
0.1767023 
0.1807030 
0.1840148 
0.1944888 
0.1967769 
0.1972909 
0.1920886 
0.1924060 
0.1859658 
0.1867004 
0.1821914 
0.1851695 
0.1881540 
0.1865161 
0.1855771 
0.1821212 
0.1825125 
0.1777270 
0.1763720 
0.1777064 
0.1752609 
0.1749117 
0.1660902 
0.1665041 
0.1668282 
0.1657294 
0.1693643 
0.1834132 
0.1845616 
0.1785526 
0.1757993 
0.1749156 
0.1731652 
0.1768020 
0.1779848 
0.1755276 
0.1682502 
0.1644291 
0.1709782 
0.1785549 
0.1823347 
0.1921600 
0.1942428 
0.1928302 
0.1872200 
0.1816397 
0.1827023 
0.1815009 
0.1711925 
0.1727023 
0.1713865 
0.1725838 
0.1749901 
0.1711801 
0.1667209 
0.1653471 
0.1658833 
0.1644568 
0.1679115 
0.1628266 
0.1591876 
0.1586036 
0.1658254 
0.1584892 
0.1570238 
0.1526494 
0.1517328 
0.1556639 
0.1545321 
0.1535076 
0.1414095 
0.1401224 
0.1403483 
0.1442326 
0.1440383 
0.1409122 
0.1417095 
0.1371512 
0.1304589 
0.1349651 
0.1378388 
0.1388062 
0.1423016 
0.1433883 
0.1468021 
0.1498214 
0.1491395 
0.1442939 
0.1404599 
0.1362961 
0.1302525 
0.1317587 
0.1409816 
0.1375809 
0.1453427 
0.1433364 
0.1425398 
0.1414329 
0.1412775 
0.1499006 
0.1536024 
0.1533592 
0.1519101 
0.1501635 
0.1438577 
0.1419167 
0.1408945 
0.1352146 
0.1328421 
0.1309464 
0.1364224 
0.1376903 
0.1343443 
0.1328966 
0.1328789 
0.1311145 
0.1367077 
0.1389218 
0.1424912 
0.1449513 
0.1456390 
0.1429352 
0.1494150 
0.1406686 
0.1456111 
0.1460445 
0.1459826 
0.1409838 
0.1365472 
0.1329220 
0.1362145 
0.1382156 
0.1341170 
0.1347181 
0.1363332 
0.1403037 
0.1348347 
0.1402630 
0.1351292 
0.1382122 
0.1451737 
0.1484753 
0.1491134 
0.1434634 
0.1436826 
0.1438346 
0.1433602 
0.1472049 
0.1430289 
0.1402908 
0.1366197 
0.1329416 
0.1339232 
0.1319534 
0.1320266 
0.1335510 
0.1392718 
0.1440309 
0.1413979 
0.1385520 
0.1377063 
0.1367201 
0.1363001 
0.1264336 
0.1270110 
0.1244660 
0.1225093 
0.1277340 
0.1215061 
0.1295614 
0.1215183 
0.1282038 
0.1306629 
0.1383127 
0.1385450 
0.1400254 
0.1367503 
0.1362528 
0.1362585 
0.1348086 
0.1323950 
0.1284101 
0.1284495 
0.1311200 
0.1235564 
0.1228712 
0.1212685 
0.1147253 
0.1172000 
0.1119651 
0.1110046 
0.1067493 
0.1032779 
0.1028227 
0.1015616 
0.1037031 
0.1022519 
0.1094575 
0.1075502 
0.1126515 
0.1122271 
0.1144215 
0.1112213 
0.1060930 
0.1125425 
0.1113829 
0.1083973 
0.1107019 
0.1098618 
0.1149248 
0.1176043 
0.1240366 
0.1316882 
0.1378329 
0.1302915 
0.1280072 
0.1265384 
0.1173266 
0.1168643 
0.1146990 
0.1098622 
0.1113100 
0.1105010 
0.1094890 
0.1123420 
0.1131389 
0.1124230 
0.1145155 
0.1071918 
0.1043170 
0.0982831 
0.0941064 
0.0926995 
0.1011750 
0.0974296 
0.0921552 
0.0933471 
0.0970234 
0.0977208 
0.0981791 
0.0972667 
0.0955488 
0.0924691 
0.0938327 
0.0913860 
0.0969473 
0.1013830 
0.1031829 
0.1070605 
0.1105850 
0.1080496 
0.1087079 
0.1136965 
0.1140735 
0.1158836 
0.1137275 
0.1084974 
0.1092781 
0.1071270 
0.1017136 
0.1059833 
0.1049423 
0.1043963 
0.1022723 
0.0973088 
0.0919425 
0.0985039 
0.1027526 
0.1015064 
0.1074510 
0.1162113 
0.1116269 
0.1172752 
0.1184947 
0.1112544 
0.1146676 
0.1143550 
0.1172400 
0.1135394 
0.1175655 
0.1161074 
0.1177184 
0.1171217 
0.1176679 
0.1148504 
0.1089687 
0.1058920 
0.0978966 
0.0906259 
0.0923341 
0.0856293 
0.0824644 
0.0861106 
0.0928443 
0.0997234 
0.0984942 
0.1006512 
0.1034445 
0.0973568 
0.0935684 
0.0977982 
0.0997288 
0.0967691 
0.0906587 
0.0881489 
0.0922062 
0.0990793 
0.1034190 
0.0969777 
0.0919541 
0.0862455 
0.0864470 
0.0953610 
0.1033789 
0.0927161 
0.0824339 
0.0858874 
0.0875587 
0.1006824 
0.0993637 
0.0993180 
0.1038037 
0.1062442 
0.1143114 
0.1113784 
0.1040425 
0.0935642 
0.0830163 
0.0796347 
0.0888408 
0.1058024 
0.1145862 
0.1093760 
0.1071872 
0.1114855 
0.1066077 
0.1056323 
0.1043264 
0.0895286 
0.0778638 
0.0814034 
0.0839405 
0.0845644 
0.0888025 
0.0901538 
0.0838817 
0.0782097 
0.0778706 
0.0733177 
0.0757354 
0.0653535 
0.0556630 
0.0614406 
0.0718058 
0.0808176 
0.0862319 
0.0906186 
0.0800793 
0.0760091 
0.0825441 
0.0809687 
0.0776073 
0.0735698 
0.0692027 
0.0603541 
0.0702834 
0.0781492 
0.0854632 
0.0917320 
0.0912624 
0.0914998 
0.0874046 
0.0829062 
0.0850612 
0.0759455 
0.0667214 
0.0569099 
0.0544414 
0.0620697 
0.0656333 
0.0766977 
0.0856432 
0.0812513 
0.0772323 
0.0776446 
0.0709655 
0.0716603 
0.0617814 
0.0505554 
0.0411837 
0.0429920 
0.0431076 
0.0379484 
0.0507638 
0.0594016 
0.0611708 
0.0649399 
0.0601682 
0.0623921 
0.0593419 
0.0445159 
0.0418630 
0.0460937 
0.0472577 
0.0509110 
0.0527493 
0.0579670 
0.0563790 
0.0551965 
0.0586062 
0.0612439 
0.0635530 
0.0675431 
0.0610648 
0.0535836 
0.0527563 
0.0458924 
0.0553506 
0.0557494 
0.0574482 
0.0640025 
0.0610958 
0.0690040 
0.0694761 
0.0663568 
0.0662103 
0.0648051 
0.0698812 
0.0686566 
0.0683496 
0.0687722 
0.0684722 
0.0648180 
0.0635410 
0.0600736 
0.0585994 
0.0554464 
0.0552666 
0.0540021 
0.0546737 
0.0475910 
0.0387576 
0.0352660 
0.0401369 
0.0502107 
0.0610652 
0.0639027 
0.0628819 
0.0480918 
0.0407693 
0.0343214 
0.0348221 
0.0306192 
0.0300386 
0.0318154 
0.0394099 
0.0390486 
0.0453810 
0.0443356 
0.0420679 
0.0499811 
0.0495848 
0.0407560 
0.0284228 
0.0244029 
0.0262828 
0.0204641 
0.0207201 
0.0218355 
0.0256401 
0.0323482 
0.0330489 
0.0472529 
0.0490709 
0.0489366 
0.0398784 
0.0315621 
0.0132818 
0.0034767 
0.0000000 
0.0147169 
0.0166240 
