-0.0001270 
-0.0001051 
-0.0001933 
-0.4281922 
-0.0171084 
0.1841287 
0.0918523 
0.0865856 
0.0873337 
0.0837713 
0.0774920 
0.0800568 
0.0747205 
0.0795320 
0.0728994 
0.0661675 
0.0722102 
0.0658970 
0.0611391 
0.0618660 
0.0593892 
0.0457152 
0.0495695 
0.0558431 
0.0588671 
0.0604739 
0.0581634 
0.0511589 
0.0651362 
0.0646686 
0.0667483 
0.0638513 
0.0587634 
0.0570946 
0.0672102 
0.0620017 
0.0544260 
0.0570816 
0.0485658 
0.0447186 
0.0470846 
0.0367424 
0.0343660 
0.0379387 
0.0300730 
0.0321733 
0.0433549 
0.0581706 
0.0638309 
0.0538361 
0.0504153 
0.0440090 
0.0460804 
0.0381800 
0.0409840 
0.0435882 
0.0342537 
0.0366190 
0.0326344 
0.0262909 
0.0187300 
0.0207975 
0.0187581 
0.0187362 
0.0206421 
0.0258241 
0.0261012 
0.0215401 
0.0237332 
0.0196943 
0.0170527 
0.0229935 
0.0230720 
0.0188886 
0.0291785 
0.0307738 
0.0180626 
0.0255272 
0.0312362 
0.0065420 
0.0024954 
0.0000000 
0.0075743 
0.0117779 
0.0105547 
0.0204589 
0.0230916 
0.0239973 
0.0315719 
0.0205157 
0.0257237 
0.0267678 
0.0260062 
0.0202719 
0.0379793 
0.0329895 
0.0299514 
0.0230018 
0.0278172 
0.0329746 
0.0327576 
0.0360648 
0.0502247 
0.0523402 
0.0498932 
0.0473676 
0.0499670 
0.0444547 
0.0450219 
0.0410822 
0.0391821 
0.0433055 
0.0425514 
0.0367950 
0.0309069 
0.0303537 
0.0213637 
0.0202957 
0.0299156 
0.0229535 
0.0245149 
0.0392817 
0.0419689 
0.0414282 
0.0383387 
0.0360108 
0.0442233 
0.0380272 
0.0351893 
0.0374411 
0.0372317 
0.0434799 
0.0370794 
0.0482363 
0.0508952 
0.0534931 
0.0639027 
0.0679835 
0.0644216 
0.0679608 
0.0763015 
0.0751113 
0.0778262 
0.0808813 
0.0951274 
0.0841636 
0.0946331 
0.0914974 
0.0894809 
0.0813102 
0.0674955 
0.0751841 
0.0715685 
0.0644889 
0.0622906 
0.0646637 
0.0566054 
0.0633372 
0.0692326 
0.0668784 
0.0626289 
0.0632276 
0.0551719 
0.0454078 
0.0355257 
0.0357184 
0.0345262 
0.0303217 
0.0278664 
0.0369493 
0.0393586 
0.0410598 
0.0448904 
0.0454296 
0.0356509 
0.0368934 
0.0537119 
0.0602290 
0.0635794 
0.0635510 
0.0666352 
0.0799199 
0.0876582 
0.0933884 
0.0927253 
0.0929002 
0.0873398 
0.0915305 
0.0865746 
0.0963760 
0.1023894 
0.1044019 
0.1041336 
0.1002310 
0.1027020 
0.1036711 
0.0969953 
0.0949080 
0.0941375 
0.0947442 
0.0948418 
0.1052778 
0.1076587 
0.1080550 
0.1093783 
0.1120010 
0.1085358 
0.1088757 
0.1042231 
0.1047853 
0.0979834 
0.0938171 
0.0898116 
0.1013069 
0.1063748 
0.1061884 
0.1055859 
0.1046656 
0.0973399 
0.0955276 
0.1029820 
0.0976073 
0.0977940 
0.1044705 
0.0993407 
0.1020782 
0.1047451 
0.1061430 
0.1020898 
0.1010087 
0.1000752 
0.1065962 
0.1090605 
0.1155747 
0.1297692 
0.1195838 
0.1194869 
0.1240116 
0.1335949 
0.1387654 
0.1390159 
0.1343766 
0.1314977 
0.1172674 
0.1083901 
0.0942551 
0.0950787 
0.0903626 
0.0969849 
0.1039965 
0.1050578 
0.1072733 
0.1150047 
0.1206602 
0.1118411 
0.1009285 
0.1059868 
0.1182600 
0.1153623 
0.1245465 
0.1108410 
0.1117034 
0.1158767 
0.1109060 
0.1134483 
0.1058932 
0.1085200 
0.1034406 
0.1066962 
0.1069954 
0.1125745 
0.1158710 
0.1219762 
0.1223535 
0.1303068 
0.1341361 
0.1361573 
0.1239288 
0.1244324 
0.1245483 
0.1157454 
0.1181800 
0.1157315 
0.1175566 
0.1210594 
0.1204130 
0.1226563 
0.1207225 
0.1132883 
0.1116395 
0.1135494 
0.1082084 
0.1053474 
0.1004430 
0.0987289 
0.0997709 
0.0955741 
0.0838109 
0.0845297 
0.0848608 
0.0874483 
0.0924847 
0.1038516 
0.1070783 
0.1064823 
0.1042253 
0.1117161 
0.1208655 
0.1238911 
0.1266122 
0.1328182 
0.1312718 
0.1267484 
0.1247451 
0.1276268 
0.1264672 
0.1252126 
0.1262019 
0.1277818 
0.1227727 
0.1221400 
0.1178884 
0.1126009 
0.0981624 
0.0976466 
0.1005563 
0.1019380 
0.1124732 
0.1185774 
0.1113064 
0.1146574 
0.1185490 
0.1138084 
0.1170147 
0.1254636 
0.1254713 
0.1250200 
0.1173043 
0.1208540 
0.1220663 
0.1235036 
0.1125097 
0.1235199 
0.1199623 
0.1291239 
0.1242826 
0.1084889 
0.1143496 
0.1189290 
0.1151715 
0.1236982 
0.1250700 
0.1297208 
0.1204596 
0.1230944 
0.1251391 
0.1207145 
0.1216780 
0.1111920 
0.1085736 
0.0980961 
0.1149524 
0.1185950 
0.1098653 
0.1280171 
0.1340970 
0.1397427 
0.1395294 
0.1337417 
0.1405049 
0.1335730 
0.1368041 
0.1468283 
0.1403450 
0.1427364 
0.1467003 
0.1359760 
0.1373692 
0.1447426 
0.1500236 
0.1575009 
0.1562962 
0.1503207 
0.1501037 
0.1417036 
0.1426305 
0.1448266 
0.1424830 
0.1516125 
0.1528623 
0.1493520 
0.1525834 
0.1612122 
0.1576267 
0.1578085 
0.1697529 
0.1673214 
0.1623029 
0.1652332 
0.1662488 
0.1648940 
0.1605195 
0.1536629 
0.1680961 
0.1716813 
0.1717093 
0.1633044 
0.1606324 
0.1583382 
0.1408222 
0.1475025 
0.1503256 
0.1487889 
0.1461653 
0.1514806 
0.1598982 
0.1686606 
0.1743931 
0.1785931 
0.1752078 
0.1799116 
0.1885899 
0.2048210 
0.1955814 
0.1934933 
0.1927883 
0.1980811 
0.1974032 
0.1923861 
0.1894761 
0.1905110 
0.1865411 
0.1863175 
0.1858197 
0.1943190 
0.1976074 
0.2020960 
0.1992497 
0.2090170 
0.2079179 
0.2073804 
0.2123183 
0.2157119 
0.2069153 
0.2209898 
0.2124276 
0.2114980 
0.2149483 
0.2122908 
0.2218642 
0.2033025 
0.2008751 
0.1968528 
0.1952445 
0.1941261 
0.1925294 
0.1945541 
0.1988164 
0.2053753 
0.2117704 
0.2090114 
0.2058656 
0.2113244 
0.2201413 
0.2068854 
0.2053652 
0.2004254 
0.2084084 
0.2099792 
0.2154336 
0.2114417 
0.2122117 
0.2107002 
0.2007015 
0.1991187 
0.2057269 
0.2099638 
0.2166468 
0.2195947 
0.2304372 
0.2360423 
0.2390351 
0.2312512 
0.2309829 
0.2223857 
0.2206342 
0.2217384 
0.2431196 
0.2425780 
0.2403024 
0.2459227 
0.2466713 
0.2432745 
0.2369716 
0.2336309 
0.2290093 
0.2253086 
0.2278542 
0.2235204 
0.2194677 
0.2022284 
0.2160970 
0.2150806 
0.2115984 
0.2234714 
0.2241715 
0.2248290 
0.2266279 
0.2155876 
0.2194584 
0.2149565 
0.2075001 
0.2080875 
0.2100917 
0.2055405 
0.1933453 
0.1920800 
0.1909591 
0.2019151 
0.2102993 
0.2089723 
0.2077841 
0.2029333 
0.2045629 
0.2069141 
0.2078174 
0.2100037 
0.2022154 
0.2079475 
0.2128118 
0.2109131 
0.2120653 
0.2115765 
0.2112925 
0.2064286 
0.2078540 
0.2022180 
0.1996226 
0.2100754 
0.2089966 
0.2095174 
0.2072832 
0.2099186 
0.2093439 
0.2042886 
0.1987330 
0.2134777 
0.2142293 
0.2119795 
0.2116992 
0.2171351 
0.2147085 
0.2157159 
0.2076790 
0.2133170 
0.2070742 
0.2066213 
0.2153762 
0.2057817 
0.2058243 
0.2121634 
0.2097831 
0.2135591 
0.2194879 
0.2200485 
0.2175455 
0.2134636 
0.2078916 
0.2144582 
0.2107916 
0.2204049 
0.2068305 
0.2198074 
0.2177534 
0.2169848 
0.2157574 
0.2216767 
0.2258268 
0.2326619 
0.2271155 
0.2268581 
0.2300062 
0.2301075 
0.2322758 
0.2338771 
0.2239949 
0.2266904 
0.2292134 
0.2369534 
0.2376781 
0.2361128 
0.2296067 
0.2334334 
0.2377355 
0.2362759 
0.2352234 
0.2373598 
0.2329726 
0.2343999 
0.2235382 
0.2315883 
0.2295568 
0.2361156 
0.2369618 
0.2532154 
0.2629403 
0.2627918 
0.2676192 
0.2653292 
0.2607948 
0.2542810 
0.2613677 
0.2522322 
0.2547929 
0.2503415 
0.2367652 
0.2322109 
0.2383935 
0.2367712 
0.2295452 
0.2311057 
0.2288766 
0.2118448 
0.2180187 
0.2148095 
0.2168098 
0.2148071 
0.2140131 
0.2191134 
0.2337258 
0.2310941 
0.2264886 
0.2376557 
0.2344623 
0.2425983 
0.2372819 
0.2426833 
0.2457947 
0.2504731 
0.2509519 
0.2572054 
0.2631203 
0.2686648 
0.2617963 
0.2668749 
0.2675754 
0.2622251 
0.2571350 
0.2503560 
0.2461340 
0.2531218 
0.2488201 
0.2568487 
0.2500507 
0.2529547 
0.2506334 
0.2547500 
0.2494402 
0.2506062 
0.2528883 
0.2494818 
0.2481715 
0.2374615 
0.2423116 
0.2482261 
0.2458624 
0.2543055 
0.2471745 
0.2520746 
0.2493306 
0.2566046 
0.2495302 
0.2479351 
0.2512179 
0.2524353 
0.2527521 
0.2543339 
0.2534460 
0.2449126 
0.2316217 
0.2257678 
0.2318929 
0.2379971 
0.2345290 
0.2380930 
0.2438983 
0.2491093 
0.2443899 
0.2571232 
0.2590476 
0.2579570 
0.2672898 
0.2800207 
0.2656991 
0.2718065 
0.2628976 
0.2650412 
0.2614069 
0.2657217 
0.2598606 
0.2712306 
0.2700757 
0.2710785 
0.2660712 
0.2685613 
0.2668828 
0.2674950 
0.2695549 
0.2684881 
0.2730576 
0.2857655 
0.2849672 
0.2848896 
0.2788000 
0.2844408 
0.2792629 
0.2782562 
0.2825900 
0.2832884 
0.2900904 
0.2902598 
0.2891393 
0.2960030 
0.2952942 
0.2888017 
0.2721197 
0.2724005 
0.2759760 
0.2867653 
0.2948412 
0.2893594 
0.2933853 
0.2951160 
0.2980130 
0.2940942 
0.2944657 
0.3011405 
0.2921803 
0.2866461 
0.2801494 
0.2726894 
0.2788070 
0.2698882 
0.2889406 
0.2839215 
0.2850536 
0.2869914 
0.2953520 
0.3010658 
0.2854321 
0.2875389 
0.2847019 
0.2724987 
0.2693985 
0.2774827 
0.2729135 
0.2671658 
0.2623231 
0.2671749 
0.2713237 
0.2672307 
0.2651002 
0.2595716 
0.2688159 
0.2723422 
0.2765727 
0.2713124 
0.2721645 
0.2620661 
0.2614403 
0.2642632 
0.2709607 
0.2823473 
0.2821603 
0.2810161 
0.2708852 
0.2758476 
0.2747254 
0.2855852 
0.2873139 
0.2913135 
0.2759773 
0.2868030 
0.2770393 
0.2803726 
0.2818938 
0.2835419 
0.2799138 
0.2981465 
0.3102871 
0.3004959 
0.3029231 
0.3075852 
0.3139213 
0.3049218 
0.3013420 
0.3002536 
0.3033404 
0.2967502 
0.2880848 
0.2946554 
0.2891882 
0.2859349 
0.2852323 
0.2885032 
0.2839786 
0.2896027 
0.2945108 
0.2847813 
0.2831257 
0.2890615 
0.2840612 
0.2897471 
0.2847536 
0.2895606 
0.2912695 
0.3073863 
0.3109809 
0.3119208 
0.3096505 
0.3063201 
0.3034120 
0.3103604 
0.3179238 
0.3119038 
0.3033006 
0.3070732 
0.3023609 
0.3015248 
0.3129324 
0.3114293 
0.3246219 
0.3245590 
0.3267341 
0.3299957 
0.3307270 
0.3286581 
0.3287068 
0.3281267 
0.3320692 
0.3264353 
0.3351636 
0.3310494 
0.3332078 
0.3263761 
0.3238320 
0.3252009 
0.3289356 
0.3248147 
0.3140643 
0.3113654 
0.3005363 
0.3024317 
0.3014230 
0.3054874 
0.3195005 
0.3166155 
0.3106490 
0.3204967 
0.3178685 
0.3146404 
0.3157865 
0.3183739 
0.3203631 
0.3263871 
0.3391123 
0.3338196 
0.3290498 
0.3185569 
0.3178245 
0.3222535 
0.3389516 
0.3341489 
0.3268322 
0.3293557 
0.3301307 
0.3305202 
0.3303089 
0.3234547 
0.3290586 
0.3283282 
0.3279998 
0.3162952 
0.3190636 
0.3255049 
0.3243701 
0.3263601 
0.3229332 
0.3293817 
0.3272236 
0.3291960 
0.3303637 
0.3234650 
0.3255768 
0.3253587 
0.3230089 
0.3291802 
0.3198815 
0.3314624 
0.3298030 
0.3242126 
0.3295071 
0.3274144 
0.3368811 
0.3322703 
0.3296321 
0.3317510 
0.3307555 
0.3334040 
0.3263333 
0.3303561 
0.3223858 
0.3254769 
0.3271561 
0.3332483 
0.3169574 
0.3249753 
0.3223342 
0.3204935 
0.3293868 
0.3272659 
0.3160404 
0.3281985 
0.3297252 
0.3321349 
0.3372824 
0.3365833 
0.3439390 
0.3378426 
0.3364812 
0.3384505 
0.3350591 
0.3385919 
0.3514568 
0.3474172 
0.3411890 
0.3439715 
0.3411516 
0.3439123 
0.3525940 
0.3541351 
0.3513794 
0.3534476 
0.3557765 
0.3570082 
0.3617900 
0.3701266 
0.3852423 
0.3774150 
0.3707431 
0.3722131 
0.3575404 
0.3576130 
0.3578314 
0.3614452 
0.3542504 
0.3474688 
0.3497139 
0.3433456 
0.3539346 
0.3576928 
0.3572235 
0.3528919 
0.3524793 
0.3546432 
0.3567377 
0.3503206 
0.3503639 
0.3406724 
0.3355178 
0.3317260 
0.3359895 
0.3322798 
0.3365385 
0.3391035 
0.3371908 
0.3359281 
0.3328030 
0.3274986 
0.3362038 
0.3271590 
0.3326583 
0.3317227 
0.3387668 
0.3324837 
0.3286884 
0.3320650 
0.3397424 
0.3390321 
0.3376524 
0.3365863 
0.3294853 
0.3293737 
0.3116196 
0.3176410 
0.3213491 
0.3226179 
0.3348752 
0.3343281 
0.3410556 
0.3459390 
0.3379566 
0.3416273 
0.3425259 
0.3436486 
0.3426762 
0.3366520 
0.3293638 
0.3398171 
0.3381035 
0.3442167 
0.3380063 
0.3321137 
0.3214507 
0.3117130 
0.3157041 
0.3177652 
0.3137794 
0.3067596 
0.3158463 
0.3028289 
0.2990357 
0.3007306 
0.3049522 
0.3129168 
0.3129111 
0.3308161 
0.3342800 
0.3384996 
0.3374421 
0.3461693 
0.3500444 
0.3495709 
0.3508210 
0.3548688 
0.3523989 
0.3641562 
0.3576402 
0.3548271 
0.3527793 
0.3512540 
0.3466691 
0.3518772 
0.3589043 
0.3571565 
0.3568683 
0.3590488 
0.3692338 
0.3706924 
0.3658775 
0.3687467 
0.3715054 
0.3714976 
0.3782504 
0.3961444 
0.4038051 
0.4061681 
0.4138433 
0.4126274 
0.4045608 
0.4047972 
0.3966569 
0.3867622 
0.3865451 
0.3837589 
0.3848192 
0.3807231 
0.3824914 
0.3859547 
0.3920066 
0.3932647 
0.3963288 
0.4056706 
0.4113333 
0.3991769 
0.3908266 
0.3940396 
0.3944800 
0.3873676 
0.3786301 
0.3905919 
0.3870567 
0.3790055 
0.3729013 
0.3726621 
0.3777588 
0.3827274 
0.3797080 
0.3749506 
0.3805358 
0.3771677 
0.3789756 
0.3734879 
0.3727996 
0.3714128 
0.3689412 
0.3714903 
0.3612492 
0.3630662 
0.3618529 
0.3721392 
0.3771301 
0.3798735 
0.3661878 
0.3701849 
0.3665258 
0.3697977 
0.3685812 
0.3791750 
0.3842646 
0.3824775 
0.3854815 
0.3856019 
0.3866395 
0.3829727 
0.3855861 
0.3798462 
0.3752128 
0.3681632 
0.3668292 
0.3623101 
0.3744908 
0.3781977 
0.3860805 
0.3835742 
0.3892294 
0.3861557 
0.3839522 
0.3843148 
0.3895260 
0.3944936 
0.3936223 
0.3925856 
0.3923149 
0.3897101 
0.4008404 
0.3947954 
0.3909484 
0.3824617 
0.3892066 
0.3891295 
0.3860999 
0.3751097 
0.3753161 
0.3657112 
0.3623917 
0.3704315 
0.3705294 
0.3708342 
0.3737510 
0.3794002 
0.3755888 
0.3864123 
0.3898611 
0.3810697 
0.3829455 
0.3783742 
0.3818319 
0.3789447 
0.3826830 
0.3875490 
0.3806104 
0.3805353 
0.3811449 
0.3726411 
0.3738214 
0.3687145 
0.3705861 
0.3697161 
0.3703336 
0.3742015 
0.3817042 
0.3822844 
0.3863017 
0.3747091 
0.3672564 
0.3653402 
0.3558467 
0.3661483 
0.3537748 
0.3568070 
0.3511019 
0.3440002 
0.3388288 
0.3407617 
0.3359289 
0.3398695 
0.3447854 
0.3421498 
0.3427038 
0.3433091 
0.3383247 
0.3324565 
0.3413345 
0.3388061 
0.3473085 
0.3452426 
0.3422246 
0.3888148 
0.3878786 
0.3842563 
0.3778391 
0.3774640 
0.3789078 
0.3701579 
0.3627676 
0.3647194 
0.3676495 
0.3607001 
0.3527941 
0.3569935 
0.3612219 
0.3550812 
0.3530834 
0.3534333 
0.3515693 
0.3577547 
0.3595106 
0.3692236 
0.3731388 
0.3636279 
0.3730729 
0.3624097 
0.3739073 
0.3758547 
0.3777304 
0.3723822 
0.3702822 
0.3700793 
0.3617521 
0.3589831 
0.3583427 
0.3578716 
0.3709542 
0.3780578 
0.3721134 
0.3678475 
0.3644357 
0.3601518 
0.3528624 
0.3572367 
0.3511682 
0.3429821 
0.3540258 
0.3603686 
0.3556575 
0.3577067 
0.3638112 
0.3568526 
0.3532267 
0.3572701 
0.3562537 
0.3596942 
0.3446679 
0.3471551 
0.3435737 
0.3358004 
0.3348912 
0.3428568 
0.3558319 
0.3588945 
0.3595627 
0.3639043 
0.3534984 
0.3523782 
0.3532791 
0.3500971 
0.3559882 
0.3555913 
0.3543453 
0.3499781 
0.3544142 
0.3566626 
0.3639289 
0.3722845 
0.3725498 
0.3657906 
0.3744787 
0.3718711 
0.3650883 
0.3815252 
0.3767996 
0.3862479 
0.3829500 
0.3843314 
0.3827236 
0.3918330 
0.3924187 
0.4005485 
0.3969565 
0.3851584 
0.3939228 
0.3951272 
0.3909285 
0.3944419 
0.4002882 
0.3966847 
0.3962688 
0.3845755 
0.3861172 
0.3864894 
0.3860766 
0.3855264 
0.4034786 
0.4026037 
0.3991928 
0.4020720 
0.4001570 
0.3982001 
0.3987652 
0.3978912 
0.4052205 
0.4019320 
0.4027721 
0.4179002 
0.4053341 
0.4013159 
0.4061577 
0.4182610 
0.4277593 
0.4320218 
0.4371156 
0.4387322 
0.4305243 
0.4166382 
0.4137542 
0.4158438 
0.4190667 
0.4125426 
0.4064707 
0.4065439 
0.4044971 
0.3970869 
0.4072243 
0.4207385 
0.4164208 
0.4167256 
0.4229807 
0.4236571 
0.4286569 
0.4259297 
0.4286422 
0.4195792 
0.4149664 
0.4165943 
0.4137612 
0.4216380 
0.4219374 
0.4167998 
0.4226877 
0.4167357 
0.4150611 
0.4119161 
0.4132367 
0.4227795 
0.4256501 
0.4262211 
0.4398051 
0.4391767 
0.4406219 
0.4417920 
0.4355675 
0.4348210 
0.4314507 
0.4375900 
0.4312879 
0.4224914 
0.4199287 
0.4151861 
0.4164246 
0.4199937 
0.4229189 
0.4279364 
0.4301520 
0.4426271 
0.4332699 
0.4313867 
0.4325090 
0.4340361 
0.4315847 
0.4271258 
0.4271686 
0.4229426 
0.4234580 
0.4222833 
0.4248720 
0.4182988 
0.4180448 
0.4126473 
0.4121234 
0.4158075 
0.4175350 
0.4248447 
0.4297138 
0.4411746 
0.4421524 
0.4468576 
0.4476332 
0.4541154 
0.4518715 
0.4526441 
0.4445454 
0.4438908 
0.4580753 
0.4630787 
0.4865211 
0.4887159 
0.4871164 
0.4848085 
0.4697885 
0.4434331 
0.4416126 
0.4476372 
0.4533186 
0.4576120 
0.4588654 
0.4597708 
0.4634586 
0.4709032 
0.4641937 
0.4659164 
0.4674900 
0.4675550 
0.4727445 
0.4767384 
0.4827920 
0.4829269 
0.4898216 
0.4966832 
0.5028076 
0.4981858 
0.5035141 
0.4978845 
0.5000977 
0.4958912 
0.4982955 
0.5004238 
0.4954882 
0.4931772 
0.4872827 
0.4930261 
0.5003194 
0.4901530 
0.4969659 
0.4824017 
0.4874560 
0.4960040 
0.4978525 
0.5028602 
0.4993767 
0.4974560 
0.4926867 
0.5003797 
0.5020084 
0.4859569 
0.4890150 
0.4806624 
0.4817300 
0.4824439 
0.4840925 
0.4949655 
0.4899780 
0.4872725 
0.4861974 
0.4859878 
0.4898326 
0.4942934 
0.4864471 
0.4832109 
0.4857660 
0.4969426 
0.4988143 
0.5076560 
0.5119336 
0.5099258 
0.4941706 
0.4963382 
0.5015520 
0.5063150 
0.5048870 
0.5055536 
0.4982044 
0.5050490 
0.5149031 
0.5115332 
0.5157040 
0.5126950 
0.5074760 
0.5085283 
0.5098880 
0.5113598 
0.5083348 
0.5053658 
0.5128449 
0.5108962 
0.5241348 
0.5209864 
0.5217388 
0.5165777 
0.5192069 
0.5052367 
0.5046849 
0.5075356 
0.5164955 
0.5216563 
0.5221426 
0.5322018 
0.5315570 
0.5284172 
0.5317676 
0.5330666 
0.5370282 
0.5250547 
0.5262973 
0.5281027 
0.5334829 
0.5302766 
0.5341933 
0.5329331 
0.5310403 
0.5235285 
0.5422495 
0.5374332 
0.5376252 
0.5432739 
0.5519389 
0.5440355 
0.5404604 
0.5382717 
0.5447443 
0.5456807 
0.5557782 
0.5512247 
0.5398951 
0.5430371 
0.5517914 
0.5604078 
0.5518338 
0.5580919 
0.5481737 
0.5474242 
0.5449985 
0.5556050 
0.5721230 
0.5731680 
0.5855804 
0.5960321 
0.5996829 
0.5963986 
0.5858278 
0.5847940 
0.5546291 
0.5558177 
0.5598953 
0.5612506 
0.5598568 
0.5619241 
0.5657347 
0.5725302 
0.5797265 
0.5726312 
0.5757713 
0.5766911 
0.5732076 
0.5679250 
0.5696385 
0.5743951 
0.5877680 
0.5816292 
0.5777986 
0.5788000 
0.5810863 
0.5789905 
0.5838062 
0.5830370 
0.5767299 
0.5704672 
0.5666259 
0.5663925 
0.5731580 
0.5766335 
0.5758676 
0.5783043 
0.5663518 
0.5662397 
0.5679028 
0.5657203 
0.5684832 
0.5634877 
0.5651347 
0.5704388 
0.5819922 
0.5752418 
0.5768324 
0.5802905 
0.5763980 
0.5758916 
0.5837955 
0.5862990 
0.5825712 
0.5819639 
0.5829401 
0.5965366 
0.6073859 
0.6033847 
0.5830063 
0.5827308 
0.5784745 
0.5765835 
0.5824627 
0.5897614 
0.5888756 
0.5973964 
0.5980103 
0.5941660 
0.5935463 
0.6084198 
0.6111868 
0.6092684 
0.6044685 
0.6066470 
0.6098284 
0.5955533 
0.6007668 
0.6089043 
0.6052598 
0.6074772 
0.6108130 
0.6065322 
0.6127083 
0.6184409 
0.6176950 
0.6252854 
0.6284749 
0.6302654 
0.6191914 
0.6148144 
0.6090458 
0.6086226 
0.6147076 
0.6195436 
0.6239763 
0.6275291 
0.6272706 
0.6345549 
0.6395892 
0.6371975 
0.6437342 
0.6434965 
0.6384592 
0.6357897 
0.6404184 
0.6479568 
0.6490296 
0.6480782 
0.6389270 
0.6374534 
0.6441639 
0.6489783 
0.6416383 
0.6390982 
0.6369023 
0.6351581 
0.6385686 
0.6377866 
0.6350522 
0.6446836 
0.6396829 
0.6401706 
0.6490079 
0.6489059 
0.6482446 
0.6455657 
0.6491213 
0.6421071 
0.6410005 
0.6496211 
0.6548969 
0.6538447 
0.6551426 
0.6569765 
0.6604829 
0.6564030 
0.6608938 
0.6616473 
0.6619915 
0.6544096 
0.6587967 
0.6632603 
0.6619194 
0.6634328 
0.6648373 
0.6685320 
0.6693588 
0.6731565 
0.6669741 
0.6660210 
0.6660663 
0.6745116 
0.6681043 
0.6809864 
0.6838909 
0.6851518 
0.6880353 
0.6791163 
0.6700825 
0.6713716 
0.6737884 
0.6751700 
0.6720241 
0.6683101 
0.6690974 
0.6667493 
0.6604617 
0.6705364 
0.6651719 
0.6619239 
0.6675838 
0.6682727 
0.6617229 
0.6639396 
0.6756180 
0.6737601 
0.6775143 
0.6799288 
0.6950179 
0.7084524 
0.7130648 
0.7199533 
0.7292263 
0.7306374 
0.7493946 
0.7534728 
0.7562701 
0.7519523 
0.7263196 
0.6806304 
0.6791558 
0.6800792 
0.6781729 
0.6773637 
0.6668499 
0.6772065 
0.6808405 
0.6748694 
0.6787483 
0.6744679 
0.6782332 
0.6800171 
0.6849329 
0.6823945 
0.6876034 
0.6885247 
0.6835295 
0.6942234 
0.6891674 
0.6776957 
0.6816129 
0.6891654 
0.6855919 
0.6926021 
0.6991344 
0.7041428 
0.7026309 
0.7013248 
0.7008988 
0.6971938 
0.7001265 
0.6988774 
0.6949102 
0.6978395 
0.7052210 
0.6960452 
0.6923165 
0.6904318 
0.6946907 
0.6981656 
0.7027931 
0.7008224 
0.7043085 
0.7175692 
0.7196144 
0.7112180 
0.7160773 
0.7161923 
0.7111047 
0.7158309 
0.7309702 
0.7257964 
0.7078005 
0.7036669 
0.7044301 
0.7020429 
0.7182174 
0.7211961 
0.7233275 
0.7227033 
0.7255071 
0.7229028 
0.7235290 
0.7202796 
0.7239285 
0.7170625 
0.7251824 
0.7283576 
0.7397132 
0.7520442 
0.7517023 
0.7416408 
0.7430938 
0.7427754 
0.7368829 
0.7382297 
0.7329758 
0.7240954 
0.7285147 
0.7204050 
0.7182830 
0.7197766 
0.7119782 
0.7116777 
0.7084568 
0.7164892 
0.7149642 
0.7205095 
0.7208114 
0.7127569 
0.7150005 
0.7270965 
0.7380226 
0.7376883 
0.7479499 
0.7463922 
0.7306468 
0.7388964 
0.7347633 
0.7366723 
0.7314717 
0.7336575 
0.7352681 
0.7380451 
0.7375020 
0.7349045 
0.7323352 
0.7336314 
0.7252837 
0.7175960 
0.7174544 
0.7204788 
0.7196360 
0.7253367 
0.7226410 
0.7059770 
0.7127142 
0.7149421 
0.7282304 
0.7280121 
0.7255471 
0.7257982 
0.7257332 
0.7269629 
0.7322105 
0.7372727 
0.7343037 
0.7286806 
0.7314452 
0.7285552 
0.7229536 
0.7238423 
0.7248050 
0.7350099 
0.7340720 
0.7325636 
0.7386703 
0.7465502 
0.7383273 
0.7390737 
0.7338474 
0.7319198 
0.7311301 
0.7236324 
0.7212947 
0.7254593 
0.7244970 
0.7183623 
0.7193120 
0.7214033 
0.7202631 
0.7283409 
0.7269421 
0.7282478 
0.7394949 
0.7331237 
0.7348793 
0.7374463 
0.7372364 
0.7219608 
0.7183469 
0.7155063 
0.7253911 
0.7377724 
0.7505101 
0.7462699 
0.7486547 
0.7557408 
0.7523735 
0.7519287 
0.7543527 
0.7492637 
0.7471768 
0.7434392 
0.7523889 
0.7496942 
0.7481973 
0.7422601 
0.7398387 
0.7455960 
0.7535587 
0.7603348 
0.7599944 
0.7599341 
0.7731768 
0.7606395 
0.7583227 
0.7602781 
0.7477988 
0.7517144 
0.7553003 
0.7600357 
0.7606909 
0.7600762 
0.7673975 
0.7701810 
0.7738136 
0.7868880 
0.7945355 
0.7898206 
0.7912164 
0.7927220 
0.7809501 
0.7835680 
0.7839634 
0.7826585 
0.7793152 
0.7785654 
0.7778934 
0.7767121 
0.7718204 
0.7761340 
0.7671463 
0.7685410 
0.7707931 
0.7729431 
0.7837711 
0.7822741 
0.7770359 
0.7829389 
0.7926439 
0.7876254 
0.7804615 
0.7941962 
0.7855292 
0.7872052 
0.7910482 
0.7953538 
0.7996536 
0.7892854 
0.7840052 
0.7853514 
0.8014811 
0.7984638 
0.8073954 
0.8083242 
0.8047356 
0.7953950 
0.8033315 
0.8024177 
0.7948263 
0.7852821 
0.7859039 
0.7903968 
0.7874815 
0.7936389 
0.7927525 
0.7943347 
0.7982084 
0.7977026 
0.8014529 
0.8051457 
0.8015491 
0.7918563 
0.7775628 
0.7705675 
0.7712805 
0.7742332 
0.7708200 
0.7686649 
0.7716958 
0.7741572 
0.7824009 
0.7790733 
0.7804013 
0.7913360 
0.7862879 
0.7926092 
0.7919482 
0.7944956 
0.7894526 
0.7906126 
0.7934759 
0.7959657 
0.8028555 
0.7961213 
0.7913286 
0.7917677 
0.7924318 
0.8033569 
0.8000309 
0.8058349 
0.8103295 
0.7989609 
0.7993661 
0.7875307 
0.7910127 
0.7938941 
0.7975292 
0.7909236 
0.7928051 
0.7962365 
0.7924719 
0.7856233 
0.7822224 
0.7862885 
0.7784100 
0.7907895 
0.7863636 
0.7879233 
0.7820435 
0.7804261 
0.7858317 
0.7830168 
0.7833755 
0.7906245 
0.7844892 
0.7939356 
0.7907420 
0.7845428 
0.7795183 
0.7876248 
0.7890491 
0.7830226 
0.7804916 
0.7806211 
0.7818778 
0.7832870 
0.7764713 
0.7790221 
0.7800402 
0.7831107 
0.7816778 
0.7878612 
0.7921113 
0.7785976 
0.7781925 
0.7853299 
0.7841020 
0.7784612 
0.7763836 
0.7699986 
0.7824910 
0.7707376 
0.7701547 
0.7677150 
0.7624007 
0.7663874 
0.7680039 
0.7653356 
0.7623627 
0.7687387 
0.7711121 
0.7748362 
0.7866017 
0.7844774 
0.7824095 
0.7942041 
0.7906379 
0.7946487 
0.7853381 
0.7870479 
0.7820136 
0.7866397 
0.7828184 
0.7815379 
0.7728504 
0.7721189 
0.7836691 
0.7900143 
0.7929917 
0.8015404 
0.7949224 
0.7962932 
0.7959689 
0.7913495 
0.7929951 
0.7921707 
0.7880490 
0.7954746 
0.7962489 
0.8033396 
0.8038502 
0.8101221 
0.8112433 
0.8108412 
0.8091860 
0.7980098 
0.7957646 
0.7982554 
0.8130959 
0.8180860 
0.8161239 
0.8154531 
0.8187493 
0.8273536 
0.8319644 
0.8202343 
0.8180531 
0.8215739 
0.8274090 
0.8252542 
0.8270418 
0.8280513 
0.8316641 
0.8347522 
0.8362780 
0.8420468 
0.8405003 
0.8399853 
0.8402131 
0.8370316 
0.8301004 
0.8072187 
0.8161344 
0.8274968 
0.8266185 
0.8329655 
0.8333388 
0.8339236 
0.8397035 
0.8421356 
0.8433400 
0.8430857 
0.8445659 
0.8498404 
0.8481230 
0.8459067 
0.8518897 
0.8413753 
0.8359872 
0.8288028 
0.8341140 
0.8342866 
0.8241541 
0.8234121 
0.8192574 
0.8320525 
0.8257467 
0.8369231 
0.8536073 
0.8478876 
0.8541289 
0.8522527 
0.8577007 
0.8439080 
0.8389131 
0.8281540 
0.8340148 
0.8291377 
0.8311828 
0.8346469 
0.8388048 
0.8348269 
0.8421386 
0.8405814 
0.8415607 
0.8524596 
0.8541244 
0.8452546 
0.8461219 
0.8491330 
0.8605327 
0.8597807 
0.8625603 
0.8600473 
0.8629849 
0.8499146 
0.8405527 
0.8480482 
0.8613386 
0.8576741 
0.8648206 
0.8633138 
0.8671118 
0.8622691 
0.8661861 
0.8664662 
0.8675178 
0.8645696 
0.8645690 
0.8659942 
0.8508733 
0.8443278 
0.8538837 
0.8346214 
0.8420287 
0.8440530 
0.8402924 
0.8537044 
0.8653860 
0.8746533 
0.8756947 
0.8652608 
0.8679301 
0.8749980 
0.8627904 
0.8629006 
0.8696950 
0.8724865 
0.8548158 
0.8671206 
0.8602212 
0.8645250 
0.8707687 
0.8636020 
0.8628090 
0.8487682 
0.8468968 
0.8527406 
0.8559173 
0.8561657 
0.8559378 
0.8514855 
0.8521521 
0.8516393 
0.8560375 
0.8596062 
0.8559979 
0.8569289 
0.8618471 
0.8603876 
0.8574494 
0.8497569 
0.8471215 
0.8503363 
0.8460660 
0.8420719 
0.8458031 
0.8712984 
0.8652011 
0.8717429 
0.8781317 
0.8786318 
0.8809111 
0.8839191 
0.8844997 
0.8775124 
0.8692469 
0.8767207 
0.8741800 
0.8763282 
0.8713020 
0.8795624 
0.8721531 
0.8729209 
0.8665019 
0.8777755 
0.8753241 
0.8612857 
0.8638293 
0.8777132 
0.8763304 
0.8768589 
0.8853731 
0.8785441 
0.8736552 
0.8668104 
0.8661219 
0.8696440 
0.8621649 
0.8668204 
0.8721145 
0.8740220 
0.8708329 
0.8659839 
0.8598370 
0.8640948 
0.8627852 
0.8670655 
0.8655968 
0.8667400 
0.8715885 
0.8728779 
0.8726921 
0.8705546 
0.8779150 
0.8787480 
0.8780161 
0.8852352 
0.8767064 
0.8718631 
0.8733688 
0.8757181 
0.8790285 
0.8753316 
0.8753863 
0.8838966 
0.8751735 
0.8747484 
0.8746217 
0.8815483 
0.8778927 
0.8719891 
0.8750796 
0.8633505 
0.8595687 
0.8628394 
0.8536953 
0.8636701 
0.8585271 
0.8642551 
0.8735918 
0.8722189 
0.8782489 
0.8809664 
0.8918103 
0.8904372 
0.8899924 
0.8807700 
0.8835588 
0.8876055 
0.8845360 
0.8850470 
0.8877764 
0.8905826 
0.8862882 
0.8821262 
0.8793443 
0.8796994 
0.8817716 
0.8714378 
0.8647273 
0.8636758 
0.8644572 
0.8742411 
0.8747283 
0.8811631 
0.8729265 
0.8801588 
0.8839874 
0.8828752 
0.8806569 
0.8811516 
0.8845366 
0.8764066 
0.8908221 
0.8871229 
0.8852217 
0.8825949 
0.8805438 
0.8946626 
0.8891144 
0.8930491 
0.8996490 
0.8952258 
0.9139554 
0.9196007 
0.9179379 
0.9227780 
0.9256352 
0.9297329 
0.9241359 
0.9071092 
0.8928167 
0.8864556 
0.8837981 
0.8814929 
0.8763536 
0.8778969 
0.8780282 
0.8763587 
0.8764901 
0.8758442 
0.8785064 
0.8770337 
0.8767191 
0.8848112 
0.8846555 
0.8778284 
0.8835505 
0.8866288 
0.8854936 
0.8815845 
0.8879824 
0.8873628 
0.8874755 
0.8897930 
0.8857543 
0.8782879 
0.8703550 
0.8774430 
0.8818229 
0.8845842 
0.8991326 
0.8965086 
0.8924910 
0.8971802 
0.8998013 
0.8980620 
0.9044525 
0.9104894 
0.9145271 
0.9162585 
0.9101275 
0.9025134 
0.9010398 
0.9077489 
0.9019005 
0.8958200 
0.8986517 
0.8948154 
0.8903163 
0.8923155 
0.8895935 
0.8719175 
0.8763565 
0.8780444 
0.8729583 
0.8776365 
0.8787557 
0.8714436 
0.8876639 
0.8811534 
0.8933677 
0.8914449 
0.8964147 
0.8989826 
0.8963473 
0.8935856 
0.8910808 
0.8954736 
0.9054710 
0.9099261 
0.9089757 
0.9092896 
0.9124555 
0.9083424 
0.9030083 
0.9082687 
0.9085086 
0.9074252 
0.9028311 
0.9034406 
0.9087107 
0.9046084 
0.9116084 
0.9136007 
0.9134451 
0.9190942 
0.9151777 
0.9207585 
0.9201971 
0.9241163 
0.9316284 
0.9381027 
0.9388296 
0.9346116 
0.9308135 
0.9340612 
0.9316121 
0.9277026 
0.9205038 
0.9272996 
0.9352182 
0.9308506 
0.9271878 
0.9247681 
0.9231828 
0.9194833 
0.9208564 
0.9129848 
0.9062088 
0.9145241 
0.9102143 
0.9088593 
0.9033307 
0.9172384 
0.9200632 
0.9090595 
0.9059648 
0.9149886 
0.9125001 
0.9172942 
0.9242866 
0.9218708 
0.9237998 
0.9318127 
0.9332612 
0.9129531 
0.9136278 
0.9243854 
0.9243096 
0.9145277 
0.9127446 
0.9169846 
0.9243127 
0.9181666 
0.9206410 
0.9253026 
0.9326384 
0.9293394 
0.9334691 
0.9454913 
0.9474934 
0.9492327 
0.9372835 
0.9329856 
0.9331366 
0.9314392 
0.9286461 
0.9267055 
0.9373307 
0.9281184 
0.9242388 
0.9217027 
0.9113621 
0.9090763 
0.9046942 
0.9029983 
0.9056907 
0.9073301 
0.9144823 
0.9084254 
0.9088123 
0.9346838 
0.9360995 
0.9309666 
0.9324916 
0.9264474 
0.9228635 
0.9284059 
0.9260798 
0.9328507 
0.9332261 
0.9306060 
0.9226822 
0.9255353 
0.9269460 
0.9034252 
0.9090625 
0.9034152 
0.8963060 
0.9048517 
0.9067787 
0.9125867 
0.9042175 
0.8858165 
0.8867271 
0.8960381 
0.8955327 
0.9004930 
0.9000738 
0.8887177 
0.8922957 
0.8857625 
0.9071500 
0.9099728 
0.9122261 
0.9183410 
0.9097073 
0.9083004 
0.9079520 
0.8977010 
0.8984740 
0.8999715 
0.8935736 
0.9052263 
0.8966659 
0.9048556 
0.8999173 
0.8963631 
0.9015735 
0.9126000 
0.9128005 
0.9089097 
0.9103127 
0.9108205 
0.9199865 
0.9246518 
0.9247334 
0.9251353 
0.9269567 
0.9279015 
0.9290759 
0.9271053 
0.9270610 
0.9264189 
0.9216200 
0.9222643 
0.9382123 
0.9402165 
0.9501294 
0.9480873 
0.9410330 
0.9317735 
0.9292023 
0.9269039 
0.9219812 
0.9168858 
0.9176519 
0.9190141 
0.9156359 
0.9153628 
0.9096844 
0.9144128 
0.9154345 
0.9210616 
0.9188731 
0.9201570 
0.9177928 
0.9158225 
0.9233380 
0.9130175 
0.9162345 
0.9249369 
0.9254461 
0.9264455 
0.9220545 
0.9306729 
0.9360284 
0.9416931 
0.9341162 
0.9348162 
0.9202911 
0.9174580 
0.9204501 
0.9329215 
0.9301993 
0.9251712 
0.9147946 
0.9094744 
0.9096716 
0.9138360 
0.9323770 
0.9327744 
0.9329915 
0.9361733 
0.9363096 
0.9402476 
0.9453825 
0.9453482 
0.9433100 
0.9496084 
0.9434872 
0.9342104 
0.9352806 
0.9478388 
0.9517079 
0.9396146 
0.9373823 
0.9276273 
0.9349048 
0.9377496 
0.9290896 
0.9313991 
0.9376297 
0.9447511 
0.9440854 
0.9548807 
0.9630310 
0.9765403 
0.9758765 
0.9406143 
0.9438892 
0.9423778 
0.9415284 
0.9458542 
0.9457426 
0.9395956 
0.9442173 
0.9393183 
0.9379113 
0.9376613 
0.9380034 
0.9410254 
0.9375773 
0.9374815 
0.9513553 
0.9423496 
0.9447811 
0.9452851 
0.9470804 
0.9537541 
0.9561469 
0.9547623 
0.9517155 
0.9447377 
0.9430818 
0.9465752 
0.9470140 
0.9477949 
0.9376269 
0.9391129 
0.9374741 
0.9318511 
0.9300473 
0.9237392 
0.9263729 
0.9351938 
0.9410969 
0.9474908 
0.9495115 
0.9500092 
0.9452338 
0.9514929 
0.9547852 
0.9586713 
0.9457350 
0.9480863 
0.9467630 
0.9360505 
0.9363642 
0.9442467 
0.9363265 
0.9158377 
0.9129408 
0.9101920 
0.9176812 
0.9235287 
0.9139027 
0.9278055 
0.9277564 
0.9386515 
0.9376171 
0.9521548 
0.9542159 
0.9439877 
0.9438366 
0.9371231 
0.9440705 
0.9440180 
0.9438530 
0.9407511 
0.9457584 
0.9411768 
0.9358554 
0.9374856 
0.9351145 
0.9403571 
0.9429433 
0.9362658 
0.9437043 
0.9464193 
0.9471941 
0.9634900 
0.9702633 
0.9686686 
0.9629802 
0.9674330 
0.9671163 
0.9574836 
0.9593159 
0.9673622 
0.9647466 
0.9620641 
0.9557987 
0.9530699 
0.9503831 
0.9491924 
0.9484918 
0.9490945 
0.9422922 
0.9338289 
0.9406944 
0.9475231 
0.9468128 
0.9557183 
0.9570691 
0.9560055 
0.9506997 
0.9518804 
0.9502038 
0.9467966 
0.9427758 
0.9336597 
0.9367355 
0.9363497 
0.9367321 
0.9341868 
0.9335644 
0.9306186 
0.9333911 
0.9423261 
0.9437799 
0.9638754 
0.9916464 
1.0000000 
0.9847261 
0.9774974 
0.9742281 
0.9716772 
0.9756014 
0.9640798 
0.9599907 
0.9575264 
0.9576257 
0.9542894 
0.9549445 
0.9545250 
0.9465056 
0.9511462 
0.9536685 
0.9503905 
0.9513673 
0.9485523 
0.9438282 
0.9426370 
0.9495697 
0.9601459 
0.9557140 
0.9554670 
0.9616540 
0.9518167 
0.9554091 
0.9584035 
0.9586771 
0.9558755 
0.9497953 
0.9550013 
0.9517401 
0.9600928 
0.9568506 
0.9502306 
0.9516468 
0.9552012 
0.9530594 
0.9588604 
0.9629826 
0.9639040 
0.9653598 
0.9712817 
0.9702564 
0.9532052 
0.9541479 
0.9632331 
0.9637339 
0.9606544 
0.9652661 
0.9577125 
0.9649470 
0.9627416 
0.9596556 
0.9640269 
0.9649578 
0.9592479 
0.9606160 
0.9610528 
0.9637918 
0.9665958 
0.9531757 
0.9444309 
0.9420435 
0.9473316 
0.9426734 
0.9497064 
0.9562599 
0.9458451 
0.9470997 
0.9490620 
0.9500524 
0.9488247 
0.9510466 
0.9526174 
0.9620308 
0.9627166 
0.9574259 
0.9689398 
0.9699034 
0.9593760 
0.9474592 
0.9573978 
0.9628247 
0.9582922 
0.9598786 
0.9569153 
0.9555849 
0.9614564 
0.9615787 
0.9637545 
0.9606755 
0.9691621 
0.9725690 
0.9581264 
0.9604928 
0.9591107 
0.9562785 
0.9551292 
0.9655443 
0.9638011 
0.9485582 
0.9543504 
0.9491781 
0.9521194 
0.9488311 
0.9445417 
0.9424070 
0.9587425 
0.9667336 
0.9647346 
0.9642838 
0.9587503 
0.9584171 
0.9582314 
0.9609037 
0.9576684 
0.9609971 
0.9650992 
0.9719136 
0.9709154 
0.9637568 
0.9657605 
0.9572590 
0.9655516 
0.9640773 
0.9546941 
0.9616485 
0.9668633 
0.9617849 
0.9643445 
0.9630007 
0.9570026 
0.9507502 
0.9502718 
0.9684860 
0.9622637 
0.9618223 
0.9580835 
0.9457880 
0.9453017 
0.9514517 
0.9527372 
0.9509542 
0.9446879 
0.9489426 
0.9481049 
0.9502011 
0.9578352 
0.9522336 
0.9521939 
0.9534477 
0.9601107 
0.9661924 
0.9744291 
0.9412216 
0.9408907 
0.9364630 
0.9350510 
0.9382001 
0.9501586 
0.9502175 
0.9506505 
0.9501124 
0.9514419 
0.9562595 
0.9618627 
0.9636106 
0.9589280 
0.9555556 
0.9597520 
0.9684440 
0.9730872 
0.9656837 
0.9613708 
0.9634865 
0.9626059 
0.9557538 
0.9557558 
0.9562779 
0.9587056 
0.9631882 
0.9625401 
0.9617281 
0.9600686 
0.9787789 
0.9875655 
0.9732897 
0.9667396 
0.9693635 
0.9666212 
0.9707000 
0.9695465 
0.9700045 
0.9783090 
0.9784506 
0.9726035 
0.9705844 
0.9707418 
0.9670531 
0.9738920 
0.9721926 
0.9731555 
0.9655525 
0.9633226 
0.9678984 
0.9712630 
0.9787821 
0.9751749 
0.9779901 
0.9917150 
0.9843741 
0.9868300 
0.9692535 
0.9535088 
0.9641827 
0.9742809 
0.9714301 
0.9593588 
0.9615477 
0.9668846 
0.9577855 
0.9632246 
0.9577617 
0.9612882 
0.9578627 
0.9582359 
0.9677859 
0.9759163 
0.9691144 
0.9699308 
0.9661474 
0.9682405 
0.9798998 
0.9775842 
0.9717115 
0.9714267 
0.9681386 
0.9629195 
0.9600308 
