0.0001558 
0.0001403 
-0.0000684 
0.1367064 
0.1276669 
0.4573299 
0.9994390 
0.9965524 
0.9962285 
0.9965239 
0.9951841 
0.9915777 
0.9884063 
0.9898335 
0.9891758 
0.9917902 
0.9999277 
1.0000000 
0.9940727 
0.9950452 
0.9880221 
0.9823721 
0.9828897 
0.9801230 
0.9758311 
0.9731802 
0.9734435 
0.9758330 
0.9747377 
0.9745102 
0.9757537 
0.9806232 
0.9821347 
0.9767844 
0.9700092 
0.9716520 
0.9699046 
0.9665681 
0.9592868 
0.9550656 
0.9511342 
0.9484624 
0.9536654 
0.9580832 
0.9522864 
0.9462490 
0.9462075 
0.9473245 
0.9474327 
0.9481900 
0.9488359 
0.9557714 
0.9643947 
0.9718061 
0.9733573 
0.9733018 
0.9687158 
0.9743349 
0.9721410 
0.9802655 
0.9842187 
0.9844933 
0.9897842 
0.9945767 
0.9986327 
0.9966507 
0.9957492 
0.9927619 
0.9864897 
0.9829697 
0.9917839 
0.9831583 
0.9761841 
0.9574834 
0.9517348 
0.9480851 
0.9387364 
0.9320115 
0.9329253 
0.9288157 
0.9293568 
0.9281875 
0.9266843 
0.9227157 
0.9210862 
0.9153997 
0.9135184 
0.9046465 
0.9041828 
0.9143205 
0.9208843 
0.9262163 
0.9244411 
0.9302312 
0.9369664 
0.9394527 
0.9373119 
0.9370208 
0.9454193 
0.9537338 
0.9558825 
0.9534843 
0.9498046 
0.9497317 
0.9469838 
0.9432988 
0.9395351 
0.9367214 
0.9348217 
0.9375097 
0.9371032 
0.9282141 
0.9376346 
0.9399961 
0.9502578 
0.9501653 
0.9516894 
0.9565497 
0.9538629 
0.9588347 
0.9601986 
0.9703419 
0.9693279 
0.9707699 
0.9665479 
0.9608627 
0.9576577 
0.9640364 
0.9666139 
0.9698920 
0.9657328 
0.9661715 
0.9667994 
0.9555617 
0.9469681 
0.9447062 
0.9395560 
0.9307325 
0.9302462 
0.9255540 
0.9169617 
0.9160455 
0.9113418 
0.9086806 
0.9058912 
0.9105320 
0.9030259 
0.8977044 
0.8964989 
0.8905945 
0.8819984 
0.8833044 
0.8747975 
0.8695471 
0.8665549 
0.8718637 
0.8701286 
0.8723825 
0.8744335 
0.8758752 
0.8792477 
0.8834183 
0.8802008 
0.8823743 
0.8774236 
0.8677146 
0.8650395 
0.8667882 
0.8705093 
0.8729786 
0.8840935 
0.8831353 
0.8758079 
0.8851080 
0.8914635 
0.8912827 
0.8978328 
0.8997990 
0.8970354 
0.9085269 
0.9108986 
0.9194215 
0.9250092 
0.9227869 
0.9330090 
0.9311728 
0.9328647 
0.9312754 
0.9304391 
0.9280806 
0.9250257 
0.9247217 
0.9203850 
0.9279126 
0.9326058 
0.9294857 
0.9275648 
0.9282299 
0.9297066 
0.9309574 
0.9282651 
0.9246500 
0.9184182 
0.9092828 
0.8987968 
0.8949486 
0.8915862 
0.8952954 
0.9026720 
0.9016616 
0.8959848 
0.8961302 
0.8878282 
0.8833847 
0.8810643 
0.8813450 
0.8743328 
0.8649123 
0.8525256 
0.8429014 
0.8438498 
0.8492909 
0.8464936 
0.8430661 
0.8401286 
0.8405063 
0.8469489 
0.8461660 
0.8442301 
0.8415145 
0.8329759 
0.8321627 
0.8259113 
0.8282096 
0.8321858 
0.8300255 
0.8365976 
0.8391808 
0.8460362 
0.8529011 
0.8479443 
0.8575772 
0.8720547 
0.8668416 
0.8674238 
0.8721070 
0.8763587 
0.8769901 
0.8819677 
0.8891280 
0.8947405 
0.8992580 
0.9043310 
0.8956938 
0.9021736 
0.8994977 
0.9031034 
0.9085193 
0.9085284 
0.9096527 
0.9059510 
0.9066174 
0.9067805 
0.9089764 
0.9131275 
0.9170117 
0.9161810 
0.9128191 
0.9105009 
0.9006033 
0.8945098 
0.8894662 
0.8814901 
0.8706250 
0.8711990 
0.8624875 
0.8514476 
0.8458759 
0.8356021 
0.8253105 
0.8217992 
0.8118806 
0.8074081 
0.8022398 
0.7963422 
0.7919012 
0.7857486 
0.7785763 
0.7803147 
0.7778968 
0.7804377 
0.7849575 
0.7865466 
0.7935064 
0.7958175 
0.7910464 
0.7903426 
0.7900244 
0.7869841 
0.7818861 
0.7737618 
0.7861875 
0.7855769 
0.7895326 
0.7920607 
0.7974325 
0.8012037 
0.8134236 
0.8225393 
0.8364472 
0.8424679 
0.8500272 
0.8490692 
0.8503360 
0.8491549 
0.8504488 
0.8523103 
0.8566045 
0.8638846 
0.8690055 
0.8705420 
0.8725890 
0.8732359 
0.8669771 
0.8671893 
0.8621939 
0.8578437 
0.8537269 
0.8419297 
0.8415915 
0.8319415 
0.8291862 
0.8208122 
0.8156702 
0.8093944 
0.8049768 
0.7973447 
0.7864077 
0.7833506 
0.7791674 
0.7866423 
0.7879813 
0.7823368 
0.7785658 
0.7804827 
0.7799207 
0.7752184 
0.7774123 
0.7784585 
0.7748248 
0.7719233 
0.7775752 
0.7828507 
0.7861114 
0.7839210 
0.7858322 
0.7844797 
0.7903760 
0.7810537 
0.7756462 
0.7758564 
0.7801880 
0.7921765 
0.7999563 
0.8107210 
0.8127275 
0.8181634 
0.8198464 
0.8207405 
0.8226116 
0.8204496 
0.8190452 
0.8214627 
0.8279387 
0.8347348 
0.8428386 
0.8524720 
0.8638217 
0.8728167 
0.8741909 
0.8732153 
0.8705783 
0.8689136 
0.8565424 
0.8426892 
0.8271921 
0.8171951 
0.8168172 
0.8147545 
0.8137499 
0.8089427 
0.8030484 
0.7966110 
0.7760085 
0.7643400 
0.7541612 
0.7465660 
0.7431330 
0.7406905 
0.7413258 
0.7333718 
0.7282647 
0.7301689 
0.7288195 
0.7227352 
0.7232052 
0.7265752 
0.7264428 
0.7279379 
0.7280853 
0.7297244 
0.7355338 
0.7410123 
0.7476508 
0.7524320 
0.7579944 
0.7634215 
0.7693125 
0.7686862 
0.7672234 
0.7709998 
0.7781921 
0.7806980 
0.7850235 
0.7849332 
0.7849970 
0.7846494 
0.7893366 
0.7870142 
0.7890161 
0.7883137 
0.7910660 
0.7919108 
0.7848058 
0.7880809 
0.7927119 
0.7919333 
0.7870663 
0.7897223 
0.7855991 
0.7806858 
0.7711984 
0.7632739 
0.7568795 
0.7599076 
0.7540580 
0.7536233 
0.7571673 
0.7584346 
0.7580414 
0.7551506 
0.7528811 
0.7407105 
0.7322365 
0.7228758 
0.7210481 
0.7125491 
0.7109898 
0.7102522 
0.7073500 
0.7145321 
0.7180838 
0.7251697 
0.7276365 
0.7251846 
0.7340302 
0.7404567 
0.7513422 
0.7588278 
0.7700641 
0.7718984 
0.7748184 
0.7821934 
0.7805677 
0.7832173 
0.7904791 
0.7935038 
0.7937555 
0.7990992 
0.8028905 
0.8054950 
0.8074494 
0.8055958 
0.8094591 
0.8151897 
0.8138438 
0.8157684 
0.8247310 
0.8253313 
0.8187279 
0.8168181 
0.8085327 
0.8008240 
0.7994289 
0.7963914 
0.7785424 
0.7643734 
0.7522646 
0.7317810 
0.7259887 
0.7250773 
0.7205690 
0.7183557 
0.7159721 
0.7138304 
0.7109332 
0.7054224 
0.6973691 
0.7005450 
0.6936630 
0.6918565 
0.6909044 
0.6896501 
0.6825260 
0.6766245 
0.6812297 
0.6794296 
0.6790817 
0.6875949 
0.6989625 
0.7015300 
0.7134649 
0.7241263 
0.7349444 
0.7388776 
0.7404229 
0.7526337 
0.7638636 
0.7713455 
0.7754008 
0.7778958 
0.7768255 
0.7841449 
0.7908895 
0.7861073 
0.7828996 
0.7828827 
0.7872275 
0.7859331 
0.7894963 
0.7884894 
0.7933601 
0.7838189 
0.7803241 
0.7710478 
0.7669704 
0.7718768 
0.7714862 
0.7732849 
0.7660927 
0.7649481 
0.7599946 
0.7572860 
0.7511184 
0.7430853 
0.7306077 
0.7300494 
0.7223085 
0.7105995 
0.6851998 
0.6844376 
0.6834535 
0.6828797 
0.6844465 
0.6896158 
0.6923124 
0.6960605 
0.6929282 
0.6944196 
0.6912159 
0.6925263 
0.6963230 
0.7002481 
0.7125841 
0.7242129 
0.7322020 
0.7340714 
0.7390406 
0.7406777 
0.7412679 
0.7410695 
0.7296092 
0.7285283 
0.7327255 
0.7331493 
0.7321297 
0.7345555 
0.7470869 
0.7550120 
0.7616059 
0.7612943 
0.7653258 
0.7678299 
0.7670571 
0.7667041 
0.7692219 
0.7686711 
0.7669360 
0.7605030 
0.7601653 
0.7527159 
0.7490423 
0.7377066 
0.7324515 
0.7200410 
0.7175901 
0.7107694 
0.7075283 
0.7055131 
0.7034242 
0.6927806 
0.6884304 
0.6871500 
0.6945994 
0.6869996 
0.6915298 
0.6881138 
0.6989098 
0.6974140 
0.6978802 
0.6960670 
0.7022560 
0.7014695 
0.7086690 
0.7193947 
0.7206017 
0.7198852 
0.7226143 
0.7183139 
0.7237621 
0.7242368 
0.7258268 
0.7360415 
0.7401145 
0.7411513 
0.7454930 
0.7472860 
0.7440515 
0.7410324 
0.7374657 
0.7369370 
0.7328483 
0.7319974 
0.7236389 
0.7243638 
0.7236030 
0.7303356 
0.7285135 
0.7235458 
0.7243754 
0.7237035 
0.7255017 
0.7218079 
0.7154649 
0.7120594 
0.7004798 
0.6939020 
0.6865954 
0.6816397 
0.6824239 
0.6838617 
0.6781980 
0.6840538 
0.6850701 
0.6825755 
0.6791692 
0.6852427 
0.6854860 
0.6827268 
0.6792251 
0.6828410 
0.6883705 
0.6873375 
0.6856689 
0.6837804 
0.6853412 
0.6829598 
0.6804832 
0.6838718 
0.6859365 
0.6766101 
0.6752486 
0.6739301 
0.6727725 
0.6646754 
0.6656864 
0.6643325 
0.6625864 
0.6731313 
0.6773978 
0.6784925 
0.6747987 
0.6693872 
0.6634174 
0.6758677 
0.6787702 
0.6760125 
0.6724862 
0.6690275 
0.6620992 
0.6602717 
0.6560379 
0.6578265 
0.6638898 
0.6689395 
0.6725951 
0.6694440 
0.6744332 
0.6747375 
0.6780703 
0.6736635 
0.6700956 
0.6705128 
0.6683678 
0.6732090 
0.6765910 
0.6799512 
0.6863587 
0.6869835 
0.6869062 
0.6836453 
0.6866907 
0.6868014 
0.6886818 
0.6846788 
0.6808220 
0.6721779 
0.6823126 
0.6866233 
0.6880861 
0.6869019 
0.6836154 
0.6804740 
0.6819880 
0.6823048 
0.6787450 
0.6836024 
0.6792386 
0.6722290 
0.6610163 
0.6598114 
0.6626882 
0.6577670 
0.6607766 
0.6593600 
0.6532097 
0.6515946 
0.6584854 
0.6532722 
0.6519312 
0.6540994 
0.6520658 
0.6462678 
0.6472796 
0.6518668 
0.6502852 
0.6396234 
0.6401362 
0.6378970 
0.6318043 
0.6355121 
0.6398628 
0.6302550 
0.6270403 
0.6260927 
0.6303161 
0.6352318 
0.6277017 
0.6227781 
0.6255945 
0.6250736 
0.6242613 
0.6271660 
0.6315120 
0.6271890 
0.6250620 
0.6340156 
0.6381129 
0.6407497 
0.6413446 
0.6470380 
0.6421090 
0.6475732 
0.6450327 
0.6516497 
0.6523241 
0.6513722 
0.6417846 
0.6549154 
0.6537366 
0.6506774 
0.6531828 
0.6579060 
0.6651510 
0.6609922 
0.6596438 
0.6588981 
0.6595848 
0.6537424 
0.6537552 
0.6538940 
0.6493061 
0.6488812 
0.6479907 
0.6573206 
0.6596719 
0.6682419 
0.6711654 
0.6605824 
0.6621886 
0.6684462 
0.6599585 
0.6503026 
0.6428023 
0.6432252 
0.6539700 
0.6381324 
0.6406750 
0.6414375 
0.6476002 
0.6524760 
0.6596622 
0.6625208 
0.6624806 
0.6609892 
0.6575987 
0.6535686 
0.6459247 
0.6500789 
0.6497683 
0.6457910 
0.6507712 
0.6487036 
0.6410907 
0.6358355 
0.6307047 
0.6232821 
0.6244440 
0.6149672 
0.6141809 
0.6153241 
0.6135453 
0.6137512 
0.6191046 
0.6139057 
0.6203286 
0.6228728 
0.6284127 
0.6292764 
0.6298735 
0.6351625 
0.6337728 
0.6304488 
0.6323272 
0.6305165 
0.6348882 
0.6312488 
0.6247702 
0.6286951 
0.6277158 
0.6174833 
0.6155847 
0.6093319 
0.6102220 
0.6102837 
0.6111208 
0.6103857 
0.6104381 
0.6099977 
0.6044085 
0.6057139 
0.6009720 
0.5964788 
0.5870318 
0.5870482 
0.5820282 
0.5817972 
0.5809239 
0.5818868 
0.5876450 
0.5954060 
0.5901020 
0.5890237 
0.5859186 
0.5896562 
0.5891686 
0.5880196 
0.5854480 
0.5925171 
0.6009487 
0.6083085 
0.6105540 
0.6157781 
0.6202161 
0.6253290 
0.6233758 
0.6155957 
0.6142345 
0.6099501 
0.5999114 
0.5911020 
0.5904143 
0.5920206 
0.5903366 
0.5908745 
0.5953133 
0.5962949 
0.5993595 
0.6040126 
0.6104859 
0.6147933 
0.6170698 
0.6180671 
0.6136722 
0.6186000 
0.6112963 
0.6061250 
0.6023517 
0.6006523 
0.6012136 
0.6014142 
0.5999921 
0.6048863 
0.6086968 
0.6105108 
0.6171196 
0.6161221 
0.6200778 
0.6228010 
0.6167322 
0.6152433 
0.6060865 
0.5986201 
0.5987257 
0.5919283 
0.5941271 
0.5953665 
0.5949774 
0.5937918 
0.5895859 
0.5878186 
0.5874440 
0.5852426 
0.5787430 
0.5778890 
0.5762616 
0.5690718 
0.5716527 
0.5668321 
0.5652411 
0.5687207 
0.5715410 
0.5723270 
0.5762446 
0.5705507 
0.5709424 
0.5689259 
0.5617316 
0.5614059 
0.5592777 
0.5610179 
0.5693479 
0.5675297 
0.5710657 
0.5734883 
0.5733473 
0.5648466 
0.5625448 
0.5622749 
0.5645936 
0.5657036 
0.5762370 
0.5772861 
0.5806509 
0.5748559 
0.5732319 
0.5689267 
0.5593987 
0.5564446 
0.5594779 
0.5537367 
0.5541200 
0.5552974 
0.5512262 
0.5463253 
0.5449128 
0.5602903 
0.5670159 
0.5711507 
0.5768005 
0.5802174 
0.5844359 
0.5781273 
0.5761529 
0.5717167 
0.5666504 
0.5725589 
0.5772474 
0.5746432 
0.5683742 
0.5723400 
0.5734885 
0.5775671 
0.5744745 
0.5733418 
0.5692792 
0.5681219 
0.5620212 
0.5604011 
0.5587051 
0.5554946 
0.5547469 
0.5550250 
0.5511476 
0.5493978 
0.5510605 
0.5521979 
0.5493070 
0.5463733 
0.5446144 
0.5420543 
0.5406311 
0.5406268 
0.5408692 
0.5444253 
0.5466371 
0.5549164 
0.5579764 
0.5594566 
0.5644684 
0.5609606 
0.5631567 
0.5608806 
0.5619087 
0.5637069 
0.5635696 
0.5684906 
0.5638379 
0.5636137 
0.5628693 
0.5661934 
0.5604780 
0.5559554 
0.5565986 
0.5529036 
0.5490384 
0.5481101 
0.5490937 
0.5423935 
0.5420570 
0.5395126 
0.5375093 
0.5409338 
0.5502529 
0.5507106 
0.5409280 
0.5405234 
0.5457783 
0.5443328 
0.5372641 
0.5352151 
0.5341216 
0.5371483 
0.5387226 
0.5351563 
0.5340575 
0.5333056 
0.5316290 
0.5263439 
0.5275307 
0.5324131 
0.5306137 
0.5323510 
0.5351138 
0.5326845 
0.5322500 
0.5396935 
0.5407264 
0.5426026 
0.5446670 
0.5440918 
0.5475773 
0.5408830 
0.5307596 
0.5303382 
0.5321699 
0.5380760 
0.5429124 
0.5396242 
0.5370258 
0.5368962 
0.5356301 
0.5403725 
0.5419053 
0.5413401 
0.5421376 
0.5439916 
0.5411209 
0.5430302 
0.5391777 
0.5379939 
0.5321967 
0.5356188 
0.5366180 
0.5244220 
0.5224326 
0.5230433 
0.5261804 
0.5359673 
0.5372469 
0.5391474 
0.5360870 
0.5370632 
0.5329806 
0.5244496 
0.5155431 
0.5159473 
0.5128041 
0.5150725 
0.5117502 
0.5107320 
0.5178655 
0.5242134 
0.5227927 
0.5232888 
0.5161448 
0.5159771 
0.5187800 
0.5257823 
0.5301342 
0.5311774 
0.5296573 
0.5271035 
0.5257819 
0.5196093 
0.5226009 
0.5210351 
0.5222393 
0.5198378 
0.5225069 
0.5197070 
0.5172724 
0.5104726 
0.5069945 
0.4973237 
0.4846185 
0.4843471 
0.4845273 
0.4900257 
0.4910785 
0.4971273 
0.4921024 
0.4911502 
0.4873180 
0.4820525 
0.4793445 
0.4804066 
0.4820138 
0.4813274 
0.4778877 
0.4764853 
0.4742942 
0.4786665 
0.4790805 
0.4844689 
0.4819816 
0.4750548 
0.4722840 
0.4746258 
0.4750060 
0.4791685 
0.4820478 
0.4819256 
0.4877789 
0.4840425 
0.4775936 
0.4758962 
0.4759080 
0.4812760 
0.4819053 
0.4881679 
0.4931382 
0.4944260 
0.4918349 
0.4907293 
0.4890872 
0.4922963 
0.4955196 
0.4999476 
0.4961309 
0.4897481 
0.4867980 
0.4889768 
0.4930453 
0.4910060 
0.4910493 
0.4962191 
0.4955915 
0.5125685 
0.5131595 
0.5160569 
0.5093039 
0.5116894 
0.5145982 
0.5143084 
0.5052736 
0.5071031 
0.5031074 
0.5046600 
0.4982209 
0.4982880 
0.4948926 
0.4923285 
0.4944568 
0.4968017 
0.4984206 
0.4965007 
0.4985119 
0.5054541 
0.5005031 
0.4911845 
0.4830004 
0.4778876 
0.4796160 
0.4763702 
0.4671108 
0.4643658 
0.4649128 
0.4650193 
0.4618556 
0.4629672 
0.4649725 
0.4636610 
0.4710953 
0.4822515 
0.4807457 
0.4767907 
0.4781595 
0.4735919 
0.4639946 
0.4658348 
0.4664515 
0.4640071 
0.4673047 
0.4690635 
0.4710929 
0.4719088 
0.4713244 
0.4771213 
0.4796568 
0.4871635 
0.4877909 
0.4842840 
0.4721206 
0.4685133 
0.4703900 
0.4711287 
0.4696572 
0.4660009 
0.4685297 
0.4681081 
0.4685417 
0.4664498 
0.4566195 
0.4548374 
0.4429999 
0.4417108 
0.4380739 
0.4289870 
0.4244874 
0.4260320 
0.4287533 
0.4339159 
0.4375622 
0.4321141 
0.4331726 
0.4280377 
0.4279782 
0.4326550 
0.4265220 
0.4389354 
0.4387333 
0.4366824 
0.4290737 
0.4219591 
0.4152102 
0.4162538 
0.4193163 
0.4219045 
0.4230806 
0.4273871 
0.4297931 
0.4285400 
0.4267820 
0.4313808 
0.4363493 
0.4307338 
0.4309165 
0.4225895 
0.4194253 
0.4193214 
0.4193264 
0.4185647 
0.4150413 
0.4117379 
0.4206179 
0.4190198 
0.4142193 
0.4154878 
0.4165833 
0.4139551 
0.4112482 
0.4125258 
0.4052288 
0.4029243 
0.4002296 
0.3985787 
0.4005195 
0.4050466 
0.4090446 
0.4100659 
0.4106667 
0.4110198 
0.4116834 
0.4090800 
0.4097032 
0.4208488 
0.4247386 
0.4265632 
0.4213485 
0.4243956 
0.4255500 
0.4131059 
0.4077098 
0.4120476 
0.4105547 
0.4073034 
0.4090629 
0.4040974 
0.4058753 
0.4118962 
0.4147908 
0.4165566 
0.4211178 
0.4148009 
0.4203917 
0.4218450 
0.4323182 
0.4287753 
0.4285468 
0.4228569 
0.4173335 
0.4208145 
0.4232569 
0.4175033 
0.4167856 
0.4084621 
0.4054437 
0.4004358 
0.4037313 
0.4000941 
0.4019004 
0.4073672 
0.4118939 
0.4145506 
0.4155461 
0.4134032 
0.4071231 
0.4012958 
0.3997505 
0.4002202 
0.3955471 
0.3919655 
0.3929281 
0.3978499 
0.4005603 
0.4010054 
0.4017781 
0.4024837 
0.4063509 
0.4173046 
0.4259694 
0.4197580 
0.4180799 
0.4166868 
0.4216802 
0.4262079 
0.4233814 
0.4125126 
0.4035353 
0.4015819 
0.4012519 
0.3994202 
0.3995634 
0.4029342 
0.4104675 
0.4127301 
0.4155430 
0.4164174 
0.4191273 
0.4220763 
0.4231632 
0.4260345 
0.4300097 
0.4388727 
0.4421752 
0.4395905 
0.4421650 
0.4407207 
0.4331774 
0.4202945 
0.4054004 
0.3988364 
0.3874767 
0.3710232 
0.3696731 
0.3667116 
0.3639958 
0.3631454 
0.3620121 
0.3947550 
0.4061805 
0.4181550 
0.4201786 
0.4160824 
0.4166981 
0.4033474 
0.4022095 
0.3977419 
0.3889513 
0.4004584 
0.4010141 
0.3989121 
0.4016429 
0.4035543 
0.4035331 
0.4063905 
0.4087906 
0.4055273 
0.3983399 
0.3991788 
0.4037816 
0.4054729 
0.4121130 
0.4148718 
0.4157789 
0.4160874 
0.4089651 
0.4067614 
0.4040689 
0.4090406 
0.4204586 
0.4229378 
0.4256048 
0.4192210 
0.4129029 
0.4038138 
0.3921364 
0.3833382 
0.3822818 
0.3823480 
0.3775978 
0.3832765 
0.3758603 
0.3704699 
0.3660308 
0.3695470 
0.3752781 
0.3752989 
0.3800404 
0.3909092 
0.3970512 
0.4046549 
0.4056298 
0.4033043 
0.4000228 
0.3979379 
0.4012993 
0.3955780 
0.3963188 
0.3963025 
0.3919538 
0.3959874 
0.4096995 
0.4154138 
0.4206757 
0.4163390 
0.4194302 
0.4182577 
0.4157022 
0.4173532 
0.4158929 
0.4107940 
0.4076203 
0.4087576 
0.4070284 
0.4085519 
0.4049302 
0.4057827 
0.4016584 
0.3897767 
0.4015139 
0.4059048 
0.4055552 
0.4127528 
0.4125289 
0.4120324 
0.4093664 
0.4073425 
0.4082191 
0.4040349 
0.4068291 
0.3957979 
0.3942098 
0.3900780 
0.3914965 
0.3967230 
0.3953503 
0.3973571 
0.3942152 
0.3924672 
0.3975374 
0.3990435 
0.3933284 
0.3887682 
0.3789288 
0.3701273 
0.3672894 
0.3634026 
0.3640765 
0.3724527 
0.3793479 
0.3889802 
0.3866916 
0.3958491 
0.3957265 
0.3930557 
0.3861588 
0.3832073 
0.3756584 
0.3644328 
0.3593063 
0.3509473 
0.3519580 
0.3579005 
0.3673803 
0.3872817 
0.3967021 
0.4024906 
0.4115849 
0.4068088 
0.3835788 
0.3773252 
0.3693402 
0.3655086 
0.3603697 
0.3529512 
0.3537026 
0.3581552 
0.3666682 
0.3685678 
0.3693552 
0.3719859 
0.3843407 
0.3858156 
0.3818026 
0.3682308 
0.3620558 
0.3615681 
0.3598587 
0.3647134 
0.3640292 
0.3700030 
0.3677573 
0.3724164 
0.3740190 
0.3724242 
0.3701201 
0.3638777 
0.3643343 
0.3651522 
0.3640620 
0.3644728 
0.3601037 
0.3579042 
0.3555396 
0.3583432 
0.3595994 
0.3655326 
0.3721856 
0.3739564 
0.3749534 
0.3690048 
0.3642817 
0.3637348 
0.3637801 
0.3603156 
0.3659727 
0.3636582 
0.3476469 
0.3467672 
0.3520344 
0.3545364 
0.3574830 
0.3610525 
0.3517616 
0.3506247 
0.3506451 
0.3467922 
0.3482403 
0.3472540 
0.3398053 
0.3426498 
0.3470979 
0.3447462 
0.3599895 
0.3651217 
0.3701290 
0.3601573 
0.3496366 
0.3455251 
0.3396244 
0.3360589 
0.3463444 
0.3447815 
0.3419416 
0.3416308 
0.3332585 
0.3293947 
0.3242284 
0.3221949 
0.3272574 
0.3401616 
0.3380769 
0.3369785 
0.3270049 
0.3218293 
0.3195168 
0.3258569 
0.3317061 
0.3359964 
0.3393007 
0.3424886 
0.3387212 
0.3327384 
0.3285965 
0.3318613 
0.3307518 
0.3276246 
0.3232914 
0.3195056 
0.3234016 
0.3183149 
0.3217920 
0.3185058 
0.3214670 
0.3288051 
0.3388939 
0.3403240 
0.3348767 
0.3297267 
0.3340957 
0.3361700 
0.3385471 
0.3441972 
0.3427694 
0.3403533 
0.3358606 
0.3389831 
0.3461777 
0.3536397 
0.3537825 
0.3532119 
0.3513606 
0.3401948 
0.3402618 
0.3395711 
0.3379582 
0.3398082 
0.3352760 
0.3339633 
0.3323306 
0.3274152 
0.3223407 
0.3147601 
0.3123963 
0.3113849 
0.3123446 
0.3207310 
0.3187265 
0.3210782 
0.3249019 
0.3344774 
0.3329450 
0.3418265 
0.3365465 
0.3370590 
0.3376932 
0.3375571 
0.3352446 
0.3379678 
0.3308482 
0.3290931 
0.3326270 
0.3356986 
0.3393521 
0.3426504 
0.3458941 
0.3445845 
0.3466049 
0.3466114 
0.3393296 
0.3338959 
0.3320106 
0.3332882 
0.3366317 
0.3315239 
0.3265520 
0.3301371 
0.3277213 
0.3192852 
0.3158511 
0.3039021 
0.3005379 
0.2974483 
0.2886505 
0.2872993 
0.2800304 
0.2856994 
0.2972193 
0.3079845 
0.3181454 
0.3249276 
0.3151967 
0.3140854 
0.3082128 
0.3083201 
0.3070978 
0.3097892 
0.3029459 
0.3027266 
0.3045166 
0.3084984 
0.3036666 
0.3065702 
0.3051906 
0.3072633 
0.3107919 
0.3137460 
0.3085943 
0.3126972 
0.3196989 
0.3222217 
0.3191683 
0.3138150 
0.3100497 
0.3051960 
0.3142884 
0.3057248 
0.2987003 
0.2973686 
0.2921096 
0.2937268 
0.2967942 
0.2996819 
0.2997599 
0.2936829 
0.2847169 
0.2774055 
0.2729711 
0.2701239 
0.2671220 
0.2700911 
0.2721309 
0.2676270 
0.2766194 
0.2796355 
0.2820860 
0.2758405 
0.2692869 
0.2663324 
0.2659039 
0.2611905 
0.2657771 
0.2714123 
0.2737396 
0.2835228 
0.2959408 
0.2907585 
0.2931536 
0.2961937 
0.2929677 
0.2925715 
0.2948912 
0.2872085 
0.2853125 
0.2829872 
0.2845634 
0.2843444 
0.2912647 
0.2879900 
0.2844228 
0.2863899 
0.2912777 
0.2833216 
0.2783002 
0.2758450 
0.2667777 
0.2666923 
0.2735043 
0.2699047 
0.2691888 
0.2744186 
0.2800212 
0.2779669 
0.2783867 
0.2841081 
0.2851598 
0.2799244 
0.2683002 
0.2632505 
0.2772041 
0.2798885 
0.2800625 
0.2780176 
0.2873169 
0.2870098 
0.2893092 
0.2902991 
0.2890274 
0.2865758 
0.2853751 
0.2856533 
0.2804104 
0.2706333 
0.2751490 
0.2719228 
0.2698215 
0.2656018 
0.2650717 
0.2661939 
0.2650474 
0.2596648 
0.2614247 
0.2630818 
0.2692527 
0.2730853 
0.2756660 
0.2776906 
0.2773803 
0.2732254 
0.2678500 
0.2645094 
0.2583300 
0.2540248 
0.2565168 
0.2572540 
0.2599811 
0.2644050 
0.2588327 
0.2595545 
0.2660978 
0.2658265 
0.2607984 
0.2598057 
0.2556264 
0.2491455 
0.2504716 
0.2533186 
0.2570692 
0.2659666 
0.2686369 
0.2711758 
0.2637175 
0.2719560 
0.2733303 
0.2702720 
0.2621352 
0.2562268 
0.2524937 
0.2511905 
0.2502082 
0.2531553 
0.2567236 
0.2548288 
0.2577734 
0.2534787 
0.2596089 
0.2671140 
0.2613884 
0.2578945 
0.2528388 
0.2478751 
0.2460968 
0.2505444 
0.2534757 
0.2568129 
0.2518511 
0.2513893 
0.2537168 
0.2582794 
0.2727388 
0.2740137 
0.2713125 
0.2614264 
0.2536726 
0.2472850 
0.2574194 
0.2563152 
0.2541896 
0.2572406 
0.2544042 
0.2487538 
0.2555872 
0.2627993 
0.2538009 
0.2456479 
0.2379764 
0.2350008 
0.2338201 
0.2374065 
0.2498181 
0.2467483 
0.2517332 
0.2521586 
0.2506802 
0.2522672 
0.2647793 
0.2651257 
0.2637513 
0.2534322 
0.2451534 
0.2402678 
0.2403379 
0.2411405 
0.2449704 
0.2446566 
0.2400540 
0.2401257 
0.2448531 
0.2471565 
0.2458580 
0.2453521 
0.2433669 
0.2351048 
0.2342375 
0.2330144 
0.2297330 
0.2347832 
0.2386067 
0.2403744 
0.2463614 
0.2383083 
0.2395121 
0.2412761 
0.2398398 
0.2363373 
0.2414274 
0.2375276 
0.2413007 
0.2496758 
0.2525714 
0.2504601 
0.2489060 
0.2499703 
0.2466202 
0.2418750 
0.2430347 
0.2460798 
0.2521595 
0.2527998 
0.2518985 
0.2512093 
0.2518517 
0.2472678 
0.2480432 
0.2435262 
0.2376993 
0.2421033 
0.2496066 
0.2521864 
0.2556434 
0.2568820 
0.2599573 
0.2630758 
0.2665626 
0.2594526 
0.2600370 
0.2621515 
0.2610522 
0.2515748 
0.2462201 
0.2425818 
0.2333120 
0.2323771 
0.2280495 
0.2295512 
0.2267952 
0.2259608 
0.2210815 
0.2186275 
0.2198939 
0.2214226 
0.2215129 
0.2207467 
0.2186047 
0.2240123 
0.2251711 
0.2310153 
0.2291979 
0.2347045 
0.2366070 
0.2360218 
0.2390559 
0.2392339 
0.2375230 
0.2381556 
0.2328150 
0.2316791 
0.2288715 
0.2244872 
0.2248738 
0.2300987 
0.2350420 
0.2371644 
0.2413816 
0.2375364 
0.2370999 
0.2384185 
0.2393714 
0.2422871 
0.2435157 
0.2532337 
0.2551306 
0.2597368 
0.2598850 
0.2624818 
0.2691026 
0.2773336 
0.2493702 
0.2290036 
0.2239843 
0.2170218 
0.2103841 
0.2091984 
0.2101386 
0.2150320 
0.2175837 
0.2231678 
0.2308424 
0.2339930 
0.2319710 
0.2358881 
0.2425147 
0.2481911 
0.2547562 
0.2498247 
0.2478869 
0.2392003 
0.2292734 
0.2197237 
0.2201113 
0.2151890 
0.2119310 
0.2201744 
0.2187572 
0.2165820 
0.2153605 
0.2124506 
0.2203319 
0.2208355 
0.2247152 
0.2273056 
0.2209425 
0.2101113 
0.1982856 
0.1953410 
0.1956355 
0.2024973 
0.2063900 
0.2140819 
0.2183315 
0.2202546 
0.2186742 
0.2237506 
0.2257840 
0.2349783 
0.2371210 
0.2401765 
0.2360313 
0.2340470 
0.2291439 
0.2217084 
0.2226856 
0.2224880 
0.2201947 
0.2200755 
0.2131965 
0.2074580 
0.1989426 
0.1988880 
0.1951296 
0.1914604 
0.1901769 
0.1932697 
0.1958074 
0.1990010 
0.1996035 
0.2021757 
0.2072721 
0.2090129 
0.2087732 
0.2059252 
0.2090912 
0.2020546 
0.2033837 
0.2041949 
0.2053822 
0.2049017 
0.1993652 
0.1970092 
0.1969359 
0.1928752 
0.1957955 
0.1967448 
0.1952063 
0.2001645 
0.1986291 
0.1971477 
0.2028603 
0.2047650 
0.2052049 
0.2055145 
0.1947552 
0.1891220 
0.1831824 
0.1865691 
0.1906108 
0.1951983 
0.1928141 
0.1892524 
0.1978648 
0.2020183 
0.2035462 
0.2050314 
0.2006764 
0.2016004 
0.2026295 
0.2044840 
0.2033564 
0.2026942 
0.2008723 
0.1948034 
0.1901790 
0.1884041 
0.1891131 
0.1833661 
0.1834785 
0.1743198 
0.1827172 
0.1842966 
0.1785846 
0.1756736 
0.1804098 
0.1853594 
0.1861051 
0.1871607 
0.1940034 
0.1910907 
0.1992375 
0.2002541 
0.2071121 
0.2044851 
0.1988749 
0.1916400 
0.1880357 
0.1835826 
0.1822325 
0.1841832 
0.1804693 
0.1721585 
0.1687116 
0.1646415 
0.1661131 
0.1723744 
0.1796585 
0.1819691 
0.1820875 
0.1842554 
0.1919059 
0.1959685 
0.1999547 
0.2031497 
0.2035325 
0.1957435 
0.1720809 
0.1693854 
0.1765830 
0.1788668 
0.1774660 
0.1786744 
0.1751255 
0.1683582 
0.1706369 
0.1773704 
0.1928531 
0.2023288 
0.1991112 
0.1949331 
0.1850747 
0.1775111 
0.1847281 
0.1886333 
0.1917802 
0.1847571 
0.1776638 
0.1684761 
0.1704723 
0.1728241 
0.1751672 
0.1782375 
0.1808914 
0.1757078 
0.1714814 
0.1634598 
0.1675825 
0.1730239 
0.1770190 
0.1787732 
0.1733506 
0.1722547 
0.1743752 
0.1760087 
0.1745113 
0.1775481 
0.1785420 
0.1710546 
0.1689837 
0.1709693 
0.1734801 
0.1723966 
0.1704125 
0.1641465 
0.1572894 
0.1524512 
0.1554508 
0.1534967 
0.1630674 
0.1647342 
0.1585115 
0.1593794 
0.1573741 
0.1513266 
0.1559241 
0.1530193 
0.1558013 
0.1555393 
0.1506446 
0.1554533 
0.1577395 
0.1680121 
0.1701871 
0.1702876 
0.1672669 
0.1671501 
0.1593553 
0.1519191 
0.1482323 
0.1601525 
0.1605186 
0.1645155 
0.1606062 
0.1653937 
0.1725319 
0.1787086 
0.1807538 
0.1823797 
0.1853481 
0.1815949 
0.1748875 
0.1707575 
0.1669049 
0.1695979 
0.1705755 
0.1690484 
0.1701471 
0.1821251 
0.1844245 
0.1846415 
0.1892327 
0.1865052 
0.1827959 
0.1754443 
0.1659047 
0.1630579 
0.1593804 
0.1598540 
0.1589976 
0.1549025 
0.1492403 
0.1507587 
0.1502776 
0.1546428 
0.1585615 
0.1617369 
0.1589548 
0.1590566 
0.1542066 
0.1519432 
0.1452999 
0.1396165 
0.1380993 
0.1336463 
0.1331976 
0.1422116 
0.1447357 
0.1457042 
0.1504167 
0.1545744 
0.1531628 
0.1481668 
0.1487655 
0.1484363 
0.1448492 
0.1468288 
0.1446677 
0.1550803 
0.1597620 
0.1665556 
0.1696218 
0.1705175 
0.1733720 
0.1716188 
0.1608690 
0.1469746 
0.1458817 
0.1460482 
0.1491090 
0.1645029 
0.1727408 
0.1719502 
0.1703562 
0.1648690 
0.1613879 
0.1617233 
0.1543510 
0.1474001 
0.1466756 
0.1355925 
0.1337578 
0.1339800 
0.1315936 
0.1366555 
0.1332738 
0.1343042 
0.1339086 
0.1349672 
0.1342625 
0.1321872 
0.1237906 
0.1215823 
0.1241920 
0.1179570 
0.1251564 
0.1297281 
0.1331047 
0.1360145 
0.1369122 
0.1420720 
0.1402469 
0.1442758 
0.1452375 
0.1478218 
0.1528199 
0.1508851 
0.1491118 
0.1505083 
0.1548712 
0.1506981 
0.1460684 
0.1399201 
0.1316321 
0.1282282 
0.1304727 
0.1280809 
0.1286814 
0.1317980 
0.1328192 
0.1405364 
0.1310494 
0.1287448 
0.1296894 
0.1225554 
0.1240854 
0.1256746 
0.1261018 
0.1292415 
0.1277306 
0.1260334 
0.1213339 
0.1193722 
0.1116855 
0.1141436 
0.1133755 
0.1177195 
0.1177492 
0.1167949 
0.1196399 
0.1320735 
0.1322954 
0.1383399 
0.1483766 
0.1441029 
0.1430611 
0.1400446 
0.1381107 
0.1375546 
0.1338788 
0.1330807 
0.1312729 
0.1329292 
0.1322459 
0.1367196 
0.1360419 
0.1331910 
0.1310789 
0.1344177 
0.1359932 
0.1367114 
0.1279094 
0.1290850 
0.1294543 
0.1267975 
0.1242522 
0.1213965 
0.1204362 
0.1325147 
0.1339599 
0.1289670 
0.1360540 
0.1390358 
0.1433032 
0.1376410 
0.1377007 
0.1409265 
0.1292165 
0.1270074 
0.1299140 
0.1302635 
0.1006312 
0.1174495 
0.1047015 
0.1076054 
0.1086821 
0.1087883 
0.1052754 
0.1082589 
0.1073704 
0.1089697 
0.1075142 
0.1050308 
0.1049679 
0.1025705 
0.1048600 
0.1046469 
0.1017688 
0.0969324 
0.0994422 
0.0994496 
0.0980238 
0.0978241 
0.1012278 
0.0994484 
0.1026275 
0.1064080 
0.1069571 
0.1035925 
0.0969631 
0.0969543 
0.0972823 
0.1016965 
0.1017617 
0.1031177 
0.1050767 
0.1079208 
0.1066156 
0.1081772 
0.1077845 
0.0988556 
0.0950391 
0.0990029 
0.0992852 
0.0999964 
0.0999043 
0.1131094 
0.1139457 
0.1144955 
0.1128214 
0.1179851 
0.1156716 
0.1160793 
0.1130216 
0.1179272 
0.1181755 
0.1190729 
0.1204353 
0.1101788 
0.1068967 
0.1083237 
0.1067437 
0.1042026 
0.1120376 
0.1109966 
0.1126474 
0.1117350 
0.1118566 
0.1072506 
0.0951238 
0.0919846 
0.0841115 
0.0825164 
0.0801582 
0.0808271 
0.0763440 
0.0753971 
0.0751706 
0.0753807 
0.0716343 
0.0730506 
0.0797140 
0.0768527 
0.0797967 
0.0899914 
0.0900428 
0.0949322 
0.0968827 
0.0872088 
0.0865963 
0.0836249 
0.0806386 
0.0760339 
0.0746628 
0.0778051 
0.0766800 
0.0780241 
0.0828452 
0.0825916 
0.0875571 
0.0874853 
0.0917467 
0.0886960 
0.0848833 
0.0848340 
0.0823597 
0.0886767 
0.0883250 
0.0825891 
0.0839544 
0.0814780 
0.0811869 
0.0792851 
0.0808294 
0.0807822 
0.0816225 
0.0749350 
0.0760663 
0.0723355 
0.0671822 
0.0660081 
0.0594788 
0.0483644 
0.0470198 
0.0534367 
0.0609298 
0.0654393 
0.0688629 
0.0658238 
0.0623273 
0.0675989 
0.0669346 
0.0658327 
0.0672864 
0.0651237 
0.0626865 
0.0728418 
0.0706552 
0.0724513 
0.0758224 
0.0781238 
0.0806907 
0.0838922 
0.0844145 
0.0859144 
0.0890674 
0.0850229 
0.0808907 
0.0738354 
0.0696349 
0.0694665 
0.0664892 
0.0613172 
0.0571476 
0.0537730 
0.0548232 
0.0606929 
0.0654082 
0.0711240 
0.0784156 
0.0692416 
0.0651562 
0.0612321 
0.0590759 
0.0572795 
0.0574872 
0.0595242 
0.0606752 
0.0522201 
0.0554380 
0.0530385 
0.0496447 
0.0450941 
0.0472149 
0.0521855 
0.0531927 
0.0542904 
0.0520953 
0.0447344 
0.0405158 
0.0409736 
0.0478906 
0.0493002 
0.0469774 
0.0502651 
0.0467162 
0.0423490 
0.0391067 
0.0438934 
0.0438542 
0.0494345 
0.0465339 
0.0498788 
0.0391616 
0.0352971 
0.0391730 
0.0549007 
0.0564498 
0.0618667 
0.0573398 
0.0525397 
0.0494910 
0.0481545 
0.0506965 
0.0578377 
0.0614040 
0.0604822 
0.0568738 
0.0553768 
0.0554181 
0.0531016 
0.0522257 
0.0564498 
0.0540870 
0.0546750 
0.0583440 
0.0590697 
0.0603092 
0.0590648 
0.0579299 
0.0559391 
0.0549816 
0.0473841 
0.0440625 
0.0414570 
0.0449493 
0.0446779 
0.0457860 
0.0496830 
0.0473004 
0.0577151 
0.0609633 
0.0455710 
0.0427126 
0.0425790 
0.0395054 
0.0440459 
0.0408851 
0.0442864 
0.0513391 
0.0518658 
0.0585283 
0.0547579 
0.0565076 
0.0564351 
0.0483145 
0.0460574 
0.0427956 
0.0339368 
0.0298972 
0.0256319 
0.0273622 
0.0318434 
0.0306098 
0.0316859 
0.0420662 
0.0473372 
0.0581815 
0.0605974 
0.0623382 
0.0591850 
0.0586046 
0.0627202 
0.0618603 
0.0476201 
0.0453076 
0.0381296 
0.0340451 
0.0329793 
0.0292775 
0.0323367 
0.0369533 
0.0326533 
0.0367888 
0.0388593 
0.0362451 
0.0370094 
0.0357134 
0.0353890 
0.0313648 
0.0365586 
0.0359599 
0.0380431 
0.0362197 
0.0288267 
0.0240583 
0.0213672 
0.0194486 
0.0218729 
0.0213811 
0.0265300 
0.0256912 
0.0309020 
0.0336518 
0.0395223 
0.0418072 
0.0417473 
0.0415371 
0.0382144 
0.0398294 
0.0373367 
0.0363287 
0.0333986 
0.0338000 
0.0295493 
0.0299370 
0.0261150 
0.0263428 
0.0289052 
0.0307774 
0.0285712 
0.0215558 
0.0144338 
0.0101238 
0.0192880 
0.0197992 
0.0185362 
0.0141815 
0.0220926 
0.0236963 
0.0257600 
0.0413032 
0.0598126 
0.0541902 
0.0495118 
0.0444008 
0.0416324 
0.0438821 
0.0444746 
0.0510723 
0.0499784 
0.0424606 
0.0347849 
0.0255698 
0.0214511 
0.0174319 
0.0146138 
0.0133423 
0.0133650 
0.0115533 
0.0092468 
0.0118654 
0.0146345 
0.0132576 
0.0117736 
0.0146913 
0.0162263 
0.0139444 
0.0168415 
0.0221683 
0.0262059 
0.0270816 
0.0295286 
0.0309013 
0.0362480 
0.0380349 
0.0329123 
0.0245752 
0.0218186 
0.0267235 
0.0269281 
0.0271722 
0.0253609 
0.0187975 
0.0125976 
0.0125661 
0.0142943 
0.0173376 
0.0174979 
0.0205704 
0.0246215 
0.0225244 
0.0211793 
0.0140102 
0.0134178 
0.0057678 
0.0068857 
0.0044798 
0.0048782 
0.0029010 
0.0038239 
0.0069399 
0.0072992 
0.0032169 
0.0059377 
0.0043724 
0.0024942 
0.0000000 
