-0.0001039 
-0.0000324 
-0.0001660 
-0.2360780 
-0.2412206 
-0.1312967 
0.7848151 
0.7873485 
0.7968982 
0.7916194 
0.7862776 
0.7783962 
0.7790310 
0.7890705 
0.7785714 
0.7836235 
0.7932356 
0.7903546 
0.7885729 
0.7946987 
0.7906884 
0.7817431 
0.7922286 
0.7834396 
0.7856012 
0.7787506 
0.7732359 
0.7668634 
0.7584879 
0.7572195 
0.7649516 
0.7677934 
0.7646645 
0.7645500 
0.7815718 
0.7860013 
0.7808303 
0.7868196 
0.7935374 
0.7976602 
0.7979653 
0.7979465 
0.8014138 
0.7986127 
0.7998228 
0.7995794 
0.7974657 
0.7959385 
0.7942126 
0.7946201 
0.7930457 
0.7815114 
0.7847889 
0.7907621 
0.7881912 
0.7861372 
0.7771261 
0.7830868 
0.7819227 
0.8048978 
0.8215830 
0.8214559 
0.8297725 
0.8435319 
0.8409364 
0.8508243 
0.8411243 
0.8384368 
0.8397698 
0.8472471 
0.8491445 
0.8601379 
0.8606148 
0.8607641 
0.8685843 
0.8615361 
0.8556450 
0.8635745 
0.8620572 
0.8400028 
0.8393478 
0.8387687 
0.8451007 
0.8404304 
0.8513346 
0.8503952 
0.8479094 
0.8382292 
0.8342611 
0.8352831 
0.8417524 
0.8417969 
0.8329610 
0.8250131 
0.8175869 
0.8314607 
0.8260789 
0.8297360 
0.8353778 
0.8398097 
0.8340849 
0.8232046 
0.8269789 
0.8290672 
0.8384522 
0.8398231 
0.8363587 
0.8318449 
0.8391973 
0.8318141 
0.8277421 
0.8234184 
0.8244299 
0.8210645 
0.8175616 
0.8191574 
0.8162765 
0.8129827 
0.8081156 
0.8179785 
0.8134862 
0.8105380 
0.8060591 
0.8080094 
0.8014457 
0.8008582 
0.8075181 
0.8040469 
0.7976951 
0.7973073 
0.7958809 
0.7980687 
0.7891489 
0.7698708 
0.7735344 
0.7785393 
0.7770982 
0.7686074 
0.7698941 
0.7682377 
0.7749373 
0.7594393 
0.7601943 
0.7623240 
0.7665956 
0.7758778 
0.7720608 
0.7738262 
0.7737488 
0.7756299 
0.7777299 
0.7859825 
0.7827547 
0.7815786 
0.7861310 
0.7824495 
0.7752741 
0.7865810 
0.7865005 
0.7974218 
0.7770248 
0.7720133 
0.7822231 
0.7930262 
0.7898281 
0.7982106 
0.8013857 
0.8091479 
0.8198022 
0.8092757 
0.8077348 
0.8033434 
0.7945496 
0.7973646 
0.8070693 
0.8092648 
0.8047011 
0.8000223 
0.7895389 
0.8038818 
0.8119531 
0.8142845 
0.8266915 
0.8174892 
0.8116626 
0.8147098 
0.8225404 
0.8166571 
0.8188012 
0.8205069 
0.8085619 
0.8147213 
0.8185078 
0.8242409 
0.8180950 
0.8162668 
0.8211851 
0.8242930 
0.8348056 
0.8346391 
0.8360403 
0.8299485 
0.8227068 
0.8314593 
0.8314556 
0.8272886 
0.8310054 
0.8315939 
0.8326615 
0.8403254 
0.8401824 
0.8354098 
0.8447930 
0.8454147 
0.8559704 
0.8637176 
0.8645086 
0.8665287 
0.8660626 
0.8567568 
0.8797824 
0.8751416 
0.8623674 
0.8688541 
0.8583592 
0.8703096 
0.8642086 
0.8682886 
0.8661719 
0.8591787 
0.8607895 
0.8641251 
0.8530003 
0.8610443 
0.8621018 
0.8555249 
0.8515047 
0.8591241 
0.8467702 
0.8446216 
0.8451390 
0.8538198 
0.8474740 
0.8508950 
0.8591118 
0.8563986 
0.8536549 
0.8628514 
0.8669177 
0.8636069 
0.8696638 
0.8707815 
0.8677203 
0.8563754 
0.8727148 
0.8603949 
0.8537445 
0.8648285 
0.8638481 
0.8541674 
0.8527889 
0.8620088 
0.8514990 
0.8586984 
0.8363374 
0.8374060 
0.8417664 
0.8336550 
0.8353027 
0.8357295 
0.8267798 
0.8248862 
0.8221399 
0.8419734 
0.8434822 
0.8330580 
0.8435137 
0.8477256 
0.8376731 
0.8372393 
0.8425821 
0.8405192 
0.8516710 
0.8504687 
0.8554967 
0.8679042 
0.8593492 
0.8691146 
0.8699973 
0.8657865 
0.8643372 
0.8754876 
0.8716555 
0.8684080 
0.8677732 
0.8695327 
0.8719399 
0.8616882 
0.8623562 
0.8621579 
0.8552924 
0.8629346 
0.8550950 
0.8546400 
0.8454775 
0.8428322 
0.8402543 
0.8353324 
0.8283592 
0.8231524 
0.8256392 
0.8283385 
0.8261047 
0.8237658 
0.8292421 
0.8219940 
0.8257268 
0.8211861 
0.8267266 
0.8352703 
0.8252863 
0.8300795 
0.8237706 
0.8214557 
0.8247219 
0.8265352 
0.8374257 
0.8308790 
0.8475731 
0.8561446 
0.8468227 
0.8454298 
0.8486329 
0.8524908 
0.8516898 
0.8616296 
0.8575067 
0.8505480 
0.8576407 
0.8460586 
0.8446747 
0.8456601 
0.8467393 
0.8587275 
0.8644946 
0.8633178 
0.8538799 
0.8513949 
0.8427604 
0.8381686 
0.8449602 
0.8479382 
0.8609438 
0.8549167 
0.8488981 
0.8580041 
0.8585273 
0.8582918 
0.8550331 
0.8550759 
0.8530214 
0.8529829 
0.8540935 
0.8481873 
0.8538070 
0.8590669 
0.8569205 
0.8634280 
0.8565654 
0.8575896 
0.8552785 
0.8491543 
0.8472834 
0.8585462 
0.8474119 
0.8372803 
0.8373098 
0.8366450 
0.8427786 
0.8412917 
0.8356603 
0.8334811 
0.8317467 
0.8386250 
0.8435131 
0.8361513 
0.8250388 
0.8305717 
0.8323440 
0.8346786 
0.8313548 
0.8315768 
0.8525264 
0.8398335 
0.8491351 
0.8495263 
0.8573743 
0.8564954 
0.8611241 
0.8632819 
0.8731880 
0.8707319 
0.8742435 
0.8701102 
0.8716849 
0.8811278 
0.8740034 
0.8749434 
0.8726505 
0.8807236 
0.8730279 
0.8741925 
0.8656711 
0.8563547 
0.8615358 
0.8645716 
0.8563266 
0.8593331 
0.8602233 
0.8583469 
0.8535101 
0.8544530 
0.8551539 
0.8640501 
0.8653614 
0.8737148 
0.8755148 
0.8708211 
0.8642676 
0.8674396 
0.8542927 
0.8663561 
0.8696650 
0.8679575 
0.8687946 
0.8684650 
0.8763401 
0.8838137 
0.8779873 
0.8797937 
0.8906939 
0.8820078 
0.8847836 
0.8811730 
0.8875681 
0.8787637 
0.8725334 
0.8709038 
0.8662855 
0.8620538 
0.8722012 
0.8665231 
0.8745320 
0.8715848 
0.8696764 
0.8789846 
0.8859265 
0.8865270 
0.8806382 
0.8879205 
0.8963576 
0.8908739 
0.8941427 
0.8959951 
0.8935404 
0.9004753 
0.8881668 
0.8872794 
0.8870624 
0.8964027 
0.8971876 
0.8867406 
0.8997196 
0.8969844 
0.8896102 
0.8766671 
0.8806377 
0.8785370 
0.8842629 
0.8757562 
0.8734124 
0.8728372 
0.8692397 
0.8776635 
0.8755527 
0.8780477 
0.8740422 
0.8901138 
0.8785853 
0.8804166 
0.8885147 
0.8914930 
0.9027442 
0.8938919 
0.9003484 
0.9106776 
0.8876024 
0.9004007 
0.9057636 
0.9155031 
0.9058948 
0.9109487 
0.9109092 
0.8971831 
0.8962815 
0.8893434 
0.8914066 
0.8824467 
0.8797777 
0.8828558 
0.8854922 
0.8931535 
0.8869906 
0.8990851 
0.8996486 
0.8888403 
0.8931582 
0.9022165 
0.8982954 
0.9005765 
0.8929744 
0.8905815 
0.8859043 
0.8814671 
0.8853836 
0.8897640 
0.8936981 
0.8957101 
0.8901121 
0.8689732 
0.8667847 
0.8777102 
0.8761016 
0.8839115 
0.8877317 
0.8924310 
0.8930047 
0.8907165 
0.8933513 
0.9018413 
0.9151686 
0.9169016 
0.9134594 
0.8996514 
0.8931405 
0.8953060 
0.9003119 
0.9089855 
0.9095904 
0.9114484 
0.9114284 
0.9093109 
0.9063155 
0.9195491 
0.9284391 
0.9227624 
0.9333539 
0.9330693 
0.9342530 
0.9306158 
0.9249446 
0.9215538 
0.9257768 
0.9241336 
0.9175315 
0.9159303 
0.9145278 
0.9036196 
0.9030020 
0.9068684 
0.9167217 
0.9016784 
0.9051773 
0.9079502 
0.9201530 
0.9132652 
0.8908007 
0.8880356 
0.8928618 
0.8956381 
0.8913041 
0.9045317 
0.9014199 
0.9054643 
0.9101670 
0.9111686 
0.9029503 
0.9007860 
0.9124586 
0.9237905 
0.9164285 
0.9095896 
0.9089719 
0.9018088 
0.9012779 
0.9015453 
0.9189629 
0.9113926 
0.9020563 
0.9067994 
0.9119078 
0.9035060 
0.8981839 
0.9006089 
0.8942911 
0.8902505 
0.8907278 
0.9060747 
0.9093154 
0.9076761 
0.8941923 
0.9036769 
0.8944735 
0.9036135 
0.9060774 
0.9201302 
0.9254969 
0.9256294 
0.9308034 
0.9261568 
0.9110265 
0.9009948 
0.9039527 
0.9058832 
0.9065602 
0.9177034 
0.9248808 
0.9176435 
0.9075621 
0.9192943 
0.9218483 
0.9295335 
0.9143577 
0.9237115 
0.9180241 
0.9231834 
0.9266869 
0.9233138 
0.9178963 
0.9141560 
0.9169913 
0.9137025 
0.9214882 
0.9082919 
0.9110942 
0.9098311 
0.9095734 
0.9046227 
0.9069423 
0.9078493 
0.9113249 
0.9079061 
0.9043587 
0.8984141 
0.8958292 
0.9004753 
0.8957238 
0.9032319 
0.9145515 
0.9240801 
0.9226270 
0.9229841 
0.9021119 
0.9053018 
0.9154856 
0.9089082 
0.9087433 
0.9214789 
0.9266374 
0.9070829 
0.9134507 
0.9187171 
0.9224610 
0.9246695 
0.9171860 
0.9191874 
0.9199774 
0.9205984 
0.9210741 
0.9150747 
0.9189518 
0.9271757 
0.9310017 
0.9367280 
0.9257097 
0.9264270 
0.9061314 
0.8957186 
0.8944497 
0.8819056 
0.8849266 
0.8756437 
0.8803930 
0.8820278 
0.8914899 
0.9086931 
0.9122340 
0.9108708 
0.9176832 
0.9040112 
0.9058463 
0.8949882 
0.8947994 
0.8935357 
0.8982465 
0.8971609 
0.8901286 
0.8925089 
0.8868725 
0.8900769 
0.8961640 
0.8905090 
0.9076923 
0.8987653 
0.9016771 
0.8999764 
0.8999207 
0.9085004 
0.8975033 
0.9017105 
0.8917630 
0.8964167 
0.9035390 
0.9193932 
0.9157154 
0.9076017 
0.8829497 
0.8926725 
0.8860892 
0.8991069 
0.8970221 
0.9008652 
0.9065897 
0.9067027 
0.9021048 
0.9028471 
0.9023985 
0.8989656 
0.8912319 
0.9079660 
0.9124818 
0.9125976 
0.9003288 
0.9008084 
0.8985585 
0.8998962 
0.9065306 
0.9113604 
0.9221333 
0.9296557 
0.9254160 
0.9211865 
0.9175477 
0.9135096 
0.9102035 
0.9101487 
0.9192636 
0.9214198 
0.9212639 
0.9250272 
0.9267880 
0.9274116 
0.9100327 
0.9222156 
0.9234243 
0.9396499 
0.9284869 
0.9350898 
0.9240684 
0.9339792 
0.9418817 
0.9301937 
0.9347226 
0.9354680 
0.9495191 
0.9426828 
0.9436112 
0.9414081 
0.9523601 
0.9469162 
0.9279008 
0.9104639 
0.9281452 
0.9177419 
0.9260716 
0.9198580 
0.9090365 
0.9068840 
0.9160583 
0.9224546 
0.9114079 
0.9206280 
0.9238878 
0.9281095 
0.9162054 
0.9153090 
0.9177446 
0.9214913 
0.9107259 
0.9061501 
0.9150837 
0.9119508 
0.9136026 
0.9112156 
0.9298697 
0.9229710 
0.9430188 
0.9414194 
0.9347195 
0.9360065 
0.9337616 
0.9198856 
0.9302649 
0.9323930 
0.9452985 
0.9398379 
0.9382460 
0.9359158 
0.9423705 
0.9542721 
0.9614308 
0.9633298 
0.9585220 
0.9624421 
0.9525982 
0.9455102 
0.9593186 
0.9547546 
0.9576569 
0.9589662 
0.9487521 
0.9517781 
0.9501798 
0.9471720 
0.9315162 
0.9323169 
0.9273490 
0.9211648 
0.9338212 
0.9459228 
0.9456449 
0.9652286 
0.9565435 
0.9564166 
0.9474816 
0.9542802 
0.9543320 
0.9574608 
0.9457451 
0.9374635 
0.9479990 
0.9275434 
0.9200084 
0.9246848 
0.9230345 
0.9219968 
0.9192823 
0.9125309 
0.9153546 
0.9189436 
0.9267339 
0.9227278 
0.9213064 
0.9276401 
0.9300417 
0.9333222 
0.9243949 
0.9282545 
0.9113257 
0.9052785 
0.9129803 
0.9200677 
0.9173828 
0.9263341 
0.9315165 
0.9362860 
0.9317205 
0.9248204 
0.9232800 
0.9303267 
0.9310613 
0.9263327 
0.9172013 
0.9141557 
0.9260783 
0.9204891 
0.9330091 
0.9246772 
0.9444167 
0.9345936 
0.9315267 
0.9335085 
0.9263565 
0.9273626 
0.9337881 
0.9305221 
0.9354216 
0.9208858 
0.9336886 
0.9435353 
0.9386137 
0.9404281 
0.9343075 
0.9286029 
0.9213168 
0.9274113 
0.9246192 
0.9387507 
0.9323230 
0.9226061 
0.9262234 
0.9194833 
0.9147967 
0.9157677 
0.9275388 
0.9280899 
0.9293279 
0.9301342 
0.9293514 
0.9311954 
0.9328926 
0.9360586 
0.9411463 
0.9362446 
0.9389650 
0.9478508 
0.9339903 
0.9389746 
0.9408253 
0.9216959 
0.9174425 
0.9110620 
0.9060682 
0.9135173 
0.9096399 
0.9082712 
0.9016605 
0.9008322 
0.8977433 
0.8996863 
0.8976908 
0.8969894 
0.9040737 
0.8972521 
0.9076773 
0.9144658 
0.9288799 
0.9324429 
0.9387448 
0.9353169 
0.9350350 
0.9326705 
0.9186393 
0.9275167 
0.9294647 
0.9224818 
0.9191537 
0.9227770 
0.9210150 
0.9250818 
0.9275391 
0.9310807 
0.9395142 
0.9303518 
0.9207020 
0.9213179 
0.9152577 
0.9073415 
0.9083739 
0.9112399 
0.9186759 
0.9271024 
0.9228600 
0.9238977 
0.9203656 
0.9142962 
0.9103781 
0.9034670 
0.9027164 
0.9116422 
0.9132746 
0.9006612 
0.9117282 
0.9084914 
0.9042022 
0.9237108 
0.9236112 
0.9353909 
0.9357780 
0.9282555 
0.9300907 
0.9382566 
0.9318923 
0.9138096 
0.9181979 
0.9251251 
0.9273219 
0.9210916 
0.9318956 
0.9310594 
0.9319688 
0.9189840 
0.9183383 
0.9251278 
0.9266354 
0.9332731 
0.9267963 
0.9200991 
0.9308866 
0.9244859 
0.9277739 
0.9290056 
0.9303204 
0.9390052 
0.9407017 
0.9375769 
0.9482841 
0.9546184 
0.9490940 
0.9525394 
0.9428365 
0.9413841 
0.9454536 
0.9394049 
0.9355828 
0.9423278 
0.9567379 
0.9471187 
0.9453810 
0.9228444 
0.9279300 
0.9403580 
0.9264601 
0.9227033 
0.9190502 
0.9177850 
0.9200702 
0.9206168 
0.9187513 
0.9092986 
0.8988107 
0.8986525 
0.9105387 
0.9117262 
0.9169525 
0.9138351 
0.9057572 
0.9079326 
0.9109308 
0.9187168 
0.9103244 
0.9132835 
0.9213739 
0.9192924 
0.9272013 
0.9430049 
0.9626047 
0.9660532 
0.9715087 
0.9632582 
0.9558617 
0.9558365 
0.9615069 
0.9650313 
0.9661214 
0.9703313 
0.9692448 
0.9675242 
0.9575975 
0.9631970 
0.9724836 
0.9710965 
0.9799636 
0.9746319 
0.9667221 
0.9685676 
0.9770562 
0.9730882 
0.9743776 
0.9772745 
0.9825493 
0.9807858 
0.9693524 
0.9530099 
0.9418655 
0.9432839 
0.9487116 
0.9698753 
0.9684883 
0.9666245 
0.9586559 
0.9603142 
0.9617663 
0.9544838 
0.9655522 
0.9584282 
0.9558992 
0.9378962 
0.9442039 
0.9457515 
0.9553404 
0.9625478 
0.9614290 
0.9581843 
0.9605763 
0.9582310 
0.9584103 
0.9519274 
0.9517463 
0.9569126 
0.9674489 
0.9653031 
0.9706623 
0.9756264 
0.9695336 
0.9647074 
0.9565928 
0.9538876 
0.9625153 
0.9662212 
0.9766842 
0.9775918 
0.9751944 
0.9795462 
0.9750961 
0.9739399 
0.9720812 
0.9658363 
0.9604587 
0.9692057 
0.9679043 
0.9619593 
0.9549794 
0.9585134 
0.9661799 
0.9760613 
0.9588263 
0.9413201 
0.9472234 
0.9647154 
0.9619247 
0.9606798 
0.9549185 
0.9525616 
0.9419922 
0.9458920 
0.9562215 
0.9550746 
0.9465484 
0.9352421 
0.9381826 
0.9350522 
0.9514510 
0.9420145 
0.9318298 
0.9318797 
0.9353689 
0.9263340 
0.9331840 
0.9339934 
0.9325751 
0.9412572 
0.9486371 
0.9414458 
0.9398012 
0.9280117 
0.9315138 
0.9297759 
0.9217026 
0.9197050 
0.9107737 
0.9192403 
0.9284134 
0.9349200 
0.9418390 
0.9540262 
0.9475237 
0.9281247 
0.9343993 
0.9313486 
0.9287535 
0.9242165 
0.9248256 
0.9133272 
0.9171372 
0.9166983 
0.9048847 
0.9048412 
0.9050035 
0.9080955 
0.9100158 
0.9119548 
0.9145378 
0.9130341 
0.9236275 
0.9263186 
0.9322319 
0.9354197 
0.9742744 
0.9764794 
0.9823798 
0.9871922 
1.0000000 
0.9870609 
0.9690311 
0.9548637 
0.9482571 
0.9539597 
0.9570459 
0.9480326 
0.9300571 
0.9291585 
0.9323315 
0.9282994 
0.9333165 
0.9328660 
0.9276917 
0.9358705 
0.9258867 
0.9236031 
0.9285195 
0.9258082 
0.9281381 
0.9340373 
0.9439505 
0.9384965 
0.9417686 
0.9292744 
0.9371177 
0.9348721 
0.9321306 
0.9337221 
0.9304699 
0.9288168 
0.9363345 
0.9370605 
0.9277924 
0.9345844 
0.9282802 
0.9301595 
0.9241090 
0.9331542 
0.9366685 
0.9281771 
0.9315070 
0.9292660 
0.9375494 
0.9429882 
0.9480988 
0.9398018 
0.9452823 
0.9384541 
0.9360194 
0.9230932 
0.9271564 
0.9221553 
0.9136076 
0.9224394 
0.9351498 
0.9389032 
0.9351241 
0.9467506 
0.9411205 
0.9296231 
0.9355320 
0.9359427 
0.9335984 
0.9361474 
0.9423536 
0.9492193 
0.9524255 
0.9509937 
0.9560095 
0.9518413 
0.9436742 
0.9509294 
0.9474121 
0.9528172 
0.9446818 
0.9429826 
0.9509305 
0.9557803 
0.9454842 
0.9472909 
0.9522362 
0.9411792 
0.9280702 
0.9379397 
0.9385220 
0.9451210 
0.9490187 
0.9617095 
0.9696262 
0.9718048 
0.9727074 
0.9785316 
0.9701588 
0.9576523 
0.9531001 
0.9498971 
0.9593334 
0.9459276 
0.9438886 
0.9413877 
0.9433031 
0.9534729 
0.9536447 
0.9450772 
0.9464489 
0.9354997 
0.9428854 
0.9533466 
0.9595728 
0.9508778 
0.9624521 
0.9566789 
0.9530178 
0.9507389 
0.9600343 
0.9619948 
0.9577301 
0.9433276 
0.9536991 
0.9446445 
0.9305405 
0.9231472 
0.9319998 
0.9462900 
0.9476257 
0.9352576 
0.9334253 
0.9328804 
0.9228348 
0.9099074 
0.9167404 
0.9262406 
0.9253858 
0.9370857 
0.9206991 
0.9223984 
0.9301055 
0.9261288 
0.9234656 
0.9270674 
0.9188479 
0.9234558 
0.9226993 
0.9443654 
0.9461154 
0.9457486 
0.9167797 
0.9138523 
0.9284409 
0.9246193 
0.9217270 
0.9355065 
0.9256945 
0.9273879 
0.9307634 
0.9260493 
0.9301631 
0.9292543 
0.9289446 
0.9240889 
0.9234943 
0.9284999 
0.9340703 
0.9234538 
0.9177051 
0.9084603 
0.9047573 
0.9001222 
0.9030103 
0.8938045 
0.8987825 
0.8795305 
0.8745820 
0.8787351 
0.9076394 
0.8995834 
0.9187182 
0.9173573 
0.9194366 
0.9124918 
0.9157740 
0.9107140 
0.9003772 
0.9205051 
0.9130918 
0.9073423 
0.9091868 
0.8991760 
0.8882833 
0.8832728 
0.8846588 
0.8827088 
0.8867867 
0.8914864 
0.8901932 
0.8984998 
0.9045714 
0.8983364 
0.8914278 
0.9166562 
0.9288848 
0.9473031 
0.9526508 
0.9480694 
0.9428742 
0.9322584 
0.9145762 
0.9005441 
0.9039382 
0.9069716 
0.8967230 
0.8955531 
0.9042266 
0.8997246 
0.8955349 
0.8986949 
0.8967802 
0.8952432 
0.8932013 
0.8892451 
0.8912325 
0.8953407 
0.8836872 
0.8791691 
0.8743596 
0.8771942 
0.8771410 
0.8870133 
0.8792325 
0.8753217 
0.8679193 
0.8702089 
0.8714679 
0.8631305 
0.8619663 
0.8778476 
0.8827518 
0.8781162 
0.8614719 
0.8754588 
0.8764784 
0.8762984 
0.8908805 
0.8837412 
0.8837053 
0.8788882 
0.8875617 
0.8881832 
0.8846926 
0.8720704 
0.8734043 
0.8760136 
0.8846768 
0.8842005 
0.8808882 
0.8830663 
0.8830739 
0.8758153 
0.8788424 
0.8874344 
0.8735962 
0.8709615 
0.8730024 
0.8791363 
0.8900331 
0.8862388 
0.8854857 
0.8817500 
0.8923058 
0.8874326 
0.8766236 
0.8713636 
0.8733750 
0.8707334 
0.8741474 
0.8791212 
0.8756514 
0.8737640 
0.8623567 
0.8566520 
0.8679205 
0.8608913 
0.8672766 
0.8670939 
0.8568868 
0.8562901 
0.8536986 
0.8535022 
0.8566836 
0.8514258 
0.8476359 
0.8619592 
0.8615043 
0.8629755 
0.8571119 
0.8524194 
0.8442688 
0.8439640 
0.8350906 
0.8429500 
0.8369338 
0.8474249 
0.8537882 
0.8546291 
0.8444987 
0.8557884 
0.8542694 
0.8782039 
0.8750814 
0.8771917 
0.8647108 
0.8814297 
0.8736690 
0.8717066 
0.8785878 
0.8629375 
0.8558574 
0.8665964 
0.8520642 
0.8593642 
0.8613130 
0.8556848 
0.8403776 
0.8478635 
0.8432156 
0.8377917 
0.8485329 
0.8497290 
0.8483872 
0.8397095 
0.8442349 
0.8407212 
0.8361127 
0.8300885 
0.8350994 
0.8326625 
0.8385245 
0.8291344 
0.8482022 
0.8444576 
0.8408007 
0.8514128 
0.8511009 
0.8617356 
0.8568509 
0.8505526 
0.8619621 
0.8322766 
0.8234327 
0.8289081 
0.8228762 
0.8267559 
0.8216817 
0.8159126 
0.8207892 
0.8323531 
0.8357116 
0.8367100 
0.8457548 
0.8451142 
0.8457333 
0.8425666 
0.8330301 
0.8391139 
0.8267391 
0.8220487 
0.8306162 
0.8337124 
0.8427632 
0.8320187 
0.8271910 
0.8243301 
0.8211495 
0.8121583 
0.8091321 
0.8092720 
0.8095886 
0.8094024 
0.8145094 
0.8068029 
0.8047158 
0.7980434 
0.8094648 
0.8112038 
0.8029160 
0.8091629 
0.8057762 
0.8088371 
0.8038721 
0.8062275 
0.8073661 
0.8061123 
0.7942464 
0.7924765 
0.7849055 
0.7797640 
0.7926411 
0.7979675 
0.8009768 
0.8068173 
0.8185191 
0.7984915 
0.7878048 
0.7895937 
0.7742125 
0.7623757 
0.7755319 
0.7749392 
0.7720159 
0.7731487 
0.7698008 
0.7556470 
0.7604875 
0.7659125 
0.7560875 
0.7503545 
0.7650308 
0.7544324 
0.7548784 
0.7639070 
0.7583280 
0.7530931 
0.7431015 
0.7317969 
0.7316867 
0.7609991 
0.7628888 
0.7482730 
0.7421293 
0.7354899 
0.7350853 
0.7238422 
0.7288123 
0.7131556 
0.7132986 
0.7212907 
0.7186430 
0.7351903 
0.7312230 
0.7309124 
0.7347042 
0.7296060 
0.7221250 
0.7196472 
0.7189979 
0.7056257 
0.7185408 
0.7243060 
0.7259800 
0.7239876 
0.7081770 
0.7098091 
0.7010269 
0.7207783 
0.7260856 
0.7261734 
0.7202079 
0.7289728 
0.7266204 
0.7266876 
0.7263828 
0.7090739 
0.7151166 
0.7106692 
0.7052363 
0.7141129 
0.7127343 
0.7148576 
0.7068616 
0.7174891 
0.7037565 
0.6914423 
0.7103711 
0.7179480 
0.7159882 
0.7233718 
0.7165405 
0.7110576 
0.7104720 
0.6970983 
0.6978864 
0.6873258 
0.6941571 
0.6918699 
0.7010285 
0.6905478 
0.6838031 
0.6932668 
0.6959494 
0.6925788 
0.7132589 
0.6999366 
0.7094381 
0.7117928 
0.7195660 
0.7067857 
0.7064889 
0.6950834 
0.6927415 
0.6834441 
0.6856229 
0.6905704 
0.6917904 
0.6916435 
0.6911374 
0.6892662 
0.6928521 
0.6848511 
0.6835078 
0.6765636 
0.6713279 
0.6725047 
0.6698039 
0.6879793 
0.6919353 
0.6870210 
0.6881748 
0.6933843 
0.6851493 
0.6846856 
0.7008487 
0.6930313 
0.6806945 
0.6865263 
0.6910655 
0.6927091 
0.6877481 
0.6753308 
0.6689745 
0.6570279 
0.6451272 
0.6293602 
0.6050779 
0.5740786 
0.5658553 
0.5558330 
0.5690626 
0.5741206 
0.5698397 
0.5868018 
0.5743138 
0.5710362 
0.5751305 
0.5831084 
0.5785947 
0.5818378 
0.5914122 
0.5979284 
0.5940045 
0.5952603 
0.5810888 
0.5885532 
0.5847714 
0.5796609 
0.5771906 
0.5795437 
0.5761473 
0.5678702 
0.5721873 
0.5656408 
0.5594871 
0.5546884 
0.5623983 
0.5533833 
0.5556364 
0.5652044 
0.5756009 
0.5787654 
0.5774309 
0.5709636 
0.5840026 
0.5737247 
0.5801721 
0.5841021 
0.5703696 
0.5651870 
0.5709432 
0.5638903 
0.5415444 
0.5447437 
0.5492691 
0.5500910 
0.5485199 
0.5521560 
0.5457428 
0.5232409 
0.5222234 
0.5252659 
0.5096837 
0.5187139 
0.5130421 
0.5137564 
0.5099109 
0.5038859 
0.5030721 
0.5056579 
0.4994243 
0.4958234 
0.5026895 
0.5084057 
0.5121553 
0.5101064 
0.5163422 
0.5183071 
0.5069797 
0.5054949 
0.5194162 
0.5117126 
0.5098277 
0.5068816 
0.5075921 
0.5172451 
0.4974957 
0.4967001 
0.4892094 
0.4887893 
0.4802378 
0.4729498 
0.4709955 
0.4674885 
0.4824966 
0.4723651 
0.4730401 
0.4748880 
0.4723322 
0.4709411 
0.4681517 
0.4781549 
0.4745099 
0.4625377 
0.4563952 
0.4601737 
0.4538961 
0.4572922 
0.4458618 
0.4432409 
0.4408653 
0.4408926 
0.4387651 
0.4461042 
0.4249140 
0.4416432 
0.4361034 
0.4469645 
0.4535778 
0.4492422 
0.4475346 
0.4449365 
0.4299400 
0.4346296 
0.4367036 
0.4556368 
0.4658731 
0.4582298 
0.4622155 
0.4541684 
0.4464258 
0.4537104 
0.4550948 
0.4420561 
0.4375669 
0.4428858 
0.4238310 
0.4276477 
0.4275329 
0.4223969 
0.4149353 
0.4106566 
0.3952908 
0.4035911 
0.4169802 
0.4061371 
0.4020145 
0.4061623 
0.4056380 
0.4048921 
0.4015692 
0.3954381 
0.3926688 
0.3917778 
0.3806345 
0.3830206 
0.3897788 
0.3668338 
0.3817710 
0.3857395 
0.3786654 
0.3771828 
0.3712349 
0.3762426 
0.3678285 
0.3612269 
0.3506679 
0.3490972 
0.3469915 
0.3499009 
0.3473566 
0.3582387 
0.3644436 
0.3718593 
0.3759693 
0.3722066 
0.3669845 
0.3753061 
0.3699521 
0.3689295 
0.3768997 
0.3760903 
0.3730702 
0.3616788 
0.3635367 
0.3552773 
0.3605231 
0.3552056 
0.3575718 
0.3559185 
0.3542745 
0.3620909 
0.3524042 
0.3509941 
0.3429661 
0.3417678 
0.3439200 
0.3399339 
0.3486230 
0.3338906 
0.3244120 
0.3403206 
0.3387652 
0.3343866 
0.3349125 
0.3273254 
0.3272585 
0.3318358 
0.3440440 
0.3266304 
0.3206720 
0.3262723 
0.3302450 
0.3277918 
0.3240515 
0.3262671 
0.3328853 
0.3339924 
0.3310937 
0.3242201 
0.3159083 
0.3150744 
0.3052222 
0.3207837 
0.3132444 
0.3047025 
0.3045862 
0.3164415 
0.3081795 
0.3029485 
0.3145535 
0.3089225 
0.3083141 
0.2980405 
0.3094585 
0.3104704 
0.2905909 
0.2851894 
0.2954625 
0.2980659 
0.2955669 
0.2985845 
0.2938024 
0.2804060 
0.2912814 
0.3029127 
0.2956826 
0.2913582 
0.2860044 
0.2795977 
0.2873640 
0.2768872 
0.2755894 
0.2792508 
0.2698069 
0.2788079 
0.2786570 
0.2882668 
0.2865998 
0.2990182 
0.2770322 
0.2663909 
0.2583564 
0.2500001 
0.2526576 
0.2549546 
0.2476279 
0.2381937 
0.2399442 
0.2524066 
0.2445671 
0.2499102 
0.2469297 
0.2439066 
0.2538134 
0.2582203 
0.2496235 
0.2468025 
0.2335029 
0.2312809 
0.2310286 
0.2362178 
0.2290577 
0.2329500 
0.2271954 
0.2268867 
0.2337448 
0.2182400 
0.2297192 
0.2335644 
0.2321884 
0.2349912 
0.2237743 
0.2201095 
0.2179272 
0.2222476 
0.2093098 
0.2217376 
0.2188617 
0.2241074 
0.2201895 
0.2078747 
0.2167607 
0.2131589 
0.2171668 
0.2096816 
0.2166378 
0.2082711 
0.2066302 
0.1988437 
0.1918217 
0.1994303 
0.2033300 
0.1925099 
0.1939798 
0.2018968 
0.2068739 
0.1971758 
0.1988025 
0.1941157 
0.1914359 
0.2083692 
0.2104733 
0.2001885 
0.1930845 
0.1853681 
0.1873202 
0.1894944 
0.1871964 
0.1884649 
0.1794654 
0.1665441 
0.1470207 
0.1442138 
0.1467516 
0.1627773 
0.1648520 
0.1628674 
0.1571662 
0.1610157 
0.1713958 
0.1575936 
0.1669934 
0.1626891 
0.1528175 
0.1507003 
0.1566951 
0.1520895 
0.1526852 
0.1658035 
0.1565211 
0.1586518 
0.1585913 
0.1446972 
0.1553184 
0.1546672 
0.1438781 
0.1394040 
0.1389732 
0.1297740 
0.1265106 
0.1335366 
0.1362305 
0.1289924 
0.1232080 
0.1248915 
0.1128215 
0.1185845 
0.1179504 
0.1138257 
0.1195111 
0.1059549 
0.0967742 
0.0924245 
0.0978788 
0.0977639 
0.0972569 
0.1012182 
0.1089084 
0.1063373 
0.1102732 
0.1126585 
0.1108523 
0.1021423 
0.1033694 
0.0913485 
0.0802884 
0.0919967 
0.0973733 
0.0923134 
0.0966099 
0.0950800 
0.1028107 
0.0884789 
0.0742205 
0.0719849 
0.0711263 
0.0853377 
0.0949443 
0.0900771 
0.0931612 
0.0941719 
0.1029848 
0.0847620 
0.0836820 
0.0823840 
0.0826376 
0.0940900 
0.0830262 
0.0757077 
0.0624625 
0.0620955 
0.0709816 
0.0684395 
0.0785931 
0.0726178 
0.0677873 
0.0696186 
0.0565931 
0.0526686 
0.0500537 
0.0495871 
0.0499653 
0.0575597 
0.0500274 
0.0512889 
0.0440569 
0.0375866 
0.0354564 
0.0403815 
0.0479501 
0.0477923 
0.0450536 
0.0343624 
0.0369414 
0.0516092 
0.0543203 
0.0623421 
0.0628228 
0.0510848 
0.0383704 
0.0382279 
0.0296448 
0.0405609 
0.0322597 
0.0433625 
0.0269005 
0.0318891 
0.0258385 
0.0379123 
0.0255879 
0.0188259 
0.0163298 
0.0144485 
0.0158343 
0.0168805 
0.0211746 
0.0184725 
0.0201807 
0.0143885 
0.0239101 
0.0175389 
0.0099000 
0.0105835 
0.0000000 
0.0011226 
0.0030282 
0.0098372 
0.0250497 
0.0295323 
0.0166462 
0.0280478 
0.0173651 
0.0181454 
0.0235240 
0.0321828 
