0.0001969 
0.0000800 
-0.0001057 
0.2197531 
0.0810201 
-0.3763581 
0.8164798 
0.8330729 
0.8327481 
0.8687887 
0.8889993 
0.8605786 
0.8382599 
0.8596224 
0.8455618 
0.8269046 
0.8471747 
0.8474013 
0.8532078 
0.8550644 
0.8667818 
0.8761915 
0.9166746 
0.9134742 
0.9337617 
0.9646139 
0.9732530 
0.9509765 
0.9785881 
0.9624905 
0.9371832 
0.8869939 
0.9231409 
0.9235984 
0.9146887 
0.9144177 
0.9231792 
0.8944948 
0.8936657 
0.8811651 
0.8829304 
0.8818414 
0.9133415 
0.9104426 
0.8917837 
0.9410232 
0.9287142 
0.9129759 
0.9189121 
0.9206760 
0.9204572 
0.9324723 
0.9440441 
0.9219954 
0.9239857 
0.9127246 
0.8938432 
0.8675425 
0.8566879 
0.8486017 
0.8329711 
0.8236621 
0.8219486 
0.7830171 
0.7963709 
0.7625979 
0.7782533 
0.7443646 
0.7220475 
0.7054940 
0.6745566 
0.6636200 
0.6767456 
0.6494428 
0.6699905 
0.6513203 
0.6348748 
0.6446499 
0.6447678 
0.6267429 
0.6414782 
0.6640209 
0.6800375 
0.6874868 
0.6941523 
0.7239221 
0.7421558 
0.7529925 
0.7604876 
0.7691784 
0.8020466 
0.8473265 
0.8856146 
0.9279423 
0.9384459 
0.9553837 
0.9533032 
0.9898837 
1.0000000 
0.9816157 
0.9860567 
0.9879917 
0.9677651 
0.9644048 
0.9648524 
0.9494668 
0.9204623 
0.9286755 
0.9143394 
0.8945161 
0.8592314 
0.8052886 
0.8092739 
0.7517932 
0.7230166 
0.7293121 
0.7355621 
0.6924402 
0.7116089 
0.7006894 
0.7046419 
0.7078227 
0.6858993 
0.7030577 
0.7080410 
0.6736423 
0.6907387 
0.7060844 
0.7121865 
0.7200762 
0.7279338 
0.7528194 
0.7599464 
0.7819007 
0.7844347 
0.8025118 
0.8190033 
0.8057373 
0.8258458 
0.8345799 
0.8169813 
0.8379773 
0.8555027 
0.8558815 
0.8687899 
0.8596330 
0.8468795 
0.8568506 
0.8647020 
0.8568710 
0.8486899 
0.8431146 
0.8265297 
0.8174663 
0.7934665 
0.7753231 
0.7743549 
0.7825370 
0.7434089 
0.7224562 
0.7737130 
0.7586635 
0.7378187 
0.7328306 
0.7303935 
0.7105445 
0.7143836 
0.7408214 
0.7493795 
0.7565491 
0.7600829 
0.7606876 
0.7728949 
0.7795511 
0.7887854 
0.7961515 
0.8065584 
0.8175461 
0.8032712 
0.8060991 
0.8160884 
0.8192931 
0.8300388 
0.8353450 
0.8475150 
0.8386528 
0.8136975 
0.8122630 
0.7981152 
0.8046272 
0.7818945 
0.8002315 
0.7757031 
0.7820496 
0.7734837 
0.7574617 
0.7679559 
0.7465132 
0.7650964 
0.7820620 
0.7615557 
0.7523709 
0.7531483 
0.7586365 
0.7413312 
0.7391394 
0.7201963 
0.7268236 
0.6998295 
0.7080150 
0.7247049 
0.7215578 
0.7344507 
0.7585381 
0.7612788 
0.7866910 
0.7975983 
0.8005320 
0.8104435 
0.8244922 
0.8275425 
0.8459464 
0.8643604 
0.8550901 
0.8600642 
0.8748083 
0.8575340 
0.8285628 
0.8158656 
0.8185075 
0.8025028 
0.8214840 
0.8064350 
0.7943644 
0.7905561 
0.7762099 
0.7801974 
0.7763949 
0.7930247 
0.7815399 
0.8148297 
0.8297116 
0.8295955 
0.8233590 
0.8025894 
0.8016493 
0.8058570 
0.7803069 
0.8047864 
0.8614667 
0.8319502 
0.8118736 
0.8234497 
0.8161458 
0.8102113 
0.8112445 
0.8167298 
0.8218003 
0.8545744 
0.8446966 
0.8485031 
0.8354316 
0.8174854 
0.8059124 
0.7983168 
0.7962784 
0.7960976 
0.8087884 
0.7924094 
0.7862372 
0.7850617 
0.7485957 
0.7577860 
0.7581223 
0.7258498 
0.7100975 
0.7141951 
0.7306234 
0.7195643 
0.6953556 
0.6957501 
0.6871783 
0.7046380 
0.6950048 
0.6922057 
0.6836717 
0.7048676 
0.7155986 
0.7314362 
0.7462860 
0.7592727 
0.7679637 
0.7796803 
0.7842229 
0.7688567 
0.7751700 
0.7740229 
0.7612331 
0.7427356 
0.7685766 
0.7710620 
0.7697512 
0.7738763 
0.7596287 
0.7484950 
0.7516128 
0.7477530 
0.7428845 
0.7413142 
0.7224783 
0.7454919 
0.7450663 
0.7384741 
0.7236606 
0.7288837 
0.7565948 
0.7933439 
0.8088865 
0.8047944 
0.7731005 
0.7463161 
0.7607912 
0.7815342 
0.7938936 
0.7892371 
0.8168516 
0.8272193 
0.8404594 
0.8434193 
0.8576851 
0.8525210 
0.8949479 
0.8732504 
0.9204368 
0.9198937 
0.9127809 
0.9280996 
0.9166874 
0.9080772 
0.9204864 
0.9054399 
0.9211505 
0.9552587 
0.9293280 
0.8918424 
0.8804848 
0.8883491 
0.8621690 
0.8414276 
0.8195539 
0.8215522 
0.8089333 
0.8106070 
0.7881578 
0.7763602 
0.7597927 
0.7444327 
0.7238315 
0.7064211 
0.6947916 
0.6861119 
0.6904694 
0.6740655 
0.6532203 
0.6618855 
0.6467566 
0.6615438 
0.6476872 
0.6758751 
0.6674033 
0.6675289 
0.6695307 
0.6967058 
0.7087474 
0.7119582 
0.7151354 
0.7381784 
0.7505569 
0.7487677 
0.7603668 
0.7650734 
0.7748145 
0.7926840 
0.8129914 
0.8037892 
0.8101725 
0.8220072 
0.8539572 
0.8457060 
0.8353415 
0.8413908 
0.8302769 
0.8359204 
0.8183894 
0.8288362 
0.8284879 
0.7949914 
0.8028163 
0.7814828 
0.7834869 
0.7761740 
0.7752643 
0.7591032 
0.7624100 
0.7387650 
0.7319411 
0.7218410 
0.7371435 
0.6907620 
0.7016455 
0.7033400 
0.6854493 
0.7108175 
0.7482850 
0.7356831 
0.7574661 
0.7262024 
0.7307014 
0.7289186 
0.7272392 
0.7376633 
0.7639534 
0.7701675 
0.7902808 
0.7802487 
0.7876191 
0.8007060 
0.7829574 
0.7866628 
0.8051896 
0.8205495 
0.8275276 
0.8398281 
0.8464318 
0.8611088 
0.8640274 
0.8775928 
0.8536923 
0.8649885 
0.8738205 
0.8516416 
0.8319302 
0.8147887 
0.7621370 
0.7434117 
0.7150925 
0.7178990 
0.6838646 
0.6844838 
0.6794949 
0.6666745 
0.6953487 
0.7173396 
0.7145310 
0.7019423 
0.7241323 
0.7198658 
0.7171059 
0.7213514 
0.7165241 
0.7272784 
0.7300885 
0.7036035 
0.7171498 
0.7229313 
0.7163865 
0.7053219 
0.7120651 
0.7261668 
0.7277218 
0.7429815 
0.7547566 
0.7362704 
0.7286522 
0.7405294 
0.7371599 
0.7317845 
0.7579046 
0.7469047 
0.7395004 
0.7608091 
0.7693097 
0.7347101 
0.7428196 
0.7507459 
0.7221367 
0.7214393 
0.7545691 
0.7387734 
0.7412560 
0.7466450 
0.7363030 
0.7377212 
0.7328124 
0.7189624 
0.7232604 
0.7390428 
0.7591989 
0.7577628 
0.7509608 
0.7531169 
0.7554991 
0.7341101 
0.7358464 
0.7400676 
0.7326652 
0.7245634 
0.7405464 
0.7444333 
0.7355627 
0.7443756 
0.7246170 
0.7410436 
0.7469525 
0.7839515 
0.7581456 
0.7194262 
0.7020887 
0.6993749 
0.7177549 
0.7116289 
0.6941374 
0.6835255 
0.6786309 
0.7003422 
0.6876550 
0.6675160 
0.6611668 
0.6717001 
0.6645409 
0.6670165 
0.6928137 
0.6692414 
0.6859747 
0.6863393 
0.6975884 
0.7110381 
0.7169628 
0.7144446 
0.7409606 
0.7276023 
0.7478800 
0.7097305 
0.7040902 
0.7278806 
0.7365437 
0.7529736 
0.7692748 
0.7735457 
0.7862320 
0.7836292 
0.7676503 
0.7693379 
0.7913713 
0.7761582 
0.7656444 
0.7757720 
0.8019130 
0.8299974 
0.8210463 
0.8232498 
0.8057939 
0.8023398 
0.8109918 
0.7904474 
0.7955748 
0.8033627 
0.7992403 
0.8118722 
0.7967422 
0.7953608 
0.7707152 
0.7739863 
0.7725560 
0.7953577 
0.7817956 
0.7840868 
0.8023632 
0.7824951 
0.7669650 
0.7700117 
0.7581929 
0.7602872 
0.7940243 
0.7731300 
0.7656936 
0.7387794 
0.7227013 
0.7113871 
0.7292912 
0.7311653 
0.7096829 
0.7159640 
0.7082856 
0.7310448 
0.6978667 
0.7058882 
0.6947477 
0.6946616 
0.6651372 
0.6802240 
0.6794584 
0.6664575 
0.6869901 
0.6890935 
0.6942237 
0.6792243 
0.6851750 
0.6812576 
0.6722142 
0.6426720 
0.6316570 
0.6139867 
0.6179484 
0.6027689 
0.6406733 
0.6325043 
0.6082935 
0.6153609 
0.6246874 
0.6852108 
0.6930285 
0.6991735 
0.6065082 
0.5869438 
0.5995753 
0.6266858 
0.6732120 
0.6846250 
0.6854478 
0.6908720 
0.7092622 
0.7262126 
0.7258655 
0.7310283 
0.7185522 
0.7321372 
0.7293721 
0.7309564 
0.7073424 
0.7099118 
0.7247939 
0.7244213 
0.6858096 
0.7168780 
0.7092386 
0.6908246 
0.6890608 
0.6790435 
0.6587620 
0.6516168 
0.6472721 
0.6632723 
0.6536119 
0.6599683 
0.6734951 
0.6702477 
0.6772002 
0.6703153 
0.6820634 
0.6855380 
0.6915597 
0.6947706 
0.7260287 
0.6974139 
0.6929658 
0.6841183 
0.7100046 
0.7208781 
0.7337688 
0.7405787 
0.7064989 
0.7265187 
0.7130691 
0.6908584 
0.6731741 
0.6967968 
0.6960013 
0.7230306 
0.7389567 
0.7216019 
0.7354244 
0.7267276 
0.7536207 
0.7292202 
0.7386359 
0.7347322 
0.7091027 
0.7165567 
0.7035860 
0.7004237 
0.7031192 
0.7191639 
0.6785457 
0.6754074 
0.6831203 
0.6784912 
0.6705602 
0.6781108 
0.6730355 
0.6754246 
0.6599595 
0.6651582 
0.6792495 
0.6881578 
0.6730759 
0.6870648 
0.6789677 
0.6428490 
0.6678489 
0.6615151 
0.6465653 
0.6540422 
0.6483633 
0.6688940 
0.6522876 
0.6314763 
0.6809783 
0.6583384 
0.6375970 
0.6395766 
0.6486681 
0.6617695 
0.6522901 
0.6448318 
0.6481154 
0.6131718 
0.6247744 
0.6205041 
0.6421404 
0.6271352 
0.6184510 
0.6309311 
0.6456281 
0.5786156 
0.6416945 
0.6752688 
0.6673494 
0.6562577 
0.6574065 
0.6611222 
0.6681291 
0.6637262 
0.6453333 
0.6348715 
0.6225761 
0.6479377 
0.6394852 
0.6454726 
0.6596376 
0.6496422 
0.6360591 
0.6448444 
0.6425254 
0.6542164 
0.6482072 
0.6557295 
0.6421301 
0.6666888 
0.6760902 
0.6776696 
0.6823451 
0.6685704 
0.6647723 
0.6727664 
0.6567948 
0.6695665 
0.6752232 
0.6564351 
0.6653777 
0.7052690 
0.6896667 
0.6700743 
0.6762713 
0.7057085 
0.6915085 
0.7013437 
0.6959110 
0.6781082 
0.6997645 
0.6704349 
0.6671001 
0.6663603 
0.6463417 
0.6590662 
0.6281878 
0.6328209 
0.6210843 
0.6413598 
0.6418312 
0.6203275 
0.6250924 
0.6344694 
0.6756341 
0.6637129 
0.6346275 
0.6423487 
0.6544653 
0.6430926 
0.6571417 
0.6497448 
0.6405434 
0.6349870 
0.6639290 
0.6732948 
0.6936782 
0.6803014 
0.7054849 
0.6998329 
0.6973872 
0.7050393 
0.7191601 
0.7137812 
0.7000382 
0.6963588 
0.6986708 
0.6889360 
0.6844411 
0.6839329 
0.7016914 
0.7028817 
0.6899240 
0.6965793 
0.7022663 
0.6931695 
0.6779968 
0.7083841 
0.6810989 
0.6765794 
0.6754845 
0.6760934 
0.7223282 
0.6891150 
0.6902434 
0.6768452 
0.6718507 
0.6741964 
0.6746280 
0.6910594 
0.6697790 
0.6625708 
0.6673833 
0.6655908 
0.6776453 
0.6784944 
0.6572421 
0.6742333 
0.6740001 
0.6406894 
0.6185162 
0.6792510 
0.6606181 
0.6701632 
0.6757169 
0.6915425 
0.6930813 
0.6881453 
0.6893556 
0.6932423 
0.6955719 
0.7057466 
0.6998123 
0.7138168 
0.6801492 
0.6745331 
0.6807704 
0.6799259 
0.6666112 
0.6590310 
0.6679403 
0.6580614 
0.6572167 
0.6187314 
0.6057448 
0.6373294 
0.6226699 
0.6135185 
0.6261934 
0.6118576 
0.6174713 
0.6159360 
0.6162423 
0.6180186 
0.6029695 
0.6411789 
0.6251654 
0.5994277 
0.5280755 
0.5390805 
0.5196776 
0.5406804 
0.5339877 
0.5827084 
0.6016671 
0.6193167 
0.6263836 
0.5993179 
0.5825093 
0.5870562 
0.6226352 
0.6372652 
0.6468241 
0.6584969 
0.6613502 
0.6533525 
0.6479992 
0.6510265 
0.6703707 
0.6684073 
0.6851465 
0.6671002 
0.6339337 
0.6357173 
0.6581921 
0.6809534 
0.6501106 
0.6801407 
0.6647855 
0.6724940 
0.6900745 
0.6528307 
0.6641595 
0.6498909 
0.6523792 
0.6624522 
0.6740704 
0.6408211 
0.6293081 
0.6199797 
0.6046791 
0.6180616 
0.6026511 
0.5873212 
0.6023528 
0.5826873 
0.5598438 
0.5734400 
0.5833134 
0.5638872 
0.5658741 
0.5596976 
0.5610008 
0.5563875 
0.5610952 
0.5921832 
0.6073958 
0.5980240 
0.6179209 
0.6205255 
0.6056573 
0.6214203 
0.6078602 
0.6112262 
0.5809584 
0.6001284 
0.6104910 
0.6106605 
0.6156643 
0.6023301 
0.5964996 
0.5958749 
0.5922437 
0.6050115 
0.5747754 
0.5728506 
0.5944093 
0.5908542 
0.5733398 
0.5638639 
0.5893319 
0.6068175 
0.6090457 
0.6134344 
0.6263025 
0.6117944 
0.6168744 
0.6020582 
0.5916662 
0.5791125 
0.5834554 
0.5908398 
0.6151961 
0.6141782 
0.6280424 
0.6196371 
0.6103730 
0.6259608 
0.6409253 
0.6384723 
0.6398004 
0.6343453 
0.6194946 
0.6449657 
0.6090286 
0.5987773 
0.6111273 
0.5985153 
0.6028782 
0.6239611 
0.6323324 
0.6406767 
0.6411029 
0.6226335 
0.6448468 
0.6281588 
0.6172995 
0.6208631 
0.6297777 
0.6315606 
0.6386782 
0.6488149 
0.6295031 
0.6215612 
0.5990109 
0.6021763 
0.6058256 
0.6228658 
0.6189616 
0.6274258 
0.6215774 
0.6146272 
0.6514126 
0.6046066 
0.6202950 
0.6188932 
0.5820854 
0.6132260 
0.6558123 
0.6187363 
0.5782274 
0.5856858 
0.5896444 
0.5866628 
0.5962521 
0.5993520 
0.5723014 
0.5815673 
0.5825812 
0.5870389 
0.5866157 
0.5876380 
0.5728852 
0.5714295 
0.5738331 
0.5794252 
0.5899464 
0.5813373 
0.5757326 
0.5656992 
0.5803036 
0.5895616 
0.5783683 
0.5770504 
0.5745921 
0.5779817 
0.6034870 
0.5834945 
0.5946509 
0.5988787 
0.5735016 
0.6166681 
0.6086295 
0.5913672 
0.5870858 
0.5859569 
0.5830687 
0.5623070 
0.5535489 
0.5359130 
0.5468626 
0.5767337 
0.5773933 
0.6144310 
0.6115263 
0.6019426 
0.5940293 
0.5935289 
0.5913572 
0.5901364 
0.5716391 
0.5818155 
0.5663604 
0.5672654 
0.5788835 
0.5760239 
0.5836788 
0.5978361 
0.6120329 
0.6059209 
0.6197683 
0.6253163 
0.6099918 
0.6016860 
0.5889011 
0.6103655 
0.6325333 
0.6189867 
0.5973472 
0.5902270 
0.5867073 
0.5876966 
0.5852684 
0.5664068 
0.5636456 
0.5572442 
0.5500682 
0.5559979 
0.5621936 
0.5741268 
0.5730018 
0.5458294 
0.5512819 
0.5473402 
0.5665964 
0.5738816 
0.5826819 
0.5753392 
0.5728906 
0.5901125 
0.5783637 
0.5843891 
0.5969498 
0.6289034 
0.6364133 
0.6360013 
0.6213738 
0.6197981 
0.6471175 
0.6300512 
0.6276319 
0.6198117 
0.6484911 
0.6419991 
0.6539922 
0.6290376 
0.6480642 
0.6308927 
0.6185465 
0.5952812 
0.5921760 
0.5798686 
0.5886095 
0.5955346 
0.5955128 
0.5850231 
0.5490228 
0.5699855 
0.6051490 
0.5927825 
0.5706100 
0.5842331 
0.6320650 
0.6177928 
0.6267135 
0.5971275 
0.5976333 
0.5941933 
0.5921925 
0.5635073 
0.5820827 
0.5909619 
0.5772999 
0.5715870 
0.5884534 
0.5961771 
0.5864498 
0.6098810 
0.5843277 
0.5538198 
0.5931781 
0.5690843 
0.5935875 
0.5960258 
0.6037586 
0.5982371 
0.5789453 
0.5732014 
0.5679200 
0.5924531 
0.5552647 
0.5441358 
0.5476857 
0.5315170 
0.5129276 
0.5268874 
0.4827289 
0.4904701 
0.4727495 
0.4598110 
0.4587404 
0.4366153 
0.4479776 
0.4321338 
0.4173586 
0.4410857 
0.4457398 
0.4416493 
0.4546843 
0.5120120 
0.5317630 
0.5366703 
0.5605714 
0.5636028 
0.5517973 
0.5588629 
0.5511130 
0.5601929 
0.5386730 
0.5326672 
0.5412611 
0.5384049 
0.5308042 
0.5055147 
0.5187522 
0.5450093 
0.5136140 
0.5085206 
0.5429539 
0.5204937 
0.4996569 
0.4963743 
0.5045457 
0.4877041 
0.4797126 
0.4832546 
0.4827532 
0.4600829 
0.4697209 
0.4710761 
0.4837350 
0.4565967 
0.4447006 
0.4519291 
0.4356246 
0.4183961 
0.4146321 
0.4296191 
0.3991227 
0.3832944 
0.4048246 
0.3735168 
0.3843197 
0.3957596 
0.3964634 
0.4010791 
0.3853467 
0.3956058 
0.3851665 
0.3959543 
0.4144840 
0.4239581 
0.3931508 
0.3994961 
0.4121123 
0.3917058 
0.3974121 
0.3838286 
0.3793989 
0.4224181 
0.4155416 
0.4112676 
0.4132755 
0.4189272 
0.4052112 
0.3872557 
0.4078472 
0.3611842 
0.3793683 
0.3805070 
0.3789546 
0.4059909 
0.3807403 
0.3842792 
0.3935573 
0.3850119 
0.3785436 
0.3722250 
0.3709543 
0.4050590 
0.3838497 
0.3684198 
0.3859936 
0.3595128 
0.3759889 
0.3631288 
0.3495126 
0.3183408 
0.2962392 
0.3369418 
0.3306705 
0.3121383 
0.3592153 
0.3545693 
0.3587635 
0.3650090 
0.3703692 
0.3692141 
0.3680580 
0.3488744 
0.3314281 
0.3295412 
0.3326235 
0.3675621 
0.3285644 
0.3348823 
0.3271680 
0.3031204 
0.3457408 
0.3381313 
0.3145437 
0.2963841 
0.3164936 
0.2971996 
0.2963341 
0.2970915 
0.2994652 
0.3075792 
0.2836165 
0.3226602 
0.3124612 
0.2829547 
0.2923808 
0.2971398 
0.3203395 
0.2837255 
0.2668828 
0.2886686 
0.3157903 
0.2644664 
0.3049083 
0.2733790 
0.2910532 
0.2691743 
0.2451496 
0.2886974 
0.2877567 
0.2697298 
0.2778873 
0.2604031 
0.2673583 
0.2533364 
0.2683074 
0.2501040 
0.2510728 
0.2507175 
0.2347207 
0.2736328 
0.2558781 
0.2653999 
0.2603309 
0.2037423 
0.2492372 
0.2443574 
0.2299647 
0.2297494 
0.2367583 
0.1954406 
0.1922639 
0.1906141 
0.1921807 
0.1814300 
0.1742812 
0.1707235 
0.1621334 
0.1835032 
0.1736590 
0.1781761 
0.1597852 
0.1587954 
0.1446667 
0.1579699 
0.1070940 
0.1425825 
0.1271553 
0.1117348 
0.1485043 
0.1050117 
0.0911827 
0.0761639 
0.0643080 
0.1074276 
0.1122162 
0.1146387 
0.0894798 
0.0839882 
0.1114053 
0.0682090 
0.1440718 
0.1189576 
0.1113415 
0.0730473 
0.0670347 
0.0840078 
0.0674260 
0.0619932 
0.0423052 
0.0560531 
0.0652881 
0.0950692 
0.0416863 
0.0421881 
0.0830837 
0.0566229 
0.0725027 
0.1255343 
0.1485821 
0.1671105 
0.1552922 
0.1190980 
0.1340132 
0.0753445 
0.0678830 
0.0442562 
0.0233331 
0.0407466 
0.0000000 
