-0.0000677 
0.0001733 
-0.0001795 
-0.2422543 
-0.1491982 
-0.2412444 
0.9645709 
0.9643873 
0.9623866 
0.9638871 
0.9632703 
0.9625983 
0.9617333 
0.9672447 
0.9622749 
0.9627441 
0.9648554 
0.9683545 
0.9634648 
0.9605973 
0.9576592 
0.9566538 
0.9632553 
0.9664272 
0.9627400 
0.9637921 
0.9633310 
0.9629310 
0.9609904 
0.9570565 
0.9589449 
0.9575468 
0.9539827 
0.9539073 
0.9536825 
0.9598967 
0.9599936 
0.9618760 
0.9623497 
0.9645903 
0.9647182 
0.9659599 
0.9651677 
0.9662858 
0.9609807 
0.9625474 
0.9634156 
0.9638638 
0.9643111 
0.9649292 
0.9664799 
0.9655233 
0.9617408 
0.9630590 
0.9628218 
0.9621412 
0.9593516 
0.9600957 
0.9588361 
0.9588271 
0.9553166 
0.9611380 
0.9623373 
0.9629193 
0.9639577 
0.9613209 
0.9606856 
0.9598247 
0.9600310 
0.9616722 
0.9591672 
0.9594976 
0.9603697 
0.9601800 
0.9589466 
0.9642977 
0.9604199 
0.9595564 
0.9573483 
0.9549292 
0.9557966 
0.9554229 
0.9568290 
0.9590327 
0.9572321 
0.9548275 
0.9582884 
0.9559305 
0.9558813 
0.9566735 
0.9571924 
0.9562327 
0.9539578 
0.9537792 
0.9525614 
0.9543525 
0.9439117 
0.9402360 
0.9431898 
0.9423679 
0.9428862 
0.9422361 
0.9448562 
0.9476431 
0.9461988 
0.9455331 
0.9454180 
0.9434703 
0.9468304 
0.9459426 
0.9453697 
0.9475799 
0.9481358 
0.9403885 
0.9443700 
0.9433318 
0.9457167 
0.9467120 
0.9461449 
0.9428561 
0.9496270 
0.9496828 
0.9482041 
0.9405826 
0.9413574 
0.9424378 
0.9414175 
0.9393936 
0.9422731 
0.9382116 
0.9374674 
0.9378353 
0.9393513 
0.9424814 
0.9433317 
0.9419218 
0.9453299 
0.9462771 
0.9444600 
0.9457062 
0.9429564 
0.9374249 
0.9379033 
0.9344860 
0.9321123 
0.9339985 
0.9323756 
0.9356737 
0.9361263 
0.9362220 
0.9395725 
0.9379086 
0.9410651 
0.9489033 
0.9503610 
0.9516109 
0.9530591 
0.9507861 
0.9465984 
0.9486712 
0.9488892 
0.9516473 
0.9480422 
0.9487833 
0.9499254 
0.9470944 
0.9451896 
0.9437057 
0.9390962 
0.9403676 
0.9410997 
0.9444396 
0.9453443 
0.9472039 
0.9487185 
0.9499380 
0.9510398 
0.9532363 
0.9480217 
0.9473035 
0.9483465 
0.9462801 
0.9465294 
0.9465378 
0.9501277 
0.9486815 
0.9490473 
0.9526936 
0.9491184 
0.9511228 
0.9507062 
0.9548595 
0.9544867 
0.9539223 
0.9533250 
0.9549856 
0.9531904 
0.9515712 
0.9499224 
0.9461108 
0.9518310 
0.9513468 
0.9557627 
0.9586868 
0.9581297 
0.9570050 
0.9614611 
0.9625667 
0.9630800 
0.9610314 
0.9578716 
0.9571371 
0.9571790 
0.9565052 
0.9592354 
0.9622073 
0.9590477 
0.9616510 
0.9610550 
0.9608524 
0.9596160 
0.9570134 
0.9580085 
0.9566362 
0.9608172 
0.9662605 
0.9673137 
0.9675650 
0.9632049 
0.9659279 
0.9656977 
0.9650739 
0.9633847 
0.9672340 
0.9667810 
0.9654959 
0.9620600 
0.9634197 
0.9619760 
0.9590823 
0.9669314 
0.9655827 
0.9671832 
0.9643035 
0.9629192 
0.9618949 
0.9618484 
0.9618168 
0.9657232 
0.9598421 
0.9575210 
0.9587992 
0.9582058 
0.9573868 
0.9588820 
0.9536901 
0.9526231 
0.9564407 
0.9608282 
0.9600229 
0.9588544 
0.9560464 
0.9551088 
0.9584713 
0.9588679 
0.9605993 
0.9635936 
0.9619203 
0.9646699 
0.9637869 
0.9658292 
0.9637978 
0.9661031 
0.9668244 
0.9669957 
0.9648584 
0.9616757 
0.9629400 
0.9645840 
0.9609356 
0.9627971 
0.9604784 
0.9585339 
0.9585973 
0.9580041 
0.9572755 
0.9610553 
0.9583511 
0.9555786 
0.9572475 
0.9587519 
0.9605615 
0.9569100 
0.9566734 
0.9575140 
0.9547050 
0.9557567 
0.9545205 
0.9577825 
0.9580585 
0.9580393 
0.9612866 
0.9566705 
0.9560717 
0.9563189 
0.9564451 
0.9579517 
0.9601377 
0.9619050 
0.9607592 
0.9588500 
0.9618178 
0.9639996 
0.9624470 
0.9655625 
0.9668475 
0.9685603 
0.9690110 
0.9661364 
0.9671302 
0.9647700 
0.9653816 
0.9689481 
0.9672178 
0.9674548 
0.9689089 
0.9710407 
0.9695627 
0.9743834 
0.9741931 
0.9754003 
0.9726876 
0.9771779 
0.9790341 
0.9793809 
0.9752286 
0.9749760 
0.9724143 
0.9742153 
0.9753637 
0.9747695 
0.9766976 
0.9756533 
0.9811623 
0.9830945 
0.9844051 
0.9804847 
0.9792796 
0.9774700 
0.9760765 
0.9760618 
0.9771005 
0.9772185 
0.9761207 
0.9771204 
0.9776422 
0.9769029 
0.9802592 
0.9786263 
0.9779557 
0.9770015 
0.9772901 
0.9772352 
0.9758827 
0.9793660 
0.9772399 
0.9794456 
0.9780196 
0.9767527 
0.9774885 
0.9766825 
0.9761589 
0.9798524 
0.9811499 
0.9818895 
0.9829850 
0.9836716 
0.9831019 
0.9867171 
0.9840744 
0.9818152 
0.9853999 
0.9841542 
0.9811845 
0.9789232 
0.9818805 
0.9809002 
0.9802367 
0.9800222 
0.9807599 
0.9778298 
0.9783082 
0.9811711 
0.9824338 
0.9818607 
0.9825390 
0.9822971 
0.9791882 
0.9800512 
0.9805311 
0.9818352 
0.9829251 
0.9815780 
0.9815224 
0.9798222 
0.9807126 
0.9841237 
0.9837400 
0.9851153 
0.9878477 
0.9876210 
0.9868721 
0.9847965 
0.9838173 
0.9811140 
0.9856901 
0.9775772 
0.9771998 
0.9810854 
0.9818663 
0.9820401 
0.9832417 
0.9840110 
0.9817967 
0.9801258 
0.9820526 
0.9875426 
0.9875189 
0.9859829 
0.9878820 
0.9882231 
0.9845558 
0.9860200 
0.9827977 
0.9874573 
0.9855135 
0.9847174 
0.9854365 
0.9874721 
0.9850596 
0.9867351 
0.9863502 
0.9854091 
0.9852849 
0.9912338 
0.9890330 
0.9895385 
0.9906793 
0.9873487 
0.9876668 
0.9892101 
0.9901900 
0.9904322 
0.9889952 
0.9909048 
0.9890516 
0.9931945 
0.9947828 
0.9943095 
0.9880495 
0.9950198 
0.9957313 
0.9953728 
0.9933721 
0.9922554 
0.9901830 
0.9919196 
0.9934161 
0.9933305 
0.9977349 
0.9931811 
0.9932238 
0.9936136 
0.9911751 
0.9905202 
0.9905109 
0.9891143 
0.9923515 
0.9914020 
0.9924269 
0.9912526 
0.9920659 
0.9897777 
0.9901394 
0.9920357 
0.9922976 
0.9929169 
0.9943113 
0.9971756 
0.9974631 
0.9971165 
0.9968716 
0.9941111 
0.9913343 
0.9898669 
0.9927422 
0.9947804 
0.9949360 
0.9954788 
0.9974258 
0.9979532 
0.9946105 
0.9926817 
0.9946900 
0.9895958 
0.9915173 
0.9896439 
0.9847482 
0.9856725 
0.9880232 
0.9876319 
0.9866450 
0.9854132 
0.9824643 
0.9879683 
0.9890611 
0.9915893 
0.9919401 
0.9925364 
0.9948660 
1.0000000 
0.9965576 
0.9954128 
0.9976275 
0.9970407 
0.9968136 
0.9951551 
0.9973454 
0.9967857 
0.9895690 
0.9845795 
0.9827834 
0.9810404 
0.9803366 
0.9830679 
0.9817397 
0.9824796 
0.9809444 
0.9850148 
0.9868764 
0.9871278 
0.9873887 
0.9846391 
0.9854836 
0.9826947 
0.9836443 
0.9843527 
0.9863727 
0.9890071 
0.9854763 
0.9860778 
0.9832215 
0.9853013 
0.9821917 
0.9833792 
0.9814377 
0.9821723 
0.9809032 
0.9802355 
0.9823863 
0.9823855 
0.9829418 
0.9806011 
0.9825276 
0.9863002 
0.9849609 
0.9824640 
0.9810201 
0.9810603 
0.9811096 
0.9811582 
0.9766966 
0.9794263 
0.9784794 
0.9800935 
0.9838756 
0.9765050 
0.9780761 
0.9793397 
0.9764373 
0.9771835 
0.9774062 
0.9778237 
0.9770736 
0.9829199 
0.9811034 
0.9781416 
0.9779782 
0.9766266 
0.9759813 
0.9768268 
0.9739682 
0.9746047 
0.9765084 
0.9751908 
0.9706657 
0.9699360 
0.9700336 
0.9708658 
0.9712384 
0.9723460 
0.9704224 
0.9709519 
0.9700226 
0.9683859 
0.9647323 
0.9621517 
0.9743008 
0.9767115 
0.9753987 
0.9697457 
0.9683815 
0.9672623 
0.9678935 
0.9691411 
0.9698901 
0.9679693 
0.9666991 
0.9635000 
0.9631873 
0.9621663 
0.9639825 
0.9636901 
0.9628704 
0.9638881 
0.9621559 
0.9633817 
0.9635495 
0.9677246 
0.9693030 
0.9688622 
0.9702685 
0.9689995 
0.9656019 
0.9650199 
0.9627737 
0.9638296 
0.9611618 
0.9631751 
0.9663677 
0.9664721 
0.9644149 
0.9655444 
0.9649519 
0.9639840 
0.9637857 
0.9643715 
0.9610319 
0.9588978 
0.9577266 
0.9589613 
0.9606556 
0.9641240 
0.9579373 
0.9585033 
0.9606884 
0.9613054 
0.9613383 
0.9591290 
0.9596195 
0.9565705 
0.9576461 
0.9561921 
0.9546047 
0.9560463 
0.9530200 
0.9524629 
0.9564279 
0.9558282 
0.9540954 
0.9570023 
0.9573097 
0.9544764 
0.9565698 
0.9553850 
0.9532078 
0.9513814 
0.9494641 
0.9499929 
0.9505632 
0.9480241 
0.9511782 
0.9513683 
0.9507551 
0.9484078 
0.9503963 
0.9496676 
0.9481932 
0.9490631 
0.9473571 
0.9511447 
0.9503046 
0.9510720 
0.9497433 
0.9496250 
0.9491869 
0.9525810 
0.9496933 
0.9517099 
0.9500705 
0.9479850 
0.9436986 
0.9418112 
0.9432242 
0.9477266 
0.9442819 
0.9439799 
0.9445253 
0.9414565 
0.9399462 
0.9408253 
0.9378300 
0.9377612 
0.9378078 
0.9401547 
0.9414568 
0.9411811 
0.9411037 
0.9351024 
0.9298629 
0.9328008 
0.9306185 
0.9295857 
0.9313347 
0.9299492 
0.9300810 
0.9262146 
0.9245863 
0.9252764 
0.9258917 
0.9248022 
0.9247387 
0.9238376 
0.9233398 
0.9226780 
0.9206150 
0.9217969 
0.9215092 
0.9176345 
0.9193517 
0.9170928 
0.9202292 
0.9197186 
0.9188573 
0.9214488 
0.9197770 
0.9196637 
0.9214642 
0.9181060 
0.9176328 
0.9168840 
0.9171418 
0.9030147 
0.9044226 
0.9030180 
0.9034412 
0.9074424 
0.9128304 
0.9123431 
0.9120899 
0.9143860 
0.9154412 
0.9131628 
0.9117125 
0.9096742 
0.9100189 
0.9062794 
0.9044919 
0.9003928 
0.8980060 
0.9006783 
0.9019503 
0.9026808 
0.9032809 
0.9008725 
0.8972572 
0.8998662 
0.8960367 
0.8990863 
0.8991110 
0.8979979 
0.8914979 
0.8947774 
0.8905190 
0.8899129 
0.8883031 
0.8899967 
0.8930837 
0.8948773 
0.8976938 
0.8967151 
0.8936736 
0.8874632 
0.8876271 
0.8869718 
0.8902092 
0.8903381 
0.8874280 
0.8887262 
0.8879696 
0.8896098 
0.8870852 
0.8887166 
0.8881560 
0.8892510 
0.8858660 
0.8885171 
0.8898060 
0.8834525 
0.8822044 
0.8817352 
0.8818338 
0.8859808 
0.8819971 
0.8815771 
0.8777682 
0.8792714 
0.8784040 
0.8758802 
0.8749539 
0.8792414 
0.8779924 
0.8755571 
0.8776730 
0.8790487 
0.8758354 
0.8776729 
0.8760806 
0.8761759 
0.8763702 
0.8742331 
0.8724031 
0.8715083 
0.8657983 
0.8617466 
0.8626000 
0.8667306 
0.8642717 
0.8625341 
0.8595973 
0.8586525 
0.8630280 
0.8626286 
0.8619747 
0.8600648 
0.8615781 
0.8610916 
0.8614125 
0.8585175 
0.8541216 
0.8557874 
0.8643228 
0.8644759 
0.8641665 
0.8615867 
0.8609001 
0.8597004 
0.8576057 
0.8629025 
0.8622597 
0.8619963 
0.8594164 
0.8502547 
0.8519222 
0.8525438 
0.8529959 
0.8506906 
0.8453894 
0.8464039 
0.8462063 
0.8444199 
0.8480646 
0.8458355 
0.8465434 
0.8475924 
0.8458857 
0.8455951 
0.8494551 
0.8465821 
0.8486729 
0.8463979 
0.8416925 
0.8447107 
0.8435158 
0.8404866 
0.8408494 
0.8426621 
0.8420087 
0.8431003 
0.8355529 
0.8388524 
0.8395001 
0.8381592 
0.8352366 
0.8322940 
0.8323926 
0.8301578 
0.8308253 
0.8345128 
0.8338752 
0.8343436 
0.8336514 
0.8315953 
0.8371496 
0.8336666 
0.8365977 
0.8357048 
0.8345293 
0.8296849 
0.8311093 
0.8287397 
0.8274673 
0.8268373 
0.8247435 
0.8232492 
0.8231714 
0.8234372 
0.8202498 
0.8215546 
0.8197741 
0.8195035 
0.8199180 
0.8199447 
0.8178275 
0.8160433 
0.8208326 
0.8194215 
0.8191141 
0.8186667 
0.8158925 
0.8164665 
0.8132757 
0.8123512 
0.8104810 
0.8095283 
0.8072461 
0.8067543 
0.8064903 
0.8048321 
0.8057645 
0.8036458 
0.8042581 
0.8059376 
0.8032504 
0.8056006 
0.8030365 
0.8058354 
0.8047077 
0.8056146 
0.8030859 
0.8024171 
0.8032867 
0.8003157 
0.8007541 
0.7984455 
0.7989075 
0.7992834 
0.8010238 
0.8000333 
0.7999017 
0.8008713 
0.8000614 
0.8037392 
0.7975123 
0.7988514 
0.7982444 
0.7935848 
0.7953070 
0.7915330 
0.7877425 
0.7901336 
0.7957758 
0.7895216 
0.7934655 
0.7977513 
0.7983343 
0.7954673 
0.7966719 
0.7967511 
0.7980656 
0.7977454 
0.7980308 
0.7928537 
0.7868367 
0.7871158 
0.7871136 
0.7825152 
0.7882774 
0.7846248 
0.7847679 
0.7852852 
0.7854108 
0.7806211 
0.7730490 
0.7742293 
0.7749277 
0.7735528 
0.7797150 
0.7788371 
0.7811628 
0.7794429 
0.7763422 
0.7762785 
0.7775435 
0.7772980 
0.7758906 
0.7749883 
0.7765991 
0.7784422 
0.7785294 
0.7771280 
0.7708997 
0.7696480 
0.7704274 
0.7701689 
0.7701658 
0.7687512 
0.7670680 
0.7632324 
0.7663440 
0.7633665 
0.7620106 
0.7614435 
0.7661890 
0.7630965 
0.7583372 
0.7610240 
0.7596794 
0.7591369 
0.7615010 
0.7598758 
0.7585498 
0.7571611 
0.7569089 
0.7588520 
0.7574460 
0.7581702 
0.7555034 
0.7577083 
0.7561148 
0.7536154 
0.7493190 
0.7475990 
0.7449642 
0.7460306 
0.7518211 
0.7509539 
0.7500453 
0.7475950 
0.7427861 
0.7446290 
0.7459579 
0.7490631 
0.7463469 
0.7465435 
0.7481894 
0.7517600 
0.7549835 
0.7499166 
0.7476956 
0.7460393 
0.7405095 
0.7400920 
0.7381911 
0.7358335 
0.7317913 
0.7370722 
0.7321375 
0.7324450 
0.7350263 
0.7404581 
0.7392244 
0.7377276 
0.7397671 
0.7373870 
0.7371178 
0.7393283 
0.7404916 
0.7430961 
0.7384544 
0.7381268 
0.7368671 
0.7318538 
0.7339242 
0.7310219 
0.7276307 
0.7258598 
0.7280871 
0.7244877 
0.7286986 
0.7291714 
0.7244949 
0.7232244 
0.7215943 
0.7231112 
0.7227371 
0.7218873 
0.7224418 
0.7226159 
0.7243264 
0.7211508 
0.7204977 
0.7194659 
0.7173655 
0.7148281 
0.7133873 
0.7142281 
0.7129488 
0.7123138 
0.7132910 
0.7156600 
0.7132166 
0.7149466 
0.7131855 
0.7115124 
0.7106490 
0.7058120 
0.7073242 
0.7107271 
0.7073367 
0.7060385 
0.7079670 
0.7088348 
0.7072380 
0.7079767 
0.7053685 
0.7020798 
0.7004970 
0.6996013 
0.6984261 
0.7012971 
0.6998009 
0.6972286 
0.6996552 
0.6977522 
0.6997228 
0.6953833 
0.6976519 
0.6961647 
0.6973114 
0.6973092 
0.6954800 
0.6943465 
0.6981545 
0.6930167 
0.6951806 
0.6921872 
0.6922024 
0.6931990 
0.6904127 
0.6881576 
0.6863867 
0.6854921 
0.6861323 
0.6827125 
0.6807842 
0.6811518 
0.6792275 
0.6799291 
0.6851364 
0.6841042 
0.6823676 
0.6822997 
0.6800869 
0.6767952 
0.6768123 
0.6807365 
0.6819510 
0.6813675 
0.6791983 
0.6760991 
0.6804133 
0.6821203 
0.6814243 
0.6802565 
0.6765668 
0.6728963 
0.6734796 
0.6749197 
0.6781696 
0.6729056 
0.6711299 
0.6718032 
0.6704357 
0.6716415 
0.6692859 
0.6717476 
0.6719341 
0.6698957 
0.6662463 
0.6669582 
0.6645037 
0.6633260 
0.6679327 
0.6649227 
0.6644677 
0.6633272 
0.6667224 
0.6730448 
0.6715239 
0.6730888 
0.6661601 
0.6636077 
0.6639756 
0.6680795 
0.6655411 
0.6620443 
0.6598903 
0.6624011 
0.6636087 
0.6612477 
0.6587804 
0.6558472 
0.6542088 
0.6534880 
0.6531526 
0.6574588 
0.6554361 
0.6525589 
0.6543756 
0.6558160 
0.6523512 
0.6503609 
0.6484090 
0.6487916 
0.6502497 
0.6498940 
0.6479018 
0.6485731 
0.6464216 
0.6471445 
0.6497874 
0.6528837 
0.6527627 
0.6538521 
0.6496798 
0.6507543 
0.6464878 
0.6448617 
0.6467322 
0.6478026 
0.6478256 
0.6423976 
0.6431291 
0.6396689 
0.6431449 
0.6391791 
0.6372623 
0.6387685 
0.6396394 
0.6405144 
0.6421712 
0.6450811 
0.6411261 
0.6340741 
0.6379694 
0.6341593 
0.6368723 
0.6353325 
0.6377295 
0.6329709 
0.6387916 
0.6322071 
0.6319090 
0.6323824 
0.6284211 
0.6251282 
0.6272957 
0.6272616 
0.6252133 
0.6267751 
0.6269678 
0.6249353 
0.6279304 
0.6276704 
0.6272942 
0.6255270 
0.6299410 
0.6291696 
0.6238517 
0.6215617 
0.6239527 
0.6227424 
0.6263825 
0.6270738 
0.6189678 
0.6160821 
0.6181252 
0.6182963 
0.6202572 
0.6173956 
0.6188416 
0.6171159 
0.6160300 
0.6157054 
0.6149933 
0.6133282 
0.6108776 
0.6067324 
0.6078328 
0.6056506 
0.6037437 
0.6023225 
0.6037270 
0.6071466 
0.6065043 
0.6058170 
0.6053598 
0.6057177 
0.6067586 
0.6047431 
0.6003530 
0.6014052 
0.6016417 
0.6009696 
0.6015039 
0.6013551 
0.5980380 
0.6011157 
0.5993110 
0.5982034 
0.6002928 
0.5971998 
0.5973095 
0.5925780 
0.5928088 
0.5957461 
0.5940444 
0.5955411 
0.5957741 
0.5963110 
0.5961011 
0.5936945 
0.5951057 
0.5957308 
0.5934061 
0.5946710 
0.5982979 
0.5950501 
0.5908591 
0.5906366 
0.5937529 
0.5938621 
0.5938796 
0.5900846 
0.5914054 
0.5947646 
0.5923828 
0.5910545 
0.5910556 
0.5869620 
0.5898875 
0.5879171 
0.5871086 
0.5859578 
0.5839518 
0.5807273 
0.5828425 
0.5839921 
0.5807806 
0.5816008 
0.5820172 
0.5788226 
0.5785571 
0.5782018 
0.5766178 
0.5796471 
0.5763666 
0.5751962 
0.5725867 
0.5773980 
0.5763026 
0.5748286 
0.5731613 
0.5731185 
0.5735812 
0.5706209 
0.5698625 
0.5747156 
0.5702335 
0.5716220 
0.5733717 
0.5746287 
0.5723211 
0.5672461 
0.5729031 
0.5675565 
0.5693180 
0.5676028 
0.5662650 
0.5632218 
0.5586060 
0.5580859 
0.5572885 
0.5562879 
0.5542727 
0.5573156 
0.5560383 
0.5571727 
0.5574666 
0.5587737 
0.5592086 
0.5557768 
0.5565572 
0.5588300 
0.5609037 
0.5616457 
0.5603024 
0.5587005 
0.5577249 
0.5492252 
0.5529202 
0.5509211 
0.5518782 
0.5476575 
0.5490944 
0.5484548 
0.5478467 
0.5456119 
0.5428294 
0.5445045 
0.5447686 
0.5470541 
0.5436714 
0.5438432 
0.5418847 
0.5436759 
0.5449859 
0.5473000 
0.5432816 
0.5428786 
0.5399584 
0.5392164 
0.5381360 
0.5360332 
0.5358002 
0.5320614 
0.5342126 
0.5292152 
0.5323147 
0.5310057 
0.5291692 
0.5260034 
0.5289897 
0.5281986 
0.5271069 
0.5297478 
0.5317572 
0.5304216 
0.5302460 
0.5320539 
0.5291054 
0.5285353 
0.5283628 
0.5270831 
0.5312511 
0.5301303 
0.5253188 
0.5274500 
0.5295277 
0.5282598 
0.5258389 
0.5242768 
0.5241372 
0.5253837 
0.5253312 
0.5214658 
0.5234107 
0.5221075 
0.5206098 
0.5223855 
0.5217394 
0.5225355 
0.5233105 
0.5206865 
0.5191529 
0.5179482 
0.5213245 
0.5165461 
0.5160582 
0.5161130 
0.5147470 
0.5110331 
0.5096102 
0.5109139 
0.5107621 
0.5100767 
0.5104213 
0.5097285 
0.5084655 
0.5104958 
0.5115871 
0.5092660 
0.5096784 
0.5087060 
0.5090472 
0.5087109 
0.5084400 
0.5117426 
0.5069830 
0.5057248 
0.5069899 
0.5053501 
0.5084322 
0.5111164 
0.5062576 
0.5061186 
0.5025907 
0.4993770 
0.4978866 
0.5012834 
0.5030893 
0.5069027 
0.5053355 
0.5040245 
0.5039752 
0.5065570 
0.5081173 
0.5079616 
0.5081720 
0.5010421 
0.5064945 
0.5066755 
0.5078254 
0.5063204 
0.5050336 
0.5001524 
0.4995789 
0.4958031 
0.4976053 
0.4958985 
0.5019151 
0.5010383 
0.4913132 
0.4972091 
0.4966998 
0.4968262 
0.4946691 
0.4997337 
0.4932982 
0.4942900 
0.4989422 
0.4924770 
0.4922700 
0.4923330 
0.4955813 
0.4898199 
0.4935766 
0.4973188 
0.4973082 
0.4961291 
0.4850210 
0.4829920 
0.4904472 
0.4885527 
0.4882417 
0.4869863 
0.4864006 
0.4859376 
0.4864101 
0.4866201 
0.4860154 
0.4837396 
0.4823721 
0.4804514 
0.4754859 
0.4772097 
0.4794073 
0.4762179 
0.4767993 
0.4760711 
0.4761284 
0.4762169 
0.4758899 
0.4752621 
0.4756022 
0.4781882 
0.4772085 
0.4755826 
0.4690336 
0.4696328 
0.4680182 
0.4672027 
0.4601656 
0.4551002 
0.4566299 
0.4557812 
0.4540225 
0.4537301 
0.4556175 
0.4586713 
0.4637397 
0.4637471 
0.4628673 
0.4648087 
0.4628880 
0.4590511 
0.4565637 
0.4536209 
0.4518553 
0.4504036 
0.4506772 
0.4504140 
0.4532305 
0.4493930 
0.4443775 
0.4449638 
0.4431980 
0.4438193 
0.4469013 
0.4474516 
0.4482322 
0.4504095 
0.4479789 
0.4466955 
0.4420366 
0.4459154 
0.4449422 
0.4461489 
0.4463218 
0.4465551 
0.4462278 
0.4431377 
0.4456118 
0.4421683 
0.4459733 
0.4403430 
0.4430992 
0.4449323 
0.4462116 
0.4406889 
0.4432301 
0.4436033 
0.4483224 
0.4470365 
0.4428924 
0.4399818 
0.4425290 
0.4454353 
0.4463605 
0.4415471 
0.4419209 
0.4404014 
0.4420251 
0.4422263 
0.4435608 
0.4438952 
0.4399865 
0.4421064 
0.4421293 
0.4429444 
0.4413155 
0.4421061 
0.4435269 
0.4416952 
0.4423124 
0.4418734 
0.4438759 
0.4496368 
0.4457455 
0.4455149 
0.4426537 
0.4433448 
0.4460210 
0.4462475 
0.4469007 
0.4462961 
0.4437684 
0.4372616 
0.4373010 
0.4335817 
0.4301660 
0.4253353 
0.4182411 
0.4076457 
0.4048398 
0.4049319 
0.4046300 
0.4045569 
0.4044577 
0.4040601 
0.4064665 
0.4047376 
0.4044630 
0.4043217 
0.4013630 
0.3996939 
0.3956291 
0.3979305 
0.3968520 
0.3947724 
0.3925256 
0.3953378 
0.3966164 
0.4001459 
0.3966318 
0.3967295 
0.4023938 
0.3970554 
0.3994699 
0.3995617 
0.3982794 
0.3965914 
0.3962511 
0.3967200 
0.3968978 
0.3984124 
0.3988555 
0.4009644 
0.3996698 
0.3974773 
0.3984724 
0.3940245 
0.3945880 
0.3913431 
0.3925497 
0.3950171 
0.3978654 
0.3984010 
0.3990060 
0.4007585 
0.4042738 
0.4062976 
0.4090484 
0.4092546 
0.4083351 
0.4072833 
0.4049723 
0.4026776 
0.4062844 
0.4096143 
0.4065764 
0.4058780 
0.4036256 
0.4016490 
0.3937395 
0.3860777 
0.3834643 
0.3805714 
0.3841607 
0.3857709 
0.3842740 
0.3846089 
0.3828705 
0.3829008 
0.3795041 
0.3808346 
0.3777719 
0.3792414 
0.3789018 
0.3803846 
0.3761833 
0.3783052 
0.3775438 
0.3803460 
0.3796505 
0.3744784 
0.3718711 
0.3766581 
0.3755904 
0.3756184 
0.3750073 
0.3708978 
0.3717573 
0.3717013 
0.3707889 
0.3714257 
0.3723618 
0.3719177 
0.3732128 
0.3730296 
0.3735870 
0.3704479 
0.3730996 
0.3762579 
0.3744141 
0.3719249 
0.3729922 
0.3713349 
0.3698672 
0.3720414 
0.3752965 
0.3725434 
0.3724453 
0.3701561 
0.3661588 
0.3684721 
0.3707632 
0.3660642 
0.3639640 
0.3655535 
0.3651369 
0.3653730 
0.3661256 
0.3612826 
0.3575688 
0.3591733 
0.3560837 
0.3588515 
0.3600260 
0.3574132 
0.3572956 
0.3560284 
0.3581526 
0.3572568 
0.3573790 
0.3573322 
0.3572266 
0.3532273 
0.3558149 
0.3526788 
0.3528165 
0.3526495 
0.3545839 
0.3526552 
0.3527211 
0.3543351 
0.3502224 
0.3501440 
0.3503688 
0.3499509 
0.3461678 
0.3436851 
0.3426813 
0.3439191 
0.3416851 
0.3394925 
0.3413681 
0.3430178 
0.3431073 
0.3435271 
0.3465659 
0.3479130 
0.3470296 
0.3479522 
0.3450983 
0.3440732 
0.3410604 
0.3383586 
0.3359994 
0.3387274 
0.3386582 
0.3396941 
0.3420958 
0.3420013 
0.3398025 
0.3430195 
0.3396994 
0.3468003 
0.3467072 
0.3461685 
0.3440680 
0.3458532 
0.3382984 
0.3394222 
0.3433636 
0.3399643 
0.3433476 
0.3409776 
0.3367355 
0.3375826 
0.3378085 
0.3393820 
0.3371281 
0.3388696 
0.3359180 
0.3335993 
0.3388290 
0.3393115 
0.3342016 
0.3367668 
0.3383627 
0.3367444 
0.3393534 
0.3355548 
0.3340124 
0.3366219 
0.3318186 
0.3312853 
0.3315371 
0.3325898 
0.3333087 
0.3321689 
0.3300685 
0.3265769 
0.3289526 
0.3235608 
0.3250824 
0.3222052 
0.3221232 
0.3228924 
0.3238067 
0.3235035 
0.3195460 
0.3161881 
0.3135036 
0.3140523 
0.3130158 
0.3140059 
0.3146076 
0.3150739 
0.3160484 
0.3128512 
0.3142632 
0.3131336 
0.3153276 
0.3150508 
0.3137958 
0.3135155 
0.3139783 
0.3139221 
0.3132027 
0.3126432 
0.3159944 
0.3127733 
0.3110137 
0.3086915 
0.3103605 
0.3079386 
0.3087693 
0.3089393 
0.3132493 
0.3099426 
0.3086604 
0.3068953 
0.3039090 
0.3035004 
0.3057612 
0.3058681 
0.3028191 
0.3000555 
0.3008444 
0.2971575 
0.2970946 
0.2993590 
0.3000015 
0.3023154 
0.3014160 
0.3038452 
0.3017927 
0.3019264 
0.3017783 
0.3027988 
0.3038701 
0.3044044 
0.3033445 
0.3012096 
0.3008312 
0.2964767 
0.2946350 
0.2921008 
0.2912270 
0.2932500 
0.2957428 
0.2935373 
0.2946905 
0.2983133 
0.2947631 
0.2932908 
0.2960405 
0.2963106 
0.2937288 
0.2925471 
0.2908321 
0.2916250 
0.2901836 
0.2867627 
0.2831605 
0.2821596 
0.2857351 
0.2861706 
0.2842791 
0.2861069 
0.2872743 
0.2876476 
0.2876278 
0.2847665 
0.2849790 
0.2883445 
0.2871253 
0.2849284 
0.2854400 
0.2839578 
0.2856963 
0.2873853 
0.2881640 
0.2874669 
0.2880516 
0.2873823 
0.2852048 
0.2811453 
0.2807893 
0.2801419 
0.2785685 
0.2754928 
0.2751835 
0.2755702 
0.2774377 
0.2733600 
0.2743882 
0.2736674 
0.2756918 
0.2756568 
0.2730068 
0.2728269 
0.2697154 
0.2717853 
0.2705157 
0.2685826 
0.2670776 
0.2701226 
0.2720779 
0.2695600 
0.2683976 
0.2697001 
0.2665249 
0.2675887 
0.2694420 
0.2692309 
0.2692392 
0.2680197 
0.2663326 
0.2658092 
0.2664288 
0.2672982 
0.2705239 
0.2705498 
0.2666701 
0.2656734 
0.2653048 
0.2636621 
0.2668832 
0.2661459 
0.2599869 
0.2648172 
0.2647548 
0.2642093 
0.2642135 
0.2662271 
0.2641137 
0.2612336 
0.2651553 
0.2638400 
0.2594045 
0.2618945 
0.2601403 
0.2622640 
0.2666509 
0.2633316 
0.2603490 
0.2643572 
0.2648986 
0.2605893 
0.2626144 
0.2644163 
0.2587832 
0.2583594 
0.2565569 
0.2562225 
0.2571943 
0.2561439 
0.2559652 
0.2545363 
0.2511744 
0.2496009 
0.2509417 
0.2503594 
0.2515796 
0.2499185 
0.2515472 
0.2473934 
0.2493371 
0.2480966 
0.2483740 
0.2494591 
0.2453813 
0.2473582 
0.2451170 
0.2479462 
0.2484849 
0.2485486 
0.2451214 
0.2434695 
0.2425612 
0.2441354 
0.2435983 
0.2434148 
0.2411595 
0.2413812 
0.2364937 
0.2388908 
0.2376861 
0.2365033 
0.2372304 
0.2375344 
0.2363100 
0.2339266 
0.2378004 
0.2363124 
0.2344503 
0.2348967 
0.2315759 
0.2312554 
0.2327834 
0.2333727 
0.2309835 
0.2344441 
0.2294041 
0.2326700 
0.2357550 
0.2344476 
0.2332828 
0.2323138 
0.2301960 
0.2303315 
0.2272652 
0.2280618 
0.2285247 
0.2303859 
0.2292210 
0.2267052 
0.2251215 
0.2257335 
0.2273623 
0.2252040 
0.2239415 
0.2223097 
0.2235114 
0.2264654 
0.2245523 
0.2254736 
0.2236277 
0.2223407 
0.2226548 
0.2206670 
0.2196167 
0.2199855 
0.2225663 
0.2219033 
0.2193261 
0.2137469 
0.2180759 
0.2156393 
0.2158474 
0.2167567 
0.2131584 
0.2149121 
0.2150694 
0.2139764 
0.2155908 
0.2151117 
0.2149254 
0.2116616 
0.2151385 
0.2140348 
0.2140820 
0.2131103 
0.2096954 
0.2083841 
0.2096689 
0.2093048 
0.2064716 
0.2059454 
0.2069575 
0.2052555 
0.2062390 
0.2089117 
0.2114043 
0.2140316 
0.2119253 
0.2101348 
0.2076482 
0.2031514 
0.2027868 
0.2006160 
0.2025640 
0.2014512 
0.1993092 
0.1989397 
0.2019105 
0.2038929 
0.2043476 
0.1963626 
0.1977831 
0.2005928 
0.2058798 
0.2056209 
0.2052472 
0.2060161 
0.2090850 
0.2083096 
0.2090535 
0.2085895 
0.2064994 
0.2050195 
0.2093200 
0.2026230 
0.2029856 
0.2044001 
0.2039497 
0.2016044 
0.2019817 
0.1993356 
0.1974153 
0.1956381 
0.1978452 
0.1965221 
0.1987719 
0.2021566 
0.1936998 
0.1902025 
0.1950931 
0.1941286 
0.1944409 
0.1933888 
0.1884904 
0.1858275 
0.1899116 
0.1930933 
0.1907454 
0.1879080 
0.1882014 
0.1882403 
0.1885740 
0.1885636 
0.1924808 
0.1919059 
0.1927992 
0.1942235 
0.1877889 
0.1908167 
0.1902759 
0.1884439 
0.1889828 
0.1893791 
0.1838260 
0.1835766 
0.1875543 
0.1903140 
0.1873116 
0.1885316 
0.1890708 
0.1836015 
0.1790642 
0.1811918 
0.1833271 
0.1778849 
0.1769931 
0.1766307 
0.1788276 
0.1785531 
0.1755323 
0.1757996 
0.1780338 
0.1730546 
0.1717773 
0.1789300 
0.1800621 
0.1797486 
0.1760143 
0.1764022 
0.1776839 
0.1778888 
0.1759422 
0.1770961 
0.1751781 
0.1750917 
0.1749130 
0.1767716 
0.1741553 
0.1753268 
0.1747058 
0.1721777 
0.1707882 
0.1723411 
0.1721092 
0.1705837 
0.1684515 
0.1695801 
0.1684671 
0.1676785 
0.1687378 
0.1677582 
0.1663659 
0.1650264 
0.1657560 
0.1664376 
0.1663858 
0.1645521 
0.1652431 
0.1619924 
0.1627013 
0.1603747 
0.1613803 
0.1590433 
0.1562489 
0.1562409 
0.1588261 
0.1622651 
0.1621087 
0.1607613 
0.1575727 
0.1582395 
0.1591982 
0.1590421 
0.1581632 
0.1610848 
0.1579106 
0.1571989 
0.1599868 
0.1583102 
0.1611535 
0.1573617 
0.1598805 
0.1612554 
0.1600775 
0.1607111 
0.1568866 
0.1560909 
0.1556680 
0.1564072 
0.1578687 
0.1603975 
0.1599056 
0.1583609 
0.1552390 
0.1591439 
0.1584262 
0.1572661 
0.1586053 
0.1549677 
0.1573010 
0.1608179 
0.1610356 
0.1553889 
0.1542412 
0.1557909 
0.1564086 
0.1562295 
0.1546531 
0.1547199 
0.1517094 
0.1514593 
0.1528617 
0.1522016 
0.1537740 
0.1515772 
0.1513764 
0.1499282 
0.1463390 
0.1469776 
0.1452087 
0.1427065 
0.1420955 
0.1412542 
0.1378110 
0.1334975 
0.1331311 
0.1292785 
0.1292037 
0.1259531 
0.1241449 
0.1227153 
0.1252186 
0.1280535 
0.1242350 
0.1240689 
0.1214009 
0.1244659 
0.1255933 
0.1245286 
0.1253982 
0.1253350 
0.1321910 
0.1318859 
0.1287452 
0.1281615 
0.1332798 
0.1349829 
0.1317566 
0.1291641 
0.1258527 
0.1290092 
0.1242661 
0.1243412 
0.1234354 
0.1255886 
0.1257151 
0.1283997 
0.1259961 
0.1217893 
0.1238443 
0.1248570 
0.1226906 
0.1227936 
0.1253814 
0.1279809 
0.1288612 
0.1277420 
0.1258181 
0.1257801 
0.1296733 
0.1333416 
0.1321457 
0.1307916 
0.1292020 
0.1288638 
0.1309062 
0.1289810 
0.1308990 
0.1320131 
0.1288893 
0.1296204 
0.1284464 
0.1253735 
0.1238207 
0.1216896 
0.1227636 
0.1245748 
0.1206857 
0.1168639 
0.1170682 
0.1169739 
0.1178446 
0.1164735 
0.1152724 
0.1147115 
0.1112069 
0.1080734 
0.1076420 
0.1057729 
0.1040959 
0.1031968 
0.1053977 
0.1066856 
0.1024254 
0.1046944 
0.1109519 
0.1097260 
0.1096831 
0.1063298 
0.1046415 
0.1041745 
0.1079166 
0.1075603 
0.1061085 
0.1040553 
0.1006859 
0.1016068 
0.1037622 
0.1019513 
0.1013914 
0.1013283 
0.1004942 
0.0988539 
0.0977396 
0.1010205 
0.1016902 
0.1044261 
0.1034511 
0.1005149 
0.1016381 
0.0985577 
0.0995240 
0.0993168 
0.1013580 
0.1009140 
0.0995240 
0.0971624 
0.0992773 
0.0967398 
0.0997149 
0.1022020 
0.1002648 
0.1000428 
0.0972385 
0.0999392 
0.0980673 
0.0965557 
0.0943881 
0.0966755 
0.0958563 
0.0982100 
0.0950551 
0.0964789 
0.0964692 
0.0958477 
0.0956129 
0.0955129 
0.0956625 
0.0974177 
0.0949889 
0.0915220 
0.0902069 
0.0947870 
0.0957181 
0.0946742 
0.0926719 
0.0939692 
0.0931730 
0.0943078 
0.0944153 
0.0948187 
0.0951798 
0.1003301 
0.0979784 
0.0919287 
0.0901189 
0.0939412 
0.0939861 
0.0946246 
0.0919428 
0.0910619 
0.0950156 
0.0927497 
0.0895035 
0.0917066 
0.0904735 
0.0898349 
0.0916359 
0.0909376 
0.0903177 
0.0894440 
0.0862229 
0.0862854 
0.0840075 
0.0846087 
0.0852995 
0.0825126 
0.0822298 
0.0827936 
0.0838773 
0.0831300 
0.0880796 
0.0881365 
0.0841344 
0.0815353 
0.0825426 
0.0801901 
0.0822811 
0.0803957 
0.0831010 
0.0868472 
0.0832835 
0.0829025 
0.0832952 
0.0827492 
0.0842144 
0.0834670 
0.0804061 
0.0822618 
0.0800767 
0.0783414 
0.0793673 
0.0807605 
0.0788072 
0.0743026 
0.0737114 
0.0751815 
0.0733889 
0.0759747 
0.0760294 
0.0761599 
0.0757559 
0.0721785 
0.0710775 
0.0714674 
0.0719675 
0.0713309 
0.0723494 
0.0736149 
0.0704427 
0.0677882 
0.0701348 
0.0710970 
0.0726043 
0.0737006 
0.0711593 
0.0687428 
0.0706492 
0.0706637 
0.0739401 
0.0741205 
0.0729378 
0.0701939 
0.0699974 
0.0728383 
0.0723718 
0.0700653 
0.0706851 
0.0697586 
0.0685962 
0.0680549 
0.0669069 
0.0669215 
0.0676366 
0.0673360 
0.0660972 
0.0646033 
0.0639204 
0.0665291 
0.0653189 
0.0661033 
0.0637507 
0.0589520 
0.0578617 
0.0581063 
0.0569738 
0.0586992 
0.0620731 
0.0608647 
0.0583075 
0.0562541 
0.0533523 
0.0530896 
0.0542280 
0.0520789 
0.0537493 
0.0530780 
0.0538806 
0.0529139 
0.0529663 
0.0552105 
0.0546101 
0.0549393 
0.0524187 
0.0505667 
0.0525505 
0.0531741 
0.0514714 
0.0491560 
0.0519787 
0.0533475 
0.0528933 
0.0508817 
0.0523400 
0.0515733 
0.0508876 
0.0518926 
0.0481474 
0.0489648 
0.0468082 
0.0457771 
0.0441761 
0.0453819 
0.0471674 
0.0481264 
0.0435309 
0.0421765 
0.0417191 
0.0422380 
0.0421948 
0.0430873 
0.0428606 
0.0414891 
0.0436281 
0.0432212 
0.0459012 
0.0447936 
0.0416672 
0.0407165 
0.0434009 
0.0412758 
0.0408050 
0.0385185 
0.0413885 
0.0425424 
0.0435445 
0.0399383 
0.0418183 
0.0425307 
0.0413792 
0.0409528 
0.0405908 
0.0383939 
0.0388045 
0.0377239 
0.0398145 
0.0408720 
0.0396007 
0.0307025 
0.0301696 
0.0303735 
0.0293205 
0.0312980 
0.0291324 
0.0307930 
0.0302908 
0.0321938 
0.0327116 
0.0318400 
0.0287852 
0.0301011 
0.0334340 
0.0344370 
0.0306008 
0.0269286 
0.0315839 
0.0337284 
0.0341591 
0.0318975 
0.0334112 
0.0319058 
0.0305011 
0.0325337 
0.0305374 
0.0304680 
0.0316160 
0.0344587 
0.0317193 
0.0327445 
0.0321197 
0.0296661 
0.0301354 
0.0316467 
0.0257191 
0.0244699 
0.0260186 
0.0256983 
0.0254474 
0.0229290 
0.0213987 
0.0229996 
0.0262716 
0.0263455 
0.0238112 
0.0238693 
0.0221581 
0.0233095 
0.0251118 
0.0284200 
0.0259122 
0.0209423 
0.0209614 
0.0192892 
0.0234276 
0.0230236 
0.0203105 
0.0190737 
0.0178111 
0.0208167 
0.0218977 
0.0221381 
0.0210069 
0.0204098 
0.0231713 
0.0199852 
0.0200430 
0.0171015 
0.0142488 
0.0134011 
0.0170790 
0.0173750 
0.0161011 
0.0142512 
0.0153731 
0.0169529 
0.0165578 
0.0149245 
0.0141136 
0.0141241 
0.0114719 
0.0107745 
0.0151407 
0.0158251 
0.0129443 
0.0142228 
0.0161413 
0.0137689 
0.0128258 
0.0133775 
0.0135400 
0.0151376 
0.0140917 
0.0145012 
0.0144297 
0.0131297 
0.0126114 
0.0135080 
0.0102087 
0.0078314 
0.0077588 
0.0084614 
0.0102038 
0.0084622 
0.0014605 
0.0021344 
0.0038870 
0.0020926 
0.0043991 
0.0063418 
0.0037099 
0.0047296 
0.0021045 
0.0000000 
0.0026896 
0.0050122 
0.0025740 
0.0042047 
0.0040220 
0.0026627 
0.0001865 
0.0053241 
0.0089220 
0.0085519 
0.0051024 
