0.0000730 
0.0001978 
0.0001853 
0.1219702 
0.0704903 
0.0502048 
0.8917017 
0.8979326 
0.9291309 
1.0000000 
0.9970502 
0.9616201 
0.9449348 
0.9333613 
0.9050242 
0.8982839 
0.8796136 
0.8908832 
0.8873123 
0.9147149 
0.9279184 
0.8987748 
0.8874378 
0.8975280 
0.9192419 
0.9045769 
0.9241235 
0.9362829 
0.9343454 
0.9091507 
0.9124248 
0.8808535 
0.8797421 
0.8791641 
0.9008845 
0.9195137 
0.9313852 
0.9258161 
0.9110693 
0.9170804 
0.9153574 
0.8942417 
0.9031629 
0.9014493 
0.8821734 
0.8791073 
0.8583139 
0.8667590 
0.8777883 
0.8920970 
0.9181383 
0.9182958 
0.9157183 
0.8823713 
0.8897593 
0.9037414 
0.8767322 
0.8793225 
0.8968080 
0.9206651 
0.9051396 
0.9008392 
0.8917055 
0.8703413 
0.8502978 
0.8675310 
0.8589550 
0.8751861 
0.8946225 
0.9056371 
0.8959452 
0.8700106 
0.8633483 
0.8586646 
0.8808993 
0.8717737 
0.8549846 
0.8591839 
0.8759014 
0.8797822 
0.8551989 
0.8422620 
0.8429447 
0.8489697 
0.8604789 
0.8459925 
0.8456620 
0.8512733 
0.8609094 
0.8533146 
0.8304334 
0.8442190 
0.8799584 
0.8761298 
0.8799196 
0.8743073 
0.8739437 
0.8539783 
0.8541891 
0.8296311 
0.8660925 
0.8806099 
0.8608973 
0.8688249 
0.8813174 
0.8932394 
0.8584206 
0.8373033 
0.8458438 
0.8696482 
0.8719677 
0.8589533 
0.8678172 
0.8623369 
0.8320662 
0.8341325 
0.8564685 
0.8500804 
0.8371361 
0.8403919 
0.8145496 
0.8368173 
0.8591020 
0.8476324 
0.8430532 
0.8337150 
0.8431548 
0.8299187 
0.8378013 
0.8460211 
0.8215891 
0.8244422 
0.8056928 
0.8158735 
0.8272078 
0.8372834 
0.8524405 
0.8461716 
0.8453057 
0.8293961 
0.8336455 
0.8306969 
0.8190747 
0.8401929 
0.8382674 
0.8252552 
0.8315788 
0.8276452 
0.8239425 
0.8272770 
0.8270495 
0.8247231 
0.8275968 
0.8448733 
0.8346714 
0.8179062 
0.8079496 
0.8180386 
0.8030759 
0.7912950 
0.8180361 
0.8191113 
0.8496275 
0.8516829 
0.8560586 
0.8968679 
0.8824881 
0.9050073 
0.8718885 
0.8418535 
0.8193330 
0.8069650 
0.8106322 
0.8008232 
0.7954295 
0.7925756 
0.7897541 
0.8003910 
0.8029620 
0.8458984 
0.8479426 
0.8239179 
0.8222211 
0.8053926 
0.7930235 
0.8043917 
0.8236925 
0.8016975 
0.7659247 
0.7775982 
0.7899326 
0.7863070 
0.7690281 
0.8027613 
0.8133458 
0.8042195 
0.7707222 
0.7829021 
0.8036082 
0.7990159 
0.7909581 
0.7864942 
0.7741956 
0.7722659 
0.7664308 
0.7805560 
0.8017751 
0.8229476 
0.7987365 
0.7756072 
0.7650537 
0.7801775 
0.8008726 
0.7996236 
0.8097451 
0.8023732 
0.7962113 
0.7776646 
0.7862869 
0.7864996 
0.7599831 
0.7903081 
0.7983701 
0.7984836 
0.7965456 
0.7988649 
0.7981137 
0.7769573 
0.7720159 
0.7883285 
0.8007790 
0.8066737 
0.8159845 
0.7891612 
0.7634098 
0.7501570 
0.7826615 
0.8006933 
0.7767910 
0.7744385 
0.7678035 
0.7728581 
0.7474868 
0.7452520 
0.7534775 
0.7713020 
0.7920536 
0.7914155 
0.8044655 
0.7883434 
0.7860093 
0.7686087 
0.7822310 
0.8142452 
0.8188761 
0.8325415 
0.8301849 
0.8192154 
0.7949020 
0.7844395 
0.7643001 
0.7773766 
0.7982105 
0.8103272 
0.8128602 
0.7852684 
0.7608803 
0.7501025 
0.7295418 
0.7198220 
0.7373576 
0.7436888 
0.7595028 
0.7778656 
0.8003409 
0.7853337 
0.7559754 
0.7359041 
0.7297028 
0.7472377 
0.7395635 
0.7246508 
0.7224828 
0.7762887 
0.8216870 
0.7789892 
0.7305468 
0.7286047 
0.7423103 
0.7495348 
0.7699750 
0.7987335 
0.8239079 
0.8746891 
0.8797238 
0.8228480 
0.7776562 
0.7743189 
0.7510226 
0.7416891 
0.7499726 
0.7621947 
0.7982741 
0.8335663 
0.8190929 
0.7923983 
0.7537028 
0.7039221 
0.7075384 
0.7256802 
0.7478326 
0.7611389 
0.7636646 
0.7759755 
0.7595404 
0.7392332 
0.7711483 
0.7432361 
0.7267082 
0.7504973 
0.7514067 
0.7364379 
0.7362784 
0.7548351 
0.7447837 
0.7309778 
0.7645953 
0.7855868 
0.7294626 
0.7202731 
0.7242272 
0.7459693 
0.7569794 
0.7692330 
0.7768090 
0.7471064 
0.7450059 
0.7997451 
0.8004621 
0.7026909 
0.6841913 
0.6921993 
0.7021563 
0.7115139 
0.7192241 
0.7172477 
0.7134616 
0.7313247 
0.7844374 
0.8651033 
0.8153322 
0.7423667 
0.7150369 
0.7003495 
0.6908801 
0.6782604 
0.6719145 
0.6738808 
0.6965416 
0.7444532 
0.7935296 
0.8353532 
0.8189034 
0.7708341 
0.7475544 
0.7217835 
0.7110415 
0.6926442 
0.6817776 
0.6987272 
0.7180284 
0.7159068 
0.7316068 
0.7523148 
0.7603671 
0.7485524 
0.7163715 
0.7196268 
0.7307991 
0.7091558 
0.7261415 
0.7229096 
0.7167050 
0.7038521 
0.7035622 
0.7058367 
0.6854123 
0.6897065 
0.6727778 
0.6738425 
0.6612808 
0.7042982 
0.7303568 
0.7256539 
0.7295253 
0.7389222 
0.7316760 
0.7115252 
0.7019905 
0.6943790 
0.6807300 
0.6737781 
0.6726518 
0.7129752 
0.7107058 
0.7342119 
0.7295703 
0.7484069 
0.7630339 
0.7617538 
0.7586283 
0.7465007 
0.7669733 
0.7608982 
0.7490222 
0.7389270 
0.7271049 
0.7198935 
0.7155495 
0.7238298 
0.7228955 
0.7446817 
0.7530328 
0.7514766 
0.7520862 
0.7631613 
0.7349311 
0.7395255 
0.7207806 
0.7212845 
0.7371484 
0.7109727 
0.7194520 
0.7497772 
0.7410372 
0.7351282 
0.7626002 
0.7363609 
0.7088668 
0.7421079 
0.7329967 
0.7006543 
0.7270202 
0.7290523 
0.7030853 
0.7011523 
0.7388071 
0.7293489 
0.7120959 
0.7398042 
0.7297231 
0.7071905 
0.7253298 
0.7233430 
0.7050364 
0.7196987 
0.7371124 
0.7150511 
0.7296516 
0.7464097 
0.7301517 
0.7212920 
0.7347461 
0.7289252 
0.6965328 
0.7127275 
0.7267872 
0.6783653 
0.6935888 
0.7073360 
0.6980382 
0.7056922 
0.7200379 
0.7074961 
0.6934939 
0.7176936 
0.7291079 
0.7274239 
0.7132117 
0.7350085 
0.7447607 
0.7295141 
0.7192222 
0.7138209 
0.7015658 
0.6937170 
0.7137428 
0.7435860 
0.7153646 
0.7173922 
0.7313261 
0.7423689 
0.7013209 
0.6849413 
0.6958534 
0.7209142 
0.7080846 
0.6947632 
0.7081645 
0.7161847 
0.6907965 
0.6792266 
0.6840763 
0.7063830 
0.7133533 
0.6851395 
0.6566138 
0.6928875 
0.7264394 
0.7076580 
0.6689525 
0.6665994 
0.7057802 
0.7379265 
0.7118068 
0.6708239 
0.6706406 
0.7068786 
0.7127109 
0.7052969 
0.6885511 
0.6969402 
0.7023205 
0.6989130 
0.6708562 
0.6344688 
0.6514613 
0.6914496 
0.7015647 
0.6750046 
0.6530908 
0.6717368 
0.6816498 
0.6703922 
0.6587015 
0.6398666 
0.6566182 
0.6597721 
0.6560492 
0.6528804 
0.6715350 
0.6733633 
0.6598202 
0.6538683 
0.6610966 
0.6751733 
0.6890124 
0.6834792 
0.6847598 
0.6877326 
0.6872348 
0.6986873 
0.6859976 
0.6894330 
0.6734711 
0.6822892 
0.6776098 
0.7010357 
0.6848888 
0.6713478 
0.6710501 
0.6904024 
0.7045650 
0.6783921 
0.6765896 
0.6590470 
0.6628018 
0.6536975 
0.6474736 
0.6499967 
0.6548609 
0.6505820 
0.6635955 
0.6687446 
0.6564698 
0.6433344 
0.6313250 
0.6490817 
0.6749540 
0.6861457 
0.6661716 
0.6482588 
0.6382594 
0.6451546 
0.6698517 
0.6662483 
0.6495322 
0.6443134 
0.6593645 
0.6652039 
0.6650765 
0.6494153 
0.6592692 
0.6697415 
0.6745668 
0.6682453 
0.6667681 
0.6518973 
0.6525290 
0.6638851 
0.6725183 
0.6718421 
0.6615148 
0.6456006 
0.6456184 
0.6565432 
0.6564655 
0.6481695 
0.6470141 
0.6542949 
0.6481001 
0.6327448 
0.6451393 
0.6483829 
0.6509432 
0.6401228 
0.6397666 
0.6433230 
0.6254325 
0.6401306 
0.6356270 
0.6530110 
0.6456611 
0.6477005 
0.6413001 
0.6351243 
0.6369405 
0.6312950 
0.6341608 
0.6122581 
0.6408859 
0.6402950 
0.6327584 
0.6259420 
0.6062119 
0.6271552 
0.6376653 
0.6505272 
0.6571951 
0.6560407 
0.6585293 
0.6349122 
0.6340284 
0.6338684 
0.6375793 
0.6275814 
0.6220213 
0.6322122 
0.6249267 
0.6351708 
0.6281160 
0.6257259 
0.6373108 
0.6250674 
0.6230864 
0.6290138 
0.6285110 
0.6220075 
0.6178762 
0.6186486 
0.6170117 
0.6130576 
0.6228704 
0.6282622 
0.6264907 
0.6452989 
0.6476278 
0.6434451 
0.6345393 
0.6184938 
0.6159072 
0.6194275 
0.6253246 
0.6326363 
0.6539281 
0.6402025 
0.6315230 
0.6131478 
0.5921641 
0.5758861 
0.5848067 
0.6239813 
0.6386556 
0.6402789 
0.6304478 
0.6158295 
0.5934954 
0.5937300 
0.5966594 
0.6125757 
0.6296787 
0.6362909 
0.6184618 
0.5816632 
0.5706627 
0.5732339 
0.5932512 
0.6159099 
0.6314863 
0.6199701 
0.6120405 
0.5925137 
0.5770263 
0.5821215 
0.5852423 
0.5938896 
0.6150876 
0.6244339 
0.6091452 
0.5892351 
0.5808742 
0.5700467 
0.5837874 
0.6118311 
0.6234351 
0.6275211 
0.6265833 
0.6150073 
0.6090669 
0.6002782 
0.6025366 
0.6109065 
0.6316672 
0.6294172 
0.6177781 
0.5919672 
0.6022706 
0.6043831 
0.6109128 
0.6235714 
0.6138852 
0.5849412 
0.5846703 
0.5957483 
0.5865891 
0.5990008 
0.6243116 
0.6399069 
0.6289108 
0.5886064 
0.5723281 
0.5631003 
0.5569877 
0.5676224 
0.5906768 
0.6043263 
0.6022952 
0.6209778 
0.5951249 
0.5646655 
0.5612577 
0.5569154 
0.5588790 
0.5745935 
0.5880121 
0.6091727 
0.6111832 
0.5895216 
0.5753596 
0.5713012 
0.5881443 
0.5742494 
0.5808943 
0.6199480 
0.6298799 
0.6306102 
0.6183583 
0.5883786 
0.5548703 
0.5465299 
0.5506159 
0.5605809 
0.5755507 
0.5854328 
0.6051472 
0.5895269 
0.5846950 
0.5884150 
0.5792138 
0.5825225 
0.5779531 
0.5605878 
0.5857435 
0.5633723 
0.5548186 
0.5635700 
0.5568823 
0.5492861 
0.5521065 
0.5558720 
0.5753968 
0.5638355 
0.5614979 
0.5825951 
0.5699489 
0.5607264 
0.5571079 
0.5582931 
0.5681262 
0.5627140 
0.5559374 
0.5560795 
0.5574885 
0.5666266 
0.5563401 
0.5444429 
0.5503660 
0.5428317 
0.5645462 
0.5532261 
0.5501713 
0.5566799 
0.5667901 
0.5684539 
0.5491581 
0.5404522 
0.5343662 
0.5407404 
0.5491063 
0.5480841 
0.5514773 
0.5561940 
0.5517996 
0.5617737 
0.5438030 
0.5527338 
0.5483831 
0.5442989 
0.5313315 
0.5207697 
0.5140073 
0.5331742 
0.5468036 
0.5448913 
0.5539688 
0.5540247 
0.5517738 
0.5460016 
0.5419123 
0.5409213 
0.5378068 
0.5423049 
0.5482505 
0.5385252 
0.5384298 
0.5362830 
0.5367378 
0.5355911 
0.5449027 
0.5468469 
0.5464444 
0.5273396 
0.5365181 
0.5347849 
0.5404786 
0.5448028 
0.5385715 
0.5371231 
0.5455282 
0.5504736 
0.5511230 
0.5439661 
0.5262058 
0.5273479 
0.5328285 
0.5513846 
0.5453773 
0.5470849 
0.5381731 
0.5253072 
0.5377883 
0.5402838 
0.5365595 
0.5383221 
0.5255895 
0.5143639 
0.5503841 
0.5465460 
0.5393680 
0.5358042 
0.5244524 
0.5325162 
0.5250654 
0.5129482 
0.5193460 
0.5257461 
0.5335402 
0.5345271 
0.5392546 
0.5273926 
0.5157753 
0.5217262 
0.5179171 
0.5205817 
0.5287449 
0.5124765 
0.5023647 
0.5061488 
0.5129402 
0.5076025 
0.5119348 
0.5080034 
0.5104019 
0.5270861 
0.5285155 
0.5219454 
0.5240775 
0.5328082 
0.5363945 
0.5312650 
0.5332925 
0.5324902 
0.5349058 
0.5322586 
0.5214870 
0.5162173 
0.5322501 
0.5161772 
0.5093873 
0.5330547 
0.5102543 
0.5003136 
0.4981142 
0.4957911 
0.4967350 
0.4829913 
0.4838445 
0.5206204 
0.5171960 
0.5077240 
0.5251636 
0.5266595 
0.5004218 
0.4982736 
0.5031447 
0.5231393 
0.5062747 
0.4957425 
0.5001969 
0.5105731 
0.4989181 
0.4904128 
0.4789137 
0.4820465 
0.4745090 
0.4784829 
0.4929405 
0.5166160 
0.5030564 
0.5073945 
0.4994654 
0.4923381 
0.4845436 
0.4814105 
0.5002169 
0.5104886 
0.5188099 
0.5075596 
0.5091212 
0.5057166 
0.5237111 
0.5136653 
0.4961446 
0.4890786 
0.4996760 
0.4925454 
0.4884003 
0.4736625 
0.4695024 
0.4814777 
0.4867482 
0.4907212 
0.4840386 
0.4961107 
0.4909620 
0.4935973 
0.4945418 
0.4895526 
0.4681324 
0.4807967 
0.4876249 
0.4892581 
0.4844074 
0.4970677 
0.4981907 
0.4939958 
0.5089359 
0.5104756 
0.5021338 
0.5160256 
0.5194603 
0.5111534 
0.5051493 
0.4954400 
0.4785461 
0.4670672 
0.4900837 
0.4923884 
0.4646138 
0.4792350 
0.4744693 
0.4495662 
0.4545853 
0.4505167 
0.4601740 
0.4613203 
0.4660522 
0.4753903 
0.4558955 
0.4662031 
0.4691396 
0.4595387 
0.4982785 
0.4860228 
0.4884787 
0.5150184 
0.4955457 
0.5049512 
0.4956695 
0.4677025 
0.4827018 
0.4688675 
0.4568751 
0.4576660 
0.4341189 
0.4724097 
0.4862427 
0.4626998 
0.4952234 
0.4938229 
0.4974152 
0.4905294 
0.4615869 
0.4473121 
0.4492847 
0.4158605 
0.4178383 
0.4323120 
0.4200686 
0.4300104 
0.4465179 
0.4437981 
0.4740531 
0.4878222 
0.4881071 
0.4735760 
0.4597645 
0.4701002 
0.4689084 
0.4595927 
0.4738886 
0.4804446 
0.4618606 
0.4740163 
0.4644826 
0.4754530 
0.4922705 
0.5101056 
0.5000035 
0.4975401 
0.5094523 
0.5075998 
0.4971443 
0.4815641 
0.4611435 
0.4668131 
0.4470152 
0.4398032 
0.4432988 
0.4449685 
0.4512677 
0.4477514 
0.4536124 
0.4631202 
0.4633204 
0.4679834 
0.4743030 
0.4813669 
0.4567842 
0.4369614 
0.4470303 
0.4439508 
0.4335443 
0.4358036 
0.4387666 
0.4544836 
0.4552415 
0.4652426 
0.4565905 
0.4502887 
0.4540153 
0.4614399 
0.4709672 
0.4531617 
0.4264690 
0.4255064 
0.4319926 
0.4212671 
0.4207590 
0.4177276 
0.4213395 
0.4256082 
0.4275498 
0.4375236 
0.4400122 
0.4501921 
0.4600376 
0.4543057 
0.4723062 
0.4704963 
0.4700284 
0.4665674 
0.4663240 
0.4647464 
0.4521306 
0.4528124 
0.4379703 
0.4355316 
0.4343448 
0.4267013 
0.4310980 
0.4416722 
0.4435428 
0.4486682 
0.4444127 
0.4507353 
0.4372600 
0.4477417 
0.4519741 
0.4539490 
0.4408521 
0.4332742 
0.4336196 
0.4362975 
0.4166840 
0.4317360 
0.4359492 
0.4229807 
0.4199619 
0.4152173 
0.4307010 
0.4303955 
0.4365715 
0.4530438 
0.4385245 
0.4123457 
0.3998668 
0.4026063 
0.4190795 
0.4091245 
0.4027431 
0.4186617 
0.4086109 
0.4039102 
0.3882045 
0.3895123 
0.3895488 
0.3772521 
0.3789115 
0.4048289 
0.4032309 
0.4075422 
0.3769886 
0.3855661 
0.3912914 
0.3661875 
0.3776131 
0.4095489 
0.3974086 
0.3832193 
0.3685271 
0.3828808 
0.3782072 
0.3640265 
0.3975097 
0.4132231 
0.4181286 
0.4276771 
0.4125792 
0.4256128 
0.4280436 
0.4097560 
0.4196656 
0.4140602 
0.4127316 
0.4114351 
0.3913456 
0.4052104 
0.4121329 
0.3959739 
0.4051337 
0.4254062 
0.4240562 
0.4087070 
0.3999579 
0.4140161 
0.4185623 
0.4070539 
0.4412672 
0.4733385 
0.4674308 
0.4495562 
0.4254157 
0.4222665 
0.4133408 
0.3952842 
0.4012823 
0.4082735 
0.4128756 
0.4088548 
0.3871189 
0.3685766 
0.3684773 
0.3754253 
0.3780366 
0.3872163 
0.3851259 
0.3800874 
0.3741592 
0.3595501 
0.3550304 
0.3521156 
0.3560641 
0.3708982 
0.3780109 
0.3818047 
0.3837673 
0.3768941 
0.3769580 
0.3875841 
0.3877342 
0.3781375 
0.3767214 
0.3809111 
0.3863283 
0.3771131 
0.3842017 
0.3941730 
0.3933248 
0.3948340 
0.3875535 
0.4012683 
0.4053299 
0.4055901 
0.3967641 
0.3898776 
0.3795483 
0.3780189 
0.3772894 
0.3751686 
0.3818866 
0.3855373 
0.3983650 
0.3910827 
0.3864299 
0.3775906 
0.3794359 
0.3758859 
0.3685513 
0.3721721 
0.3765400 
0.3714526 
0.3771185 
0.3795956 
0.3795114 
0.3600040 
0.3615306 
0.3665060 
0.3603959 
0.3544667 
0.3614990 
0.3681731 
0.3690759 
0.3672270 
0.3715369 
0.3732783 
0.3537423 
0.3577011 
0.3644628 
0.3703136 
0.3641081 
0.3555756 
0.3626095 
0.3689733 
0.3632951 
0.3632616 
0.3688296 
0.3626627 
0.3538137 
0.3627491 
0.3770598 
0.3956806 
0.4055118 
0.4061624 
0.4061636 
0.3988307 
0.3875976 
0.3935999 
0.3829226 
0.3580476 
0.3650031 
0.3619666 
0.3641708 
0.3526942 
0.3509776 
0.3610661 
0.3543030 
0.3436850 
0.3364204 
0.3408020 
0.3449107 
0.3565537 
0.3690665 
0.3775937 
0.3706397 
0.3633468 
0.3650901 
0.3625926 
0.3670530 
0.3673949 
0.3761835 
0.3789164 
0.3505557 
0.3485157 
0.3538342 
0.3485178 
0.3385986 
0.3633664 
0.3692998 
0.3544935 
0.3534726 
0.3680825 
0.3611366 
0.3583065 
0.3545038 
0.3538345 
0.3626652 
0.3602215 
0.3398114 
0.3477551 
0.3542205 
0.3553324 
0.3482023 
0.3423476 
0.3430835 
0.3346731 
0.3470378 
0.3671014 
0.3720922 
0.3611167 
0.3680539 
0.3632299 
0.3586181 
0.3533952 
0.3671043 
0.3790658 
0.3588577 
0.3501526 
0.3660555 
0.3764099 
0.3653109 
0.3602180 
0.3709526 
0.3642533 
0.3460292 
0.3506694 
0.3615161 
0.3662833 
0.3448711 
0.3377547 
0.3411724 
0.3420192 
0.3293521 
0.3156419 
0.3296582 
0.3320238 
0.3189839 
0.3291639 
0.3382014 
0.3290879 
0.3356066 
0.3428658 
0.3498204 
0.3363740 
0.3152682 
0.3323093 
0.3406799 
0.3218983 
0.3210229 
0.3331041 
0.3457703 
0.3179813 
0.3135008 
0.3306269 
0.3327284 
0.3074970 
0.3141868 
0.3359876 
0.3552364 
0.3232454 
0.3267097 
0.3573559 
0.3662498 
0.3451376 
0.3495242 
0.3729836 
0.3856999 
0.3496911 
0.3388658 
0.3607360 
0.3572367 
0.3442963 
0.3529976 
0.3862486 
0.3901539 
0.3740538 
0.3828307 
0.3963330 
0.3579262 
0.2990655 
0.2989657 
0.3253809 
0.3225640 
0.2960853 
0.2927460 
0.3186254 
0.3282174 
0.3020112 
0.3023956 
0.3379758 
0.3272338 
0.2996433 
0.2943364 
0.3229437 
0.3255231 
0.3018142 
0.3141972 
0.3407363 
0.3320864 
0.3079134 
0.2987555 
0.3056394 
0.3043115 
0.2938744 
0.2988078 
0.3139253 
0.3227471 
0.3161349 
0.3118845 
0.3086664 
0.3024290 
0.3066042 
0.3292718 
0.3369100 
0.3390950 
0.3314423 
0.3390150 
0.3385556 
0.3157514 
0.2946867 
0.2909665 
0.2881441 
0.2950642 
0.2823526 
0.2765603 
0.2914799 
0.3068202 
0.3350566 
0.3223529 
0.3078575 
0.3160863 
0.3215111 
0.3182627 
0.3000971 
0.2802611 
0.2821209 
0.2893972 
0.2816121 
0.2809188 
0.2947587 
0.3254839 
0.3365040 
0.3255354 
0.3253892 
0.3125403 
0.3105646 
0.3096352 
0.2908835 
0.2900026 
0.3067150 
0.3153520 
0.3212379 
0.3038098 
0.3094327 
0.3235279 
0.3272142 
0.3217681 
0.3008255 
0.2947173 
0.3105541 
0.3053520 
0.3046406 
0.3110664 
0.3155115 
0.3216429 
0.3082627 
0.3128182 
0.3060067 
0.3030517 
0.2907556 
0.2858947 
0.2843716 
0.2883263 
0.2923798 
0.2957865 
0.2990112 
0.2823614 
0.2685792 
0.2647083 
0.2671717 
0.2628307 
0.2613935 
0.2779731 
0.2808830 
0.2810653 
0.2900918 
0.2707719 
0.2653658 
0.2565279 
0.2455243 
0.2559086 
0.2598796 
0.2667905 
0.2733753 
0.2838494 
0.2877112 
0.2926924 
0.2830230 
0.2613303 
0.2451169 
0.2502272 
0.2581492 
0.2708033 
0.2721797 
0.2838873 
0.3038242 
0.3028714 
0.3020165 
0.2891608 
0.2820438 
0.2769433 
0.2705684 
0.2706567 
0.2760877 
0.2717252 
0.2748292 
0.2913629 
0.3102912 
0.2947519 
0.2788309 
0.2716445 
0.2713687 
0.2598355 
0.2544882 
0.2792943 
0.2804273 
0.2755777 
0.2806664 
0.2823660 
0.2842737 
0.2798812 
0.2665587 
0.2556482 
0.2615876 
0.2480725 
0.2461431 
0.2562293 
0.2657343 
0.2723575 
0.2739976 
0.2850648 
0.2646432 
0.2631435 
0.2705307 
0.2759315 
0.2750586 
0.2674620 
0.2633876 
0.2582486 
0.2438277 
0.2425263 
0.2515434 
0.2528339 
0.2595550 
0.2626704 
0.2611535 
0.2604313 
0.2371983 
0.2281173 
0.2390725 
0.2470962 
0.2453088 
0.2499198 
0.2587541 
0.2623840 
0.2452938 
0.2419757 
0.2487450 
0.2407534 
0.2292893 
0.2325877 
0.2458826 
0.2543376 
0.2543710 
0.2567853 
0.2562132 
0.2553259 
0.2446898 
0.2509328 
0.2571650 
0.2580185 
0.2432348 
0.2433673 
0.2506761 
0.2526134 
0.2396758 
0.2397188 
0.2488215 
0.2542324 
0.2654801 
0.2710604 
0.2682090 
0.2557327 
0.2438475 
0.2510937 
0.2554436 
0.2475789 
0.2454362 
0.2656212 
0.2792416 
0.2659773 
0.2542885 
0.2589293 
0.2622262 
0.2642331 
0.2508952 
0.2610680 
0.2793280 
0.2722711 
0.2467416 
0.2404659 
0.2447595 
0.2605578 
0.2599945 
0.2633655 
0.2605407 
0.2424004 
0.2233497 
0.2260987 
0.2336444 
0.2267488 
0.2209073 
0.2378135 
0.2573556 
0.2351625 
0.2124049 
0.2127369 
0.2202305 
0.2128103 
0.2107683 
0.2348624 
0.2602731 
0.2557080 
0.2274766 
0.2205473 
0.2231357 
0.2259924 
0.2304299 
0.2605718 
0.2847187 
0.2819012 
0.2673366 
0.2719631 
0.2624021 
0.2612851 
0.2653317 
0.2596597 
0.2656682 
0.2503268 
0.2375868 
0.2324491 
0.2299206 
0.2310395 
0.2322949 
0.2592406 
0.2636020 
0.2425732 
0.2335724 
0.2410626 
0.2387363 
0.2263484 
0.2195557 
0.2324292 
0.2601638 
0.2637549 
0.2504948 
0.2452146 
0.2281187 
0.2139548 
0.2089147 
0.1997575 
0.1970241 
0.2003392 
0.1966408 
0.2029823 
0.2067785 
0.2139518 
0.2158216 
0.2153820 
0.2152093 
0.2244102 
0.2352224 
0.2309314 
0.2349254 
0.2364470 
0.2416797 
0.2563966 
0.2553907 
0.2467754 
0.2512278 
0.2495871 
0.2523093 
0.2387107 
0.2373709 
0.2287972 
0.2135865 
0.2092218 
0.2097067 
0.2195515 
0.2206246 
0.2163616 
0.2167664 
0.2256520 
0.2295106 
0.2436470 
0.2459821 
0.2437717 
0.2417450 
0.2298875 
0.2192900 
0.2225313 
0.2169477 
0.2334967 
0.2341710 
0.2365546 
0.2360665 
0.2278855 
0.2357844 
0.2386566 
0.2478889 
0.2475169 
0.2344549 
0.2267537 
0.2236823 
0.2208514 
0.2215735 
0.2386809 
0.2412706 
0.2331841 
0.2309653 
0.2279010 
0.2116901 
0.2011749 
0.2129924 
0.2321455 
0.2243180 
0.2049496 
0.1877596 
0.1896486 
0.1928838 
0.2091433 
0.2109481 
0.1789344 
0.1647306 
0.1733115 
0.1842289 
0.1917938 
0.1888079 
0.1830802 
0.1796429 
0.1802922 
0.1918189 
0.1917446 
0.1835247 
0.1678094 
0.1767293 
0.1898415 
0.1898704 
0.1911231 
0.1870080 
0.1750221 
0.1739247 
0.1868980 
0.2068823 
0.2086414 
0.1908080 
0.1839951 
0.1813102 
0.1901503 
0.2040593 
0.2035446 
0.1870867 
0.1836965 
0.1829421 
0.1866439 
0.1993483 
0.2008426 
0.1990487 
0.1879399 
0.1844896 
0.1950596 
0.1955194 
0.2060702 
0.2136122 
0.2091706 
0.2071608 
0.2041291 
0.1956553 
0.2064375 
0.2114523 
0.2093431 
0.2213283 
0.2200177 
0.2185516 
0.2181821 
0.2316791 
0.2464703 
0.2444811 
0.2343490 
0.2234075 
0.2168787 
0.2048887 
0.2116301 
0.2146696 
0.2183165 
0.2217209 
0.2040387 
0.1989666 
0.2130073 
0.2167870 
0.2197169 
0.2165354 
0.1990814 
0.1894189 
0.1866525 
0.2004384 
0.1942789 
0.1876638 
0.1794846 
0.1727396 
0.1755642 
0.1869502 
0.1846941 
0.1806149 
0.1715812 
0.1679642 
0.1667129 
0.1658981 
0.1548047 
0.1555338 
0.1599017 
0.1490343 
0.1515152 
0.1524783 
0.1511834 
0.1571945 
0.1593553 
0.1566811 
0.1561999 
0.1529251 
0.1504020 
0.1475234 
0.1425903 
0.1487443 
0.1557993 
0.1559096 
0.1568653 
0.1587575 
0.1554774 
0.1591114 
0.1684004 
0.1671471 
0.1704586 
0.1774491 
0.1748128 
0.1723608 
0.1565001 
0.1498783 
0.1655283 
0.1730177 
0.1740142 
0.1873701 
0.1757728 
0.1766792 
0.1825134 
0.1771176 
0.1642996 
0.1742592 
0.1791747 
0.1803242 
0.1909689 
0.1986712 
0.1841830 
0.1831749 
0.1784397 
0.1648734 
0.1657186 
0.1814255 
0.1833752 
0.1951378 
0.1981056 
0.1820772 
0.1695874 
0.1652318 
0.1670521 
0.1751660 
0.1894544 
0.1938373 
0.1931932 
0.1794288 
0.1695566 
0.1530170 
0.1532224 
0.1554507 
0.1634719 
0.1852019 
0.1949045 
0.1894324 
0.1829311 
0.1704857 
0.1597597 
0.1743553 
0.1817241 
0.1736261 
0.1662452 
0.1600658 
0.1543607 
0.1633449 
0.1613451 
0.1502403 
0.1463458 
0.1448406 
0.1538344 
0.1591634 
0.1436441 
0.1480246 
0.1466404 
0.1402406 
0.1334352 
0.1430897 
0.1544570 
0.1604100 
0.1720703 
0.1762486 
0.1718192 
0.1556248 
0.1440034 
0.1386913 
0.1311689 
0.1390269 
0.1439271 
0.1520551 
0.1568609 
0.1658493 
0.1649988 
0.1710426 
0.1678443 
0.1673323 
0.1685646 
0.1730108 
0.1689782 
0.1580086 
0.1550052 
0.1534605 
0.1639787 
0.1726919 
0.1678555 
0.1566868 
0.1578868 
0.1583873 
0.1604725 
0.1629968 
0.1516487 
0.1486294 
0.1435549 
0.1388067 
0.1309021 
0.1299706 
0.1304790 
0.1344938 
0.1394287 
0.1467908 
0.1413408 
0.1315726 
0.1375781 
0.1508287 
0.1609946 
0.1648447 
0.1519408 
0.1386574 
0.1266746 
0.1407978 
0.1520801 
0.1584008 
0.1570936 
0.1534386 
0.1547034 
0.1528505 
0.1639351 
0.1594924 
0.1554047 
0.1599228 
0.1568994 
0.1466423 
0.1382003 
0.1263914 
0.1231882 
0.1169363 
0.1316707 
0.1410486 
0.1358516 
0.1370109 
0.1292989 
0.1200563 
0.1198389 
0.1289595 
0.1355271 
0.1394684 
0.1293396 
0.1134576 
0.1127550 
0.1139985 
0.1274102 
0.1296292 
0.1406143 
0.1435804 
0.1409033 
0.1354892 
0.1379784 
0.1472661 
0.1476693 
0.1479931 
0.1457193 
0.1420199 
0.1253945 
0.1156121 
0.1086776 
0.1288983 
0.1439596 
0.1517367 
0.1551022 
0.1420793 
0.1210984 
0.1105677 
0.1143891 
0.1161799 
0.1213033 
0.1255238 
0.1248849 
0.1285300 
0.1269077 
0.1316237 
0.1360857 
0.1358412 
0.1460638 
0.1443727 
0.1435057 
0.1199013 
0.1145713 
0.1275357 
0.1306039 
0.1391036 
0.1292737 
0.1284680 
0.1281692 
0.1267860 
0.1325894 
0.1375416 
0.1403487 
0.1294070 
0.1420654 
0.1297244 
0.1440218 
0.1463361 
0.1530808 
0.1506778 
0.1357595 
0.1320139 
0.1370801 
0.1395655 
0.1371570 
0.1235107 
0.1230918 
0.1230828 
0.1144963 
0.1105693 
0.1195094 
0.1240481 
0.1306529 
0.1399462 
0.1407848 
0.1343278 
0.1270509 
0.1170411 
0.1112777 
0.1121188 
0.1165338 
0.1153913 
0.1126675 
0.1144428 
0.1179544 
0.1245292 
0.1293691 
0.1222861 
0.1208320 
0.1126974 
0.1056740 
0.1080900 
0.1060454 
0.1082519 
0.1011647 
0.1050157 
0.1075567 
0.1057427 
0.0940200 
0.0888892 
0.0905204 
0.1053607 
0.1056141 
0.0943061 
0.0806535 
0.0898180 
0.0965066 
0.0978946 
0.1009064 
0.0951224 
0.0926801 
0.0826641 
0.0750980 
0.0679935 
0.0737520 
0.0958138 
0.1078397 
0.1029641 
0.0976471 
0.0914745 
0.0919792 
0.0871229 
0.0874641 
0.0903504 
0.1019362 
0.1078960 
0.1005159 
0.0944531 
0.0976719 
0.0990162 
0.1082503 
0.1112690 
0.1171653 
0.1196195 
0.1147325 
0.1042102 
0.0935968 
0.0884355 
0.0859971 
0.0858442 
0.0832540 
0.0874655 
0.1028074 
0.1062926 
0.0960208 
0.0990973 
0.0979558 
0.0997519 
0.1030408 
0.1018999 
0.1069171 
0.1041686 
0.0940931 
0.0847563 
0.0747372 
0.0698229 
0.0705202 
0.0789112 
0.0837000 
0.0898303 
0.1028100 
0.0946448 
0.0882212 
0.0864345 
0.0829883 
0.0868206 
0.0822088 
0.0889376 
0.0941100 
0.0865414 
0.0724014 
0.0777873 
0.0922769 
0.0870023 
0.0702874 
0.0626827 
0.0661680 
0.0772234 
0.0744337 
0.0700368 
0.0809045 
0.0780558 
0.0700395 
0.0785133 
0.0829529 
0.0847624 
0.0798191 
0.0628729 
0.0622317 
0.0659681 
0.0666390 
0.0693658 
0.0779701 
0.0798984 
0.0708911 
0.0699801 
0.0702437 
0.0737905 
0.0657803 
0.0698529 
0.0677968 
0.0779124 
0.0788835 
0.0677719 
0.0747187 
0.0733384 
0.0753089 
0.0865293 
0.1045929 
0.0891361 
0.0907169 
0.0980039 
0.0965875 
0.0903411 
0.0801679 
0.0750579 
0.0910529 
0.0866463 
0.0769717 
0.0793291 
0.0941707 
0.0815202 
0.0711549 
0.0566371 
0.0535121 
0.0508866 
0.0610559 
0.0677957 
0.0771212 
0.0785444 
0.0807030 
0.0734102 
0.0743230 
0.0804953 
0.0696602 
0.0624813 
0.0585927 
0.0632949 
0.0813288 
0.0869262 
0.0795828 
0.0768671 
0.0724770 
0.0642862 
0.0649134 
0.0758396 
0.0762381 
0.0652679 
0.0620833 
0.0649306 
0.0604787 
0.0568170 
0.0552432 
0.0525082 
0.0446747 
0.0519143 
0.0656497 
0.0838257 
0.0895710 
0.0833412 
0.0687370 
0.0642141 
0.0577676 
0.0496175 
0.0534507 
0.0570051 
0.0530248 
0.0525302 
0.0459680 
0.0376664 
0.0407997 
0.0445071 
0.0612200 
0.0686369 
0.0714445 
0.0778112 
0.0664230 
0.0568953 
0.0527496 
0.0498873 
0.0594635 
0.0651030 
0.0774979 
0.0624382 
0.0614429 
0.0662873 
0.0678099 
0.0674884 
0.0575799 
0.0547475 
0.0597050 
0.0570704 
0.0653931 
0.0622209 
0.0641602 
0.0710909 
0.0754661 
0.0673296 
0.0719535 
0.0655052 
0.0577785 
0.0427630 
0.0388131 
0.0294676 
0.0288751 
0.0293223 
0.0353214 
0.0370526 
0.0508965 
0.0680486 
0.0895795 
0.1000018 
0.1123718 
0.1098384 
0.1130022 
0.0977293 
0.0795813 
0.0547697 
0.0348584 
0.0341667 
0.0411286 
0.0383452 
0.0514529 
0.0644720 
0.0701939 
0.0754338 
0.0670500 
0.0655237 
0.0628497 
0.0622207 
0.0649117 
0.0514665 
0.0465110 
0.0505496 
0.0602551 
0.0678761 
0.0791906 
0.0922090 
0.0988100 
0.0986092 
0.0919349 
0.0973204 
0.0897929 
0.0715159 
0.0565504 
0.0412464 
0.0274994 
0.0254529 
0.0155307 
0.0160551 
0.0345809 
0.0521033 
0.0602315 
0.0643916 
0.0707103 
0.0807800 
0.0756740 
0.0680897 
0.0640507 
0.0622570 
0.0639691 
0.0512748 
0.0409082 
0.0279382 
0.0301376 
0.0361152 
0.0486467 
0.0527685 
0.0613188 
0.0578609 
0.0576279 
0.0701170 
0.0701546 
0.0748988 
0.0710880 
0.0482107 
0.0390623 
0.0381436 
0.0377111 
0.0422040 
0.0430374 
0.0470659 
0.0678010 
0.0852071 
0.0983566 
0.1105008 
0.1059323 
0.0841848 
0.0649963 
0.0328741 
0.0095579 
0.0000000 
0.0038451 
0.0137451 
0.0368955 
0.0618587 
0.0838631 
0.0945739 
0.1013947 
0.0939878 
0.0756596 
0.0523721 
0.0241809 
0.0137686 
0.0058601 
0.0228360 
0.0382891 
0.0564370 
0.0750962 
0.0926991 
0.0923326 
0.0815790 
0.0675112 
0.0502736 
0.0270163 
0.0148316 
0.0096728 
0.0304484 
0.0554952 
0.0785397 
0.0968837 
0.1030075 
0.1041446 
0.0864324 
0.0714314 
0.0617601 
0.0386955 
0.0259997 
0.0178918 
0.0198706 
0.0391415 
0.0667610 
0.0913016 
0.1045846 
0.0947643 
0.0907734 
0.0831603 
0.0732378 
0.0504287 
0.0453766 
