0.0000059 
-0.0001689 
-0.0000170 
0.1453059 
-0.1115336 
0.3420239 
0.0066272 
0.0104817 
0.0044127 
0.0032897 
0.0150155 
0.0152000 
0.0138206 
0.0135523 
0.0103064 
0.0124770 
0.0181800 
0.0200852 
0.0172788 
0.0123647 
0.0174350 
0.0235525 
0.0197513 
0.0225287 
0.0256121 
0.0284742 
0.0240531 
0.0200140 
0.0217802 
0.0292397 
0.0262136 
0.0268461 
0.0364578 
0.0428415 
0.0304823 
0.0257593 
0.0246228 
0.0228172 
0.0166589 
0.0171461 
0.0194352 
0.0180432 
0.0165579 
0.0238021 
0.0229703 
0.0216157 
0.0179654 
0.0215237 
0.0206597 
0.0235963 
0.0231478 
0.0281983 
0.0216911 
0.0119235 
0.0139861 
0.0241043 
0.0269861 
0.0331948 
0.0403291 
0.0392563 
0.0265986 
0.0235660 
0.0340351 
0.0354637 
0.0529634 
0.0533849 
0.0550809 
0.0457624 
0.0367505 
0.0326737 
0.0257268 
0.0305010 
0.0339460 
0.0367526 
0.0319688 
0.0229866 
0.0268712 
0.0231990 
0.0271556 
0.0261604 
0.0247785 
0.0276829 
0.0262703 
0.0233405 
0.0223349 
0.0167879 
0.0145969 
0.0106910 
0.0134679 
0.0211578 
0.0212915 
0.0209226 
0.0149735 
0.0037708 
0.0000000 
0.0072581 
0.0071405 
0.0052525 
0.0105938 
0.0139652 
0.0213578 
0.0217376 
0.0278733 
0.0289319 
0.0327230 
0.0319144 
0.0254719 
0.0319248 
0.0311038 
0.0300845 
0.0238088 
0.0128271 
0.0181608 
0.0211275 
0.0162314 
0.0213266 
0.0152676 
0.0114048 
0.0103484 
0.0199911 
0.0287594 
0.0301959 
0.0215983 
0.0106672 
0.0152361 
0.0153012 
0.0126815 
0.0149859 
0.0106622 
0.0061126 
0.0034059 
0.0153198 
0.0250183 
0.0127884 
0.0192537 
0.0197368 
0.0321575 
0.0370012 
0.0370758 
0.0334763 
0.0363050 
0.0416694 
0.0494830 
0.0498774 
0.0481676 
0.0423071 
0.0297666 
0.0272944 
0.0480799 
0.0517622 
0.0621243 
0.0622666 
0.0615448 
0.0557620 
0.0589621 
0.0665059 
0.0624721 
0.0512341 
0.0539546 
0.0396724 
0.0457261 
0.0410194 
0.0445405 
0.0513199 
0.0393006 
0.0420421 
0.0506270 
0.0512085 
0.0834525 
0.1006381 
0.1142232 
0.1271628 
0.1278062 
0.1481227 
0.1557943 
0.1697282 
0.1756632 
0.1815522 
0.1910712 
0.2008269 
0.2068494 
0.2295469 
0.2504125 
0.2636891 
0.2782069 
0.2835936 
0.2898703 
0.2985940 
0.2995393 
0.3015275 
0.3176768 
0.3188229 
0.3275873 
0.3256483 
0.3189870 
0.3215581 
0.3143675 
0.3136313 
0.3120435 
0.3016858 
0.3006726 
0.3129682 
0.3175548 
0.3150589 
0.3200925 
0.3048666 
0.3067496 
0.3118741 
0.3135316 
0.3125331 
0.3048304 
0.3042693 
0.3072286 
0.2953737 
0.2960727 
0.3004788 
0.2993754 
0.3007574 
0.2960669 
0.2929729 
0.2985739 
0.3002357 
0.3042981 
0.3149437 
0.3307794 
0.3439143 
0.3425579 
0.3306734 
0.3115237 
0.3022176 
0.3003353 
0.3090481 
0.3083196 
0.3111043 
0.3137824 
0.3095797 
0.3111307 
0.3175917 
0.3161604 
0.3202288 
0.3217210 
0.3174355 
0.3162056 
0.3085500 
0.3147816 
0.3166742 
0.3212468 
0.3200161 
0.3185322 
0.3174626 
0.3210528 
0.3168607 
0.3206525 
0.3226943 
0.3247669 
0.3316195 
0.3322833 
0.3288577 
0.3308897 
0.3339407 
0.3270384 
0.3298809 
0.3368463 
0.3326134 
0.3359283 
0.3397831 
0.3407472 
0.3385964 
0.3357481 
0.3158310 
0.2991891 
0.3033317 
0.3028109 
0.2970975 
0.3007173 
0.2956663 
0.2922845 
0.2934242 
0.2835688 
0.2884653 
0.3034932 
0.3010201 
0.2950342 
0.2972245 
0.2987407 
0.2898360 
0.2900524 
0.2881514 
0.2822807 
0.2820955 
0.2818763 
0.2925672 
0.2947869 
0.3026957 
0.3014339 
0.2870641 
0.2840210 
0.2754356 
0.2732093 
0.2799437 
0.2797510 
0.2824765 
0.2762943 
0.2771672 
0.2763974 
0.2777807 
0.2788599 
0.2778066 
0.2720506 
0.2743484 
0.2794776 
0.2849041 
0.2856398 
0.2791597 
0.2838338 
0.2830732 
0.2808263 
0.2716473 
0.2643128 
0.2688049 
0.2734610 
0.2784844 
0.2868277 
0.2869617 
0.2837434 
0.2888976 
0.2907455 
0.2905256 
0.2828404 
0.2841826 
0.2820278 
0.2805760 
0.2801968 
0.2830240 
0.2819335 
0.2909064 
0.2960226 
0.2858927 
0.2837261 
0.2849420 
0.2943911 
0.2806708 
0.2801012 
0.2826380 
0.2756306 
0.2729549 
0.2849275 
0.2830503 
0.2734046 
0.2783796 
0.2846858 
0.2798308 
0.2734820 
0.2775606 
0.2726302 
0.2651840 
0.2745002 
0.2868052 
0.2782519 
0.2758885 
0.2857949 
0.2873143 
0.2789910 
0.2722898 
0.2904616 
0.2832070 
0.2662492 
0.2766172 
0.2841908 
0.2745847 
0.2651279 
0.2824926 
0.2846084 
0.2712883 
0.2735787 
0.2917364 
0.2984800 
0.2781759 
0.2827317 
0.2942575 
0.2949157 
0.2781074 
0.2871666 
0.2968418 
0.2864078 
0.2680244 
0.2934666 
0.2969953 
0.2808873 
0.2750759 
0.2889254 
0.2883816 
0.2866252 
0.2824979 
0.2883217 
0.2897898 
0.2897367 
0.2867993 
0.2997248 
0.3008687 
0.2899674 
0.2884226 
0.2880859 
0.2962361 
0.2949264 
0.2928745 
0.2951302 
0.2863902 
0.2833822 
0.2932187 
0.2935780 
0.2935876 
0.2881438 
0.2814339 
0.2763969 
0.2816920 
0.2837870 
0.2798382 
0.2780091 
0.2820253 
0.2842757 
0.2840283 
0.2823603 
0.2838458 
0.2793986 
0.2776635 
0.2770325 
0.2765414 
0.2759961 
0.2869587 
0.2871670 
0.2841461 
0.2812223 
0.2871249 
0.2823472 
0.2765590 
0.2805321 
0.2844079 
0.2911518 
0.2933277 
0.3027236 
0.3083523 
0.3144119 
0.2970562 
0.2870164 
0.2890573 
0.2858119 
0.2808596 
0.2755311 
0.2801884 
0.2817403 
0.2875636 
0.2806118 
0.2726173 
0.2850710 
0.3006849 
0.3020301 
0.2978185 
0.2885091 
0.2917903 
0.2983362 
0.2864798 
0.2776371 
0.2680924 
0.2619866 
0.2633919 
0.2599529 
0.2658628 
0.2679733 
0.2788038 
0.2820275 
0.2801356 
0.2883612 
0.2825642 
0.2788692 
0.2794908 
0.2742930 
0.2698632 
0.2720391 
0.2661539 
0.2722907 
0.2756923 
0.2750801 
0.2680412 
0.2732935 
0.2846006 
0.2892655 
0.2985501 
0.3015741 
0.3070283 
0.3096705 
0.3033713 
0.3112057 
0.3235576 
0.3142453 
0.3139561 
0.3106453 
0.3147917 
0.3235043 
0.3217297 
0.3300396 
0.3356579 
0.3303926 
0.3260911 
0.3259812 
0.3380734 
0.3350887 
0.3267662 
0.3300101 
0.3200421 
0.3151869 
0.3118009 
0.3113069 
0.3082277 
0.3020925 
0.3008585 
0.3019646 
0.3077585 
0.3085051 
0.3080991 
0.3101474 
0.3098147 
0.3107594 
0.3049739 
0.3160257 
0.3182807 
0.3192633 
0.3080266 
0.3081206 
0.2983834 
0.2954679 
0.2928848 
0.2914956 
0.2882771 
0.2837148 
0.2774685 
0.2851896 
0.2838651 
0.2986100 
0.3068867 
0.3013146 
0.2943158 
0.2937710 
0.2942036 
0.2983527 
0.3022764 
0.2970236 
0.2986559 
0.3027819 
0.2998660 
0.3013785 
0.2959465 
0.2921623 
0.2923280 
0.2986327 
0.2963966 
0.2891446 
0.2964771 
0.2949581 
0.2980592 
0.3005097 
0.3039122 
0.3027894 
0.3007998 
0.3050035 
0.3028637 
0.2958844 
0.2992287 
0.3014433 
0.3090948 
0.3102246 
0.2996618 
0.3024287 
0.3032319 
0.2990767 
0.2947253 
0.2909525 
0.2982589 
0.2953329 
0.2925805 
0.2883981 
0.2826398 
0.2807075 
0.2871672 
0.2823988 
0.2723455 
0.2684450 
0.2669537 
0.2699695 
0.2741537 
0.2786345 
0.2845748 
0.2890654 
0.2965208 
0.2938594 
0.2938321 
0.2813921 
0.2737249 
0.2719008 
0.2620786 
0.2624652 
0.2638602 
0.2677619 
0.2713871 
0.2680499 
0.2700310 
0.2767374 
0.2773150 
0.2794111 
0.2823202 
0.2770695 
0.2901460 
0.2868206 
0.2911585 
0.2807667 
0.2760107 
0.2755397 
0.2721130 
0.2716001 
0.2668154 
0.2666561 
0.2754904 
0.2681991 
0.2600274 
0.2682925 
0.2795201 
0.2928241 
0.3008147 
0.2958531 
0.2914586 
0.2850763 
0.2845871 
0.2837989 
0.2830082 
0.2889009 
0.3019234 
0.3144372 
0.3103153 
0.3162725 
0.3176830 
0.3153143 
0.3195313 
0.3192721 
0.3040961 
0.2966801 
0.3032055 
0.3020396 
0.2901607 
0.2889236 
0.2834239 
0.2832159 
0.2854043 
0.2829667 
0.2756590 
0.2781702 
0.2839522 
0.2960920 
0.2903731 
0.2899121 
0.2889301 
0.2869440 
0.2861767 
0.2752379 
0.2756398 
0.2769664 
0.2687295 
0.2688651 
0.2755220 
0.2797305 
0.2775954 
0.2810228 
0.2778030 
0.2745992 
0.2619026 
0.2695251 
0.2899453 
0.2977758 
0.2958913 
0.2947037 
0.3112412 
0.3095090 
0.3047267 
0.2985169 
0.3529017 
0.3401899 
0.3326495 
0.3267534 
0.3328304 
0.3451092 
0.3509795 
0.3433565 
0.3319513 
0.3310033 
0.3391653 
0.3435687 
0.3632955 
0.4663567 
0.4561928 
0.4645170 
0.4701892 
0.4771129 
0.4707004 
0.4577134 
0.4664909 
0.4757522 
0.4670499 
0.4624039 
0.4448296 
0.5478382 
0.5785364 
0.5894620 
0.5999738 
0.6048673 
0.6022609 
0.6181446 
0.6318117 
0.6416446 
0.6512762 
0.6400090 
0.6401484 
0.6598574 
0.7728226 
0.7652402 
0.7649722 
0.7701597 
0.7734534 
0.7858944 
0.7906782 
0.7723685 
0.7493935 
0.7475281 
0.7664692 
0.7703967 
0.8359333 
0.7894898 
0.7747437 
0.7885621 
0.8222118 
0.8311318 
0.8204533 
0.7939415 
0.7790930 
0.7891698 
0.8052375 
0.8154944 
0.8585863 
0.8324897 
0.8383471 
0.8686449 
0.8866666 
0.8944923 
0.8908315 
0.8558495 
0.8427213 
0.8527783 
0.8698541 
0.8789406 
0.9147553 
0.9152693 
0.9088056 
0.9242203 
0.9411625 
0.9474581 
0.9343770 
0.9260953 
0.9286107 
0.9222699 
0.9386047 
0.9580330 
0.9618883 
0.9515520 
0.9691980 
0.9679057 
0.9538898 
0.9745658 
0.9673188 
0.9453114 
0.9307167 
0.9368389 
0.9338767 
0.9589919 
0.9933177 
0.9577651 
0.9138642 
0.9043791 
0.9529408 
0.9557767 
0.9584600 
0.9517425 
0.9039524 
0.8765413 
0.9052703 
0.9518711 
0.9789644 
0.9598888 
0.9391461 
0.8973755 
0.8901992 
0.9283747 
0.9607287 
0.9702250 
0.9456415 
0.9230666 
0.9150721 
0.9313993 
0.9634144 
0.9921708 
0.9781379 
0.9566652 
0.9548537 
0.9819127 
0.9800101 
0.9953253 
0.9993502 
0.9889510 
0.9805485 
0.9841484 
0.9846361 
0.9739013 
0.9695059 
0.9955331 
0.9833486 
0.9675025 
0.9709999 
0.9719827 
0.9732672 
0.9716923 
0.9678099 
0.9678435 
0.9575171 
0.9443554 
0.9541899 
0.9506464 
0.9560683 
0.9559168 
0.9523217 
0.9463865 
0.9611018 
0.9792987 
1.0000000 
0.9928147 
0.9847405 
0.9729655 
0.9753437 
0.9747850 
0.9740319 
0.9666058 
0.9676384 
0.9593426 
0.9588565 
0.9672248 
0.9670214 
0.9663900 
0.9667024 
0.9614385 
0.9604331 
0.9507744 
0.9512489 
0.9576372 
0.9509336 
0.9544867 
0.9636263 
0.9630023 
0.9596134 
0.9632361 
0.9720103 
0.9659551 
0.9619769 
0.9591089 
0.9585163 
0.9504667 
0.9388248 
0.9351944 
0.9482019 
0.9609178 
0.9498391 
0.9536146 
0.9597231 
0.9575067 
0.9528340 
0.9480398 
0.9530600 
0.9549041 
0.9587488 
0.9657636 
0.9649947 
0.9658513 
0.9481732 
0.9408868 
0.9377491 
0.9382928 
0.9444390 
0.9491858 
0.9488812 
0.9446064 
0.9345462 
0.9352179 
0.9326031 
0.9279358 
0.9163844 
0.9030464 
0.8944787 
0.8930865 
0.8929441 
0.8957435 
0.8961224 
0.9055451 
0.9189388 
0.9186247 
0.9230944 
0.9300982 
0.9304777 
0.9355354 
0.9391500 
0.9526114 
0.9483479 
0.9555185 
0.9493172 
0.9402816 
0.9485169 
0.9540748 
0.9586083 
0.9621225 
0.9608764 
0.9628086 
0.9654475 
0.9658375 
0.9684999 
0.9756731 
0.9652089 
0.9575372 
0.9503588 
0.9405333 
0.9342544 
0.9246549 
0.9200171 
0.9126385 
0.9094321 
0.9096588 
0.9120820 
0.9044886 
0.8977969 
0.8905793 
0.8915541 
0.8999994 
0.9056193 
0.9083918 
0.9193682 
0.9056018 
0.9038277 
0.9045963 
0.8958735 
0.8909835 
0.9057432 
0.9155605 
0.9209425 
0.9129983 
0.9103088 
0.9184465 
0.9201985 
0.9316749 
0.9210054 
0.9123858 
0.9234315 
0.9269734 
0.9368748 
0.9363361 
0.9319858 
0.9326168 
0.9269422 
0.9168178 
0.9208824 
0.9211926 
0.9348948 
0.9402296 
0.9466479 
0.9346850 
0.9316137 
0.9363660 
0.9358117 
0.9338665 
0.9328454 
0.9265800 
0.9158781 
0.9183650 
0.9259012 
0.9211534 
0.9240239 
0.9198220 
0.9224722 
0.9127839 
0.9028076 
0.9090095 
0.8973725 
0.9125449 
0.9245805 
0.9324694 
0.9330415 
0.9194624 
0.9215560 
0.9298612 
0.9290071 
0.9326618 
0.9400470 
0.9311590 
0.9230123 
0.9078759 
0.8944756 
0.8921908 
0.8940336 
0.9062392 
0.9078277 
0.9055944 
0.9087128 
0.9083543 
0.9137953 
0.9180658 
0.9157148 
0.9112952 
0.9189013 
0.9132540 
0.9000861 
0.8948640 
0.8909172 
0.8887333 
0.8857915 
0.8897729 
0.8839805 
0.8785506 
0.8756227 
0.8874003 
0.8894453 
0.8888295 
0.8875034 
0.8776791 
0.8748782 
0.8813485 
0.8831906 
0.8832890 
0.8794948 
0.8693348 
0.8616458 
0.8636716 
0.8614746 
0.8631616 
0.8645852 
0.8724597 
0.8769957 
0.8718605 
0.8681884 
0.8628279 
0.8663600 
0.8615677 
0.8719015 
0.8876026 
0.8940234 
0.8987996 
0.9008077 
0.8976528 
0.8991382 
0.8954330 
0.8871516 
0.8854372 
0.8811507 
0.8778547 
0.8810224 
0.8927234 
0.8983983 
0.9019457 
0.8936146 
0.8860695 
0.8829557 
0.8876274 
0.8792568 
0.8734057 
0.8660178 
0.8612337 
0.8659788 
0.8699249 
0.8705312 
0.8725147 
0.8621654 
0.8579233 
0.8576526 
0.8538443 
0.8435632 
0.8500941 
0.8560035 
0.8489167 
0.8491255 
0.8494925 
0.8490597 
0.8497623 
0.8393263 
0.8389930 
0.8369213 
0.8380763 
0.8418333 
0.8470814 
0.8425019 
0.8385583 
0.8389567 
0.8444841 
0.8490008 
0.8507493 
0.8499614 
0.8543197 
0.8544900 
0.8591356 
0.8575684 
0.8584986 
0.8586444 
0.8577380 
0.8606752 
0.8468794 
0.8447134 
0.8409938 
0.8364002 
0.8379062 
0.8337656 
0.8428947 
0.8545618 
0.8720993 
0.8789860 
0.8733483 
0.8643553 
0.8576154 
0.8432670 
0.8438929 
0.8501598 
0.8430110 
0.8449839 
0.8334476 
0.8325740 
0.8339510 
0.8259876 
0.8116105 
0.8164990 
0.8259451 
0.8277346 
0.8200608 
0.8187220 
0.8184637 
0.8262775 
0.8212367 
0.8163435 
0.8236165 
0.8261436 
0.8158496 
0.8074008 
0.7956559 
0.7990192 
0.8037706 
0.8118034 
0.8052073 
0.8109934 
0.8172748 
0.8155778 
0.8112681 
0.8215483 
0.8217207 
0.8148558 
0.8098293 
0.8133826 
0.8129595 
0.8016522 
0.8018937 
0.8024728 
0.7927285 
0.7949776 
0.7999173 
0.7950639 
0.7958885 
0.8014052 
0.8067220 
0.8017233 
0.8054077 
0.8009479 
0.7914351 
0.7934095 
0.8040236 
0.7993035 
0.8009796 
0.7997543 
0.7921154 
0.7831977 
0.7816205 
0.7781751 
0.7731328 
0.7817977 
0.7764605 
0.7733352 
0.7778284 
0.7806198 
0.7705681 
0.7624037 
0.7772457 
0.7772795 
0.7999685 
0.8159686 
0.8271315 
0.8310752 
0.8365595 
0.8480757 
0.8359660 
0.8145961 
0.8024693 
0.8010577 
0.7959138 
0.7696154 
0.7683752 
0.7668095 
0.7524586 
0.7582879 
0.7663442 
0.7637646 
0.7627398 
0.7663778 
0.7718073 
0.7665559 
0.7737305 
0.7836085 
0.7733857 
0.7771465 
0.7804754 
0.7777347 
0.7752082 
0.7807121 
0.7820670 
0.7822832 
0.7772378 
0.7795273 
0.7767939 
0.7741701 
0.7940762 
0.7994964 
0.7882840 
0.7795267 
0.7817429 
0.7763081 
0.7773146 
0.7745861 
0.7745087 
0.7804996 
0.7738441 
0.7704373 
0.7763072 
0.7575143 
0.7509285 
0.7530338 
0.7623560 
0.7580401 
0.7619685 
0.7504189 
0.7490884 
0.7475546 
0.7338944 
0.7360712 
0.7388475 
0.7397313 
0.7478607 
0.7468874 
0.7414642 
0.7264808 
0.7249479 
0.7257105 
0.7264191 
0.7287266 
0.7350413 
0.7431126 
0.7518188 
0.7442545 
0.7442631 
0.7404886 
0.7404152 
0.7372524 
0.7306575 
0.7357692 
0.7221181 
0.7224983 
0.7193296 
0.7202448 
0.7222896 
0.7224680 
0.7209098 
0.7147306 
0.7155509 
0.7131791 
0.7105540 
0.7111499 
0.7153914 
0.7302295 
0.7259520 
0.7321403 
0.7251209 
0.7275186 
0.7154997 
0.7080098 
0.7066254 
0.7091229 
0.7141822 
0.7118230 
0.7088464 
0.7092542 
0.7112996 
0.7100826 
0.7134092 
0.7106980 
0.7118074 
0.7132687 
0.7190253 
0.7245336 
0.7185255 
0.7150373 
0.7195108 
0.7229000 
0.7205819 
0.7198240 
0.7162272 
0.7171929 
0.7168716 
0.7221718 
0.7244654 
0.7106289 
0.7006640 
0.6963898 
0.7035353 
0.7125364 
0.7077085 
0.7089038 
0.7208061 
0.7282623 
0.7204082 
0.7063806 
0.7060805 
0.7079243 
0.7158178 
0.7125110 
0.7014147 
0.6958465 
0.6977296 
0.7112385 
0.7064745 
0.7085785 
0.6995691 
0.6993185 
0.7081145 
0.7145125 
0.7053002 
0.7030854 
0.6917824 
0.7019098 
0.7099787 
0.7050251 
0.6926032 
0.7039820 
0.7048831 
0.7108091 
0.7090168 
0.7034464 
0.7011423 
0.6914173 
0.6997075 
0.7100459 
0.7103890 
0.7103994 
0.6974005 
0.6931059 
0.6901790 
0.6980751 
0.6962346 
0.6898261 
0.6844805 
0.6900965 
0.6958773 
0.6955802 
0.6909041 
0.6862215 
0.6896534 
0.6870817 
0.6991236 
0.7028620 
0.6999396 
0.6951659 
0.6953274 
0.7004856 
0.7037646 
0.7087226 
0.7056332 
0.6851407 
0.6913027 
0.6919036 
0.6944697 
0.6924400 
0.6780587 
0.6756267 
0.6646304 
0.6781570 
0.6862598 
0.6910341 
0.6892479 
0.6799533 
0.6614381 
0.6747953 
0.6988195 
0.7065227 
0.7028893 
0.6993017 
0.6884853 
0.6764305 
0.6627249 
0.6645384 
0.6603373 
0.6526630 
0.6476035 
0.6501444 
0.6501726 
0.6648535 
0.6729693 
0.6709631 
0.6617702 
0.6666565 
0.6664798 
0.6727456 
0.6765754 
0.6769237 
0.6695227 
0.6724072 
0.6646868 
0.6663455 
0.6678283 
0.6722420 
0.6704093 
0.6585358 
0.6572637 
0.6530827 
0.6625241 
0.6637476 
0.6601278 
0.6530448 
0.6593572 
0.6598172 
0.6549935 
0.6446484 
0.6463308 
0.6506658 
0.6469998 
0.6479953 
0.6491671 
0.6544223 
0.6575289 
0.6594592 
0.6620573 
0.6536949 
0.6486296 
0.6451838 
0.6462938 
0.6632666 
0.6688831 
0.6737311 
0.6559998 
0.6454608 
0.6418484 
0.6380338 
0.6489188 
0.6498126 
0.6547121 
0.6641661 
0.6543364 
0.6481322 
0.6469723 
0.6428397 
0.6468337 
0.6454680 
0.6449194 
0.6388314 
0.6462684 
0.6460077 
0.6451781 
0.6549541 
0.6536428 
0.6574153 
0.6635674 
0.6613893 
0.6565113 
0.6602344 
0.6545811 
0.6636961 
0.6661783 
0.6611632 
0.6592721 
0.6555458 
0.6556973 
0.6576662 
0.6551877 
0.6484497 
0.6536264 
0.6482663 
0.6558156 
0.6629072 
0.6500700 
0.6618271 
0.6627214 
0.6652554 
0.6668777 
0.6594068 
0.6647240 
0.6556565 
0.6520935 
0.6459391 
0.6462996 
0.6503895 
0.6500326 
0.6499567 
0.6443689 
0.6464078 
0.6464978 
0.6343278 
0.6400211 
0.6310657 
0.6279573 
0.6411328 
0.6452147 
0.6497652 
0.6447383 
0.6381694 
0.6325395 
0.6371907 
0.6258251 
0.6191294 
0.6169490 
0.6170983 
0.6225630 
0.6280591 
0.6282515 
0.6277635 
0.6318384 
0.6315364 
0.6232649 
0.6192571 
0.6131653 
0.6139513 
0.6088131 
0.6164997 
0.6210429 
0.6220599 
0.6204086 
0.6205948 
0.6217860 
0.6245291 
0.6169015 
0.5945764 
0.6054454 
0.6060116 
0.6012321 
0.5956043 
0.5912563 
0.6129986 
0.6225839 
0.6392054 
0.6455417 
0.6477825 
0.6398019 
0.6319658 
0.6226777 
0.6142555 
0.6139644 
0.6189584 
0.6172510 
0.6148716 
0.6198141 
0.6237146 
0.6132713 
0.6145747 
0.6156717 
0.6184747 
0.6133454 
0.6111025 
0.6057029 
0.6110170 
0.6111869 
0.6042003 
0.6039101 
0.6066869 
0.6113554 
0.6165189 
0.6200115 
0.6150350 
0.6160964 
0.6166380 
0.6146145 
0.6092307 
0.6016215 
0.6083833 
0.6116642 
0.6048293 
0.6017355 
0.5897108 
0.5875682 
0.5909581 
0.5902033 
0.5963199 
0.5991625 
0.6018796 
0.5973371 
0.5874140 
0.5874955 
0.5921516 
0.5918909 
0.5886819 
0.5950471 
0.6084407 
0.6001879 
0.5982476 
0.5871158 
0.5848041 
0.5975247 
0.6074309 
0.5997949 
0.5969474 
0.6022867 
0.6150560 
0.6154918 
0.6114289 
0.6096809 
0.6068357 
0.6036305 
0.6038118 
0.6002412 
0.6003340 
0.5957857 
0.6018001 
0.6104755 
0.6211835 
0.6206243 
0.6111890 
0.5998019 
0.5900926 
0.5838058 
0.5896246 
0.5807122 
0.5845215 
0.5797352 
0.5692174 
0.5716109 
0.5753330 
0.5783082 
0.5731389 
0.5745047 
0.5668560 
0.5692150 
0.5728027 
0.5797396 
0.5846575 
0.5799197 
0.5803110 
0.5833010 
0.5841180 
0.5809250 
0.5747397 
0.5666056 
0.5577037 
0.5526864 
0.5578330 
0.5608511 
0.5563439 
0.5604787 
0.5396933 
0.5330312 
0.5432966 
0.5460072 
0.5471961 
0.5451934 
0.5526537 
0.5439225 
0.5442848 
0.5488775 
0.5611017 
0.5597602 
0.5630979 
0.5568082 
0.5506567 
0.5521577 
0.5607458 
0.5695890 
0.5695494 
0.5666673 
0.5522426 
0.5429288 
0.5392100 
0.5336074 
0.5358523 
0.5429694 
0.5408359 
0.5534008 
0.5561085 
0.5533178 
0.5569716 
0.5541906 
0.5333501 
0.5222924 
0.5131854 
0.5180110 
0.5297435 
0.5384076 
0.5440936 
0.5453020 
0.5384996 
0.5331308 
0.5326102 
0.5295938 
0.5213195 
0.5121542 
0.5123991 
0.5249724 
0.5228942 
0.5256626 
0.5256387 
0.5168486 
0.5070083 
0.4981533 
0.4959615 
0.5008446 
0.5167279 
0.5284376 
0.5418281 
0.5464805 
0.5404111 
0.5375635 
0.5346749 
0.5232454 
0.5362799 
0.5355810 
0.5441564 
0.5506376 
0.5428743 
0.5215749 
0.5218919 
0.5143943 
0.5005468 
0.4917202 
0.4793120 
0.4728119 
0.4767398 
0.4850321 
0.4985494 
0.5003460 
0.5061759 
0.4956839 
0.4814688 
0.4713010 
0.4781389 
0.4835408 
0.4963025 
0.4992961 
0.4992678 
0.5046303 
0.5097383 
0.5142376 
0.5137743 
0.5038819 
0.5001124 
0.5004842 
0.5051243 
0.5018768 
0.5046465 
0.5095631 
0.5099250 
0.5016653 
0.4912988 
0.4812506 
0.4786460 
0.4793296 
0.4817230 
0.4830919 
0.4857587 
0.4849986 
0.4857316 
0.4840093 
0.4827624 
0.4814546 
0.4729873 
0.4618315 
0.4596158 
0.4638619 
0.4708623 
0.4688841 
0.4677639 
0.4619401 
0.4511566 
0.4389547 
0.4375085 
0.4457697 
0.4533376 
0.4619193 
0.4672147 
0.4681035 
0.4717811 
0.4672230 
0.4571509 
0.4451627 
0.4468721 
0.4454196 
0.4671945 
0.4762020 
0.4814589 
0.4904043 
0.4890320 
0.4853330 
0.4910302 
0.4893629 
0.4895107 
0.4890890 
0.4880250 
0.4850708 
0.4711863 
0.4594584 
0.4455786 
0.4446003 
0.4551678 
0.4639916 
0.4758730 
0.4948495 
0.5099466 
0.5158575 
0.5221471 
0.5132793 
0.4972772 
0.4854518 
0.4715416 
0.4520543 
0.4530896 
0.4536207 
0.4670773 
0.4861121 
0.4950789 
0.5090251 
0.5015000 
0.4975781 
0.4907724 
0.4940656 
0.4778365 
0.4573949 
0.4524142 
0.4434104 
0.4377337 
0.4319332 
0.4236553 
0.4279772 
0.4322288 
0.4292577 
0.4322160 
0.4387818 
0.4496341 
0.4672657 
0.4764484 
0.4746923 
0.4634664 
0.4563593 
0.4525987 
0.4423303 
0.4352184 
0.4324197 
0.4326968 
0.4488370 
0.4514104 
0.4438331 
0.4373634 
0.4396766 
0.4486971 
0.4560739 
0.4596481 
0.4569631 
0.4571245 
0.4626456 
0.4645140 
0.4652944 
0.4639351 
0.4572695 
0.4472734 
0.4443582 
0.4397373 
0.4377548 
0.4366505 
0.4285721 
0.4221371 
0.4364434 
0.4389065 
0.4549475 
0.4566076 
0.4572832 
0.4676167 
0.4776346 
0.4908539 
0.4950698 
0.4825332 
0.4595663 
0.4476380 
0.4426339 
0.4396039 
0.4400330 
0.4413105 
0.4335021 
0.4280846 
0.4344032 
0.4348737 
0.4362499 
0.4445438 
0.4481306 
0.4695030 
0.4832393 
0.4926359 
0.5018645 
0.5048730 
0.5007043 
0.4845812 
0.4661882 
0.4516685 
0.4325929 
0.4208184 
0.4193907 
0.4289087 
0.4232622 
0.4255152 
0.4273773 
0.4259470 
0.4281587 
0.4344497 
0.4432189 
0.4581902 
0.4684763 
0.4889323 
0.4855232 
0.4845135 
0.4762016 
0.4480714 
0.4168547 
0.3906906 
0.3811070 
0.3748143 
0.3825426 
0.3896069 
0.3966717 
0.3946396 
0.4023671 
0.4109151 
0.4238535 
0.4339114 
0.4424716 
0.4468542 
0.4662753 
0.4785253 
0.4801500 
0.4780947 
0.4547189 
0.4332707 
0.4247668 
0.4335816 
0.4320929 
0.4173378 
0.4157605 
0.4074808 
0.4134283 
0.4197973 
0.4197828 
0.4148795 
0.4099101 
0.4210286 
0.4290249 
0.4336311 
0.4293611 
0.4232494 
0.4145405 
0.4174269 
0.4316232 
0.4480725 
0.4497125 
0.4383552 
0.4317916 
0.4287101 
0.4241818 
0.4198059 
0.4062096 
0.3932179 
0.3779506 
0.3708058 
0.3687195 
0.3730021 
0.3816815 
0.3823029 
0.3781022 
0.3714556 
0.3793624 
0.4023589 
0.4107627 
0.4122548 
0.4036585 
0.4037902 
0.4006865 
0.4077801 
0.4107314 
0.4073669 
0.4042919 
0.4005978 
0.4025926 
0.3900432 
0.3791513 
0.3665135 
0.3585534 
0.3563824 
0.3717718 
0.3936185 
0.4036720 
0.4083406 
0.3946617 
0.3847943 
0.3718161 
0.3774812 
0.3677169 
0.3700163 
0.3749540 
0.3887056 
0.3942064 
0.3989216 
0.3999885 
0.3995444 
0.3873198 
0.3746856 
0.3675027 
0.3603177 
0.3680925 
0.3751804 
0.3786794 
0.3673956 
0.3568915 
0.3424554 
0.3387823 
0.3425561 
0.3461401 
0.3560591 
0.3636787 
0.3646549 
0.3811169 
0.3739799 
0.3755100 
0.3790427 
0.3752497 
0.3773444 
0.3894594 
0.3913406 
0.3983798 
0.3836751 
0.3765403 
0.3585734 
0.3464642 
0.3362772 
0.3422784 
0.3474963 
0.3600066 
0.3595765 
0.3635347 
0.3565253 
0.3426952 
0.3279922 
0.3333783 
0.3380916 
0.3551323 
0.3636887 
0.3636154 
0.3582846 
0.3559319 
0.3472635 
0.3482011 
0.3391523 
0.3566962 
0.3805522 
0.4130193 
0.4158711 
0.4125561 
0.4013853 
0.3868729 
0.3641354 
0.3429845 
0.3331708 
0.3567216 
0.3739826 
0.3872985 
0.3736767 
0.3597169 
0.3401174 
0.3266653 
0.3147766 
0.3219856 
0.3325136 
0.3582516 
0.3776268 
0.3795785 
0.3796378 
0.3793976 
0.3617219 
0.3465555 
0.3305333 
0.3279745 
0.3452846 
0.3721835 
0.3794188 
0.3798230 
0.3803444 
0.3669807 
0.3516831 
0.3313675 
0.3245237 
0.3519358 
0.3682537 
0.3777772 
0.3773590 
0.3695321 
0.3583966 
0.3413363 
0.3159575 
0.3033932 
0.3143547 
0.3300667 
0.3503898 
0.3591432 
0.3595501 
0.3525397 
0.3436655 
0.3238069 
0.3048507 
0.3048036 
0.3145837 
0.3242927 
0.3358050 
0.3340563 
0.3206974 
0.3168756 
0.3131988 
0.3033294 
0.2987631 
0.2868204 
0.3030417 
0.3140936 
0.3234777 
0.3308222 
0.3214265 
0.3099909 
0.2964052 
0.2894620 
0.2813511 
0.2921551 
0.3000536 
0.3185912 
0.3287912 
0.3243372 
0.3224260 
0.3037785 
0.2911656 
0.2796119 
0.2738015 
0.2768317 
0.2873472 
0.3057244 
0.3130768 
0.3190629 
0.3193413 
0.3196086 
0.3174647 
0.3038833 
0.3047830 
0.3033978 
0.3105115 
0.3034691 
0.3111178 
0.3089797 
0.3168568 
0.3189275 
0.3098772 
0.3021611 
0.2926571 
0.2825990 
0.2873053 
0.2900643 
0.3096745 
0.3289021 
0.3450408 
0.3408193 
0.3341037 
0.3264306 
0.3231597 
0.3125411 
0.3088152 
0.3126791 
0.3265559 
0.3362400 
0.3388818 
0.3468318 
0.3395549 
0.3283430 
0.3144343 
0.3069822 
0.3023567 
0.2991321 
0.3109092 
0.3218802 
0.3335681 
0.3334118 
0.3352195 
0.3237162 
0.3098925 
0.2970080 
0.2901973 
0.2888234 
0.2907173 
0.2941731 
0.2914959 
0.3011891 
0.3060493 
0.3008115 
0.3033973 
0.2942415 
0.2928729 
0.2994010 
0.2848807 
0.2781051 
0.2779853 
0.2841661 
0.2835816 
0.2943182 
0.2993993 
0.3113711 
0.3094918 
0.3081241 
0.2991114 
0.2866536 
0.2848365 
0.2849797 
0.2855278 
0.2912444 
0.2941105 
0.3051140 
0.3056609 
0.3090782 
0.3074279 
0.2991321 
0.2814399 
0.2786042 
0.2852540 
0.2860203 
0.2817001 
0.2853505 
0.2828575 
0.2922366 
0.2976943 
0.2866770 
0.2799613 
0.2796726 
0.2748409 
0.2728346 
0.2749015 
0.2798779 
0.2763415 
0.2744430 
0.2801797 
0.2788891 
0.2713554 
0.2706881 
0.2687302 
0.2680192 
0.2616015 
0.2599010 
0.2648969 
0.2658418 
0.2624244 
0.2694556 
0.2688869 
0.2604736 
0.2587844 
0.2614806 
0.2589511 
0.2585527 
0.2636107 
0.2561753 
0.2595139 
0.2576730 
0.2662416 
0.2668827 
0.2591026 
0.2636592 
0.2660393 
0.2698803 
0.2664721 
0.2610916 
0.2568349 
0.2669341 
0.2647823 
0.2662461 
0.2694779 
0.2682211 
0.2672676 
0.2686359 
0.2723699 
0.2698687 
0.2668006 
0.2649485 
0.2697848 
0.2803433 
0.2808052 
0.2835177 
0.2780067 
0.2729753 
0.2730154 
0.2641950 
0.2614651 
0.2591724 
0.2452127 
0.2423138 
0.2428076 
0.2437535 
0.2461211 
0.2415270 
0.2405830 
0.2394159 
0.2347506 
0.2363051 
0.2323537 
0.2267464 
0.2198714 
0.2265238 
0.2297738 
0.2189459 
0.2223537 
0.2185897 
0.2141754 
0.2126202 
0.2174759 
0.2093669 
0.2100720 
0.2171446 
0.2227848 
0.2241061 
0.2218330 
0.2136302 
0.2177070 
0.2105723 
0.2198384 
0.2182434 
0.2291705 
0.2329951 
0.2402752 
0.2395321 
0.2433561 
0.2450806 
0.2430154 
0.2409642 
0.2335891 
0.2352610 
0.2406345 
0.2425991 
0.2435221 
0.2374824 
0.2447722 
0.2411301 
0.2460203 
0.2467374 
0.2420532 
0.2406223 
0.2354926 
0.2347750 
0.2312265 
0.2312450 
0.2293184 
0.2282307 
0.2359605 
0.2327755 
0.2267714 
0.2308473 
0.2281940 
0.2324955 
0.2215689 
0.2119717 
0.2031515 
0.2069552 
0.2112368 
0.2004439 
0.2044605 
0.2027535 
0.2045738 
0.1982291 
0.2023746 
0.1957181 
0.1956817 
0.1986998 
0.1992509 
0.2009972 
0.1947132 
0.1953159 
0.1917264 
0.2013398 
0.2030403 
0.1936396 
0.2009342 
0.1980671 
0.1978364 
0.1896096 
0.1826234 
0.1894334 
0.1856585 
0.1948310 
0.2113956 
0.2177216 
0.2217299 
0.2206192 
0.2171970 
0.2175345 
0.2149724 
0.2094438 
0.2059559 
0.2069157 
0.2124515 
0.2092308 
0.2020116 
0.2053932 
0.2104925 
0.2215283 
0.2260465 
0.2274612 
0.2386568 
0.2382655 
0.2337186 
0.2184198 
0.2060869 
0.1968846 
0.1984020 
0.1965119 
0.1906634 
0.1954319 
0.1997050 
0.2055236 
0.2161255 
0.2094474 
0.2070500 
0.1993573 
0.2073395 
0.2089826 
0.1946041 
0.1895214 
0.1826992 
0.1914024 
0.2007602 
0.1988392 
0.1924253 
0.1953879 
0.2103298 
0.2073713 
0.1964813 
0.1989681 
0.2012151 
0.2129006 
0.2007151 
0.1995716 
0.1954498 
0.1873830 
0.1941646 
0.1919835 
0.1837501 
0.1791123 
0.1776178 
0.1828272 
0.1982951 
0.1922983 
0.1968768 
0.1952392 
0.2062351 
0.2150270 
0.2115005 
0.2111093 
0.2138598 
0.2107651 
0.2056422 
0.2048604 
0.1994820 
0.2041211 
0.2022091 
0.2000756 
0.1938337 
0.1854681 
0.1833709 
0.1817897 
0.1836012 
0.1907004 
0.1917839 
0.1890285 
0.1909739 
0.1916037 
0.1891732 
0.1891730 
0.1898953 
0.1924807 
0.1892514 
0.1918265 
0.2011958 
0.2034437 
0.2029406 
0.2027307 
0.1982895 
0.1844382 
0.1822137 
0.1781724 
0.1750091 
0.1736410 
0.1691258 
0.1742414 
0.1855487 
0.1788993 
0.1806390 
0.1764488 
0.1628400 
0.1637183 
0.1648083 
0.1702542 
0.1675205 
0.1656526 
0.1636661 
0.1666087 
0.1648378 
0.1681485 
0.1727567 
0.1689271 
0.1638603 
0.1586583 
0.1539631 
0.1543887 
0.1574976 
0.1665404 
0.1675816 
0.1672327 
0.1683044 
0.1672381 
0.1633401 
0.1487404 
0.1550164 
0.1597772 
0.1593957 
0.1615092 
0.1613948 
0.1557395 
0.1549877 
0.1528411 
0.1610158 
0.1638568 
0.1708512 
0.1725150 
0.1658162 
0.1696002 
0.1681165 
0.1609534 
0.1628657 
0.1602941 
0.1563416 
0.1543708 
0.1494003 
0.1544115 
0.1500774 
0.1358207 
0.1341694 
0.1326659 
0.1396511 
0.1385852 
0.1233124 
0.1277840 
0.1292269 
0.1266115 
0.1394438 
0.1403461 
0.1403049 
0.1394636 
0.1263861 
0.1264895 
0.1327368 
0.1347041 
0.1494797 
0.1525644 
0.1474736 
0.1502441 
0.1439890 
0.1383974 
0.1318467 
0.1258103 
0.1278065 
0.1349004 
0.1393903 
0.1358338 
0.1453149 
0.1470081 
0.1403968 
