0.0000273 
0.0000571 
-0.0001359 
0.1047086 
-0.0690406 
0.0310159 
0.9898965 
0.9887302 
1.0000000 
0.9827313 
0.9496781 
0.9711713 
0.9951970 
0.9713101 
0.9567754 
0.9574132 
0.9705865 
0.9694767 
0.9676351 
0.9500057 
0.9734996 
0.9603411 
0.9699079 
0.9710052 
0.9867524 
0.9557663 
0.9698286 
0.9671754 
0.9833540 
0.9626319 
0.9643248 
0.9663965 
0.9627773 
0.9719078 
0.9445319 
0.9843421 
0.9728806 
0.9736028 
0.9560039 
0.9755578 
0.9728793 
0.9626186 
0.9824842 
0.9698226 
0.9457730 
0.9924574 
0.9974509 
0.9658379 
0.9677157 
0.9584990 
0.9588978 
0.9474420 
0.9387214 
0.9691304 
0.9564465 
0.9511314 
0.9265091 
0.9294766 
0.9500555 
0.9436704 
0.9293528 
0.9171197 
0.9172274 
0.9130359 
0.8853222 
0.9193331 
0.9240193 
0.9132252 
0.9070172 
0.9124329 
0.9198930 
0.9287475 
0.9284847 
0.9045676 
0.9087100 
0.9172386 
0.9025521 
0.9014675 
0.9000415 
0.9014642 
0.9132602 
0.9099149 
0.8981930 
0.9028305 
0.8981564 
0.8937218 
0.8859557 
0.8960769 
0.8779406 
0.8815438 
0.9065567 
0.9122336 
0.9048846 
0.8895972 
0.8852039 
0.8899250 
0.8963786 
0.8956559 
0.9038065 
0.8922887 
0.9067054 
0.8981816 
0.8846752 
0.8965840 
0.9051659 
0.8889937 
0.8987036 
0.8957293 
0.8984109 
0.8943353 
0.8932691 
0.8792019 
0.8873266 
0.8818631 
0.8760083 
0.8751231 
0.8855902 
0.8767342 
0.8815059 
0.8725151 
0.8702785 
0.8749401 
0.8756877 
0.8633560 
0.8810223 
0.8560672 
0.8625447 
0.8561079 
0.8633576 
0.8544517 
0.8643413 
0.8490220 
0.8705612 
0.8481759 
0.8527828 
0.8387839 
0.8348287 
0.8483507 
0.8232386 
0.8191782 
0.8430478 
0.8227912 
0.8554999 
0.8464559 
0.8317191 
0.8577331 
0.8346051 
0.8414978 
0.8216530 
0.8290889 
0.8525992 
0.8471263 
0.8154535 
0.8641242 
0.8500403 
0.8339842 
0.8611738 
0.8536929 
0.8569162 
0.8362018 
0.8418199 
0.8535833 
0.8386564 
0.8503986 
0.8372489 
0.8473346 
0.8394398 
0.8412038 
0.8399026 
0.8341186 
0.8406019 
0.8276985 
0.8292048 
0.8253166 
0.8338654 
0.8403220 
0.8358214 
0.8247764 
0.8275821 
0.8285840 
0.8317828 
0.8327042 
0.8325366 
0.8143247 
0.8230388 
0.8344601 
0.8296071 
0.8171537 
0.8219597 
0.8201758 
0.8123075 
0.8134752 
0.8071219 
0.8085877 
0.8019704 
0.8038389 
0.8189892 
0.8089231 
0.8164226 
0.8174195 
0.8189706 
0.8109489 
0.8374156 
0.8254698 
0.8069783 
0.8334331 
0.8131744 
0.8080803 
0.8053016 
0.8155521 
0.8142951 
0.8134383 
0.8145192 
0.7999307 
0.8048048 
0.8346127 
0.8318832 
0.8303998 
0.8100001 
0.8158294 
0.8434702 
0.8168561 
0.8156519 
0.8216876 
0.8136628 
0.8226979 
0.8371256 
0.8355322 
0.8328060 
0.8214478 
0.8256403 
0.8099476 
0.8077494 
0.8196278 
0.8230383 
0.8052719 
0.8310802 
0.8210150 
0.8447473 
0.8221361 
0.8229686 
0.8409671 
0.8345707 
0.8140402 
0.8148203 
0.8079458 
0.7948602 
0.8122725 
0.8164061 
0.7726450 
0.7794959 
0.7851799 
0.7835437 
0.7816899 
0.7781632 
0.7741933 
0.7706734 
0.7942879 
0.8047307 
0.7915738 
0.8027539 
0.8019144 
0.7795207 
0.7607163 
0.7560199 
0.7863796 
0.7678050 
0.7646771 
0.7643392 
0.7554173 
0.7718272 
0.7665859 
0.7968391 
0.7578491 
0.7569714 
0.7643682 
0.7712888 
0.7745691 
0.7718248 
0.8045572 
0.7855571 
0.7675337 
0.7506672 
0.7554918 
0.7658227 
0.7414153 
0.7335716 
0.7367048 
0.7945774 
0.7650599 
0.7629404 
0.7521316 
0.7631520 
0.7471538 
0.7473941 
0.7328906 
0.7642449 
0.7558869 
0.7517084 
0.7274889 
0.7574991 
0.7480422 
0.7425699 
0.7411676 
0.7332908 
0.7316978 
0.7267489 
0.7302038 
0.7396484 
0.7553891 
0.7337085 
0.7343472 
0.7458800 
0.7575324 
0.7498932 
0.7613014 
0.7424110 
0.7577008 
0.7572965 
0.7476537 
0.7477239 
0.7559443 
0.7604849 
0.7591510 
0.7648546 
0.7552544 
0.7720846 
0.7703798 
0.7527296 
0.7487098 
0.7308502 
0.7462457 
0.7508632 
0.7324908 
0.7417382 
0.7537014 
0.7361658 
0.7381811 
0.7180750 
0.7283677 
0.7377863 
0.7422719 
0.7451973 
0.7364865 
0.7145213 
0.7223314 
0.7368920 
0.7151914 
0.7077565 
0.7101154 
0.7104840 
0.6958734 
0.7098127 
0.7166256 
0.6855032 
0.6964593 
0.7044072 
0.6967814 
0.6966089 
0.6921969 
0.6856421 
0.6977721 
0.6885052 
0.6879574 
0.6837739 
0.6881897 
0.6861359 
0.6845287 
0.6831184 
0.6839586 
0.6913189 
0.6745500 
0.6855854 
0.6942712 
0.6832922 
0.7145945 
0.7007915 
0.7063385 
0.7037817 
0.6917133 
0.7015247 
0.6966154 
0.7067006 
0.6957081 
0.7195364 
0.7093522 
0.7064377 
0.7052007 
0.7132645 
0.7005814 
0.7077641 
0.6978345 
0.7130697 
0.7051317 
0.7003326 
0.6993792 
0.7134146 
0.7003204 
0.7104275 
0.7037923 
0.6848675 
0.6932830 
0.6930189 
0.7021943 
0.6842866 
0.6868928 
0.6879371 
0.6875801 
0.6893022 
0.6924998 
0.6891431 
0.6923656 
0.6899244 
0.6862747 
0.6909566 
0.6749822 
0.6776831 
0.6805504 
0.6899826 
0.6825936 
0.6687433 
0.6949237 
0.6827824 
0.6737457 
0.6515224 
0.6691358 
0.6841476 
0.6801125 
0.6646360 
0.6668573 
0.6638094 
0.6560973 
0.6542608 
0.6443787 
0.6526965 
0.6547973 
0.6497278 
0.6617012 
0.6691932 
0.6600674 
0.6626897 
0.6700708 
0.6502118 
0.6483582 
0.6458832 
0.6608994 
0.6527706 
0.6554751 
0.6413807 
0.6656136 
0.6484843 
0.6360429 
0.6065904 
0.6325215 
0.6597577 
0.6476356 
0.6237489 
0.6374370 
0.6624380 
0.6394666 
0.6347495 
0.5968326 
0.6382940 
0.6470533 
0.6380311 
0.6187087 
0.6228851 
0.6244233 
0.6276985 
0.6321358 
0.6501684 
0.6496187 
0.6440440 
0.6557159 
0.6411178 
0.6517318 
0.6387396 
0.6346633 
0.6533677 
0.6405787 
0.6527889 
0.6400517 
0.6247336 
0.6655567 
0.6652353 
0.6425811 
0.6243854 
0.6497306 
0.6582710 
0.6599409 
0.6575383 
0.6534971 
0.6574552 
0.6756226 
0.6725116 
0.6479041 
0.6583497 
0.6641918 
0.6453297 
0.6288845 
0.6273248 
0.6472156 
0.6604720 
0.6525059 
0.6570635 
0.6342393 
0.6251065 
0.6163029 
0.6393254 
0.6416914 
0.6197703 
0.6142892 
0.6200265 
0.6189174 
0.6026852 
0.6129994 
0.6317759 
0.6309753 
0.6262047 
0.6124439 
0.6279878 
0.6166617 
0.6068659 
0.5992534 
0.6078207 
0.6244078 
0.6117496 
0.6228208 
0.6117451 
0.6205973 
0.6121139 
0.6049610 
0.6086736 
0.6086538 
0.5872086 
0.5857380 
0.5983971 
0.5972669 
0.5841751 
0.6074297 
0.6035289 
0.5928060 
0.6039945 
0.5932834 
0.5954898 
0.5933010 
0.5828990 
0.5942307 
0.5932783 
0.5906461 
0.5974097 
0.5937550 
0.5874354 
0.5852587 
0.5857058 
0.5769233 
0.5956111 
0.6037647 
0.5895426 
0.5981754 
0.5982786 
0.5880243 
0.5935352 
0.5917601 
0.5673648 
0.5690554 
0.5959893 
0.5887842 
0.5934817 
0.5910391 
0.5969021 
0.5832073 
0.5969693 
0.5851744 
0.5826736 
0.5767464 
0.5850433 
0.5830694 
0.5905880 
0.5711355 
0.5770556 
0.5737457 
0.5788543 
0.5798741 
0.5711139 
0.5609203 
0.5760466 
0.5708695 
0.5645696 
0.5722022 
0.5836414 
0.5619686 
0.5514090 
0.5649061 
0.5601250 
0.5708731 
0.5537467 
0.5626170 
0.5651488 
0.5402634 
0.5603753 
0.5561851 
0.5592571 
0.5689132 
0.5484703 
0.5435870 
0.5616895 
0.5711037 
0.5675301 
0.5554610 
0.5424823 
0.5507727 
0.5369759 
0.5540337 
0.5608629 
0.5697842 
0.5578898 
0.5693924 
0.5683406 
0.5500484 
0.5596786 
0.5688715 
0.5603388 
0.5682354 
0.5654271 
0.5526752 
0.5579510 
0.5639319 
0.5444396 
0.5529515 
0.5576041 
0.5410968 
0.5500012 
0.5504380 
0.5460214 
0.5519884 
0.5487144 
0.5480379 
0.5279434 
0.5532454 
0.5711073 
0.5482546 
0.5630860 
0.5430594 
0.5498350 
0.5350952 
0.5446958 
0.5392235 
0.5096193 
0.5146199 
0.5298313 
0.5225777 
0.5512499 
0.5177567 
0.5144302 
0.5245459 
0.5493871 
0.5356559 
0.5253443 
0.5230977 
0.5347698 
0.5265322 
0.5234717 
0.5132663 
0.5127033 
0.5304238 
0.5411921 
0.5210069 
0.5171084 
0.5068256 
0.5377474 
0.5184156 
0.5326934 
0.5138401 
0.5320126 
0.5041452 
0.5113602 
0.5131209 
0.5024273 
0.5070422 
0.4895887 
0.5129061 
0.4971511 
0.4788748 
0.4986312 
0.5032848 
0.5011166 
0.4802000 
0.4736820 
0.4978219 
0.4896992 
0.4657918 
0.4799130 
0.5109932 
0.5013378 
0.4862357 
0.4738904 
0.4984175 
0.4971539 
0.4872188 
0.4699236 
0.4802665 
0.4827480 
0.4725645 
0.4693431 
0.4582775 
0.4766795 
0.4922200 
0.4670028 
0.4589631 
0.4738554 
0.4758758 
0.4888305 
0.4650475 
0.4720529 
0.4820347 
0.4882450 
0.4836963 
0.4852673 
0.4502691 
0.4691144 
0.4779912 
0.4981223 
0.4733523 
0.4676877 
0.4611582 
0.4931118 
0.4946638 
0.4688309 
0.4201225 
0.4407023 
0.4413317 
0.4740756 
0.4739768 
0.4532263 
0.4503537 
0.4543978 
0.4559041 
0.4765751 
0.4771177 
0.4716235 
0.4507041 
0.4384303 
0.4604569 
0.4785094 
0.4584722 
0.4516839 
0.4363285 
0.4697832 
0.4673943 
0.4711417 
0.4529458 
0.4381642 
0.4093911 
0.4057226 
0.4034635 
0.4577591 
0.4463640 
0.4232705 
0.4404845 
0.4403971 
0.4391342 
0.4335896 
0.4949673 
0.4880035 
0.3980519 
0.3851749 
0.4129219 
0.4325809 
0.4245149 
0.4414852 
0.4792398 
0.4487222 
0.4130949 
0.4151119 
0.4229500 
0.4313961 
0.4415165 
0.4330559 
0.4505477 
0.4727807 
0.3961064 
0.4084887 
0.4217633 
0.4050883 
0.3946084 
0.4155399 
0.4376131 
0.4456972 
0.4628797 
0.4044021 
0.4119482 
0.4223746 
0.4093497 
0.4108629 
0.4169167 
0.4155738 
0.4250585 
0.4523313 
0.4601283 
0.4426679 
0.4225750 
0.3915507 
0.3835381 
0.3913576 
0.4109198 
0.4216220 
0.3947829 
0.3939536 
0.4187893 
0.4409452 
0.4398668 
0.4217010 
0.4148834 
0.4238273 
0.3989695 
0.4064734 
0.4332162 
0.4531410 
0.4258814 
0.3932801 
0.4048299 
0.4253770 
0.4539457 
0.4328271 
0.4445837 
0.4166576 
0.4365140 
0.4158776 
0.4238127 
0.3992513 
0.4454795 
0.4158445 
0.4051663 
0.3799404 
0.4259860 
0.3941493 
0.4238662 
0.4206464 
0.4453972 
0.3905505 
0.4053430 
0.4217385 
0.4507006 
0.4145171 
0.3897935 
0.3843335 
0.3901747 
0.3804445 
0.3743997 
0.3663407 
0.3777002 
0.3746064 
0.3914002 
0.3939494 
0.4020131 
0.4005603 
0.4062854 
0.4084413 
0.4045294 
0.4064439 
0.4030351 
0.3856062 
0.3831743 
0.3946426 
0.4030462 
0.4031226 
0.3872898 
0.3665608 
0.3731396 
0.3929502 
0.4156032 
0.4076541 
0.4007370 
0.3795019 
0.3738285 
0.3889545 
0.3645429 
0.3615397 
0.3666523 
0.3813228 
0.3835547 
0.3684525 
0.3576585 
0.3844936 
0.4068049 
0.4245060 
0.3993283 
0.3850600 
0.3685130 
0.3912113 
0.3881200 
0.3799671 
0.3790204 
0.3856979 
0.3746760 
0.3781943 
0.3881714 
0.3872709 
0.3906621 
0.3899729 
0.3823785 
0.3980469 
0.4046412 
0.3727460 
0.3790314 
0.3618281 
0.3650553 
0.3729462 
0.3782834 
0.3704207 
0.3620927 
0.3589811 
0.3541915 
0.3848550 
0.3780258 
0.3665970 
0.3603601 
0.3619120 
0.3758806 
0.3547118 
0.3424884 
0.3606993 
0.3512951 
0.3596967 
0.3596473 
0.3561632 
0.3677957 
0.3743844 
0.3949968 
0.3671645 
0.3570578 
0.3479098 
0.3397689 
0.3585196 
0.3479664 
0.3328698 
0.3138842 
0.3306760 
0.3414578 
0.3175614 
0.3242725 
0.3239322 
0.3152819 
0.3170834 
0.3281555 
0.3257676 
0.3258930 
0.3316667 
0.3198378 
0.3382062 
0.3339824 
0.3468559 
0.3300419 
0.3288943 
0.3154201 
0.3116882 
0.3038071 
0.3123398 
0.3232511 
0.3346747 
0.3216888 
0.3282116 
0.3156208 
0.3066225 
0.2966920 
0.3054527 
0.3127642 
0.3081532 
0.3024035 
0.3159613 
0.2998291 
0.2993944 
0.3043539 
0.3057568 
0.3079976 
0.3167386 
0.3105169 
0.3100314 
0.3061810 
0.3030603 
0.3126764 
0.3034228 
0.3119545 
0.3103852 
0.3342551 
0.3320464 
0.3251760 
0.3069678 
0.3308733 
0.3103062 
0.3255028 
0.3143115 
0.3086279 
0.2948287 
0.2862433 
0.3105033 
0.3038481 
0.3201426 
0.3156061 
0.3082981 
0.3047555 
0.2781280 
0.3084945 
0.2969609 
0.3053799 
0.3056490 
0.2961955 
0.2976586 
0.2847141 
0.2907104 
0.2923326 
0.3023615 
0.3070000 
0.3034414 
0.2976660 
0.2927178 
0.2954392 
0.3052581 
0.3069870 
0.3162376 
0.2924300 
0.3002358 
0.2915324 
0.2943565 
0.2990354 
0.3080830 
0.2962416 
0.2936192 
0.2965662 
0.3023350 
0.3074231 
0.3011215 
0.2827737 
0.2714551 
0.2792950 
0.3012860 
0.2921365 
0.2636610 
0.2564231 
0.2828387 
0.3109187 
0.2803863 
0.2842885 
0.2713338 
0.2835943 
0.3123192 
0.2841080 
0.2871964 
0.2763373 
0.2786531 
0.2950975 
0.2635281 
0.2774205 
0.2899756 
0.3053670 
0.3075089 
0.2857695 
0.2951321 
0.2983501 
0.3133996 
0.2958773 
0.2964472 
0.2811898 
0.3046298 
0.3070206 
0.2849969 
0.2853752 
0.2965738 
0.2876097 
0.2750521 
0.2823599 
0.2907381 
0.3201861 
0.2665565 
0.2575639 
0.2563136 
0.2858350 
0.2573929 
0.2559675 
0.2521645 
0.2688474 
0.2651772 
0.2544997 
0.2464095 
0.2485357 
0.2613846 
0.2605841 
0.2522594 
0.2585551 
0.2932209 
0.2928895 
0.2633969 
0.2781631 
0.3076794 
0.2786248 
0.2778842 
0.2615736 
0.2656012 
0.2370892 
0.2271943 
0.2308128 
0.2538194 
0.2513823 
0.2159557 
0.2097648 
0.2362347 
0.2200594 
0.2168267 
0.2439332 
0.2669059 
0.2453739 
0.2354763 
0.2524932 
0.2749756 
0.2581828 
0.2540407 
0.2756102 
0.2590678 
0.2512976 
0.2451728 
0.2790219 
0.2660348 
0.2607753 
0.2652855 
0.2647097 
0.2359005 
0.2334714 
0.2354276 
0.2335614 
0.2299484 
0.2288450 
0.2370561 
0.2325814 
0.2199859 
0.2434326 
0.2358204 
0.2334259 
0.2481096 
0.2442631 
0.2505518 
0.2270665 
0.2346328 
0.2570218 
0.2313428 
0.2321973 
0.2500031 
0.2413025 
0.2241871 
0.2413657 
0.2222115 
0.2188838 
0.2288555 
0.2289360 
0.2123831 
0.1990972 
0.2146204 
0.2024716 
0.2106785 
0.2251311 
0.2216513 
0.2303818 
0.2364933 
0.2259055 
0.1996020 
0.2196143 
0.2213813 
0.1902777 
0.1735276 
0.2015227 
0.1976745 
0.1857337 
0.1977784 
0.2085305 
0.2043934 
0.2003023 
0.2173671 
0.1950614 
0.1904146 
0.1937577 
0.2226306 
0.2159387 
0.1965079 
0.1825813 
0.1912152 
0.1830182 
0.1769725 
0.1860557 
0.1938946 
0.1797525 
0.1754726 
0.1760952 
0.1959825 
0.1840809 
0.1834659 
0.1759780 
0.1853948 
0.1697502 
0.2135267 
0.2063965 
0.2064361 
0.2014219 
0.2109575 
0.2252478 
0.2178416 
0.1939096 
0.1888662 
0.1966272 
0.2054455 
0.1845859 
0.1761843 
0.1933793 
0.1911228 
0.1846832 
0.1710139 
0.1917366 
0.1919113 
0.1893462 
0.1782852 
0.1806818 
0.1870461 
0.1881909 
0.1891234 
0.2081294 
0.1896412 
0.1784384 
0.1774902 
0.1770195 
0.2093952 
0.2057002 
0.1846834 
0.1610081 
0.1770855 
0.1935159 
0.2075350 
0.1989373 
0.1693762 
0.1593610 
0.1701676 
0.1938756 
0.1958764 
0.1849235 
0.1624376 
0.1760490 
0.1839648 
0.1844943 
0.1724997 
0.1819911 
0.1921816 
0.1695231 
0.1818431 
0.1665700 
0.1649137 
0.1799081 
0.1920792 
0.1790723 
0.1466881 
0.1510744 
0.1573993 
0.1838301 
0.1754945 
0.1839106 
0.1800033 
0.1557557 
0.1637268 
0.1709969 
0.1866214 
0.1695625 
0.1519873 
0.1430640 
0.1678224 
0.1855441 
0.1705863 
0.1584850 
0.1772280 
0.1797164 
0.1739157 
0.1783192 
0.1784838 
0.1731101 
0.1717556 
0.1539646 
0.1583863 
0.1698094 
0.1764656 
0.1487818 
0.1395492 
0.1505972 
0.1373893 
0.1420542 
0.1585915 
0.1874501 
0.1628313 
0.1466236 
0.1514488 
0.1717014 
0.1621045 
0.1442415 
0.1497144 
0.1441162 
0.1509652 
0.1513002 
0.1788629 
0.1798399 
0.1450629 
0.1332312 
0.1504817 
0.1430218 
0.1465722 
0.1549017 
0.1558206 
0.1320362 
0.1172294 
0.1273529 
0.1392683 
0.1323162 
0.1466719 
0.1652253 
0.1503433 
0.1399225 
0.1371744 
0.1403982 
0.1322487 
0.1198370 
0.1411022 
0.1566403 
0.1351503 
0.1332621 
0.1293484 
0.1324343 
0.1430879 
0.1492966 
0.1468337 
0.1144763 
0.1059680 
0.1148656 
0.1207398 
0.1371265 
0.1448536 
0.1349963 
0.1111758 
0.0891266 
0.1044142 
0.1268521 
0.1498378 
0.1382538 
0.1138541 
0.1041411 
0.1077079 
0.1445097 
0.1477395 
0.1243567 
0.1030202 
0.1219638 
0.1010566 
0.0962171 
0.1166080 
0.1118673 
0.0986516 
0.1082100 
0.1100464 
0.1109322 
0.1023641 
0.1041094 
0.0707609 
0.0776203 
0.0907782 
0.0825795 
0.0838706 
0.0743613 
0.0680018 
0.0867147 
0.1041558 
0.0917036 
0.0873280 
0.0712209 
0.0770487 
0.1017916 
0.0997451 
0.0858066 
0.0729438 
0.0798412 
0.0868118 
0.0813337 
0.0938573 
0.0893098 
0.0709109 
0.0854399 
0.0972554 
0.0926456 
0.0818487 
0.0815476 
0.0941105 
0.1212263 
0.0980239 
0.0898755 
0.0682223 
0.0792259 
0.0799484 
0.0871537 
0.0931980 
0.1054806 
0.1095038 
0.1076950 
0.1075799 
0.1284002 
0.1258343 
0.1246570 
0.1166476 
0.1053601 
0.0931579 
0.0959791 
0.0924554 
0.0941399 
0.0944803 
0.0998987 
0.0950904 
0.0705820 
0.0652022 
0.0800632 
0.0956648 
0.1029082 
0.0728594 
0.0637119 
0.0660619 
0.0715180 
0.0629976 
0.0512436 
0.0655208 
0.0847101 
0.0759647 
0.0701375 
0.0474551 
0.0653225 
0.0555516 
0.0621206 
0.0647698 
0.0604821 
0.0712967 
0.0528572 
0.0526340 
0.0529169 
0.0720116 
0.0625025 
0.0535466 
0.0712110 
0.0666144 
0.0578844 
0.0452986 
0.0448405 
0.0552485 
0.0597734 
0.0625119 
0.0832186 
0.0621909 
0.0372610 
0.0232141 
0.0569016 
0.0536900 
0.0639760 
0.0548568 
0.0493099 
0.0457663 
0.0330400 
0.0503985 
0.0386637 
0.0277952 
0.0528243 
0.0808042 
0.0579332 
0.0513551 
0.0288930 
0.0473875 
0.0349755 
0.0533015 
0.0778379 
0.0846746 
0.0249537 
0.0000000 
0.0312072 
0.0216854 
0.0151599 
0.0606254 
0.0672735 
0.0401244 
0.0129836 
0.0202417 
0.0398416 
0.0352985 
0.0767915 
0.0684915 
0.0397252 
0.0122987 
0.0251498 
0.0384432 
0.0679151 
0.0886850 
0.0758943 
0.0589542 
0.0467726 
0.0439077 
0.0294185 
0.0457083 
0.0498228 
0.0445944 
0.0140533 
0.0323038 
0.0256875 
0.0380770 
0.0472014 
0.0204273 
0.0462332 
0.0132896 
0.0205131 
0.0298344 
0.0551403 
0.0240907 
0.0469999 
0.0277717 
0.0212843 
0.0182328 
0.0253820 
0.0300955 
0.0113099 
0.0525850 
0.0109661 
0.0276928 
0.0398802 
0.0308541 
0.0218948 
0.0274621 
0.0640118 
0.0251967 
0.0529084 
0.0460537 
0.0313575 
0.0442524 
0.0189192 
0.0392016 
0.0331888 
0.0318172 
0.0168708 
0.0163087 
0.0342740 
0.0128957 
0.0167622 
