0.0001405 
0.0000711 
0.0001150 
0.3488969 
-0.0135115 
0.0265415 
0.9813484 
0.9860742 
0.9850845 
0.9962334 
0.9796955 
0.9748349 
0.9731490 
0.9732079 
0.9680533 
0.9572717 
0.9701393 
0.9739170 
0.9672784 
0.9761811 
0.9801416 
0.9777523 
0.9805277 
0.9889280 
0.9802282 
0.9881838 
0.9876378 
0.9848244 
0.9901000 
0.9787402 
0.9873533 
0.9865407 
0.9936439 
0.9858145 
0.9904930 
1.0000000 
0.9860344 
0.9893480 
0.9830508 
0.9695845 
0.9775624 
0.9673527 
0.9646727 
0.9564647 
0.9449345 
0.9533412 
0.9473689 
0.9458781 
0.9600517 
0.9675882 
0.9659154 
0.9543510 
0.9298065 
0.9307115 
0.9305624 
0.9309920 
0.9185876 
0.9231733 
0.9391082 
0.9515320 
0.9280884 
0.9289101 
0.9294321 
0.9329562 
0.9185514 
0.9241633 
0.9191236 
0.9148875 
0.9173517 
0.9206537 
0.9130262 
0.9127725 
0.9175706 
0.9124740 
0.9226434 
0.9147022 
0.9098833 
0.9127653 
0.9125754 
0.8881946 
0.9037183 
0.9106777 
0.9215987 
0.9176791 
0.9166592 
0.9131723 
0.9158474 
0.9200090 
0.9144763 
0.9200771 
0.9161967 
0.9156306 
0.9177165 
0.9144856 
0.9048854 
0.9132417 
0.9143951 
0.9201955 
0.9104123 
0.9087210 
0.9086646 
0.9068440 
0.9114820 
0.9167024 
0.9095829 
0.9169091 
0.9076872 
0.9063105 
0.9025241 
0.9073426 
0.9093219 
0.9106539 
0.9144963 
0.9116087 
0.9005798 
0.9117978 
0.9161045 
0.9136280 
0.9150422 
0.9001811 
0.9092723 
0.9066014 
0.9053396 
0.8988533 
0.8969046 
0.8939025 
0.9143539 
0.8996203 
0.8886650 
0.8915496 
0.8896650 
0.8914471 
0.8928180 
0.8843601 
0.8782494 
0.8872002 
0.8802440 
0.8931449 
0.8900003 
0.8922337 
0.8920315 
0.8910799 
0.8908838 
0.8898798 
0.8882622 
0.8823271 
0.8923421 
0.8914736 
0.8927771 
0.8918937 
0.9008407 
0.9315627 
0.9035396 
0.9074392 
0.9114005 
0.9079015 
0.8992411 
0.9028677 
0.9074727 
0.8903468 
0.8902819 
0.8915666 
0.8948914 
0.8899800 
0.8869247 
0.8877528 
0.8967551 
0.8963440 
0.8891876 
0.9029703 
0.8863231 
0.8916441 
0.8919660 
0.8985379 
0.8964697 
0.9053082 
0.9043404 
0.9028071 
0.8939213 
0.8944634 
0.9000915 
0.9110324 
0.9087704 
0.9164007 
0.9053442 
0.9062597 
0.9034196 
0.8998340 
0.8986315 
0.8956583 
0.8844334 
0.8840602 
0.8789769 
0.8759994 
0.8857129 
0.8919336 
0.8863688 
0.8992878 
0.8998398 
0.9005977 
0.9003060 
0.8970100 
0.8876381 
0.8806790 
0.8831269 
0.8787797 
0.8748752 
0.8789067 
0.8795795 
0.8850897 
0.8833085 
0.8818319 
0.8689982 
0.8668155 
0.8605633 
0.8637811 
0.8633686 
0.8554762 
0.8610206 
0.8561319 
0.8738089 
0.8718739 
0.8882298 
0.8862555 
0.8849830 
0.8946902 
0.8896345 
0.8985106 
0.8890819 
0.8883000 
0.8857107 
0.8792594 
0.8809432 
0.8884569 
0.8754595 
0.8834508 
0.8837987 
0.8869033 
0.8948126 
0.8919500 
0.8864647 
0.8810426 
0.8878503 
0.8797703 
0.8691032 
0.8690800 
0.8653619 
0.8638072 
0.8663391 
0.8632760 
0.8660163 
0.8661751 
0.8598053 
0.8639184 
0.8610137 
0.8458524 
0.8404306 
0.8548952 
0.8456577 
0.8368498 
0.8405740 
0.8352753 
0.8372336 
0.8528273 
0.8680828 
0.8652324 
0.8658568 
0.8684057 
0.8683250 
0.8637190 
0.8701214 
0.8616168 
0.8593800 
0.8510527 
0.8489048 
0.8399545 
0.8400155 
0.8458687 
0.8617047 
0.8569707 
0.8604189 
0.8477197 
0.8498133 
0.8497639 
0.8622275 
0.8571593 
0.8568810 
0.8572377 
0.8451241 
0.8466937 
0.8505416 
0.8600257 
0.8607771 
0.8580256 
0.8660758 
0.8688689 
0.8651484 
0.8545037 
0.8524529 
0.8472138 
0.8500897 
0.8606224 
0.8324249 
0.8402526 
0.8399449 
0.8414252 
0.8505516 
0.8503370 
0.8611857 
0.8636641 
0.8617753 
0.8772743 
0.8749281 
0.8731833 
0.8607379 
0.8644122 
0.8642890 
0.8637482 
0.8679128 
0.8840105 
0.8880012 
0.9045681 
0.9023637 
0.8947549 
0.8934185 
0.8872954 
0.8993291 
0.8958936 
0.8842015 
0.8845051 
0.8891952 
0.8919968 
0.8815479 
0.8925017 
0.8637496 
0.8693345 
0.8662056 
0.8463349 
0.8538495 
0.8557010 
0.8549698 
0.8658524 
0.8616321 
0.8791707 
0.8754500 
0.8704867 
0.8726169 
0.8671301 
0.8715038 
0.8735578 
0.8538983 
0.8610471 
0.8903835 
0.8975076 
0.8761698 
0.8884552 
0.8989201 
0.8842274 
0.8774175 
0.8831840 
0.8874961 
0.8988887 
0.8868932 
0.8984934 
0.9046496 
0.9046176 
0.8965954 
0.8879739 
0.8940395 
0.8980054 
0.8931984 
0.8851066 
0.8575578 
0.8613983 
0.8661381 
0.8712556 
0.8595050 
0.8718869 
0.8899756 
0.8763820 
0.8730150 
0.8790725 
0.8663269 
0.8687217 
0.8633592 
0.8549357 
0.8386502 
0.8524271 
0.8466813 
0.8495780 
0.8593946 
0.8468641 
0.8543747 
0.8646641 
0.8584155 
0.8611151 
0.8611788 
0.8644989 
0.8732206 
0.8630146 
0.8567133 
0.8692918 
0.8554592 
0.8787786 
0.8828683 
0.8714872 
0.8640602 
0.8522798 
0.8499928 
0.8586460 
0.8701878 
0.8553034 
0.8645660 
0.8563711 
0.8472489 
0.8611621 
0.8474386 
0.8592813 
0.8582163 
0.8719370 
0.8650436 
0.8597948 
0.8723177 
0.8684371 
0.8546553 
0.8653229 
0.8546043 
0.8489574 
0.8498313 
0.8519693 
0.8454266 
0.8506020 
0.8401484 
0.8390777 
0.8541479 
0.8578352 
0.8474617 
0.8353178 
0.8546010 
0.8505468 
0.8495367 
0.8551341 
0.8587754 
0.8497469 
0.8510255 
0.8340872 
0.8407399 
0.8333323 
0.8426624 
0.8471318 
0.8106147 
0.8194915 
0.8319509 
0.8370590 
0.8258596 
0.8330832 
0.8403300 
0.8373344 
0.8433702 
0.8483476 
0.8354734 
0.8318486 
0.8320023 
0.8290716 
0.8210078 
0.8124547 
0.8170647 
0.7980981 
0.7903924 
0.8080416 
0.8251430 
0.8135460 
0.8193466 
0.8105766 
0.8194712 
0.8060433 
0.8052658 
0.8097368 
0.8044170 
0.8111752 
0.8113266 
0.8109320 
0.8143816 
0.8151845 
0.8253384 
0.8210125 
0.8144396 
0.8239601 
0.8274052 
0.8284254 
0.8070538 
0.8102776 
0.8105046 
0.8012755 
0.8016852 
0.7992967 
0.7832715 
0.8080169 
0.8119821 
0.8089402 
0.8193093 
0.8138740 
0.8076737 
0.8088301 
0.7961273 
0.7885302 
0.7876022 
0.7860097 
0.7975170 
0.7908061 
0.7802390 
0.7911034 
0.7784395 
0.7948444 
0.7928657 
0.7853391 
0.7861653 
0.7869374 
0.7952934 
0.7899439 
0.8005249 
0.8006336 
0.7857734 
0.7818582 
0.7679385 
0.7568984 
0.7863449 
0.8189096 
0.8274950 
0.8086107 
0.7833707 
0.8002597 
0.8029001 
0.7783837 
0.7886936 
0.7721971 
0.7677176 
0.7675584 
0.7758436 
0.7958718 
0.8163978 
0.7971020 
0.8093286 
0.8007283 
0.8013137 
0.8066603 
0.7913576 
0.8078178 
0.8173226 
0.8049026 
0.8018468 
0.7962001 
0.8082629 
0.8109690 
0.8175079 
0.8181435 
0.8255769 
0.8476255 
0.8280870 
0.8178415 
0.8363572 
0.8254548 
0.8122754 
0.8115436 
0.8203234 
0.8262994 
0.8405535 
0.8136948 
0.8096852 
0.8276799 
0.8188084 
0.8086873 
0.8117751 
0.8209656 
0.8059163 
0.8270816 
0.8087173 
0.8121326 
0.8201993 
0.8155713 
0.8031334 
0.8205186 
0.8294145 
0.8369152 
0.8403407 
0.8237348 
0.8218735 
0.8146424 
0.8003404 
0.8188789 
0.8118669 
0.8282069 
0.8216327 
0.8386720 
0.8214947 
0.8342122 
0.8069766 
0.8212509 
0.8091500 
0.7825781 
0.8056478 
0.7940388 
0.8118196 
0.8151620 
0.8325259 
0.8634574 
0.8774220 
0.8506192 
0.8590438 
0.8389943 
0.8465973 
0.8433837 
0.8232756 
0.8253645 
0.8145987 
0.8139173 
0.8163813 
0.8372141 
0.8304197 
0.8237661 
0.8102825 
0.8324490 
0.8142779 
0.8609000 
0.8527160 
0.8303012 
0.8383643 
0.8426493 
0.8479241 
0.8304076 
0.8252475 
0.8161645 
0.8159147 
0.8144084 
0.8120673 
0.8073586 
0.8145798 
0.7979555 
0.7867205 
0.7940506 
0.8087226 
0.7898071 
0.8265480 
0.8043338 
0.8021007 
0.8149793 
0.8457359 
0.8291148 
0.8101272 
0.8040799 
0.8147790 
0.8089366 
0.8287592 
0.7852233 
0.8000470 
0.8180997 
0.8052026 
0.7935456 
0.7922068 
0.7803751 
0.7791298 
0.7882171 
0.7713294 
0.7768905 
0.7921317 
0.8045860 
0.7949582 
0.7912959 
0.7863229 
0.7631733 
0.8088361 
0.8065037 
0.7923717 
0.8022952 
0.7991878 
0.7873892 
0.7862763 
0.7890821 
0.8014034 
0.8022049 
0.8005614 
0.7951225 
0.7760922 
0.7635893 
0.7502252 
0.7662907 
0.7985701 
0.7824247 
0.7795085 
0.7633489 
0.7192187 
0.7506890 
0.7421428 
0.7489406 
0.7399906 
0.7568141 
0.7644955 
0.7557870 
0.7591365 
0.7579621 
0.7262784 
0.7162576 
0.7353962 
0.7224911 
0.7217252 
0.7442426 
0.7403961 
0.7242582 
0.7345796 
0.7385451 
0.7364029 
0.7082959 
0.7297365 
0.7254648 
0.7280456 
0.7143136 
0.7091723 
0.7242027 
0.7488238 
0.7286987 
0.7392034 
0.7046166 
0.7135039 
0.7143853 
0.7160184 
0.7112264 
0.6892476 
0.7064903 
0.7053910 
0.7249462 
0.7338040 
0.6909121 
0.7035564 
0.6809932 
0.7102860 
0.7716510 
0.7177657 
0.7198867 
0.7189825 
0.7052138 
0.7174860 
0.7262759 
0.7141965 
0.6992164 
0.7169579 
0.7417819 
0.6969560 
0.6843863 
0.7052158 
0.7015532 
0.7230002 
0.7244801 
0.7161414 
0.6639859 
0.6694174 
0.6544200 
0.6976527 
0.6863772 
0.6838969 
0.6777000 
0.6379664 
0.6221370 
0.6350146 
0.6494165 
0.6589061 
0.6806812 
0.6701319 
0.6927315 
0.6856827 
0.6968856 
0.7120463 
0.6872252 
0.6821788 
0.6836221 
0.7081522 
0.6631915 
0.6939812 
0.6754634 
0.6983847 
0.6595786 
0.6962861 
0.6063108 
0.6055397 
0.6154203 
0.6276244 
0.6097758 
0.6191863 
0.6177776 
0.6070285 
0.6422588 
0.6534746 
0.6209954 
0.6143702 
0.6491378 
0.6617906 
0.6820946 
0.6568554 
0.6477888 
0.6337621 
0.5928133 
0.6044734 
0.5951076 
0.6033214 
0.6458521 
0.6077202 
0.5915184 
0.6206346 
0.6477401 
0.6272874 
0.6215957 
0.6498266 
0.6475804 
0.6743707 
0.6712896 
0.6138577 
0.6187268 
0.6225384 
0.6463200 
0.6066980 
0.6122261 
0.5993674 
0.5800319 
0.5934174 
0.6166799 
0.5850822 
0.6233583 
0.6365382 
0.6575129 
0.6454686 
0.6320851 
0.6234151 
0.6319438 
0.6022237 
0.6011008 
0.6059307 
0.5958129 
0.6089104 
0.5854278 
0.5880345 
0.6124391 
0.6193905 
0.6304120 
0.6064420 
0.6065190 
0.5972866 
0.5940621 
0.6001610 
0.5806718 
0.5701378 
0.5437682 
0.5506157 
0.5585695 
0.5200661 
0.5443254 
0.5340151 
0.5488630 
0.5258977 
0.5554287 
0.5419043 
0.5402039 
0.5556602 
0.5650976 
0.5773439 
0.5733511 
0.5693688 
0.5856142 
0.5908807 
0.5852130 
0.5759896 
0.5664391 
0.5572900 
0.5704713 
0.5532650 
0.5588479 
0.5554537 
0.5356962 
0.5357171 
0.5165331 
0.5392408 
0.5604112 
0.5582509 
0.5465617 
0.5183009 
0.5097415 
0.5092133 
0.5260528 
0.5287364 
0.5552195 
0.5408485 
0.5525846 
0.5424697 
0.5622718 
0.5419830 
0.5394444 
0.5204128 
0.5222654 
0.5163399 
0.5275063 
0.5051214 
0.5019795 
0.5176541 
0.5091581 
0.4907221 
0.5107957 
0.5107666 
0.5364221 
0.5285166 
0.5471645 
0.5033420 
0.4974605 
0.5009272 
0.5255408 
0.5030537 
0.5387960 
0.5075287 
0.5106374 
0.5080671 
0.5093177 
0.4907021 
0.5322892 
0.4978584 
0.4955537 
0.4658769 
0.4851752 
0.4619105 
0.4877827 
0.4665538 
0.4808874 
0.5320697 
0.5348427 
0.5048598 
0.4778910 
0.4965432 
0.4984959 
0.4862240 
0.4842917 
0.4711716 
0.4987236 
0.4691738 
0.4760247 
0.4984549 
0.4766559 
0.4576473 
0.4587168 
0.4586423 
0.4451351 
0.4583168 
0.4902896 
0.4970040 
0.4894900 
0.4750620 
0.4606745 
0.4648204 
0.4557407 
0.4900181 
0.5081424 
0.4522303 
0.4505480 
0.4734148 
0.4584248 
0.4553746 
0.4637448 
0.4612698 
0.4610651 
0.4830794 
0.4722654 
0.4425405 
0.4345792 
0.4499571 
0.4518903 
0.4461633 
0.4517982 
0.4516895 
0.4599200 
0.4682888 
0.4358181 
0.4723025 
0.4916737 
0.4577622 
0.4673128 
0.4361051 
0.4164377 
0.4178423 
0.4306750 
0.4063524 
0.3710167 
0.3870885 
0.3862005 
0.3887796 
0.4085934 
0.4188806 
0.4202359 
0.4165264 
0.4042393 
0.3815907 
0.3804990 
0.3852424 
0.3832929 
0.3673866 
0.3689812 
0.4017938 
0.3695134 
0.3997926 
0.4461684 
0.4182736 
0.4262108 
0.4318921 
0.4474244 
0.4544939 
0.4139019 
0.3987791 
0.3838964 
0.3608258 
0.3899127 
0.3785014 
0.3861072 
0.3879889 
0.3626156 
0.3650566 
0.3942955 
0.4021671 
0.4056129 
0.4112418 
0.3847657 
0.3782690 
0.3747372 
0.3889486 
0.4311080 
0.4075341 
0.4099420 
0.3875300 
0.3763825 
0.3872913 
0.3998678 
0.3851795 
0.3895655 
0.3686971 
0.3720421 
0.3848707 
0.3661825 
0.3926852 
0.3909949 
0.3891208 
0.3874418 
0.3481322 
0.3832880 
0.3971748 
0.3591815 
0.3489319 
0.3658714 
0.3393533 
0.3127177 
0.2946832 
0.3107082 
0.3440760 
0.3488180 
0.3680135 
0.3928119 
0.4243162 
0.4398722 
0.3927714 
0.4191923 
0.4224297 
0.3853399 
0.3690110 
0.3240120 
0.2799544 
0.3043150 
0.3157882 
0.2558974 
0.3077406 
0.3073847 
0.3100686 
0.3671538 
0.3761976 
0.3997233 
0.3956085 
0.3746393 
0.4145621 
0.3579500 
0.3329177 
0.3513992 
0.3179610 
0.2980983 
0.3080141 
0.3101357 
0.3484264 
0.3432690 
0.3429364 
0.3617200 
0.3912789 
0.3607429 
0.3962029 
0.3844703 
0.3314116 
0.3602708 
0.3559516 
0.3169056 
0.3088456 
0.2905970 
0.3281287 
0.3468931 
0.3478329 
0.3473806 
0.3980700 
0.3783864 
0.3613790 
0.3327863 
0.3141622 
0.3256611 
0.3265472 
0.2933675 
0.3123690 
0.2903792 
0.2919752 
0.2927376 
0.2596894 
0.3060890 
0.3517605 
0.3568138 
0.3631870 
0.3354007 
0.3336861 
0.3325957 
0.3259886 
0.3198153 
0.3186056 
0.3069573 
0.3143779 
0.3325578 
0.3381560 
0.3315313 
0.3630514 
0.3471402 
0.3353910 
0.3495141 
0.3392484 
0.3069289 
0.3086817 
0.2937905 
0.2854030 
0.2867126 
0.2886339 
0.2849588 
0.2996409 
0.2956339 
0.3637132 
0.3190846 
0.3288752 
0.3233067 
0.2827812 
0.2769521 
0.2886818 
0.3052164 
0.2677822 
0.3000148 
0.2453351 
0.2849576 
0.2763742 
0.2741767 
0.2782045 
0.3288317 
0.2756356 
0.3066866 
0.2795504 
0.2833875 
0.2482048 
0.2791530 
0.2251870 
0.2468735 
0.2369193 
0.2292663 
0.2244802 
0.2669097 
0.2777935 
0.2562424 
0.2810127 
0.2542641 
0.2600575 
0.2400146 
0.2572113 
0.2313209 
0.2289457 
0.2239660 
0.2192509 
0.2509339 
0.2453656 
0.2164325 
0.2268990 
0.2597272 
0.2520071 
0.2357080 
0.2429232 
0.2418571 
0.2199712 
0.2384101 
0.2666060 
0.2229007 
0.2751625 
0.2910700 
0.2820651 
0.2880896 
0.3109172 
0.2874713 
0.3195507 
0.2765753 
0.2437014 
0.2456191 
0.2275034 
0.2379277 
0.2402033 
0.2323003 
0.2160416 
0.2011370 
0.2022904 
0.1862487 
0.2369152 
0.2149425 
0.1982449 
0.1801958 
0.2179606 
0.2074576 
0.2122064 
0.2026135 
0.2031348 
0.2153037 
0.1948326 
0.1842846 
0.2008996 
0.1917495 
0.1869359 
0.1765253 
0.1667027 
0.1841363 
0.1994530 
0.1946920 
0.1750690 
0.1761790 
0.1810499 
0.2145723 
0.2048681 
0.2158948 
0.2063010 
0.2054717 
0.2361144 
0.2221767 
0.2401706 
0.2206592 
0.2007045 
0.1948915 
0.2046671 
0.2168927 
0.1938138 
0.1936294 
0.1852600 
0.1992784 
0.2166533 
0.2050640 
0.1965690 
0.2065030 
0.2159690 
0.2082548 
0.2064075 
0.2265463 
0.2091936 
0.1963879 
0.2007010 
0.2199392 
0.2009445 
0.1678764 
0.1685617 
0.1833118 
0.2265409 
0.2291582 
0.1965675 
0.1736082 
0.1748691 
0.1676734 
0.1745482 
0.1877205 
0.1876094 
0.1488559 
0.1780443 
0.1804655 
0.1715316 
0.1509304 
0.1721069 
0.1466432 
0.1436752 
0.1641451 
0.1871813 
0.2086174 
0.1725587 
0.1724015 
0.1685181 
0.1460683 
0.1278204 
0.1338092 
0.1603415 
0.1867264 
0.1322530 
0.1609917 
0.1617073 
0.1308596 
0.1263524 
0.1545559 
0.1703750 
0.1522777 
0.1671034 
0.1563311 
0.1416563 
0.1326255 
0.1499578 
0.1276075 
0.1389301 
0.1417868 
0.1357940 
0.1404237 
0.1256178 
0.1457285 
0.1399161 
0.1292256 
0.1250621 
0.1405952 
0.1299084 
0.1486308 
0.1419172 
0.1475013 
0.1367717 
0.1548861 
0.1320180 
0.1527250 
0.1389421 
0.1146724 
0.1456556 
0.1376907 
0.1402859 
0.1511993 
0.1289673 
0.1862215 
0.1765222 
0.1441343 
0.1000101 
0.1225275 
0.1088868 
0.1067840 
0.0977267 
0.1184942 
0.0945229 
0.1150592 
0.0803848 
0.1297496 
0.1058948 
0.1007312 
0.0778701 
0.0964533 
0.1108935 
0.1105980 
0.0886242 
0.0971703 
0.0829286 
0.0960926 
0.0998955 
0.0972476 
0.0891889 
0.1087548 
0.0946429 
0.0992025 
0.0791164 
0.0906897 
0.0708163 
0.0665786 
0.0574549 
0.0626557 
0.0660749 
0.0760098 
0.0689648 
0.0936247 
0.0761735 
0.1060840 
0.0920550 
0.0781448 
0.0979319 
0.0646805 
0.0527111 
0.0431339 
0.0476499 
0.0445634 
0.0800804 
0.0752394 
0.0950852 
0.0844862 
0.0917759 
0.0721647 
0.0657488 
0.0696024 
0.0588293 
0.1012536 
0.0667771 
0.0773461 
0.0584095 
0.0654208 
0.1023012 
0.0793817 
0.0541243 
0.0993021 
0.1351355 
0.0994347 
0.1010950 
0.0869860 
0.0836878 
0.0817702 
0.0561681 
0.0437275 
0.0398235 
0.0378424 
0.0341885 
0.0591779 
0.0340683 
0.0357710 
0.0316174 
0.0677152 
0.0254265 
0.0270323 
0.0569855 
0.0533772 
0.0647716 
0.0858705 
0.0798385 
0.0576062 
0.0719877 
0.0867439 
0.0658209 
0.0609776 
0.0524115 
0.0616962 
0.0828794 
0.0518102 
0.0372578 
0.0222111 
0.0443476 
0.0000000 
0.0398067 
0.0344135 
0.0200909 
0.0048625 
