0.0000394 
0.0001043 
-0.0000547 
-0.0850885 
0.1087849 
0.4063758 
0.9742781 
0.9539341 
0.9514505 
0.9563556 
0.9587705 
0.9528954 
0.9643226 
0.9748764 
0.9861925 
0.9904579 
1.0000000 
0.9930157 
0.9752034 
0.9718387 
0.9636953 
0.9477876 
0.9385499 
0.9474250 
0.9539546 
0.9563837 
0.9593608 
0.9650328 
0.9503547 
0.9427524 
0.9440622 
0.9402650 
0.9315874 
0.9260158 
0.9324150 
0.9401190 
0.9427596 
0.9506071 
0.9563698 
0.9523563 
0.9489477 
0.9605864 
0.9614891 
0.9617043 
0.9620510 
0.9699747 
0.9788218 
0.9822244 
0.9779160 
0.9780347 
0.9697520 
0.9644044 
0.9765269 
0.9858243 
0.9826503 
0.9759012 
0.9594144 
0.9584916 
0.9535441 
0.9399875 
0.9237500 
0.9164525 
0.9110604 
0.9096759 
0.8984186 
0.8856967 
0.8756180 
0.8867882 
0.8884105 
0.9062029 
0.9115181 
0.9409779 
0.9503941 
0.9466328 
0.9514324 
0.9364340 
0.9216987 
0.9116510 
0.9096427 
0.9003392 
0.9119160 
0.8940709 
0.8999861 
0.9008499 
0.8815086 
0.8729562 
0.8679309 
0.8544452 
0.8487038 
0.8614851 
0.8707798 
0.8732434 
0.8826640 
0.8680699 
0.8747445 
0.8738042 
0.8649498 
0.8663196 
0.8814494 
0.8860573 
0.8823576 
0.8891960 
0.8781030 
0.8731915 
0.8638223 
0.8711757 
0.8707295 
0.8892637 
0.8715800 
0.8727061 
0.8738105 
0.8535669 
0.8551607 
0.8403795 
0.8260755 
0.8043591 
0.8027233 
0.7996572 
0.7965513 
0.7982256 
0.7921902 
0.7985321 
0.7931102 
0.8074755 
0.8155712 
0.8229018 
0.8334146 
0.8119627 
0.8088185 
0.7980184 
0.7934478 
0.7870123 
0.7904268 
0.7867504 
0.7905324 
0.7936981 
0.8016241 
0.7936708 
0.7930941 
0.7677262 
0.7708252 
0.7742396 
0.7850272 
0.8028426 
0.8128596 
0.8297824 
0.8439267 
0.8190219 
0.8088749 
0.8058849 
0.8198787 
0.8299736 
0.8369923 
0.8514522 
0.8601077 
0.8420364 
0.8253903 
0.8134572 
0.8107968 
0.8243163 
0.8344855 
0.8289134 
0.8325780 
0.8208497 
0.7971619 
0.7822606 
0.7522551 
0.7476131 
0.7634992 
0.7773553 
0.7749506 
0.7875232 
0.7983314 
0.7871745 
0.7778286 
0.7925213 
0.7982837 
0.7779541 
0.7781243 
0.7828613 
0.8006668 
0.8065620 
0.7919329 
0.8061584 
0.7879519 
0.7875833 
0.7855433 
0.7894115 
0.7996797 
0.8052835 
0.8212666 
0.8280006 
0.8306740 
0.8223532 
0.8149675 
0.8167570 
0.8162707 
0.8187069 
0.8342359 
0.8459070 
0.8436867 
0.8491607 
0.8579707 
0.8633138 
0.8379608 
0.8319534 
0.8340636 
0.8385934 
0.8518835 
0.8659502 
0.8690995 
0.8617213 
0.8726484 
0.8619686 
0.8541726 
0.8486599 
0.8447330 
0.8713930 
0.8818046 
0.8760675 
0.8918103 
0.8840271 
0.8829514 
0.8559498 
0.8382739 
0.8232633 
0.8253097 
0.8155411 
0.8125280 
0.8000365 
0.7984136 
0.8035386 
0.8014647 
0.7781865 
0.7745125 
0.7547394 
0.7601055 
0.7713427 
0.7913258 
0.7871367 
0.8003242 
0.8104102 
0.8185573 
0.7970773 
0.7915455 
0.7782403 
0.7660954 
0.7534855 
0.7540535 
0.7681673 
0.7873262 
0.8005870 
0.8065860 
0.7956236 
0.7875249 
0.7827655 
0.7707807 
0.7647482 
0.7588002 
0.7562832 
0.7539908 
0.7678292 
0.7697091 
0.7587904 
0.7529545 
0.7459856 
0.7475822 
0.7366975 
0.7297056 
0.7120230 
0.7230120 
0.7382302 
0.7494146 
0.7516370 
0.7474770 
0.7523909 
0.7446533 
0.7274504 
0.7213696 
0.7186446 
0.7270362 
0.7427952 
0.7551052 
0.7762465 
0.7775242 
0.7750752 
0.7829286 
0.7971189 
0.7902302 
0.7810630 
0.7675297 
0.7692964 
0.7705902 
0.7812110 
0.7752190 
0.7583587 
0.7447081 
0.7247888 
0.7101684 
0.7077142 
0.7090451 
0.7072357 
0.7140249 
0.7088628 
0.7127932 
0.7227236 
0.7199597 
0.7125932 
0.7129573 
0.7061868 
0.7076494 
0.7050448 
0.7084312 
0.7090662 
0.7116704 
0.7090772 
0.7079903 
0.7108781 
0.7094811 
0.7135167 
0.6970388 
0.6969823 
0.7140518 
0.7191056 
0.7121313 
0.7182323 
0.7275197 
0.7303174 
0.7338212 
0.7248407 
0.7197353 
0.7306639 
0.7252234 
0.7183901 
0.6992023 
0.6935376 
0.6744692 
0.6677618 
0.6602662 
0.6567950 
0.6556192 
0.6510100 
0.6393417 
0.6341494 
0.6334645 
0.6355883 
0.6261797 
0.6208800 
0.6162433 
0.6224941 
0.6191163 
0.6134284 
0.6052569 
0.6020374 
0.5823101 
0.5753862 
0.5727986 
0.6011023 
0.6147537 
0.6140362 
0.6292400 
0.6349847 
0.6485565 
0.6494322 
0.6607680 
0.6586099 
0.6571161 
0.6539294 
0.6503911 
0.6553454 
0.6580281 
0.6595954 
0.6639129 
0.6636833 
0.6633030 
0.6721204 
0.6513433 
0.6378875 
0.6375455 
0.6388415 
0.6391019 
0.6227566 
0.6316099 
0.6375770 
0.6267767 
0.6198353 
0.6241735 
0.6341045 
0.6322045 
0.6364292 
0.6282297 
0.6313851 
0.6480117 
0.6447931 
0.6453033 
0.6477340 
0.6370021 
0.6297459 
0.6154357 
0.6189340 
0.6256550 
0.6308412 
0.6424226 
0.6431714 
0.6485913 
0.6507163 
0.6444985 
0.6456706 
0.6396649 
0.6217822 
0.6102660 
0.6195361 
0.6141945 
0.6087142 
0.6210073 
0.6509212 
0.6536894 
0.6590132 
0.6705499 
0.6832646 
0.6930705 
0.6969816 
0.6917846 
0.6625151 
0.6351355 
0.6185916 
0.6048543 
0.5999915 
0.6033854 
0.5938996 
0.6109374 
0.6182054 
0.6232755 
0.6235320 
0.6246488 
0.6019974 
0.5874607 
0.5679887 
0.5605444 
0.5554539 
0.5504757 
0.5574496 
0.5665465 
0.5793988 
0.6019373 
0.6083590 
0.6218785 
0.6144038 
0.6078901 
0.6073017 
0.5859925 
0.5641501 
0.5567561 
0.5644456 
0.5648244 
0.5697418 
0.5812151 
0.6038521 
0.6241052 
0.6283488 
0.6260544 
0.6371986 
0.6379313 
0.6310844 
0.6125412 
0.6146140 
0.5911793 
0.6028817 
0.6253732 
0.6419187 
0.6669205 
0.6799032 
0.6857112 
0.6670646 
0.6552263 
0.6442797 
0.6515816 
0.6371755 
0.6221570 
0.6263464 
0.6208399 
0.6177879 
0.6224806 
0.6216409 
0.6263714 
0.6420499 
0.6549423 
0.6681068 
0.6656834 
0.6605406 
0.6263444 
0.6005796 
0.6023811 
0.5989354 
0.6065602 
0.6097992 
0.6238939 
0.6288398 
0.6460059 
0.6514468 
0.6614099 
0.6778407 
0.6774333 
0.6644313 
0.6625972 
0.6637404 
0.6557193 
0.6471380 
0.6372363 
0.6327845 
0.6245412 
0.6072784 
0.6076363 
0.6361245 
0.6503149 
0.6632542 
0.6702617 
0.6673406 
0.6588559 
0.6426301 
0.6303448 
0.6254240 
0.6076960 
0.6133434 
0.6129958 
0.6186662 
0.6213776 
0.6163690 
0.6414567 
0.6527319 
0.6699680 
0.6702266 
0.6655310 
0.6530262 
0.6558192 
0.6381298 
0.6140348 
0.6073732 
0.6194515 
0.6235729 
0.6270203 
0.6417778 
0.6470682 
0.6507554 
0.6534721 
0.6485880 
0.6392285 
0.6248677 
0.6178488 
0.6188407 
0.6198061 
0.6188431 
0.6348111 
0.6311694 
0.6316972 
0.6221838 
0.6329354 
0.6421124 
0.6396220 
0.6423163 
0.6358949 
0.6262353 
0.6119102 
0.6092619 
0.6021668 
0.5916631 
0.5921202 
0.5943593 
0.6014135 
0.6130893 
0.6080703 
0.5926740 
0.6001637 
0.5904548 
0.5852357 
0.5808075 
0.5778242 
0.5981750 
0.6133565 
0.6117034 
0.6276120 
0.6136419 
0.5996029 
0.6166409 
0.6177491 
0.5963088 
0.5918186 
0.5981296 
0.6025559 
0.6073756 
0.6106137 
0.5936359 
0.5924607 
0.5888125 
0.5979217 
0.5950853 
0.6003950 
0.5993902 
0.5916246 
0.5735985 
0.5518568 
0.5429228 
0.5479650 
0.5454177 
0.5546541 
0.5733602 
0.5633380 
0.5583559 
0.5609430 
0.5588877 
0.5319040 
0.5357752 
0.5340081 
0.5340394 
0.5230693 
0.5118684 
0.5096328 
0.5178244 
0.5202927 
0.5382594 
0.5313485 
0.5320000 
0.5348012 
0.5468220 
0.5587069 
0.5669797 
0.5674344 
0.5534279 
0.5489740 
0.5521884 
0.5464880 
0.5391079 
0.5411296 
0.5482181 
0.5515369 
0.5261298 
0.5329241 
0.5270842 
0.5260452 
0.5212099 
0.5445337 
0.5376718 
0.5380449 
0.5197226 
0.5230305 
0.5382727 
0.5468614 
0.5560804 
0.5670855 
0.5590659 
0.5443699 
0.5420182 
0.5571840 
0.5309326 
0.5324979 
0.5390521 
0.5240196 
0.5226427 
0.5225166 
0.5239436 
0.5353302 
0.5377865 
0.5337953 
0.5431784 
0.5362872 
0.5126428 
0.5108260 
0.4983363 
0.4949861 
0.4985766 
0.5051088 
0.5144253 
0.5279713 
0.5244246 
0.5217958 
0.5273810 
0.5236604 
0.5238758 
0.5281283 
0.5199404 
0.5108675 
0.5150615 
0.5184910 
0.5265635 
0.5253643 
0.5253187 
0.5308627 
0.5298847 
0.5173367 
0.5069937 
0.5094163 
0.4965339 
0.4937735 
0.4944779 
0.4865275 
0.4785517 
0.4778060 
0.4756991 
0.4791164 
0.4592165 
0.4766387 
0.4587664 
0.4766174 
0.4852222 
0.4827129 
0.4991260 
0.4988431 
0.4939836 
0.4834480 
0.4845186 
0.4958077 
0.4976459 
0.4979468 
0.4975481 
0.5114439 
0.5106232 
0.5103372 
0.5095615 
0.5017766 
0.5006771 
0.5038844 
0.5124368 
0.5044703 
0.5059114 
0.5195645 
0.5159499 
0.5104935 
0.5290728 
0.5097239 
0.5099077 
0.5064832 
0.4960927 
0.5068057 
0.4974627 
0.4962725 
0.4930450 
0.5044284 
0.5143848 
0.5216162 
0.5147597 
0.5127995 
0.5226820 
0.5103165 
0.5089537 
0.5012911 
0.5146931 
0.5191785 
0.5280068 
0.5425512 
0.5529113 
0.5778456 
0.5841255 
0.5756340 
0.5729137 
0.5636332 
0.5779267 
0.5614712 
0.5475027 
0.5527198 
0.5586857 
0.5592107 
0.5625206 
0.5571511 
0.5565641 
0.5649544 
0.5705348 
0.5617910 
0.5488475 
0.5475566 
0.5345907 
0.5526927 
0.5383702 
0.5303286 
0.5367113 
0.5476769 
0.5351249 
0.5308265 
0.5353452 
0.5428343 
0.5406463 
0.5294612 
0.5072082 
0.5124836 
0.4954717 
0.4911528 
0.4864832 
0.4640585 
0.4501611 
0.4674515 
0.4783941 
0.4750754 
0.4961473 
0.4999509 
0.5122410 
0.5065786 
0.5083436 
0.5009694 
0.4969761 
0.4759077 
0.4698557 
0.4700061 
0.4460826 
0.4417076 
0.4351935 
0.4513164 
0.4460943 
0.4526176 
0.4569739 
0.4588054 
0.4619468 
0.4677019 
0.4654133 
0.4666216 
0.4770029 
0.4577439 
0.4518215 
0.4445758 
0.4472189 
0.4572350 
0.4989864 
0.4866227 
0.4846544 
0.4881286 
0.4901616 
0.4858930 
0.4839852 
0.4930267 
0.4885544 
0.4876197 
0.4867135 
0.4807160 
0.4870096 
0.4768388 
0.4745847 
0.4599417 
0.4589565 
0.4651920 
0.4470082 
0.4629255 
0.4834389 
0.4792144 
0.5002969 
0.5040637 
0.4918471 
0.4862442 
0.4886866 
0.4882251 
0.4760063 
0.4581780 
0.4373737 
0.4441063 
0.4223201 
0.4246909 
0.4285570 
0.4448291 
0.4488917 
0.4519910 
0.4590480 
0.4631604 
0.4598300 
0.4648594 
0.4471379 
0.4398444 
0.4417060 
0.4334576 
0.4294689 
0.4158386 
0.3992793 
0.3992670 
0.3982135 
0.4192466 
0.4176493 
0.4188435 
0.4257031 
0.4341750 
0.4238210 
0.4299315 
0.4136132 
0.4172809 
0.4305071 
0.4328816 
0.4144345 
0.4081648 
0.4096334 
0.4182996 
0.4182119 
0.4216578 
0.4198717 
0.4367928 
0.4177380 
0.4131822 
0.4023176 
0.3964874 
0.3991460 
0.4020960 
0.4025469 
0.3992491 
0.3833132 
0.3796852 
0.3724337 
0.3632632 
0.3669232 
0.3668466 
0.3759029 
0.3685870 
0.3736603 
0.3647005 
0.3810780 
0.4078862 
0.4110106 
0.4281577 
0.4252446 
0.4226664 
0.4258882 
0.4273363 
0.3923136 
0.3801148 
0.3835182 
0.3783352 
0.3927723 
0.3794604 
0.3661507 
0.3622788 
0.3769492 
0.3677790 
0.3762170 
0.3762498 
0.3942197 
0.4044334 
0.3959412 
0.4005079 
0.3883821 
0.3877251 
0.3941160 
0.3927094 
0.3881163 
0.3873546 
0.3909044 
0.3784577 
0.3657508 
0.3541151 
0.3514420 
0.3450831 
0.3358123 
0.3350644 
0.3406269 
0.3472021 
0.3530345 
0.3581277 
0.3487371 
0.3505150 
0.3556140 
0.3511499 
0.3772440 
0.3941786 
0.4038736 
0.4128181 
0.4138233 
0.4068977 
0.3884264 
0.3960134 
0.3923717 
0.3842270 
0.3880132 
0.3881376 
0.3998599 
0.3637689 
0.3598776 
0.3652075 
0.3593329 
0.3537957 
0.3538101 
0.3671858 
0.3844663 
0.3931392 
0.4110097 
0.4087973 
0.4050928 
0.4020041 
0.4033248 
0.4121930 
0.4204170 
0.4087065 
0.4079985 
0.3915507 
0.3810996 
0.3670602 
0.3510553 
0.3653131 
0.3660875 
0.3515105 
0.3680622 
0.3716489 
0.3750516 
0.3790616 
0.3691645 
0.3724103 
0.3791939 
0.3639616 
0.3748113 
0.3936323 
0.3896086 
0.3742776 
0.3693020 
0.3577750 
0.3493888 
0.3719036 
0.3608892 
0.3653408 
0.3543188 
0.3546559 
0.3322948 
0.3312433 
0.3466217 
0.3584899 
0.3762424 
0.3827134 
0.3836488 
0.3717796 
0.3786640 
0.3693643 
0.3709447 
0.3771872 
0.3702059 
0.3672034 
0.3647769 
0.3640048 
0.3490044 
0.3399629 
0.3471460 
0.3653969 
0.3678967 
0.3772405 
0.3739047 
0.3736845 
0.3762423 
0.3896590 
0.3826402 
0.3593727 
0.3610338 
0.3609917 
0.3475135 
0.3618986 
0.3666259 
0.3451674 
0.3355201 
0.3309379 
0.3297191 
0.3233434 
0.3365028 
0.3289044 
0.3216511 
0.3112816 
0.3237407 
0.3352022 
0.3653462 
0.3838094 
0.3780715 
0.3618785 
0.3497742 
0.3482537 
0.3352487 
0.3500935 
0.3544980 
0.3695738 
0.3679714 
0.3676318 
0.3682094 
0.3471511 
0.3553486 
0.3552916 
0.3420032 
0.3437338 
0.3489371 
0.3473027 
0.3470545 
0.3424019 
0.3348712 
0.3436693 
0.3301228 
0.3338684 
0.3354417 
0.3078344 
0.2947579 
0.2862617 
0.2881433 
0.2898293 
0.3117509 
0.3129616 
0.3207938 
0.3271059 
0.3149598 
0.3059598 
0.3212512 
0.3176567 
0.3067277 
0.3026938 
0.2993894 
0.2971156 
0.3090333 
0.3169338 
0.3028900 
0.2965042 
0.2973985 
0.2977487 
0.3056293 
0.3108633 
0.2969329 
0.3215064 
0.3188374 
0.3221254 
0.3233687 
0.3247423 
0.3169348 
0.3036856 
0.2817575 
0.2500012 
0.2503291 
0.2614235 
0.2713456 
0.2666615 
0.2752562 
0.2840855 
0.2830554 
0.2874859 
0.2805848 
0.2635670 
0.2608743 
0.2659965 
0.2695748 
0.2944496 
0.2915981 
0.2856859 
0.2726043 
0.2691053 
0.2727562 
0.2570562 
0.2540499 
0.2557357 
0.2684761 
0.2674724 
0.2778429 
0.2754097 
0.2705959 
0.2485984 
0.2464021 
0.2567503 
0.2780278 
0.2785386 
0.2627174 
0.2765635 
0.2822101 
0.2908412 
0.2805203 
0.2583652 
0.2748012 
0.2783365 
0.2793893 
0.2662709 
0.2726426 
0.2827738 
0.2876572 
0.2804744 
0.2694105 
0.2511947 
0.2495876 
0.2525445 
0.2421974 
0.2375639 
0.2388970 
0.2392651 
0.2423032 
0.2326258 
0.2369004 
0.2308663 
0.2338334 
0.2221575 
0.2257651 
0.2228068 
0.2259759 
0.2379497 
0.2321471 
0.2432187 
0.2232984 
0.2323855 
0.2312703 
0.2286796 
0.2298261 
0.2185331 
0.2219173 
0.2187677 
0.2262604 
0.2275923 
0.2357368 
0.2402230 
0.2419042 
0.2417656 
0.2488284 
0.2939297 
0.3082083 
0.3097145 
0.3033605 
0.3039087 
0.3112245 
0.3059148 
0.2955597 
0.2920887 
0.2986919 
0.2994024 
0.2873195 
0.2729315 
0.2622851 
0.2517017 
0.2340657 
0.2315406 
0.2300116 
0.2374224 
0.2388500 
0.2427866 
0.2430276 
0.2776375 
0.2760287 
0.2583230 
0.2764057 
0.2757380 
0.2633142 
0.2487998 
0.2449047 
0.2517734 
0.2539999 
0.2533445 
0.2468347 
0.2435992 
0.2390070 
0.2545880 
0.2635736 
0.2739275 
0.2758633 
0.2658999 
0.2562652 
0.2688108 
0.2668316 
0.2617578 
0.2665485 
0.2753416 
0.2632910 
0.2577346 
0.2520482 
0.2548739 
0.2526171 
0.2571489 
0.2581740 
0.2636128 
0.2721476 
0.2992899 
0.2902401 
0.2787166 
0.2766277 
0.2777900 
0.2726038 
0.2652782 
0.2558726 
0.2579610 
0.2514231 
0.2749028 
0.2780876 
0.2792637 
0.2822156 
0.2888978 
0.2917876 
0.2917050 
0.2903132 
0.2823148 
0.2654938 
0.2620151 
0.2786385 
0.2824783 
0.2791277 
0.2922920 
0.2790072 
0.2737628 
0.2765803 
0.2742689 
0.2541562 
0.2399463 
0.2379985 
0.2261931 
0.2396994 
0.2414582 
0.2562241 
0.2655669 
0.2786620 
0.2801104 
0.2603411 
0.2507954 
0.2522486 
0.2416965 
0.2441068 
0.2264368 
0.2205108 
0.2148124 
0.2181941 
0.2356043 
0.2660607 
0.2668872 
0.2595851 
0.2560188 
0.2412892 
0.2431203 
0.2435536 
0.2432378 
0.2351249 
0.2155602 
0.2151048 
0.2205046 
0.2175208 
0.2245491 
0.2208034 
0.2094593 
0.2035679 
0.1958736 
0.2012091 
0.1775720 
0.1684222 
0.1678427 
0.1560423 
0.1765687 
0.1967104 
0.1949546 
0.1889945 
0.1823939 
0.1877654 
0.1570437 
0.1439474 
0.1459376 
0.1602289 
0.1777171 
0.1883244 
0.1669180 
0.1690876 
0.1711162 
0.1789119 
0.1800669 
0.1845368 
0.1709285 
0.1597013 
0.1718113 
0.1611629 
0.1680807 
0.1719079 
0.1695302 
0.1850934 
0.1879647 
0.2140055 
0.2163576 
0.2257395 
0.2261714 
0.2162531 
0.2058687 
0.1984260 
0.1977964 
0.1812008 
0.1839306 
0.1816650 
0.1759869 
0.1727620 
0.1742999 
0.1763992 
0.1624554 
0.1586260 
0.1455684 
0.1570509 
0.1644081 
0.1609882 
0.1623844 
0.1636753 
0.1682380 
0.1598660 
0.1648748 
0.1537366 
0.1548796 
0.1591361 
0.1640485 
0.1630941 
0.1603346 
0.1534619 
0.1483238 
0.1373646 
0.1288069 
0.1177778 
0.1225210 
0.1295242 
0.1308934 
0.1252699 
0.1252742 
0.1337069 
0.1432332 
0.1366847 
0.1364109 
0.1443028 
0.1431366 
0.1413800 
0.1399574 
0.1633899 
0.1835166 
0.2007748 
0.2114711 
0.2097173 
0.2067453 
0.1902978 
0.1595166 
0.1446035 
0.1413098 
0.1410713 
0.1402361 
0.1630362 
0.1593027 
0.1477894 
0.1488500 
0.1352755 
0.1369481 
0.1320229 
0.1317919 
0.1422373 
0.1176822 
0.1347542 
0.1353813 
0.1409830 
0.1423792 
0.1432193 
0.1453874 
0.1689635 
0.1716084 
0.1559511 
0.1773886 
0.1661726 
0.1619705 
0.1587065 
0.1481126 
0.1502191 
0.1631468 
0.1546479 
0.1510278 
0.1566183 
0.1559923 
0.1437775 
0.1527715 
0.1373821 
0.1341324 
0.1462274 
0.1154648 
0.1120097 
0.1077543 
0.1113830 
0.1037479 
0.1075330 
0.1037562 
0.1177788 
0.1258958 
0.1324483 
0.1192080 
0.1246179 
0.1232060 
0.1259049 
0.1154043 
0.1129327 
0.1231753 
0.1291005 
0.1135365 
0.1126645 
0.1115158 
0.1290942 
0.1354842 
0.1360526 
0.1253067 
0.1054371 
0.1073506 
0.1033646 
0.0943855 
0.0892505 
0.0968898 
0.0922983 
0.1013619 
0.1030161 
0.1156921 
0.1162736 
0.1147443 
0.1094882 
0.1089759 
0.1028053 
0.1082088 
0.1041223 
0.1140632 
0.1117462 
0.1089300 
0.1242197 
0.1294210 
0.1313951 
0.1380629 
0.1314065 
0.1139912 
0.1099877 
0.1128183 
0.1285392 
0.1326595 
0.1185108 
0.1400796 
0.1425369 
0.1395978 
0.1202809 
0.1303330 
0.1344817 
0.1412947 
0.1371518 
0.1212910 
0.1324191 
0.1288402 
0.1320746 
0.1519709 
0.1407914 
0.1266530 
0.1302606 
0.1297405 
0.1252644 
0.1207114 
0.1358308 
0.1158712 
0.1247014 
0.1243950 
0.1247668 
0.1401574 
0.1557999 
0.1594627 
0.1650447 
0.1733546 
0.1807817 
0.1791953 
0.1780872 
0.1634436 
0.1565239 
0.1415109 
0.1300110 
0.1308609 
0.1323192 
0.1109397 
0.1089375 
0.1178598 
0.1275475 
0.1163569 
0.1202232 
0.1207905 
0.0920879 
0.0868773 
0.0943274 
0.1034111 
0.1056780 
0.0976232 
0.1036172 
0.0968990 
0.1236394 
0.1194413 
0.1253747 
0.1249888 
0.1321658 
0.1392919 
0.1368246 
0.1350644 
0.1375371 
0.1368170 
0.1271734 
0.1141031 
0.1047480 
0.0981974 
0.0993315 
0.0878106 
0.0981756 
0.0929716 
0.0941420 
0.0912646 
0.0861271 
0.0929808 
0.0753299 
0.0819109 
0.0737276 
0.0654459 
0.0648036 
0.0618650 
0.0640424 
0.0741886 
0.0815178 
0.0981594 
0.0823650 
0.0697197 
0.0723055 
0.0751767 
0.0696172 
0.0701588 
0.0702641 
0.0612800 
0.0593030 
0.0614542 
0.0713008 
0.0705517 
0.0775865 
0.0654027 
0.0357998 
0.0210653 
0.0091433 
0.0195903 
0.0275137 
0.0363773 
0.0217647 
0.0212962 
0.0243170 
0.0136125 
0.0076736 
0.0153939 
0.0347948 
0.0237297 
0.0117150 
0.0079418 
0.0087924 
0.0015657 
0.0036746 
0.0080877 
0.0000000 
