0.0000766 
0.0001576 
-0.0001505 
-0.1029796 
0.0219035 
-0.3905503 
0.9966224 
0.9979712 
1.0000000 
0.9973021 
0.9989607 
0.9949270 
0.9929104 
0.9947593 
0.9967415 
0.9943383 
0.9955993 
0.9946230 
0.9927675 
0.9939911 
0.9935674 
0.9851161 
0.9935912 
0.9884451 
0.9913503 
0.9936406 
0.9930744 
0.9908182 
0.9920953 
0.9890508 
0.9859323 
0.9891548 
0.9890823 
0.9856895 
0.9863022 
0.9860620 
0.9829873 
0.9791219 
0.9819213 
0.9822496 
0.9816868 
0.9808372 
0.9797373 
0.9781312 
0.9780739 
0.9752581 
0.9714095 
0.9720729 
0.9750428 
0.9714638 
0.9745452 
0.9769514 
0.9733064 
0.9781160 
0.9776580 
0.9764937 
0.9781010 
0.9728343 
0.9746675 
0.9687657 
0.9691306 
0.9697770 
0.9668465 
0.9654672 
0.9679121 
0.9682884 
0.9651999 
0.9619107 
0.9618081 
0.9666253 
0.9623250 
0.9579788 
0.9615973 
0.9627488 
0.9628072 
0.9601379 
0.9566930 
0.9558014 
0.9560451 
0.9512191 
0.9516678 
0.9532748 
0.9528777 
0.9499982 
0.9511597 
0.9452940 
0.9459036 
0.9446122 
0.9440906 
0.9416810 
0.9403161 
0.9389930 
0.9386024 
0.9437505 
0.9490050 
0.9455815 
0.9446451 
0.9435841 
0.9470843 
0.9482404 
0.9465120 
0.9441549 
0.9335900 
0.9350724 
0.9287585 
0.9290985 
0.9280841 
0.9244351 
0.9273467 
0.9248658 
0.9269843 
0.9265145 
0.9256793 
0.9242049 
0.9211976 
0.9164294 
0.9148688 
0.9181761 
0.9216794 
0.9250172 
0.9267557 
0.9250473 
0.9228646 
0.9186147 
0.9165101 
0.9157804 
0.9222264 
0.9182576 
0.9162911 
0.9128993 
0.9143797 
0.9156670 
0.9131396 
0.9110021 
0.9129485 
0.9127512 
0.9138312 
0.9105649 
0.9096000 
0.9048309 
0.9003006 
0.8976875 
0.9008533 
0.9004617 
0.9008656 
0.9014830 
0.9017681 
0.8974457 
0.8919563 
0.8893421 
0.8904020 
0.8902385 
0.8888683 
0.8930566 
0.8957770 
0.8899746 
0.8918573 
0.8906408 
0.8922099 
0.8865958 
0.8929486 
0.8874562 
0.8903361 
0.8908315 
0.8915001 
0.8901482 
0.8826030 
0.8840514 
0.8823910 
0.8858006 
0.8896756 
0.8877102 
0.8861246 
0.8828424 
0.8843673 
0.8769626 
0.8762021 
0.8748686 
0.8777746 
0.8779363 
0.8721471 
0.8759255 
0.8689567 
0.8680615 
0.8674168 
0.8662242 
0.8668617 
0.8678425 
0.8620153 
0.8622908 
0.8642596 
0.8634840 
0.8627076 
0.8631487 
0.8572978 
0.8513117 
0.8539545 
0.8562894 
0.8531226 
0.8552073 
0.8495017 
0.8478685 
0.8485034 
0.8481008 
0.8467575 
0.8400317 
0.8383362 
0.8393484 
0.8424536 
0.8381184 
0.8367241 
0.8301588 
0.8328994 
0.8352543 
0.8386969 
0.8416015 
0.8436658 
0.8389281 
0.8418530 
0.8434634 
0.8423895 
0.8414113 
0.8427697 
0.8410654 
0.8353598 
0.8358044 
0.8334964 
0.8362485 
0.8382272 
0.8371316 
0.8378837 
0.8371395 
0.8386042 
0.8397612 
0.8391366 
0.8405980 
0.8341807 
0.8326822 
0.8313430 
0.8324522 
0.8356128 
0.8330759 
0.8278649 
0.8287529 
0.8296747 
0.8278697 
0.8256939 
0.8304291 
0.8289486 
0.8233269 
0.8261180 
0.8247422 
0.8211353 
0.8209834 
0.8228999 
0.8171370 
0.8170365 
0.8170216 
0.8161158 
0.8147932 
0.8111500 
0.8103905 
0.8106228 
0.8069261 
0.8050848 
0.8033799 
0.8034993 
0.8014611 
0.8007274 
0.7959222 
0.7987479 
0.8004486 
0.7967917 
0.7942109 
0.7907450 
0.7923256 
0.7900115 
0.7895729 
0.7922907 
0.7877572 
0.7901298 
0.7880069 
0.7927404 
0.7934958 
0.7909802 
0.7928878 
0.7896505 
0.7861701 
0.7877735 
0.7813817 
0.7833070 
0.7808572 
0.7854787 
0.7832152 
0.7817334 
0.7854900 
0.7832140 
0.7818443 
0.7790415 
0.7793481 
0.7759533 
0.7785688 
0.7803188 
0.7775728 
0.7753016 
0.7781680 
0.7757186 
0.7656959 
0.7677658 
0.7715228 
0.7688907 
0.7647252 
0.7622127 
0.7614145 
0.7641765 
0.7670373 
0.7669840 
0.7636536 
0.7632156 
0.7614526 
0.7543912 
0.7511784 
0.7520368 
0.7490992 
0.7502455 
0.7503571 
0.7516119 
0.7493675 
0.7515409 
0.7520388 
0.7502922 
0.7556472 
0.7549596 
0.7498853 
0.7508746 
0.7437749 
0.7438920 
0.7361331 
0.7332064 
0.7309231 
0.7273309 
0.7306355 
0.7332240 
0.7344224 
0.7317197 
0.7330206 
0.7309635 
0.7286800 
0.7277873 
0.7276433 
0.7270713 
0.7327383 
0.7329764 
0.7362444 
0.7320893 
0.7340055 
0.7318013 
0.7336318 
0.7323009 
0.7225433 
0.7283661 
0.7258285 
0.7242615 
0.7207138 
0.7226520 
0.7218544 
0.7221687 
0.7211674 
0.7202589 
0.7195968 
0.7169466 
0.7133410 
0.7151487 
0.7129360 
0.7125090 
0.7137215 
0.7089528 
0.7113455 
0.7132636 
0.7102644 
0.7096065 
0.7082691 
0.7076223 
0.7094849 
0.7016256 
0.7012313 
0.6999143 
0.7031277 
0.7031838 
0.7008619 
0.6985231 
0.6953235 
0.6991633 
0.7033027 
0.7024311 
0.7009480 
0.7023784 
0.7038709 
0.7013218 
0.6966043 
0.6955617 
0.6922785 
0.6939760 
0.6976334 
0.6998878 
0.7022911 
0.7008748 
0.6991342 
0.6964635 
0.6979372 
0.6963683 
0.6979908 
0.6989410 
0.6967863 
0.6944775 
0.6976469 
0.6973497 
0.6961514 
0.6894230 
0.6944822 
0.6938693 
0.6928273 
0.6900226 
0.6896584 
0.6894531 
0.6885154 
0.6860739 
0.6895737 
0.6895352 
0.6902425 
0.6876825 
0.6915668 
0.6808818 
0.6843708 
0.6891076 
0.6860722 
0.6828739 
0.6850909 
0.6862795 
0.6844207 
0.6807751 
0.6823583 
0.6783748 
0.6748979 
0.6720191 
0.6746185 
0.6749779 
0.6757482 
0.6756877 
0.6781676 
0.6754051 
0.6739941 
0.6734508 
0.6744134 
0.6719462 
0.6710504 
0.6681132 
0.6662529 
0.6683479 
0.6686474 
0.6708208 
0.6690817 
0.6628855 
0.6658003 
0.6630806 
0.6563215 
0.6612181 
0.6582799 
0.6528932 
0.6569531 
0.6565831 
0.6539164 
0.6553576 
0.6497996 
0.6497491 
0.6468807 
0.6478887 
0.6485708 
0.6462478 
0.6500410 
0.6470730 
0.6447958 
0.6426055 
0.6470876 
0.6447142 
0.6431788 
0.6405304 
0.6419461 
0.6491623 
0.6463056 
0.6398007 
0.6401572 
0.6378018 
0.6440417 
0.6452899 
0.6438935 
0.6468269 
0.6436835 
0.6424234 
0.6398919 
0.6409449 
0.6428358 
0.6423192 
0.6425757 
0.6340476 
0.6361820 
0.6342897 
0.6349898 
0.6398208 
0.6381795 
0.6353107 
0.6320944 
0.6314770 
0.6335722 
0.6377873 
0.6378430 
0.6350439 
0.6310739 
0.6261438 
0.6236736 
0.6223942 
0.6281216 
0.6323726 
0.6323951 
0.6281297 
0.6285798 
0.6276097 
0.6211414 
0.6192373 
0.6201639 
0.6228300 
0.6189934 
0.6168819 
0.6158129 
0.6133571 
0.6114610 
0.6102312 
0.6104687 
0.6111338 
0.6113699 
0.6095440 
0.6175004 
0.6089224 
0.6143387 
0.6097455 
0.6056688 
0.6047167 
0.6086418 
0.6071844 
0.6051155 
0.6070493 
0.6032074 
0.6060512 
0.6004335 
0.6013845 
0.6024767 
0.6056941 
0.5964376 
0.5994229 
0.6041274 
0.6024748 
0.6013473 
0.5964664 
0.5993011 
0.5974317 
0.5931087 
0.5974818 
0.5904950 
0.5936554 
0.5899143 
0.5837133 
0.5877288 
0.5859327 
0.5813596 
0.5809533 
0.5821324 
0.5811742 
0.5818409 
0.5804917 
0.5806682 
0.5806767 
0.5793002 
0.5840161 
0.5854466 
0.5828871 
0.5766954 
0.5807250 
0.5835922 
0.5820576 
0.5828356 
0.5788434 
0.5764121 
0.5764827 
0.5766997 
0.5735888 
0.5775218 
0.5750975 
0.5751876 
0.5725702 
0.5727448 
0.5712409 
0.5673842 
0.5676986 
0.5655322 
0.5655937 
0.5651542 
0.5643554 
0.5659240 
0.5583912 
0.5606079 
0.5568382 
0.5543792 
0.5547694 
0.5583808 
0.5572680 
0.5562871 
0.5535706 
0.5524604 
0.5537948 
0.5525966 
0.5501658 
0.5514128 
0.5506726 
0.5470643 
0.5478606 
0.5495237 
0.5484973 
0.5441979 
0.5479604 
0.5457897 
0.5420266 
0.5445782 
0.5446683 
0.5476147 
0.5410532 
0.5376242 
0.5391434 
0.5365838 
0.5358982 
0.5372237 
0.5357964 
0.5374921 
0.5394326 
0.5397824 
0.5362718 
0.5357900 
0.5349415 
0.5365464 
0.5335669 
0.5352453 
0.5343401 
0.5349939 
0.5391077 
0.5373692 
0.5350975 
0.5323839 
0.5386266 
0.5316554 
0.5339048 
0.5323442 
0.5304166 
0.5287230 
0.5267563 
0.5246820 
0.5181286 
0.5189928 
0.5113663 
0.5098617 
0.5106698 
0.5098091 
0.5113217 
0.5149907 
0.5080970 
0.5095402 
0.5053039 
0.5088756 
0.5056589 
0.5080863 
0.5107342 
0.5141218 
0.5066032 
0.5045121 
0.5051635 
0.5066633 
0.5047998 
0.5015920 
0.5118370 
0.4970488 
0.5045996 
0.4973111 
0.5017325 
0.4976631 
0.5033861 
0.5007963 
0.5042724 
0.5073699 
0.5093953 
0.5078655 
0.5056981 
0.5009770 
0.5016730 
0.5015422 
0.4998301 
0.4966247 
0.4966344 
0.4923422 
0.4954678 
0.4932400 
0.4865344 
0.4908178 
0.4932322 
0.4913511 
0.4910520 
0.4839182 
0.4867410 
0.4866680 
0.4865019 
0.4877900 
0.4861055 
0.4864647 
0.4858310 
0.4862993 
0.4854493 
0.4878066 
0.4846073 
0.4830900 
0.4831667 
0.4835684 
0.4846615 
0.4862122 
0.4886667 
0.4828278 
0.4825000 
0.4847199 
0.4840237 
0.4822591 
0.4800473 
0.4744464 
0.4764682 
0.4761718 
0.4739203 
0.4737826 
0.4711457 
0.4771210 
0.4760636 
0.4758117 
0.4751619 
0.4757707 
0.4777850 
0.4756547 
0.4719331 
0.4745022 
0.4737575 
0.4681312 
0.4727618 
0.4754376 
0.4745202 
0.4752839 
0.4760514 
0.4748252 
0.4785558 
0.4776980 
0.4742841 
0.4773423 
0.4727835 
0.4748267 
0.4738338 
0.4700826 
0.4654393 
0.4666284 
0.4638214 
0.4599158 
0.4623838 
0.4574497 
0.4590597 
0.4603184 
0.4610659 
0.4636511 
0.4698913 
0.4692452 
0.4669696 
0.4607654 
0.4634828 
0.4613117 
0.4659720 
0.4622937 
0.4573997 
0.4592588 
0.4575065 
0.4605356 
0.4591258 
0.4539264 
0.4519680 
0.4523665 
0.4506765 
0.4508564 
0.4477663 
0.4492105 
0.4474955 
0.4476163 
0.4522861 
0.4437307 
0.4472407 
0.4456963 
0.4401046 
0.4414430 
0.4400219 
0.4427574 
0.4407270 
0.4373919 
0.4358795 
0.4284710 
0.4337692 
0.4337368 
0.4319477 
0.4318700 
0.4324780 
0.4357111 
0.4308668 
0.4403764 
0.4385470 
0.4420324 
0.4443256 
0.4399498 
0.4405701 
0.4335051 
0.4346933 
0.4283621 
0.4281181 
0.4245134 
0.4199304 
0.4194510 
0.4157767 
0.4160211 
0.4139778 
0.4176441 
0.4233848 
0.4229503 
0.4189596 
0.4187595 
0.4174738 
0.4185591 
0.4141560 
0.4212561 
0.4195877 
0.4163395 
0.4092662 
0.4090037 
0.4166558 
0.4122289 
0.4084911 
0.4114244 
0.4091272 
0.4104812 
0.4137143 
0.4112346 
0.4090541 
0.4100150 
0.4113260 
0.4104962 
0.4067774 
0.4060398 
0.4036542 
0.4080906 
0.4020842 
0.4048761 
0.4054124 
0.4077874 
0.3996974 
0.3967476 
0.4032534 
0.4062720 
0.4035965 
0.4020602 
0.4027289 
0.4037454 
0.3990968 
0.3970025 
0.3978138 
0.4014496 
0.3972574 
0.3927757 
0.3908382 
0.3892276 
0.3871327 
0.3877306 
0.3904401 
0.3878747 
0.3849788 
0.3856496 
0.3839906 
0.3818219 
0.3857118 
0.3830615 
0.3842842 
0.3841525 
0.3814732 
0.3818814 
0.3837182 
0.3846237 
0.3779985 
0.3830688 
0.3766337 
0.3782002 
0.3800869 
0.3794330 
0.3752402 
0.3797294 
0.3727631 
0.3762439 
0.3778891 
0.3750371 
0.3708121 
0.3727142 
0.3693746 
0.3691859 
0.3688146 
0.3660320 
0.3714717 
0.3686823 
0.3647540 
0.3652189 
0.3658567 
0.3640085 
0.3617263 
0.3634039 
0.3663370 
0.3653833 
0.3660201 
0.3661433 
0.3616494 
0.3603647 
0.3568322 
0.3568736 
0.3606308 
0.3559871 
0.3568503 
0.3529455 
0.3538104 
0.3537015 
0.3532994 
0.3489583 
0.3477660 
0.3470329 
0.3482117 
0.3537341 
0.3507138 
0.3498738 
0.3534481 
0.3507994 
0.3524951 
0.3518683 
0.3523438 
0.3497131 
0.3472710 
0.3471100 
0.3437611 
0.3454840 
0.3468196 
0.3475574 
0.3494781 
0.3532966 
0.3502521 
0.3439535 
0.3475576 
0.3434554 
0.3422851 
0.3438987 
0.3413393 
0.3436949 
0.3385050 
0.3382869 
0.3381777 
0.3373874 
0.3385375 
0.3370493 
0.3352956 
0.3346328 
0.3351555 
0.3365098 
0.3376352 
0.3377701 
0.3373042 
0.3323371 
0.3304107 
0.3330463 
0.3326459 
0.3307005 
0.3311106 
0.3309267 
0.3323444 
0.3269247 
0.3318652 
0.3281385 
0.3304543 
0.3240303 
0.3281320 
0.3292181 
0.3217507 
0.3264471 
0.3257691 
0.3239911 
0.3236346 
0.3281946 
0.3231607 
0.3205881 
0.3187430 
0.3196489 
0.3236589 
0.3197434 
0.3210736 
0.3209923 
0.3264356 
0.3246144 
0.3256749 
0.3227175 
0.3288291 
0.3268564 
0.3217231 
0.3212405 
0.3196954 
0.3215872 
0.3222184 
0.3168107 
0.3168433 
0.3162972 
0.3164927 
0.3158426 
0.3141738 
0.3129673 
0.3157919 
0.3164588 
0.3166092 
0.3138403 
0.3151400 
0.3146098 
0.3164634 
0.3135394 
0.3132664 
0.3119861 
0.3105738 
0.3027877 
0.3055531 
0.3092834 
0.3099015 
0.3089946 
0.3062134 
0.3080808 
0.2995773 
0.3032338 
0.3044146 
0.3039388 
0.3016447 
0.2959522 
0.2988004 
0.3030006 
0.3063033 
0.3093613 
0.3154793 
0.3039705 
0.3040200 
0.3040868 
0.3031395 
0.3036592 
0.3065468 
0.2984289 
0.2963002 
0.3005977 
0.2979549 
0.2962931 
0.3034152 
0.2995152 
0.2969633 
0.2980371 
0.2954701 
0.2943986 
0.2929740 
0.2940808 
0.2901431 
0.2927999 
0.2939398 
0.2953165 
0.2932065 
0.2901170 
0.2912555 
0.2917715 
0.2898786 
0.2912303 
0.2868731 
0.2863905 
0.2870848 
0.2849337 
0.2824573 
0.2847210 
0.2851721 
0.2832637 
0.2840197 
0.2818397 
0.2768006 
0.2816210 
0.2792371 
0.2805875 
0.2777908 
0.2755373 
0.2764544 
0.2785801 
0.2731501 
0.2759427 
0.2822534 
0.2808785 
0.2794331 
0.2793662 
0.2817296 
0.2756205 
0.2763026 
0.2834607 
0.2753205 
0.2761870 
0.2688879 
0.2600325 
0.2617991 
0.2653528 
0.2666976 
0.2721887 
0.2772226 
0.2755446 
0.2675306 
0.2686214 
0.2554138 
0.2651910 
0.2673722 
0.2656673 
0.2622166 
0.2645905 
0.2637967 
0.2594914 
0.2588532 
0.2576664 
0.2613983 
0.2560532 
0.2558331 
0.2541696 
0.2550239 
0.2575958 
0.2468028 
0.2459939 
0.2521706 
0.2498484 
0.2503802 
0.2507964 
0.2472096 
0.2512816 
0.2474340 
0.2488272 
0.2469831 
0.2416255 
0.2383059 
0.2344046 
0.2375352 
0.2391993 
0.2421467 
0.2379059 
0.2398230 
0.2400031 
0.2393342 
0.2339170 
0.2314000 
0.2373972 
0.2361204 
0.2371046 
0.2333346 
0.2325926 
0.2315661 
0.2343287 
0.2341407 
0.2322358 
0.2354262 
0.2317524 
0.2327738 
0.2327100 
0.2310968 
0.2279887 
0.2246262 
0.2291498 
0.2271487 
0.2213299 
0.2196868 
0.2249498 
0.2248718 
0.2280332 
0.2276133 
0.2249656 
0.2205511 
0.2201786 
0.2202185 
0.2280971 
0.2246766 
0.2235124 
0.2238169 
0.2352207 
0.2333458 
0.2328739 
0.2297847 
0.2256771 
0.2195929 
0.2191250 
0.2231975 
0.2194233 
0.2181002 
0.2101184 
0.2101558 
0.2100330 
0.2173178 
0.2181925 
0.2168578 
0.2114535 
0.2084985 
0.2152931 
0.2156457 
0.2125081 
0.2153063 
0.2158671 
0.2118740 
0.2104260 
0.2066315 
0.2060009 
0.2106219 
0.2132769 
0.2096443 
0.2102414 
0.2042495 
0.2065738 
0.2055974 
0.2036350 
0.2136640 
0.2078871 
0.2053890 
0.2036572 
0.2047535 
0.2078412 
0.2054736 
0.2078831 
0.2085156 
0.2062474 
0.2079270 
0.2072775 
0.2036624 
0.2002413 
0.1956730 
0.1965292 
0.1988664 
0.1980885 
0.2012767 
0.2007841 
0.2010320 
0.1992564 
0.2023537 
0.2025109 
0.1974749 
0.1949213 
0.1940174 
0.1935045 
0.1944554 
0.1965950 
0.1992545 
0.1957795 
0.1927392 
0.1958594 
0.1975637 
0.2003318 
0.1926303 
0.1913902 
0.1940071 
0.1941808 
0.1937104 
0.1927995 
0.1905701 
0.1910069 
0.1878772 
0.1865710 
0.1874920 
0.1851797 
0.1842418 
0.1838331 
0.1872280 
0.1874176 
0.1869915 
0.1896646 
0.1892186 
0.1862224 
0.1834490 
0.1865872 
0.1841599 
0.1860031 
0.1843707 
0.1869156 
0.1828318 
0.1803943 
0.1789172 
0.1796549 
0.1786160 
0.1784557 
0.1763823 
0.1735028 
0.1783787 
0.1780037 
0.1734157 
0.1720194 
0.1723025 
0.1729612 
0.1738318 
0.1714691 
0.1709310 
0.1722275 
0.1692584 
0.1717862 
0.1746426 
0.1711267 
0.1704365 
0.1699986 
0.1690233 
0.1720709 
0.1678766 
0.1674928 
0.1634316 
0.1611837 
0.1624345 
0.1648210 
0.1693238 
0.1695664 
0.1773914 
0.1747154 
0.1712164 
0.1672900 
0.1704607 
0.1731007 
0.1731772 
0.1689537 
0.1630973 
0.1603839 
0.1590777 
0.1584856 
0.1556823 
0.1572747 
0.1573760 
0.1577962 
0.1611040 
0.1601279 
0.1583302 
0.1587816 
0.1574559 
0.1548798 
0.1521446 
0.1561437 
0.1502948 
0.1561668 
0.1512259 
0.1558243 
0.1517354 
0.1543932 
0.1522273 
0.1505109 
0.1515400 
0.1455293 
0.1487804 
0.1478131 
0.1497343 
0.1461964 
0.1454578 
0.1481045 
0.1473615 
0.1526449 
0.1487860 
0.1482361 
0.1499001 
0.1468882 
0.1459794 
0.1467688 
0.1488026 
0.1457608 
0.1483301 
0.1491935 
0.1468489 
0.1503609 
0.1440308 
0.1465973 
0.1451901 
0.1425337 
0.1438942 
0.1427619 
0.1441010 
0.1415581 
0.1411884 
0.1362673 
0.1358185 
0.1308260 
0.1347393 
0.1355335 
0.1320506 
0.1363252 
0.1327595 
0.1391578 
0.1317534 
0.1343282 
0.1403300 
0.1433431 
0.1468250 
0.1444753 
0.1415317 
0.1399487 
0.1366347 
0.1403790 
0.1406339 
0.1390458 
0.1374790 
0.1343009 
0.1336023 
0.1317346 
0.1329948 
0.1305600 
0.1295990 
0.1296963 
0.1272410 
0.1258035 
0.1235301 
0.1185292 
0.1195394 
0.1220812 
0.1201930 
0.1225374 
0.1221647 
0.1169240 
0.1191294 
0.1213975 
0.1209793 
0.1178376 
0.1117474 
0.1136654 
0.1209284 
0.1163983 
0.1110952 
0.1113813 
0.1108580 
0.1085488 
0.1088702 
0.1128177 
0.1111268 
0.1096409 
0.1139386 
0.1091425 
0.1083579 
0.1090085 
0.1089152 
0.1049140 
0.1059651 
0.1080031 
0.1069314 
0.1063395 
0.1061304 
0.1050265 
0.1033473 
0.1057559 
0.1065302 
0.1031992 
0.1055775 
0.1048043 
0.1026228 
0.0999634 
0.1039316 
0.1038150 
0.0984891 
0.0948924 
0.1020817 
0.1056911 
0.1036483 
0.0997985 
0.1024682 
0.0994710 
0.0965875 
0.0965386 
0.0973560 
0.0948491 
0.0970148 
0.0974321 
0.0929844 
0.0990561 
0.0964726 
0.0964160 
0.0943158 
0.0912310 
0.0948584 
0.0926802 
0.0924406 
0.0844062 
0.0894132 
0.0900649 
0.0889635 
0.0944296 
0.0911064 
0.0903546 
0.0848724 
0.0833961 
0.0801968 
0.0818560 
0.0830314 
0.0771346 
0.0837623 
0.0832612 
0.0814256 
0.0788318 
0.0797408 
0.0857568 
0.0838371 
0.0855395 
0.0804357 
0.0808753 
0.0813101 
0.0778953 
0.0766217 
0.0750034 
0.0738008 
0.0788157 
0.0731772 
0.0751135 
0.0751300 
0.0754933 
0.0756231 
0.0762102 
0.0734878 
0.0754229 
0.0728621 
0.0779763 
0.0806605 
0.0774980 
0.0777288 
0.0754941 
0.0716692 
0.0768007 
0.0749411 
0.0728275 
0.0692573 
0.0639866 
0.0688644 
0.0697663 
0.0702876 
0.0719644 
0.0754501 
0.0728969 
0.0740160 
0.0740403 
0.0714848 
0.0683245 
0.0671136 
0.0628819 
0.0608444 
0.0639031 
0.0607681 
0.0593255 
0.0627416 
0.0671825 
0.0623916 
0.0589146 
0.0604841 
0.0625807 
0.0639050 
0.0639628 
0.0585997 
0.0648724 
0.0635749 
0.0615484 
0.0603309 
0.0603732 
0.0627999 
0.0622820 
0.0640468 
0.0669524 
0.0610842 
0.0590588 
0.0623385 
0.0594130 
0.0572143 
0.0565143 
0.0602227 
0.0561754 
0.0547050 
0.0582303 
0.0550121 
0.0548825 
0.0533659 
0.0502950 
0.0511653 
0.0523413 
0.0526343 
0.0556671 
0.0517243 
0.0520285 
0.0484114 
0.0522436 
0.0463945 
0.0517160 
0.0528837 
0.0531331 
0.0529510 
0.0545374 
0.0572622 
0.0537713 
0.0511247 
0.0503428 
0.0471856 
0.0458768 
0.0459388 
0.0422291 
0.0422174 
0.0426448 
0.0453417 
0.0422789 
0.0434748 
0.0428469 
0.0420634 
0.0418346 
0.0417890 
0.0407765 
0.0404360 
0.0427299 
0.0419740 
0.0417247 
0.0402723 
0.0387987 
0.0352586 
0.0395128 
0.0342021 
0.0360764 
0.0384637 
0.0392174 
0.0344480 
0.0306296 
0.0316829 
0.0312759 
0.0309261 
0.0303819 
0.0305748 
0.0297124 
0.0304608 
0.0318495 
0.0353611 
0.0382237 
0.0368363 
0.0372269 
0.0365394 
0.0322733 
0.0318010 
0.0338185 
0.0317616 
0.0314338 
0.0310083 
0.0319067 
0.0338840 
0.0302022 
0.0294571 
0.0303255 
0.0302310 
0.0293240 
0.0301204 
0.0323065 
0.0278035 
0.0229821 
0.0273442 
0.0309708 
0.0284240 
0.0303785 
0.0254284 
0.0275377 
0.0248515 
0.0258851 
0.0263616 
0.0242431 
0.0217229 
0.0229808 
0.0256490 
0.0212860 
0.0141176 
0.0156082 
0.0223097 
0.0245042 
0.0185196 
0.0203967 
0.0218418 
0.0168528 
0.0170795 
0.0127323 
0.0117795 
0.0132319 
0.0183716 
0.0158995 
0.0187600 
0.0185582 
0.0184397 
0.0182557 
0.0187616 
0.0202969 
0.0239448 
0.0224392 
0.0170970 
0.0161383 
0.0196851 
0.0147078 
0.0146380 
0.0117206 
0.0116060 
0.0123165 
0.0106753 
0.0096453 
0.0061560 
0.0045534 
0.0048428 
0.0035070 
0.0055015 
0.0044215 
0.0022852 
0.0028389 
0.0000000 
0.0039757 
0.0083349 
0.0116824 
0.0078715 
0.0015169 
