-0.0001715 
0.0000002 
0.0001885 
-0.4510209 
-0.0785913 
0.3112300 
0.1001337 
0.0960956 
0.0959086 
0.0868432 
0.0779870 
0.0785001 
0.0798177 
0.0878480 
0.0908845 
0.0923017 
0.0908245 
0.0847198 
0.0805840 
0.0768584 
0.0746163 
0.0774874 
0.0808116 
0.0809958 
0.0807125 
0.0771757 
0.0801464 
0.0789926 
0.0933525 
0.0871480 
0.0617015 
0.0617478 
0.0579788 
0.0601627 
0.0600650 
0.0642931 
0.0595150 
0.0512344 
0.0453623 
0.0512738 
0.0471441 
0.0505278 
0.0518363 
0.0561655 
0.0522834 
0.0426195 
0.0556465 
0.0546261 
0.0545300 
0.0486444 
0.0470816 
0.0474443 
0.0436177 
0.0463672 
0.0464814 
0.0498438 
0.0415650 
0.0503913 
0.0555623 
0.0504994 
0.0402861 
0.0329217 
0.0320038 
0.0263106 
0.0274055 
0.0267596 
0.0383651 
0.0331675 
0.0222452 
0.0235106 
0.0249773 
0.0273279 
0.0241628 
0.0243740 
0.0333361 
0.0205844 
0.0210913 
0.0213293 
0.0134601 
0.0195945 
0.0269167 
0.0263832 
0.0193747 
0.0218569 
0.0229570 
0.0144282 
0.0172538 
0.0243255 
0.0251395 
0.0143423 
0.0203083 
0.0184273 
0.0103512 
0.0129356 
0.0129316 
0.0166666 
0.0134978 
0.0237135 
0.0105170 
0.0064193 
0.0053087 
0.0000000 
0.0060277 
0.0124023 
0.0123347 
0.0201199 
0.0200102 
0.0180696 
0.0166118 
0.0248139 
0.0147093 
0.0104898 
0.0173690 
0.0153978 
0.0164686 
0.0203735 
0.0221948 
0.0336967 
0.0321030 
0.0318157 
0.0363285 
0.0358706 
0.0265831 
0.0261336 
0.0299478 
0.0273787 
0.0294263 
0.0346090 
0.0378071 
0.0256961 
0.0228419 
0.0239573 
0.0267219 
0.0265755 
0.0247849 
0.0229561 
0.0195554 
0.0186309 
0.0276752 
0.0378304 
0.0322478 
0.0325144 
0.0211439 
0.0188209 
0.0301312 
0.0320328 
0.0309679 
0.0348373 
0.0369194 
0.0313708 
0.0406984 
0.0337243 
0.0394369 
0.0383198 
0.0316569 
0.0333404 
0.0427697 
0.0378139 
0.0339304 
0.0289329 
0.0255010 
0.0314221 
0.0288643 
0.0314822 
0.0282765 
0.0208373 
0.0169976 
0.0174079 
0.0230760 
0.0263742 
0.0267371 
0.0301922 
0.0229824 
0.0238037 
0.0223571 
0.0252606 
0.0201384 
0.0181911 
0.0280559 
0.0251278 
0.0212659 
0.0213980 
0.0185110 
0.0158549 
0.0150781 
0.0188517 
0.0254810 
0.0252543 
0.0288350 
0.0263323 
0.0227217 
0.0187353 
0.0205306 
0.0218259 
0.0185308 
0.0129504 
0.0142067 
0.0138221 
0.0226684 
0.0128687 
0.0155456 
0.0202511 
0.0165983 
0.0118290 
0.0141403 
0.0166250 
0.0132692 
0.0127320 
0.0054700 
0.0367016 
0.0306700 
0.0233718 
0.0147354 
0.0120785 
0.0092539 
0.0115964 
0.0172212 
0.0111825 
0.0030485 
0.0075605 
0.0096237 
0.0206322 
0.0132399 
0.0098263 
0.0097230 
0.0272446 
0.0279732 
0.0231834 
0.0263169 
0.0221523 
0.0220979 
0.0268499 
0.0141223 
0.0250427 
0.0363407 
0.0335112 
0.0375130 
0.0289041 
0.0370050 
0.0313943 
0.0321261 
0.0344166 
0.0287942 
0.0249409 
0.0231927 
0.0242187 
0.0211909 
0.0166279 
0.0177697 
0.0257945 
0.0291322 
0.0370407 
0.0347253 
0.0390002 
0.0343837 
0.0306461 
0.0272188 
0.0297729 
0.0321593 
0.0398783 
0.0299354 
0.0257895 
0.0246405 
0.0211436 
0.0335573 
0.0364573 
0.0242858 
0.0251473 
0.0325747 
0.0326769 
0.0332799 
0.0302300 
0.0264576 
0.0320484 
0.0309150 
0.0279850 
0.0252995 
0.0262857 
0.0436768 
0.0475107 
0.0462665 
0.0426187 
0.0403853 
0.0426267 
0.0387747 
0.0491017 
0.0490061 
0.0541909 
0.0595903 
0.0518973 
0.0530899 
0.0504928 
0.0596590 
0.0584203 
0.0575526 
0.0588137 
0.0578665 
0.0608380 
0.0513563 
0.0464706 
0.0423783 
0.0504745 
0.0510363 
0.0508157 
0.0442891 
0.0471367 
0.0420260 
0.0424490 
0.0425344 
0.0471224 
0.0492712 
0.0547056 
0.0533746 
0.0565851 
0.0535972 
0.0484209 
0.0507435 
0.0544157 
0.0541705 
0.0549950 
0.0580833 
0.0556325 
0.0457194 
0.0451284 
0.0488356 
0.0511565 
0.0513835 
0.0658691 
0.0673598 
0.0676350 
0.0638486 
0.0688676 
0.0591534 
0.0574781 
0.0545383 
0.0632790 
0.0589103 
0.0668127 
0.0744140 
0.0790769 
0.0747893 
0.0793653 
0.0853896 
0.0852934 
0.0819461 
0.0928207 
0.0921294 
0.0899932 
0.1014174 
0.1055786 
0.1128333 
0.1299197 
0.1216614 
0.1230543 
0.1222519 
0.1243678 
0.1360353 
0.1327645 
0.1293721 
0.1366044 
0.1307390 
0.1462704 
0.1464879 
0.1406467 
0.1440945 
0.1403414 
0.1422802 
0.1444564 
0.1387651 
0.1390614 
0.1401746 
0.1305162 
0.1319178 
0.1469673 
0.1476309 
0.1421534 
0.1390711 
0.1375023 
0.1444293 
0.1402522 
0.1434631 
0.1385400 
0.1335648 
0.1281332 
0.1379620 
0.1346856 
0.1387225 
0.1346480 
0.1373897 
0.1367779 
0.1362952 
0.1290424 
0.1293496 
0.1278992 
0.1355239 
0.1431305 
0.1449808 
0.1425574 
0.1488767 
0.1446227 
0.3904303 
0.4064344 
0.4043706 
0.4083104 
0.4074614 
0.4069786 
0.4089509 
0.4081336 
0.4122844 
0.4106433 
0.4112326 
0.4142343 
0.4094146 
0.3986958 
0.3947705 
0.4000303 
0.4018388 
0.4053584 
0.4022883 
0.4044549 
0.4087492 
0.4101256 
0.4174777 
0.4141437 
0.4191728 
0.4194439 
0.4154820 
0.4131902 
0.4191495 
0.5660711 
0.6373401 
0.7995652 
0.8478374 
0.9008729 
0.9265048 
0.9314854 
0.9429561 
0.9351437 
0.9350595 
0.9311840 
0.9236973 
0.9268462 
0.9248819 
0.9193772 
0.9252332 
0.9207910 
0.9208324 
0.9191430 
0.9219370 
0.9312196 
0.9244720 
0.9198939 
0.9191070 
0.9215519 
0.9146618 
0.9179428 
0.9260506 
0.9228440 
0.9276101 
0.9336057 
0.9227610 
0.9190887 
0.9161685 
0.9277212 
0.9200054 
0.9166392 
0.9134808 
0.9142879 
0.9115756 
0.9335970 
0.9280109 
0.9249031 
0.9286777 
0.9250799 
0.9174912 
0.9239516 
0.9173915 
0.9186662 
0.9165953 
0.9195328 
0.9184025 
0.9195336 
0.9116384 
0.9083576 
0.9117682 
0.9134034 
0.9207068 
0.9326716 
0.9273982 
0.9272741 
0.9230182 
0.9136840 
0.9092197 
0.9123537 
0.9148900 
0.9122395 
0.9042913 
0.9038476 
0.9079025 
0.9117624 
0.9224728 
0.9403256 
0.9433659 
0.9341630 
0.9357884 
0.9364671 
0.9293633 
0.9209910 
0.9173774 
0.9123688 
0.9164670 
0.9159110 
0.9182354 
0.9134217 
0.9103672 
0.9156288 
0.9195105 
0.9222263 
0.9146699 
0.9116609 
0.9135203 
0.9117370 
0.9146195 
0.9026512 
0.8966271 
0.8977240 
0.8925803 
0.8930737 
0.8918588 
0.8954171 
0.8977414 
0.8920780 
0.8937044 
0.8906126 
0.8845053 
0.8775287 
0.8784041 
0.8848122 
0.8913983 
0.9008726 
0.9063898 
0.9243023 
0.9248670 
0.9304040 
0.9241939 
0.9254996 
0.9232772 
0.9163950 
0.9170251 
0.9083982 
0.9087960 
0.9021076 
0.9132594 
0.9013088 
0.8956384 
0.8984217 
0.8989810 
0.9075339 
0.9038391 
0.9033962 
0.9063641 
0.9089027 
0.9082066 
0.9077575 
0.9025502 
0.9049305 
0.9018520 
0.8969411 
0.8972002 
0.8979809 
0.9030696 
0.8891266 
0.8910798 
0.8858046 
0.8906015 
0.8935369 
0.8917445 
0.8893019 
0.9055612 
0.8979145 
0.8905212 
0.8915320 
0.8938459 
0.8982067 
0.8997139 
0.8969452 
0.8955775 
0.9000005 
0.8986421 
0.8935158 
0.8963146 
0.8951092 
0.8974903 
0.8936904 
0.8944905 
0.9011947 
0.9040086 
0.9036093 
0.8982043 
0.8909999 
0.8912734 
0.8919879 
0.8882685 
0.8830169 
0.9037030 
0.9038095 
0.8976896 
0.8961723 
0.8942129 
0.8974654 
0.8988321 
0.8961222 
0.8995047 
0.8928391 
0.8956819 
0.8954746 
0.8951854 
0.9014395 
0.8993312 
0.8875874 
0.8943333 
0.8891218 
0.8940863 
0.8875452 
0.8855111 
0.8882606 
0.8851895 
0.8754640 
0.8796999 
0.8764698 
0.8782814 
0.8800776 
0.8707005 
0.8696943 
0.8696342 
0.8745069 
0.8732841 
0.8678710 
0.8611317 
0.8665624 
0.8595845 
0.8664174 
0.8705024 
0.8725295 
0.8735616 
0.8789597 
0.8761622 
0.8725896 
0.8815621 
0.8766794 
0.8747712 
0.8810181 
0.8841606 
0.8796029 
0.8825537 
0.8908850 
0.8916309 
0.8845142 
0.8783477 
0.8750570 
0.8779350 
0.8745498 
0.8685943 
0.8745975 
0.8761105 
0.8759810 
0.8839875 
0.8814584 
0.8781419 
0.8740565 
0.8786811 
0.8798317 
0.8821013 
0.8757308 
0.8894266 
0.8936501 
0.8851867 
0.8990710 
0.8882745 
0.8787772 
0.8776050 
0.8764933 
0.8847974 
0.8796133 
0.8865939 
0.8943629 
0.8900773 
0.8751685 
0.8794193 
0.8736417 
0.8768369 
0.8792104 
0.8777455 
0.8735102 
0.8713574 
0.8777572 
0.8802742 
0.8807125 
0.8771333 
0.8692173 
0.8761983 
0.8699515 
0.8641175 
0.8596637 
0.8663625 
0.8659922 
0.8618145 
0.8659983 
0.8613955 
0.8560404 
0.8585618 
0.8561632 
0.8589079 
0.8554943 
0.8569271 
0.8586746 
0.8573393 
0.8584350 
0.8489024 
0.8465403 
0.8446410 
0.8529704 
0.8532173 
0.8465934 
0.8406034 
0.8336940 
0.8169317 
0.8228844 
0.8203837 
0.8357918 
0.8334990 
0.8327597 
0.8340757 
0.8271230 
0.8274142 
0.8269809 
0.8333771 
0.8303718 
0.8271283 
0.8246435 
0.8248044 
0.8380610 
0.8367576 
0.8477949 
0.8435048 
0.8517886 
0.8452816 
0.8487213 
0.8562542 
0.8544247 
0.8612894 
0.8588689 
0.8559020 
0.8527866 
0.8475612 
0.8468764 
0.8473723 
0.8428293 
0.8472996 
0.8500189 
0.8569338 
0.8537920 
0.8524295 
0.8566453 
0.8539673 
0.8593648 
0.8511922 
0.8540401 
0.8489479 
0.8466520 
0.8445651 
0.8442717 
0.8547009 
0.8576920 
0.8645067 
0.8645962 
0.8700651 
0.8747114 
0.8672961 
0.8617232 
0.8585438 
0.8433662 
0.8563545 
0.8520887 
0.8493664 
0.8455582 
0.8410767 
0.8461932 
0.8474719 
0.8556125 
0.8671467 
0.8586637 
0.8731323 
0.8684797 
0.8661135 
0.8638620 
0.8570311 
0.8654067 
0.8605192 
0.8602451 
0.8589369 
0.8510685 
0.8510560 
0.8485222 
0.8491444 
0.8477847 
0.8470409 
0.8474199 
0.8561694 
0.8558631 
0.8658150 
0.8608473 
0.8640909 
0.8514262 
0.8607998 
0.8593507 
0.8569722 
0.8608975 
0.8646453 
0.8609532 
0.8545257 
0.8547356 
0.8591706 
0.8631012 
0.8598449 
0.8582072 
0.8665156 
0.8602641 
0.8629781 
0.8619560 
0.8640521 
0.8677607 
0.8652139 
0.8628590 
0.8630277 
0.8558359 
0.8610344 
0.8642934 
0.8649364 
0.8685485 
0.8698477 
0.8748896 
0.8768802 
0.8812561 
0.8782866 
0.8842442 
0.8789717 
0.8769536 
0.8761170 
0.8633062 
0.8699872 
0.8695722 
0.8702456 
0.8718708 
0.8709630 
0.8701723 
0.8756768 
0.8777818 
0.8837401 
0.8833154 
0.8909820 
0.8947421 
0.8953465 
0.8925107 
0.8900236 
0.8930566 
0.9122129 
0.9028366 
0.8971155 
0.9007068 
0.9057484 
0.9097042 
0.9090891 
0.8984913 
0.9024092 
0.9103084 
0.9046705 
0.9114734 
0.9107228 
0.9136466 
0.9111601 
0.9061110 
0.8995685 
0.9096617 
0.9118179 
0.9067129 
0.9133112 
0.9158806 
0.9124778 
0.9089380 
0.9079100 
0.9099610 
0.9013498 
0.9012442 
0.9101823 
0.9064176 
0.9109255 
0.9060822 
0.9048863 
0.9044297 
0.9087916 
0.9056049 
0.9073891 
0.9070504 
0.9022559 
0.9059770 
0.9071828 
0.9059898 
0.9124571 
0.9113888 
0.9104364 
0.9089010 
0.9026026 
0.9126269 
0.9243020 
0.9158595 
0.9175089 
0.9144924 
0.9172315 
0.9198207 
0.9160787 
0.9190715 
0.9154226 
0.9152218 
0.9169602 
0.9185208 
0.9197080 
0.9281900 
0.9318571 
0.9225806 
0.9216832 
0.9154475 
0.9107901 
0.9098131 
0.9102966 
0.9121761 
0.9008355 
0.8988515 
0.8987205 
0.8985978 
0.9120453 
0.9104241 
0.9181538 
0.9204223 
0.9180984 
0.9283658 
0.9327152 
0.9341630 
0.9392482 
0.9403124 
0.9375958 
0.9329830 
0.9323949 
0.9300042 
0.9319146 
0.9283433 
0.9376695 
0.9384866 
0.9323390 
0.9309983 
0.9203873 
0.9253710 
0.9240376 
0.9253360 
0.9440900 
0.9456430 
0.9440208 
0.9362318 
0.9387946 
0.9387467 
0.9387898 
0.9473865 
0.9501779 
0.9546976 
0.9541487 
0.9520460 
0.9540996 
0.9538444 
0.9512852 
0.9508621 
0.9483298 
0.9635088 
0.9706975 
0.9760795 
0.9758894 
0.9807506 
0.9790914 
0.9787587 
0.9609273 
0.9570549 
0.9571358 
0.9421957 
0.9516215 
0.9361695 
0.9300902 
0.9304623 
0.9281641 
0.9349977 
0.9390899 
0.9323333 
0.9451953 
0.9410989 
0.9418714 
0.9388007 
0.9528528 
0.9468658 
0.9414501 
0.9449444 
0.9424522 
0.9462219 
0.9468028 
0.9422720 
0.9429188 
0.9348838 
0.9306834 
0.9287201 
0.9301307 
0.9251777 
0.9259441 
0.9283659 
0.9298234 
0.9327521 
0.9343196 
0.9345381 
0.9295657 
0.9270669 
0.9261554 
0.9258805 
0.9368461 
0.9298205 
0.9296234 
0.9267924 
0.9266903 
0.9265837 
0.9326471 
0.9346001 
0.9385346 
0.9312763 
0.9333374 
0.9285457 
0.9258036 
0.9197065 
0.9141597 
0.9147383 
0.9137347 
0.9110002 
0.9135296 
0.9206192 
0.9205532 
0.9238816 
0.9280570 
0.9209535 
0.9167996 
0.9190720 
0.9262051 
0.9382176 
0.9439823 
0.9504652 
0.9443693 
0.9416322 
0.9332986 
0.9292572 
0.9277214 
0.9307676 
0.9314499 
0.9273490 
0.9274567 
0.9288235 
0.9270630 
0.9272511 
0.9259820 
0.9193671 
0.9117485 
0.9008816 
0.8953999 
0.8965069 
0.8989004 
0.8924552 
0.8912380 
0.8955571 
0.8995940 
0.8967200 
0.8909235 
0.8915003 
0.8871283 
0.8960659 
0.9034803 
0.9082609 
0.8952950 
0.8944243 
0.8946508 
0.8934987 
0.8947667 
0.8874348 
0.8906090 
0.8936405 
0.8945546 
0.8931927 
0.9025720 
0.9021410 
0.9065976 
0.8966311 
0.8949733 
0.9014366 
0.9023276 
0.8983474 
0.8952244 
0.8925075 
0.8940493 
0.9021772 
0.9040500 
0.9030790 
0.9088706 
0.9074603 
0.9044575 
0.9051411 
0.8961066 
0.8984625 
0.8915014 
0.8924618 
0.8954024 
0.9209565 
0.9394564 
0.9608791 
0.9748177 
0.9865769 
0.9831234 
0.9922127 
0.9877621 
0.9981895 
1.0000000 
0.9978501 
0.9892573 
0.9852831 
0.9815309 
0.9785038 
0.9727254 
0.9659740 
0.9639144 
0.9728806 
0.9734910 
0.9728414 
0.9691510 
0.9669260 
0.9583727 
0.9568362 
0.9563518 
0.9499962 
0.9458333 
0.9432535 
0.9462579 
0.9395161 
0.9492296 
0.9518834 
0.9474829 
0.9468266 
0.9389089 
0.9346612 
0.9396664 
0.9394088 
0.9290620 
0.9257991 
0.9221885 
0.9256844 
0.9234000 
0.9170469 
0.9147975 
0.9148022 
0.9132124 
0.9137139 
0.9144927 
0.9128793 
0.9293063 
0.9229592 
0.9282892 
0.9330511 
0.9329418 
0.9322120 
0.9329923 
0.9327743 
0.9306950 
0.9266456 
0.9312232 
0.9195169 
0.9218673 
0.9234647 
0.9256293 
0.9277620 
0.9383325 
0.9397147 
0.9424962 
0.9426897 
0.9433231 
0.9334703 
0.9232294 
0.9276602 
0.9246370 
0.9231585 
0.9460383 
0.9490466 
0.9460559 
0.9378084 
0.9302348 
0.9242044 
0.9187859 
0.9104040 
0.9128996 
0.9204706 
0.9333665 
0.9313444 
0.9340037 
0.9403819 
0.9237160 
0.9211317 
0.9224944 
0.9259495 
0.9266134 
0.9295047 
0.9200545 
0.9256589 
0.9342922 
0.9304057 
0.9252173 
0.9229100 
0.9161774 
0.9221104 
0.9219926 
0.9176329 
0.9211645 
0.9196748 
0.9290974 
0.9219730 
0.9235513 
0.9227568 
0.9334337 
0.9281261 
0.9303363 
0.9317251 
0.9380876 
0.9447220 
0.9453300 
0.9441827 
0.9388784 
0.9437140 
0.9510003 
0.9438230 
0.9288932 
0.9273551 
0.9229942 
0.9210153 
0.9237013 
0.9263830 
0.9384377 
0.9413033 
0.9409478 
0.9414917 
0.9454007 
0.9549877 
0.9553394 
0.9560745 
0.9466816 
0.9430965 
0.9364883 
0.9366267 
0.9439499 
0.9406663 
0.9381652 
0.9319000 
0.9307335 
0.9148601 
0.9221126 
0.9276670 
0.9206342 
0.9168258 
0.9249883 
0.9328486 
0.9292100 
0.9345402 
0.9422054 
0.9338636 
0.9299831 
0.9292379 
0.9198610 
0.9282752 
0.9227659 
0.9246653 
0.9076883 
0.9086813 
0.9025381 
0.9079890 
0.9207206 
0.9291661 
0.9363288 
0.9378245 
0.9415901 
0.9435136 
0.9421221 
0.9391514 
0.9303527 
0.9336398 
0.9198116 
0.9237969 
0.9158673 
0.9140206 
0.9241973 
0.9286211 
0.9307668 
0.9185741 
0.9216158 
0.9173538 
0.9194904 
0.9256936 
0.9163160 
0.9151888 
0.9045599 
0.8962663 
0.8859615 
0.8815566 
0.8894507 
0.8840672 
0.8942438 
0.8924789 
0.9039430 
0.9070799 
0.9022540 
0.8989409 
0.8948627 
0.8952972 
0.8980817 
0.9022135 
0.9089677 
0.9103497 
0.9126767 
0.9082433 
0.9104542 
0.9082369 
0.8971890 
0.9067026 
0.8930747 
0.8922715 
0.8958581 
0.8995661 
0.8977862 
0.9052600 
0.8917271 
0.8963783 
0.8948493 
0.8928571 
0.8991149 
0.9040642 
0.9003022 
0.9141199 
0.9115496 
0.9101895 
0.9095874 
0.9141703 
0.9039773 
0.9093771 
0.9115051 
0.9056810 
0.9050400 
0.9089583 
0.9142602 
0.9325149 
0.9353975 
0.9362605 
0.9351692 
0.9301085 
0.9087009 
0.9057718 
0.8931314 
0.9059139 
0.9003773 
0.8898356 
0.8949447 
0.8955489 
0.9047843 
0.9127588 
0.9163412 
0.9183833 
0.9179297 
0.9125756 
0.9003873 
0.8963974 
0.8963168 
0.8992699 
0.8979018 
0.9009843 
0.9021208 
0.9068048 
0.9119149 
0.9116625 
0.9087487 
0.9073646 
0.9017444 
0.9017163 
0.9057303 
0.9026529 
0.8998241 
0.9011323 
0.9075304 
0.9174028 
0.9053546 
0.9159454 
0.9167822 
0.9298965 
0.9337189 
0.9376695 
0.9355911 
0.9290199 
0.9201996 
0.9159635 
0.9145507 
0.9124689 
0.9076477 
0.9010678 
0.9009254 
0.8947306 
0.9087102 
0.9150730 
0.9160963 
0.9189600 
0.9173023 
0.9112852 
0.9133385 
0.9076992 
0.9002421 
0.9022768 
0.9035796 
0.9054174 
0.9097036 
0.9168710 
0.9217173 
0.9265202 
0.9264426 
0.9277172 
0.9315881 
0.9273879 
0.9155128 
0.9022284 
0.8997285 
0.9012062 
0.9036836 
0.9093892 
0.9115797 
0.9132927 
0.9293526 
0.9302564 
0.9264372 
0.9207724 
0.9141882 
0.9084199 
0.9005615 
0.8960912 
0.8973428 
0.9080398 
0.9043551 
0.9049852 
0.9042650 
0.9118312 
0.9114530 
0.9055637 
0.9123560 
0.9121434 
0.9040928 
0.8936994 
0.8944029 
0.8982481 
0.8852668 
0.8804672 
0.8887266 
0.8887956 
0.8906172 
0.8932459 
0.8989065 
0.8882184 
0.8948376 
0.8958823 
0.8834656 
0.8842707 
0.8887426 
0.8847040 
0.8936964 
0.8919569 
0.8996412 
0.8989471 
0.8957903 
0.9012942 
0.9029276 
0.9052703 
0.9087752 
0.9083015 
0.9023791 
0.9028846 
0.9031737 
0.9059423 
0.9039349 
0.9000085 
0.8981767 
0.8971661 
0.8947388 
0.9085218 
0.9068121 
0.9156288 
0.9203036 
0.9167539 
0.9212669 
0.9222124 
0.9164949 
0.9119139 
0.8992208 
0.9118333 
0.9112228 
0.9067746 
0.9050928 
0.9186489 
0.9228227 
0.9269551 
0.9221221 
0.9144419 
0.9121403 
0.9113378 
0.9045720 
0.9091901 
0.9123847 
0.9056484 
0.9086410 
0.9079964 
0.9087744 
0.9107100 
0.9078504 
0.9142333 
0.9151994 
0.9087238 
0.9038461 
0.9043728 
0.9057260 
0.9048873 
0.8942405 
0.8944480 
0.8965914 
0.8968535 
0.9048431 
0.9177383 
0.9217325 
0.9162691 
0.9204814 
0.9154296 
0.9213484 
0.9218547 
0.9135492 
0.8911466 
0.8904953 
0.8905710 
0.8884028 
0.8865188 
0.8892584 
0.8935964 
0.8896800 
0.8961488 
0.8966822 
0.8909538 
0.8942537 
0.8946978 
0.8961033 
0.8980183 
0.9010464 
0.8912080 
0.8888413 
0.8847556 
0.8841078 
0.8954944 
0.8919097 
0.8946305 
0.8931024 
0.8998569 
0.9057241 
0.9029169 
0.9050033 
0.9118179 
0.9122167 
0.8887410 
0.8801362 
0.8900809 
0.8903625 
0.8969714 
0.8977930 
0.8992412 
0.8967243 
0.8962848 
0.9016420 
0.9066901 
0.8929651 
0.8890888 
0.8889545 
0.8755576 
0.8719807 
0.8677514 
0.8697795 
0.8716540 
0.8814906 
0.8869147 
0.8879503 
0.8892661 
0.8927595 
0.8664141 
0.8618770 
0.8584980 
0.8611274 
0.8605133 
0.8629446 
0.8705805 
0.8737054 
0.8747627 
0.8804544 
0.8777925 
0.8811690 
0.8739035 
0.8664322 
0.8636167 
0.8659509 
0.8662871 
0.8656377 
0.8624964 
0.8545212 
0.8630743 
0.8690180 
0.8777813 
0.8790369 
0.8714418 
0.8594531 
0.8570472 
0.8642193 
0.8680996 
0.8663755 
0.8662004 
0.8577493 
0.8584727 
0.8583915 
0.8601638 
0.8646674 
0.8647682 
0.8631055 
0.8649057 
0.8595335 
0.8653571 
0.8653844 
0.8693216 
0.8682852 
0.8703626 
0.8690406 
0.8764560 
0.8696155 
0.8599867 
0.8531560 
0.8523172 
0.8531476 
0.8689758 
0.8758961 
0.8818754 
0.8812824 
0.8770239 
0.8794862 
0.8733211 
0.8656146 
0.8585676 
0.8547085 
0.8511450 
0.8500278 
0.8650125 
0.8731548 
0.8821987 
0.8789753 
0.8800595 
0.8667821 
0.8691523 
0.8756858 
0.8844625 
0.8844758 
0.8900063 
0.8856889 
0.8668306 
0.8688233 
0.8682879 
0.8731503 
0.8728349 
0.8734952 
0.8738840 
0.8678248 
0.8648837 
0.8654098 
0.8631726 
0.8733077 
0.8843545 
0.8877036 
0.8733893 
0.8777663 
0.8780142 
0.8744061 
0.8708870 
0.8706830 
0.8637747 
0.8685337 
0.8681858 
0.8706625 
0.8793552 
0.8833048 
0.8827334 
0.8860139 
0.8779459 
0.8675868 
0.8708371 
0.8757172 
0.8773032 
0.8774587 
0.8775794 
0.8762797 
0.8801934 
0.8862396 
0.8844299 
0.8890342 
0.8920922 
0.8929984 
0.8851261 
0.8922409 
0.8832880 
0.8834177 
0.8857051 
0.8901881 
0.9029582 
0.9072975 
0.9114959 
0.9148003 
0.9065682 
0.9041887 
0.8863704 
0.8509048 
0.8508861 
0.8507261 
0.8537500 
0.8504311 
0.8560484 
0.8569647 
0.8482067 
0.8459424 
0.8479713 
0.8442383 
0.8428612 
0.8402462 
0.8408588 
0.8440967 
0.8466086 
0.8475229 
0.8505546 
0.8582267 
0.8562205 
0.8604061 
0.8680445 
0.8666131 
0.8651961 
0.8640199 
0.8622399 
0.8607040 
0.8661822 
0.8650302 
0.8688738 
0.8668808 
0.8659139 
0.8629871 
0.8604485 
0.8562537 
0.8646907 
0.8619624 
0.8653264 
0.8646257 
0.8655042 
0.8624824 
0.8639559 
0.8591480 
0.8570258 
0.8499406 
0.8535722 
0.8488044 
0.8508589 
0.8507227 
0.8477946 
0.8534897 
0.8626422 
0.8578245 
0.8517427 
0.8503559 
0.8526677 
0.8502923 
0.8571859 
0.8549677 
0.8527033 
0.8494853 
0.8467827 
0.8520874 
0.8416328 
0.8419365 
0.8452280 
0.8391453 
0.8451810 
0.8446962 
0.8470339 
0.8543241 
0.8621738 
0.8558847 
0.8647575 
0.8613532 
0.8537732 
0.8572183 
0.8526918 
0.8494954 
0.8407554 
0.8432249 
0.8428194 
0.8435008 
0.8368625 
0.8325022 
0.8329801 
0.8399804 
0.8379594 
0.8419128 
0.8549984 
0.8532104 
0.8509664 
0.8572852 
0.8563227 
0.8587652 
0.8559703 
0.8569730 
0.8491600 
0.8442894 
0.8462859 
0.8518222 
0.8464603 
0.8470157 
0.8447529 
0.8487067 
0.8511037 
0.8454446 
0.8400420 
0.8422964 
0.8459279 
0.8468551 
0.8471684 
0.8485319 
0.8485976 
0.8421578 
0.8427066 
0.8274006 
0.8292763 
0.8316350 
0.8483726 
