-0.0000612 
-0.0001665 
0.0001803 
-0.4535112 
-0.0430730 
0.2726507 
0.0181815 
0.0200297 
0.0304081 
0.0373526 
0.0361809 
0.0432847 
0.0518018 
0.0609529 
0.0802025 
0.0887878 
0.0947468 
0.0957205 
0.0916296 
0.0938461 
0.0968399 
0.0905565 
0.0820187 
0.0592171 
0.0421422 
0.0383287 
0.0308016 
0.0237382 
0.0294784 
0.0201777 
0.0269369 
0.0291184 
0.0228966 
0.0323716 
0.0284851 
0.0289920 
0.0267261 
0.0277523 
0.0224254 
0.0293011 
0.0192501 
0.0251910 
0.0230750 
0.0258813 
0.0233349 
0.0249364 
0.0249451 
0.0215420 
0.0216343 
0.0187276 
0.0181380 
0.0174141 
0.0170194 
0.0159126 
0.0180660 
0.0210367 
0.0188122 
0.0191823 
0.0216750 
0.0203568 
0.0137564 
0.0103162 
0.0101819 
0.0097068 
0.0123386 
0.0131238 
0.0098349 
0.0043030 
0.0023502 
0.0005851 
0.0015505 
0.0052923 
0.0034109 
0.0100479 
0.0147546 
0.0138404 
0.0109416 
0.0123410 
0.0174785 
0.0189790 
0.0186039 
0.0177206 
0.0133749 
0.0126992 
0.0148769 
0.0156969 
0.0060463 
0.0105447 
0.0085221 
0.0130604 
0.0143550 
0.0205345 
0.0187212 
0.0123446 
0.0095608 
0.0072649 
0.0123839 
0.0069152 
0.0091779 
0.0066661 
0.0077844 
0.0063827 
0.0000000 
0.0039215 
0.0080261 
0.0105975 
0.0093508 
0.0098085 
0.0111373 
0.0090482 
0.0098218 
0.0138598 
0.0203679 
0.0216342 
0.0176264 
0.0162892 
0.0207430 
0.0177667 
0.0244644 
0.0227038 
0.0241524 
0.0213149 
0.0139734 
0.0159939 
0.0212978 
0.0170340 
0.0263621 
0.0262989 
0.0242919 
0.0299430 
0.0298618 
0.0333192 
0.0308505 
0.0368086 
0.0380511 
0.0377538 
0.0437981 
0.0435467 
0.0445983 
0.0406423 
0.0469357 
0.0431050 
0.0360814 
0.0362507 
0.0376850 
0.0339299 
0.0358329 
0.0326557 
0.0258451 
0.0286372 
0.0278782 
0.0237670 
0.0235412 
0.0288268 
0.0276672 
0.0226964 
0.0240806 
0.0285962 
0.0318647 
0.0295251 
0.0310282 
0.0317017 
0.0285355 
0.0216762 
0.0292591 
0.0281633 
0.0304882 
0.0331824 
0.0316211 
0.0319833 
0.0319772 
0.0305684 
0.0346485 
0.0314958 
0.0287913 
0.0331593 
0.0350561 
0.0338718 
0.0308767 
0.0287334 
0.0296639 
0.0311571 
0.0318594 
0.0352050 
0.0331864 
0.0393867 
0.0375476 
0.0381216 
0.0350966 
0.0368493 
0.0352652 
0.0358024 
0.0403949 
0.0383134 
0.0357020 
0.0367576 
0.0365669 
0.0335115 
0.0298437 
0.0285579 
0.0331434 
0.0329690 
0.0363119 
0.0363999 
0.0339406 
0.0384730 
0.0324848 
0.0372209 
0.0361161 
0.0378160 
0.0342412 
0.0292201 
0.0340338 
0.0202890 
0.0228626 
0.0266953 
0.0264784 
0.0213802 
0.0202050 
0.0215314 
0.0269589 
0.0287534 
0.0273499 
0.0276196 
0.0317314 
0.0315839 
0.0343171 
0.0372126 
0.0373163 
0.0367021 
0.0391845 
0.0406370 
0.0337380 
0.0322132 
0.0341526 
0.0331589 
0.0341623 
0.0311507 
0.0339292 
0.0361182 
0.0332431 
0.0353175 
0.0397741 
0.0383598 
0.0435284 
0.0431349 
0.0478245 
0.0547768 
0.0511947 
0.0539895 
0.0532752 
0.0550211 
0.0531877 
0.0558013 
0.0572940 
0.0568953 
0.0620599 
0.0581904 
0.0641418 
0.0597244 
0.0576097 
0.0557761 
0.0555729 
0.0600628 
0.0588084 
0.0553052 
0.0599909 
0.0549346 
0.0553516 
0.0525307 
0.0499583 
0.0555230 
0.0570185 
0.0552014 
0.0559333 
0.0522998 
0.0465736 
0.0451157 
0.0541345 
0.0530347 
0.0476714 
0.0537689 
0.0499183 
0.0514431 
0.0514060 
0.0558716 
0.0529072 
0.0519263 
0.0479766 
0.0509186 
0.0538360 
0.0493843 
0.0588873 
0.0491853 
0.0489772 
0.0472432 
0.0533445 
0.0499486 
0.0424213 
0.0433358 
0.0464871 
0.0510061 
0.0535676 
0.0578248 
0.0587973 
0.0594001 
0.0622105 
0.0592394 
0.0536960 
0.0542402 
0.0594106 
0.0620812 
0.0624908 
0.0726771 
0.0606434 
0.0625388 
0.0655953 
0.0694321 
0.0677585 
0.0595078 
0.0623701 
0.0597246 
0.0627170 
0.0611377 
0.0694655 
0.0664090 
0.0623921 
0.0632062 
0.0674343 
0.0700485 
0.0691723 
0.0797549 
0.0772528 
0.0735177 
0.0699436 
0.0732160 
0.0722479 
0.0690151 
0.0730387 
0.0711157 
0.0680543 
0.0737465 
0.0755572 
0.0745539 
0.0819844 
0.0823194 
0.0729878 
0.0765656 
0.0714931 
0.0714046 
0.0735289 
0.0827091 
0.0837818 
0.0817432 
0.0837896 
0.0827258 
0.0821776 
0.0832988 
0.0790849 
0.0789369 
0.0727172 
0.0718284 
0.0691587 
0.0705418 
0.0701111 
0.0732250 
0.0743366 
0.0680311 
0.0904233 
0.0857109 
0.0723950 
0.0719848 
0.0753685 
0.0792540 
0.0791151 
0.0784841 
0.0748162 
0.0731477 
0.0792625 
0.0823359 
0.0836478 
0.0796149 
0.0807680 
0.0791566 
0.0794431 
0.0798942 
0.0783879 
0.0785998 
0.0786588 
0.0801095 
0.0812292 
0.0807323 
0.0822147 
0.0852019 
0.0832424 
0.0854867 
0.0891390 
0.0846549 
0.0838938 
0.0793403 
0.0874623 
0.0864246 
0.0888893 
0.0857278 
0.0913740 
0.0918004 
0.0901443 
0.0927380 
0.0898664 
0.0879596 
0.0879254 
0.0919934 
0.0899245 
0.0844027 
0.0888169 
0.0939233 
0.0906023 
0.0956266 
0.0957541 
0.0949003 
0.0902090 
0.0942480 
0.0968389 
0.0954149 
0.1019814 
0.0984692 
0.0996637 
0.1015988 
0.1044632 
0.0994574 
0.0995355 
0.0990780 
0.1028920 
0.0967949 
0.0994299 
0.0975548 
0.0978759 
0.0988436 
0.1027519 
0.0980337 
0.1033896 
0.1011636 
0.0987885 
0.0990253 
0.1091864 
0.1095299 
0.1075273 
0.1019875 
0.1038870 
0.1103257 
0.1073176 
0.1019844 
0.0965343 
0.0922413 
0.0935739 
0.1023284 
0.1111765 
0.1066947 
0.1024478 
0.1037107 
0.1050425 
0.1046062 
0.1104627 
0.1084915 
0.1000759 
0.0982946 
0.0991508 
0.0994327 
0.0982880 
0.1033198 
0.0980710 
0.0936527 
0.0982763 
0.0994266 
0.0991601 
0.1011543 
0.1062875 
0.1069216 
0.0986862 
0.0993183 
0.1053814 
0.1085759 
0.1089761 
0.1076883 
0.1060173 
0.1011287 
0.0977835 
0.1097794 
0.1117756 
0.1127710 
0.1070387 
0.1124449 
0.1122138 
0.1161306 
0.1244106 
0.1176122 
0.1125638 
0.1154343 
0.1160100 
0.1126314 
0.1108804 
0.1147589 
0.1108993 
0.1081418 
0.1084027 
0.1085998 
0.1106516 
0.1070138 
0.1024983 
0.1076415 
0.1103901 
0.1113362 
0.1096924 
0.1081899 
0.1059039 
0.1081939 
0.1112754 
0.1183306 
0.1140513 
0.1042572 
0.1005148 
0.1018664 
0.1103675 
0.1183124 
0.1157106 
0.1115133 
0.1106145 
0.1140003 
0.1172719 
0.1187505 
0.1144670 
0.1093391 
0.1124578 
0.1147832 
0.1141148 
0.1163182 
0.1102774 
0.1113791 
0.1139414 
0.1102237 
0.1084376 
0.1051021 
0.1083537 
0.1066571 
0.1081339 
0.1053173 
0.1090469 
0.1213860 
0.1115627 
0.1110339 
0.1141289 
0.1151292 
0.1124547 
0.1148862 
0.1131213 
0.1087613 
0.1055798 
0.1073082 
0.1088401 
0.1101874 
0.1146116 
0.1105177 
0.1086455 
0.1097769 
0.1125051 
0.1176592 
0.1163877 
0.1099803 
0.1093313 
0.1123779 
0.1161322 
0.1192879 
0.1221875 
0.1166908 
0.1159115 
0.1166851 
0.1105646 
0.1159004 
0.1128217 
0.1174053 
0.1160619 
0.1135861 
0.1101725 
0.1040080 
0.1027770 
0.1046617 
0.1048590 
0.1071550 
0.1121825 
0.1134176 
0.1148580 
0.1086219 
0.1107743 
0.1088451 
0.1077332 
0.1138437 
0.1137320 
0.1115260 
0.1184454 
0.1175599 
0.1132903 
0.1210510 
0.1226812 
0.1206150 
0.1262476 
0.1232391 
0.1239305 
0.1237370 
0.1290352 
0.1265475 
0.1330291 
0.1303675 
0.1242076 
0.1303690 
0.1291534 
0.1252217 
0.1297425 
0.1201178 
0.1153627 
0.1150163 
0.1135508 
0.1110624 
0.1101251 
0.1189605 
0.1211854 
0.1206159 
0.1221270 
0.1227408 
0.1236755 
0.1250436 
0.1281145 
0.1295037 
0.1236063 
0.1235609 
0.1251668 
0.1297442 
0.1340599 
0.1312761 
0.1384347 
0.1368247 
0.1325389 
0.1303880 
0.1374601 
0.1381247 
0.1377957 
0.1371037 
0.1381699 
0.1395649 
0.1391528 
0.1345958 
0.1289330 
0.1317621 
0.1369464 
0.1329976 
0.1359118 
0.1343766 
0.1321736 
0.1315005 
0.1293327 
0.1268228 
0.1278213 
0.1272737 
0.1264452 
0.1277841 
0.1260146 
0.1285463 
0.1360453 
0.1355759 
0.1363792 
0.1368933 
0.1355750 
0.1348493 
0.1292353 
0.1291961 
0.1296700 
0.1301589 
0.1287347 
0.1235259 
0.1233183 
0.1313290 
0.1231566 
0.1232124 
0.1251028 
0.1238666 
0.1266447 
0.1243276 
0.1238572 
0.1218140 
0.1240077 
0.1260306 
0.1286292 
0.1264010 
0.1296032 
0.1240928 
0.1222669 
0.1247731 
0.1216161 
0.1240287 
0.1239463 
0.1195244 
0.1277722 
0.1229652 
0.1195800 
0.1193031 
0.1295576 
0.1350546 
0.1303485 
0.1271602 
0.1265812 
0.1284580 
0.1293378 
0.1315958 
0.1286555 
0.1257344 
0.1359729 
0.1329948 
0.1334668 
0.1351017 
0.1353930 
0.1370834 
0.1391273 
0.1368183 
0.1399220 
0.1469420 
0.1389639 
0.1358411 
0.1363693 
0.1360310 
0.1368376 
0.1412543 
0.1382469 
0.1367373 
0.1416633 
0.1472630 
0.1460999 
0.1445299 
0.1497624 
0.1512867 
0.1479417 
0.1506810 
0.1477295 
0.1486986 
0.1468193 
0.1437626 
0.1356650 
0.1428424 
0.1426345 
0.1466025 
0.1468562 
0.1533808 
0.1547903 
0.1548850 
0.1483669 
0.1458142 
0.1464399 
0.1428666 
0.1412669 
0.1341551 
0.1414585 
0.1507969 
0.1477134 
0.1399902 
0.1400033 
0.1481104 
0.1518895 
0.1485024 
0.1455292 
0.1516180 
0.1522711 
0.1470206 
0.1454635 
0.1491712 
0.1456900 
0.1431754 
0.1481506 
0.1479302 
0.1478093 
0.1512117 
0.1520850 
0.1572534 
0.1572842 
0.1510370 
0.1543840 
0.1470306 
0.1445551 
0.1458633 
0.1405558 
0.1387392 
0.1396324 
0.1479499 
0.1422626 
0.1426424 
0.1412115 
0.1462084 
0.1471781 
0.1478700 
0.1481333 
0.1447709 
0.1409600 
0.1436420 
0.1416339 
0.1362945 
0.1373674 
0.1411662 
0.1352204 
0.1386981 
0.1395464 
0.1515998 
0.1474295 
0.1441914 
0.1492089 
0.1492837 
0.1515158 
0.1516445 
0.1509164 
0.1476819 
0.1523372 
0.1541769 
0.1542910 
0.1461327 
0.1452287 
0.1448817 
0.1485634 
0.1493496 
0.1447708 
0.1544728 
0.1585497 
0.1559681 
0.1566570 
0.1605288 
0.1562586 
0.1608894 
0.1615563 
0.1652324 
0.1664712 
0.1712543 
0.1683147 
0.1674637 
0.1778211 
0.1781671 
0.1785452 
0.1795613 
0.1829535 
0.1820852 
0.1816322 
0.1819564 
0.1827502 
0.1853028 
0.1834735 
0.1845731 
0.1827788 
0.1811382 
0.1811573 
0.1793169 
0.1741896 
0.1798993 
0.1811685 
0.1810421 
0.1825641 
0.1861026 
0.1886760 
0.1868478 
0.1873719 
0.1851696 
0.1869630 
0.1867582 
0.1863234 
0.1814601 
0.1818986 
0.1811953 
0.1816971 
0.1885243 
0.1846876 
0.1871516 
0.1877166 
0.1913731 
0.1892634 
0.1877769 
0.1900461 
0.1956565 
0.1939011 
0.1952674 
0.1919190 
0.1895726 
0.1898134 
0.1901130 
0.1914981 
0.1932248 
0.1965321 
0.1937986 
0.1936527 
0.1904266 
0.1978443 
0.1931830 
0.1924154 
0.1936522 
0.1939438 
0.1929700 
0.1910650 
0.1981043 
0.1959910 
0.1953926 
0.1975408 
0.2025463 
0.2041412 
0.1991066 
0.1999904 
0.1998633 
0.2028643 
0.2055760 
0.2035160 
0.2048149 
0.2080026 
0.2015340 
0.2056230 
0.2012798 
0.2045813 
0.2036436 
0.2075514 
0.2077956 
0.2132007 
0.2111261 
0.2109119 
0.2134283 
0.2082562 
0.2126967 
0.2092176 
0.2154684 
0.2215437 
0.2179394 
0.2197977 
0.2143038 
0.2155959 
0.2158009 
0.2121092 
0.2097310 
0.2085348 
0.2090918 
0.2116198 
0.2117820 
0.2112238 
0.2083753 
0.2072292 
0.2037206 
0.2069398 
0.2108616 
0.2105250 
0.2114426 
0.2122015 
0.2106552 
0.2123195 
0.2105854 
0.2088583 
0.2050680 
0.2074643 
0.2071154 
0.2092502 
0.2132848 
0.2120839 
0.2125216 
0.2131112 
0.2207168 
0.2208525 
0.2152006 
0.2209649 
0.2261421 
0.2214992 
0.2239825 
0.2242250 
0.2224729 
0.2284603 
0.2304282 
0.2280913 
0.2314377 
0.2359276 
0.2374856 
0.2376062 
0.2408040 
0.2375610 
0.2312951 
0.2284116 
0.2240615 
0.2215560 
0.2220319 
0.2166835 
0.2163117 
0.2167837 
0.2202769 
0.2177648 
0.2178050 
0.2188090 
0.2175026 
0.2185709 
0.2169891 
0.2129504 
0.2161726 
0.2209541 
0.2253106 
0.2210178 
0.2217276 
0.2267915 
0.2279537 
0.2257195 
0.2286775 
0.2282616 
0.2232340 
0.2292835 
0.2303546 
0.2318325 
0.2296630 
0.2320773 
0.2300925 
0.2281338 
0.2301567 
0.2304637 
0.2321398 
0.2344265 
0.2349378 
0.2280887 
0.2308404 
0.2486737 
0.2603557 
0.2734484 
0.2854650 
0.2930865 
0.2982430 
0.3015263 
0.2980917 
0.2919583 
0.2935106 
0.2883936 
0.2858363 
0.2857742 
0.2800008 
0.2789298 
0.2785386 
0.2800347 
0.2786171 
0.2778679 
0.2779635 
0.2762650 
0.2702845 
0.2702238 
0.2707143 
0.2700928 
0.2664711 
0.2642735 
0.2660655 
0.2649599 
0.2611979 
0.2623941 
0.2611107 
0.2602810 
0.2608111 
0.2652309 
0.2664992 
0.2644890 
0.2652511 
0.2659238 
0.2637928 
0.2641907 
0.2639938 
0.2671138 
0.2683532 
0.2671460 
0.2663019 
0.2653099 
0.2674059 
0.2654490 
0.2647632 
0.2702274 
0.2652936 
0.2708452 
0.2716888 
0.2713167 
0.2723548 
0.2683275 
0.2645224 
0.2638099 
0.2641577 
0.2648070 
0.2704331 
0.2657875 
0.2675444 
0.2646455 
0.2618786 
0.2664742 
0.2687435 
0.2608905 
0.2605849 
0.2603000 
0.2570588 
0.2576993 
0.2570087 
0.2639592 
0.2649343 
0.2665528 
0.2591162 
0.2608543 
0.2632043 
0.2683828 
0.2682991 
0.2730503 
0.2733070 
0.2743474 
0.2734245 
0.2784315 
0.2750637 
0.2740589 
0.2709372 
0.2759442 
0.2747278 
0.2733677 
0.2734494 
0.2734729 
0.2737632 
0.2739806 
0.2779961 
0.2737363 
0.2804253 
0.2767654 
0.2798703 
0.2818193 
0.2827607 
0.2874289 
0.2853898 
0.2822137 
0.2827081 
0.2780706 
0.2845455 
0.2846743 
0.2824924 
0.2831461 
0.2825870 
0.2816491 
0.2869908 
0.2862210 
0.2877096 
0.2874881 
0.2894527 
0.2832427 
0.2839945 
0.2765658 
0.2758006 
0.2760282 
0.2778739 
0.2864406 
0.2863518 
0.2911310 
0.2875176 
0.2911029 
0.2856442 
0.2902119 
0.2926523 
0.2836898 
0.2833454 
0.2835663 
0.2819735 
0.2863646 
0.2925262 
0.2873365 
0.2875333 
0.2875022 
0.2819575 
0.2782092 
0.2751481 
0.2783453 
0.2786117 
0.2774537 
0.2781130 
0.2815737 
0.2833105 
0.2872935 
0.2931137 
0.2870020 
0.2913818 
0.2880869 
0.2834302 
0.2871422 
0.2833225 
0.2848492 
0.2818056 
0.2802372 
0.2762636 
0.2759479 
0.2746405 
0.2761810 
0.2793368 
0.2737344 
0.2772116 
0.2798002 
0.2825121 
0.2814934 
0.2803657 
0.2798867 
0.2790653 
0.2809032 
0.2855855 
0.3017327 
0.3084355 
0.3095163 
0.3075587 
0.3094380 
0.3046158 
0.3036794 
0.3004699 
0.2948227 
0.2930183 
0.2940285 
0.2934406 
0.2914692 
0.2919709 
0.2902099 
0.2854969 
0.2790143 
0.2782591 
0.2806426 
0.2850219 
0.2842431 
0.2915101 
0.2922334 
0.2974766 
0.2950080 
0.2919293 
0.2881473 
0.2928943 
0.2886114 
0.2901139 
0.2909769 
0.2857737 
0.2884706 
0.2879101 
0.2846421 
0.2828741 
0.2868098 
0.2881701 
0.2915860 
0.2915898 
0.2940062 
0.2966292 
0.2993310 
0.3020656 
0.2996174 
0.3011624 
0.3046910 
0.3050590 
0.3085540 
0.3065885 
0.3066701 
0.3018965 
0.3011528 
0.3056183 
0.3093808 
0.3068639 
0.3067451 
0.3090707 
0.3004353 
0.3001316 
0.3051429 
0.3063524 
0.3067348 
0.3081153 
0.3115097 
0.3153877 
0.3224628 
0.3217909 
0.3250108 
0.3275837 
0.3296110 
0.3277123 
0.3296873 
0.3256813 
0.3267559 
0.3248845 
0.3266550 
0.3259987 
0.3262947 
0.3234883 
0.3234521 
0.3179297 
0.3099917 
0.3064828 
0.3089089 
0.3057027 
0.3106763 
0.3078191 
0.3033435 
0.3031800 
0.3017910 
0.3094977 
0.3187115 
0.3283087 
0.3354420 
0.3367610 
0.3366074 
0.3341943 
0.3322070 
0.3289655 
0.3237491 
0.3246889 
0.3279954 
0.3314524 
0.3295018 
0.3339192 
0.3368580 
0.3395561 
0.3419187 
0.3407357 
0.3426808 
0.3331632 
0.3224656 
0.3179400 
0.3208841 
0.3232607 
0.3271003 
0.3262190 
0.3232904 
0.3233875 
0.3286475 
0.3244398 
0.3313567 
0.3304833 
0.3243630 
0.3214278 
0.3184716 
0.3228424 
0.3333215 
0.3326573 
0.3329723 
0.3377876 
0.3361048 
0.3301671 
0.3281687 
0.3285941 
0.3263658 
0.3251435 
0.3277781 
0.3285658 
0.3254971 
0.3243583 
0.3273169 
0.3314085 
0.3313087 
0.3371940 
0.3373463 
0.3439964 
0.3463474 
0.3493969 
0.3488038 
0.3495104 
0.3480214 
0.3582868 
0.3567767 
0.3600072 
0.3522952 
0.3502333 
0.3477501 
0.3482941 
0.3508961 
0.3457974 
0.3508545 
0.3488538 
0.3453092 
0.3493464 
0.3490613 
0.3522825 
0.3521855 
0.3518404 
0.3473792 
0.3519730 
0.3469195 
0.3398620 
0.3506561 
0.3515320 
0.3546627 
0.3564548 
0.3583407 
0.3600742 
0.3636915 
0.3554223 
0.3574314 
0.3605178 
0.3626521 
0.3510545 
0.3471020 
0.3484365 
0.3520929 
0.3545832 
0.3612397 
0.3553440 
0.3573125 
0.3569047 
0.3575473 
0.3632996 
0.3636976 
0.3557982 
0.3525009 
0.3510371 
0.3467875 
0.3480553 
0.3527631 
0.3532077 
0.3545095 
0.3634730 
0.3693510 
0.3876377 
0.3897207 
0.3904139 
0.3809316 
0.3679875 
0.3582337 
0.3623291 
0.3657765 
0.3611049 
0.3619651 
0.3618042 
0.3581062 
0.3569156 
0.3633026 
0.3580788 
0.3539024 
0.3529577 
0.3532805 
0.3528299 
0.3531413 
0.3565703 
0.3559503 
0.3604919 
0.3602281 
0.3649454 
0.3670075 
0.3700060 
0.3651553 
0.3698138 
0.3699437 
0.3641790 
0.3660851 
0.3702514 
0.3693455 
0.3643175 
0.3687723 
0.3671431 
0.3697474 
0.3707855 
0.3729271 
0.3762576 
0.3823299 
0.3822452 
0.3734367 
0.3723605 
0.3761179 
0.3789881 
0.3847515 
0.3778459 
0.3753858 
0.3813122 
0.3797252 
0.3766332 
0.3790304 
0.3782314 
0.3816832 
0.3829103 
0.3860403 
0.3851845 
0.3860131 
0.3837708 
0.3851947 
0.3962270 
0.3919826 
0.3900503 
0.3891812 
0.3799124 
0.3893997 
0.3845636 
0.3866740 
0.3832746 
0.3864364 
0.3797897 
0.3799377 
0.3817292 
0.3861121 
0.3825849 
0.3813977 
0.3821071 
0.3825667 
0.3842226 
0.3847676 
0.3875710 
0.3895502 
0.3945748 
0.3936641 
0.3953832 
0.3959106 
0.3952612 
0.3960388 
0.3985615 
0.3952122 
0.3928956 
0.3909576 
0.3939179 
0.3834148 
0.3885376 
0.3846921 
0.3879564 
0.3893248 
0.3859175 
0.3863475 
0.3826748 
0.3760500 
0.3741282 
0.3751890 
0.3807953 
0.3819476 
0.3814108 
0.3787057 
0.3825950 
0.3840203 
0.3854873 
0.3786079 
0.3810441 
0.3755643 
0.3794286 
0.3829309 
0.3845658 
0.3870927 
0.3844331 
0.3752375 
0.3772484 
0.3781260 
0.3742770 
0.3778123 
0.3786815 
0.3768287 
0.3728769 
0.3765997 
0.3770544 
0.3826757 
0.3859479 
0.3864914 
0.3853647 
0.3910456 
0.3883254 
0.3939818 
0.3915300 
0.3926146 
0.3895535 
0.3989173 
0.4034501 
0.4041439 
0.4057344 
0.4058847 
0.3964443 
0.3943820 
0.3979819 
0.3989797 
0.4009793 
0.4021847 
0.3985875 
0.3996955 
0.4052990 
0.4030025 
0.3998578 
0.3985096 
0.4003225 
0.4034602 
0.4044561 
0.4080559 
0.4078088 
0.4055781 
0.4025286 
0.4062382 
0.4077735 
0.4060302 
0.4041984 
0.4092403 
0.4111010 
0.4073644 
0.4086563 
0.4143930 
0.4107580 
0.4123595 
0.4099654 
0.4090554 
0.3956743 
0.3920512 
0.3956639 
0.3987334 
0.3986691 
0.4033846 
0.4026184 
0.4057913 
0.4102381 
0.4032613 
0.4047785 
0.4042095 
0.4031502 
0.4015737 
0.4023264 
0.4019462 
0.4007223 
0.4018691 
0.4032667 
0.4046605 
0.4082030 
0.4050787 
0.3982504 
0.3955358 
0.3937853 
0.3970227 
0.3969912 
0.3997841 
0.3944326 
0.4016458 
0.4008005 
0.3993219 
0.3983738 
0.4015834 
0.4054459 
0.4015324 
0.4017836 
0.4019831 
0.3974381 
0.3964845 
0.4042149 
0.4038718 
0.4049628 
0.4054444 
0.4067105 
0.4035051 
0.4073076 
0.4044718 
0.4037235 
0.4067868 
0.4089447 
0.4067281 
0.4022043 
0.4037404 
0.4056701 
0.4041192 
0.4107398 
0.4083477 
0.4099789 
0.4145851 
0.4105131 
0.4107486 
0.4078143 
0.4078286 
0.4027558 
0.4039586 
0.4078341 
0.4058636 
0.4100186 
0.4127254 
0.4099070 
0.4044812 
0.4055110 
0.4113114 
0.4154696 
0.4119473 
0.4119271 
0.4142312 
0.4127223 
0.4130593 
0.4181059 
0.4189326 
0.4163774 
0.4170372 
0.4138073 
0.4186553 
0.4255311 
0.4286838 
0.4296708 
0.4214403 
0.4238229 
0.4241874 
0.4266432 
0.4324654 
0.4335880 
0.4318152 
0.4368910 
0.4349190 
0.4292441 
0.4292243 
0.4284895 
0.4278307 
0.4298434 
0.4284224 
0.4267118 
0.4286891 
0.4303803 
0.4290636 
0.4306821 
0.4299700 
0.4283002 
0.4319101 
0.4308430 
0.4291523 
0.4309674 
0.4257749 
0.4252679 
0.4335087 
0.4360970 
0.4365827 
0.4368899 
0.4325363 
0.4343718 
0.4293739 
0.4314800 
0.4310100 
0.4326870 
0.4359124 
0.4361309 
0.4375952 
0.4371897 
0.4376644 
0.4400286 
0.4392173 
0.4364377 
0.4355761 
0.4323993 
0.4383138 
0.4416751 
0.4442945 
0.4505399 
0.4569996 
0.4572460 
0.4572525 
0.4584942 
0.4552609 
0.4598865 
0.4641185 
0.4731633 
0.4705301 
0.4658981 
0.4628361 
0.4543518 
0.4377399 
0.4376735 
0.4394403 
0.4413768 
0.4451627 
0.4439563 
0.4384270 
0.4390725 
0.4354505 
0.4347721 
0.4394036 
0.4430033 
0.4437437 
0.4445527 
0.4448639 
0.4446013 
0.4430879 
0.4480963 
0.4470799 
0.4441256 
0.4400422 
0.4401824 
0.4354796 
0.4259906 
0.4277042 
0.4304031 
0.4483229 
0.4553702 
0.4520461 
0.4472877 
0.4521074 
0.4476743 
0.4393691 
0.4398735 
0.4429964 
0.4464398 
0.4465290 
0.4471989 
0.4489588 
0.4454277 
0.4451264 
0.4469322 
0.4450701 
0.4477340 
0.4522429 
0.4500004 
0.4457234 
0.4473093 
0.4502651 
0.4547727 
0.4567005 
0.4597368 
0.4576079 
0.4567538 
0.4597336 
0.4577445 
0.4621606 
0.4665196 
0.4677016 
0.4703850 
0.4707810 
0.4749984 
0.4729428 
0.4711517 
0.4735926 
0.4722713 
0.4756798 
0.4812888 
0.4854197 
0.4854895 
0.4888674 
0.4904469 
0.4901636 
0.4906819 
0.4900256 
0.4883840 
0.4888219 
0.4892303 
0.4867171 
0.4908168 
0.4915029 
0.4935220 
0.4914459 
0.4960461 
0.4906679 
0.4933575 
0.4913661 
0.4954089 
0.4982568 
0.5033431 
0.4989700 
0.5031249 
0.5037703 
0.5003587 
0.5020590 
0.4985120 
0.4952238 
0.4916401 
0.6308222 
0.6403846 
0.6422899 
0.6317457 
0.6317527 
0.6300805 
0.6332888 
0.6342986 
0.6322314 
0.6355823 
0.6384226 
0.6317357 
0.6318775 
0.6303854 
0.6371478 
0.6342171 
0.6338796 
0.7119194 
0.8278859 
0.8630953 
0.8850833 
0.9016245 
0.9021714 
0.8991021 
0.8987357 
0.8981190 
0.8967248 
0.9041003 
0.9006124 
0.8968319 
0.8948746 
0.8990653 
0.8996209 
0.9029449 
0.9044206 
0.9073121 
0.9074142 
0.9054242 
0.9064059 
0.9084666 
0.9110828 
0.9093476 
0.9081783 
0.9171910 
0.9193646 
0.9101414 
0.9118832 
0.9140182 
0.9121442 
0.9087836 
0.9086922 
0.9082592 
0.9060842 
0.9096663 
0.9087728 
0.9089417 
0.9108784 
0.9138747 
0.9145964 
0.9145866 
0.9129714 
0.9106649 
0.9028247 
0.9060033 
0.9078248 
0.9096438 
0.9090887 
0.9120600 
0.9144779 
0.9156496 
0.9232074 
0.9181453 
0.9147721 
0.9187441 
0.9149691 
0.9133280 
0.9148170 
0.9117440 
0.9092896 
0.9112320 
0.9090110 
0.9078671 
0.9169740 
0.9168378 
0.9113188 
0.9116106 
0.9083038 
0.9129461 
0.9134868 
0.9152813 
0.9252886 
0.9289788 
0.9282975 
0.9314980 
0.9295957 
0.9286927 
0.9259331 
0.9277848 
0.9196335 
0.9192101 
0.9259742 
0.9255929 
0.9284010 
0.9279438 
0.9271934 
0.9218930 
0.9216217 
0.9212425 
0.9208644 
0.9211539 
0.9148913 
0.9189042 
0.9192329 
0.9177115 
0.9152484 
0.9142906 
0.9108038 
0.9111666 
0.9112258 
0.9196815 
0.9178168 
0.9179555 
0.9200385 
0.9255127 
0.9203550 
0.9183407 
0.9195589 
0.9194023 
0.9139396 
0.9171574 
0.9185162 
0.9178264 
0.9150678 
0.9111384 
0.9104607 
0.9212475 
0.9169298 
0.9156454 
0.9134956 
0.9148192 
0.9142666 
0.9142212 
0.9099484 
0.9099600 
0.9027134 
0.9062489 
0.9073583 
0.9084314 
0.9125086 
0.9075142 
0.9029349 
0.9061038 
0.9048325 
0.9073571 
0.9058418 
0.9098971 
0.9090201 
0.9102013 
0.9028376 
0.9074492 
0.9082948 
0.9062019 
0.9110533 
0.9121209 
0.9005060 
0.8976946 
0.9044586 
0.9085240 
0.9116101 
0.9080113 
0.9089291 
0.9109118 
0.9127719 
0.9119065 
0.9131582 
0.9087039 
0.9091237 
0.9077505 
0.9067868 
0.9081563 
0.9114266 
0.9099669 
0.9108188 
0.9128081 
0.9178068 
0.9138215 
0.9118913 
0.9081734 
0.9085281 
0.9110453 
0.9145463 
0.9149525 
0.9120781 
0.9121089 
0.9140764 
0.9189100 
0.9183708 
0.9200204 
0.9252678 
0.9228613 
0.9231945 
0.9263853 
0.9264870 
0.9306187 
0.9284299 
0.9283565 
0.9309712 
0.9277249 
0.9262689 
0.9266616 
0.9259948 
0.9281912 
0.9294691 
0.9271388 
0.9253500 
0.9285112 
0.9285089 
0.9272985 
0.9299820 
0.9337089 
0.9322269 
0.9301589 
0.9340698 
0.9335160 
0.9313828 
0.9323444 
0.9292883 
0.9313176 
0.9257951 
0.9247313 
0.9232551 
0.9295921 
0.9226917 
0.9291494 
0.9249581 
0.9306053 
0.9280314 
0.9274628 
0.9324021 
0.9287292 
0.9282913 
0.9233826 
0.9252138 
0.9264945 
0.9263924 
0.9230481 
0.9255345 
0.9269172 
0.9259631 
0.9216915 
0.9270443 
0.9346644 
0.9372064 
0.9378100 
0.9370357 
0.9364562 
0.9371816 
0.9309958 
0.9318900 
0.9321114 
0.9358236 
0.9393023 
0.9397900 
0.9408292 
0.9399091 
0.9352835 
0.9358612 
0.9322944 
0.9322851 
0.9322875 
0.9326549 
0.9315748 
0.9354569 
0.9365735 
0.9392743 
0.9423215 
0.9451548 
0.9468837 
0.9534416 
0.9519876 
0.9488356 
0.9471102 
0.9481985 
0.9514715 
0.9482064 
0.9496940 
0.9550532 
0.9550858 
0.9491681 
0.9497739 
0.9499018 
0.9477411 
0.9498988 
0.9566876 
0.9577229 
0.9576447 
0.9561810 
0.9545700 
0.9538680 
0.9457320 
0.9481094 
0.9537146 
0.9534539 
0.9544800 
0.9528560 
0.9515851 
0.9340845 
0.9333356 
0.9440433 
0.9498013 
0.9529325 
0.9537613 
0.9525028 
0.9519411 
0.9491814 
0.9490019 
0.9484405 
0.9465882 
0.9448024 
0.9404420 
0.9425709 
0.9412515 
0.9421805 
0.9380623 
0.9400156 
0.9449417 
0.9411289 
0.9424154 
0.9480763 
0.9481140 
0.9516020 
0.9491436 
0.9498722 
0.9613115 
0.9597532 
0.9626865 
0.9613123 
0.9623111 
0.9585449 
0.9587364 
0.9514371 
0.9512641 
0.9500870 
0.9512117 
0.9504041 
0.9518622 
0.9643756 
0.9768475 
0.9783195 
0.9783225 
0.9790936 
0.9806558 
0.9587794 
0.9489492 
0.9447185 
0.9452952 
0.9472924 
0.9479912 
0.9495967 
0.9530911 
0.9516829 
0.9515770 
0.9551711 
0.9633054 
0.9665267 
0.9688307 
0.9660520 
0.9691674 
0.9677704 
0.9694459 
0.9705276 
0.9767127 
0.9765143 
0.9726176 
0.9734108 
0.9649264 
0.9636760 
0.9618558 
0.9653137 
0.9659265 
0.9649961 
0.9623521 
0.9606645 
0.9630920 
0.9661802 
0.9661673 
0.9692171 
0.9734704 
0.9758426 
0.9647227 
0.9618511 
0.9650796 
0.9668436 
0.9673740 
0.9714231 
0.9691478 
0.9732086 
0.9749568 
0.9723234 
0.9716929 
0.9619369 
0.9613015 
0.9632549 
0.9689595 
0.9704171 
0.9693784 
0.9708927 
0.9682069 
0.9674523 
0.9671178 
0.9685482 
0.9642843 
0.9629032 
0.9662689 
0.9619839 
0.9567927 
0.9574791 
0.9554552 
0.9581429 
0.9571741 
0.9512957 
0.9551532 
0.9610801 
0.9558344 
0.9586035 
0.9608702 
0.9599851 
0.9600999 
0.9592725 
0.9619687 
0.9609040 
0.9564411 
0.9583043 
0.9596930 
0.9617927 
0.9623049 
0.9611824 
0.9603339 
0.9656170 
0.9650158 
0.9680548 
0.9629237 
0.9626877 
0.9639724 
0.9704603 
0.9683008 
0.9688663 
0.9731187 
0.9689788 
0.9696279 
0.9672523 
0.9690827 
0.9713706 
0.9658390 
0.9620609 
0.9666245 
0.9639959 
0.9648298 
0.9647936 
0.9630962 
0.9661661 
0.9687929 
0.9703543 
0.9761273 
0.9732745 
0.9693486 
0.9712628 
0.9717425 
0.9722123 
0.9753433 
0.9699067 
0.9774516 
0.9861870 
0.9699199 
0.9682649 
0.9650782 
0.9649476 
0.9697765 
0.9684296 
0.9685520 
0.9732090 
0.9715877 
0.9704203 
0.9719843 
0.9744524 
0.9741553 
0.9734626 
0.9712945 
0.9744109 
0.9733732 
0.9700804 
0.9629422 
0.9650530 
0.9599609 
0.9610498 
0.9622873 
0.9591133 
0.9599407 
0.9612147 
0.9614532 
0.9616369 
0.9679640 
0.9708816 
0.9695173 
0.9687187 
0.9678192 
0.9669539 
0.9703480 
0.9735537 
0.9738332 
0.9722848 
0.9677988 
0.9653932 
0.9718296 
0.9655124 
0.9646812 
0.9640282 
0.9649413 
0.9683966 
0.9724284 
0.9768176 
0.9748350 
0.9760683 
0.9778166 
0.9711989 
0.9742755 
0.9761682 
0.9792753 
0.9798864 
0.9849471 
0.9799352 
0.9771847 
0.9776176 
0.9752160 
0.9780467 
0.9736458 
0.9729714 
0.9770987 
0.9781190 
0.9866433 
0.9852603 
0.9822994 
0.9803420 
0.9720774 
0.9723741 
0.9754377 
0.9765986 
0.9722118 
0.9732608 
0.9743433 
0.9688061 
0.9644008 
0.9677414 
0.9672313 
0.9675474 
0.9660552 
0.9643305 
0.9622489 
0.9628312 
0.9613915 
0.9648798 
0.9652370 
0.9647707 
0.9617046 
0.9597779 
0.9571550 
0.9568761 
0.9628476 
0.9599104 
0.9607621 
0.9556588 
0.9574367 
0.9528060 
0.9548474 
0.9591222 
0.9617778 
0.9604710 
0.9712891 
0.9696662 
0.9689604 
0.9661728 
0.9674192 
0.9687859 
0.9666717 
0.9656678 
0.9678354 
0.9670400 
0.9697558 
0.9667688 
0.9597848 
0.9671042 
0.9710367 
0.9737613 
0.9708792 
0.9665472 
0.9660453 
0.9670719 
0.9738502 
0.9717391 
0.9725796 
0.9744911 
0.9698993 
0.9763249 
0.9731643 
0.9737675 
0.9771448 
0.9791188 
0.9829183 
0.9786376 
0.9817547 
0.9786422 
0.9778591 
0.9821579 
0.9748073 
0.9754613 
0.9788623 
0.9844901 
0.9854745 
0.9850330 
0.9856599 
0.9862508 
0.9825386 
0.9825013 
0.9840659 
0.9876699 
0.9895948 
0.9910278 
0.9913819 
0.9830680 
0.9809683 
0.9790170 
0.9796138 
0.9808722 
0.9807067 
0.9774717 
0.9795743 
0.9862853 
0.9833345 
0.9875515 
0.9842121 
0.9830846 
0.9836535 
0.9833015 
0.9822099 
0.9799617 
0.9781822 
0.9842854 
0.9870795 
0.9839245 
0.9828088 
0.9831283 
0.9840903 
0.9823314 
0.9806066 
0.9786684 
0.9776651 
0.9843480 
0.9810081 
0.9783285 
0.9794530 
0.9842862 
0.9790970 
0.9788504 
0.9768450 
0.9764705 
0.9768039 
0.9781093 
0.9905718 
0.9919261 
0.9855262 
0.9861199 
0.9833037 
0.9813748 
0.9798222 
0.9831316 
0.9876611 
0.9883575 
0.9878676 
0.9846963 
0.9901130 
0.9886493 
0.9844874 
0.9881395 
0.9878368 
0.9843405 
0.9856545 
0.9873081 
0.9889605 
0.9887047 
0.9862871 
0.9846352 
0.9819588 
0.9827775 
0.9832644 
0.9801065 
0.9774419 
0.9815283 
0.9835036 
0.9766903 
0.9816107 
0.9866458 
0.9855042 
0.9860006 
0.9893988 
0.9922718 
0.9935939 
0.9931096 
0.9938452 
0.9992125 
1.0000000 
0.9980016 
0.9955731 
0.9874873 
0.9908067 
0.9944287 
0.9983085 
0.9946434 
0.9953770 
0.9928537 
0.9890808 
0.9873709 
0.9862789 
0.9777653 
0.9804813 
0.9790767 
0.9767255 
0.9794910 
0.9796265 
0.9843476 
0.9835851 
0.9800816 
0.9811523 
