0.0000711 
0.0001348 
0.0000726 
-0.1211792 
-0.2356429 
0.2506919 
0.0219266 
0.0255619 
0.0221266 
0.0221505 
0.0181312 
0.0165742 
0.0164933 
0.0163448 
0.0157904 
0.0246512 
0.0218215 
0.0211660 
0.0204645 
0.0243966 
0.0256897 
0.0257519 
0.0260716 
0.0309871 
0.0217988 
0.0126933 
0.0104764 
0.0131779 
0.0000000 
0.0113872 
0.0138140 
0.0146230 
0.0124374 
0.0158429 
0.0152638 
0.0198909 
0.0218278 
0.0123153 
0.0089578 
0.0166921 
0.0193412 
0.0233618 
0.0218618 
0.0225672 
0.0102826 
0.0185697 
0.0172601 
0.0173023 
0.0206226 
0.0158898 
0.0145344 
0.0108699 
0.0127539 
0.0158288 
0.0163955 
0.0255163 
0.0246459 
0.0352060 
0.0238350 
0.0299178 
0.0118023 
0.0185381 
0.0197427 
0.0204236 
0.0186934 
0.0351118 
0.0437633 
0.0301723 
0.0293408 
0.0344647 
0.0346115 
0.0387785 
0.0367904 
0.0425350 
0.0381980 
0.0276576 
0.0297856 
0.0356990 
0.0380066 
0.0204308 
0.0197752 
0.0254941 
0.0270091 
0.0279248 
0.0149038 
0.0118439 
0.0176610 
0.0253708 
0.0329864 
0.0254037 
0.0371800 
0.0357992 
0.0175958 
0.0263663 
0.0207425 
0.0281115 
0.0300726 
0.0317806 
0.0474725 
0.0597605 
0.0532165 
0.0382902 
0.0354771 
0.0402085 
0.0494014 
0.0501477 
0.0559210 
0.0469885 
0.0559261 
0.0584649 
0.0450845 
0.0415592 
0.0653743 
0.0570812 
0.0504252 
0.0423364 
0.0444630 
0.0408931 
0.0413435 
0.0406792 
0.0300662 
0.0432212 
0.0551566 
0.0462020 
0.0412719 
0.0404090 
0.0396528 
0.0451628 
0.0602387 
0.0517411 
0.0520301 
0.0456331 
0.0455293 
0.0394103 
0.0512975 
0.0395487 
0.0588088 
0.0492236 
0.0653030 
0.0596420 
0.0646833 
0.0542143 
0.0650700 
0.0489492 
0.0664045 
0.0634892 
0.0618223 
0.0691919 
0.0743781 
0.0716820 
0.0650040 
0.0552887 
0.0695704 
0.0610850 
0.0682675 
0.0592195 
0.0676931 
0.0637997 
0.0656149 
0.0683042 
0.0808332 
0.0745807 
0.0595196 
0.0677785 
0.0713265 
0.0900569 
0.0735202 
0.0761408 
0.0768507 
0.0967966 
0.0817703 
0.0924391 
0.0862892 
0.0813417 
0.0817754 
0.0986799 
0.0979980 
0.0954671 
0.0984662 
0.0999329 
0.0976107 
0.1014267 
0.0996627 
0.0989649 
0.1007459 
0.1186314 
0.1205780 
0.1148536 
0.1162442 
0.1089166 
0.1040478 
0.1056069 
0.1163609 
0.1008414 
0.1000368 
0.1034892 
0.0954578 
0.0816783 
0.0838216 
0.0925899 
0.0815103 
0.0951420 
0.1025143 
0.0972050 
0.1079588 
0.1140728 
0.1122875 
0.1121365 
0.1232078 
0.1111220 
0.1027364 
0.1094082 
0.1167226 
0.1049017 
0.1083467 
0.1292755 
0.1294351 
0.1275854 
0.1161142 
0.1338287 
0.1444705 
0.1347842 
0.1332751 
0.1477391 
0.1549279 
0.1522049 
0.1504192 
0.1462531 
0.1485754 
0.1582327 
0.1632969 
0.1676070 
0.1610310 
0.1593567 
0.1731436 
0.1762586 
0.1746281 
0.1785288 
0.1858125 
0.1836432 
0.1881993 
0.1973660 
0.1863070 
0.1935437 
0.1845552 
0.1845002 
0.1909322 
0.1863013 
0.1908505 
0.1913008 
0.1930686 
0.1979425 
0.2081119 
0.2047015 
0.2163523 
0.2203469 
0.2210899 
0.2183432 
0.2180125 
0.2209900 
0.2243809 
0.2217926 
0.2275246 
0.2389125 
0.2321700 
0.2508697 
0.2344125 
0.2206050 
0.2372803 
0.2514979 
0.2695430 
0.2573346 
0.2516061 
0.2620255 
0.2633625 
0.2629511 
0.2572796 
0.2566903 
0.2699433 
0.2694375 
0.2648952 
0.2718334 
0.2743357 
0.2772438 
0.2810042 
0.2929372 
0.2823725 
0.2819265 
0.2770478 
0.2720406 
0.2762634 
0.2809831 
0.2833767 
0.2736312 
0.2862243 
0.2960983 
0.2920032 
0.2866899 
0.2983700 
0.2900073 
0.2951973 
0.3191867 
0.3198165 
0.3125304 
0.3023076 
0.3063431 
0.3005362 
0.3045044 
0.3030278 
0.3053096 
0.3052482 
0.3229256 
0.3178078 
0.3126477 
0.3108660 
0.3202769 
0.3325365 
0.3385363 
0.3341358 
0.3337496 
0.3322845 
0.3369916 
0.3264582 
0.3270618 
0.3212073 
0.3337261 
0.3304262 
0.3220954 
0.3241123 
0.3332913 
0.3409495 
0.3491568 
0.3216656 
0.3344365 
0.3302314 
0.3408425 
0.3438441 
0.3234360 
0.3398466 
0.3215703 
0.3381003 
0.3361067 
0.3335415 
0.3281846 
0.3343275 
0.3406074 
0.3275007 
0.3345837 
0.3377770 
0.3427365 
0.3386446 
0.3359133 
0.3311378 
0.3417697 
0.3300403 
0.3438158 
0.3494335 
0.3406599 
0.3404590 
0.3356312 
0.3397240 
0.3438259 
0.3397729 
0.3375828 
0.3438772 
0.3388853 
0.3427035 
0.3546572 
0.3466486 
0.3648689 
0.3478143 
0.3438763 
0.3402985 
0.3375313 
0.3403354 
0.3337098 
0.3437218 
0.3514047 
0.3470580 
0.3374463 
0.3362847 
0.3376826 
0.3476489 
0.3437132 
0.3446745 
0.3523431 
0.3539811 
0.3467563 
0.3467492 
0.3459474 
0.3554020 
0.3442018 
0.3443350 
0.3512650 
0.3521742 
0.3557917 
0.3621292 
0.3627629 
0.3493415 
0.3510029 
0.3556991 
0.3526267 
0.3601454 
0.3533395 
0.3550900 
0.3501066 
0.3524648 
0.3491940 
0.3481556 
0.3571570 
0.3457845 
0.3545546 
0.3471897 
0.3489752 
0.3407110 
0.3508898 
0.3551387 
0.3569431 
0.3546757 
0.3593185 
0.3524945 
0.3491569 
0.3648169 
0.3736234 
0.3608488 
0.3699180 
0.3619680 
0.3671298 
0.3688633 
0.3580295 
0.3556493 
0.3589099 
0.3389921 
0.3682603 
0.3562149 
0.3359013 
0.3715637 
0.3557864 
0.3506002 
0.3668099 
0.3651975 
0.3446290 
0.3459674 
0.3578659 
0.3515509 
0.3627693 
0.3423908 
0.3606599 
0.3454447 
0.3422387 
0.3447575 
0.3442221 
0.3368269 
0.3228693 
0.3676805 
0.3462039 
0.3375319 
0.3504297 
0.3562188 
0.3437933 
0.3403573 
0.3439598 
0.3330531 
0.3326910 
0.3196350 
0.3219592 
0.3281351 
0.3304079 
0.3378691 
0.3452372 
0.3331298 
0.3304698 
0.3376375 
0.3280878 
0.3402035 
0.3318608 
0.3430027 
0.3450386 
0.3365917 
0.3405127 
0.3494766 
0.3439956 
0.3391399 
0.3430689 
0.3438528 
0.3412075 
0.3395866 
0.3594447 
0.3615763 
0.3723174 
0.3712752 
0.3672528 
0.3617869 
0.3707387 
0.3648792 
0.3540034 
0.3578226 
0.3467130 
0.3423805 
0.3468175 
0.3425910 
0.3561964 
0.3643887 
0.3510033 
0.3571966 
0.3609228 
0.3606199 
0.3497340 
0.3521576 
0.3540912 
0.3533490 
0.3557694 
0.3539038 
0.3529990 
0.3537370 
0.3595407 
0.3549799 
0.3525292 
0.3446928 
0.3516772 
0.3432463 
0.3404519 
0.3313208 
0.3447178 
0.3350616 
0.3311691 
0.3478799 
0.3399121 
0.3324616 
0.3278388 
0.3332849 
0.3308242 
0.3164994 
0.3264033 
0.3414013 
0.3267316 
0.3393225 
0.3453784 
0.3338562 
0.3436170 
0.3465677 
0.3450871 
0.3399780 
0.3487775 
0.3459414 
0.3441803 
0.3473781 
0.3479539 
0.3462920 
0.3462756 
0.3517410 
0.3497296 
0.3462628 
0.3721451 
0.3794744 
0.3889232 
0.3954778 
0.4084942 
0.4100396 
0.4137806 
0.4075855 
0.4164417 
0.4074527 
0.4072210 
0.4132158 
0.4027658 
0.3991869 
0.4071729 
0.3954981 
0.4045970 
0.4029513 
0.3915039 
0.4034496 
0.3939365 
0.4100681 
0.4071333 
0.3936505 
0.4063486 
0.4046653 
0.4029507 
0.4107281 
0.4291958 
0.4274755 
0.4351426 
0.4334498 
0.4279894 
0.4426500 
0.4406304 
0.4414949 
0.4524472 
0.4576040 
0.4469914 
0.4584951 
0.4564067 
0.4617923 
0.4761464 
0.4809781 
0.4671814 
0.4772405 
0.4652538 
0.4608664 
0.4536776 
0.4491843 
0.4617901 
0.4607730 
0.4781802 
0.4681506 
0.4635616 
0.4661424 
0.4714468 
0.4745760 
0.4903653 
0.4806149 
0.4988679 
0.5039948 
0.4917201 
0.4995560 
0.4943191 
0.4911129 
0.4877490 
0.4865125 
0.5047169 
0.4964037 
0.4935150 
0.4985251 
0.4874866 
0.5142459 
0.5109466 
0.5249225 
0.5342111 
0.5369650 
0.5360058 
0.5387915 
0.5493094 
0.5441280 
0.5426572 
0.5460888 
0.5548848 
0.5385663 
0.5377540 
0.5362310 
0.5441219 
0.5610677 
0.5502247 
0.5701805 
0.5675000 
0.5658425 
0.5742510 
0.5715802 
0.5742324 
0.5688210 
0.5548869 
0.5692374 
0.5781499 
0.5783301 
0.5883278 
0.5872874 
0.5878339 
0.5764939 
0.5730008 
0.5804919 
0.5882975 
0.5860410 
0.5952969 
0.5990920 
0.5992598 
0.5811353 
0.5818134 
0.6030092 
0.5754434 
0.5820316 
0.5986354 
0.5952733 
0.6268449 
0.6316033 
0.5969925 
0.6090465 
0.5979726 
0.5720405 
0.5986723 
0.6064981 
0.6014474 
0.6282199 
0.6335236 
0.6316653 
0.6291484 
0.6286227 
0.6067541 
0.6162172 
0.6234032 
0.6170213 
0.6313664 
0.6480090 
0.6416954 
0.6383046 
0.6584264 
0.6722711 
0.6371716 
0.6629864 
0.6535041 
0.6330191 
0.6453665 
0.6500995 
0.6558291 
0.6581207 
0.6782392 
0.6607437 
0.6568414 
0.6597959 
0.6681161 
0.6661295 
0.6734388 
0.6759205 
0.6717041 
0.6727802 
0.6808989 
0.6971643 
0.6862537 
0.6884170 
0.6848251 
0.6921183 
0.6993568 
0.6924635 
0.6885046 
0.7009408 
0.6870340 
0.6812333 
0.6891916 
0.6980768 
0.6972883 
0.7094015 
0.7138164 
0.7061996 
0.7101696 
0.7016422 
0.7067235 
0.7119334 
0.7183886 
0.7088194 
0.7053066 
0.7193910 
0.7144239 
0.7135320 
0.7210156 
0.7238539 
0.7296485 
0.7384806 
0.7258791 
0.7460628 
0.7398122 
0.7441917 
0.7311772 
0.7344874 
0.7352981 
0.7290412 
0.7382513 
0.7239915 
0.7277174 
0.7351454 
0.7399858 
0.7507027 
0.7535956 
0.7549101 
0.7527346 
0.7678557 
0.7634061 
0.7546433 
0.7611660 
0.7649187 
0.7573454 
0.7560392 
0.7519421 
0.7455980 
0.7403654 
0.7442146 
0.7601734 
0.7716453 
0.7589339 
0.7771770 
0.7679922 
0.7588667 
0.7602910 
0.7768808 
0.7729659 
0.7724689 
0.7735828 
0.7670404 
0.7605578 
0.7782617 
0.7811784 
0.7774867 
0.7820968 
0.7846762 
0.7868353 
0.7942993 
0.7932075 
0.7801827 
0.7867781 
0.7921298 
0.7829024 
0.7933413 
0.7901513 
0.7908603 
0.8014595 
0.8110698 
0.8056203 
0.8091006 
0.8228039 
0.8176877 
0.8265498 
0.8466097 
0.8415673 
0.8448625 
0.8426271 
0.8418929 
0.8404322 
0.8460340 
0.8400354 
0.8509885 
0.8412702 
0.8393790 
0.8409222 
0.8367502 
0.8316225 
0.8166928 
0.8311505 
0.8552013 
0.8326370 
0.8383356 
0.8465379 
0.8414014 
0.8488970 
0.8513431 
0.8580035 
0.8504564 
0.8514777 
0.8591287 
0.8578367 
0.8526649 
0.8544937 
0.8477039 
0.8539588 
0.8491685 
0.8433455 
0.8337589 
0.8379814 
0.8502409 
0.8613715 
0.8530285 
0.8406739 
0.8424454 
0.8438710 
0.8351657 
0.8348812 
0.8432993 
0.8511657 
0.8583046 
0.8660452 
0.8774497 
0.8650653 
0.8684513 
0.8632362 
0.8648601 
0.8691748 
0.8957641 
0.8825210 
0.8734686 
0.8707590 
0.8599639 
0.8593661 
0.8624929 
0.8686499 
0.8634676 
0.8682399 
0.8820620 
0.8650504 
0.8618838 
0.8556555 
0.8529426 
0.8676773 
0.8769426 
0.8733299 
0.8629774 
0.8608876 
0.8601898 
0.8752682 
0.8690463 
0.8748064 
0.8870390 
0.8739273 
0.8944295 
0.8882520 
0.8840777 
0.8954028 
0.8771305 
0.8918953 
0.8875497 
0.8710650 
0.8992973 
0.8819680 
0.8876400 
0.8886528 
0.8754010 
0.8867569 
0.9013595 
0.8805770 
0.8878673 
0.8964154 
0.8760790 
0.8879031 
0.8902273 
0.8839234 
0.9061355 
0.9028427 
0.8941578 
0.9025243 
0.8899696 
0.8831295 
0.9148029 
0.9063284 
0.8862259 
0.9108477 
0.8939925 
0.8768757 
0.9256069 
0.9103913 
0.8845082 
0.9254836 
0.9125900 
0.8916525 
0.9072256 
0.8970043 
0.8990993 
0.9068554 
0.8950499 
0.8812020 
0.8863730 
0.8857909 
0.8808919 
0.8810291 
0.8835305 
0.8953267 
0.8859655 
0.8848204 
0.8901564 
0.9011511 
0.9031537 
0.9044570 
0.8977596 
0.8988893 
0.8965182 
0.8948582 
0.8960601 
0.8943294 
0.8965877 
0.8880543 
0.9034067 
0.9000332 
0.9093399 
0.9029850 
0.9160130 
0.9224703 
0.9119025 
0.9008838 
0.9050996 
0.9163178 
0.9108117 
0.9014986 
0.8992136 
0.9015705 
0.9082622 
0.9278137 
0.9211994 
0.9153644 
0.9268777 
0.9382012 
0.9355036 
0.9378092 
0.9237915 
0.9236979 
0.9221928 
0.9339009 
0.9341522 
0.9283691 
0.9228602 
0.9207723 
0.9279142 
0.9332041 
0.9389895 
0.9399501 
0.9240950 
0.9257195 
0.9154050 
0.9129327 
0.9021517 
0.8864234 
0.8956402 
0.9170615 
0.9246003 
0.9225132 
0.9210715 
0.9174880 
0.9141598 
0.9082319 
0.9099697 
0.9247844 
0.9211124 
0.9180099 
0.9193465 
0.9096529 
0.9162719 
0.9305760 
0.9301581 
0.9359644 
0.9361033 
0.9234925 
0.9348033 
0.9441249 
0.9429299 
0.9415792 
0.9306343 
0.9333380 
0.9338417 
0.9323673 
0.9480741 
0.9459745 
0.9465905 
0.9457252 
0.9549462 
0.9418039 
0.9391103 
0.9428112 
0.9383755 
0.9357047 
0.9344917 
0.9433484 
0.9462592 
0.9454476 
0.9474666 
0.9443015 
0.9364688 
0.9329979 
0.9319791 
0.9258010 
0.9289033 
0.9339012 
0.9373651 
0.9290869 
0.9263661 
0.9405106 
0.9422378 
0.9424263 
0.9410715 
0.9358458 
0.9456407 
0.9476670 
0.9582758 
0.9536716 
0.9538861 
0.9742886 
0.9604970 
0.9590485 
0.9533705 
0.9514885 
0.9502229 
0.9582244 
0.9588089 
0.9507433 
0.9372340 
0.9396857 
0.9392612 
0.9501288 
0.9548694 
0.9606891 
0.9522354 
0.9507024 
0.9533925 
0.9490594 
0.9490028 
0.9594867 
0.9569560 
0.9584826 
0.9547847 
0.9477081 
0.9479022 
0.9519365 
0.9485561 
0.9580693 
0.9604483 
0.9672859 
0.9629465 
0.9598428 
0.9637740 
0.9640865 
0.9620554 
0.9531528 
0.9623612 
0.9618158 
0.9709303 
0.9593506 
0.9721801 
0.9769399 
0.9725810 
0.9613959 
0.9650168 
0.9742523 
0.9771776 
0.9784896 
0.9732085 
0.9757326 
0.9869983 
0.9739370 
0.9699249 
0.9826287 
0.9823767 
0.9838708 
0.9600465 
0.9772927 
0.9794022 
0.9689945 
0.9583512 
0.9727859 
0.9794988 
0.9801318 
0.9823513 
0.9739127 
0.9602259 
0.9840181 
0.9692617 
0.9759804 
0.9688026 
0.9675011 
0.9771426 
0.9670308 
0.9756376 
0.9769231 
0.9806363 
0.9790353 
0.9765602 
0.9847135 
0.9839125 
0.9805848 
0.9731013 
0.9757907 
0.9700896 
0.9713741 
0.9689871 
0.9727196 
0.9749478 
0.9682001 
0.9739178 
0.9664604 
0.9756071 
0.9676823 
0.9658824 
0.9538555 
0.9559527 
0.9600825 
0.9599637 
0.9577313 
0.9596201 
0.9671570 
0.9785160 
0.9543771 
0.9615326 
0.9492708 
0.9549070 
0.9600127 
0.9528729 
0.9681991 
0.9561403 
0.9626290 
0.9649959 
0.9725552 
0.9717982 
0.9559975 
0.9656586 
0.9685018 
0.9781110 
0.9755466 
0.9831590 
0.9755010 
0.9736997 
0.9767725 
0.9736195 
0.9703062 
0.9679839 
0.9665952 
0.9509732 
0.9600791 
0.9505337 
0.9574296 
0.9563085 
0.9500734 
0.9573549 
0.9585586 
0.9535709 
0.9576705 
0.9785831 
0.9879698 
0.9958458 
0.9974938 
0.9811901 
0.9857529 
0.9859704 
0.9708883 
0.9718375 
0.9797401 
0.9657733 
0.9644778 
0.9706776 
0.9793429 
0.9744816 
0.9716966 
0.9771691 
0.9670911 
0.9856065 
0.9711099 
0.9721158 
0.9748277 
0.9792676 
0.9791049 
0.9673346 
0.9712503 
0.9761371 
0.9760666 
0.9709173 
0.9765414 
0.9706102 
0.9726197 
0.9785353 
0.9708668 
0.9738307 
0.9743263 
0.9887025 
0.9788067 
0.9856960 
0.9909363 
1.0000000 
0.9941833 
0.9919465 
0.9898015 
0.9884137 
0.9930177 
0.9985893 
0.9965993 
0.9889544 
0.9985206 
0.9987185 
0.9869627 
0.9941792 
0.9852897 
0.9849228 
0.9891789 
0.9905612 
0.9845066 
0.9714264 
0.9709643 
0.9815630 
0.9855894 
0.9939550 
0.9855932 
0.9816336 
0.9783378 
0.9719683 
0.9714611 
0.9766515 
0.9667341 
0.9574131 
0.9574007 
0.9666431 
0.9805076 
0.9727856 
0.9722283 
0.9751789 
0.9715821 
0.9726903 
0.9847450 
0.9787157 
0.9749501 
0.9817823 
0.9709630 
0.9748188 
0.9808426 
0.9776842 
0.9644111 
0.9691333 
0.9748093 
0.9699044 
0.9785164 
0.9747107 
0.9840131 
0.9786682 
0.9837132 
0.9807165 
0.9777523 
0.9759695 
0.9829808 
0.9741719 
0.9753934 
0.9598937 
0.9616313 
0.9650066 
0.9637745 
0.9754053 
0.9805557 
0.9788765 
0.9624411 
0.9683348 
0.9538790 
0.9568066 
0.9692203 
0.9554161 
0.9614618 
0.9756688 
0.9610563 
0.9645201 
0.9658763 
0.9706379 
0.9709410 
0.9657044 
0.9709215 
0.9684660 
0.9594741 
0.9594656 
0.9646128 
0.9593173 
0.9514317 
0.9461206 
0.9468021 
0.9528194 
0.9537980 
0.9503438 
0.9333468 
0.9352578 
0.9313434 
0.9282237 
0.9447352 
0.9317740 
0.9255042 
0.9328473 
0.9332246 
0.9260896 
0.9316910 
0.9297014 
0.9266108 
0.9390991 
0.9333919 
0.9328706 
0.9365093 
0.9381172 
0.9424493 
0.9341152 
0.9379665 
0.9345119 
0.9347539 
0.9274513 
0.9360843 
0.9244888 
0.9282709 
0.9279656 
0.9245305 
0.9216103 
0.9317110 
0.9397618 
0.9360641 
0.9430785 
0.9385250 
0.9335760 
0.9268924 
0.9311778 
0.9344344 
0.9291838 
0.9258908 
0.9290090 
0.9252880 
0.9316737 
0.9348549 
0.9382409 
0.9354691 
0.9344826 
0.9366743 
0.9339377 
0.9323652 
0.9281031 
0.9263040 
0.9228486 
0.9301736 
0.9302866 
0.9213669 
0.9189343 
0.9207008 
0.9113398 
0.9069849 
0.9088763 
0.9134372 
0.9049820 
0.9148625 
0.9198319 
0.9240405 
0.9396770 
0.9385188 
0.9366360 
0.9512024 
0.9598789 
0.9732721 
0.9724118 
0.9655038 
0.9598095 
0.9471613 
0.9259894 
0.9082134 
0.9078454 
0.9189709 
0.9073009 
0.9156418 
0.9156758 
0.9099981 
0.9118665 
0.9223268 
0.9019735 
0.9021004 
0.9106618 
0.9115427 
0.9085451 
0.9117886 
0.9183962 
0.9244313 
0.9285355 
0.9249214 
0.9196131 
0.9189688 
0.9201732 
0.9204180 
0.9167335 
0.9059501 
0.9146785 
0.9185343 
0.9047220 
0.9074877 
0.9092781 
0.9132237 
0.9128673 
0.9052068 
0.9053782 
0.9066004 
0.9014493 
0.9005209 
0.9006664 
0.8978336 
0.8991442 
0.8966284 
0.8957493 
0.9017966 
0.9046840 
0.9098221 
0.9083077 
0.9051884 
0.9077493 
0.9132390 
0.9126466 
0.9117626 
0.9137171 
0.9059349 
0.9412685 
0.9092324 
0.9008868 
0.9027632 
0.9012542 
0.8844417 
0.8823012 
0.8852280 
0.8982922 
0.9006707 
0.8990656 
0.8937104 
0.8997430 
0.8966822 
0.8996734 
0.9013561 
0.9009095 
0.8956579 
0.8932496 
0.8990544 
0.8925248 
0.8856211 
0.8914740 
0.9021452 
0.9007373 
0.9028836 
0.9005547 
0.9032091 
0.9007805 
0.9000589 
0.8915103 
0.8857080 
0.8913066 
0.8930435 
0.8813377 
0.8775918 
0.8767004 
0.8799443 
0.8820669 
0.8859433 
0.8892910 
0.8886768 
0.8907556 
0.8929398 
0.9004030 
0.8966718 
0.8907127 
0.9059085 
0.8955882 
0.8945629 
0.8945970 
0.8925754 
0.8977133 
0.9036772 
0.9044808 
0.8934794 
0.8913235 
0.8996770 
0.8956027 
0.8983697 
0.8951967 
0.9036978 
0.8936714 
0.8927472 
0.8811491 
0.8940604 
0.8889242 
0.8776805 
0.8763933 
0.8780787 
0.8706618 
0.8679605 
0.8737349 
0.8674979 
0.8717615 
0.8683841 
0.8658893 
0.8656168 
0.8633770 
0.8707703 
0.8767921 
0.8768897 
0.8796303 
0.8741513 
0.8734203 
0.8748754 
0.8742900 
0.8597803 
0.8527347 
0.8526756 
0.8541564 
0.8512998 
0.8583785 
0.8583217 
0.8663330 
0.8701178 
0.8721302 
0.8617491 
0.8607511 
0.8467297 
0.8546604 
0.8443116 
0.8494462 
0.8627732 
0.8566835 
0.8501121 
0.8419172 
0.8481198 
0.8499354 
0.8542717 
0.8567574 
0.8583542 
0.8614252 
0.8557610 
0.8549478 
0.8616161 
0.8681572 
0.8605701 
0.8561229 
0.8520287 
0.8480939 
0.8407093 
0.8504449 
0.8473508 
0.8402143 
0.8376867 
0.8448109 
0.8440305 
0.8313069 
0.8443580 
0.8473983 
0.8417006 
0.8423667 
0.8445131 
0.8438635 
0.8350778 
0.8379739 
0.8424148 
0.8484361 
0.8512986 
0.8534659 
0.8435169 
0.8415727 
0.8380951 
0.8343107 
0.8307255 
0.8449926 
0.8372449 
0.8344895 
0.8411557 
0.8403518 
0.8386103 
0.8512673 
0.8633966 
0.8536651 
0.8557363 
0.8560625 
0.8532386 
0.8572050 
0.8595951 
0.8634417 
0.8665732 
0.8662857 
0.8640565 
0.8622749 
0.8682157 
0.8699411 
0.8831323 
0.8783474 
0.8731453 
0.8703086 
0.8668087 
0.8544600 
0.8526506 
0.8512674 
0.8564328 
0.8576091 
0.8641102 
0.8607847 
0.8595735 
0.8594062 
0.8570758 
0.8521466 
0.8472759 
0.8527957 
0.8510502 
0.8488765 
0.8505258 
0.8512152 
0.8434824 
0.8447869 
0.8551050 
0.8621848 
0.8709489 
0.8690045 
0.8659331 
0.8481128 
0.8476912 
0.8464568 
0.8506276 
0.8508726 
0.8383476 
0.8473046 
0.8407785 
0.8373838 
0.8411885 
0.8414148 
0.8449002 
0.8308358 
0.8292663 
0.8217350 
0.8258131 
0.8287757 
0.8321250 
0.8276964 
0.8316005 
0.8289204 
0.8331935 
0.8473777 
0.8508099 
0.8461905 
0.8434843 
0.8448427 
0.8591391 
0.8483775 
0.8406867 
0.8381281 
0.8374532 
0.8400716 
0.8353462 
0.8363936 
0.8456242 
0.8435361 
0.8347130 
0.8263221 
0.8269006 
0.8284919 
0.8225424 
0.8199183 
0.8286144 
0.8424945 
0.8358806 
0.8223607 
0.8185715 
0.8151899 
0.8143624 
0.8195106 
0.8093407 
0.8160732 
0.8271942 
0.8353920 
0.8353761 
0.8309851 
0.8237967 
0.8253122 
0.8295295 
0.8295727 
0.8326557 
0.8381452 
0.8500286 
0.8483480 
0.8309856 
0.8279463 
0.8244403 
0.8356074 
0.8503144 
0.8543865 
0.8648946 
0.8546517 
0.8490106 
0.8444643 
0.8191378 
0.7906591 
0.7830268 
0.7812028 
0.7914109 
0.7952841 
0.7812257 
0.7939443 
0.8056307 
0.8012899 
0.8138503 
0.8135496 
0.8056544 
0.8052372 
0.8078534 
0.8075045 
0.8053136 
0.8060924 
0.8121023 
0.8130732 
0.8090745 
0.8034459 
0.8129439 
0.8145730 
0.8074392 
0.8064816 
0.7947530 
0.7841049 
0.7838892 
0.7753434 
0.7615733 
0.7550526 
0.7611156 
0.7781771 
0.7755849 
0.7832647 
0.7875220 
0.7848735 
0.7892319 
0.7937443 
0.8014343 
0.7930194 
0.7822949 
0.7646586 
0.7705014 
0.7865177 
0.7882518 
0.7779826 
0.7710719 
0.7678852 
0.7790170 
0.7864111 
0.7941313 
0.7938910 
0.7911655 
0.7970338 
0.7970269 
0.7878231 
0.7867299 
0.7863928 
0.7808208 
0.7696449 
0.7604981 
0.7629484 
0.7698594 
0.7722449 
0.7722923 
0.7691850 
0.7707720 
0.7660834 
0.7617461 
0.7732765 
0.7639908 
0.7528688 
0.7559321 
0.7559561 
0.7531612 
0.7456777 
0.7403883 
0.7297856 
0.7316331 
0.7289068 
0.7311280 
0.7378329 
0.7558511 
0.7748976 
0.7803844 
0.7761282 
0.7696592 
0.7722500 
0.7878626 
0.7735146 
0.7668470 
0.7603398 
0.7522725 
0.7503897 
0.7493291 
0.7610418 
0.7621345 
0.7562599 
0.7640732 
0.7867185 
0.7904264 
0.7974308 
0.7739958 
0.7646043 
0.7647092 
0.7685537 
0.7692915 
0.7576601 
0.7475707 
0.7330131 
0.7218183 
0.7354543 
0.7500989 
0.7483812 
0.7286500 
0.7279352 
0.7572857 
0.7650545 
0.7733192 
0.7858594 
0.7613532 
0.7499763 
0.7462629 
0.7546267 
0.7598917 
0.7579473 
0.7530679 
0.7478247 
0.7366631 
0.7292494 
0.7372851 
0.7207994 
0.7215848 
0.7280717 
0.7342528 
0.7380524 
0.7534968 
0.7454689 
0.7373944 
0.7630568 
0.7948469 
0.7981502 
0.7791115 
0.7423990 
0.7105488 
0.7157483 
0.7632243 
0.7566489 
0.7460861 
0.7497850 
0.7414866 
0.7331125 
0.7319710 
0.7134958 
0.7051211 
0.7535259 
0.8416275 
0.8621411 
0.7969070 
0.7124170 
0.6871648 
0.7185933 
0.7239323 
0.7381677 
0.7804652 
0.7661035 
0.8006006 
0.7682207 
0.7221415 
0.7228847 
0.7094166 
0.6937828 
0.7202113 
0.7273613 
0.7322766 
0.7567989 
0.7608815 
0.7524704 
0.7484107 
0.7524522 
0.7291693 
0.7360068 
0.7561866 
0.7810810 
0.7757074 
0.7590169 
0.7911937 
0.7951971 
0.7719930 
0.7738053 
0.7598626 
0.7336102 
0.7320494 
0.7396420 
0.7302851 
0.7054259 
0.7227692 
0.7648607 
0.7378598 
0.7215756 
0.7488821 
0.7622542 
0.7459897 
0.7507884 
0.7487466 
0.7467319 
0.7501136 
0.7766126 
0.8028274 
0.7960658 
0.7754751 
0.7804980 
0.7801389 
0.7534638 
0.7278981 
0.7412497 
0.7452497 
0.7404710 
0.7352564 
0.7516646 
0.7571350 
0.7325787 
0.7402810 
0.7427803 
0.7100608 
0.7024622 
0.7163459 
0.7275456 
0.7308987 
0.7130220 
0.7281436 
0.7345077 
0.7340297 
0.7295638 
0.7348427 
0.7313677 
0.7419088 
0.7432926 
0.7478722 
0.7367672 
0.7246913 
0.7288673 
0.7247807 
0.7159178 
0.7223660 
0.7232049 
0.7212793 
0.7186582 
0.7116114 
0.7065367 
0.7000287 
0.6960208 
0.6907044 
0.6850123 
0.6760414 
0.6628960 
0.6611226 
0.6695974 
0.6735049 
0.6724731 
0.6739587 
0.6805578 
0.6886148 
0.6893764 
0.7012577 
0.7059951 
0.7147414 
0.7217676 
0.7274577 
0.7310762 
0.7235882 
0.7279630 
0.7241616 
0.7210552 
0.7193939 
0.7185904 
0.7076131 
0.7083655 
0.7111867 
0.7194275 
0.7113403 
0.7011574 
0.6919411 
0.6802024 
0.6857005 
0.6822720 
0.6784544 
0.6768870 
0.6730472 
0.6633839 
0.6660032 
0.6653015 
0.6646377 
0.6556072 
0.6532699 
0.6619549 
0.6635641 
0.6711729 
0.6605538 
0.6452317 
0.6442991 
0.6463109 
0.6486190 
0.6472279 
0.6502229 
0.6504002 
0.6489846 
0.6567581 
0.6646597 
0.6663358 
0.6591596 
0.6624765 
0.6665691 
0.6687794 
0.6545562 
0.6559334 
0.6482793 
0.6488263 
0.6454370 
0.6394666 
0.6389597 
0.6453207 
0.6434477 
0.6483506 
0.6547651 
0.6451326 
0.6372957 
0.6367750 
0.6343554 
0.6450657 
0.6442881 
0.6356008 
0.6437199 
0.6482705 
0.6471195 
0.6571915 
0.6594438 
0.6699593 
0.6690738 
0.6731509 
0.6701878 
0.6715641 
0.6666327 
0.6653489 
0.6687883 
0.6656264 
0.6638912 
0.6611206 
0.6621560 
0.6586121 
0.6496993 
0.6543110 
0.6477498 
0.6507153 
0.6419450 
0.6394023 
0.6323469 
0.6350414 
0.6369510 
0.6267371 
0.6329421 
0.6321786 
0.6369500 
0.6465874 
0.6414957 
0.6377172 
0.6385164 
0.6406899 
0.6434708 
0.6286199 
0.6297396 
0.6293297 
0.6284740 
0.6248430 
0.6269478 
0.6314047 
0.6245496 
0.6147979 
0.6109525 
0.6096894 
0.6093330 
0.6059489 
0.6088290 
0.6110728 
0.6216060 
0.6210880 
0.6159381 
0.6156387 
0.6129129 
0.6190678 
0.6196942 
0.6163644 
0.6234341 
0.6257813 
0.6228239 
0.6184744 
0.6217168 
0.6280409 
0.6216903 
0.6176153 
0.6211036 
0.6133986 
0.6100143 
0.5964204 
0.6039030 
0.6179522 
0.6156050 
0.6222215 
0.6207649 
0.6223173 
0.6172335 
0.6117036 
0.6160104 
0.6266854 
0.6128451 
0.6191278 
0.6185737 
0.6252803 
0.6296136 
0.6170631 
0.6230965 
0.6291089 
0.6257045 
0.6266997 
0.6210530 
0.6161297 
0.6175166 
0.6116537 
0.6109892 
0.6172747 
0.6268078 
0.6281945 
0.6270774 
0.6249419 
0.6170078 
0.6128766 
0.6064284 
0.6081243 
0.6101817 
0.6063266 
0.6132522 
0.6097519 
0.6225246 
0.6093301 
0.6222679 
0.6255839 
0.6216529 
0.6190384 
0.6237936 
0.6127402 
0.6001211 
0.6116530 
0.6183662 
0.6190451 
0.6138027 
0.6068560 
0.6053838 
0.5960867 
0.5845874 
0.5902160 
0.5986338 
0.6006096 
0.6057976 
0.6077145 
0.6140827 
0.6087558 
0.6080182 
0.6096296 
0.6136926 
0.6062518 
0.5937086 
0.5903375 
0.5896402 
0.5806040 
0.5701638 
0.5685183 
0.5732033 
0.5793119 
0.5844896 
0.5895736 
0.5962046 
0.5985597 
0.6032023 
0.6015116 
0.6034472 
0.6043709 
0.5928719 
0.5911668 
0.5886665 
0.5837679 
0.5835179 
0.5854555 
0.5768858 
0.5733112 
0.5789823 
0.5740362 
0.5693389 
0.5580344 
0.5541922 
0.5596386 
0.5675289 
0.5801645 
0.5785145 
0.5713318 
0.5695373 
0.5696094 
0.5688264 
0.5673730 
0.5598774 
0.5537181 
0.5580545 
0.5608409 
0.5568659 
0.5637581 
0.5596045 
0.5596880 
0.5520924 
0.5479927 
0.5465488 
0.5597357 
0.5578115 
0.5606254 
0.5546956 
0.5562606 
0.5570076 
0.5651661 
0.5654743 
0.5636952 
0.5650395 
0.5607372 
0.5645909 
0.5638590 
0.5596173 
0.5657138 
0.5628711 
0.5635151 
0.5685786 
0.5794747 
0.5759322 
0.5713629 
0.5701396 
0.5860796 
0.5846759 
0.5787805 
0.5787679 
0.5648658 
0.5643226 
0.5648084 
0.5609142 
0.5594206 
0.5469518 
0.5521857 
0.5558193 
0.5585516 
0.5584912 
0.5587327 
0.5525585 
0.5591048 
0.5575618 
0.5482501 
0.5493094 
0.5492349 
0.5563765 
0.5563036 
0.5496399 
0.5471491 
0.5533099 
0.5630952 
0.5622913 
0.5610827 
0.5529449 
0.5484443 
0.5455128 
0.5457916 
0.5515356 
0.5467949 
0.5515967 
0.5546041 
0.5539195 
0.5532771 
0.5535842 
0.5595131 
0.5526045 
0.5437462 
0.5467518 
0.5501261 
0.5474505 
0.5499644 
0.5473069 
0.5436877 
0.5481024 
0.5516723 
0.5446357 
0.5374563 
0.5408092 
0.5351528 
0.5461434 
0.5386013 
0.5420338 
