-0.0001574 
-0.0000219 
0.0000876 
-0.0034861 
-0.2219447 
0.2728629 
0.3313976 
0.3289573 
0.3341811 
0.3358565 
0.3363093 
0.3436213 
0.3371698 
0.3434804 
0.3355615 
0.3343285 
0.3392280 
0.3308070 
0.3309726 
0.3342091 
0.3276165 
0.3287693 
0.3283033 
0.3287505 
0.3261461 
0.3250872 
0.3257631 
0.3271634 
0.3346057 
0.3288673 
0.3266119 
0.3256887 
0.3228749 
0.3248184 
0.3224444 
0.3229326 
0.3219836 
0.3158923 
0.3147794 
0.3098463 
0.3121457 
0.3127985 
0.3172863 
0.3116898 
0.3066877 
0.3100511 
0.3046476 
0.3088040 
0.3073714 
0.3043533 
0.3040780 
0.2984900 
0.2967394 
0.2933360 
0.2945971 
0.2899512 
0.2879758 
0.2859797 
0.2913003 
0.2878614 
0.2853310 
0.2803552 
0.2785223 
0.2764816 
0.2757461 
0.2714872 
0.2704760 
0.2605886 
0.2540069 
0.2532933 
0.2504439 
0.2495364 
0.2516628 
0.2469527 
0.2465170 
0.2470330 
0.2514008 
0.2500898 
0.2442883 
0.2366241 
0.2346194 
0.2368527 
0.2431971 
0.2401910 
0.2417529 
0.2353333 
0.2350999 
0.2273849 
0.2264422 
0.2212367 
0.2201830 
0.2316175 
0.2277724 
0.2249327 
0.2235523 
0.2204950 
0.2222091 
0.2201073 
0.2247438 
0.2257976 
0.2180254 
0.2132874 
0.2142203 
0.2107231 
0.2101473 
0.2111676 
0.2095950 
0.2047319 
0.2076758 
0.2113158 
0.2144263 
0.2115062 
0.2082011 
0.2009038 
0.2029129 
0.2064860 
0.2076362 
0.2072672 
0.2033243 
0.2018077 
0.1982312 
0.2011897 
0.1957747 
0.1953837 
0.1967111 
0.1950657 
0.1950641 
0.2027369 
0.1917937 
0.1957131 
0.1968023 
0.1944097 
0.1961117 
0.1972084 
0.1991786 
0.1959079 
0.2025855 
0.1985521 
0.2020533 
0.2039698 
0.2068904 
0.2074062 
0.2072725 
0.1997272 
0.1974889 
0.2000159 
0.2084337 
0.2060674 
0.2036999 
0.2018933 
0.1952781 
0.1939762 
0.1866340 
0.1882945 
0.1857882 
0.1850387 
0.1855037 
0.1861951 
0.1844824 
0.1891975 
0.1850599 
0.1766436 
0.1761772 
0.1752082 
0.1671633 
0.1748254 
0.1755048 
0.1747350 
0.1811486 
0.1874107 
0.1845748 
0.1824560 
0.1753892 
0.1759570 
0.1750742 
0.1723095 
0.1717898 
0.1731269 
0.1692193 
0.1728679 
0.1724667 
0.1739059 
0.1779662 
0.1780945 
0.1813975 
0.1769641 
0.1773109 
0.1675627 
0.1669853 
0.1620652 
0.1661356 
0.1672753 
0.1653801 
0.1611461 
0.1605567 
0.1593298 
0.1548316 
0.1618343 
0.1622609 
0.1542524 
0.1509997 
0.1544583 
0.1556496 
0.1489798 
0.1510520 
0.1525189 
0.1519918 
0.1482960 
0.1453343 
0.1466609 
0.1429611 
0.1414089 
0.1426191 
0.1413379 
0.1442926 
0.1463771 
0.1475122 
0.1433193 
0.1494956 
0.1456417 
0.1483377 
0.1388850 
0.1418220 
0.1408234 
0.1428147 
0.1476922 
0.1499868 
0.1441059 
0.1415781 
0.1431434 
0.1366118 
0.1294706 
0.1266408 
0.1288506 
0.1355106 
0.1316244 
0.1264419 
0.1333972 
0.1341727 
0.1325856 
0.1285036 
0.1242807 
0.1247270 
0.1210796 
0.1115971 
0.1040618 
0.1004723 
0.1062650 
0.1066094 
0.1118028 
0.1126816 
0.1023884 
0.0974398 
0.0989561 
0.0918228 
0.0917101 
0.0899109 
0.0973632 
0.0975037 
0.0918939 
0.0937482 
0.0876827 
0.0925744 
0.0879882 
0.0848014 
0.0776591 
0.0784875 
0.0715880 
0.0678235 
0.0733395 
0.0675051 
0.0663128 
0.0706271 
0.0666299 
0.0677880 
0.0688605 
0.0648039 
0.0753815 
0.0716316 
0.0693227 
0.0697678 
0.0674255 
0.0643825 
0.0585573 
0.0614869 
0.0649375 
0.0672765 
0.0683447 
0.0675659 
0.0672635 
0.0588865 
0.0494921 
0.0457960 
0.0455664 
0.0383968 
0.0378666 
0.0361828 
0.0317055 
0.0329265 
0.0275558 
0.0326759 
0.0286410 
0.0252496 
0.0265353 
0.0270375 
0.0315113 
0.0318989 
0.0245217 
0.0298277 
0.0250266 
0.0218169 
0.0235964 
0.0318209 
0.0307312 
0.0309523 
0.0245792 
0.0207905 
0.0237351 
0.0253952 
0.0182658 
0.0152950 
0.0131819 
0.0152331 
0.0127688 
0.0105091 
0.0000000 
0.0041690 
0.0085703 
0.0083725 
0.0179536 
0.0142087 
0.0281201 
0.0287479 
0.0300735 
0.0335698 
0.0337056 
0.0325148 
0.0286872 
0.0264075 
0.0244776 
0.0318967 
0.0338028 
0.0286077 
0.0334459 
0.0376812 
0.0380311 
0.0373018 
0.0359727 
0.0423456 
0.0373983 
0.0392546 
0.0456136 
0.0449785 
0.0462248 
0.0489098 
0.0465769 
0.0501377 
0.0520595 
0.0532307 
0.0537588 
0.0516118 
0.0638587 
0.0636385 
0.0603641 
0.0605246 
0.0673253 
0.0703719 
0.0648950 
0.0590601 
0.0600927 
0.0590552 
0.0660414 
0.0706099 
0.0756036 
0.0752998 
0.0768359 
0.0745739 
0.0847148 
0.0822755 
0.0865170 
0.0874259 
0.0882014 
0.0949545 
0.0966278 
0.0994674 
0.0996661 
0.0959696 
0.0916857 
0.0958611 
0.0999756 
0.0957909 
0.1049386 
0.1089221 
0.1147421 
0.1183489 
0.1160335 
0.1213374 
0.1236518 
0.1260871 
0.1208505 
0.1243095 
0.1218236 
0.1291552 
0.1368031 
0.1376820 
0.1423361 
0.1449973 
0.1372389 
0.1323868 
0.1345445 
0.1341516 
0.1369482 
0.1332960 
0.1257080 
0.1324652 
0.1354524 
0.1370764 
0.1345326 
0.1339198 
0.1393010 
0.1390874 
0.1405402 
0.1464576 
0.1453128 
0.1483106 
0.1449340 
0.1511896 
0.1560545 
0.1600837 
0.1595527 
0.1593216 
0.1593319 
0.1514096 
0.1572447 
0.1580755 
0.1594968 
0.1625256 
0.1614823 
0.1697662 
0.1723357 
0.1743267 
0.1687543 
0.1759705 
0.1700942 
0.1738867 
0.1729238 
0.1682786 
0.1782838 
0.1792287 
0.1831390 
0.1817638 
0.1781497 
0.1791908 
0.1798389 
0.1787924 
0.1801067 
0.1880882 
0.1894870 
0.1917818 
0.2035078 
0.2014580 
0.1984825 
0.1922432 
0.1916140 
0.2001194 
0.2076668 
0.2136912 
0.2084942 
0.2102234 
0.2252083 
0.2231961 
0.2141093 
0.2198273 
0.2139818 
0.2177798 
0.2196617 
0.2246595 
0.2290761 
0.2346591 
0.2375527 
0.2434894 
0.2361768 
0.2389971 
0.2412690 
0.2338854 
0.2327610 
0.2390336 
0.2518875 
0.2596623 
0.2542310 
0.2538155 
0.2587876 
0.2602607 
0.2634724 
0.2539367 
0.2551185 
0.2662838 
0.2695478 
0.2662230 
0.2646955 
0.2650509 
0.2756242 
0.2691421 
0.2687081 
0.2738873 
0.2738435 
0.2785381 
0.2801305 
0.2795869 
0.2887992 
0.2818548 
0.2896655 
0.2980655 
0.3034008 
0.2999572 
0.3021824 
0.3036324 
0.3088848 
0.3074845 
0.3062567 
0.2992798 
0.3031733 
0.2994559 
0.2939465 
0.2933131 
0.3063549 
0.3065953 
0.3056084 
0.3060979 
0.2966045 
0.3040811 
0.3021529 
0.2948637 
0.3036547 
0.3065629 
0.3065968 
0.3140640 
0.3140467 
0.3147096 
0.3172053 
0.3118065 
0.3168456 
0.3198310 
0.3214132 
0.3295588 
0.3323670 
0.3322168 
0.3352829 
0.3363405 
0.3382668 
0.3351724 
0.3286985 
0.3318352 
0.3276167 
0.3335002 
0.3253819 
0.3232050 
0.3358650 
0.3350609 
0.3395208 
0.3418516 
0.3409303 
0.3345473 
0.3371965 
0.3328804 
0.3391456 
0.3284620 
0.3407656 
0.3495470 
0.3466167 
0.3517343 
0.3497649 
0.3579331 
0.3556329 
0.3612050 
0.3554795 
0.3463658 
0.3492079 
0.3461204 
0.3497115 
0.3473289 
0.3485899 
0.3472824 
0.3604243 
0.3582530 
0.3492751 
0.3527082 
0.3527401 
0.3530149 
0.3633620 
0.3622303 
0.3650362 
0.3628843 
0.3723861 
0.3719566 
0.3734147 
0.3699905 
0.3651650 
0.3697725 
0.3696919 
0.3703629 
0.3696372 
0.3799254 
0.3726466 
0.3736889 
0.3741042 
0.3779901 
0.3834612 
0.3766011 
0.3831033 
0.3846920 
0.3920146 
0.3885905 
0.3977325 
0.3943119 
0.3993521 
0.3975485 
0.4116658 
0.4072524 
0.4150222 
0.4100360 
0.4134753 
0.4204175 
0.4187877 
0.4170028 
0.4204475 
0.4220790 
0.4354949 
0.4316392 
0.4309568 
0.4375597 
0.4444899 
0.4445628 
0.4431309 
0.4435029 
0.4456827 
0.4444444 
0.4513102 
0.4474593 
0.4508258 
0.4542060 
0.4521165 
0.4602626 
0.4628130 
0.4565772 
0.4574675 
0.4601376 
0.4523253 
0.4538641 
0.4542364 
0.4529167 
0.4587454 
0.4629015 
0.4588259 
0.4631931 
0.4655624 
0.4705751 
0.4632979 
0.4594000 
0.4698321 
0.4634260 
0.4644006 
0.4609070 
0.4635518 
0.4708709 
0.4697206 
0.4756196 
0.4818929 
0.4793247 
0.4764776 
0.4794676 
0.4844813 
0.4806629 
0.4755795 
0.4849359 
0.4771309 
0.4818515 
0.4801989 
0.4727267 
0.4762356 
0.4677369 
0.4716808 
0.4714602 
0.4751131 
0.4709172 
0.4752811 
0.4772006 
0.4698052 
0.4714257 
0.4747828 
0.4730506 
0.4747933 
0.4684063 
0.4700845 
0.4660572 
0.4684885 
0.4609682 
0.4625158 
0.4680683 
0.4673799 
0.4722825 
0.4708011 
0.4731748 
0.4743401 
0.4766586 
0.4785966 
0.4815298 
0.4911986 
0.4945767 
0.4965299 
0.4969320 
0.4899022 
0.4923386 
0.4916191 
0.4957657 
0.4921015 
0.4903638 
0.4926690 
0.4997233 
0.4913438 
0.4965958 
0.4969465 
0.4918948 
0.4932466 
0.4921043 
0.4936503 
0.4783609 
0.4806470 
0.4766668 
0.4819655 
0.4795681 
0.4856073 
0.4893079 
0.4924568 
0.4950483 
0.4935643 
0.4984646 
0.4984948 
0.4890804 
0.4980269 
0.4994937 
0.5007438 
0.4943457 
0.4942138 
0.4972806 
0.4942953 
0.5009110 
0.4981312 
0.5041089 
0.5014482 
0.5068926 
0.5008002 
0.4979496 
0.5013305 
0.5017286 
0.5140674 
0.5080388 
0.5095978 
0.5157737 
0.5170182 
0.5193088 
0.5266780 
0.5283944 
0.5359566 
0.5265476 
0.5335588 
0.5320680 
0.5374307 
0.5387336 
0.5328669 
0.5289000 
0.5348384 
0.5341892 
0.5438284 
0.5461391 
0.5396443 
0.5548266 
0.5508946 
0.5525456 
0.5515545 
0.5471491 
0.5454785 
0.5498356 
0.5458141 
0.5504678 
0.5469965 
0.5524618 
0.5535700 
0.5563087 
0.5665418 
0.5613624 
0.5546475 
0.5591449 
0.5600605 
0.5535519 
0.5617087 
0.5681250 
0.5687265 
0.5602768 
0.5735933 
0.5792179 
0.5676524 
0.5817500 
0.5814729 
0.5858369 
0.5920941 
0.5932708 
0.5915290 
0.5838988 
0.5893977 
0.6076685 
0.5952449 
0.5915313 
0.5955220 
0.6052644 
0.5996753 
0.6014324 
0.6074349 
0.6088811 
0.6083783 
0.6065771 
0.6043024 
0.6053677 
0.6097837 
0.6116020 
0.6098157 
0.6173485 
0.6156670 
0.6151237 
0.6228129 
0.6179885 
0.6211071 
0.6257036 
0.6311257 
0.6272591 
0.6313972 
0.6330288 
0.6322723 
0.6330911 
0.6364841 
0.6308837 
0.6396403 
0.6353259 
0.6352568 
0.6260869 
0.6334743 
0.6326820 
0.6289445 
0.6223452 
0.6244823 
0.6250081 
0.6264808 
0.6181712 
0.6189177 
0.6185816 
0.6150559 
0.6137632 
0.6162293 
0.6218893 
0.6216748 
0.6171537 
0.6182011 
0.6201650 
0.6253945 
0.6291833 
0.6423746 
0.6316614 
0.6193384 
0.6196481 
0.6213631 
0.6171524 
0.6188576 
0.6254824 
0.6252286 
0.6221260 
0.6253219 
0.6332772 
0.6227206 
0.6200686 
0.6266151 
0.6243832 
0.6183258 
0.6208613 
0.6173891 
0.6200064 
0.6240796 
0.6324103 
0.6201220 
0.6284234 
0.6214822 
0.6279813 
0.6306940 
0.6359059 
0.6290456 
0.6305478 
0.6331296 
0.6361312 
0.6321253 
0.6264632 
0.6314561 
0.6295940 
0.6315599 
0.6279869 
0.6260261 
0.6319635 
0.6286247 
0.6244786 
0.6320934 
0.6317720 
0.6366720 
0.6250359 
0.6270647 
0.6289711 
0.6270035 
0.6297857 
0.6192289 
0.6245869 
0.6200199 
0.6182036 
0.6244431 
0.6296018 
0.6310729 
0.6356543 
0.6421235 
0.6374496 
0.6467149 
0.6480854 
0.6536214 
0.6463253 
0.6473383 
0.6493538 
0.6407284 
0.6371476 
0.6403305 
0.6378809 
0.6280911 
0.6265002 
0.6265790 
0.6313017 
0.6460550 
0.6527280 
0.6570952 
0.6563435 
0.6534606 
0.6595559 
0.6626642 
0.6664604 
0.6742776 
0.6727619 
0.6681938 
0.6711540 
0.6725376 
0.6654143 
0.6662901 
0.6678239 
0.6737857 
0.6785862 
0.6892432 
0.6934892 
0.6953001 
0.6969501 
0.7024062 
0.7112814 
0.7033898 
0.7060343 
0.7047302 
0.6971267 
0.6961514 
0.7002544 
0.6962887 
0.6927849 
0.6988010 
0.6956093 
0.7121017 
0.7087656 
0.7089336 
0.7190452 
0.7052024 
0.7154931 
0.7177311 
0.7156660 
0.7165989 
0.7062244 
0.7223977 
0.7134335 
0.7184552 
0.7230861 
0.7245879 
0.7260181 
0.7310328 
0.7335485 
0.7281515 
0.7349533 
0.7276141 
0.7295382 
0.7254390 
0.7351417 
0.7334415 
0.7336002 
0.7364974 
0.7421202 
0.7414242 
0.7551436 
0.7512653 
0.7529907 
0.7610544 
0.7490885 
0.7556569 
0.7711491 
0.7794218 
0.7578302 
0.7598901 
0.7589477 
0.7618649 
0.7548416 
0.7617086 
0.7533341 
0.7495246 
0.7397208 
0.7530299 
0.7445305 
0.7567440 
0.7667325 
0.7768486 
0.7691459 
0.7674811 
0.7738012 
0.7721735 
0.7726283 
0.7673447 
0.7664958 
0.7645751 
0.7549851 
0.7623261 
0.7676516 
0.7640261 
0.7655485 
0.7691825 
0.7624740 
0.7680265 
0.7671926 
0.7725378 
0.7662145 
0.7631281 
0.7573311 
0.7566447 
0.7605452 
0.7596583 
0.7584956 
0.7469098 
0.7466380 
0.7520196 
0.7515352 
0.7451712 
0.7422740 
0.7683307 
0.7714450 
0.7735030 
0.7715665 
0.7728271 
0.7798559 
0.7719095 
0.7711106 
0.7719222 
0.7843659 
0.7770830 
0.7845549 
0.7742380 
0.7704473 
0.7764055 
0.7747612 
0.7747418 
0.7653088 
0.7677439 
0.7653561 
0.7681739 
0.7705256 
0.7614042 
0.7667254 
0.7689970 
0.7762510 
0.7854697 
0.7751497 
0.7793413 
0.7861027 
0.7851010 
0.7962578 
0.8011044 
0.7952609 
0.7908946 
0.7794311 
0.7835928 
0.7773856 
0.7803162 
0.7857940 
0.7757914 
0.7834275 
0.7764053 
0.7732734 
0.7777024 
0.7863510 
0.7804873 
0.7929195 
0.7993642 
0.7933831 
0.7987610 
0.8001750 
0.7986914 
0.8085809 
0.8107757 
0.8083752 
0.8020063 
0.8030649 
0.8064768 
0.8007943 
0.8010430 
0.8050923 
0.7962279 
0.7975775 
0.7998014 
0.7966650 
0.7995336 
0.8066303 
0.8104858 
0.8054148 
0.8086637 
0.8106008 
0.8182910 
0.8188192 
0.8227867 
0.8271884 
0.8306603 
0.8355698 
0.8377208 
0.8399498 
0.8418877 
0.8453776 
0.8412103 
0.8447570 
0.8557742 
0.8547528 
0.8538952 
0.8502540 
0.8443394 
0.8323195 
0.8280229 
0.8342318 
0.8348889 
0.8412356 
0.8372658 
0.8420502 
0.8442743 
0.8472117 
0.8498884 
0.8363935 
0.8461821 
0.8474414 
0.8413180 
0.8432904 
0.8527422 
0.8533210 
0.8501521 
0.8539985 
0.8453187 
0.8468967 
0.8373625 
0.8486390 
0.8542645 
0.8475118 
0.8501372 
0.8426304 
0.8471676 
0.8483395 
0.8437911 
0.8448758 
0.8443233 
0.8487176 
0.8466807 
0.8507917 
0.8409903 
0.8443217 
0.8502871 
0.8464937 
0.8486239 
0.8417789 
0.8349984 
0.8342049 
0.8364046 
0.8425380 
0.8449882 
0.8322418 
0.8333313 
0.8317121 
0.8386936 
0.8438348 
0.8434434 
0.8311092 
0.8333916 
0.8546171 
0.8500209 
0.8555397 
0.8501340 
0.8452978 
0.8399477 
0.8469250 
0.8431678 
0.8394000 
0.8301418 
0.8272197 
0.8205387 
0.8196185 
0.8228841 
0.8144976 
0.8265309 
0.8162584 
0.8149048 
0.8239063 
0.8245591 
0.8210561 
0.8164119 
0.8195915 
0.8129869 
0.8326529 
0.8118334 
0.8294893 
0.8101472 
0.8259185 
0.8188782 
0.8352806 
0.8256710 
0.8324623 
0.8341032 
0.8314158 
0.8265994 
0.8178654 
0.8233875 
0.8135335 
0.8246272 
0.8147628 
0.8315848 
0.8150098 
0.8337477 
0.8277059 
0.8421691 
0.8340688 
0.8424000 
0.8344599 
0.8565383 
0.8458769 
0.8578130 
0.8609901 
0.8743691 
0.8611352 
0.8625220 
0.8585828 
0.8599756 
0.8548215 
0.8603752 
0.8601721 
0.8581773 
0.8656346 
0.8688992 
0.8657658 
0.8596444 
0.8669181 
0.8643262 
0.8587223 
0.8664373 
0.8679973 
0.8659432 
0.8645591 
0.8738708 
0.8747135 
0.8682150 
0.8828681 
0.8770380 
0.8830188 
0.8757566 
0.8922759 
0.8809588 
0.8997657 
0.8831819 
0.8843809 
0.8913505 
0.8861074 
0.8911388 
0.8773113 
0.8961602 
0.8909077 
0.8848949 
0.8977205 
0.9034303 
0.9107425 
0.9075208 
0.9119679 
0.9213610 
0.9057515 
0.9202058 
0.9044426 
0.9120904 
0.9217964 
0.9202565 
0.9219144 
0.9193161 
0.9321898 
0.9325677 
0.9276028 
0.9351297 
0.9285423 
0.9257867 
0.9227088 
0.9330033 
0.9325736 
0.9166711 
0.9357093 
0.9360110 
0.9316639 
0.9354940 
0.9378219 
0.9425388 
0.9474450 
0.9420973 
0.9424594 
0.9390966 
0.9291387 
0.9376031 
0.9401476 
0.9440704 
0.9399963 
0.9294643 
0.9358136 
0.9414991 
0.9334084 
0.9375530 
0.9391764 
0.9323823 
0.9365032 
0.9481144 
0.9451069 
0.9490939 
0.9410552 
0.9349022 
0.9394784 
0.9388307 
0.9380970 
0.9381606 
0.9449468 
0.9472478 
0.9393549 
0.9398183 
0.9413873 
0.9348347 
0.9365490 
0.9481666 
0.9351465 
0.9336743 
0.9292788 
0.9281065 
0.9343031 
0.9389929 
0.9348248 
0.9299594 
0.9304477 
0.9257482 
0.9235030 
0.9233744 
0.9183327 
0.9241993 
0.9181767 
0.9145587 
0.9194389 
0.9175477 
0.9177904 
0.9183995 
0.9237439 
0.9207860 
0.9206007 
0.9142938 
0.9173614 
0.9166985 
0.9209547 
0.9119876 
0.9193156 
0.9138080 
0.9160540 
0.9132879 
0.9145530 
0.9067133 
0.9121414 
0.9078238 
0.9043818 
0.9003955 
0.9046201 
0.9029188 
0.9091237 
0.9087145 
0.9111727 
0.9098138 
0.9053509 
0.8955875 
0.8946487 
0.8983582 
0.8997508 
0.9047567 
0.9143079 
0.9272424 
0.9312329 
0.9244858 
0.9184827 
0.9088935 
0.8954049 
0.9000270 
0.9059527 
0.9060260 
0.9043869 
0.9000454 
0.9049498 
0.8980794 
0.8930315 
0.9008238 
0.9078339 
0.9066103 
0.9039041 
0.9022162 
0.8928599 
0.8981621 
0.8938374 
0.8975061 
0.8965679 
0.8958820 
0.8944213 
0.9015841 
0.9042344 
0.9017794 
0.8978992 
0.8990332 
0.8979208 
0.8982674 
0.8986181 
0.9017758 
0.9038018 
0.9016988 
0.9022591 
0.9026957 
0.9032735 
0.9011683 
0.9114331 
0.9127232 
0.9156038 
0.9174150 
0.9129968 
0.9051602 
0.9023976 
0.9001440 
0.9023638 
0.9058941 
0.9073795 
0.9087900 
0.9165768 
0.9092385 
0.9102564 
0.9052451 
0.9009804 
0.9011744 
0.9038861 
0.9020504 
0.9066230 
0.9133436 
0.9122459 
0.9049338 
0.9098282 
0.9039465 
0.9122254 
0.9070253 
0.9170324 
0.9161268 
0.9148049 
0.9276315 
0.9260183 
0.9350784 
0.9308605 
0.9272591 
0.9332456 
0.9357875 
0.9469866 
0.9407666 
0.9371703 
0.9376327 
0.9387185 
0.9395578 
0.9403676 
0.9388864 
0.9324838 
0.9333796 
0.9407051 
0.9445700 
0.9502547 
0.9471632 
0.9386489 
0.9507079 
0.9421528 
0.9380697 
0.9382528 
0.9472655 
0.9606961 
0.9448351 
0.9492971 
0.9509561 
0.9445567 
0.9511568 
0.9443418 
0.9481182 
0.9577946 
0.9459247 
0.9460855 
0.9498867 
0.9476236 
0.9528382 
0.9444807 
0.9429092 
0.9466203 
0.9421377 
0.9371861 
0.9458279 
0.9491867 
0.9496164 
0.9419819 
0.9381978 
0.9458244 
0.9445132 
0.9495795 
0.9535199 
0.9529301 
0.9534399 
0.9541508 
0.9481466 
0.9494297 
0.9510419 
0.9523149 
0.9445393 
0.9445563 
0.9362760 
0.9332508 
0.9493931 
0.9481313 
0.9451117 
0.9542003 
0.9502649 
0.9447855 
0.9502933 
0.9505257 
0.9317686 
0.9323203 
0.9303361 
0.9371049 
0.9337943 
0.9386283 
0.9293451 
0.9243328 
0.9406927 
0.9362610 
0.9376800 
0.9432427 
0.9380739 
0.9298651 
0.9328705 
0.9332164 
0.9338049 
0.9300067 
0.9280560 
0.9396661 
0.9395969 
0.9411709 
0.9499260 
0.9496645 
0.9421982 
0.9406590 
0.9468689 
0.9457889 
0.9536442 
0.9548163 
0.9477709 
0.9550053 
0.9592761 
0.9541023 
0.9536443 
0.9564363 
0.9541807 
0.9577001 
0.9563349 
0.9613817 
0.9588808 
0.9530289 
0.9559566 
0.9516035 
0.9456267 
0.9506826 
0.9545864 
0.9473940 
0.9499559 
0.9575644 
0.9610386 
0.9719279 
0.9737692 
0.9716237 
0.9604777 
0.9599977 
0.9526603 
0.9537727 
0.9502860 
0.9522814 
0.9652613 
0.9770886 
0.9708600 
0.9630208 
0.9693817 
0.9665261 
0.9669046 
0.9773755 
0.9799618 
0.9778679 
0.9801467 
0.9870942 
0.9816810 
0.9747374 
0.9731730 
0.9801611 
0.9831128 
0.9827326 
0.9801770 
0.9824336 
0.9841689 
0.9894904 
0.9869055 
0.9864579 
0.9869161 
0.9905699 
0.9941217 
0.9915986 
0.9897929 
0.9939369 
0.9856607 
0.9863982 
0.9926207 
0.9961454 
0.9990328 
0.9932347 
0.9921148 
0.9878604 
0.9905078 
1.0000000 
0.9962419 
0.9957281 
0.9930446 
0.9883624 
0.9837002 
0.9851502 
0.9865426 
0.9893139 
0.9872565 
0.9839734 
0.9864761 
0.9877314 
0.9937153 
0.9986342 
0.9987114 
0.9927432 
0.9858644 
0.9823739 
0.9883153 
0.9947826 
0.9899258 
0.9810190 
0.9831095 
0.9731053 
0.9745286 
0.9794486 
0.9718663 
0.9617593 
0.9670979 
0.9606427 
0.9503744 
0.9611806 
0.9596416 
0.9515192 
0.9579179 
0.9563186 
0.9441584 
0.9495277 
0.9545502 
0.9485076 
0.9453412 
0.9583327 
0.9553910 
0.9513723 
0.9493880 
0.9458143 
0.9501341 
0.9531546 
0.9522110 
0.9488531 
0.9496703 
0.9545529 
0.9503884 
0.9445455 
0.9428588 
0.9451716 
0.9499989 
0.9486644 
0.9489837 
0.9448533 
0.9410903 
0.9413458 
0.9398404 
0.9420370 
0.9494329 
0.9453514 
0.9378756 
0.9417523 
0.9452506 
0.9466624 
0.9508716 
0.9507343 
0.9569953 
0.9515800 
0.9504271 
0.9559948 
0.9508864 
0.9550698 
0.9664716 
0.9609230 
0.9700440 
0.9795216 
0.9824459 
0.9769101 
0.9555982 
0.9380372 
0.9386418 
0.9446019 
0.9452806 
0.9630848 
0.9653389 
0.9566758 
0.9535437 
0.9585654 
0.9622455 
0.9538139 
0.9571367 
0.9558348 
0.9611540 
0.9546965 
0.9572042 
0.9648549 
0.9609033 
0.9580752 
0.9518959 
0.9548072 
0.9618907 
0.9605026 
0.9550784 
0.9605142 
0.9640753 
0.9562744 
0.9584979 
0.9556583 
0.9566100 
0.9542958 
0.9469750 
0.9447942 
0.9524438 
0.9527175 
0.9540162 
0.9467550 
0.9485463 
0.9474480 
0.9521788 
0.9533120 
0.9447228 
0.9465413 
0.9515758 
0.9559013 
0.9614572 
0.9620267 
0.9667757 
0.9742543 
0.9712155 
0.9696896 
0.9718899 
0.9745382 
0.9727943 
0.9712060 
0.9698036 
0.9741171 
0.9835464 
0.9890132 
0.9915796 
0.9937291 
0.9873512 
0.9844003 
0.9862582 
0.9904702 
0.9941365 
0.9878879 
0.9877115 
0.9947741 
0.9917810 
