-0.0000292 
0.0001896 
0.0001397 
0.3992731 
-0.0241249 
0.4658823 
0.9959562 
0.9914437 
0.9865844 
0.9929897 
0.9863044 
0.9879573 
1.0000000 
0.9954319 
0.9840045 
0.9864935 
0.9906753 
0.9808179 
0.9941707 
0.9842963 
0.9821713 
0.9740239 
0.9800694 
0.9726371 
0.9788472 
0.9737345 
0.9690860 
0.9852337 
0.9975060 
0.9810296 
0.9777313 
0.9887091 
0.9843919 
0.9815149 
0.9668274 
0.9760998 
0.9646220 
0.9900873 
0.9779813 
0.9618171 
0.9789322 
0.9866131 
0.9802891 
0.9659337 
0.9701844 
0.9678378 
0.9664663 
0.9732272 
0.9841192 
0.9689595 
0.9691607 
0.9690520 
0.9653088 
0.9753078 
0.9867070 
0.9740956 
0.9779945 
0.9815616 
0.9894809 
0.9861894 
0.9802185 
0.9813257 
0.9734626 
0.9746731 
0.9711507 
0.9695081 
0.9719510 
0.9702322 
0.9669117 
0.9537215 
0.9476465 
0.9527033 
0.9505003 
0.9501687 
0.9550829 
0.9579994 
0.9655311 
0.9688440 
0.9658130 
0.9488242 
0.9536963 
0.9605541 
0.9622001 
0.9605294 
0.9673163 
0.9656792 
0.9538449 
0.9510550 
0.9465891 
0.9451718 
0.9485087 
0.9617494 
0.9536637 
0.9432447 
0.9476227 
0.9520813 
0.9376182 
0.9295306 
0.9293706 
0.9296101 
0.9390082 
0.9469858 
0.9404283 
0.9312304 
0.9314863 
0.9291117 
0.9325140 
0.9298751 
0.9407547 
0.9480595 
0.9514819 
0.9554496 
0.9475605 
0.9310404 
0.9312492 
0.9345797 
0.9342219 
0.9325688 
0.9298521 
0.9274601 
0.9268044 
0.9279000 
0.9252406 
0.9215252 
0.9237581 
0.9251413 
0.9180177 
0.9142421 
0.9196182 
0.9140276 
0.9214258 
0.9211647 
0.9223473 
0.9231318 
0.9181178 
0.9088436 
0.9102989 
0.9040989 
0.9023334 
0.9119929 
0.8981401 
0.8863931 
0.8912946 
0.8857394 
0.8855400 
0.8894158 
0.8793885 
0.8747658 
0.8792223 
0.8818784 
0.8815626 
0.8969565 
0.9026057 
0.8777032 
0.8644280 
0.8730424 
0.8707273 
0.8848206 
0.8925300 
0.8858916 
0.8884656 
0.8982679 
0.9009542 
0.9054210 
0.9000091 
0.9116154 
0.9299049 
0.9414449 
0.9361652 
0.9386669 
0.9437091 
0.9325336 
0.9181653 
0.9188031 
0.9248991 
0.9361505 
0.9340266 
0.9315808 
0.9267530 
0.9292999 
0.9324157 
0.9500195 
0.9498478 
0.9408822 
0.9379333 
0.9476294 
0.9446484 
0.9460453 
0.9531778 
0.9585718 
0.9524525 
0.9567965 
0.9627573 
0.9373073 
0.9250425 
0.9548370 
0.9615082 
0.9277917 
0.9334525 
0.9765505 
0.9511307 
0.9299118 
0.9581069 
0.9686926 
0.9254663 
0.9081030 
0.9549143 
0.9551887 
0.9326318 
0.9444334 
0.9668167 
0.9571249 
0.9207852 
0.9097636 
0.9173921 
0.9120139 
0.9007812 
0.9004294 
0.9261905 
0.9367025 
0.9072419 
0.8869451 
0.8834272 
0.8664033 
0.8565216 
0.8712411 
0.8905597 
0.8995061 
0.8933599 
0.9012719 
0.8950591 
0.8826136 
0.8755876 
0.8788836 
0.8790264 
0.8820183 
0.8871062 
0.8880226 
0.8886808 
0.8912701 
0.8873103 
0.8828079 
0.8883641 
0.8892837 
0.8847838 
0.8873521 
0.8902640 
0.8890644 
0.8962748 
0.8881442 
0.8854166 
0.8854055 
0.8836281 
0.8901582 
0.8969603 
0.8900901 
0.8817448 
0.8768291 
0.8728886 
0.8661508 
0.8719316 
0.8701065 
0.8687474 
0.8680788 
0.8684978 
0.8742572 
0.8735152 
0.8685613 
0.8638218 
0.8641036 
0.8595768 
0.8490542 
0.8384018 
0.8386790 
0.8352104 
0.8400320 
0.8418742 
0.8432758 
0.8396919 
0.8424756 
0.8409002 
0.8388952 
0.8399040 
0.8502826 
0.8541987 
0.8528288 
0.8461429 
0.8404837 
0.8336991 
0.8296185 
0.8314583 
0.8344600 
0.8384603 
0.8409436 
0.8385319 
0.8428697 
0.8499870 
0.8426439 
0.8438628 
0.8467247 
0.8494062 
0.8489340 
0.8503934 
0.8444421 
0.8456442 
0.8435939 
0.8499107 
0.8526170 
0.8515121 
0.8541221 
0.8537244 
0.8495519 
0.8444651 
0.8454689 
0.8592393 
0.8567319 
0.8542627 
0.8557113 
0.8554793 
0.8542634 
0.8562643 
0.8631667 
0.8627931 
0.8474356 
0.8396317 
0.8609940 
0.8650648 
0.8493718 
0.8449398 
0.8552792 
0.8530132 
0.8475161 
0.8457784 
0.8536162 
0.8519346 
0.8355949 
0.8416054 
0.8453047 
0.8499748 
0.8498988 
0.8544817 
0.8511328 
0.8492496 
0.8452294 
0.8496533 
0.8466663 
0.8432942 
0.8386283 
0.8503101 
0.8489960 
0.8447928 
0.8477623 
0.8434930 
0.8354130 
0.8319169 
0.8308441 
0.8318364 
0.8398312 
0.8261052 
0.8255353 
0.8391545 
0.8385689 
0.8257594 
0.8311658 
0.8386098 
0.8419942 
0.8279818 
0.8145205 
0.8225714 
0.8220195 
0.8150584 
0.8115928 
0.8158315 
0.8112243 
0.8093706 
0.8000012 
0.7990245 
0.8097299 
0.8198162 
0.8112900 
0.7993021 
0.8083460 
0.8140636 
0.8115682 
0.8001498 
0.8059647 
0.8196898 
0.8138176 
0.7959016 
0.8060087 
0.8219061 
0.8201664 
0.8153785 
0.8128078 
0.8141109 
0.8189405 
0.8142425 
0.7955979 
0.7995391 
0.8019775 
0.8112210 
0.8141444 
0.8123828 
0.8168202 
0.8158676 
0.8150971 
0.8176041 
0.8190752 
0.8226053 
0.8248730 
0.8259283 
0.8180284 
0.8250010 
0.8303816 
0.8327050 
0.8261782 
0.8224460 
0.8183925 
0.8225795 
0.8246633 
0.8230211 
0.8321372 
0.8247684 
0.8191744 
0.8145422 
0.8215012 
0.8279443 
0.8240794 
0.8168647 
0.8147507 
0.8119236 
0.8183240 
0.8218435 
0.8110760 
0.8101589 
0.8060965 
0.8138870 
0.8043962 
0.8127160 
0.8121908 
0.8051742 
0.8058644 
0.8042193 
0.8008401 
0.7975323 
0.8001869 
0.7901532 
0.7882937 
0.7835255 
0.7853580 
0.7900336 
0.7943026 
0.7814158 
0.7830140 
0.7852171 
0.7900019 
0.7772641 
0.7841344 
0.7747307 
0.7799856 
0.7725359 
0.7693073 
0.7638009 
0.7654524 
0.7702889 
0.7570124 
0.7600378 
0.7635008 
0.7749284 
0.7695804 
0.7646177 
0.7568052 
0.7515502 
0.7612330 
0.7711381 
0.7738282 
0.7763289 
0.7754415 
0.7680601 
0.7830080 
0.7874619 
0.7945125 
0.7974442 
0.7841467 
0.7720975 
0.7769919 
0.7831654 
0.7908494 
0.7940351 
0.7908056 
0.7758453 
0.7782080 
0.7776786 
0.7743235 
0.7746179 
0.7857440 
0.7841674 
0.7823432 
0.7808186 
0.7713715 
0.7643663 
0.7796240 
0.7894760 
0.7813546 
0.7881629 
0.7923252 
0.7818529 
0.7726260 
0.7653994 
0.7687652 
0.7730322 
0.7759198 
0.7611154 
0.7529201 
0.7562950 
0.7516981 
0.7509349 
0.7557827 
0.7527274 
0.7524833 
0.7568363 
0.7572988 
0.7530705 
0.7617852 
0.7558506 
0.7538848 
0.7527324 
0.7513835 
0.7455079 
0.7458816 
0.7509760 
0.7497143 
0.7519546 
0.7565997 
0.7559188 
0.7392842 
0.7450849 
0.7533480 
0.7690042 
0.7623686 
0.7501140 
0.7539439 
0.7579157 
0.7503895 
0.7535503 
0.7569762 
0.7624448 
0.7692676 
0.7701097 
0.7674403 
0.7614363 
0.7538400 
0.7490167 
0.7519601 
0.7535656 
0.7578281 
0.7593152 
0.7693610 
0.7676783 
0.7674574 
0.7612432 
0.7469533 
0.7353352 
0.7397753 
0.7377976 
0.7296195 
0.7319018 
0.7415398 
0.7396438 
0.7400978 
0.7358935 
0.7393419 
0.7386576 
0.7387751 
0.7354639 
0.7268069 
0.7199004 
0.7199783 
0.7201820 
0.7300380 
0.7453669 
0.7431136 
0.7469555 
0.7442552 
0.7363753 
0.7229134 
0.7147573 
0.7214010 
0.7310314 
0.7313899 
0.7249251 
0.7190966 
0.7252707 
0.7225117 
0.7229116 
0.7284932 
0.7308334 
0.7195196 
0.7209527 
0.7184836 
0.7032886 
0.7119504 
0.7209884 
0.7097180 
0.7065855 
0.7109926 
0.7237558 
0.7214926 
0.7319909 
0.7242791 
0.7044536 
0.7045933 
0.7039301 
0.7078799 
0.6995994 
0.7119397 
0.7236805 
0.7134570 
0.7180374 
0.7216796 
0.7295094 
0.7363529 
0.7357838 
0.7340723 
0.7326189 
0.7391999 
0.7406226 
0.7335110 
0.7248498 
0.7194863 
0.7200504 
0.7214241 
0.7195606 
0.7274741 
0.7297324 
0.7308169 
0.7345097 
0.7366523 
0.7224762 
0.7239412 
0.7236065 
0.7128104 
0.7078736 
0.6991066 
0.6919821 
0.6962838 
0.6979276 
0.7027612 
0.7028835 
0.7039273 
0.6997977 
0.7018840 
0.7057602 
0.7061662 
0.7026431 
0.6929188 
0.6908256 
0.6890348 
0.6876734 
0.6831281 
0.6804141 
0.6692196 
0.6684533 
0.6759236 
0.6740417 
0.6649049 
0.6684037 
0.6640821 
0.6688702 
0.6687153 
0.6680049 
0.6698000 
0.6723829 
0.6743469 
0.6737187 
0.6748873 
0.6740964 
0.6758759 
0.6749900 
0.6701751 
0.6676958 
0.6725339 
0.6738740 
0.6757034 
0.6739501 
0.6745083 
0.6724251 
0.6802037 
0.6820928 
0.6799221 
0.6861124 
0.6915439 
0.7077488 
0.7039472 
0.6957272 
0.6893519 
0.7041090 
0.7116930 
0.7205391 
0.7220626 
0.7227152 
0.7218899 
0.7201450 
0.7184701 
0.7237102 
0.7237190 
0.7230224 
0.7213416 
0.7259997 
0.7258602 
0.7299356 
0.7205462 
0.7329439 
0.7299957 
0.7317093 
0.7245990 
0.7180298 
0.7141959 
0.7074340 
0.7070500 
0.7085261 
0.7102020 
0.7064281 
0.7047907 
0.7045951 
0.6970636 
0.6877733 
0.6816162 
0.6773193 
0.6793644 
0.6766344 
0.6590501 
0.6562112 
0.6500031 
0.6446336 
0.6425408 
0.6450036 
0.6448850 
0.6382125 
0.6319548 
0.6265188 
0.6269173 
0.6340358 
0.6325712 
0.6276292 
0.6281534 
0.6369646 
0.6326659 
0.6386018 
0.6469897 
0.6454674 
0.6489118 
0.6479091 
0.6441760 
0.6404437 
0.6436851 
0.6534473 
0.6450704 
0.6438584 
0.6480030 
0.6548602 
0.6642157 
0.6677780 
0.6705105 
0.6673221 
0.6622225 
0.6691727 
0.6854032 
0.6856070 
0.6802758 
0.6792071 
0.6696695 
0.6618968 
0.6621030 
0.6803993 
0.6720627 
0.6649637 
0.6648642 
0.6704082 
0.6708572 
0.6660586 
0.6684877 
0.6675840 
0.6516682 
0.6552295 
0.6642337 
0.6675197 
0.6599392 
0.6552004 
0.6587107 
0.6668251 
0.6698806 
0.6628394 
0.6682644 
0.6659396 
0.6558458 
0.6574847 
0.6612048 
0.6485254 
0.6458356 
0.6447513 
0.6370145 
0.6360780 
0.6398553 
0.6314649 
0.6248572 
0.6274505 
0.6247412 
0.6229485 
0.6353179 
0.6277818 
0.6186788 
0.6213488 
0.6130095 
0.6064859 
0.6119155 
0.6150313 
0.6156407 
0.6136991 
0.6095496 
0.6043873 
0.6088298 
0.6028868 
0.5986937 
0.6047405 
0.6058808 
0.6086055 
0.5970006 
0.5946479 
0.5952831 
0.6019684 
0.6034471 
0.5987163 
0.6014907 
0.5971658 
0.6027873 
0.6087005 
0.6201789 
0.6197324 
0.6358234 
0.6364648 
0.6434016 
0.6347373 
0.6393848 
0.6276245 
0.6369206 
0.6298155 
0.6234040 
0.6229349 
0.6207380 
0.6213290 
0.6134166 
0.6118330 
0.6163746 
0.6283002 
0.6259335 
0.6148681 
0.6185872 
0.6186196 
0.6269335 
0.6245654 
0.6138124 
0.6051108 
0.6126191 
0.6100934 
0.5976811 
0.5931696 
0.5879684 
0.5877074 
0.5974222 
0.5908816 
0.5894048 
0.5923218 
0.5988799 
0.5896915 
0.5832879 
0.5800568 
0.5847646 
0.5858868 
0.5771163 
0.5770094 
0.5801004 
0.5830047 
0.5886903 
0.5900881 
0.5863317 
0.5872628 
0.5921493 
0.5916136 
0.5863999 
0.5862062 
0.5862464 
0.5936610 
0.6013807 
0.6102595 
0.6069840 
0.6077752 
0.6050849 
0.5931418 
0.5913555 
0.5915523 
0.5936730 
0.5985953 
0.6033914 
0.6053742 
0.6051886 
0.5993803 
0.6011616 
0.5956220 
0.5987321 
0.6012802 
0.5982568 
0.5856273 
0.5828493 
0.5766607 
0.5689813 
0.5755748 
0.5826273 
0.5780911 
0.5815770 
0.5775359 
0.5717443 
0.5664291 
0.5611968 
0.5776342 
0.5946307 
0.6004930 
0.5961920 
0.5899179 
0.5811791 
0.5769304 
0.5794166 
0.5802102 
0.5859017 
0.5818331 
0.5793030 
0.5728718 
0.5575604 
0.5616476 
0.5703252 
0.5747180 
0.5766902 
0.5752184 
0.5749802 
0.5686314 
0.5667658 
0.5799734 
0.5861667 
0.5891633 
0.5864631 
0.5774445 
0.5654428 
0.5659538 
0.5780813 
0.5977010 
0.6077633 
0.6069709 
0.5979624 
0.5820494 
0.5782856 
0.5858463 
0.5982698 
0.6011778 
0.5935028 
0.5811093 
0.5769108 
0.5753981 
0.5750193 
0.5773041 
0.5858406 
0.5844388 
0.5775724 
0.5686313 
0.5623280 
0.5588340 
0.5606467 
0.5746793 
0.5856181 
0.5856788 
0.5794652 
0.5787582 
0.5780233 
0.5737296 
0.5818455 
0.5839162 
0.5746340 
0.5672298 
0.5599917 
0.5525271 
0.5473636 
0.5524265 
0.5556881 
0.5594570 
0.5510695 
0.5427477 
0.5394915 
0.5453750 
0.5564820 
0.5655678 
0.5593677 
0.5542909 
0.5423421 
0.5398438 
0.5456574 
0.5528225 
0.5529227 
0.5554755 
0.5648826 
0.5696288 
0.5651688 
0.5615361 
0.5751981 
0.5813153 
0.5663181 
0.5546527 
0.5498266 
0.5483456 
0.5441635 
0.5381957 
0.5406746 
0.5284628 
0.5258419 
0.5273373 
0.5358773 
0.5479161 
0.5595672 
0.5532039 
0.5525180 
0.5450317 
0.5447327 
0.5384447 
0.5405712 
0.5366685 
0.5394926 
0.5429562 
0.5531607 
0.5460518 
0.5353479 
0.5373991 
0.5345390 
0.5426740 
0.5517132 
0.5506249 
0.5565965 
0.5619723 
0.5576867 
0.5536606 
0.5506790 
0.5490848 
0.5480724 
0.5450192 
0.5405894 
0.5311799 
0.5327380 
0.5349463 
0.5425247 
0.5459044 
0.5534532 
0.5504572 
0.5391853 
0.5365227 
0.5454071 
0.5488285 
0.5507086 
0.5498864 
0.5468356 
0.5398941 
0.5398534 
0.5361289 
0.5376786 
0.5421251 
0.5371342 
0.5334821 
0.5289254 
0.5296787 
0.5300784 
0.5294324 
0.5295260 
0.5278734 
0.5311312 
0.5371225 
0.5450333 
0.5529368 
0.5496723 
0.5342641 
0.5261630 
0.5263422 
0.5311071 
0.5319027 
0.5391740 
0.5400014 
0.5340467 
0.5293106 
0.5214028 
0.5260134 
0.5301873 
0.5287711 
0.5284486 
0.5215675 
0.5161921 
0.5199649 
0.5202720 
0.5226812 
0.5295868 
0.5295645 
0.5324191 
0.5283386 
0.5258803 
0.5240009 
0.5185273 
0.5218335 
0.5167034 
0.5199848 
0.5170572 
0.5161809 
0.5094584 
0.4968830 
0.4982125 
0.5011945 
0.5074424 
0.5168775 
0.5162529 
0.5107778 
0.5118423 
0.5132715 
0.5129963 
0.5102712 
0.5167365 
0.5141169 
0.5146812 
0.5096260 
0.5079425 
0.5132565 
0.5127972 
0.5135286 
0.5148026 
0.5091370 
0.5088507 
0.5175947 
0.5281181 
0.5310317 
0.5249036 
0.5199236 
0.5168542 
0.5069031 
0.5046215 
0.5175572 
0.5150178 
0.5109120 
0.5133921 
0.5125473 
0.5103561 
0.5126052 
0.5165357 
0.5108243 
0.5083466 
0.5098163 
0.5021340 
0.5053400 
0.5134109 
0.5025576 
0.4964485 
0.4923563 
0.4830102 
0.4870602 
0.4874598 
0.4849291 
0.4897885 
0.4758221 
0.4687936 
0.4689834 
0.4756314 
0.4768247 
0.4773038 
0.4749528 
0.4653181 
0.4606696 
0.4610699 
0.4659354 
0.4727088 
0.4764226 
0.4768130 
0.4743322 
0.4737056 
0.4795197 
0.4770414 
0.4818026 
0.4785091 
0.4810152 
0.4871899 
0.4915931 
0.4958587 
0.4888165 
0.4858174 
0.4889957 
0.4911484 
0.4922522 
0.4855513 
0.4944971 
0.5034923 
0.5091954 
0.5086821 
0.5133302 
0.5073377 
0.5007553 
0.4917507 
0.4850305 
0.4819764 
0.4891174 
0.4904340 
0.4861077 
0.4820806 
0.4831070 
0.4767541 
0.4699851 
0.4699334 
0.4712199 
0.4728394 
0.4731287 
0.4665955 
0.4647689 
0.4623965 
0.4586670 
0.4557295 
0.4551766 
0.4590123 
0.4651467 
0.4694989 
0.4641315 
0.4575619 
0.4584335 
0.4624627 
0.4582183 
0.4491895 
0.4500769 
0.4469319 
0.4539446 
0.4680368 
0.4632140 
0.4571753 
0.4614248 
0.4654143 
0.4684790 
0.4662022 
0.4644400 
0.4672097 
0.4690505 
0.4676143 
0.4712949 
0.4661624 
0.4605823 
0.4601660 
0.4531939 
0.4514422 
0.4595003 
0.4669040 
0.4705440 
0.4614626 
0.4575582 
0.4782079 
0.4741464 
0.4761920 
0.4699316 
0.4629553 
0.4674927 
0.4644735 
0.4683940 
0.4704182 
0.4665686 
0.4608009 
0.4587088 
0.4593004 
0.4596849 
0.4618968 
0.4609967 
0.4550123 
0.4487501 
0.4467385 
0.4344397 
0.4298841 
0.4261175 
0.4311586 
0.4375443 
0.4375892 
0.4344915 
0.4259111 
0.4248660 
0.4197011 
0.4162099 
0.4172974 
0.4184039 
0.4216640 
0.4171696 
0.4202102 
0.4216177 
0.4212812 
0.4198114 
0.4178729 
0.4107184 
0.4208852 
0.4280012 
0.4321220 
0.4320237 
0.4271243 
0.4222940 
0.4191047 
0.4293356 
0.4410573 
0.4473558 
0.4298225 
0.4227150 
0.4207783 
0.4243721 
0.4339713 
0.4401735 
0.4390006 
0.4357085 
0.4331501 
0.4375621 
0.4398050 
0.4417290 
0.4398460 
0.4378572 
0.4339853 
0.4305284 
0.4341603 
0.4408044 
0.4343191 
0.4339684 
0.4336489 
0.4328851 
0.4327730 
0.4220323 
0.4148856 
0.4148340 
0.4194467 
0.4168627 
0.4206560 
0.4144065 
0.4111783 
0.4082243 
0.4132414 
0.4149921 
0.4167474 
0.4122770 
0.4061356 
0.4047565 
0.4026842 
0.4064051 
0.4030160 
0.4024487 
0.4199560 
0.4286456 
0.4261685 
0.4179427 
0.4108860 
0.4047085 
0.4093597 
0.4170034 
0.4313370 
0.4397523 
0.4385522 
0.4341215 
0.4151877 
0.4048904 
0.4000224 
0.4128821 
0.4276710 
0.4271190 
0.4213777 
0.4176530 
0.4157807 
0.4170617 
0.4168083 
0.4195006 
0.4313313 
0.4443546 
0.4382915 
0.4271827 
0.4176250 
0.4184464 
0.4091973 
0.4020686 
0.3903090 
0.3898594 
0.4015725 
0.4127470 
0.4201483 
0.4166832 
0.4040371 
0.4045496 
0.3936654 
0.3864651 
0.3843222 
0.3901390 
0.4047427 
0.4057376 
0.4053477 
0.4088546 
0.4013366 
0.3997618 
0.3946321 
0.3828798 
0.3985087 
0.4096953 
0.4188489 
0.4254335 
0.4251511 
0.4108774 
0.4127243 
0.4078498 
0.3975004 
0.3929674 
0.3899218 
0.3965960 
0.4052781 
0.4149530 
0.4123962 
0.4116235 
0.4043331 
0.4015649 
0.3979389 
0.3918249 
0.3853526 
0.3899838 
0.3957196 
0.3930925 
0.3935276 
0.3924072 
0.3925665 
0.3989490 
0.3894372 
0.3907725 
0.3816927 
0.3824613 
0.3800854 
0.3756498 
0.3746737 
0.3726299 
0.3706310 
0.3711785 
0.3712514 
0.3662192 
0.3631332 
0.3577960 
0.3604756 
0.3677517 
0.3668436 
0.3613858 
0.3600633 
0.3611231 
0.3660670 
0.3746260 
0.3742614 
0.3692467 
0.3581051 
0.3557693 
0.3564383 
0.3567481 
0.3572971 
0.3634062 
0.3679519 
0.3677450 
0.3645696 
0.3651307 
0.3655233 
0.3646600 
0.3715131 
0.3723143 
0.3723806 
0.3777177 
0.3786138 
0.3793506 
0.3762906 
0.3748576 
0.3693607 
0.3722134 
0.3722720 
0.3661503 
0.3656543 
0.3728061 
0.3736918 
0.3731432 
0.3694025 
0.3658127 
0.3693008 
0.3665398 
0.3620909 
0.3606781 
0.3629470 
0.3579497 
0.3576443 
0.3557178 
0.3543219 
0.3526106 
0.3516147 
0.3507525 
0.3571909 
0.3484207 
0.3471545 
0.3425595 
0.3431549 
0.3416435 
0.3447958 
0.3482341 
0.3560579 
0.3536289 
0.3521948 
0.3503989 
0.3567987 
0.3578009 
0.3556994 
0.3598303 
0.3653810 
0.3597837 
0.3568779 
0.3571764 
0.3598209 
0.3627303 
0.3585047 
0.3572831 
0.3591754 
0.3612552 
0.3655227 
0.3651338 
0.3663772 
0.3680602 
0.3702564 
0.3680273 
0.3593071 
0.3486439 
0.3455692 
0.3468409 
0.3449177 
0.3457807 
0.3444489 
0.3443133 
0.3446815 
0.3431668 
0.3491580 
0.3512326 
0.3518620 
0.3524626 
0.3558031 
0.3526725 
0.3520971 
0.3552582 
0.3507658 
0.3484118 
0.3441864 
0.3367188 
0.3240347 
0.3305758 
0.3374638 
0.3396731 
0.3364996 
0.3385833 
0.3367901 
0.3319573 
0.3384917 
0.3498546 
0.3585952 
0.3649923 
0.3639405 
0.3532806 
0.3413043 
0.3466103 
0.3575365 
0.3544705 
0.3582524 
0.3565644 
0.3400172 
0.3327128 
0.3388873 
0.3492559 
0.3484507 
0.3472339 
0.3520999 
0.3465005 
0.3386207 
0.3365535 
0.3446384 
0.3406087 
0.3303627 
0.3275402 
0.3333566 
0.3328993 
0.3247274 
0.3273810 
0.3375350 
0.3326392 
0.3350659 
0.3311315 
0.3136151 
0.3094511 
0.3149177 
0.3141705 
0.3242687 
0.3295533 
0.3208857 
0.3159594 
0.3154853 
0.3145961 
0.3148052 
0.3181783 
0.3120467 
0.3161380 
0.3166563 
0.3123629 
0.3122970 
0.3171360 
0.3210680 
0.3185824 
0.3205305 
0.3193734 
0.3212871 
0.3312472 
0.3311120 
0.3314134 
0.3315844 
0.3286214 
0.3291704 
0.3309613 
0.3325481 
0.3255592 
0.3254018 
0.3246579 
0.3309478 
0.3348849 
0.3354202 
0.3362245 
0.3287957 
0.3305442 
0.3260820 
0.3251120 
0.3263355 
0.3259429 
0.3236147 
0.3174336 
0.3221761 
0.3162244 
0.3124938 
0.3144206 
0.3162181 
0.3136755 
0.3152652 
0.3140957 
0.3126989 
0.3114272 
0.3100673 
0.3103316 
0.3092797 
0.3089463 
0.3027836 
0.2982977 
0.2956418 
0.2956775 
0.3031690 
0.3099717 
0.3107025 
0.3097892 
0.3149748 
0.3143405 
0.3089378 
0.3037183 
0.3055763 
0.3092009 
0.3039852 
0.3025633 
0.3059472 
0.3052300 
0.3100172 
0.3075990 
0.3117120 
0.3071394 
0.3004332 
0.3029852 
0.3060183 
0.3112517 
0.3174556 
0.3116958 
0.3035969 
0.3032855 
0.3082986 
0.3054891 
0.3056210 
0.3083920 
0.3092019 
0.3122533 
0.3080661 
0.3073237 
0.2968009 
0.2926340 
0.2954661 
0.2955642 
0.2958927 
0.3030274 
0.3078451 
0.2956453 
0.2919381 
0.2960610 
0.3000511 
0.2971503 
0.2968409 
0.2956495 
0.2930793 
0.2898000 
0.2963953 
0.3024303 
0.2990068 
0.3004874 
0.3017271 
0.2955532 
0.2943569 
0.2916123 
0.2897597 
0.2905060 
0.2889806 
0.2880198 
0.2825787 
0.2836356 
0.2918386 
0.2951821 
0.2975685 
0.3028487 
0.2986930 
0.3011465 
0.2968557 
0.2983119 
0.3046610 
0.3028110 
0.3079357 
0.3110244 
0.3059193 
0.2945952 
0.2919422 
0.2815202 
0.2830802 
0.2902794 
0.2924676 
0.2918229 
0.2866654 
0.2852868 
0.2872564 
0.2937660 
0.2914280 
0.2886417 
0.2956658 
0.2853250 
0.2859440 
0.2880201 
0.2781963 
0.2833600 
0.2828513 
0.2789172 
0.2748442 
0.2754343 
0.2784043 
0.2792857 
0.2834432 
0.2775218 
0.2716686 
0.2751927 
0.2730518 
0.2779584 
0.2727467 
0.2702799 
0.2709506 
0.2704483 
0.2762904 
0.2732810 
0.2774129 
0.2819599 
0.2876274 
0.2866504 
0.2802162 
0.2781747 
0.2744507 
0.2776214 
0.2804230 
0.2785732 
0.2794694 
0.2758455 
0.2756457 
0.2720326 
0.2755484 
0.2775706 
0.2824455 
0.2834565 
0.2781111 
0.2755641 
0.2699529 
0.2664867 
0.2735738 
0.2681735 
0.2644916 
0.2602656 
0.2617551 
0.2621585 
0.2648461 
0.2693911 
0.2716950 
0.2708844 
0.2709496 
0.2666086 
0.2620049 
0.2681844 
0.2683882 
0.2675765 
0.2696942 
0.2628364 
0.2592943 
0.2578373 
0.2596710 
0.2614006 
0.2621581 
0.2633468 
0.2634094 
0.2643131 
0.2704406 
0.2661402 
0.2646936 
0.2656064 
0.2627222 
0.2597629 
0.2555428 
0.2521868 
0.2542658 
0.2488652 
0.2468838 
0.2491414 
0.2551182 
0.2592471 
0.2588263 
0.2543387 
0.2567536 
0.2563528 
0.2494803 
0.2510080 
0.2523598 
0.2519002 
0.2476414 
0.2448646 
0.2381304 
0.2369259 
0.2421472 
0.2401878 
0.2372847 
0.2409039 
0.2415766 
0.2427888 
0.2451675 
0.2411169 
0.2380058 
0.2376281 
0.2381421 
0.2395997 
0.2433816 
0.2409427 
0.2426211 
0.2472310 
0.2460895 
0.2475433 
0.2449748 
0.2376137 
0.2369080 
0.2354322 
0.2353030 
0.2395538 
0.2447961 
0.2488027 
0.2493368 
0.2443079 
0.2396083 
0.2403729 
0.2437445 
0.2478234 
0.2485680 
0.2455357 
0.2444865 
0.2451462 
0.2456943 
0.2444194 
0.2474673 
0.2453817 
0.2444947 
0.2454535 
0.2473530 
0.2509578 
0.2505017 
0.2480453 
0.2529842 
0.2600669 
0.2603610 
0.2538350 
0.2432455 
0.2376670 
0.2407421 
0.2421140 
0.2425367 
0.2389237 
0.2413945 
0.2438380 
0.2438356 
0.2398835 
0.2350186 
0.2332334 
0.2395037 
0.2404502 
0.2425790 
0.2498984 
0.2471596 
0.2381484 
0.2275082 
0.2281708 
0.2302581 
0.2334729 
0.2340901 
0.2292784 
0.2258701 
0.2210096 
0.2155700 
0.2074438 
0.2112476 
0.2216203 
0.2263034 
0.2371123 
0.2443870 
0.2461906 
0.2433079 
0.2379897 
0.2401641 
0.2370863 
0.2367007 
0.2413290 
0.2378100 
0.2277583 
0.2216641 
0.2162325 
0.2152635 
0.2196010 
0.2317252 
0.2409374 
0.2468082 
0.2476750 
0.2477783 
0.2401579 
0.2333231 
0.2258417 
0.2248452 
0.2250788 
0.2217439 
0.2120219 
0.2125936 
0.2109725 
0.2088856 
0.2146334 
0.2260740 
0.2342064 
0.2314364 
0.2316929 
0.2217810 
0.2168619 
0.2105118 
0.2086909 
0.2106250 
0.2155568 
0.2154633 
0.2075311 
0.2018978 
0.1921682 
0.1887740 
0.1984567 
0.2109200 
0.2173825 
0.2204198 
0.2247137 
0.2270542 
0.2332596 
0.2336428 
0.2280392 
0.2166044 
0.2127812 
0.2056876 
0.2081775 
0.2191163 
0.2263633 
0.2229847 
0.2256015 
0.2222567 
0.2194479 
0.2224066 
0.2134925 
0.2054419 
0.2015957 
0.2005371 
0.2061026 
0.2185590 
0.2293228 
0.2160779 
0.2019749 
0.2048906 
0.2103713 
0.2277554 
0.2467980 
0.2382139 
0.2200128 
0.1972338 
0.1893662 
0.1900883 
0.1950495 
0.1951951 
0.1895549 
0.1942797 
0.1958053 
0.1842056 
0.1711442 
0.1565247 
0.1716375 
0.2013949 
0.2248841 
0.2310380 
0.2155026 
0.1981575 
0.1944406 
0.2107015 
0.2224752 
0.2170072 
0.1988071 
0.1804726 
0.1648035 
0.1725559 
0.1824605 
0.1825381 
0.1978979 
0.2103807 
0.2173089 
0.2129747 
0.1902334 
0.1603154 
0.1564693 
0.1790361 
0.2058031 
0.2175048 
0.2009967 
0.1774114 
0.1764696 
0.1967385 
0.2341218 
0.2648091 
0.2438871 
0.2059643 
0.1865163 
0.1905864 
0.2141917 
0.2231896 
0.1846668 
0.1615328 
0.1511880 
0.1740569 
0.2088882 
0.2251400 
0.2012916 
0.1884777 
0.1904956 
0.2016204 
0.2191990 
0.2015511 
0.1665381 
0.1443759 
0.1543502 
0.1701801 
0.1883461 
0.1880533 
0.1737335 
0.1658500 
0.1744653 
0.1920594 
0.1950529 
0.1957173 
0.1816248 
0.1738987 
0.1695066 
0.1746157 
0.1980114 
0.2005163 
0.1796806 
0.1589746 
0.1638467 
0.1751097 
0.1880561 
0.1950157 
0.1836174 
0.1652166 
0.1573348 
0.1634514 
0.1810437 
0.1899778 
0.1921979 
0.1777824 
0.1570295 
0.1490034 
0.1612207 
0.1757417 
0.1751469 
0.1630948 
0.1459335 
0.1398201 
0.1537252 
0.1686372 
0.1782899 
0.1739663 
0.1643751 
0.1512450 
0.1541382 
0.1618943 
0.1705507 
0.1725013 
0.1696700 
0.1617974 
0.1575909 
0.1627381 
0.1704972 
0.1744570 
0.1768449 
0.1781279 
0.1758572 
0.1711130 
0.1676034 
0.1723915 
0.1757911 
0.1787072 
0.1683342 
0.1592795 
0.1585689 
0.1633619 
0.1664275 
0.1700450 
0.1690237 
0.1608174 
0.1423316 
0.1406454 
0.1510115 
0.1603437 
0.1622122 
0.1602306 
0.1626275 
0.1630323 
0.1574261 
0.1612465 
0.1636304 
0.1609466 
0.1576173 
0.1589580 
0.1645651 
0.1712401 
0.1674469 
0.1613571 
0.1596574 
0.1545199 
0.1596054 
0.1680907 
0.1717240 
0.1627813 
0.1589629 
0.1571594 
0.1522600 
0.1537694 
0.1572251 
0.1649585 
0.1646069 
0.1617960 
0.1556048 
0.1602910 
0.1588242 
0.1605850 
0.1576643 
0.1523541 
0.1472557 
0.1419359 
0.1406947 
0.1428675 
0.1427650 
0.1469204 
0.1494128 
0.1436955 
0.1402446 
0.1371098 
0.1379081 
0.1450550 
0.1514421 
0.1543734 
0.1535740 
0.1532406 
0.1494834 
0.1518205 
0.1523761 
0.1487078 
0.1515204 
0.1498783 
0.1487831 
0.1468971 
0.1429367 
0.1467908 
0.1511445 
0.1498852 
0.1430696 
0.1424977 
0.1423609 
0.1401491 
0.1375502 
0.1388305 
0.1398398 
0.1404959 
0.1419005 
0.1450906 
0.1483251 
0.1447004 
0.1347703 
0.1328252 
0.1356489 
0.1335941 
0.1330187 
0.1350626 
0.1412806 
0.1464427 
0.1392307 
0.1362538 
0.1433152 
0.1461811 
0.1509513 
0.1505494 
0.1485792 
0.1419674 
0.1370645 
0.1374515 
0.1406903 
0.1417875 
0.1426093 
0.1369936 
0.1329351 
0.1314790 
0.1288813 
0.1353843 
0.1384843 
0.1393829 
0.1379777 
0.1340312 
0.1299152 
0.1314612 
0.1322602 
0.1235810 
0.1204944 
0.1164108 
0.1176474 
0.1251401 
0.1387779 
0.1445735 
0.1488251 
0.1463165 
0.1440523 
0.1447209 
0.1437921 
0.1468402 
0.1432662 
0.1379609 
0.1349404 
0.1297167 
0.1237783 
0.1264245 
0.1266566 
0.1332891 
0.1370585 
0.1316246 
0.1337559 
0.1325835 
0.1254485 
0.1268458 
0.1284328 
0.1253333 
0.1233355 
0.1271659 
0.1294035 
0.1312818 
0.1212283 
0.1178851 
0.1178312 
0.1178737 
0.1235473 
0.1259216 
0.1252277 
0.1246976 
0.1222366 
0.1235645 
0.1239677 
0.1243055 
0.1254817 
0.1256593 
0.1271883 
0.1278941 
0.1259280 
0.1207934 
0.1136391 
0.1118250 
0.1128396 
0.1100616 
0.1133445 
0.1125357 
0.1095020 
0.1077496 
0.1150102 
0.1170559 
0.1177183 
0.1183771 
0.1220318 
0.1234479 
0.1184403 
0.1163234 
0.1147194 
0.1125109 
0.1164765 
0.1139482 
0.1133227 
0.1125144 
0.1100797 
0.1044727 
0.1075327 
0.1072538 
0.1125461 
0.1140513 
0.1181948 
0.1200503 
0.1184106 
0.1172329 
0.1141361 
0.1089190 
0.1054342 
0.1036759 
0.1015495 
0.0977456 
0.0987676 
0.0977502 
0.0949006 
0.0992407 
0.1029862 
0.1062727 
0.1099967 
0.1082544 
0.1035337 
0.1030861 
0.1042666 
0.1031897 
0.1053160 
0.1082151 
0.1126179 
0.1108127 
0.1043216 
0.1030874 
0.1027041 
0.0999141 
0.1019942 
0.1047799 
0.1083948 
0.1129103 
0.1140101 
0.1089255 
0.1041269 
0.1034104 
0.1062132 
0.1077137 
0.1102198 
0.1069961 
0.1077562 
0.1065520 
0.1144194 
0.1151886 
0.1167775 
0.1162596 
0.1148635 
0.1116306 
0.1087302 
0.1077089 
0.1077286 
0.1052664 
0.1038503 
0.1057259 
0.1126496 
0.1100142 
0.1046135 
0.1099531 
0.1109448 
0.1091222 
0.1059753 
0.0981300 
0.0971482 
0.0976631 
0.0982260 
0.0995063 
0.0980688 
0.0945792 
0.0945128 
0.0938276 
0.0949853 
0.0945024 
0.0913937 
0.0895836 
0.0855471 
0.0897634 
0.0923244 
0.0960782 
0.1001146 
0.1018062 
0.1028368 
0.1028050 
0.0987507 
0.0956064 
0.0952780 
0.0898985 
0.0966934 
0.1015926 
0.1011541 
0.0972414 
0.0942038 
0.0908060 
0.0845542 
0.0869960 
0.0927169 
0.0929375 
0.0941326 
0.0968978 
0.0950278 
0.0925622 
0.0870117 
0.0850628 
0.0783279 
0.0719989 
0.0773937 
0.0785157 
0.0778438 
0.0790492 
0.0802011 
0.0785741 
0.0764781 
0.0804628 
0.0800165 
0.0753237 
0.0742548 
0.0730621 
0.0746858 
0.0753542 
0.0776078 
0.0784446 
0.0780981 
0.0759104 
0.0771846 
0.0767711 
0.0861731 
0.0956359 
0.0999096 
0.0947239 
0.0962769 
0.0933622 
0.0908256 
0.0857404 
0.0825841 
0.0860486 
0.0866768 
0.0882033 
0.0939276 
0.0955055 
0.0960616 
0.0944534 
0.0919391 
0.0858172 
0.0799797 
0.0769657 
0.0758117 
0.0784372 
0.0778187 
0.0756355 
0.0781942 
0.0740925 
0.0757709 
0.0786264 
0.0804057 
0.0791815 
0.0793181 
0.0838702 
0.0862231 
0.0814721 
0.0754712 
0.0708393 
0.0652463 
0.0654559 
0.0666865 
0.0715280 
0.0738474 
0.0748391 
0.0814707 
0.0831224 
0.0851457 
0.0803619 
0.0829058 
0.0877094 
0.0903789 
0.0916092 
0.0806147 
0.0816942 
0.0868967 
0.0882900 
0.0860062 
0.0820680 
0.0750289 
0.0735884 
0.0726352 
0.0713348 
0.0715560 
0.0700653 
0.0703325 
0.0681394 
0.0694658 
0.0649150 
0.0623132 
0.0616531 
0.0639400 
0.0675613 
0.0657609 
0.0640333 
0.0608528 
0.0666298 
0.0689755 
0.0674330 
0.0683022 
0.0654502 
0.0645555 
0.0628341 
0.0608323 
0.0654118 
0.0668775 
0.0699876 
0.0701959 
0.0713239 
0.0737454 
0.0719898 
0.0702952 
0.0740509 
0.0736220 
0.0741633 
0.0781119 
0.0749909 
0.0704145 
0.0713668 
0.0718920 
0.0747906 
0.0759167 
0.0758941 
0.0693644 
0.0665510 
0.0611610 
0.0573437 
0.0539452 
0.0533580 
0.0557844 
0.0619190 
0.0556160 
0.0527751 
0.0556532 
0.0530182 
0.0531494 
0.0526725 
0.0521729 
0.0500383 
0.0536371 
0.0507891 
0.0478653 
0.0458771 
0.0487479 
0.0435566 
0.0399110 
0.0449081 
0.0440446 
0.0452893 
0.0431965 
0.0462357 
0.0444288 
0.0382947 
0.0440445 
0.0402124 
0.0361133 
0.0368179 
0.0426134 
0.0373830 
0.0356221 
0.0430940 
0.0381030 
0.0377681 
0.0458253 
0.0497714 
0.0466561 
0.0434191 
0.0478736 
0.0433834 
0.0365241 
0.0450256 
0.0442640 
0.0359573 
0.0396319 
0.0412503 
0.0393218 
0.0320889 
0.0343486 
0.0386632 
0.0317731 
0.0322718 
0.0346959 
0.0315590 
0.0277755 
0.0317547 
0.0333783 
0.0355204 
0.0360893 
0.0352096 
0.0421438 
0.0415435 
0.0395660 
0.0343490 
0.0349620 
0.0354539 
0.0404618 
0.0407107 
0.0349194 
0.0360885 
0.0359563 
0.0364443 
0.0351073 
0.0320081 
0.0338775 
0.0308394 
0.0316526 
0.0315619 
0.0312323 
0.0312969 
0.0354160 
0.0333198 
0.0351333 
0.0346476 
0.0388005 
0.0391329 
0.0394966 
0.0367175 
0.0259169 
0.0263071 
0.0321760 
0.0314020 
0.0292888 
0.0264129 
0.0257631 
0.0295545 
0.0316546 
0.0374344 
0.0349184 
0.0330203 
0.0278058 
0.0306289 
0.0347134 
0.0368857 
0.0321009 
0.0229340 
0.0154866 
0.0230506 
0.0218422 
0.0219818 
0.0218513 
0.0211710 
0.0245994 
0.0269584 
0.0278288 
0.0302902 
0.0286168 
0.0242196 
0.0202223 
0.0221624 
0.0210244 
0.0160809 
0.0184883 
0.0218206 
0.0299316 
0.0356526 
0.0377534 
0.0318674 
0.0285376 
0.0271732 
0.0285825 
0.0278674 
0.0247333 
0.0215838 
0.0168935 
0.0235236 
0.0283952 
0.0299739 
0.0219096 
0.0171246 
0.0173525 
0.0280162 
0.0316061 
0.0302241 
0.0148380 
0.0065998 
0.0117804 
0.0160728 
0.0193164 
0.0116995 
0.0033963 
0.0118069 
0.0254012 
0.0283819 
0.0195483 
0.0110468 
0.0076966 
0.0142870 
0.0191592 
0.0186914 
0.0102506 
0.0074301 
0.0102661 
0.0111563 
0.0119041 
0.0093335 
0.0083700 
0.0127155 
0.0165232 
0.0136606 
0.0051281 
0.0012604 
0.0000000 
0.0022148 
