0.0001870 
-0.0000894 
-0.0000089 
0.0575998 
0.1603248 
0.2627672 
0.2164403 
0.2222533 
0.2112753 
0.2206631 
0.2451006 
0.2532805 
0.2442913 
0.2488685 
0.2607131 
0.2617760 
0.2551230 
0.2534767 
0.2312291 
0.2182357 
0.2140200 
0.1920284 
0.1979922 
0.2088669 
0.2139156 
0.1949028 
0.1709703 
0.1379421 
0.1419565 
0.1542983 
0.1544764 
0.1515285 
0.1560962 
0.1534701 
0.1495601 
0.1600116 
0.1802094 
0.2017837 
0.2017422 
0.1910761 
0.1926624 
0.1828343 
0.1733079 
0.1821231 
0.1701556 
0.1719909 
0.1689342 
0.1785968 
0.1741971 
0.1738226 
0.1869998 
0.1772080 
0.1920277 
0.1942234 
0.2055102 
0.2219388 
0.2211218 
0.2207871 
0.2413189 
0.2216291 
0.1964943 
0.1742142 
0.1808050 
0.1708033 
0.1638406 
0.1428766 
0.1279684 
0.1365295 
0.1294624 
0.1129771 
0.1147081 
0.1251450 
0.1686757 
0.1667509 
0.1493235 
0.1376906 
0.1108228 
0.0945269 
0.1033778 
0.0986692 
0.0978826 
0.1161452 
0.1379655 
0.1364339 
0.1423760 
0.1436604 
0.1348869 
0.1227403 
0.1169748 
0.1168429 
0.1040763 
0.0789002 
0.0754659 
0.0536877 
0.0547152 
0.0398949 
0.0109857 
0.0300035 
0.0501192 
0.0572337 
0.0853553 
0.0849687 
0.1007362 
0.1044501 
0.1036786 
0.0975340 
0.0944675 
0.1036366 
0.1104701 
0.0956820 
0.0853843 
0.0815038 
0.0679606 
0.0782006 
0.0806423 
0.1083115 
0.1292467 
0.1366617 
0.1249727 
0.1280914 
0.1481225 
0.1689084 
0.1747115 
0.1595893 
0.1526593 
0.1356943 
0.1136791 
0.1216304 
0.1764240 
0.1814321 
0.1723951 
0.1660286 
0.1502145 
0.1530435 
0.1646439 
0.1838832 
0.2133803 
0.2157850 
0.2032618 
0.1892670 
0.1799427 
0.1896909 
0.1892719 
0.1973160 
0.2090804 
0.1815343 
0.1718179 
0.1637539 
0.1694112 
0.1824151 
0.1740459 
0.1749786 
0.1449086 
0.1312864 
0.1305393 
0.1556682 
0.1637099 
0.1637829 
0.1641437 
0.1593420 
0.1413810 
0.1200561 
0.1064988 
0.1102535 
0.1450172 
0.1398708 
0.0930594 
0.0581489 
0.0526631 
0.0630997 
0.0723915 
0.0766573 
0.0813094 
0.0720497 
0.0782854 
0.0673770 
0.0518566 
0.0561333 
0.0723474 
0.0493886 
0.0097139 
0.0052607 
0.0000000 
0.0095687 
0.0338464 
0.0505188 
0.0572496 
0.0524545 
0.0662351 
0.0675696 
0.0837556 
0.0922150 
0.0892295 
0.0893762 
0.0945510 
0.0704628 
0.0690665 
0.0602430 
0.0662427 
0.0663218 
0.0550802 
0.0522787 
0.0460406 
0.0650979 
0.0798537 
0.0896486 
0.1109970 
0.1469915 
0.1563753 
0.1718799 
0.1787615 
0.1873127 
0.1952393 
0.1924889 
0.1884878 
0.1724353 
0.1277102 
0.1113918 
0.0869638 
0.0665528 
0.0723397 
0.0749483 
0.1071062 
0.1182649 
0.1119487 
0.1303219 
0.1320539 
0.1409630 
0.1481471 
0.1642300 
0.1656351 
0.1699063 
0.1652619 
0.1457560 
0.1585424 
0.1451040 
0.1563753 
0.1723230 
0.1700700 
0.1666214 
0.1551873 
0.1322052 
0.1211727 
0.1043081 
0.0916027 
0.0669809 
0.0418349 
0.0288450 
0.0488451 
0.0512871 
0.0479167 
0.0633642 
0.0708189 
0.0585375 
0.0491978 
0.0349522 
0.0453211 
0.0704617 
0.0812306 
0.0890686 
0.0788953 
0.0671315 
0.0564446 
0.0508946 
0.0532295 
0.0496964 
0.0201875 
0.0305951 
0.0288496 
0.0302906 
0.0323565 
0.0390747 
0.0284168 
0.0228790 
0.0368328 
0.0602972 
0.0773309 
0.0903180 
0.0979602 
0.1084996 
0.0961728 
0.0990488 
0.0966364 
0.0918276 
0.0980601 
0.0968842 
0.0897260 
0.1031837 
0.1073836 
0.1252231 
0.1327418 
0.1187347 
0.1193012 
0.1405605 
0.1784967 
0.1924118 
0.1700052 
0.1284778 
0.1136794 
0.1066664 
0.1143928 
0.1358682 
0.1310411 
0.1347310 
0.1565610 
0.1659094 
0.1547280 
0.1370804 
0.1292646 
0.1449235 
0.1443911 
0.1632903 
0.1591883 
0.1597858 
0.1566172 
0.1612765 
0.1439337 
0.1610672 
0.1554711 
0.1489745 
0.1361518 
0.1400033 
0.1453888 
0.1365741 
0.1143238 
0.1142636 
0.1138330 
0.1158536 
0.1132266 
0.0914585 
0.0974584 
0.1185318 
0.0976137 
0.0931984 
0.1067826 
0.1250757 
0.1298902 
0.1153965 
0.1128008 
0.1024928 
0.1104987 
0.1084542 
0.0996039 
0.0972116 
0.1066238 
0.1119445 
0.0947246 
0.1162815 
0.1190450 
0.1163507 
0.1003581 
0.0880798 
0.0889578 
0.0929186 
0.0739182 
0.0839724 
0.1092774 
0.1112653 
0.1137498 
0.1305522 
0.1364319 
0.1600561 
0.1785013 
0.1575567 
0.1537257 
0.1344635 
0.1166417 
0.1202921 
0.1154209 
0.1192303 
0.1168526 
0.1149681 
0.1129319 
0.1458078 
0.1568032 
0.1477012 
0.1299397 
0.1287642 
0.1312265 
0.1246774 
0.1256605 
0.1350198 
0.1454889 
0.1309683 
0.1289497 
0.1358490 
0.1431027 
0.1254987 
0.1123473 
0.1145548 
0.1244153 
0.1177393 
0.1286535 
0.1336989 
0.1515885 
0.1836769 
0.1920950 
0.1829928 
0.1663249 
0.1547985 
0.1309253 
0.1193363 
0.0995925 
0.0902848 
0.0871218 
0.1095538 
0.1214136 
0.1237152 
0.1470038 
0.1475321 
0.1365389 
0.1316860 
0.1243662 
0.1022582 
0.0916768 
0.0885643 
0.0598677 
0.0566049 
0.0574787 
0.0693837 
0.0976085 
0.1145275 
0.1350301 
0.1408061 
0.1531977 
0.1514793 
0.1587300 
0.1757566 
0.1704872 
0.1634200 
0.1586866 
0.1646135 
0.1722585 
0.1672325 
0.1696382 
0.1761210 
0.1725456 
0.1782914 
0.1826726 
0.1602938 
0.1446351 
0.1556858 
0.1606802 
0.1684401 
0.1814942 
0.1785287 
0.1793973 
0.2015515 
0.2124328 
0.2235176 
0.2100451 
0.2224365 
0.2233412 
0.2164371 
0.1934497 
0.1724096 
0.1733081 
0.1841383 
0.1834012 
0.1748876 
0.1772376 
0.1556104 
0.1677578 
0.1854635 
0.1804430 
0.1997895 
0.2105804 
0.2046627 
0.1946102 
0.1894969 
0.1819939 
0.1989833 
0.1954529 
0.1979743 
0.2041435 
0.2008146 
0.1984805 
0.2144444 
0.2195732 
0.2027978 
0.1805628 
0.1809773 
0.1684793 
0.1712662 
0.1676387 
0.1664497 
0.1803164 
0.2135695 
0.2283416 
0.2251170 
0.2482762 
0.2448903 
0.2577229 
0.2537024 
0.2421112 
0.2340787 
0.2128268 
0.1948258 
0.1819689 
0.1735335 
0.1619268 
0.1444855 
0.1436455 
0.1469303 
0.1744036 
0.1813364 
0.1915095 
0.2041224 
0.1974775 
0.1845022 
0.1765095 
0.1441053 
0.1509395 
0.1404872 
0.1324942 
0.1349655 
0.1754903 
0.1840935 
0.1973850 
0.2211193 
0.2349919 
0.2340527 
0.2383449 
0.2239553 
0.1989361 
0.2016358 
0.1966509 
0.1857798 
0.1669782 
0.1627480 
0.1642601 
0.1904862 
0.2292695 
0.2351278 
0.2465699 
0.2785935 
0.3013452 
0.3130252 
0.3082276 
0.2811516 
0.2520282 
0.2462112 
0.2270998 
0.2116538 
0.1986211 
0.1907939 
0.1864472 
0.1867913 
0.1786681 
0.1759748 
0.1727043 
0.1849102 
0.1893442 
0.1946819 
0.2081524 
0.2158912 
0.2125258 
0.2163084 
0.2040307 
0.2040444 
0.2149048 
0.1972068 
0.1854849 
0.1941793 
0.1882208 
0.2008898 
0.2011148 
0.2023522 
0.1958085 
0.2528065 
0.2557616 
0.2368744 
0.2517806 
0.2644676 
0.2675188 
0.2584964 
0.2574271 
0.2622763 
0.2503102 
0.2161088 
0.1662506 
0.1363398 
0.1099342 
0.0781075 
0.0692982 
0.0767262 
0.1297631 
0.1760991 
0.2118243 
0.2423570 
0.2656597 
0.2390152 
0.2355100 
0.2330858 
0.2402964 
0.2387586 
0.2280350 
0.1989090 
0.1734865 
0.1306255 
0.1080265 
0.0896910 
0.0968380 
0.1154977 
0.1613683 
0.2141821 
0.2596141 
0.2886352 
0.3002549 
0.2815935 
0.2645826 
0.2605663 
0.2511152 
0.2542395 
0.2458829 
0.2321802 
0.1917567 
0.1343065 
0.0824765 
0.0668676 
0.0714684 
0.0804035 
0.0853112 
0.1290505 
0.1997122 
0.2526237 
0.2722865 
0.2610381 
0.2567561 
0.2575810 
0.2497252 
0.2216008 
0.2074551 
0.1895913 
0.1436788 
0.1131942 
0.0972342 
0.0931026 
0.1171425 
0.1619051 
0.2131850 
0.2534058 
0.2988235 
0.2805853 
0.2656458 
0.2698127 
0.2601576 
0.2460477 
0.2261352 
0.1971033 
0.1520173 
0.1171106 
0.0896276 
0.0704237 
0.0628384 
0.0529459 
0.0486956 
0.0721481 
0.0945210 
0.1273421 
0.1658855 
0.1855612 
0.1922622 
0.1969081 
0.1986711 
0.2082982 
0.2087116 
0.1868711 
0.1762752 
0.1661808 
0.1586175 
0.1529573 
0.1648683 
0.1664491 
0.1638023 
0.1745845 
0.1761312 
0.1775092 
0.1871940 
0.1998581 
0.1929171 
0.2014796 
0.2052602 
0.1600508 
0.1326956 
0.1398896 
0.1404916 
0.1141836 
0.0959222 
0.0896955 
0.0803090 
0.0780199 
0.0819411 
0.1067768 
0.1466611 
0.1914675 
0.2302365 
0.2529333 
0.2655593 
0.2552272 
0.2433791 
0.2046020 
0.1908568 
0.1536310 
0.1314993 
0.1259079 
0.1257683 
0.1462146 
0.1558321 
0.1604372 
0.1791488 
0.1671070 
0.1651513 
0.1626770 
0.1694840 
0.1942177 
0.1951529 
0.2262577 
0.2306224 
0.2422008 
0.2351172 
0.1875710 
0.1603195 
0.1242244 
0.0846960 
0.0397294 
0.0200523 
0.0052474 
0.0148896 
0.0405950 
0.0681852 
0.1253902 
0.1862387 
0.2118060 
0.2160886 
0.1936296 
0.1927473 
0.1672273 
0.1481711 
0.1458829 
0.1374184 
0.1313049 
0.1369291 
0.1392816 
0.1472444 
0.1608028 
0.1647998 
0.1779310 
0.1613788 
0.1390303 
0.1341623 
0.1421961 
0.1245280 
0.1530551 
0.1744176 
0.2064105 
0.2277947 
0.2565258 
0.3055542 
0.3292443 
0.3170908 
0.2772247 
0.2228604 
0.2042410 
0.1850163 
0.1698779 
0.1500376 
0.1563718 
0.1744068 
0.2030979 
0.2409165 
0.2490888 
0.2447757 
0.2476154 
0.2382333 
0.2160996 
0.2104479 
0.2230614 
0.2228369 
0.2205487 
0.2226159 
0.2298184 
0.2767244 
0.2947783 
0.3017257 
0.3107837 
0.3170186 
0.3115834 
0.3306336 
0.3307091 
0.3064822 
0.3128315 
0.3202708 
0.3529421 
0.3683925 
0.3919003 
0.3749458 
0.3774217 
0.3660911 
0.3531429 
0.3590629 
0.3061432 
0.2961683 
0.2924473 
0.3016778 
0.3043549 
0.3381027 
0.3632887 
0.3742207 
0.3759904 
0.3853623 
0.3679309 
0.3518125 
0.3446132 
0.3462858 
0.3552789 
0.3677212 
0.3817970 
0.3817367 
0.3923831 
0.3911710 
0.3852868 
0.3859695 
0.3791643 
0.3699064 
0.3668522 
0.3518263 
0.3460209 
0.3545211 
0.3493064 
0.3457180 
0.3578229 
0.3435125 
0.3409102 
0.3367831 
0.3406424 
0.3476646 
0.3457292 
0.3279579 
0.3269786 
0.3053432 
0.3018144 
0.3115209 
0.3296715 
0.3306867 
0.3447073 
0.3169663 
0.3578200 
0.3854693 
0.3965858 
0.3878796 
0.3820078 
0.3819402 
0.3823701 
0.3768095 
0.3873502 
0.3881908 
0.3880570 
0.4043441 
0.4090214 
0.4030350 
0.4107204 
0.4048073 
0.3897324 
0.3865247 
0.4051974 
0.3962630 
0.3811476 
0.3737622 
0.3611144 
0.3478589 
0.3488352 
0.3458389 
0.3525202 
0.3652137 
0.3658645 
0.3735871 
0.3575146 
0.3312338 
0.3568039 
0.3589762 
0.3647993 
0.3376399 
0.3327640 
0.3565442 
0.3712237 
0.3749126 
0.3786298 
0.4181983 
0.4141689 
0.4228128 
0.4368085 
0.4458138 
0.4462355 
0.4482639 
0.4551376 
0.4550130 
0.4498159 
0.4619807 
0.4628551 
0.4424840 
0.4538488 
0.4447752 
0.4478547 
0.4517559 
0.4411450 
0.4400215 
0.4377213 
0.4572112 
0.4529582 
0.4324820 
0.4198900 
0.4281026 
0.4209423 
0.4087749 
0.3755496 
0.3763941 
0.3653799 
0.3413531 
0.3424648 
0.3431540 
0.3544794 
0.3550659 
0.3504725 
0.3614253 
0.3797065 
0.3916646 
0.4062899 
0.4296242 
0.4310990 
0.4421387 
0.4203463 
0.4049247 
0.4195253 
0.3988695 
0.3771205 
0.3699131 
0.3902916 
0.4046421 
0.4343683 
0.4517150 
0.4966505 
0.5103280 
0.5153068 
0.5315219 
0.5396125 
0.5590069 
0.5707930 
0.5744405 
0.5695753 
0.5738704 
0.5623217 
0.5654632 
0.5491419 
0.5301983 
0.5201299 
0.4921879 
0.4677942 
0.4470024 
0.4258121 
0.4185077 
0.4055351 
0.3848988 
0.3616851 
0.3261141 
0.3286860 
0.3038855 
0.3036039 
0.3019082 
0.3034468 
0.3336127 
0.3501552 
0.3501840 
0.3498132 
0.3647554 
0.3619476 
0.3602474 
0.3729052 
0.3695764 
0.3731897 
0.3723464 
0.3966129 
0.3937198 
0.3862129 
0.3761176 
0.3948587 
0.4102024 
0.4320785 
0.4393883 
0.4438970 
0.4462470 
0.4677016 
0.4841055 
0.4883055 
0.5017238 
0.5305991 
0.5800399 
0.6103795 
0.6317796 
0.6417173 
0.6575916 
0.6494683 
0.6468222 
0.6353011 
0.6126133 
0.5822338 
0.5519505 
0.5205368 
0.4947484 
0.4737260 
0.4564564 
0.4474092 
0.4277050 
0.4259822 
0.4386873 
0.4447910 
0.4639835 
0.4589645 
0.4441784 
0.4370981 
0.4148330 
0.4028234 
0.3763777 
0.3500883 
0.3297759 
0.3307774 
0.3339356 
0.3328115 
0.3378392 
0.3392470 
0.3520746 
0.3522904 
0.3597320 
0.3778087 
0.3875012 
0.3965725 
0.4176535 
0.4252861 
0.4364132 
0.4481543 
0.4702126 
0.4947460 
0.5177371 
0.5357229 
0.5692410 
0.6044364 
0.6487563 
0.6688841 
0.6909535 
0.6749945 
0.6645746 
0.6473572 
0.6433346 
0.6265766 
0.6237251 
0.6274247 
0.6106420 
0.6057522 
0.5929861 
0.5803406 
0.5690290 
0.5512562 
0.5404019 
0.5353165 
0.5154261 
0.5003046 
0.4964920 
0.4976992 
0.4932937 
0.5025631 
0.5079436 
0.5201562 
0.5247880 
0.5270802 
0.5147774 
0.5149026 
0.5180584 
0.5151954 
0.5295705 
0.5472551 
0.5280113 
0.4809906 
0.4559435 
0.4638596 
0.4731613 
0.4740094 
0.4890839 
0.5022754 
0.4839131 
0.4756152 
0.4649175 
0.4646192 
0.4692045 
0.4686472 
0.4797038 
0.4904825 
0.5037438 
0.4995011 
0.5190483 
0.5274527 
0.5337558 
0.5434001 
0.5474348 
0.5529173 
0.5470971 
0.5628335 
0.5828313 
0.5885756 
0.5890753 
0.5724209 
0.5873859 
0.6061997 
0.6150206 
0.6159397 
0.6027340 
0.5851973 
0.5686248 
0.5488160 
0.5310219 
0.5196403 
0.5129551 
0.5354650 
0.5547747 
0.5591353 
0.5739300 
0.5905438 
0.5896040 
0.5892099 
0.5926563 
0.5876899 
0.5699776 
0.5609653 
0.5527249 
0.5543602 
0.5666049 
0.5939678 
0.6183759 
0.6240617 
0.6380448 
0.6319962 
0.6227070 
0.6169547 
0.5945825 
0.5864993 
0.5365241 
0.5168445 
0.5149706 
0.5203208 
0.5206148 
0.5151843 
0.5309057 
0.5313781 
0.5486240 
0.5434887 
0.5202452 
0.5101473 
0.4969833 
0.4968935 
0.5112872 
0.5144942 
0.5093853 
0.5011707 
0.5264971 
0.5564641 
0.5771580 
0.5945148 
0.6057870 
0.5893551 
0.5833961 
0.5615272 
0.5404813 
0.5140700 
0.4757332 
0.4582914 
0.4425447 
0.4429051 
0.4541433 
0.4720197 
0.5113052 
0.5214867 
0.5532289 
0.5587286 
0.5658594 
0.5875396 
0.5970616 
0.5882738 
0.5705439 
0.5746709 
0.5701656 
0.5720353 
0.5619129 
0.5537311 
0.5383332 
0.5218373 
0.5205175 
0.5430236 
0.5469120 
0.5553486 
0.6171051 
0.6371875 
0.6522551 
0.6433231 
0.6330455 
0.6223806 
0.5829795 
0.5561000 
0.5401507 
0.5306668 
0.5086922 
0.4981249 
0.5036053 
0.5158006 
0.5421539 
0.5702737 
0.6008841 
0.6185556 
0.6240609 
0.6241929 
0.6221118 
0.6126235 
0.5850032 
0.5718316 
0.5504550 
0.5332263 
0.5180972 
0.4939772 
0.4737179 
0.4754526 
0.4919061 
0.5132073 
0.5390764 
0.5844167 
0.6140670 
0.6407168 
0.6730056 
0.6831256 
0.6701509 
0.6510317 
0.6365397 
0.6147508 
0.5836936 
0.5558063 
0.5153715 
0.4901022 
0.4478426 
0.4143893 
0.3869019 
0.3812492 
0.3989420 
0.4184119 
0.4800997 
0.5142054 
0.5591224 
0.5888798 
0.6121778 
0.6363241 
0.6454862 
0.6609582 
0.6635106 
0.6356766 
0.6419816 
0.6124270 
0.5558197 
0.4921219 
0.4486253 
0.4108502 
0.3876321 
0.3897920 
0.4281113 
0.4359547 
0.4837172 
0.5342812 
0.5759127 
0.5971992 
0.6064311 
0.6113950 
0.5956442 
0.5982067 
0.5845145 
0.5599900 
0.5440744 
0.5204684 
0.4997537 
0.4711206 
0.4486602 
0.4435449 
0.4705972 
0.4971241 
0.5314064 
0.5646427 
0.6206763 
0.6830552 
0.7149406 
0.7384909 
0.7431707 
0.7500332 
0.7347499 
0.7388044 
0.7116707 
0.6852495 
0.6601073 
0.6055136 
0.5675191 
0.5541978 
0.5218699 
0.5062509 
0.4761632 
0.4730927 
0.5067051 
0.5069364 
0.5201316 
0.5497021 
0.5786274 
0.6183106 
0.6458242 
0.6554851 
0.6614643 
0.6716794 
0.6861349 
0.6739969 
0.6588891 
0.6390661 
0.6111240 
0.5908370 
0.5619025 
0.5305103 
0.5405492 
0.5448992 
0.5512176 
0.5819428 
0.6037642 
0.6195937 
0.6485434 
0.6679310 
0.7160760 
0.7249743 
0.7217811 
0.7240848 
0.6985608 
0.6824416 
0.6664149 
0.6505641 
0.6291651 
0.6334345 
0.6124862 
0.5892052 
0.5919435 
0.5922475 
0.6173030 
0.6153612 
0.5960644 
0.6029472 
0.6141073 
0.6432794 
0.6621392 
0.6757190 
0.6673703 
0.6705759 
0.6717769 
0.6548927 
0.6371732 
0.6181055 
0.6134706 
0.6185378 
0.6113577 
0.6307812 
0.6383910 
0.6569215 
0.6553211 
0.6538485 
0.6575469 
0.6579251 
0.6619339 
0.6638419 
0.6701997 
0.6627606 
0.6790258 
0.6834422 
0.6802624 
0.6644286 
0.6543434 
0.6554041 
0.6575107 
0.6624772 
0.6604424 
0.6698710 
0.6564774 
0.6636089 
0.6662616 
0.6555686 
0.6640033 
0.6605688 
0.6486605 
0.6302290 
0.6139732 
0.6110008 
0.6110751 
0.6188024 
0.6138017 
0.6308371 
0.6465956 
0.6495006 
0.6642046 
0.6990308 
0.7360347 
0.7855887 
0.8094261 
0.8152370 
0.8111523 
0.7773961 
0.7476637 
0.7353784 
0.7240475 
0.7239159 
0.7101941 
0.7220106 
0.7248075 
0.7363109 
0.7271081 
0.7264017 
0.7253734 
0.7162722 
0.7076358 
0.6976982 
0.6921044 
0.6673369 
0.6539945 
0.6697589 
0.6832505 
0.6996335 
0.7123017 
0.7185549 
0.7180968 
0.7324330 
0.7361595 
0.7287893 
0.7381856 
0.7361448 
0.7165365 
0.6758509 
0.6874188 
0.6921239 
0.6636295 
0.6575620 
0.6401062 
0.6241260 
0.6250083 
0.6190006 
0.6168975 
0.6163462 
0.6235507 
0.6360723 
0.6778164 
0.6725871 
0.6708078 
0.6894058 
0.6863663 
0.6836561 
0.7001662 
0.7098180 
0.7070634 
0.6734253 
0.6687179 
0.6612969 
0.6539190 
0.6415535 
0.6285677 
0.6446564 
0.6476292 
0.6539092 
0.6666952 
0.6574768 
0.6667818 
0.6703703 
0.6821581 
0.6561137 
0.6578750 
0.6407973 
0.6332700 
0.6379741 
0.6616357 
0.6581423 
0.6701652 
0.6899884 
0.7022699 
0.7073254 
0.6611714 
0.6499543 
0.6444120 
0.6220918 
0.6066665 
0.6154416 
0.6130581 
0.6039990 
0.5927650 
0.5956649 
0.6040804 
0.6229746 
0.6498147 
0.6719138 
0.6524251 
0.6540060 
0.6597954 
0.6677440 
0.6756863 
0.6737090 
0.6800996 
0.6755729 
0.6729220 
0.6555831 
0.6520643 
0.6501438 
0.6311530 
0.6134781 
0.6273616 
0.6242127 
0.6232203 
0.6325699 
0.6460673 
0.6600917 
0.6614112 
0.6769876 
0.6925219 
0.7070816 
0.7114243 
0.7117511 
0.7022159 
0.7086821 
0.7037033 
0.7147648 
0.7359298 
0.7467479 
0.7499765 
0.7317402 
0.7373203 
0.7466932 
0.7436935 
0.7212862 
0.7196929 
0.6982620 
0.6833184 
0.6760083 
0.6660170 
0.6622598 
0.6531254 
0.6735005 
0.6796558 
0.6751806 
0.6659789 
0.6574699 
0.6777161 
0.6546150 
0.6725916 
0.6773855 
0.6944682 
0.7031687 
0.7020085 
0.7231775 
0.7306249 
0.7457776 
0.7489474 
0.7343091 
0.7243217 
0.7032643 
0.6853882 
0.6711296 
0.6829649 
0.6697118 
0.6557501 
0.6447320 
0.6673403 
0.6688308 
0.6723995 
0.6873280 
0.7063241 
0.7177233 
0.7168777 
0.6929734 
0.6785538 
0.6854243 
0.6986495 
0.7021419 
0.7080521 
0.7041339 
0.6889483 
0.6913953 
0.7120847 
0.7235070 
0.7227492 
0.7089359 
0.7263501 
0.7196068 
0.7013293 
0.6840201 
0.6782327 
0.6691680 
0.6734558 
0.6795415 
0.6823376 
0.6770061 
0.6838100 
0.7005643 
0.7080442 
0.7041205 
0.6934704 
0.6741714 
0.6615102 
0.6693161 
0.6526007 
0.6645715 
0.6781559 
0.6931438 
0.7079641 
0.7180715 
0.7067368 
0.7211243 
0.7486897 
0.7368370 
0.7348060 
0.7115682 
0.7174242 
0.7044690 
0.6877641 
0.6711506 
0.6455742 
0.6455719 
0.6530984 
0.6514072 
0.6583122 
0.7478925 
0.7661357 
0.7771661 
0.7799084 
0.7657186 
0.7428864 
0.7180530 
0.7127058 
0.6990046 
0.6866126 
0.7012680 
0.7049777 
0.7135959 
0.7158772 
0.7176672 
0.7133185 
0.7127770 
0.7141311 
0.7182831 
0.7278014 
0.7295415 
0.7370196 
0.7563479 
0.7533528 
0.7319043 
0.7093763 
0.7073592 
0.7087780 
0.7346909 
0.7409281 
0.7363014 
0.7340029 
0.7365473 
0.7318912 
0.7323938 
0.7206909 
0.7247608 
0.7268511 
0.7227196 
0.7334461 
0.7630998 
0.7882406 
0.7768367 
0.7637816 
0.7831941 
0.7715174 
0.7786458 
0.7837476 
0.7912641 
0.8072610 
0.7969607 
0.7644941 
0.7473655 
0.7341572 
0.7374460 
0.7478980 
0.7511847 
0.7472822 
0.7609262 
0.7578204 
0.7555541 
0.7663786 
0.7702189 
0.7665263 
0.7605224 
0.7710179 
0.7571183 
0.7447688 
0.7384316 
0.7350812 
0.7222155 
0.7288437 
0.7134980 
0.7047346 
0.7085498 
0.6935993 
0.7179048 
0.7375504 
0.7566697 
0.7417858 
0.7383443 
0.7273081 
0.7046926 
0.6883749 
0.6730786 
0.6858421 
0.6826064 
0.6885598 
0.6887231 
0.7161558 
0.7371306 
0.7474877 
0.7836822 
0.7901889 
0.8160949 
0.8314263 
0.8220970 
0.8288320 
0.8240091 
0.8165858 
0.8158809 
0.7884626 
0.7907517 
0.7741753 
0.7745346 
0.7706652 
0.7304697 
0.6973955 
0.6777510 
0.6920722 
0.7233707 
0.7448458 
0.7597861 
0.7570824 
0.7685080 
0.7696830 
0.7813341 
0.7552269 
0.7138820 
0.6704585 
0.6504655 
0.6412820 
0.6784908 
0.6918753 
0.7084683 
0.7150319 
0.7244958 
0.7218901 
0.7453950 
0.7666227 
0.7763480 
0.7944373 
0.7923690 
0.8050253 
0.8030605 
0.8032493 
0.7940634 
0.7706136 
0.7593050 
0.7463353 
0.7430753 
0.7429998 
0.7475403 
0.7415590 
0.7405704 
0.7450659 
0.7562925 
0.7654708 
0.7962433 
0.8070696 
0.8313350 
0.8224089 
0.8231834 
0.8173476 
0.8084197 
0.7792171 
0.7673374 
0.7394399 
0.7241339 
0.6910816 
0.6470687 
0.6077405 
0.5975312 
0.6057184 
0.6436758 
0.6773947 
0.7084870 
0.7539239 
0.7922980 
0.8165891 
0.8284163 
0.8323916 
0.8088164 
0.7648574 
0.7328611 
0.6998307 
0.6810623 
0.6881146 
0.6795248 
0.6572047 
0.6829774 
0.7161171 
0.7430394 
0.7809091 
0.8331591 
0.8577138 
0.9156799 
0.9548256 
0.9841494 
0.9544573 
0.9148265 
0.8560278 
0.7844334 
0.7463832 
0.6902817 
0.6661963 
0.6513284 
0.6345831 
0.6444739 
0.6638278 
0.6907897 
0.7336946 
0.7963373 
0.8520674 
0.8953333 
0.9368137 
0.9535936 
0.9387767 
0.8947839 
0.8412485 
0.7907597 
0.7520172 
0.7092370 
0.6600877 
0.6408512 
0.6386200 
0.6409058 
0.6698386 
0.7031194 
0.7635319 
0.8286533 
0.8758173 
0.9304970 
0.9351256 
0.9443725 
0.9559210 
0.9546983 
0.9121600 
0.8594438 
0.8039554 
0.7453116 
0.6973312 
0.6781952 
0.6544099 
0.6272211 
0.6364683 
0.6597889 
0.6952744 
0.7425677 
0.7964786 
0.8228598 
0.8334391 
0.8212450 
0.8128248 
0.7988924 
0.7838113 
0.7647274 
0.7443785 
0.7278550 
0.7175755 
0.7200338 
0.7053731 
0.7019663 
0.7072957 
0.7138455 
0.7280317 
0.7500437 
0.7889694 
0.8195215 
0.8466679 
0.8628641 
0.8720540 
0.8434799 
0.8224678 
0.7936004 
0.7626002 
0.7502041 
0.7308397 
0.7363923 
0.7343750 
0.7432216 
0.7493770 
0.7745724 
0.7949359 
0.8044217 
0.8158094 
0.8129780 
0.7845078 
0.7884583 
0.7876682 
0.7900253 
0.8058863 
0.8104727 
0.8134479 
0.8075045 
0.8036490 
0.7741784 
0.7880941 
0.7855664 
0.7872661 
0.8137098 
0.8215330 
0.8422796 
0.8257218 
0.8176577 
0.8220047 
0.8173403 
0.8112047 
0.7939970 
0.7736292 
0.7509812 
0.7413718 
0.7510460 
0.7465298 
0.7558733 
0.7710341 
0.7818769 
0.7723385 
0.7541118 
0.7472630 
0.7189135 
0.7252036 
0.7552358 
0.7963932 
0.8379571 
0.8574238 
0.8732081 
0.8765976 
0.8867437 
0.8917747 
0.8807140 
0.8714701 
0.8666484 
0.8708227 
0.8715613 
0.8575489 
0.8448677 
0.8529489 
0.8558103 
0.8455574 
0.8347965 
0.8470602 
0.8064560 
0.7792526 
0.7509943 
0.7437051 
0.7345334 
0.7252566 
0.7382070 
0.7519456 
0.7740781 
0.7849245 
0.7820648 
0.7864936 
0.8129080 
0.8317816 
0.8569538 
0.8757009 
0.8784132 
0.8785256 
0.8670537 
0.8665265 
0.8600075 
0.8659194 
0.8515214 
0.8354096 
0.8234033 
0.7959279 
0.7646250 
0.7404578 
0.7406516 
0.7421630 
0.7249738 
0.7285296 
0.7466576 
0.7712931 
0.7745119 
0.7726744 
0.7589603 
0.7686579 
0.7561392 
0.7592434 
0.7869590 
0.7948965 
0.8066860 
0.8141350 
0.8239677 
0.8219656 
0.8344312 
0.8493061 
0.8634302 
0.8616144 
0.8477600 
0.8589983 
0.8644510 
0.8436913 
0.8286821 
0.8278427 
0.8332844 
0.8361870 
0.8458919 
0.8509428 
0.8588956 
0.8245729 
0.7880732 
0.7692505 
0.7774946 
0.7450261 
0.7139252 
0.7178872 
0.7035760 
0.6870055 
0.6673945 
0.6683756 
0.6557744 
0.6755915 
0.6878745 
0.7195684 
0.7337285 
0.7759677 
0.8096872 
0.8351575 
0.8426917 
0.8637876 
0.8783883 
0.8795960 
0.8722820 
0.8466111 
0.8050222 
0.8017134 
0.8103002 
0.8082844 
0.7992274 
0.7934138 
0.8027056 
0.7902408 
0.7620188 
0.7311883 
0.7178957 
0.7208800 
0.7237454 
0.7249566 
0.7178032 
0.7129127 
0.7071503 
0.7111829 
0.6980691 
0.7072493 
0.7359117 
0.7590923 
0.7971659 
0.8028500 
0.8081872 
0.8140112 
0.8029273 
0.8063316 
0.8127146 
0.8132320 
0.8346394 
0.8143725 
0.8060435 
0.7883309 
0.7825158 
0.7706717 
0.7526552 
0.7826357 
0.7883137 
0.7856355 
0.7822842 
0.7661041 
0.7444439 
0.7429543 
0.7290414 
0.7283302 
0.7267348 
0.7546771 
0.7548588 
0.7721357 
0.7853638 
0.8007428 
0.7998745 
0.8010163 
0.7707798 
0.7567620 
0.7592912 
0.7520343 
0.7574593 
0.7562068 
0.7554301 
0.7544831 
0.7717025 
0.7742702 
0.7530291 
0.7327628 
0.7164189 
0.7134920 
0.7099871 
0.7100616 
0.7140154 
0.7092289 
0.7034868 
0.6951486 
0.6978064 
0.7115348 
0.7138302 
0.7037758 
0.6837733 
0.6803640 
0.6796570 
0.6845403 
0.6931480 
0.6811659 
0.6640516 
0.6289512 
0.6090240 
0.6099007 
0.6352917 
0.6737739 
0.6866271 
0.6958830 
0.6877397 
0.6502708 
0.6613968 
0.6725176 
0.6802765 
0.6809807 
0.6784485 
0.6657379 
0.6567935 
0.6553483 
0.6545702 
0.6784913 
0.6870598 
0.6763036 
0.7026323 
0.7151691 
0.7249631 
0.7116998 
0.7153288 
0.7114536 
0.7127583 
0.7184210 
0.7008637 
0.7024451 
0.6880432 
0.6986094 
0.6937514 
0.7211433 
0.7366878 
0.7254871 
0.7428813 
0.7356460 
0.7414861 
0.7262072 
0.7272263 
0.7414173 
0.7621045 
0.7570279 
0.7710767 
0.7711092 
0.7831235 
0.7792016 
0.7758182 
0.7640355 
0.7468785 
0.7279015 
0.7133844 
0.7057934 
0.7009200 
0.6974664 
0.7017426 
0.7038570 
0.6957992 
0.7054185 
0.7048403 
0.7158659 
0.7178035 
0.7292266 
0.7365571 
0.7443510 
0.7500049 
0.7417694 
0.7381515 
0.7269847 
0.7412549 
0.7514189 
0.7643322 
0.7646718 
0.7690835 
0.7778280 
0.7616697 
0.7527803 
0.7661374 
0.7729924 
0.7729776 
0.7591380 
0.7567789 
0.7542360 
0.7737604 
0.7892844 
0.7967602 
0.7976769 
0.8114973 
0.8284386 
0.8135350 
0.8033311 
0.8139153 
0.8188439 
0.8218417 
0.8176713 
0.7985608 
0.7948932 
0.7787403 
0.7711583 
0.7543530 
0.7168014 
0.6974080 
0.6883376 
0.6777314 
0.6910118 
0.6925272 
0.6834745 
0.6714322 
0.6687138 
0.6724044 
0.6853090 
0.6830332 
0.6982954 
0.7261326 
0.7370538 
0.7440557 
0.7487239 
0.7467203 
0.7495250 
0.7467698 
0.7128167 
0.7183780 
0.7423870 
0.7444562 
0.7410088 
0.7384496 
0.7517038 
0.7606799 
0.7470807 
0.7540049 
0.7570364 
0.7587440 
0.7712768 
0.7869312 
0.8030239 
0.8247464 
0.8560459 
0.8844636 
0.8879583 
0.8958011 
0.9107073 
0.8721175 
0.8170890 
0.7966949 
0.7888707 
0.7684350 
0.7617591 
0.7583110 
0.7676315 
0.7873706 
0.7946181 
0.7987746 
0.8136555 
0.8065556 
0.8214049 
0.8279265 
0.8329926 
0.8391620 
0.8425406 
0.8489718 
0.8713287 
0.8669626 
0.8625033 
0.8616344 
0.8575314 
0.8407523 
0.8316982 
0.8260106 
0.8165109 
0.8007968 
0.7983750 
0.7814602 
0.8117942 
0.7982808 
0.7938339 
0.7902007 
0.7775666 
0.7909867 
0.7854981 
0.7952869 
0.8207841 
0.8232245 
0.8364144 
0.8352730 
0.8447181 
0.8422321 
0.8384745 
0.8274296 
0.8132568 
0.7921747 
0.7832384 
0.7698393 
0.7430732 
0.7419861 
0.7356036 
0.7163274 
0.7051899 
0.7145889 
0.7223332 
0.7379693 
0.7374775 
0.7469619 
0.7487723 
0.7587700 
0.7592124 
0.7750529 
0.7837283 
0.7993332 
0.8084221 
0.8178009 
0.8548168 
0.8380590 
0.8318813 
0.8379058 
0.8123720 
0.8057266 
0.8053220 
0.8174988 
0.8421840 
0.8509681 
0.8568172 
0.8657001 
0.8703808 
0.8882454 
0.8912855 
0.8879019 
0.8920922 
0.8892894 
0.8785912 
0.8841365 
0.8734071 
0.8624342 
0.8584525 
0.8513722 
0.8584538 
0.8411490 
0.8401860 
0.8630256 
0.8751692 
0.8830894 
0.8787727 
0.8575834 
0.8742356 
0.8995078 
0.9046940 
0.8877130 
0.8536569 
0.8197632 
0.8257770 
0.8249695 
0.8269715 
0.8173317 
0.8166508 
0.8219699 
0.8030316 
0.7958359 
0.7903211 
0.7971681 
0.7786255 
0.7805145 
0.7937165 
0.7980358 
0.8075520 
0.7957276 
0.8004457 
0.7838816 
0.7689119 
0.7570497 
0.7573302 
0.7250081 
0.7174606 
0.7095280 
0.6934283 
0.6888154 
0.6935904 
0.7235267 
0.7431180 
0.7750781 
0.7968168 
0.8072202 
0.8282579 
0.8370204 
0.8548272 
0.8683555 
0.8819995 
0.8829908 
0.8780028 
0.8795441 
0.8728068 
0.8595209 
0.8473933 
0.8427167 
0.8154314 
0.8119482 
0.7908494 
0.7845927 
0.7801529 
0.8002482 
0.8081730 
0.8396027 
0.8528368 
0.8543102 
0.8697121 
0.8818001 
0.8896254 
0.9120125 
0.9003461 
0.9072098 
0.8914360 
0.8868284 
0.8739957 
0.8608147 
0.8543108 
0.8179537 
0.7949074 
0.7724294 
0.7342566 
0.6984130 
0.6477973 
0.6543328 
0.6712282 
0.6933833 
0.7497901 
0.7859062 
0.8363580 
0.8609499 
0.8792037 
0.8826807 
0.8685180 
0.8631083 
0.8545370 
0.8537067 
0.8487076 
0.8469724 
0.8546547 
0.8382861 
0.8281072 
0.8159959 
0.7739933 
0.7589117 
0.7525000 
0.7583852 
0.7494219 
0.7556195 
0.7676759 
0.7783165 
0.8190625 
0.8552669 
0.8985250 
0.9329949 
0.9615114 
0.9646071 
0.9795261 
0.9740564 
0.9588042 
0.9450118 
0.9451874 
0.9282683 
0.9084047 
0.8937820 
0.8964095 
0.8803983 
0.8612048 
0.8277018 
0.8205117 
0.7933056 
0.7947007 
0.8051654 
0.8136256 
0.8179574 
0.8413877 
0.8526525 
0.8403271 
0.8517527 
0.8791000 
0.8788848 
0.8646704 
0.8570241 
0.8583452 
0.8658343 
0.8526826 
0.8528059 
0.8809815 
0.8786461 
0.8627084 
0.8677403 
0.8880347 
0.8796706 
0.8784329 
0.8538668 
0.8479056 
0.8405497 
0.8392701 
0.8507195 
0.8596323 
0.8788984 
0.8757874 
0.8592672 
0.8610326 
0.8632701 
0.8533036 
0.8352499 
0.8223030 
0.8349605 
0.8296040 
0.8397102 
0.8342955 
0.8326355 
0.8875238 
0.8943495 
0.8976766 
0.9025740 
0.8843637 
0.8617921 
0.8743193 
0.8660223 
0.8656100 
0.8676587 
0.8617999 
0.8454564 
0.8513599 
0.8592721 
0.8289723 
0.8468961 
0.8607955 
0.8556350 
0.8518730 
0.8373747 
0.8386427 
0.8115053 
0.7962457 
0.8357897 
0.8355079 
0.8294912 
0.8361952 
0.8276851 
0.8038690 
0.7879598 
0.7766207 
0.7919119 
0.7931172 
0.7995523 
0.8088209 
0.7956729 
0.8040773 
0.8002157 
0.7995060 
0.8155005 
0.8154762 
0.8249715 
0.8397962 
0.8259234 
0.8415954 
0.8467880 
0.8393411 
0.8381609 
0.8514332 
0.8590837 
0.8427666 
0.8398753 
0.8377086 
0.8184008 
0.8256840 
0.8209577 
0.8265196 
0.8325696 
0.8498686 
0.8437368 
0.8325344 
0.8337234 
0.8278105 
0.8216445 
0.8231657 
0.8303210 
0.8353604 
0.8482446 
0.8422405 
0.8497367 
0.8279468 
0.8317566 
0.8435230 
0.8458702 
0.8303682 
0.8276864 
0.8469598 
0.8558585 
0.8724240 
0.8783023 
0.8716307 
0.8713628 
0.8614257 
0.8601704 
0.8347080 
0.8262213 
0.8291662 
0.8301058 
0.8176117 
0.8081098 
0.8091101 
0.8113127 
0.8209742 
0.8061955 
0.8114089 
0.8230584 
0.8213903 
0.8234260 
0.8265990 
0.7946250 
0.7696875 
0.7633040 
0.7645116 
0.7687884 
0.7777230 
0.7940390 
0.8021455 
0.8025847 
0.8090982 
0.8430562 
0.8489879 
0.8460941 
0.8373014 
0.8152987 
0.7918189 
0.7957374 
0.8038423 
0.7723843 
0.7513530 
0.7415473 
0.7320795 
0.7390155 
0.7495114 
0.7660603 
0.7733594 
0.7929941 
0.7831234 
0.7912627 
0.7854459 
0.7898179 
0.7778372 
0.7481695 
0.7224984 
0.7105453 
0.7041294 
0.7216197 
0.7567282 
0.7672335 
0.7388326 
0.7550159 
0.7793356 
0.7916930 
0.8182374 
0.8313692 
0.8268114 
0.8146841 
0.7974354 
0.7885365 
0.7695375 
0.7541332 
0.7572360 
0.7577619 
0.7793113 
0.8086907 
0.8180102 
0.8396570 
0.8368392 
0.8691324 
0.8999685 
0.9003944 
0.8946583 
0.8880927 
0.8521622 
0.8427119 
0.8301674 
0.8395554 
0.8293299 
0.8201016 
0.8438214 
0.8506239 
0.8527099 
0.8561099 
0.8736058 
0.8728129 
0.8723436 
0.8552729 
0.8446653 
0.8181147 
0.8015669 
0.7890099 
0.7773312 
0.7993690 
0.8302565 
0.8315009 
0.8494583 
0.8776351 
0.8833299 
0.8949303 
0.9176240 
0.9002923 
0.8523318 
0.8178313 
0.7975524 
0.7935438 
0.8015041 
0.7876068 
0.8114819 
0.8412747 
0.8660318 
0.8880711 
0.9176167 
0.9316531 
0.9246981 
0.9088896 
0.8769945 
0.8454801 
0.7982394 
0.7739297 
0.7485239 
0.7581780 
0.7696532 
0.7787035 
0.7901876 
0.8132234 
0.8534540 
0.8842011 
0.9062315 
0.9669234 
0.9735148 
0.9470086 
0.9094964 
0.8631778 
0.7959544 
0.7508072 
0.7434215 
0.7425474 
0.7592662 
0.7734480 
0.7990448 
0.8358009 
0.8809005 
0.9261521 
0.9711402 
1.0000000 
0.9850555 
0.9399326 
0.8789187 
0.8073955 
0.7369604 
0.6943908 
0.6955474 
0.7009982 
0.7133932 
0.7316529 
0.7686518 
0.8211026 
0.8689803 
0.9114961 
0.9408685 
0.9273834 
0.8984171 
0.8298525 
0.7633097 
0.7020422 
0.6548780 
0.6504497 
0.6567195 
0.6758560 
0.7017415 
0.7337975 
0.8309387 
0.9184797 
0.9772649 
0.9920930 
0.9803009 
0.9499368 
0.9038214 
0.8403710 
0.7566836 
0.7042787 
0.6804023 
0.6696774 
0.6688000 
0.6924780 
0.7250433 
0.7607376 
0.8165207 
0.8667304 
0.9088272 
0.9342218 
0.9113509 
0.8682710 
0.8190999 
0.7521499 
0.7003432 
0.6526829 
0.6362578 
0.6306382 
0.6323118 
0.6750812 
0.7284454 
0.7760955 
0.8367651 
0.8858277 
0.9256764 
0.9349374 
0.9376168 
0.8977014 
0.8412147 
0.8068007 
0.7771360 
0.7059895 
0.6935134 
0.6919232 
0.6995508 
0.7296132 
0.7822613 
0.8194821 
0.8192116 
0.8469200 
0.8733591 
0.8868596 
0.8755434 
0.8522950 
0.8420603 
0.7948314 
0.7583254 
0.7471756 
0.7462194 
0.7528209 
0.7706716 
0.8032718 
0.8464076 
0.8761766 
