0.0000664 
-0.0001525 
0.0000156 
0.0246274 
0.1790017 
0.3209006 
0.2253335 
0.2327079 
0.2372389 
0.2378578 
0.2205274 
0.2102005 
0.1774099 
0.1771090 
0.1417685 
0.1302166 
0.1305102 
0.1219489 
0.1142369 
0.1144065 
0.1445353 
0.1447944 
0.1529241 
0.1359239 
0.1579541 
0.1709066 
0.1748660 
0.1595595 
0.1389540 
0.1108976 
0.1012917 
0.0899203 
0.0759963 
0.0646680 
0.0427099 
0.0308702 
0.0182688 
0.0076214 
0.0000000 
0.0128852 
0.0062016 
0.0234354 
0.0549012 
0.0746319 
0.0989604 
0.1108958 
0.1285805 
0.1516182 
0.1694444 
0.1917601 
0.1847777 
0.1721119 
0.1768983 
0.1796974 
0.1691245 
0.1574898 
0.1512786 
0.1532851 
0.1418778 
0.1247364 
0.0968341 
0.0926768 
0.0997766 
0.0727368 
0.0655676 
0.0638206 
0.0588090 
0.0536288 
0.0449443 
0.0478182 
0.0692712 
0.1019312 
0.1206792 
0.1144195 
0.1293910 
0.1435937 
0.1632035 
0.1611955 
0.1435871 
0.1221853 
0.1186533 
0.1002136 
0.0884793 
0.0492749 
0.0362637 
0.0327080 
0.0266918 
0.0310195 
0.0522786 
0.0698360 
0.1026435 
0.1155633 
0.1233591 
0.1313692 
0.1229076 
0.1166430 
0.1005591 
0.1140439 
0.1272450 
0.1380231 
0.1493460 
0.1628622 
0.1812483 
0.1826872 
0.1618057 
0.1339543 
0.0900989 
0.0701052 
0.0842812 
0.0813736 
0.0794162 
0.0786413 
0.1015340 
0.0936330 
0.0932789 
0.1059535 
0.1148417 
0.1133586 
0.1293353 
0.1343724 
0.1544622 
0.1776863 
0.1867240 
0.1829700 
0.2010960 
0.2042097 
0.1935163 
0.1971434 
0.1773548 
0.1661073 
0.1495691 
0.1485890 
0.1451498 
0.1496483 
0.1478006 
0.1322016 
0.1328459 
0.1279150 
0.1293265 
0.1266636 
0.1457128 
0.1158058 
0.1171484 
0.0977481 
0.1254841 
0.1377200 
0.1400164 
0.1523760 
0.1556506 
0.1741465 
0.1731390 
0.1900337 
0.1866175 
0.1751930 
0.1637366 
0.1676476 
0.1760226 
0.1696105 
0.1554110 
0.1423341 
0.1418926 
0.1311230 
0.1521042 
0.1727663 
0.1741117 
0.1749268 
0.1647118 
0.1549286 
0.1498091 
0.1590212 
0.1727981 
0.2027752 
0.2090443 
0.1959675 
0.1807170 
0.1718786 
0.1786584 
0.2004535 
0.2226840 
0.2177842 
0.2420983 
0.2501405 
0.2559773 
0.2600681 
0.2553000 
0.2319810 
0.2254099 
0.2240832 
0.2217323 
0.2179498 
0.2020119 
0.1930580 
0.1970024 
0.1995904 
0.1989961 
0.1918609 
0.1979270 
0.1993491 
0.1685967 
0.1969254 
0.2116338 
0.2263893 
0.2389029 
0.2370434 
0.2748172 
0.2972663 
0.3056948 
0.3190051 
0.3372207 
0.3492598 
0.3545238 
0.3438031 
0.3370741 
0.3346240 
0.3369376 
0.3296597 
0.3213458 
0.3149792 
0.3274498 
0.2938951 
0.2890485 
0.2826170 
0.2908090 
0.2910069 
0.2832206 
0.2870845 
0.2927303 
0.2826323 
0.2829243 
0.2628807 
0.2689454 
0.2583896 
0.2655240 
0.2862330 
0.3160061 
0.3334980 
0.3628390 
0.3703659 
0.3523133 
0.3234547 
0.3072499 
0.3006197 
0.3056071 
0.2920561 
0.2910877 
0.3076465 
0.3325281 
0.3375222 
0.3377747 
0.3374668 
0.3371702 
0.3361128 
0.3152832 
0.3043353 
0.2898969 
0.2932079 
0.2796891 
0.3140093 
0.3209484 
0.3481309 
0.3546139 
0.3807523 
0.3875820 
0.4361490 
0.4245678 
0.4550643 
0.4259376 
0.4164542 
0.4003525 
0.3713613 
0.3730381 
0.3515120 
0.3531224 
0.3424080 
0.3450052 
0.3538517 
0.3659326 
0.3738438 
0.3843689 
0.3692346 
0.3678340 
0.3390182 
0.2763251 
0.2485879 
0.2291687 
0.2145110 
0.2133061 
0.2343646 
0.2455087 
0.2625762 
0.2816983 
0.2876206 
0.3203332 
0.3575667 
0.3754036 
0.3918638 
0.3949776 
0.3653021 
0.3579558 
0.3629964 
0.3643811 
0.3702948 
0.3517365 
0.3617317 
0.3658596 
0.3692996 
0.3389924 
0.3105129 
0.2916999 
0.2777158 
0.2662034 
0.2477670 
0.2457900 
0.2362976 
0.2415558 
0.2305269 
0.2143917 
0.2063878 
0.2438565 
0.2707396 
0.3050554 
0.3210734 
0.3448582 
0.3691467 
0.3428592 
0.3699690 
0.3658676 
0.3650184 
0.3683284 
0.3759276 
0.3567195 
0.3780693 
0.3829585 
0.3681426 
0.3571211 
0.3465742 
0.3421219 
0.3251792 
0.3021599 
0.2983098 
0.2645400 
0.2441599 
0.2099671 
0.2156150 
0.1954525 
0.2318700 
0.2333021 
0.2628406 
0.2961085 
0.3216126 
0.3498352 
0.3715415 
0.4165114 
0.4166046 
0.4091416 
0.3977373 
0.3843735 
0.3938813 
0.3892623 
0.4025621 
0.3832366 
0.3857512 
0.3878460 
0.3787712 
0.3792204 
0.3477392 
0.3256790 
0.3158565 
0.2899578 
0.2884660 
0.2818919 
0.2625883 
0.2345477 
0.2288450 
0.2671895 
0.2819414 
0.2749706 
0.2623621 
0.2787333 
0.2856557 
0.3022008 
0.3290514 
0.3395777 
0.3402877 
0.3130574 
0.3337258 
0.3584837 
0.3786507 
0.3824360 
0.4061139 
0.4012897 
0.3917961 
0.3863478 
0.3801233 
0.3666671 
0.3471624 
0.3380048 
0.3213946 
0.3058331 
0.3022735 
0.3060061 
0.2740861 
0.2635867 
0.2886224 
0.3124094 
0.3327747 
0.3428978 
0.3624669 
0.3566568 
0.3660596 
0.3782793 
0.4054404 
0.4100324 
0.4022916 
0.3840815 
0.3723965 
0.3758148 
0.3920808 
0.4073046 
0.4009548 
0.3891947 
0.4082662 
0.4045753 
0.4120503 
0.3805295 
0.3567944 
0.3478482 
0.3585709 
0.3768398 
0.3868682 
0.3909530 
0.3827393 
0.3746545 
0.3586324 
0.3522802 
0.3580793 
0.3778795 
0.3862164 
0.4001170 
0.4207118 
0.4517272 
0.4530256 
0.4700288 
0.4565916 
0.4849812 
0.4793406 
0.5009643 
0.5159424 
0.5168518 
0.5083929 
0.4948862 
0.4728380 
0.4491234 
0.4596269 
0.4493441 
0.4456395 
0.4203305 
0.4291628 
0.4281056 
0.4254689 
0.4332896 
0.4306666 
0.4353422 
0.4453850 
0.4347948 
0.4316168 
0.4283028 
0.4421738 
0.4558232 
0.4567870 
0.4444045 
0.4400675 
0.4059014 
0.3832157 
0.3803545 
0.3652042 
0.3466160 
0.3332837 
0.3404839 
0.3376783 
0.3508106 
0.3642917 
0.3782874 
0.3814464 
0.3931407 
0.4030104 
0.4052327 
0.4356346 
0.4331103 
0.4294253 
0.4148016 
0.4142097 
0.4311349 
0.4778273 
0.4881870 
0.4755211 
0.4684505 
0.4565314 
0.4330045 
0.4069044 
0.4058649 
0.4051279 
0.4009696 
0.3871927 
0.3717990 
0.3650942 
0.3579559 
0.3692531 
0.3414248 
0.3413302 
0.3273080 
0.3108170 
0.3070125 
0.3223128 
0.3366876 
0.3401428 
0.3644917 
0.3601597 
0.3731343 
0.3704877 
0.3617382 
0.3841572 
0.3731659 
0.3896632 
0.3984264 
0.3964541 
0.3989126 
0.3876427 
0.3854701 
0.3998994 
0.4104288 
0.4253373 
0.4297479 
0.4380089 
0.4377649 
0.4638062 
0.4631425 
0.4542223 
0.4477221 
0.4416749 
0.4274143 
0.4481575 
0.4377270 
0.4449622 
0.4468167 
0.4125140 
0.4224498 
0.4422277 
0.4687092 
0.4688785 
0.4834910 
0.4755629 
0.4945700 
0.5090268 
0.5331491 
0.5167475 
0.5081838 
0.5052250 
0.5071627 
0.5189825 
0.5114640 
0.5349755 
0.5160590 
0.5315857 
0.5517700 
0.5705119 
0.5750080 
0.5839283 
0.5914607 
0.5930532 
0.5781795 
0.5414661 
0.5674801 
0.5545351 
0.5494133 
0.5563831 
0.5474918 
0.5535016 
0.5464223 
0.5131224 
0.5116687 
0.5221913 
0.5082057 
0.5349914 
0.5414106 
0.5472618 
0.5399627 
0.5302356 
0.5266821 
0.5367235 
0.5292999 
0.4887479 
0.4788035 
0.4860297 
0.4983099 
0.4742519 
0.4909885 
0.4882077 
0.4858164 
0.4847483 
0.4933270 
0.5262190 
0.5528290 
0.5424749 
0.5196588 
0.5454849 
0.5337107 
0.5304037 
0.5302535 
0.5316275 
0.5250696 
0.5210657 
0.4898177 
0.5056261 
0.4977706 
0.4958840 
0.5123831 
0.5060047 
0.4975829 
0.5235764 
0.5182198 
0.5193907 
0.5260912 
0.5488587 
0.5554185 
0.5516546 
0.5447848 
0.5395466 
0.5332588 
0.5288398 
0.5477322 
0.5500338 
0.5311163 
0.5229463 
0.5172107 
0.5117516 
0.5041715 
0.4937032 
0.4897088 
0.5079614 
0.5144863 
0.5370269 
0.5438965 
0.5274943 
0.5330608 
0.5390972 
0.5324379 
0.5486852 
0.5429838 
0.5333740 
0.5359156 
0.5315837 
0.5427738 
0.5287903 
0.5478422 
0.5598180 
0.5633363 
0.5419890 
0.5364834 
0.5429407 
0.5417291 
0.5338692 
0.5319381 
0.5546626 
0.5547842 
0.5425361 
0.5440624 
0.5490197 
0.5715483 
0.5614926 
0.5675193 
0.5614495 
0.5648910 
0.5644460 
0.5543961 
0.5422349 
0.5270230 
0.5197833 
0.4922491 
0.4641053 
0.4453140 
0.4684438 
0.4891943 
0.4893020 
0.4949235 
0.4839008 
0.4876428 
0.4730425 
0.4498975 
0.4375638 
0.4397696 
0.4493977 
0.4614088 
0.4576915 
0.4668724 
0.4546986 
0.4669802 
0.4568051 
0.4975946 
0.5028698 
0.5253871 
0.4981890 
0.5002167 
0.4953597 
0.5048319 
0.4869794 
0.4927491 
0.5049824 
0.4990145 
0.5088150 
0.5048758 
0.4929286 
0.5009612 
0.5077521 
0.5247562 
0.5361605 
0.5496213 
0.5509864 
0.5627505 
0.5601955 
0.5561475 
0.5665431 
0.5547710 
0.5496039 
0.5676139 
0.5493576 
0.5263727 
0.5450748 
0.5357025 
0.5389768 
0.5277695 
0.5037644 
0.4964390 
0.4791438 
0.4816663 
0.4938162 
0.5116923 
0.5090156 
0.4968192 
0.4974221 
0.5015273 
0.4969668 
0.4891090 
0.5021441 
0.5075926 
0.5132171 
0.5195927 
0.5344507 
0.5411041 
0.5435718 
0.5540805 
0.5575840 
0.5268493 
0.5298660 
0.5488023 
0.5602566 
0.5568526 
0.5559444 
0.5438380 
0.5389213 
0.5111023 
0.4976621 
0.4869993 
0.5072944 
0.5163188 
0.5192400 
0.5030758 
0.5159906 
0.4807459 
0.4645415 
0.4540332 
0.4475137 
0.4629618 
0.4670576 
0.4774119 
0.4687051 
0.4905511 
0.4760487 
0.4907522 
0.4805986 
0.4816167 
0.4545434 
0.4742434 
0.4635656 
0.4583656 
0.4702181 
0.4758290 
0.4552121 
0.4674748 
0.4702964 
0.4502891 
0.4575798 
0.4507315 
0.4748982 
0.4467807 
0.4406707 
0.4272461 
0.4410763 
0.4426893 
0.4255075 
0.4477667 
0.4084584 
0.4203570 
0.4423697 
0.4761064 
0.4843121 
0.4985817 
0.4984397 
0.5046460 
0.5050162 
0.5237811 
0.5244577 
0.5230462 
0.5069292 
0.5033150 
0.5029698 
0.4942593 
0.4853224 
0.4898694 
0.4863437 
0.4877126 
0.4672560 
0.4571934 
0.4589661 
0.4759980 
0.4692574 
0.4840743 
0.4784779 
0.4864304 
0.5028483 
0.4998477 
0.5191530 
0.5245428 
0.5133512 
0.4939770 
0.4841119 
0.4669944 
0.4697695 
0.4715613 
0.4777671 
0.4827812 
0.4889866 
0.5243714 
0.5322699 
0.5243717 
0.5331519 
0.5500957 
0.5422818 
0.5249404 
0.4900126 
0.4774630 
0.4875115 
0.5004279 
0.5280263 
0.5364910 
0.5526912 
0.5483295 
0.5346275 
0.5354028 
0.5231849 
0.5148974 
0.5257802 
0.5083676 
0.5096470 
0.5055489 
0.5217219 
0.5485654 
0.5527001 
0.5546270 
0.5714217 
0.5845981 
0.5879944 
0.5626821 
0.5354984 
0.5099824 
0.4909164 
0.4840523 
0.4806860 
0.4818824 
0.4841722 
0.5024795 
0.5211144 
0.5234531 
0.5470694 
0.5281792 
0.5266538 
0.5424087 
0.5367352 
0.5439347 
0.5386176 
0.5430296 
0.5446994 
0.5421561 
0.5534273 
0.5765235 
0.5856116 
0.5894539 
0.5659506 
0.5732315 
0.5589304 
0.5134392 
0.4746719 
0.5025014 
0.4934370 
0.5028531 
0.5201142 
0.5011103 
0.5048176 
0.5219552 
0.5219817 
0.5356966 
0.5211528 
0.5347911 
0.5389008 
0.5501367 
0.5377286 
0.5500329 
0.5518598 
0.5324442 
0.5420160 
0.5384626 
0.5280436 
0.5146600 
0.5114056 
0.5220081 
0.5228643 
0.5187088 
0.5149132 
0.5131942 
0.5049733 
0.5051974 
0.4754016 
0.4584296 
0.4615874 
0.4627071 
0.4469575 
0.4299061 
0.4409433 
0.4316615 
0.4469455 
0.4557158 
0.4346579 
0.4538117 
0.4757663 
0.5003371 
0.4996439 
0.5093527 
0.5179930 
0.5271135 
0.5416355 
0.5272336 
0.5245033 
0.4852924 
0.4756408 
0.4793335 
0.4825027 
0.4951605 
0.4926342 
0.5012708 
0.5130035 
0.5203609 
0.5414648 
0.5365486 
0.5056096 
0.4964532 
0.4904675 
0.4701778 
0.4685068 
0.4672215 
0.4641353 
0.4598353 
0.4813489 
0.4660426 
0.4704830 
0.4644122 
0.4505918 
0.4288635 
0.4083475 
0.4014098 
0.4018223 
0.3826893 
0.3895297 
0.3976846 
0.4165249 
0.4151900 
0.4552187 
0.4715271 
0.4954438 
0.4861268 
0.4739592 
0.4661358 
0.4462321 
0.4588709 
0.4513098 
0.4620307 
0.4651799 
0.4820735 
0.5048037 
0.5182681 
0.5257212 
0.5239534 
0.5305405 
0.5308665 
0.5187556 
0.5205959 
0.5320360 
0.5173405 
0.5271164 
0.5420474 
0.5353321 
0.5333603 
0.5254836 
0.5344349 
0.5229336 
0.5123496 
0.4918358 
0.5080877 
0.5014557 
0.4922125 
0.5213908 
0.5088540 
0.5006930 
0.5141726 
0.5140605 
0.5036343 
0.4958886 
0.4965786 
0.5098576 
0.5068809 
0.4885066 
0.5111880 
0.4993228 
0.4898064 
0.4925680 
0.4820312 
0.4737691 
0.4883703 
0.4886999 
0.4826910 
0.4724392 
0.4867178 
0.4966645 
0.4982594 
0.5075863 
0.5004440 
0.5166928 
0.5118486 
0.5095399 
0.5238504 
0.5262430 
0.5336628 
0.5438751 
0.5502970 
0.5433023 
0.5628692 
0.5704501 
0.5896754 
0.5977858 
0.6012989 
0.5742050 
0.5848547 
0.5799467 
0.5686592 
0.5661790 
0.5757213 
0.5810612 
0.5794118 
0.5834729 
0.5564826 
0.5597606 
0.5806467 
0.5905929 
0.5858591 
0.5857055 
0.5510134 
0.5509989 
0.5563831 
0.5588999 
0.5671641 
0.5698834 
0.5657381 
0.5593229 
0.5418560 
0.5517370 
0.5504349 
0.5480191 
0.5463551 
0.5672496 
0.5570529 
0.5505653 
0.5401654 
0.5192693 
0.5096245 
0.4960262 
0.4725162 
0.4683302 
0.4799538 
0.4801700 
0.4817001 
0.5158141 
0.5056460 
0.5213885 
0.5175044 
0.4945622 
0.4774795 
0.4938573 
0.5131658 
0.5105728 
0.5321472 
0.5508714 
0.5636453 
0.5457094 
0.5547439 
0.5529381 
0.5101670 
0.4874855 
0.4801341 
0.4883055 
0.4990806 
0.5110221 
0.5396356 
0.5642828 
0.5776985 
0.5913067 
0.5992656 
0.5622433 
0.5447516 
0.5424250 
0.5251302 
0.5236122 
0.5495891 
0.5615989 
0.5754002 
0.5974265 
0.6076252 
0.6092835 
0.5787401 
0.5603387 
0.5389364 
0.5143926 
0.4998254 
0.5289095 
0.5460977 
0.5716057 
0.5884859 
0.6388981 
0.6545768 
0.6473489 
0.6355656 
0.5922728 
0.5462096 
0.5292337 
0.5329876 
0.5514824 
0.5316983 
0.5711574 
0.5979462 
0.6132535 
0.6016976 
0.5704696 
0.5278365 
0.4989431 
0.4733400 
0.4921845 
0.5145996 
0.5502370 
0.5847954 
0.6130677 
0.6133463 
0.6144840 
0.5931614 
0.5610012 
0.5333134 
0.5292978 
0.5320989 
0.5426822 
0.5412934 
0.5696349 
0.5906358 
0.5958947 
0.6050604 
0.5929604 
0.5712611 
0.5447043 
0.5113997 
0.5021183 
0.5263473 
0.5388634 
0.5580276 
0.5588598 
0.5692047 
0.5456221 
0.5481313 
0.5352958 
0.5079788 
0.4835646 
0.4903085 
0.4931316 
0.5730772 
0.6234264 
0.6592882 
0.6706488 
0.6533841 
0.6368615 
0.6108606 
0.5791882 
0.5442841 
0.5536656 
0.5560611 
0.5538436 
0.5654083 
0.5777763 
0.5797334 
0.5719009 
0.5519816 
0.5657740 
0.5595968 
0.5358819 
0.5307618 
0.5528315 
0.5625015 
0.5867402 
0.5973020 
0.6080771 
0.5869879 
0.5793919 
0.5518067 
0.5489484 
0.5641328 
0.5768272 
0.5644988 
0.5891766 
0.5913442 
0.6139138 
0.6150277 
0.5955509 
0.5814703 
0.5817696 
0.5604809 
0.5688598 
0.5815022 
0.5991508 
0.5963572 
0.6035251 
0.6225397 
0.6408310 
0.6325894 
0.6149784 
0.5670644 
0.5398974 
0.5430851 
0.5500233 
0.5778751 
0.5702105 
0.5832799 
0.5922117 
0.5827587 
0.5898382 
0.5922473 
0.5939068 
0.5927692 
0.5989610 
0.5990223 
0.6083090 
0.6105031 
0.6050694 
0.6018417 
0.6202948 
0.6100843 
0.6178569 
0.6224715 
0.6339357 
0.6260678 
0.6188301 
0.6344646 
0.6504631 
0.6469551 
0.6697753 
0.6692977 
0.6563561 
0.6695079 
0.6718999 
0.6741442 
0.6791764 
0.6926364 
0.6507309 
0.6218777 
0.6178613 
0.6374219 
0.6301330 
0.6268248 
0.6683535 
0.6724197 
0.6738356 
0.6804841 
0.6671290 
0.6367335 
0.6599273 
0.6662575 
0.6646884 
0.6783878 
0.6710598 
0.6684450 
0.6574321 
0.6302692 
0.6448074 
0.6338689 
0.6298250 
0.6466618 
0.6347881 
0.6337317 
0.6442236 
0.6367613 
0.6319699 
0.6421306 
0.5873089 
0.5744876 
0.5811757 
0.6104061 
0.6133388 
0.6162972 
0.6208036 
0.6057396 
0.5903497 
0.5927766 
0.6167066 
0.6184303 
0.6491436 
0.6485905 
0.6528004 
0.6739797 
0.6623696 
0.6561373 
0.6310104 
0.6345477 
0.6091432 
0.5675412 
0.5641148 
0.5492235 
0.5611550 
0.5752449 
0.5787876 
0.5644836 
0.5845413 
0.6092509 
0.6101811 
0.6214453 
0.6116026 
0.6023110 
0.5926352 
0.5669201 
0.5773282 
0.5976259 
0.6050470 
0.6110521 
0.6186313 
0.6206793 
0.6316216 
0.6276215 
0.6272516 
0.6149581 
0.5933087 
0.5676967 
0.5573975 
0.5287453 
0.5402661 
0.5935436 
0.5912729 
0.5853756 
0.5966974 
0.5855254 
0.5721665 
0.5640377 
0.5433374 
0.5606340 
0.5487930 
0.5496830 
0.5567615 
0.5794031 
0.5859403 
0.6060767 
0.6288042 
0.6342094 
0.6709708 
0.6631767 
0.6669837 
0.6511365 
0.6228822 
0.6152119 
0.6072450 
0.6161500 
0.6168280 
0.6230418 
0.6563511 
0.6539737 
0.6646293 
0.6676694 
0.6770489 
0.6744667 
0.6617660 
0.6565235 
0.6510353 
0.6382138 
0.6456302 
0.6689790 
0.6945409 
0.6847209 
0.6886666 
0.6718631 
0.6520769 
0.6357005 
0.6303914 
0.6205156 
0.5969868 
0.5986894 
0.5842041 
0.5733591 
0.5577093 
0.5484432 
0.5368269 
0.5674067 
0.5775782 
0.6216658 
0.6207831 
0.6323458 
0.6544703 
0.6582136 
0.6699609 
0.6805903 
0.6648740 
0.6734007 
0.6676313 
0.6807721 
0.6800701 
0.6936913 
0.6991662 
0.7374673 
0.7540439 
0.7657815 
0.7704197 
0.7908594 
0.7864081 
0.7681745 
0.7505425 
0.7444028 
0.7265126 
0.7276716 
0.7218452 
0.7188635 
0.7228067 
0.7217282 
0.7220911 
0.7285343 
0.7366893 
0.7479981 
0.7584442 
0.7512417 
0.7674896 
0.7587931 
0.7512475 
0.7429308 
0.7351735 
0.7488773 
0.7562183 
0.7584210 
0.7558656 
0.7618511 
0.7810991 
0.7771444 
0.7765818 
0.7746094 
0.7660747 
0.7804331 
0.7796901 
0.7712897 
0.7722387 
0.7450384 
0.7491135 
0.7404436 
0.7485427 
0.7466227 
0.7380263 
0.7469663 
0.7516594 
0.7503273 
0.7519444 
0.7695807 
0.7851233 
0.7819866 
0.7854435 
0.8132022 
0.8050332 
0.7861967 
0.7740737 
0.7777601 
0.7971318 
0.7932598 
0.7919867 
0.7781033 
0.7842924 
0.7569124 
0.7516015 
0.7307806 
0.7492543 
0.7632248 
0.7518106 
0.7702795 
0.7796701 
0.7774443 
0.7949891 
0.7990595 
0.8046365 
0.7812339 
0.7717866 
0.7464258 
0.7526371 
0.7390792 
0.7297329 
0.7274100 
0.7067492 
0.6748761 
0.6871324 
0.6928713 
0.6874476 
0.6981744 
0.7115678 
0.6993241 
0.7123150 
0.7072381 
0.7048617 
0.7224832 
0.7213491 
0.7146930 
0.7027459 
0.7012826 
0.7149263 
0.7170380 
0.7300691 
0.7069044 
0.7129256 
0.6971778 
0.6899946 
0.6960273 
0.7003307 
0.6934228 
0.7014511 
0.7134778 
0.7125209 
0.7080658 
0.7250982 
0.7348413 
0.6990728 
0.6994971 
0.6956173 
0.7000802 
0.6847481 
0.6900815 
0.6698827 
0.6754621 
0.6893371 
0.6816124 
0.6900858 
0.6759814 
0.6863457 
0.6919470 
0.7194167 
0.7124674 
0.7187274 
0.7094280 
0.6913247 
0.6859417 
0.6711570 
0.6580918 
0.6533495 
0.6445487 
0.6205771 
0.6198665 
0.6126378 
0.6237428 
0.6414875 
0.6712018 
0.6752276 
0.6898068 
0.6882207 
0.7174174 
0.7533310 
0.7890049 
0.8148447 
0.8054741 
0.8195503 
0.8340924 
0.8271282 
0.8122071 
0.8108824 
0.8113727 
0.8156419 
0.8326759 
0.8432615 
0.8503506 
0.8369881 
0.8301304 
0.8289105 
0.8316993 
0.8558853 
0.8699520 
0.8544321 
0.8381987 
0.8687867 
0.8854942 
0.9280729 
0.9397146 
0.9399061 
0.9362231 
0.9186391 
0.8886513 
0.8545201 
0.8507461 
0.8524243 
0.8566547 
0.8433840 
0.8676688 
0.8889952 
0.8980479 
0.9171029 
0.9318318 
0.9383324 
0.9335239 
0.9323212 
0.9295202 
0.9349843 
0.9344792 
0.9392741 
0.9587711 
0.9783368 
0.9830853 
0.9891154 
0.9971098 
0.9948326 
0.9805769 
0.9773861 
0.9759170 
0.9678956 
0.9820991 
0.9771539 
0.9810233 
0.9746341 
0.9511486 
0.9429646 
0.9203927 
0.9092922 
0.9020142 
0.8916237 
0.8831286 
0.8621797 
0.8385435 
0.8271175 
0.8206241 
0.8330723 
0.8509651 
0.8754363 
0.8817841 
0.8949081 
0.9055102 
0.9189598 
0.9234012 
0.8996729 
0.8441276 
0.8085111 
0.7448453 
0.7504276 
0.7424524 
0.7327626 
0.7056483 
0.6902905 
0.6720552 
0.6682130 
0.6605611 
0.6524812 
0.6388858 
0.6338058 
0.6335508 
0.6367971 
0.6475678 
0.6581198 
0.6433860 
0.6353174 
0.6234307 
0.6267643 
0.6122111 
0.5897234 
0.5677358 
0.5516048 
0.5904824 
0.5880284 
0.5870973 
0.5630179 
0.5520484 
0.5393707 
0.5255648 
0.5185856 
0.5232089 
0.5162769 
0.4978339 
0.4949787 
0.4965130 
0.4833890 
0.4853910 
0.4902253 
0.4842340 
0.4539273 
0.4527076 
0.4421203 
0.4272813 
0.4320855 
0.4262715 
0.4226069 
0.4240218 
0.4322905 
0.4552680 
0.4543918 
0.4546994 
0.4634026 
0.4575934 
0.4732032 
0.4786611 
0.4779792 
0.4842017 
0.4695299 
0.4710199 
0.5081325 
0.5183524 
0.5381629 
0.5420980 
0.5338106 
0.5218371 
0.4753160 
0.4187841 
0.4110034 
0.4347714 
0.4394428 
0.4550071 
0.4489077 
0.4424731 
0.4421548 
0.4647859 
0.4923908 
0.5126750 
0.5089965 
0.4960111 
0.5022291 
0.4864780 
0.4904372 
0.4949593 
0.4977760 
0.4912979 
0.5192847 
0.5273014 
0.5400363 
0.5631198 
0.5767310 
0.6202077 
0.6219682 
0.6276040 
0.6536630 
0.6745579 
0.6678768 
0.6981879 
0.6989474 
0.6938042 
0.6884663 
0.7037344 
0.7222466 
0.7072455 
0.7116230 
0.7176531 
0.7228825 
0.7469648 
0.7601241 
0.7822747 
0.7776366 
0.8127016 
0.8258059 
0.8320910 
0.8367990 
0.8542583 
0.8704210 
0.8858284 
0.9030813 
0.9081591 
0.8913888 
0.8917152 
0.8970048 
0.8925385 
0.9168284 
0.9294701 
0.9146830 
0.9013929 
0.9277036 
0.9360375 
0.9562704 
0.9578252 
0.9618933 
0.9491128 
0.9583016 
0.9698634 
0.9743560 
0.9898143 
1.0000000 
0.9753809 
0.9684631 
0.9632187 
0.9411434 
0.9486418 
0.9380987 
0.9395744 
0.9582955 
0.9475615 
0.9523090 
0.9500369 
0.9697793 
0.9633360 
0.9579927 
0.9659004 
0.9723129 
0.9279365 
0.9361483 
0.9269987 
0.9080975 
0.9214242 
0.9161883 
0.9174662 
0.9208846 
0.9120921 
0.8996658 
0.8930961 
0.9042224 
0.9160518 
0.8978484 
0.9154311 
0.8991171 
0.9140567 
0.9122108 
0.9051331 
0.9099583 
0.8817469 
0.8918115 
0.8687911 
0.8575939 
0.8374425 
0.8176151 
0.7952056 
0.7851200 
0.7602089 
0.7427274 
0.7351361 
0.7591730 
0.7302999 
0.7442546 
0.7397387 
0.7433009 
0.7323274 
0.7566406 
0.7320232 
0.6992603 
0.6741158 
0.6679846 
0.6795440 
0.6845864 
0.6747544 
0.6701683 
0.6694195 
0.6438210 
0.6422680 
0.6268682 
0.6284940 
0.6255406 
0.6127656 
0.6092677 
0.5849997 
0.5640442 
0.5723746 
0.5911388 
0.6046739 
0.6192023 
0.6064701 
0.6034844 
0.6040888 
0.5800485 
0.5709914 
0.5724375 
0.5909890 
0.5901583 
0.5913391 
0.5844745 
0.5919423 
0.5696700 
0.5493639 
0.5444532 
0.5539770 
0.5499440 
0.5344352 
0.5695695 
0.5719848 
0.5834392 
0.5930430 
0.5981525 
0.6151292 
0.6366641 
0.6463592 
0.6564825 
0.6604806 
0.6630131 
0.6612351 
0.6622551 
0.6911078 
0.6932196 
0.7063430 
0.7121741 
0.7151956 
0.7528146 
0.7643870 
0.8148015 
0.8130029 
0.8142619 
0.8330127 
0.8114998 
0.8009840 
0.7896369 
0.8056897 
0.8091136 
0.7980403 
0.8066654 
0.8024513 
0.7740947 
0.8104504 
0.8157337 
0.8392921 
0.8476504 
0.8661138 
0.8643972 
0.8786221 
0.8858195 
0.8941471 
0.8830680 
0.8703070 
0.8734043 
0.8589085 
0.8794588 
0.8856206 
0.8593881 
0.8556995 
0.8626893 
0.8689236 
0.8730850 
0.8691494 
0.8471977 
0.8681202 
0.8488410 
0.8169915 
0.8150339 
0.8301460 
0.8081536 
0.7974145 
0.7868070 
0.7965302 
0.7710002 
0.7433912 
0.7302004 
0.7397277 
0.7361343 
0.7299087 
0.7205652 
0.7200833 
0.7142713 
0.7227801 
0.7453961 
0.7473299 
0.7531502 
0.7394563 
0.7502229 
0.7631464 
0.7692422 
0.7649289 
0.7676812 
0.7599669 
0.7750516 
0.7617463 
0.7767958 
0.7734858 
0.7737129 
0.7473791 
0.6981673 
0.6576068 
0.6502006 
0.6577026 
0.6679816 
0.6794824 
0.6764204 
0.6632986 
0.6711893 
0.6841393 
0.6868732 
0.7043781 
0.6986183 
0.7065482 
0.7185421 
0.7513455 
0.7583193 
0.7554366 
0.7464301 
0.7466744 
0.7268721 
0.6993142 
0.7071636 
0.7139018 
0.7229364 
0.7282551 
0.7361808 
0.7326646 
0.7460061 
0.7051740 
0.7059249 
0.7051294 
0.7315535 
0.7401127 
0.7584845 
0.7496753 
0.7420924 
0.7429071 
0.7346000 
0.7423938 
0.7407741 
0.7573241 
0.7682318 
0.7965791 
0.7705101 
0.7657155 
0.7664048 
0.7863779 
0.7829425 
0.8145605 
0.8282285 
0.8303136 
0.8213992 
0.8315689 
0.8375070 
0.8241993 
0.8082961 
0.8111856 
0.8015240 
0.7957391 
0.7751535 
0.7742125 
0.7812383 
0.7769036 
0.7578110 
0.7563827 
0.7496166 
0.7429163 
0.7369893 
0.7332491 
0.7220878 
0.6689802 
0.6412564 
0.6539245 
0.6494534 
0.6609117 
0.6645888 
0.6574538 
0.6664028 
0.6424117 
0.6248793 
0.6204557 
0.6066492 
0.5885669 
0.5657545 
0.5573164 
0.5433954 
0.5234149 
0.5188202 
0.5096708 
0.5178132 
0.5011642 
0.4790753 
0.4938705 
0.4986244 
0.4942469 
0.4862432 
0.4866108 
0.4523648 
0.4264303 
0.4104636 
0.4350719 
0.4336638 
0.4451890 
0.4626975 
0.4848593 
0.4810171 
0.5183314 
0.5237061 
0.5315299 
0.5317201 
0.5422979 
0.5501474 
0.5691666 
0.5720464 
0.6054748 
0.6184645 
0.6506292 
0.6751346 
0.6936302 
0.6991839 
0.7073347 
0.6959305 
0.6850505 
0.7169306 
0.7441847 
0.7543875 
0.7534180 
0.7602105 
0.7724973 
0.7914242 
0.8143757 
0.8210896 
0.8291905 
0.8223118 
0.8377426 
0.8561178 
0.8588473 
0.8876702 
0.8946553 
0.9179918 
0.9182962 
0.8773372 
0.8951439 
0.8823080 
0.8667086 
0.8627476 
0.8581537 
0.8508618 
0.8206522 
0.8393226 
0.8508501 
0.8363274 
0.8246465 
0.7909066 
0.7901846 
0.7924732 
0.7781133 
0.7653230 
0.7538089 
0.7552623 
0.7514280 
0.7350046 
0.7257475 
0.7142389 
0.6916146 
0.6716569 
0.6466512 
0.6441752 
0.6312496 
0.6084531 
0.5952229 
0.5848091 
0.5983810 
0.5897150 
0.5973053 
0.6134628 
0.6061449 
0.6014286 
0.5893862 
0.5738477 
0.5504940 
0.5445084 
0.5406335 
0.5595046 
0.5565544 
0.5564374 
0.5602260 
0.5564891 
0.5400799 
0.5315497 
0.5073278 
0.5090392 
0.5213704 
0.5326919 
0.5180304 
0.5200311 
0.5520441 
0.5754076 
0.5784651 
0.5855251 
0.5959496 
0.5959986 
0.5946318 
0.5987035 
0.6010856 
0.6146067 
0.6351292 
0.6699781 
0.6805694 
0.6932785 
0.6812605 
0.7191435 
0.7448669 
0.7694648 
0.7841013 
0.7899859 
0.7967721 
0.7897404 
0.8053534 
0.8192326 
0.8189345 
0.8334656 
0.8621202 
0.8800922 
0.8863888 
0.9142233 
0.9091327 
0.9201805 
0.8966778 
0.9204814 
0.9239999 
0.9206338 
0.9081640 
0.9197283 
0.9142210 
0.9100805 
0.9139577 
0.9026659 
0.8966720 
0.9088703 
0.8950710 
0.8848554 
0.8435787 
0.8170712 
0.8150004 
0.8151252 
0.8073330 
0.8185759 
0.8254485 
0.7962730 
0.7758023 
0.7690213 
0.7777914 
0.7576261 
0.7521446 
0.7471501 
0.7285498 
0.7177084 
0.6978283 
0.6553116 
0.6564072 
0.6340752 
0.6113960 
0.5986185 
0.6100474 
0.6126302 
0.6166156 
0.5854422 
0.5656165 
0.5636806 
0.5654827 
0.5804322 
0.5869888 
0.5783725 
0.5975069 
0.6110616 
0.6475994 
0.6615144 
0.6886400 
0.6906379 
0.6988424 
0.6491622 
0.6399546 
0.6381777 
0.6346026 
0.6355808 
0.6489203 
0.6478467 
0.6512503 
0.6853209 
0.6935177 
0.7114168 
0.7214456 
0.7420454 
0.7480477 
0.7435821 
0.7437923 
0.7587008 
0.7740493 
0.7939230 
0.8052476 
0.8393695 
0.8677757 
0.8752062 
0.8824888 
0.8869899 
0.8866634 
0.8900846 
0.8899618 
0.9057789 
0.9126820 
0.9099177 
0.9123664 
0.9221699 
0.9326587 
0.9335039 
0.9424976 
0.9539690 
0.9645465 
0.9631248 
0.9534169 
0.9351947 
0.9343907 
0.9509501 
0.9411493 
0.9219320 
0.9143459 
0.9014948 
0.8914138 
0.8799358 
0.8765899 
0.8561463 
0.8590961 
0.8220608 
0.8129916 
0.8001832 
0.7949475 
0.7791912 
0.7669705 
0.7709468 
0.7626836 
0.7672345 
0.7379801 
0.7393768 
0.7276220 
0.7201735 
0.7137651 
0.7165275 
0.7120496 
0.7263947 
0.7032606 
0.7065408 
0.7017984 
0.6936112 
0.6743773 
0.6889482 
0.6685568 
0.6586907 
0.6558203 
0.6706137 
0.6780910 
0.6938975 
0.7032774 
0.7188524 
0.7324577 
0.7539625 
0.7590713 
0.7566766 
0.7652174 
0.7867512 
0.7701334 
0.7801945 
0.7808540 
0.7854565 
0.7736287 
0.7620949 
0.7731198 
0.7585697 
0.7723810 
0.7618741 
0.7436083 
0.7457963 
0.7437767 
0.7416090 
0.7583139 
0.7784964 
0.8005393 
0.8046546 
0.7779986 
0.7671276 
0.7710149 
0.7771671 
0.7780391 
0.7578727 
0.7637279 
0.7702922 
0.7620564 
0.7581786 
0.7369786 
0.7448073 
0.7393718 
0.7135733 
0.7167717 
0.6867946 
0.6939881 
0.6922978 
0.6873385 
0.7030716 
0.6778271 
0.6910255 
0.6925363 
0.6907134 
0.6668053 
0.6459178 
0.6246584 
0.6241136 
0.6174698 
0.6248313 
0.6393842 
0.6484698 
0.6435361 
0.6458500 
0.6347516 
0.6459974 
0.6386014 
0.6477976 
0.6483213 
0.6553712 
0.6376436 
0.6276267 
0.6368536 
0.6449968 
0.6602647 
0.6699418 
0.6745985 
0.6805747 
0.6613617 
0.6676546 
0.6636194 
0.6738200 
0.6485687 
0.6556606 
0.6477544 
0.6494373 
0.6654315 
0.6792847 
0.6744531 
0.6910663 
0.6915008 
0.6975523 
0.6841110 
0.7144518 
0.7265207 
0.7217785 
0.7254097 
0.7020267 
0.7019216 
0.7135351 
0.6857761 
0.6796461 
0.6582008 
0.6505516 
0.6460235 
0.6680910 
0.6837158 
0.6919923 
0.7003187 
0.7037801 
0.7041309 
0.7341938 
0.7140249 
0.7257877 
0.7385480 
0.7478084 
0.7450811 
0.7551532 
0.7583133 
0.7426760 
0.7486569 
0.7529688 
0.7234093 
0.7149334 
0.7128586 
0.7119658 
0.7078316 
0.6833236 
0.6546007 
0.6288967 
0.6475036 
0.6488899 
0.6553766 
0.6597498 
0.6715771 
0.6799025 
0.6912633 
0.7110949 
0.7605603 
0.7579603 
0.7491110 
0.7423039 
0.7166281 
0.7047762 
0.7238846 
0.7163821 
0.7070542 
0.7031386 
0.7066173 
0.7012013 
0.7123687 
0.7323401 
0.7297291 
0.7351887 
0.7541416 
0.7612393 
0.7171189 
0.7299140 
0.7420231 
0.7540526 
0.7314446 
0.7345087 
0.7171636 
0.7267971 
0.6800381 
0.6690880 
0.6901640 
0.6964769 
0.6882045 
0.6968122 
0.7171793 
0.7235664 
0.7329219 
0.7286285 
0.7288060 
0.7414088 
