0.0001566 
0.0001277 
-0.0001869 
0.4071901 
-0.0879210 
0.3645436 
0.3654820 
0.3627403 
0.3800264 
0.3687653 
0.3472492 
0.3635275 
0.3923021 
0.3855608 
0.3981105 
0.4011960 
0.3706649 
0.3395204 
0.2891075 
0.3363350 
0.3507165 
0.3510661 
0.3614481 
0.3338660 
0.3060016 
0.2987134 
0.3084727 
0.2995540 
0.3354376 
0.2993539 
0.2809516 
0.3426463 
0.3374265 
0.2965805 
0.2601713 
0.2725539 
0.2852743 
0.2800315 
0.2776643 
0.2957691 
0.2995488 
0.2998398 
0.2931490 
0.2841889 
0.2593186 
0.2332255 
0.2137745 
0.2435302 
0.2504723 
0.2402885 
0.2319484 
0.2485472 
0.2448826 
0.2267228 
0.2194345 
0.2172445 
0.1938055 
0.1735628 
0.1948784 
0.1906111 
0.2013593 
0.2073265 
0.1945168 
0.1879388 
0.1975061 
0.2106779 
0.2067184 
0.2228214 
0.1914524 
0.2089240 
0.1782921 
0.1776640 
0.1873118 
0.2046027 
0.2221026 
0.1664757 
0.1595521 
0.1807251 
0.1650986 
0.1500903 
0.1680338 
0.1727662 
0.1732448 
0.1365418 
0.1569899 
0.1406172 
0.1379494 
0.1398123 
0.1425241 
0.1402195 
0.1583220 
0.1614135 
0.1659804 
0.1449970 
0.1140983 
0.1261990 
0.1201199 
0.1171002 
0.1182787 
0.1116305 
0.1203971 
0.1117348 
0.1210064 
0.1409201 
0.1326374 
0.1392898 
0.1428718 
0.1386464 
0.1368571 
0.1407252 
0.1229281 
0.1316987 
0.1285050 
0.1294908 
0.1161663 
0.1130726 
0.1010393 
0.0861440 
0.1002142 
0.0951264 
0.0939237 
0.0962146 
0.0832047 
0.1056721 
0.1002733 
0.0948192 
0.1082338 
0.1023147 
0.0910041 
0.0939091 
0.1014334 
0.0603902 
0.0763929 
0.0807511 
0.0707145 
0.0518648 
0.0753504 
0.1018582 
0.0715360 
0.0894729 
0.0886517 
0.0634329 
0.0864965 
0.0732023 
0.0965667 
0.0733546 
0.0825794 
0.0868558 
0.0926615 
0.0856583 
0.0842615 
0.1223787 
0.0781598 
0.0918650 
0.0848925 
0.0370042 
0.0515317 
0.0799389 
0.0652287 
0.0582773 
0.0640385 
0.0480772 
0.0285696 
0.0709191 
0.0814602 
0.0540656 
0.0474991 
0.0601826 
0.0651106 
0.0512210 
0.0545224 
0.0513141 
0.0670979 
0.0876067 
0.0821893 
0.0787564 
0.0533749 
0.0585205 
0.1007745 
0.0733789 
0.0508167 
0.0539254 
0.0728736 
0.0737335 
0.0808492 
0.0713593 
0.0800183 
0.0561930 
0.0380305 
0.0587922 
0.0550582 
0.0568655 
0.0431969 
0.0599128 
0.0499944 
0.0649880 
0.0567561 
0.0635087 
0.0740155 
0.0570666 
0.0495819 
0.0757126 
0.1043074 
0.1226715 
0.1066271 
0.0613914 
0.0646659 
0.0937125 
0.0836480 
0.0791740 
0.0571463 
0.0750141 
0.0795944 
0.0692660 
0.0761325 
0.0661099 
0.0566058 
0.0389619 
0.0677073 
0.0944498 
0.0734660 
0.0502015 
0.0851300 
0.1113304 
0.0975008 
0.0727868 
0.0832870 
0.0920374 
0.0916649 
0.1087826 
0.1047396 
0.0858879 
0.0837212 
0.0891580 
0.0791072 
0.0563421 
0.0734365 
0.0498896 
0.0595779 
0.0729722 
0.0794388 
0.0724323 
0.0797084 
0.0491563 
0.0436597 
0.0736167 
0.0610257 
0.0665761 
0.0636549 
0.0632958 
0.0637768 
0.0576015 
0.0536149 
0.0683564 
0.0536928 
0.0511659 
0.0506915 
0.0737137 
0.0710701 
0.0561090 
0.0530123 
0.0654642 
0.0719259 
0.0729171 
0.0863081 
0.0903760 
0.0843928 
0.0976957 
0.0986820 
0.0767439 
0.0667955 
0.0767963 
0.0633325 
0.0744206 
0.0869074 
0.0709129 
0.0862158 
0.0734224 
0.0504719 
0.0651506 
0.0804137 
0.0433742 
0.0526241 
0.0914069 
0.0604417 
0.0509165 
0.0803487 
0.0461004 
0.1065769 
0.0859642 
0.1060157 
0.1364554 
0.0838108 
0.1181214 
0.0714864 
0.0958426 
0.0952006 
0.0614555 
0.0678587 
0.1042855 
0.0905015 
0.0829233 
0.1020078 
0.0845334 
0.0702173 
0.0729126 
0.0804447 
0.0748583 
0.0782196 
0.0843121 
0.0847455 
0.0810078 
0.0833999 
0.0906531 
0.1023306 
0.0984453 
0.0908129 
0.0688249 
0.0577293 
0.0645484 
0.0536838 
0.0505244 
0.0343425 
0.0214280 
0.0295412 
0.0183519 
0.0244628 
0.0173221 
0.0364553 
0.0385327 
0.0428237 
0.0385595 
0.0497316 
0.0431913 
0.0545451 
0.0606475 
0.0576422 
0.0817927 
0.0604537 
0.0560377 
0.0727135 
0.0882969 
0.0530934 
0.0827317 
0.0824826 
0.0690958 
0.0895083 
0.0702303 
0.0687408 
0.0636012 
0.0597059 
0.0556581 
0.0648138 
0.0397360 
0.0712290 
0.0559211 
0.0573079 
0.0620042 
0.0454047 
0.0347800 
0.0363497 
0.0334087 
0.0431978 
0.0376261 
0.0444208 
0.0487437 
0.0341409 
0.0323567 
0.0215846 
0.0094601 
0.0073233 
0.0063753 
0.0001252 
0.0000000 
0.0333804 
0.0258051 
0.0450764 
0.0529344 
0.0540777 
0.0742226 
0.0976222 
0.1064723 
0.1171784 
0.1133157 
0.1292478 
0.1218786 
0.1198277 
0.1394172 
0.1345018 
0.1260558 
0.1070305 
0.1052139 
0.0980279 
0.0732627 
0.0772253 
0.0897550 
0.0665046 
0.0708087 
0.0732690 
0.0639844 
0.0719797 
0.0923720 
0.0710779 
0.0867529 
0.1126838 
0.1354109 
0.1419507 
0.1700244 
0.1511876 
0.1419481 
0.1320242 
0.1195446 
0.1182231 
0.1426171 
0.1366031 
0.1207193 
0.0839541 
0.0949182 
0.0821721 
0.0672857 
0.0600970 
0.0916782 
0.1050678 
0.1007986 
0.1151638 
0.1255065 
0.1307160 
0.1297161 
0.1518606 
0.1662395 
0.1775854 
0.1837577 
0.2059506 
0.2200186 
0.2243815 
0.2152522 
0.2094122 
0.1860289 
0.1646661 
0.1437524 
0.1832814 
0.2155336 
0.2209647 
0.1985124 
0.1991474 
0.1704840 
0.1527100 
0.1537060 
0.1390997 
0.1274716 
0.1436268 
0.1820155 
0.1984894 
0.1526892 
0.1331909 
0.2370388 
0.2624112 
0.2459871 
0.2796538 
0.2743288 
0.3242477 
0.4735040 
0.4816796 
0.4779330 
0.3674483 
0.3481204 
0.3711228 
0.3042667 
0.3020321 
0.2755361 
0.3323092 
0.2696822 
0.2859987 
0.2398595 
0.2218234 
0.1878255 
0.2251653 
0.2571690 
0.2218057 
0.2154291 
0.2010959 
0.1574435 
0.1573430 
0.1513149 
0.1720935 
0.2319704 
0.2790916 
0.3303918 
0.3373318 
0.3209060 
0.3006727 
0.3021244 
0.3211863 
0.3605150 
0.3998489 
0.4114278 
0.4092970 
0.4161700 
0.4129491 
0.4324518 
0.4359039 
0.4537322 
0.4692938 
0.4874915 
0.5053055 
0.4936349 
0.4684661 
0.4650760 
0.4645141 
0.4343152 
0.3837870 
0.3227151 
0.2809938 
0.2152631 
0.2111458 
0.2143782 
0.1843187 
0.1748372 
0.1977903 
0.1869939 
0.1958147 
0.1899953 
0.1759969 
0.1799156 
0.2023554 
0.2252102 
0.2142045 
0.2067943 
0.2030282 
0.1969808 
0.2200857 
0.2005693 
0.1936269 
0.2027223 
0.2129528 
0.2009218 
0.2128580 
0.2104682 
0.2084686 
0.1995836 
0.1980336 
0.2074914 
0.2026009 
0.2067980 
0.2634736 
0.2744039 
0.3403268 
0.3769826 
0.4170818 
0.4684996 
0.4899135 
0.5135258 
0.5430566 
0.5497693 
0.5292575 
0.5182958 
0.5316569 
0.5408060 
0.5359871 
0.5087307 
0.5150668 
0.4968790 
0.4844126 
0.5032176 
0.4749599 
0.4552249 
0.4451958 
0.4432412 
0.4229898 
0.4398113 
0.4434441 
0.4366039 
0.4430175 
0.4202559 
0.4208245 
0.4281588 
0.4179124 
0.4339013 
0.4413348 
0.4389123 
0.4268792 
0.4375806 
0.4666797 
0.4628497 
0.4679249 
0.4540453 
0.4697518 
0.4884799 
0.4833147 
0.4903282 
0.4752383 
0.4909551 
0.4888155 
0.4787478 
0.4690686 
0.4853897 
0.4848113 
0.4725170 
0.4757991 
0.4972951 
0.5101999 
0.5143322 
0.4928833 
0.4751233 
0.4869729 
0.4908529 
0.4819840 
0.4601228 
0.4873875 
0.4765283 
0.4636743 
0.4451908 
0.4770746 
0.4687821 
0.4666462 
0.4719803 
0.4668782 
0.4647090 
0.4603675 
0.4652281 
0.4687293 
0.4562995 
0.4941010 
0.4625758 
0.4989044 
0.4927156 
0.4918615 
0.5182969 
0.5073341 
0.5547452 
0.5527980 
0.5150162 
0.5114854 
0.5190593 
0.5103782 
0.4993632 
0.4816317 
0.4929238 
0.4664647 
0.4999708 
0.4721808 
0.4644677 
0.5107276 
0.4900602 
0.4812153 
0.4953508 
0.5126151 
0.5117461 
0.4928811 
0.4944355 
0.5205406 
0.5169898 
0.5158098 
0.5234563 
0.5348493 
0.5337614 
0.5496145 
0.5393564 
0.4967273 
0.4982174 
0.5215780 
0.5162780 
0.5068837 
0.5216984 
0.5199964 
0.5296256 
0.5340045 
0.5191823 
0.5341054 
0.5100765 
0.5014332 
0.4828046 
0.4648083 
0.4974378 
0.4882032 
0.5060725 
0.4909713 
0.4956535 
0.4789448 
0.5096580 
0.5003402 
0.5033431 
0.5292104 
0.5527300 
0.4803118 
0.4656656 
0.5624258 
0.5529617 
0.4899875 
0.5116191 
0.5530289 
0.5295313 
0.5070600 
0.5296210 
0.4869262 
0.4982770 
0.4790694 
0.4903118 
0.4712286 
0.4865449 
0.4641704 
0.5090241 
0.4812206 
0.5079136 
0.5115222 
0.5207789 
0.5243435 
0.5547653 
0.5337139 
0.5376284 
0.5573899 
0.5538558 
0.5381160 
0.5580595 
0.5792318 
0.5620867 
0.5521399 
0.5599547 
0.5453536 
0.5724901 
0.5547649 
0.5429612 
0.5457929 
0.5435361 
0.5302374 
0.5422985 
0.5151360 
0.5123859 
0.5135323 
0.5149301 
0.5490131 
0.5433445 
0.5465098 
0.5667199 
0.5708838 
0.5576751 
0.5432246 
0.5571174 
0.5704077 
0.5650147 
0.5737949 
0.5873495 
0.6004352 
0.6093852 
0.5925646 
0.5617385 
0.5902369 
0.5959230 
0.5945202 
0.5915555 
0.5823788 
0.5889773 
0.5573405 
0.5620736 
0.5728037 
0.5574554 
0.5792676 
0.5731223 
0.5937493 
0.5994452 
0.6236119 
0.6330351 
0.5997448 
0.5855751 
0.6264987 
0.6469444 
0.6616382 
0.6518220 
0.6397765 
0.6327757 
0.6135308 
0.5836428 
0.6399261 
0.6346203 
0.6364934 
0.6195986 
0.6093682 
0.6063905 
0.6089330 
0.6177191 
0.6162221 
0.6024641 
0.6088080 
0.6052119 
0.5727434 
0.5994907 
0.6035893 
0.6146018 
0.6187236 
0.6329283 
0.6048347 
0.5890440 
0.6164697 
0.6264617 
0.6239320 
0.6249127 
0.6429602 
0.6274054 
0.6427033 
0.6351347 
0.6097547 
0.6136796 
0.6195188 
0.6138935 
0.6111468 
0.6312125 
0.6247305 
0.6334463 
0.6400720 
0.6615034 
0.6593898 
0.6414962 
0.6701067 
0.6617876 
0.6463650 
0.6197274 
0.6252722 
0.6345633 
0.6665344 
0.6908797 
0.6325829 
0.5891589 
0.6062581 
0.6643722 
0.7135288 
0.6791907 
0.6205224 
0.6029092 
0.6357961 
0.6911128 
0.7115914 
0.6719917 
0.6009898 
0.6093567 
0.6155544 
0.6842786 
0.6730286 
0.6460875 
0.6539890 
0.6474104 
0.6136315 
0.6313962 
0.6450522 
0.6582877 
0.6565084 
0.6604281 
0.6547812 
0.6383905 
0.6498123 
0.6388020 
0.6363236 
0.6331130 
0.6090334 
0.6417418 
0.6551541 
0.6491992 
0.6299886 
0.5993820 
0.6293728 
0.6147850 
0.5890651 
0.6406910 
0.6390688 
0.6481184 
0.6439153 
0.6761412 
0.6558693 
0.6565839 
0.6553538 
0.6528470 
0.6565424 
0.6541415 
0.6532801 
0.6331223 
0.6571008 
0.6440969 
0.6480459 
0.6179929 
0.6419892 
0.6534495 
0.6276185 
0.6265730 
0.6390166 
0.6543711 
0.6461489 
0.6273004 
0.6149821 
0.6030732 
0.6263861 
0.6477727 
0.6631654 
0.6631284 
0.6496484 
0.6516346 
0.6806011 
0.6931127 
0.6878654 
0.6470359 
0.6736869 
0.6726361 
0.6612890 
0.6661481 
0.6433171 
0.6518276 
0.6699835 
0.6809714 
0.6759090 
0.6447217 
0.6448333 
0.6434456 
0.6459108 
0.6614669 
0.6531720 
0.6633966 
0.6510929 
0.6294028 
0.6380747 
0.6713702 
0.6799871 
0.6476803 
0.6312949 
0.6338827 
0.6325357 
0.6473621 
0.6335981 
0.6426266 
0.6219102 
0.6377039 
0.6771064 
0.6477870 
0.6303897 
0.6301932 
0.6619129 
0.6600534 
0.6355603 
0.6203655 
0.6117749 
0.6224988 
0.6416446 
0.6661157 
0.6410462 
0.6306526 
0.6477321 
0.6824222 
0.6902264 
0.6758715 
0.6790270 
0.6736440 
0.6854339 
0.6972991 
0.6955930 
0.7031023 
0.7001231 
0.6955199 
0.6996790 
0.7171202 
0.7063399 
0.6971564 
0.6922662 
0.6797775 
0.7012627 
0.6998025 
0.7019739 
0.6971963 
0.7018763 
0.6997748 
0.7116095 
0.7184207 
0.7208891 
0.7193882 
0.6846725 
0.6954088 
0.7007679 
0.7165132 
0.7275418 
0.7055864 
0.6837510 
0.6931717 
0.6933365 
0.7054906 
0.6973831 
0.6907241 
0.6973301 
0.7024219 
0.7184421 
0.7450926 
0.6985443 
0.7073975 
0.7676160 
0.7710439 
0.7098473 
0.6886402 
0.7301118 
0.7479421 
0.6816662 
0.6543671 
0.6764561 
0.7452275 
0.7115963 
0.6762018 
0.7082062 
0.6828200 
0.7179230 
0.7072985 
0.6956692 
0.7000960 
0.6781454 
0.7574840 
0.6941758 
0.6888278 
0.6965206 
0.6908386 
0.7519525 
0.6769735 
0.6786877 
0.6824882 
0.7126012 
0.7547363 
0.6994997 
0.6804586 
0.7134486 
0.7383980 
0.7515960 
0.7529793 
0.7178230 
0.7260978 
0.7440483 
0.7409902 
0.7340399 
0.7086275 
0.7002448 
0.7556808 
0.7495762 
0.7361094 
0.7443200 
0.7174867 
0.7503157 
0.7558959 
0.7207174 
0.7371427 
0.7405460 
0.7422423 
0.7336404 
0.7384577 
0.7200704 
0.7372105 
0.7145066 
0.7201426 
0.7458286 
0.7543067 
0.7602962 
0.7600487 
0.7392689 
0.7071360 
0.7218685 
0.7444170 
0.7547730 
0.7418787 
0.7560072 
0.7595973 
0.7645371 
0.7771829 
0.7745535 
0.7574841 
0.7448430 
0.7417751 
0.7725364 
0.7624039 
0.7492941 
0.7458382 
0.7477948 
0.7483438 
0.7633789 
0.7700169 
0.7567724 
0.7459553 
0.7513467 
0.7531512 
0.7363177 
0.7221481 
0.7461550 
0.7514286 
0.7114169 
0.7049648 
0.7455594 
0.7516503 
0.7375420 
0.7326025 
0.7394869 
0.7391495 
0.7274600 
0.7447314 
0.7303129 
0.7340136 
0.7318051 
0.7331053 
0.7174573 
0.7336832 
0.7367631 
0.7335619 
0.7173734 
0.7287245 
0.7452529 
0.7388383 
0.7247074 
0.7354417 
0.7498334 
0.7599132 
0.7474253 
0.7378388 
0.7431788 
0.7495639 
0.7607411 
0.7654866 
0.7712326 
0.7638933 
0.7689816 
0.7844881 
0.7804096 
0.7718175 
0.7615764 
0.7264791 
0.7456690 
0.7479787 
0.7408249 
0.7310211 
0.7216918 
0.7486556 
0.7641897 
0.7577268 
0.7785912 
0.7871472 
0.7781841 
0.7805215 
0.7564381 
0.7629995 
0.7623824 
0.7684521 
0.7654519 
0.7910967 
0.7777414 
0.7940687 
0.7621131 
0.7320669 
0.7448112 
0.7445275 
0.7355330 
0.7613261 
0.7497198 
0.7384515 
0.7425763 
0.7458022 
0.7878433 
0.8028027 
0.8236288 
0.7974938 
0.8553776 
0.8266604 
0.8198968 
0.7799198 
0.7792069 
0.7361901 
0.7718401 
0.7603172 
0.7933251 
0.7504889 
0.7778077 
0.7713396 
0.7784217 
0.7225258 
0.7455918 
0.7480773 
0.7634021 
0.7657673 
0.7762464 
0.7878090 
0.7865788 
0.7720266 
0.7957390 
0.7728690 
0.7876350 
0.7813290 
0.7798533 
0.7704503 
0.7565948 
0.7598459 
0.7604673 
0.7760697 
0.7643690 
0.7621534 
0.7700453 
0.7931294 
0.7903596 
0.7898415 
0.7571154 
0.7690492 
0.7747526 
0.7762586 
0.8640103 
0.8393502 
0.8496555 
0.8603739 
0.9029758 
0.8666622 
0.8369722 
0.7972970 
0.7855709 
0.8171627 
0.8124501 
0.7933496 
0.7915081 
0.7833092 
0.7892249 
0.7644462 
0.7895857 
0.8052322 
0.7979745 
0.7971957 
0.7882185 
0.8076219 
0.7904062 
0.7836439 
0.7868330 
0.7886481 
0.8019805 
0.8238357 
0.8062065 
0.8215355 
0.7991948 
0.7607772 
0.7870535 
0.8192228 
0.8137006 
0.7984350 
0.8034165 
0.8072295 
0.8007082 
0.8133120 
0.8016309 
0.8048604 
0.8244999 
0.8064163 
0.8019870 
0.8117674 
0.8045257 
0.7859671 
0.7776308 
0.7872967 
0.7647450 
0.7702336 
0.7583941 
0.7858657 
0.8112471 
0.7931413 
0.7904682 
0.8059109 
0.7784538 
0.7453331 
0.7488836 
0.7687126 
0.8042622 
0.8572302 
0.8567893 
0.8430284 
0.8013194 
0.7936838 
0.8041644 
0.7883519 
0.7806560 
0.7964420 
0.8145296 
0.8214536 
0.8297256 
0.8056791 
0.7968343 
0.7935949 
0.7963504 
0.8056939 
0.7886376 
0.8035121 
0.8105928 
0.8590881 
0.8239705 
0.8144968 
0.8132788 
0.7728792 
0.7790720 
0.7629101 
0.7718702 
0.7806984 
0.8279848 
0.8224598 
0.8224395 
0.8360333 
0.8147951 
0.8266541 
0.7737005 
0.7872631 
0.7992586 
0.8125939 
0.8139518 
0.8184746 
0.8193701 
0.8387824 
0.8633449 
0.8454363 
0.8215824 
0.7925278 
0.8078500 
0.8308026 
0.8556069 
0.8532997 
0.8258880 
0.8096309 
0.8203359 
0.8276283 
0.8398626 
0.8588171 
0.8625488 
0.8419204 
0.8175131 
0.8210045 
0.8315887 
0.8066622 
0.7922505 
0.7989760 
0.8410099 
0.8510788 
0.8401261 
0.8064222 
0.8220444 
0.8218189 
0.8253169 
0.8197533 
0.7997667 
0.7922415 
0.8157062 
0.8251782 
0.8197795 
0.8223760 
0.8271450 
0.8288659 
0.8321203 
0.8148141 
0.7777806 
0.7826851 
0.8000256 
0.8178269 
0.8222722 
0.8454382 
0.8578263 
0.8775313 
0.8557624 
0.8662165 
0.8416033 
0.8147668 
0.7903072 
0.8019365 
0.8094470 
0.7921679 
0.8386717 
0.8309935 
0.8630797 
0.8560435 
0.8282764 
0.8259948 
0.8090470 
0.8085643 
0.8067663 
0.8325773 
0.8257431 
0.7989369 
0.8237788 
0.8156604 
0.8197887 
0.8324173 
0.8103778 
0.7876099 
0.7869979 
0.7856850 
0.7945139 
0.8013832 
0.8136946 
0.8175415 
0.8186539 
0.8266095 
0.8140018 
0.8134684 
0.8134290 
0.7973805 
0.8138188 
0.7847906 
0.7789956 
0.7805568 
0.8040232 
0.8189725 
0.8441960 
0.8498666 
0.8531482 
0.8344029 
0.8568899 
0.8591193 
0.8538603 
0.8473217 
0.8478618 
0.8663155 
0.8756618 
0.8918445 
0.8852143 
0.8838458 
0.9063214 
0.9387772 
0.9373022 
0.9333089 
0.9219111 
0.8614251 
0.8315242 
0.7891347 
0.7662240 
0.7514019 
0.7323134 
0.7148924 
0.7350717 
0.7658856 
0.8285795 
0.8731915 
0.9317302 
0.9820329 
1.0000000 
0.9411753 
0.9040449 
0.8119316 
0.7503093 
0.7480515 
0.7434626 
0.7659902 
0.8031437 
0.8094408 
0.8137468 
0.7957374 
0.8560116 
0.8882936 
0.8805283 
0.8611631 
0.8399287 
0.8286345 
0.8964702 
0.9589183 
0.9335899 
0.9326958 
0.9623432 
0.8645836 
0.8589398 
0.8700292 
0.8163425 
0.8743891 
0.9080953 
0.8607987 
0.9003316 
0.9095420 
0.8584685 
0.8838251 
0.9164791 
0.8847335 
0.8847857 
0.9405960 
0.9397362 
0.9187105 
0.9411434 
0.9253133 
0.9143465 
0.8984657 
0.8900087 
0.9134884 
0.9085493 
0.8797204 
0.8898572 
0.8612483 
0.8262615 
0.8334281 
0.8718630 
0.8851654 
0.8931627 
0.9206063 
0.9267470 
0.9157580 
0.9000287 
0.8876027 
0.8937222 
0.8870489 
0.8807520 
0.8825392 
0.8855480 
0.8980849 
0.8816231 
0.8864396 
0.8895635 
0.8855767 
0.8869397 
0.9170122 
0.9189460 
0.9116523 
0.9013927 
0.8918482 
0.8923629 
0.8868485 
0.9211415 
0.9013712 
0.8930911 
0.8950331 
0.9015932 
0.9090569 
0.8787743 
0.8613335 
0.8752704 
0.8772861 
0.8818291 
0.8735011 
0.8767423 
0.8753310 
0.8996573 
0.8742442 
0.8705650 
0.8748809 
0.8733409 
0.8836914 
0.9014036 
0.8922269 
0.8865413 
0.8990138 
0.8804704 
0.8510140 
0.8553491 
0.8622968 
0.8609869 
0.8735472 
0.8658598 
0.8834610 
0.8631349 
0.8384997 
0.8636358 
0.8847060 
0.8562685 
0.8539905 
0.8592390 
0.8758220 
0.8764163 
0.8897001 
0.8801980 
0.8676393 
0.8588441 
0.8499148 
0.8535522 
0.8776240 
0.8925459 
0.9041066 
0.9040809 
0.8780425 
0.8935848 
0.8879475 
0.8976389 
0.9103314 
0.9141522 
0.9241951 
0.9014977 
0.9059258 
0.8999377 
0.8735715 
0.9056936 
0.9034132 
0.9047472 
0.8944542 
0.8807276 
0.9148600 
0.8883387 
0.8888486 
0.9001926 
0.8867039 
0.8864696 
0.8952910 
0.8933529 
0.8619136 
0.8481414 
0.8797500 
0.8773832 
0.8429936 
0.8494300 
0.8369811 
0.8732878 
0.8779465 
0.8749673 
0.8668517 
0.8418375 
0.8760303 
0.9165112 
0.9104752 
0.8578022 
0.8430402 
0.8683872 
0.8816059 
0.8877816 
0.8887054 
0.8634672 
0.8699298 
0.9091377 
0.8813372 
0.8410341 
0.8484315 
0.8883324 
0.8790483 
0.8624341 
0.8912028 
0.8986582 
0.8932033 
0.8930344 
0.8973618 
0.8781900 
0.8890866 
0.9420897 
0.9190712 
0.8908072 
0.9198741 
0.8934592 
0.9171701 
0.9952992 
0.9841415 
0.9157834 
0.9281736 
0.9062883 
0.9162148 
0.9508166 
0.9640002 
0.9548387 
0.9465561 
0.9337984 
0.8773616 
0.8662491 
0.8429830 
0.8526524 
0.8721058 
0.8973959 
0.9118655 
0.9196106 
0.9336886 
0.9048250 
0.9225656 
0.9000234 
0.9010254 
0.9120151 
0.9277952 
0.9028712 
0.9128627 
0.9191913 
0.8900910 
0.8786744 
0.8705401 
0.8924327 
0.8953406 
0.9272083 
0.9191705 
0.8878526 
0.8843617 
0.9132858 
0.9139253 
0.9055567 
0.8843176 
0.8799038 
0.8835419 
0.9044600 
0.9097929 
0.9125739 
0.8887433 
0.8665239 
0.8869990 
0.9145148 
0.9166872 
0.9166996 
0.9223948 
0.9158584 
0.8879390 
0.8780369 
0.8860157 
0.8783442 
0.8855316 
0.9064356 
0.9082183 
0.8898257 
0.9034521 
0.9118819 
0.9011085 
0.9084072 
0.9447086 
0.9302049 
0.9184473 
0.9288274 
0.9562352 
0.9439418 
0.9306966 
0.9237655 
0.9326005 
0.9279854 
0.9114759 
0.9227839 
0.9358829 
0.9028648 
0.9200199 
0.9358219 
0.9522041 
0.9284916 
0.9213877 
0.9216094 
0.9488985 
0.9132288 
0.9205366 
0.9092864 
0.9172309 
0.9213784 
0.9144135 
0.9139584 
0.9048912 
0.8866265 
0.8860940 
0.9016191 
0.9102966 
0.9441259 
0.9311740 
0.9126405 
0.9204368 
0.9483822 
0.9679765 
0.9455436 
0.9472938 
0.9548126 
0.9481894 
0.9381848 
0.9050670 
0.8489560 
0.8593356 
0.8677465 
0.8764642 
0.8797554 
0.8804717 
0.8563942 
0.8478481 
0.8825044 
0.8926181 
0.9094710 
0.8983546 
0.8867026 
0.9108524 
0.9199605 
0.9466507 
0.9178207 
0.9134431 
0.9150594 
0.8997725 
0.8932024 
0.9015307 
0.9076088 
0.9203440 
0.9304709 
0.9236820 
0.9091343 
0.9289241 
0.9302359 
0.9349380 
0.9350935 
0.9258795 
0.9317136 
0.9039413 
0.8910170 
0.8785183 
0.8555296 
0.8736355 
0.8913204 
0.8806463 
0.8787348 
0.8726908 
0.8727459 
0.8921521 
0.8669086 
0.9160048 
0.8855861 
0.9102290 
0.8957071 
0.8925674 
0.9070737 
0.8831033 
0.9084663 
0.8807754 
0.9180327 
0.8981527 
0.8951774 
0.8916582 
0.8870141 
0.9043257 
0.8971361 
0.8752134 
0.8744955 
0.8964367 
0.9150421 
0.9138798 
0.9029135 
0.9151790 
0.9075068 
0.9247597 
0.9410335 
0.9469066 
0.9204945 
0.9235488 
0.9390210 
0.9614424 
0.9658910 
0.9450469 
0.9061654 
0.9006149 
0.9112779 
0.9140928 
0.9179318 
0.9051590 
0.9145404 
0.9036240 
0.9128661 
0.9063610 
0.9060404 
0.9158220 
0.9230619 
0.9069767 
0.8972637 
0.9030944 
0.9231681 
0.9334043 
0.9447380 
0.9502235 
0.9373599 
0.9170544 
0.9260935 
0.9399861 
0.9314590 
0.8935576 
0.9014367 
0.8987630 
0.8969118 
0.9177017 
0.8970206 
0.8728388 
0.8903365 
0.9188504 
0.9130202 
0.9068934 
0.8931631 
0.9163373 
0.8724455 
0.8904146 
0.8947210 
0.9293455 
0.9279179 
0.9255446 
0.9468598 
0.9401793 
0.9370909 
0.9312923 
0.9126208 
0.8813585 
0.8790651 
0.8703937 
0.8779970 
0.8930133 
0.8994470 
0.8974561 
0.9127402 
0.9029948 
0.9025251 
0.8978789 
0.8763581 
0.8848694 
0.8753654 
0.8977147 
0.9043152 
0.9039879 
0.8974830 
0.8863667 
0.8620152 
0.8811558 
0.8607252 
0.8537918 
0.8643989 
0.8711415 
0.8885866 
0.8683207 
0.8434953 
0.8340864 
0.8218248 
0.8272590 
0.8294335 
0.8416559 
0.8537554 
0.8417015 
0.8265537 
0.8795983 
0.9099377 
0.9409756 
0.9256912 
0.9169886 
0.9057123 
0.8937127 
0.8802927 
0.8812838 
0.8857063 
0.8994908 
0.8830594 
0.8845957 
0.9205078 
0.9147601 
0.9180922 
0.8715446 
0.8769582 
0.8818718 
0.8696854 
0.8746340 
0.9072128 
0.8968343 
0.8562456 
0.8692473 
0.8631343 
0.8461945 
0.8628176 
0.8431607 
0.8256805 
0.8628657 
0.8790480 
0.8701479 
0.8688196 
0.8617384 
0.8464951 
0.8503510 
0.8649096 
0.8521827 
0.8627427 
0.8788850 
0.9113746 
0.8947308 
0.8733968 
0.8767453 
0.8693807 
0.8839897 
0.8813082 
0.8849676 
0.9128837 
0.8992591 
0.8825309 
0.8839854 
0.8975230 
0.9141432 
0.8835562 
0.8638445 
0.9009903 
0.9149343 
0.9149692 
0.9266321 
0.9054811 
0.8869708 
0.8840110 
0.8707052 
0.8798924 
0.8828346 
0.8774226 
0.8701319 
0.8688397 
0.8605314 
0.8827722 
0.8891724 
0.8560624 
0.8740335 
0.8892694 
0.8897482 
0.8774164 
0.8714239 
0.8826503 
0.8951265 
0.8917780 
0.8947064 
0.8811511 
0.8812837 
0.8814436 
0.8812162 
0.8983174 
0.9117332 
0.9052063 
0.9091625 
0.8960950 
0.8446268 
0.8398243 
0.8320820 
0.8313127 
0.8447352 
0.8552524 
0.8613017 
0.8593321 
0.8631728 
0.8745934 
0.8774710 
0.9010896 
0.8969822 
0.9053792 
0.9178714 
0.8926940 
0.8801497 
0.8829904 
0.8820977 
0.8739952 
0.8768142 
0.8671188 
0.8515677 
0.8787778 
0.8894412 
0.8923041 
0.8821770 
0.8719763 
0.8510745 
0.8500026 
0.8540197 
0.8357540 
0.8525945 
0.8510444 
0.8753723 
0.8707148 
0.8472275 
0.8295908 
0.8427375 
0.8532398 
0.8420628 
0.8415063 
0.8189399 
0.8332118 
0.8472762 
0.8324257 
0.8428309 
0.8544876 
0.8677658 
0.8548516 
0.8306425 
0.8297573 
0.8311673 
0.8273639 
0.8321459 
0.8295710 
0.8046080 
0.8055986 
0.8198216 
0.8321219 
0.8401105 
0.8256251 
0.8197915 
0.8136762 
0.8377589 
0.8481675 
0.8490649 
0.8365431 
0.8333634 
0.8371040 
0.8546345 
0.8436043 
0.8507388 
0.8797098 
0.8842570 
0.8784459 
0.8778515 
0.8802628 
0.8730375 
0.8196354 
0.8132014 
0.8160784 
0.7935842 
0.7920113 
0.7739225 
0.7682725 
0.8013793 
0.8241919 
0.8600454 
0.8710622 
0.8438756 
0.8195187 
0.7871584 
0.8080611 
0.7969058 
0.7891275 
0.8146010 
0.8145472 
0.8029922 
0.8255349 
0.8539016 
0.8732595 
0.8548273 
0.8354030 
0.8299323 
0.8078460 
0.7967773 
0.7866382 
0.7417410 
0.6987315 
0.6496376 
0.6525115 
0.7224831 
0.7742675 
0.8229510 
0.8958432 
0.9615249 
0.9657529 
0.9118902 
0.8455302 
0.8276885 
0.8096508 
0.7745918 
0.7564208 
0.7595272 
0.7371875 
0.6935311 
0.6704544 
0.6797206 
0.7264276 
0.7690226 
0.8121662 
0.8549221 
0.8719668 
0.8417156 
0.8306082 
0.8366338 
0.8347594 
0.7874806 
0.7331477 
0.7226900 
0.7362292 
0.7021991 
0.7116429 
0.7407711 
0.8045355 
0.8433065 
0.8432370 
0.8695510 
0.8844946 
0.8602838 
0.8532051 
0.8744409 
0.8854128 
0.8465310 
0.7763822 
0.8237927 
0.8257305 
0.7290371 
0.7334833 
0.7323222 
0.7484526 
0.7582970 
0.7369073 
0.7241565 
0.7776766 
0.8543978 
0.7908647 
0.7424634 
0.8069823 
0.8623412 
0.8182487 
0.7834571 
0.8002231 
0.8221958 
0.8222581 
0.8134022 
0.7700727 
0.7635906 
0.7366703 
0.7197617 
0.7246340 
0.7460555 
0.7750685 
0.7780453 
0.7912031 
0.8052342 
0.8045807 
0.8022373 
0.7944409 
0.8162139 
0.8242148 
0.7950595 
0.7640452 
0.7294527 
0.7053451 
0.6961778 
0.7058477 
0.7331780 
0.7516191 
0.7829150 
0.7712002 
0.7952194 
0.8144093 
0.8064243 
0.7937709 
0.8093759 
0.8202227 
0.8125996 
0.7786383 
0.7521941 
0.7392294 
0.7364150 
0.7190919 
0.7244055 
0.7394825 
0.7368562 
0.7311330 
0.7328931 
0.7569486 
0.7525988 
0.7592915 
0.7633551 
0.7945507 
0.7933515 
0.7670118 
0.7763718 
0.7871260 
0.7843562 
0.7683949 
0.7646973 
0.7519844 
0.7375626 
0.7153482 
0.7261163 
0.7177221 
0.7159973 
0.7048962 
0.6992887 
0.7260613 
0.7406869 
0.7226398 
0.7221124 
0.7238584 
0.7349300 
0.7482619 
0.7786728 
0.7836568 
0.7828860 
0.7715345 
0.7804759 
0.7837479 
0.7825606 
0.7617425 
0.7735623 
0.7803628 
0.7842469 
0.7785609 
0.7619888 
0.7339427 
0.7280525 
0.7241246 
0.7188458 
0.7348805 
0.7270980 
0.7411108 
0.7403612 
0.7465769 
0.7348590 
0.7426182 
0.7685527 
0.7504110 
0.7513316 
0.7326666 
0.7148537 
0.7343949 
0.7568680 
0.7677357 
0.7745318 
0.7768651 
0.7820615 
0.7829708 
0.7853941 
0.7721863 
0.7904141 
0.7800556 
0.7971139 
0.7949554 
0.7578472 
0.7471252 
0.7668803 
0.7554680 
0.7422832 
0.7374928 
0.7546206 
0.7630696 
0.7448609 
0.7599904 
0.7756091 
0.7876162 
0.7905926 
0.7723633 
0.7619663 
0.7681492 
0.7725593 
0.7744392 
0.7673278 
0.7702267 
0.7682509 
0.7677252 
0.7565849 
0.7567343 
0.7628744 
0.7511046 
0.7641770 
0.7658671 
0.7502065 
0.7404711 
0.7196281 
0.7134408 
0.7266125 
0.7219074 
0.7006008 
0.7243837 
0.7109009 
0.7273547 
0.7200363 
0.7535525 
0.7566394 
0.7319482 
0.7119844 
0.7025206 
0.6970943 
0.7072480 
0.7317661 
0.7519423 
0.7115102 
0.7067364 
0.6961777 
0.6860005 
0.7053275 
0.7151840 
0.7369755 
0.7267351 
0.7098611 
0.7124119 
0.7059955 
0.6898605 
0.6896392 
0.6841149 
0.6877571 
0.6820119 
0.6986194 
0.6941382 
0.6775485 
0.6693224 
0.7107453 
0.7191483 
0.6733580 
0.6581335 
0.6767977 
0.6942915 
0.6973454 
0.6969338 
0.6981464 
0.6782823 
0.6916624 
0.6945101 
0.6911149 
0.6990384 
0.7090840 
0.6962259 
0.7094843 
0.7008213 
0.7111657 
0.7060460 
0.7083427 
0.7178581 
0.7136443 
0.7365099 
0.7148717 
0.6768915 
0.7021513 
0.7227124 
0.7149858 
0.7347757 
0.7209073 
0.7209151 
0.7458152 
0.7195879 
0.6974478 
0.7173327 
0.6951781 
0.6637706 
0.6840151 
0.7116803 
0.7219287 
0.7284236 
0.7120386 
0.6963539 
0.7058142 
0.7046979 
0.7135784 
0.7146920 
0.7034158 
0.6914210 
0.6761499 
0.6778422 
0.7073027 
0.6861593 
0.6678212 
0.6670556 
0.6920042 
0.6886307 
0.6850387 
0.6728204 
0.6702017 
0.6628487 
0.6649375 
0.6704317 
0.6813688 
0.6803774 
0.6591106 
0.6548698 
0.6517920 
0.6861827 
0.6999013 
0.7058467 
0.6630154 
0.6497974 
0.6669428 
0.6865183 
0.6646390 
0.6473087 
0.6524388 
0.6652281 
0.6812128 
0.6625590 
0.6528557 
0.6518918 
0.6904578 
0.7011247 
0.7069170 
0.6554966 
0.6684106 
0.7170492 
0.7360736 
0.7028128 
0.7083347 
0.6947713 
0.7337318 
0.7421863 
0.6923552 
0.6310484 
0.6614567 
0.7168557 
0.7208177 
0.6668171 
0.6246682 
0.6500751 
0.6951615 
0.6941675 
0.6665018 
0.6756975 
0.7029922 
0.7352501 
0.6984447 
0.6543332 
0.6406761 
0.6757972 
0.6807092 
0.6677906 
0.6609434 
0.6689822 
0.6719242 
0.6523637 
0.6391515 
0.6483271 
0.6616022 
0.6765738 
0.6903817 
0.6973834 
0.7013404 
0.6988912 
0.6931222 
0.6897607 
0.6561737 
0.6052614 
0.5939089 
0.6287678 
0.6719014 
0.6986008 
0.6919286 
0.6771042 
0.6728187 
0.6364839 
0.6333861 
0.6368665 
0.6412319 
0.6536136 
0.6530646 
0.6503998 
0.6179765 
0.6273384 
0.6550482 
0.6688348 
0.6626538 
0.6589080 
0.6731892 
0.6915218 
0.6787942 
0.6497980 
0.6532539 
0.6762367 
0.6806969 
0.6331924 
0.6037803 
0.6513273 
0.6920737 
0.6749062 
0.6456227 
0.6456135 
0.6797106 
0.6995095 
0.6590637 
0.6080559 
0.6126280 
0.6608842 
0.6737370 
0.6566987 
0.6456460 
0.6716058 
0.7097364 
0.7136226 
0.6573788 
0.6523077 
0.6722184 
0.7136540 
0.6846031 
0.6336819 
0.6346294 
0.6707359 
0.7047088 
0.6445390 
0.5803636 
0.5950312 
0.6684263 
0.6766494 
0.6322155 
0.5842597 
0.5950657 
0.6548689 
0.6559550 
0.6594264 
0.6646980 
0.6816305 
0.7014250 
0.7093211 
0.6945165 
0.6796059 
0.6765963 
0.6662219 
0.6577890 
0.6659927 
0.6626701 
0.6271418 
0.6236170 
0.6365684 
0.6245001 
0.6162286 
0.6288413 
0.6414865 
0.6049425 
0.5833924 
0.6077689 
0.6202848 
0.6146390 
0.6236752 
0.6044703 
0.5926346 
0.6090540 
0.6150440 
0.6051201 
0.5865569 
0.6077120 
0.5897949 
0.5746415 
0.5846932 
0.5689187 
0.5512413 
0.5757824 
0.5713766 
0.5764766 
0.5939048 
0.5847187 
0.5833875 
0.6109197 
0.6208928 
0.6001779 
0.6087505 
0.6382543 
0.6169149 
0.6051106 
0.5991823 
0.5964447 
0.6040803 
0.6271293 
0.6382591 
0.6348185 
0.6418860 
0.6505952 
0.6538566 
0.6499359 
0.6463986 
0.6407752 
0.6286834 
0.6286962 
0.6293182 
0.6175732 
0.5999666 
0.5962558 
0.5808540 
0.5845704 
0.6053708 
0.6298038 
0.6248306 
0.6293376 
0.6364615 
0.6601615 
0.6818447 
0.7103414 
0.7130690 
0.7025116 
0.6687573 
0.6459722 
0.6155472 
0.6053513 
0.5900495 
0.5898563 
0.5824924 
0.5688836 
0.5579823 
0.5417188 
0.5563650 
0.5594202 
0.5504457 
0.5554436 
0.5880846 
0.6349836 
0.6413073 
0.6332269 
0.6436709 
0.6537584 
0.6587329 
0.6289993 
0.6315490 
0.6142703 
0.5777777 
0.5373062 
0.5323301 
0.5440072 
0.5642693 
0.5757028 
0.5687322 
0.5776980 
0.5778281 
0.5716931 
0.5923096 
0.6087604 
0.6285996 
0.6335272 
0.6153992 
0.5887734 
0.5964119 
0.6309506 
0.6362570 
0.6307248 
0.6129459 
0.5922063 
0.5757048 
0.5518900 
0.5709365 
0.6198547 
0.6432584 
0.6181476 
0.5768991 
0.5760039 
0.6023617 
0.6314149 
0.5940177 
0.5675432 
0.5514605 
0.5343456 
0.5484811 
0.5735036 
0.5786305 
0.5598997 
0.5353461 
0.5162358 
0.5342650 
0.5809750 
0.6247719 
0.5876434 
0.5480894 
0.5110234 
0.5026109 
0.5534034 
0.5946565 
0.6125037 
0.6142304 
0.5870238 
0.5322811 
0.5388342 
0.5544718 
0.5877525 
0.6060108 
0.5843838 
0.5574523 
0.5370113 
0.5354540 
0.5608780 
0.5866036 
0.5853618 
0.5773921 
0.5564486 
0.5461766 
0.5558783 
0.5854514 
0.5927716 
0.5889324 
0.5826627 
0.5565782 
0.5373881 
0.5349633 
0.5418740 
0.5619644 
0.5696366 
0.5680278 
0.5562346 
0.5460380 
0.5470037 
0.5549916 
0.5599728 
0.5479824 
0.5583662 
0.5681893 
0.5580572 
0.5723128 
0.5810264 
0.5815380 
0.5820317 
0.5744884 
0.5890959 
0.5885383 
0.6128286 
0.5867191 
0.5940961 
0.5901726 
0.5829123 
0.5809777 
0.5787409 
0.5848341 
0.6037832 
0.5844905 
0.5721843 
0.5801749 
0.5933899 
0.5881617 
0.5694381 
0.5617593 
0.5529327 
0.5609363 
0.5602432 
0.5602724 
0.5361979 
0.5432424 
0.5572076 
0.5725208 
0.5728304 
0.5923758 
0.5793154 
0.5647739 
0.5663598 
0.5562957 
0.5555452 
0.5598382 
0.5593680 
0.5573372 
0.5546908 
0.5548531 
0.5556462 
0.5662997 
0.5756578 
0.5620612 
0.5542192 
0.5732546 
0.5627056 
0.5524991 
0.5338524 
0.5254732 
0.5288503 
0.5675472 
0.5397485 
0.5536938 
0.5629638 
0.5605012 
0.5383977 
0.5470411 
0.5667300 
0.5630375 
0.5438700 
0.5576899 
0.5743371 
0.5832074 
0.5805943 
0.5890847 
0.5998318 
0.5650170 
0.5356422 
0.5339039 
0.5333702 
0.5434665 
0.5439182 
0.5384745 
0.5403479 
0.5498454 
0.5439928 
0.5584448 
0.5500789 
0.5269292 
0.5228728 
0.5410690 
0.5328031 
0.5312121 
0.5204111 
0.5283470 
0.5460426 
0.5504997 
0.5574809 
0.5617076 
0.5640983 
0.5905198 
0.5849496 
0.5713128 
0.5485883 
0.5423838 
0.5314589 
0.5382139 
0.5585099 
0.5620991 
0.5591083 
0.5378931 
0.5377421 
0.5397889 
0.5457386 
0.5400877 
0.5193416 
0.5302830 
0.5387908 
0.5167499 
0.5120947 
0.5253023 
0.5495530 
0.5406424 
0.5017625 
0.4928920 
0.5073079 
0.5027321 
0.4908501 
0.5257149 
0.5360943 
0.5406557 
0.5377719 
0.5439267 
0.5674338 
0.5874984 
0.5760682 
0.5570214 
0.5495469 
0.5217699 
0.5294724 
0.5538758 
0.5609474 
0.5678369 
0.5730285 
0.5716904 
0.5714545 
0.5683079 
0.5646216 
0.5602180 
0.5627105 
0.5622108 
0.5647796 
0.5765176 
0.5527007 
0.5374871 
0.5220861 
0.5266183 
0.5202314 
0.5079821 
0.5181688 
0.5189273 
0.5229228 
0.5246720 
0.5199956 
0.5311898 
0.5230288 
0.5135507 
0.5430576 
0.5610772 
0.5356426 
0.5191774 
0.5235263 
0.5455944 
0.5499419 
0.5289420 
0.5095915 
0.5246401 
0.5550253 
0.5492141 
0.5345776 
0.5473476 
0.5452542 
0.5392767 
0.5587487 
0.5483868 
0.5420214 
0.5391839 
0.5390123 
0.5352256 
0.5377068 
0.5382020 
0.5298085 
0.5308636 
0.5321182 
0.5212444 
0.5106520 
0.5021449 
0.4858717 
0.5054274 
0.5170461 
0.5153265 
0.5384044 
0.5403292 
0.5198239 
0.5066454 
0.4985312 
0.4790998 
0.4862158 
0.4880799 
0.4874758 
0.4806095 
0.4735662 
0.4857040 
0.4962263 
0.5174789 
0.5338167 
0.5098436 
0.4988793 
0.4896658 
0.5011512 
0.4861705 
0.4771523 
0.4825140 
0.4919984 
0.4995882 
0.4906363 
0.5028272 
0.5174031 
0.5281948 
0.5099423 
0.4889924 
0.4768981 
0.4693647 
0.4670484 
0.4918025 
0.4888769 
0.4832339 
0.4785349 
0.4611596 
0.4679002 
0.4720474 
0.4941013 
0.4997179 
0.4798938 
0.4703998 
0.4699678 
0.4657660 
0.4572776 
0.4954434 
0.5139176 
0.4851143 
0.4525632 
0.4476183 
0.4423003 
0.4642894 
0.4867983 
0.5125328 
0.5039019 
0.4595641 
0.4403677 
0.4503948 
0.4624128 
0.4938857 
0.4799469 
0.4880685 
0.4600911 
0.4367930 
0.4206280 
0.4620436 
0.5347280 
0.5671635 
0.5403121 
0.4727775 
0.4336156 
0.4398630 
0.4783141 
0.4944834 
0.4809790 
0.4647934 
0.4383286 
0.4203400 
0.4362246 
0.4735535 
0.5121125 
0.4923596 
0.4463140 
0.4317393 
0.4275227 
0.4237992 
0.4545954 
0.4830816 
0.5097763 
0.4958791 
0.4570443 
0.4517693 
0.4544010 
0.4784581 
0.4955956 
0.4751710 
0.4425194 
0.4431413 
0.4718355 
0.4815202 
0.4913280 
0.4837730 
0.4897228 
0.4871777 
0.4925649 
0.4972259 
0.5041342 
0.5175863 
0.5029326 
0.4954219 
0.5025835 
0.5088559 
0.5070476 
0.5054667 
0.4793794 
0.4837374 
0.4918693 
0.5114386 
0.5302659 
0.5435900 
0.5495855 
0.5409009 
0.5391661 
0.5416079 
0.5492955 
0.5357534 
0.5236369 
0.5144806 
0.5119868 
0.5162625 
0.5139814 
0.5289142 
0.5341933 
0.5129295 
0.5130078 
0.4967201 
0.4873926 
0.4882895 
0.4917705 
0.4787763 
0.4935444 
0.5037526 
0.5134050 
0.4983913 
0.4728295 
0.4690715 
0.4685873 
0.4826319 
0.4825002 
0.4753049 
0.4415624 
0.4434378 
0.4658380 
0.4710843 
0.4596152 
0.4041069 
0.3895829 
0.3938832 
0.3993518 
0.4070528 
0.4083383 
0.4087140 
0.4242191 
0.4442346 
0.4342510 
0.4095932 
0.3723000 
0.3718700 
0.3975769 
0.3929556 
0.3705513 
0.3813012 
0.4345905 
0.4685352 
0.4699928 
0.4691231 
0.4381359 
0.4093523 
0.4021541 
0.4299177 
0.4362399 
0.4299414 
0.4226238 
0.4542760 
0.4904278 
0.4688999 
0.4375165 
0.4323564 
0.4154841 
0.3932431 
0.4144872 
0.4265113 
0.4378403 
0.4412594 
0.4538183 
0.5069145 
0.5335551 
0.5208524 
0.5161845 
0.4907910 
0.4826114 
0.5044016 
0.5218665 
0.5162313 
0.5137358 
0.5140814 
0.5442946 
0.5568167 
0.5625558 
0.5480207 
0.5294393 
0.4799758 
0.4598229 
0.4634031 
0.4870918 
0.4914513 
0.4903516 
0.5141487 
0.5257025 
0.5530711 
0.5653221 
0.5351886 
0.5042975 
0.4787382 
0.4730147 
0.4888407 
0.4918692 
0.4853031 
0.4818223 
0.4908082 
0.5045754 
0.5030031 
0.5133593 
0.5219417 
0.5178233 
0.5189975 
0.4976020 
0.4815602 
0.4839741 
0.4677453 
0.4625743 
0.4655491 
0.4713443 
0.4807707 
0.4982880 
0.5136319 
0.4869716 
0.4618365 
0.4581238 
0.4548906 
0.4354211 
0.4217336 
0.4425684 
0.4713472 
0.4790209 
0.4726289 
0.4857848 
0.4964770 
0.4745370 
0.4616211 
0.4582596 
0.4510207 
0.4463103 
0.4410780 
0.4583041 
0.4605444 
0.4776832 
0.4949355 
0.4922851 
0.4590727 
0.4603013 
0.4809566 
0.4833499 
0.4849377 
0.4845024 
0.5028076 
0.4847341 
0.4680226 
0.4623577 
0.4843877 
0.4923974 
0.4989304 
0.4844574 
0.4740301 
0.4669501 
0.4893791 
0.4891211 
0.5036196 
0.4910812 
0.4835112 
0.4879588 
0.4817739 
0.4877298 
0.4617974 
0.4669334 
0.4685240 
0.4924582 
0.5164051 
0.5123398 
0.4948583 
0.5320304 
0.5236276 
0.5140137 
0.4914192 
0.4738703 
0.4698606 
0.4853640 
0.4787614 
0.5074060 
0.5026691 
0.4968423 
0.5059322 
0.5042277 
0.5003955 
0.5039985 
0.5263945 
0.5221623 
0.5120529 
0.5055825 
0.5255649 
0.5224006 
0.5185939 
0.5035739 
0.4802827 
0.4965777 
0.4982139 
0.5047099 
0.4935168 
0.4966294 
0.4778494 
0.4727398 
0.4771746 
0.4907219 
0.4840500 
0.4749492 
0.4680394 
0.4832446 
0.4907779 
0.5151557 
0.5127076 
0.4845924 
0.4743820 
0.4665900 
0.4766270 
0.4891636 
0.5018608 
0.4753055 
0.4586384 
0.4424016 
0.4744210 
0.5029649 
0.5090739 
0.4892733 
0.4687370 
0.4713629 
0.4595361 
0.4874038 
0.4916606 
0.4942120 
0.4695748 
0.4589238 
