-0.0001674 
0.0000095 
0.0001215 
0.4824210 
-0.1223693 
-0.3622183 
0.9612054 
0.9391312 
0.9523904 
0.9553774 
0.9330386 
0.9498991 
0.9602728 
0.9788217 
0.9573983 
0.9618310 
0.9796404 
0.9707542 
0.9597070 
0.9497103 
0.9777413 
0.9753450 
0.9517547 
0.9706793 
0.9528881 
0.9776742 
0.9866947 
0.9833071 
0.9982771 
1.0000000 
0.9778474 
0.9495376 
0.9404845 
0.8946814 
0.9265562 
0.9790494 
0.9867783 
0.9718048 
0.9882374 
0.9814795 
0.9821864 
0.9591236 
0.9682162 
0.9825055 
0.9889559 
0.9788335 
0.9745828 
0.9564729 
0.9495629 
0.9365099 
0.9299307 
0.9428903 
0.9318114 
0.9277112 
0.9639869 
0.9559102 
0.9291648 
0.9692764 
0.9243102 
0.9209830 
0.9596824 
0.9559480 
0.9677730 
0.9887611 
0.9683510 
0.9632140 
0.9387463 
0.9023548 
0.9156007 
0.9169938 
0.9156313 
0.9352374 
0.9059113 
0.9162911 
0.9284644 
0.9055337 
0.9281018 
0.9227658 
0.9194605 
0.8997077 
0.8948511 
0.9377395 
0.9539717 
0.9537344 
0.9245889 
0.9308988 
0.9256722 
0.8916557 
0.8837491 
0.8842694 
0.8799888 
0.8623537 
0.8838333 
0.8788746 
0.8724785 
0.8578066 
0.8511535 
0.8567082 
0.8638844 
0.8355643 
0.8269646 
0.7752814 
0.8343487 
0.8391550 
0.8067534 
0.8247700 
0.7976556 
0.8057969 
0.7941137 
0.7932282 
0.7991056 
0.7670442 
0.7598640 
0.7386129 
0.7494523 
0.7268443 
0.7305762 
0.7391718 
0.7139880 
0.7334165 
0.7236571 
0.7097167 
0.6984516 
0.7015915 
0.6865498 
0.7124381 
0.7140624 
0.7255235 
0.7291078 
0.7382212 
0.7002591 
0.7046853 
0.7077447 
0.7411641 
0.7450091 
0.7345835 
0.7727091 
0.7530799 
0.7592464 
0.7683968 
0.7393433 
0.7555131 
0.7592626 
0.7881621 
0.7952781 
0.8046325 
0.7912310 
0.8048771 
0.8041282 
0.7922191 
0.8038492 
0.7845438 
0.7624672 
0.7794935 
0.7951221 
0.7763968 
0.7696482 
0.7624290 
0.7644463 
0.7562729 
0.7700114 
0.7530843 
0.7538416 
0.7645409 
0.7767013 
0.7943443 
0.7703216 
0.7933634 
0.7999766 
0.8000390 
0.7949719 
0.7995070 
0.8098619 
0.8022795 
0.8063422 
0.8183925 
0.8433588 
0.8254873 
0.8378633 
0.8774183 
0.8576721 
0.8553592 
0.8387366 
0.8000807 
0.7977454 
0.7808851 
0.7816571 
0.7938848 
0.8064325 
0.8280729 
0.7517558 
0.7820095 
0.7867479 
0.7864608 
0.7563824 
0.8037509 
0.8141751 
0.8147842 
0.8065569 
0.8117936 
0.7925788 
0.7677601 
0.7780997 
0.7590368 
0.7811766 
0.7752669 
0.7841266 
0.7855831 
0.7880431 
0.7822266 
0.7437806 
0.7688626 
0.7655292 
0.7831556 
0.7395936 
0.7887169 
0.7698373 
0.7728506 
0.7728666 
0.7681713 
0.7639702 
0.7861942 
0.7937783 
0.7826719 
0.7772144 
0.7884132 
0.7783676 
0.7635682 
0.7801438 
0.7853750 
0.7975184 
0.7872492 
0.8057631 
0.8258447 
0.8248048 
0.8242089 
0.8397133 
0.8383366 
0.8759424 
0.8729611 
0.8641678 
0.8366016 
0.8549085 
0.8213843 
0.8195436 
0.7665857 
0.7615840 
0.7390978 
0.7745258 
0.7781462 
0.7790480 
0.7460697 
0.7563248 
0.7753181 
0.7818570 
0.7554942 
0.7790029 
0.7810552 
0.7745363 
0.7664838 
0.7559737 
0.7774914 
0.7869111 
0.7867277 
0.7990494 
0.8074020 
0.7981013 
0.7782723 
0.7740612 
0.7632925 
0.7649855 
0.7632187 
0.7653427 
0.7693846 
0.7869186 
0.7848051 
0.7741445 
0.7813227 
0.7616711 
0.7425728 
0.7531628 
0.7616166 
0.7264362 
0.7310178 
0.7166707 
0.7294977 
0.7506780 
0.7653952 
0.7655057 
0.7636768 
0.7819045 
0.7511274 
0.7737735 
0.7810052 
0.7792827 
0.7803916 
0.7670333 
0.7308821 
0.7335766 
0.7300332 
0.7613873 
0.7709462 
0.7825627 
0.7797381 
0.8078846 
0.7926363 
0.7825215 
0.7743529 
0.7776590 
0.8000988 
0.7726790 
0.7764052 
0.7833387 
0.7689699 
0.7709459 
0.7760621 
0.7903544 
0.7991076 
0.7831550 
0.7908777 
0.7806677 
0.7760666 
0.7654819 
0.7740824 
0.7626014 
0.7593824 
0.7531836 
0.7362265 
0.7601003 
0.7716574 
0.7603457 
0.7612245 
0.7880264 
0.7760397 
0.7733412 
0.7606787 
0.7547541 
0.7425721 
0.7289489 
0.7305047 
0.7359991 
0.7271796 
0.7311496 
0.7563683 
0.7426988 
0.7427244 
0.7016691 
0.6989028 
0.6981557 
0.7096946 
0.7275990 
0.7204913 
0.7322939 
0.7421472 
0.7301339 
0.7290212 
0.7439285 
0.7268581 
0.7079886 
0.7544979 
0.7303523 
0.7358397 
0.7575199 
0.7514022 
0.7483945 
0.7569342 
0.7707634 
0.7872649 
0.7827159 
0.7909816 
0.7652486 
0.7169040 
0.7137818 
0.7197149 
0.6917391 
0.7131907 
0.7719866 
0.7509408 
0.7310931 
0.7211147 
0.7215062 
0.7024866 
0.7089365 
0.6807159 
0.6717353 
0.6964316 
0.7316760 
0.7594562 
0.7375463 
0.7332202 
0.7446035 
0.7328394 
0.7196460 
0.7125973 
0.7141848 
0.7100844 
0.7289940 
0.7022756 
0.6938377 
0.7016316 
0.7357011 
0.7217516 
0.7077640 
0.7304452 
0.7174756 
0.7359663 
0.7340111 
0.7410669 
0.7247543 
0.7264765 
0.7414178 
0.7337215 
0.7633092 
0.7976120 
0.8029585 
0.7778552 
0.7402253 
0.7509058 
0.7458441 
0.7170192 
0.7207055 
0.7580009 
0.7632976 
0.7597125 
0.7683982 
0.7744765 
0.7830180 
0.8018806 
0.7934410 
0.8030447 
0.8090879 
0.7810733 
0.7483830 
0.7305695 
0.7347942 
0.7601795 
0.7551350 
0.7637380 
0.7689756 
0.7241564 
0.7369529 
0.6817986 
0.6757950 
0.6605580 
0.6618767 
0.6679347 
0.6707657 
0.6892448 
0.6762972 
0.6465665 
0.6387507 
0.6386448 
0.6502827 
0.6747303 
0.6836338 
0.7248906 
0.7000016 
0.7273810 
0.7534163 
0.7719820 
0.8037344 
0.7832240 
0.7828176 
0.7526823 
0.7009966 
0.6329945 
0.5508356 
0.5263431 
0.5061748 
0.5006050 
0.5144394 
0.4858747 
0.4891511 
0.4843841 
0.5151074 
0.4975076 
0.5156502 
0.5106952 
0.5044996 
0.4820459 
0.4850886 
0.4577248 
0.4179473 
0.4170571 
0.4287414 
0.4480964 
0.5001303 
0.5771419 
0.5976605 
0.6714190 
0.6913526 
0.6831478 
0.7092744 
0.6797276 
0.6710834 
0.6677925 
0.6747147 
0.6709959 
0.6630200 
0.6558945 
0.6420717 
0.6362813 
0.6194413 
0.5917508 
0.5982134 
0.5916863 
0.6081137 
0.5718544 
0.5940477 
0.5953972 
0.5918339 
0.5919875 
0.5915755 
0.5957795 
0.6070796 
0.5928975 
0.6349955 
0.6276139 
0.6144813 
0.5970425 
0.5862168 
0.5740089 
0.5709650 
0.5851827 
0.5854176 
0.5398706 
0.5548710 
0.5604857 
0.5474284 
0.5402949 
0.5626661 
0.5902417 
0.6055629 
0.6055368 
0.6036143 
0.6408271 
0.6398730 
0.6452169 
0.6875456 
0.6823076 
0.7042178 
0.6826451 
0.6665722 
0.6560917 
0.6621617 
0.6844386 
0.6594592 
0.6867266 
0.6815474 
0.6686885 
0.6717972 
0.6437429 
0.6114350 
0.6087872 
0.6316483 
0.6195797 
0.6276405 
0.6195639 
0.6174666 
0.6460016 
0.6546459 
0.6661793 
0.6668246 
0.6726929 
0.6857037 
0.6967522 
0.7058808 
0.6520682 
0.6394622 
0.6292703 
0.6355358 
0.5950282 
0.6205322 
0.6019158 
0.6007432 
0.6312060 
0.6345943 
0.6229319 
0.6180457 
0.6070840 
0.6073960 
0.6097609 
0.6280630 
0.6436609 
0.6550612 
0.6722481 
0.6683228 
0.6650903 
0.6657357 
0.6531003 
0.6561103 
0.6485933 
0.6064207 
0.6097084 
0.6306218 
0.6262728 
0.6241186 
0.6168229 
0.6359708 
0.6481859 
0.6395469 
0.6389244 
0.6113113 
0.6277893 
0.6192736 
0.6317689 
0.6297053 
0.6531600 
0.6692378 
0.6894447 
0.6524569 
0.6863770 
0.6840372 
0.7079618 
0.7063931 
0.7023459 
0.7164706 
0.7257983 
0.7281905 
0.7359952 
0.7810593 
0.7696032 
0.7595931 
0.7793286 
0.7882432 
0.7881296 
0.7567799 
0.7641206 
0.7382438 
0.7459285 
0.7507352 
0.7603327 
0.7620731 
0.7459062 
0.7306567 
0.7356476 
0.7417544 
0.7293987 
0.7147189 
0.7202818 
0.7481594 
0.7220136 
0.7296396 
0.7142469 
0.6890453 
0.7001786 
0.7225265 
0.6863310 
0.6612619 
0.6730831 
0.6720344 
0.6733388 
0.6755174 
0.6977590 
0.7048846 
0.7246999 
0.7417480 
0.7183563 
0.7149391 
0.7021067 
0.7181567 
0.7110868 
0.7083256 
0.6996528 
0.7018346 
0.7104241 
0.7129017 
0.7056882 
0.7129620 
0.6985379 
0.7049253 
0.7166360 
0.7044585 
0.7095916 
0.6874592 
0.7123978 
0.7007237 
0.6784863 
0.6780764 
0.6656550 
0.6506930 
0.7072961 
0.7200101 
0.7302491 
0.7287935 
0.7007692 
0.7043553 
0.7052768 
0.7340970 
0.7337807 
0.7110041 
0.6910898 
0.7008905 
0.7081925 
0.7010784 
0.6744611 
0.7095153 
0.7172557 
0.7183286 
0.7195975 
0.6926889 
0.6613258 
0.6284636 
0.6172904 
0.6327238 
0.6344289 
0.6672552 
0.6712023 
0.6857225 
0.6702376 
0.6618100 
0.6487846 
0.6555682 
0.6314778 
0.6449605 
0.6563369 
0.6594449 
0.6591173 
0.6648851 
0.6460386 
0.6371514 
0.6235749 
0.6204130 
0.6313135 
0.6469869 
0.6261486 
0.6127251 
0.6130947 
0.6009225 
0.6177718 
0.6250007 
0.6239435 
0.6347705 
0.6393973 
0.6478883 
0.6489328 
0.6472726 
0.6346237 
0.6304106 
0.6266655 
0.6198277 
0.6044341 
0.5774793 
0.5949803 
0.6049623 
0.5968297 
0.6059630 
0.6201752 
0.6306562 
0.6199945 
0.6336248 
0.6213998 
0.6255255 
0.6346439 
0.6304063 
0.6375958 
0.6449158 
0.6529663 
0.6899760 
0.6861252 
0.6989111 
0.6570911 
0.6584892 
0.6323181 
0.6391615 
0.6463901 
0.6439846 
0.6470748 
0.6274581 
0.6406802 
0.6326853 
0.6222690 
0.6149730 
0.6521784 
0.6569219 
0.6768524 
0.6795568 
0.6776324 
0.6868324 
0.6584604 
0.6397458 
0.5868283 
0.6102226 
0.5918793 
0.5968640 
0.6223783 
0.6458813 
0.6087923 
0.6338825 
0.6690259 
0.6613120 
0.6771204 
0.6810388 
0.6844335 
0.6519595 
0.6701514 
0.6836454 
0.6656246 
0.6595448 
0.6647330 
0.6770977 
0.6916777 
0.6785151 
0.6841976 
0.7148361 
0.6834195 
0.7129730 
0.7271469 
0.7055548 
0.6948211 
0.7002974 
0.6619289 
0.6886016 
0.6806261 
0.6997527 
0.6826926 
0.6678065 
0.7142074 
0.6833788 
0.6527540 
0.6602734 
0.6261285 
0.6618980 
0.6774987 
0.6644317 
0.6449017 
0.6218831 
0.6000046 
0.5959563 
0.5848737 
0.5798837 
0.5791325 
0.6035238 
0.6171608 
0.5931941 
0.6032197 
0.6065747 
0.6096971 
0.5948158 
0.6389027 
0.6137742 
0.6462604 
0.6354833 
0.6462671 
0.6358004 
0.6608835 
0.6353116 
0.6564445 
0.6703806 
0.6794430 
0.7029046 
0.7202260 
0.7121117 
0.7236424 
0.7201489 
0.7524853 
0.7370418 
0.7440696 
0.7546186 
0.7648428 
0.7567101 
0.7493685 
0.7645864 
0.7605519 
0.7597119 
0.7759115 
0.7526645 
0.7452146 
0.7479748 
0.7395036 
0.7180194 
0.7170533 
0.7052975 
0.7288461 
0.7389454 
0.7404977 
0.7253537 
0.6731307 
0.6060810 
0.6265350 
0.6389108 
0.6239825 
0.6197053 
0.5983493 
0.6501832 
0.6489428 
0.6348114 
0.6110793 
0.6223348 
0.5615608 
0.5552810 
0.5572204 
0.5734018 
0.5688675 
0.5571867 
0.5292414 
0.5142422 
0.5238051 
0.5168968 
0.5677051 
0.6088811 
0.6101789 
0.6101412 
0.6116939 
0.6122866 
0.5963365 
0.5907382 
0.6115201 
0.6377985 
0.6168184 
0.6162048 
0.5986650 
0.6158943 
0.6262693 
0.6491798 
0.6468213 
0.6701372 
0.6265253 
0.6278811 
0.6292648 
0.6141525 
0.6337221 
0.6541417 
0.6556640 
0.6416294 
0.6553740 
0.6210840 
0.6338966 
0.6362553 
0.6393812 
0.6281011 
0.5846980 
0.5855934 
0.5651235 
0.5725823 
0.5563705 
0.5595297 
0.5431323 
0.5234139 
0.5233654 
0.4994789 
0.4746968 
0.4806824 
0.4750865 
0.4572627 
0.4803345 
0.4726819 
0.4896494 
0.4839118 
0.4824878 
0.4802471 
0.4815548 
0.4955736 
0.4754659 
0.4718835 
0.4970692 
0.5158419 
0.4534492 
0.4327823 
0.4632103 
0.4931950 
0.5027235 
0.4966396 
0.5075517 
0.5011801 
0.5409712 
0.5223651 
0.5353712 
0.5221313 
0.5193879 
0.5269782 
0.5279804 
0.5402832 
0.5319566 
0.5166807 
0.5216416 
0.5365590 
0.5231494 
0.5469915 
0.5740298 
0.5930252 
0.5877650 
0.5698723 
0.5631027 
0.5605575 
0.5811389 
0.5593586 
0.5636577 
0.5459116 
0.5212985 
0.5262090 
0.5396466 
0.5295116 
0.4847719 
0.4910156 
0.4786175 
0.5140659 
0.5503795 
0.5375104 
0.5688067 
0.5865164 
0.5640354 
0.5572639 
0.5736218 
0.5730452 
0.5770986 
0.6113858 
0.5876719 
0.5920380 
0.6054000 
0.6018579 
0.6044368 
0.5900297 
0.6011209 
0.6060533 
0.6030854 
0.6006080 
0.6146462 
0.5937549 
0.6097839 
0.6292080 
0.6228145 
0.6122980 
0.6152937 
0.5954434 
0.5988266 
0.5991346 
0.6104858 
0.5995865 
0.5643848 
0.5368248 
0.5442296 
0.5704752 
0.6249654 
0.5849368 
0.5853263 
0.5862224 
0.5805420 
0.5743654 
0.5658637 
0.5603240 
0.5759647 
0.5580236 
0.5351853 
0.5299189 
0.5281261 
0.5095725 
0.5066949 
0.5334563 
0.5289493 
0.5356037 
0.5247238 
0.5350195 
0.5016910 
0.5355749 
0.5429594 
0.5526074 
0.5701956 
0.5655577 
0.5861197 
0.5759897 
0.5770529 
0.5759926 
0.5877791 
0.5435822 
0.5661779 
0.5619404 
0.5833562 
0.5797698 
0.5781763 
0.5585444 
0.5696188 
0.5877123 
0.6101498 
0.5891008 
0.5981414 
0.5800991 
0.5886201 
0.5647786 
0.5762364 
0.5721029 
0.5740558 
0.5630005 
0.5595835 
0.5477670 
0.5534268 
0.5575719 
0.5298290 
0.5260849 
0.5342983 
0.5394810 
0.5320057 
0.5618518 
0.5571872 
0.5803081 
0.5814017 
0.5795753 
0.5549170 
0.5753031 
0.5563182 
0.5715785 
0.5641576 
0.5544555 
0.5503389 
0.5494877 
0.5747587 
0.5835083 
0.5692499 
0.5646404 
0.5535591 
0.5521399 
0.5523759 
0.5639563 
0.5497085 
0.5376179 
0.5349268 
0.5146746 
0.5024525 
0.5218905 
0.5481783 
0.5440649 
0.5720598 
0.5597180 
0.5494034 
0.5942651 
0.5978506 
0.5748626 
0.5686646 
0.5710582 
0.5611122 
0.5517638 
0.5641588 
0.5722819 
0.5758626 
0.5892659 
0.5585468 
0.5596058 
0.5712915 
0.5101961 
0.5345713 
0.5730484 
0.5706077 
0.5572291 
0.5468426 
0.5547054 
0.5486862 
0.5642023 
0.5697650 
0.5542015 
0.5377659 
0.5317400 
0.4948947 
0.5208458 
0.5210473 
0.5291762 
0.5651940 
0.5586393 
0.5578663 
0.5711147 
0.6608599 
0.6315590 
0.5891671 
0.5937949 
0.5923741 
0.6083337 
0.4787695 
0.4455560 
0.4435723 
0.4244352 
0.3955488 
0.4198756 
0.4043445 
0.4437620 
0.4570153 
0.4759887 
0.4928776 
0.5009510 
0.4983313 
0.5048091 
0.5043410 
0.5117600 
0.4809532 
0.5068380 
0.5162100 
0.5228396 
0.5102863 
0.4999603 
0.4905642 
0.4810636 
0.4783524 
0.4678889 
0.4527605 
0.4586996 
0.4605721 
0.4751602 
0.4723082 
0.4542557 
0.4198910 
0.5092963 
0.5443040 
0.5598649 
0.5674540 
0.5380038 
0.5482753 
0.5064204 
0.4867189 
0.4330092 
0.4310722 
0.4560483 
0.4554610 
0.4777157 
0.4697290 
0.4898943 
0.5055194 
0.5129337 
0.5280315 
0.4985724 
0.5059314 
0.5095204 
0.4922691 
0.5023318 
0.5044630 
0.4919911 
0.5257564 
0.5140818 
0.5164254 
0.5021923 
0.4994674 
0.5315954 
0.4992234 
0.5127055 
0.4742741 
0.4668039 
0.4479810 
0.4895373 
0.4690045 
0.4549106 
0.4485743 
0.4594018 
0.4675778 
0.4536186 
0.4413802 
0.4321371 
0.4446428 
0.4810618 
0.4490725 
0.4309576 
0.4165771 
0.4279616 
0.4417842 
0.4557903 
0.4484522 
0.4703034 
0.4330490 
0.4547690 
0.4642519 
0.4310346 
0.4241287 
0.4329373 
0.4308210 
0.4159336 
0.4274033 
0.4387139 
0.4328437 
0.4291569 
0.4049693 
0.4083443 
0.4198741 
0.4220669 
0.4314722 
0.4030848 
0.3816043 
0.3431277 
0.3347410 
0.3466174 
0.3429548 
0.3433442 
0.3611636 
0.3523254 
0.3036793 
0.3376752 
0.3413910 
0.3427059 
0.3375355 
0.3278254 
0.3211771 
0.2811298 
0.2451367 
0.2622345 
0.3337343 
0.3573533 
0.3675014 
0.3682490 
0.3745252 
0.3563435 
0.3682994 
0.3563968 
0.3846902 
0.3971518 
0.3814349 
0.3800445 
0.3943580 
0.3991544 
0.4047296 
0.4267983 
0.4194022 
0.4127872 
0.4227756 
0.4253587 
0.4105006 
0.4185081 
0.4082730 
0.4103885 
0.4348870 
0.4288262 
0.4371915 
0.3878732 
0.3879526 
0.4007187 
0.3878140 
0.3928903 
0.3934066 
0.3880024 
0.3810072 
0.3765304 
0.3796990 
0.3945049 
0.3992071 
0.4191239 
0.4334390 
0.4202711 
0.4248823 
0.4033655 
0.3906768 
0.4141780 
0.3811521 
0.4033906 
0.4331573 
0.4299558 
0.4132637 
0.4121293 
0.4353573 
0.4131088 
0.4251706 
0.4410465 
0.4748071 
0.4712257 
0.4501178 
0.4533259 
0.4644168 
0.4533952 
0.4825202 
0.4617458 
0.4497316 
0.4615770 
0.4471136 
0.4268243 
0.4503242 
0.4591768 
0.4618403 
0.4674937 
0.4661227 
0.4763606 
0.4430760 
0.4345798 
0.4304982 
0.4338283 
0.4377976 
0.4525692 
0.4197479 
0.4399214 
0.4573424 
0.4220527 
0.4561559 
0.4495571 
0.4354273 
0.4439115 
0.4194619 
0.4210212 
0.4146829 
0.4393528 
0.4423974 
0.4483500 
0.4550841 
0.4390504 
0.4544527 
0.4507775 
0.4707611 
0.4683800 
0.4749738 
0.4803890 
0.4608064 
0.4691980 
0.4372606 
0.4092624 
0.3987857 
0.4364224 
0.4336521 
0.4227398 
0.4277747 
0.4765968 
0.4725899 
0.4711919 
0.5149457 
0.5270140 
0.5206667 
0.5140511 
0.5220110 
0.4886627 
0.4598138 
0.4242819 
0.4273009 
0.4264188 
0.3974789 
0.3851233 
0.3954971 
0.3750869 
0.3763293 
0.3471525 
0.3417592 
0.3424934 
0.3724305 
0.3485967 
0.3306610 
0.3363747 
0.3236619 
0.3214264 
0.3298129 
0.3453586 
0.3421572 
0.3593110 
0.3615012 
0.3370950 
0.3365112 
0.3592766 
0.3400121 
0.3437945 
0.3501699 
0.3395101 
0.3398220 
0.3113123 
0.2852797 
0.2943289 
0.3214098 
0.3191754 
0.3437335 
0.3533401 
0.3617432 
0.3213002 
0.3335059 
0.3722935 
0.3582144 
0.3602527 
0.3703336 
0.3815081 
0.3813075 
0.3534835 
0.3569574 
0.3345072 
0.3590938 
0.3564311 
0.3428453 
0.3174270 
0.3434765 
0.3527228 
0.2885634 
0.2942245 
0.2999700 
0.2881881 
0.2404577 
0.2463097 
0.2529894 
0.2644196 
0.3023603 
0.3192727 
0.3083605 
0.3096474 
0.3169728 
0.2918149 
0.2997127 
0.3144762 
0.3094944 
0.3094234 
0.3054701 
0.2993286 
0.3064976 
0.2838667 
0.2742254 
0.2681439 
0.2685849 
0.2975338 
0.2934500 
0.2864448 
0.3046890 
0.2917889 
0.2934470 
0.3194021 
0.3235238 
0.3256894 
0.3346159 
0.3171997 
0.3228350 
0.3015115 
0.2920525 
0.3271046 
0.3150458 
0.2919337 
0.2834215 
0.2460945 
0.2558172 
0.2501355 
0.2756456 
0.2735301 
0.2746698 
0.2707584 
0.3060517 
0.2889058 
0.3206076 
0.3312423 
0.3437204 
0.3532834 
0.3917198 
0.3943153 
0.3869777 
0.3856209 
0.4032544 
0.4133352 
0.4264983 
0.3992479 
0.3853684 
0.3964730 
0.3491543 
0.2408199 
0.2110462 
0.2130212 
0.2392935 
0.2703727 
0.3272332 
0.3294852 
0.3057010 
0.2859381 
0.2858167 
0.2845036 
0.2953132 
0.3002060 
0.3247594 
0.3336204 
0.3422774 
0.3354687 
0.3402993 
0.3293403 
0.2753460 
0.3003173 
0.1978705 
0.1985347 
0.1712278 
0.1629353 
0.1542054 
0.1712088 
0.1968030 
0.2027589 
0.2111979 
0.2509868 
0.2974422 
0.2870418 
0.2786788 
0.2906795 
0.2752634 
0.2807806 
0.2536905 
0.2732681 
0.2684578 
0.3114568 
0.3151172 
0.3094332 
0.2906724 
0.2738149 
0.2607242 
0.2617537 
0.2615081 
0.2699926 
0.2674937 
0.2715356 
0.2198587 
0.1928089 
0.1670611 
0.2143400 
0.2039914 
0.2212348 
0.2343735 
0.2371336 
0.2512381 
0.2129447 
0.2322546 
0.2841139 
0.2754406 
0.3149592 
0.3248575 
0.3217972 
0.2882478 
0.2685645 
0.2803072 
0.3075726 
0.3430520 
0.3378729 
0.2961340 
0.2954383 
0.2825842 
0.2930827 
0.2694243 
0.2456811 
0.2168081 
0.2000399 
0.2112527 
0.1932198 
0.1648956 
0.1948607 
0.2113963 
0.2418968 
0.2512573 
0.2512693 
0.2223834 
0.2009630 
0.2357427 
0.2557369 
0.2394107 
0.2294272 
0.2277620 
0.2226553 
0.1889773 
0.2025400 
0.1833684 
0.2094507 
0.2426563 
0.2640771 
0.2425681 
0.2292229 
0.2255252 
0.2571841 
0.2854660 
0.3100675 
0.3245451 
0.2958721 
0.2993949 
0.3007656 
0.2788508 
0.3509207 
0.3392047 
0.3174899 
0.2972184 
0.2961879 
0.3074534 
0.2984761 
0.3084152 
0.2765646 
0.2605775 
0.2624649 
0.2599780 
0.2732394 
0.2456834 
0.2421514 
0.2226867 
0.2312343 
0.2471360 
0.2438925 
0.2301191 
0.2416232 
0.2240104 
0.2144504 
0.2071399 
0.2117828 
0.2008777 
0.1877682 
0.1534044 
0.1685285 
0.1663479 
0.1761748 
0.2024474 
0.2459948 
0.2649713 
0.2693393 
0.2845501 
0.2978567 
0.2986267 
0.3201845 
0.2817982 
0.2515917 
0.2583631 
0.2485843 
0.2609297 
0.2466553 
0.2199099 
0.2414637 
0.2482313 
0.2571079 
0.2630134 
0.2714645 
0.2620682 
0.2548534 
0.2208695 
0.2427462 
0.2550254 
0.2620998 
0.2262140 
0.2526073 
0.2573217 
0.2497079 
0.2870316 
0.2956025 
0.2916969 
0.3063323 
0.2874268 
0.2811907 
0.2353539 
0.2503337 
0.2217794 
0.1958577 
0.2035915 
0.2119752 
0.2121231 
0.2321389 
0.2898654 
0.3060098 
0.3302096 
0.3364942 
0.3461271 
0.3292505 
0.3247731 
0.3434451 
0.3960333 
0.4048381 
0.4437813 
0.4433459 
0.4007615 
0.3666764 
0.2919396 
0.1842658 
0.1831258 
0.1688277 
0.1685205 
0.2251521 
0.2496947 
0.2279356 
0.2539188 
0.2495882 
0.2736787 
0.2766470 
0.2940164 
0.2535060 
0.2496960 
0.2593430 
0.2762218 
0.2730259 
0.2353499 
0.2177614 
0.1996104 
0.1807752 
0.1856565 
0.1823890 
0.2018189 
0.1495463 
0.1625839 
0.1515423 
0.1603627 
0.1286560 
0.1328402 
0.1429714 
0.1393650 
0.1338296 
0.1457220 
0.1464501 
0.0875656 
0.0687741 
0.0798950 
0.0943172 
0.0668270 
0.1095633 
0.1142199 
0.1606054 
0.1718882 
0.2058368 
0.2011752 
0.1686745 
0.1705371 
0.1642090 
0.1724487 
0.1901187 
0.1973732 
0.1985974 
0.1790742 
0.1578603 
0.1293330 
0.1116224 
0.1657952 
0.1623175 
0.1379033 
0.1186432 
0.1000904 
0.1072528 
0.0988119 
0.1465160 
0.1472855 
0.1610461 
0.1776234 
0.1538260 
0.1445330 
0.1508805 
0.1285927 
0.1394276 
0.1142996 
0.0930553 
0.0493734 
0.0597831 
0.0743832 
0.0919437 
0.1160728 
0.1111707 
0.1289457 
0.1444549 
0.1783016 
0.1514453 
0.1453324 
0.1613066 
0.1635410 
0.1809348 
0.2013763 
0.1966015 
0.2155435 
0.2115064 
0.2118767 
0.2217238 
0.1972489 
0.2159720 
0.2462057 
0.2084855 
0.2019759 
0.1825895 
0.1705300 
0.1630819 
0.1426151 
0.1878741 
0.1893229 
0.1587727 
0.1357546 
0.1195615 
0.1350586 
0.1310972 
0.1308132 
0.1412667 
0.1455961 
0.1375774 
0.1137983 
0.0741673 
0.0885557 
0.0917278 
0.1295480 
0.1297762 
0.1342659 
0.1630127 
0.1513429 
0.1478047 
0.1724628 
0.1512096 
0.1669601 
0.1701156 
0.1582691 
0.1646310 
0.1709430 
0.1682601 
0.1812179 
0.1627547 
0.1654964 
0.1610325 
0.1381805 
0.1371586 
0.1187495 
0.1191011 
0.1266757 
0.0835381 
0.1202615 
0.1116940 
0.1116130 
0.1111044 
0.1220921 
0.1106427 
0.1054614 
0.1281370 
0.1341978 
0.1151748 
0.1098398 
0.1380927 
0.1461211 
0.1689600 
0.1675710 
0.1476717 
0.1604994 
0.1400545 
0.1536459 
0.1308780 
0.1599603 
0.1745706 
0.2016525 
0.2111576 
0.2150410 
0.2005019 
0.2082633 
0.1823892 
0.2125279 
0.1821277 
0.1863863 
0.1974113 
0.1996413 
0.1990570 
0.2130840 
0.2001431 
0.1939076 
0.1969390 
0.2041671 
0.1848737 
0.2059122 
0.2033401 
0.2060904 
0.1825983 
0.2129893 
0.2015072 
0.1749528 
0.1607742 
0.1443068 
0.1685298 
0.1700660 
0.1419473 
0.1674074 
0.1531094 
0.1567350 
0.1946414 
0.1615484 
0.1676310 
0.1737936 
0.1771379 
0.1607517 
0.1752433 
0.1977949 
0.1912001 
0.1872353 
0.1955249 
0.1890044 
0.1849011 
0.1731069 
0.1501952 
0.1341193 
0.1173139 
0.1235768 
0.1493538 
0.1932268 
0.2036132 
0.1890553 
0.2023313 
0.1898207 
0.1599021 
0.1596862 
0.1822031 
0.1309341 
0.1220712 
0.1427603 
0.1485429 
0.1310856 
0.1103407 
0.0854201 
0.0892057 
0.0815835 
0.0243936 
0.0365210 
0.0380478 
0.0789907 
0.0970098 
0.1505319 
0.2801028 
0.3105161 
0.3053716 
0.3210851 
0.3336640 
0.2958774 
0.2685906 
0.2326170 
0.1888990 
0.1625036 
0.1468224 
0.1444292 
0.1718251 
0.1593579 
0.1631252 
0.1746493 
0.1428881 
0.1367819 
0.1404157 
0.1231967 
0.0743916 
0.0737264 
0.0778119 
0.0852878 
0.0950108 
0.1123258 
0.1437465 
0.1433475 
0.1373185 
0.1255023 
0.1118107 
0.1308481 
0.1553396 
0.1713224 
0.1658020 
0.1758847 
0.1737397 
0.1539432 
0.1457057 
0.1493100 
0.1649920 
0.1447865 
0.1318302 
0.1187269 
0.1152523 
0.1194419 
0.1401306 
0.1699665 
0.1726046 
0.2026320 
0.1884814 
0.1777902 
0.1981212 
0.1904226 
0.2140911 
0.2431269 
0.2402863 
0.2278720 
0.2537036 
0.2211345 
0.2478866 
0.2245584 
0.2116223 
0.2134724 
0.2004913 
0.1915966 
0.1764566 
0.1727450 
0.2237128 
0.2122536 
0.1928840 
0.1850733 
0.1611138 
0.1621406 
0.1713143 
0.1854694 
0.1640075 
0.1704984 
0.1941560 
0.1781430 
0.1721974 
0.1622391 
0.1505185 
0.1351385 
0.1130004 
0.1381287 
0.1290229 
0.1113422 
0.1178207 
0.1148895 
0.1285783 
0.1497533 
0.1422016 
0.1012687 
0.1134899 
0.0910804 
0.0945581 
0.0713386 
0.1111072 
0.0965249 
0.0864617 
0.0925453 
0.1248733 
0.1235782 
0.1153688 
0.1310999 
0.1277017 
0.1067339 
0.1390706 
0.1328173 
0.1139265 
0.1116028 
0.1066423 
0.0978253 
0.0814731 
0.0743072 
0.0728289 
0.0668513 
0.0917706 
0.0946733 
0.1151793 
0.1068551 
0.1440520 
0.1325366 
0.1283389 
0.0960659 
0.1061818 
0.0804698 
0.0577123 
0.0659925 
0.0500551 
0.0494357 
0.0535040 
0.0593067 
0.0654978 
0.0735459 
0.0994853 
0.0836026 
0.0853432 
0.0841063 
0.0386931 
0.1027569 
0.1069488 
0.0881373 
0.0888011 
0.0763577 
0.0671359 
0.0656317 
0.0648338 
0.0363621 
0.0386992 
0.0185935 
0.0229054 
0.0257506 
0.0356016 
0.0429819 
0.0458080 
0.0522072 
0.0456609 
0.0383929 
0.0542470 
0.0827801 
0.0727495 
0.0552013 
0.0305795 
0.0810656 
0.0786872 
0.0885073 
0.0956435 
0.0888143 
0.0992723 
0.0596590 
0.0555337 
0.0465375 
0.0595743 
0.0472650 
0.0471251 
0.0441086 
0.0169284 
0.0163876 
0.0437938 
0.0355999 
0.0435107 
0.0716740 
0.0726651 
0.0624300 
0.0646615 
0.0548342 
0.0860132 
0.1202972 
0.1195071 
0.1513186 
0.1487005 
0.1531593 
0.1338131 
0.1275818 
0.1217831 
0.1298354 
0.0853887 
0.0817848 
0.0626449 
0.0701687 
0.0551717 
0.0658979 
0.0534586 
0.0405186 
0.0110175 
0.0187853 
0.0186455 
0.0321037 
0.0237585 
0.0046743 
0.0000000 
0.0248414 
0.0277495 
0.0296608 
0.0317081 
0.0346468 
0.0396148 
0.0523013 
0.0589234 
0.0803445 
0.1017552 
0.1034882 
0.1476306 
0.1391099 
0.1472413 
0.1244082 
0.1438507 
0.1770104 
0.1923854 
0.1822588 
0.1661563 
0.1725875 
0.1448237 
0.1265017 
0.1268794 
0.1046222 
0.0970323 
0.0737162 
