0.0001820 
-0.0001213 
-0.0001179 
-0.4447468 
-0.1299244 
-0.4690451 
0.0035709 
0.0007204 
0.0039929 
0.0050962 
0.0052993 
0.0051813 
0.0000000 
0.0024959 
0.0059981 
0.0036635 
0.0092249 
0.0078561 
0.0002550 
0.0087434 
0.0092918 
0.0067413 
0.0114763 
0.0079338 
0.0064599 
0.0068423 
0.0063466 
0.0082734 
0.0035777 
0.0065645 
0.0144324 
0.0105411 
0.0131157 
0.0103179 
0.0135913 
0.0182731 
0.0141121 
0.0163263 
0.0170000 
0.0112750 
0.0186066 
0.0169236 
0.0181146 
0.0162896 
0.0122199 
0.0165706 
0.0172499 
0.0172397 
0.0213261 
0.0168005 
0.0184897 
0.0199016 
0.0214924 
0.0227501 
0.0187759 
0.0191149 
0.0198103 
0.0250466 
0.0203967 
0.0262883 
0.0219152 
0.0243679 
0.0263399 
0.0279503 
0.0275647 
0.0313757 
0.0314406 
0.0312510 
0.0301390 
0.0302242 
0.0347945 
0.0374205 
0.0375666 
0.0361801 
0.0383825 
0.0405201 
0.0383159 
0.0379226 
0.0440283 
0.0383536 
0.0339105 
0.0394378 
0.0390234 
0.0388488 
0.0392226 
0.0399882 
0.0398184 
0.0430944 
0.0451380 
0.0431670 
0.0479702 
0.0421117 
0.0488596 
0.0505298 
0.0528714 
0.0527777 
0.0532206 
0.0563366 
0.0531876 
0.0556231 
0.0547488 
0.0543521 
0.0529191 
0.0547498 
0.0544357 
0.0540427 
0.0471417 
0.0483904 
0.0526113 
0.0504814 
0.0487670 
0.0539576 
0.0545700 
0.0518408 
0.0501867 
0.0527477 
0.0537606 
0.0523890 
0.0484707 
0.0503459 
0.0488930 
0.0512743 
0.0475541 
0.0548829 
0.0576772 
0.0599611 
0.0639255 
0.0616916 
0.0648644 
0.0665357 
0.0649808 
0.0681954 
0.0681058 
0.0655485 
0.0633976 
0.0598737 
0.0692469 
0.0686850 
0.0709491 
0.0695637 
0.0723422 
0.0694183 
0.0655233 
0.0666727 
0.0720884 
0.0695051 
0.0737616 
0.0751863 
0.0793354 
0.0806375 
0.0805550 
0.0815057 
0.0807970 
0.0823224 
0.0815387 
0.0819917 
0.0803370 
0.0841921 
0.0847615 
0.0781234 
0.0830832 
0.0836185 
0.0903651 
0.0920181 
0.0964132 
0.0961183 
0.1040461 
0.1054567 
0.1095986 
0.1135996 
0.1147426 
0.1168587 
0.1230399 
0.1218759 
0.1264248 
0.1257906 
0.1253465 
0.1228711 
0.1215385 
0.1151025 
0.1065184 
0.1031077 
0.0997324 
0.0967727 
0.0961098 
0.0972634 
0.0974316 
0.1013313 
0.0983396 
0.0966297 
0.0991401 
0.1072650 
0.1087391 
0.1089021 
0.1164819 
0.1141114 
0.1144970 
0.1127585 
0.1148578 
0.1153222 
0.1075274 
0.1068371 
0.1062276 
0.1063393 
0.1046388 
0.1025882 
0.1022121 
0.0979997 
0.1016277 
0.0981558 
0.1015344 
0.1054379 
0.1112769 
0.1132011 
0.1157845 
0.1173059 
0.1237556 
0.1224359 
0.1228601 
0.1279435 
0.1347149 
0.1323146 
0.1333857 
0.1277403 
0.1306067 
0.1333780 
0.1321763 
0.1341148 
0.1299503 
0.1331440 
0.1327266 
0.1382844 
0.1347564 
0.1351836 
0.1367211 
0.1341120 
0.1297275 
0.1299749 
0.1362535 
0.1343879 
0.1351248 
0.1367476 
0.1339716 
0.1339928 
0.1321935 
0.1319595 
0.1370885 
0.1403851 
0.1480004 
0.1504804 
0.1498830 
0.1530603 
0.1535019 
0.1585870 
0.1604819 
0.1608533 
0.1573172 
0.1578026 
0.1576784 
0.1618858 
0.1621974 
0.1595124 
0.1596517 
0.1615313 
0.1607766 
0.1636696 
0.1628290 
0.1636060 
0.1643875 
0.1687434 
0.1728713 
0.1699829 
0.1724560 
0.1764510 
0.1675222 
0.1639203 
0.1658737 
0.1655900 
0.1700606 
0.1677836 
0.1703962 
0.1673436 
0.1731445 
0.1702579 
0.1773907 
0.1759607 
0.1737340 
0.1695472 
0.1681490 
0.1725913 
0.1712023 
0.1745865 
0.1733727 
0.1750992 
0.1736813 
0.1767455 
0.1780875 
0.1734371 
0.1799284 
0.1830207 
0.1786781 
0.1829651 
0.1828974 
0.1842949 
0.1843681 
0.1922447 
0.1931492 
0.1967790 
0.1938085 
0.1996421 
0.1964262 
0.2007494 
0.2030458 
0.1969043 
0.1996075 
0.2068093 
0.2073817 
0.2059950 
0.2026522 
0.1999543 
0.2058309 
0.2081037 
0.2123131 
0.2084633 
0.2076875 
0.2077256 
0.2095945 
0.2125884 
0.2122388 
0.2143017 
0.2144361 
0.2186635 
0.2186932 
0.2196100 
0.2195124 
0.2229709 
0.2248276 
0.2264827 
0.2277082 
0.2280718 
0.2327132 
0.2327016 
0.2356149 
0.2419308 
0.2379584 
0.2402402 
0.2365310 
0.2372605 
0.2349363 
0.2394567 
0.2405683 
0.2404436 
0.2468929 
0.2438633 
0.2461767 
0.2465292 
0.2453021 
0.2487427 
0.2420972 
0.2419401 
0.2381883 
0.2356061 
0.2364651 
0.2335789 
0.2326709 
0.2307665 
0.2364784 
0.2369326 
0.2381698 
0.2381318 
0.2389259 
0.2381423 
0.2387995 
0.2420278 
0.2470832 
0.2577188 
0.2604251 
0.2544311 
0.2509421 
0.2491625 
0.2488275 
0.2473276 
0.2457776 
0.2441854 
0.2440942 
0.2453019 
0.2430378 
0.2472361 
0.2543321 
0.2527524 
0.2514048 
0.2533855 
0.2575541 
0.2582252 
0.2635175 
0.2647233 
0.2688800 
0.2680229 
0.2627254 
0.2701563 
0.2731486 
0.2730411 
0.2701881 
0.2779984 
0.2806686 
0.2818885 
0.2836088 
0.2821289 
0.2817666 
0.2887330 
0.2880029 
0.2870107 
0.2875873 
0.2881766 
0.2877711 
0.2892512 
0.2936046 
0.2951411 
0.2961392 
0.2941071 
0.2957403 
0.2931275 
0.2973394 
0.3025994 
0.3003449 
0.3010737 
0.2962278 
0.2972844 
0.2986179 
0.3007368 
0.2991582 
0.3023653 
0.3020431 
0.3037737 
0.3032581 
0.3027338 
0.3015823 
0.3015416 
0.3110252 
0.3132938 
0.3113998 
0.3077119 
0.3013837 
0.2977886 
0.2948826 
0.3297209 
0.3469434 
0.3601702 
0.3510468 
0.3367583 
0.3278239 
0.3081094 
0.2817229 
0.2842902 
0.2878646 
0.2981014 
0.3024468 
0.3066059 
0.3032313 
0.3009867 
0.3007000 
0.3019206 
0.3029432 
0.3073470 
0.3026856 
0.2998046 
0.3032550 
0.3035273 
0.3087117 
0.3109053 
0.3115414 
0.3095019 
0.3070907 
0.3075618 
0.3098527 
0.3087514 
0.3065120 
0.3066123 
0.3106076 
0.3168480 
0.3157181 
0.3189147 
0.3179298 
0.3135362 
0.3147781 
0.3185889 
0.3147144 
0.3197143 
0.3174278 
0.3180240 
0.3125061 
0.3161662 
0.3158128 
0.3192949 
0.3220925 
0.3210647 
0.3211561 
0.3229612 
0.3236666 
0.3255062 
0.3318739 
0.3356224 
0.3321341 
0.3290978 
0.3279324 
0.3283028 
0.3272514 
0.3249746 
0.3282115 
0.3283092 
0.3248648 
0.3280278 
0.3266987 
0.3251395 
0.3241013 
0.3253842 
0.3231428 
0.3250256 
0.3250096 
0.3259159 
0.3291222 
0.3288983 
0.3243906 
0.3235779 
0.3241822 
0.3262369 
0.3272543 
0.3235749 
0.3260716 
0.3296257 
0.3287915 
0.3306074 
0.3329355 
0.3378880 
0.3408014 
0.3414142 
0.3432973 
0.3443298 
0.3522966 
0.3488466 
0.3478862 
0.3488839 
0.3445495 
0.3528946 
0.3538445 
0.3511904 
0.3503666 
0.3515735 
0.3512720 
0.3551311 
0.3541661 
0.3568271 
0.3542769 
0.3567293 
0.3593002 
0.3583661 
0.3618325 
0.3629024 
0.3693677 
0.3701159 
0.3675560 
0.3718657 
0.3736058 
0.3731283 
0.3766943 
0.3817362 
0.3755477 
0.3768761 
0.3795840 
0.3828638 
0.3867911 
0.3875534 
0.3881683 
0.3847988 
0.3915385 
0.3939069 
0.3958182 
0.4013601 
0.3991396 
0.3987176 
0.3966233 
0.3990117 
0.4041580 
0.4071696 
0.4078641 
0.4063303 
0.4060880 
0.4094128 
0.4064376 
0.4079646 
0.4106251 
0.4080242 
0.4024245 
0.4076606 
0.4053165 
0.4059954 
0.4076126 
0.4093169 
0.4111201 
0.4075734 
0.4063374 
0.4079640 
0.4070336 
0.4051694 
0.4007220 
0.4002761 
0.4014349 
0.4027008 
0.4033223 
0.4031202 
0.3990415 
0.3987528 
0.3993834 
0.4071764 
0.4148446 
0.4157162 
0.4201234 
0.4233436 
0.4219952 
0.4285469 
0.4301631 
0.4322123 
0.4251677 
0.4293630 
0.4293565 
0.4344195 
0.4325308 
0.4376793 
0.4379857 
0.4401686 
0.4416026 
0.4443222 
0.4492024 
0.4531630 
0.4539547 
0.4538194 
0.4532347 
0.4555645 
0.4572342 
0.4647074 
0.4638787 
0.4664144 
0.4684992 
0.4735736 
0.4763848 
0.4801816 
0.4854882 
0.4870677 
0.4851906 
0.4855262 
0.4929192 
0.4951123 
0.5009981 
0.5012298 
0.5046287 
0.5086368 
0.5164325 
0.5202411 
0.5239122 
0.5313594 
0.5355026 
0.5350329 
0.5394574 
0.5453110 
0.5470089 
0.5512944 
0.5572637 
0.5621951 
0.5628722 
0.5632365 
0.5680946 
0.5695430 
0.5644357 
0.5649926 
0.5665680 
0.5687799 
0.5690216 
0.5721641 
0.5741829 
0.5724323 
0.5546289 
0.5488402 
0.5257348 
0.4771819 
0.4495344 
0.4505855 
0.4496671 
0.4507148 
0.4454104 
0.4477986 
0.4494635 
0.4506303 
0.4509360 
0.4453267 
0.4497835 
0.4536231 
0.4574329 
0.4536044 
0.4554915 
0.4604232 
0.4579868 
0.4560840 
0.4603186 
0.4623412 
0.4588027 
0.4577662 
0.4585672 
0.4570133 
0.4521774 
0.4479958 
0.4530667 
0.4501145 
0.4569521 
0.4550873 
0.4582781 
0.4680752 
0.4726779 
0.4812230 
0.4833536 
0.4921500 
0.4937625 
0.4971349 
0.5017450 
0.5040682 
0.5028727 
0.4973206 
0.4974857 
0.4990655 
0.4949675 
0.4931197 
0.4953048 
0.4869143 
0.4738378 
0.4707233 
0.4662964 
0.4657541 
0.4625580 
0.4605208 
0.4532043 
0.4582250 
0.4602587 
0.4671089 
0.4692859 
0.4810902 
0.4873027 
0.4839548 
0.4824582 
0.4858260 
0.4929937 
0.5030300 
0.5105267 
0.5100043 
0.5132102 
0.5161242 
0.5178255 
0.5166877 
0.5166031 
0.5171601 
0.5170313 
0.5249405 
0.5293415 
0.5320370 
0.5324586 
0.5406121 
0.5379815 
0.5394436 
0.5387079 
0.5418969 
0.5415315 
0.5438885 
0.5404412 
0.5405803 
0.5439160 
0.5452353 
0.5475363 
0.5468252 
0.5467978 
0.5490015 
0.5520550 
0.5503664 
0.5532320 
0.5515508 
0.5548571 
0.5528715 
0.5537944 
0.5513688 
0.5522535 
0.5493657 
0.5573184 
0.5613894 
0.5546980 
0.5595610 
0.5633363 
0.5638635 
0.5580425 
0.5529463 
0.5518115 
0.5515372 
0.5573060 
0.5579045 
0.5608642 
0.5585150 
0.5597979 
0.5572223 
0.5684182 
0.5698045 
0.5682677 
0.5719028 
0.5671142 
0.5698108 
0.5768175 
0.5749735 
0.5786823 
0.5769513 
0.5778995 
0.5775861 
0.5780603 
0.5787066 
0.5830765 
0.5865377 
0.5874984 
0.5833971 
0.5793029 
0.5802400 
0.5783718 
0.5754458 
0.5810362 
0.5781906 
0.5801672 
0.5817645 
0.5842345 
0.5870050 
0.5910661 
0.5944875 
0.5939640 
0.5968763 
0.5899601 
0.5949567 
0.5978369 
0.6033595 
0.6047462 
0.6029003 
0.6115126 
0.6154844 
0.6173560 
0.6233607 
0.6246457 
0.6206499 
0.6199151 
0.6140705 
0.6173972 
0.6172301 
0.6171994 
0.6164321 
0.6225596 
0.6194685 
0.6203882 
0.6185235 
0.6246555 
0.6223939 
0.6242815 
0.6235574 
0.6264495 
0.6240367 
0.6303563 
0.6276040 
0.6269987 
0.6246095 
0.6221557 
0.6256315 
0.6285290 
0.6316024 
0.6316700 
0.6314891 
0.6330609 
0.6319152 
0.6330681 
0.6341355 
0.6365661 
0.6384171 
0.6392442 
0.6362702 
0.6412499 
0.6360666 
0.6397712 
0.6341086 
0.6350745 
0.6317457 
0.6385078 
0.6378968 
0.6388995 
0.6385615 
0.6449879 
0.6353546 
0.6344719 
0.6398038 
0.6406860 
0.6440806 
0.6478099 
0.6471892 
0.6444545 
0.6490362 
0.6538999 
0.6519715 
0.6502621 
0.6551784 
0.6562466 
0.6569611 
0.6618484 
0.6626499 
0.6581143 
0.6584771 
0.6489395 
0.6620880 
0.6666424 
0.6651627 
0.6664565 
0.6702179 
0.6633379 
0.6639883 
0.6658931 
0.6690859 
0.6684915 
0.6698981 
0.6722100 
0.6758829 
0.6674928 
0.6738798 
0.6773085 
0.6783641 
0.6778946 
0.6775727 
0.6763979 
0.6774315 
0.6842238 
0.6802671 
0.6761970 
0.6754143 
0.6791065 
0.6789157 
0.6822787 
0.6882347 
0.6845920 
0.6804264 
0.6826644 
0.6849628 
0.6905768 
0.6952243 
0.6924951 
0.6934525 
0.6943715 
0.6962052 
0.6878756 
0.6916706 
0.6910599 
0.6865395 
0.6928903 
0.6936447 
0.6927018 
0.6956973 
0.6981872 
0.7012398 
0.7020822 
0.6998549 
0.7007722 
0.7009200 
0.6980852 
0.6934398 
0.6912337 
0.6979178 
0.6972125 
0.7022113 
0.6987955 
0.7051406 
0.7040018 
0.7029424 
0.7022579 
0.7038310 
0.7005304 
0.7030265 
0.7030074 
0.7051023 
0.7090758 
0.7094149 
0.7094695 
0.7084707 
0.7080286 
0.7058054 
0.7008564 
0.7021261 
0.7063409 
0.7047208 
0.7081720 
0.7062531 
0.7081738 
0.7115985 
0.7131386 
0.7133004 
0.7156510 
0.7183495 
0.7211503 
0.7199856 
0.7146435 
0.7240287 
0.7219588 
0.7240095 
0.7283143 
0.7296363 
0.7336072 
0.7313420 
0.7393753 
0.7360207 
0.7381777 
0.7416569 
0.7405729 
0.7492198 
0.7429436 
0.7405543 
0.7388311 
0.7406944 
0.7353368 
0.7379738 
0.7375414 
0.7488403 
0.7519500 
0.7482157 
0.7508854 
0.7473410 
0.7487831 
0.7465245 
0.7484540 
0.7522717 
0.7456027 
0.7504802 
0.7488414 
0.7489045 
0.7495224 
0.7484114 
0.7526244 
0.7493232 
0.7471613 
0.7479997 
0.7478741 
0.7462963 
0.7464912 
0.7510452 
0.7527647 
0.7513724 
0.7501614 
0.7521610 
0.7522111 
0.7580731 
0.7555263 
0.7582572 
0.7615147 
0.7653044 
0.7648834 
0.7685033 
0.7716427 
0.7687182 
0.7711892 
0.7705907 
0.7778016 
0.7774377 
0.7744309 
0.7772285 
0.7707315 
0.7741160 
0.7719961 
0.7744688 
0.7859030 
0.7825512 
0.7836894 
0.7855766 
0.7936078 
0.7976025 
0.7884139 
0.7814591 
0.7767745 
0.7789818 
0.7856647 
0.7778674 
0.7748041 
0.7787783 
0.7884699 
0.7860811 
0.7856810 
0.7847936 
0.7866681 
0.7881217 
0.7935978 
0.7875580 
0.7899321 
0.7886230 
0.7867883 
0.7940607 
0.7969384 
0.7947807 
0.7983514 
0.7951508 
0.7989037 
0.7988432 
0.8096480 
0.8025134 
0.8064969 
0.8059929 
0.8129526 
0.8159898 
0.8211028 
0.8213266 
0.8290913 
0.8305831 
0.8285088 
0.8240870 
0.8231170 
0.8255145 
0.8250987 
0.8252996 
0.8264259 
0.8248076 
0.8254771 
0.8323973 
0.8412202 
0.8388785 
0.8369875 
0.8351779 
0.8308260 
0.8390964 
0.8355970 
0.8393001 
0.8375943 
0.8405888 
0.8361806 
0.8400768 
0.8408711 
0.8372831 
0.8409272 
0.8406362 
0.8355999 
0.8375796 
0.8409842 
0.8446748 
0.8405117 
0.8508361 
0.8378237 
0.8394354 
0.8497943 
0.8500497 
0.8502786 
0.8546410 
0.8585051 
0.8590427 
0.8583537 
0.8541058 
0.8534900 
0.8510904 
0.8561259 
0.8609866 
0.8538318 
0.8635599 
0.8561903 
0.8597221 
0.8661352 
0.8723856 
0.8640109 
0.8633639 
0.8642667 
0.8650486 
0.8629298 
0.8721775 
0.8727466 
0.8731227 
0.8683926 
0.8459540 
0.8530155 
0.8611072 
0.8647385 
0.8684991 
0.8758589 
0.8721864 
0.8760665 
0.8738763 
0.8762556 
0.8808414 
0.8872839 
0.8859485 
0.8841511 
0.8848204 
0.8785941 
0.8815125 
0.8797644 
0.8785945 
0.8810878 
0.8858016 
0.8933364 
0.8976312 
0.8931992 
0.8937189 
0.9012037 
0.9053169 
0.9064936 
0.9104224 
0.9140894 
0.9184832 
0.9044134 
0.9001611 
0.9018092 
0.9061178 
0.9078006 
0.9029842 
0.9046848 
0.9031742 
0.8969903 
0.8975890 
0.8980650 
0.9024333 
0.9091065 
0.9204089 
0.9214608 
0.9086954 
0.9103515 
0.9099827 
0.9080900 
0.9118926 
0.9140726 
0.9119535 
0.9107440 
0.9117764 
0.9225255 
0.9147075 
0.9202759 
0.9183086 
0.9127572 
0.9121851 
0.9203192 
0.9236604 
0.9166003 
0.9223103 
0.9181484 
0.9161906 
0.9187191 
0.9177540 
0.9130785 
0.9195317 
0.9167706 
0.9134234 
0.9241535 
0.9242820 
0.9344388 
0.9258659 
0.9334356 
0.9382820 
0.9462081 
0.9405946 
0.9375113 
0.9442527 
0.9397553 
0.9464254 
0.9492827 
0.9507062 
0.9477448 
0.9561050 
0.9504381 
0.9491629 
0.9553724 
0.9501434 
0.9548507 
0.9570222 
0.9607043 
0.9628384 
0.9691480 
0.9664830 
0.9690655 
0.9708343 
0.9703614 
0.9784950 
0.9726478 
0.9734812 
0.9759651 
0.9726326 
0.9716766 
0.9707528 
0.9755989 
0.9790656 
0.9759312 
0.9792432 
0.9699678 
0.9726961 
0.9755029 
0.9778158 
0.9810680 
0.9825000 
0.9889715 
0.9902365 
0.9895560 
0.9804875 
0.9793746 
0.9794611 
0.9793097 
0.9824330 
0.9814843 
0.9901918 
0.9823631 
0.9870928 
0.9904762 
0.9874368 
0.9903806 
0.9910179 
0.9911890 
0.9856085 
0.9942807 
0.9998125 
0.9940924 
0.9922572 
1.0000000 
0.9926859 
