-0.0001707 
-0.0001701 
-0.0000081 
0.0333831 
0.2479295 
0.1900769 
0.9849317 
1.0000000 
0.9989792 
0.9815158 
0.9605537 
0.9481930 
0.9346363 
0.9178187 
0.9077740 
0.9069252 
0.9202842 
0.9200777 
0.9225703 
0.9279424 
0.9357627 
0.9319455 
0.9247184 
0.9164898 
0.9119049 
0.9027951 
0.9078354 
0.9110385 
0.9101794 
0.9020169 
0.9124812 
0.9190524 
0.9202302 
0.9175049 
0.9191932 
0.9336505 
0.9216269 
0.9257485 
0.9326366 
0.9267461 
0.9233495 
0.9133215 
0.9129070 
0.9029744 
0.9049659 
0.8952648 
0.8958613 
0.8895840 
0.8800665 
0.8744028 
0.8737762 
0.8737519 
0.8738917 
0.8730336 
0.8752821 
0.8802513 
0.8904643 
0.9036571 
0.9054322 
0.9018077 
0.9033226 
0.9066112 
0.9009293 
0.8938147 
0.8897554 
0.8965609 
0.8956607 
0.8917539 
0.8883586 
0.8820757 
0.8722251 
0.8623366 
0.8578494 
0.8506075 
0.8501382 
0.8540898 
0.8500385 
0.8388492 
0.8351826 
0.8356112 
0.8336428 
0.8329815 
0.8342836 
0.8228114 
0.8153130 
0.8219029 
0.8315325 
0.8328356 
0.8296773 
0.8358541 
0.8370192 
0.8307926 
0.8253516 
0.8175389 
0.8228798 
0.8280509 
0.8286441 
0.8259702 
0.8417045 
0.8524429 
0.8598910 
0.8549295 
0.8500852 
0.8492678 
0.8532122 
0.8520712 
0.8509004 
0.8554723 
0.8555324 
0.8737521 
0.8805403 
0.8817341 
0.8878140 
0.8944619 
0.8894034 
0.8912079 
0.8844284 
0.8815310 
0.8781380 
0.8638439 
0.8600170 
0.8552806 
0.8448869 
0.8411900 
0.8434443 
0.8497504 
0.8471066 
0.8524515 
0.8566758 
0.8638687 
0.8704358 
0.8692794 
0.8742103 
0.8727627 
0.8654075 
0.8576288 
0.8525259 
0.8441784 
0.8527303 
0.8484149 
0.8557510 
0.8592819 
0.8638855 
0.8602620 
0.8680640 
0.8649144 
0.8676717 
0.8692145 
0.8688159 
0.8646897 
0.8667162 
0.8574310 
0.8409853 
0.8273291 
0.8180863 
0.8302615 
0.8317985 
0.8321655 
0.8259995 
0.8208975 
0.8191801 
0.8122725 
0.8095043 
0.8091222 
0.8180367 
0.8237966 
0.8277316 
0.8288706 
0.8294280 
0.8307740 
0.8342745 
0.8426330 
0.8444534 
0.8403203 
0.8335255 
0.8340182 
0.8274336 
0.8281476 
0.8257034 
0.8226580 
0.8201081 
0.8143415 
0.8158170 
0.8143442 
0.8077516 
0.8069199 
0.8086979 
0.8171858 
0.8148607 
0.8178073 
0.8126088 
0.8014875 
0.7931624 
0.7932968 
0.7975840 
0.8043687 
0.8150235 
0.8183248 
0.8303590 
0.8342938 
0.8365200 
0.8298338 
0.8108882 
0.7997212 
0.7985744 
0.7949615 
0.7969078 
0.8096962 
0.8129906 
0.8169440 
0.8224749 
0.8288312 
0.8304380 
0.8228037 
0.8144630 
0.8211481 
0.8195905 
0.8145864 
0.8206684 
0.8198834 
0.8299679 
0.8322566 
0.8309661 
0.8360999 
0.8465683 
0.8494951 
0.8492709 
0.8480663 
0.8381138 
0.8336432 
0.8321294 
0.8334912 
0.8292688 
0.8347352 
0.8417384 
0.8386457 
0.8419360 
0.8426711 
0.8556503 
0.8623559 
0.8570558 
0.8541524 
0.8605860 
0.8631409 
0.8594306 
0.8652748 
0.8627346 
0.8537059 
0.8546932 
0.8544830 
0.8585658 
0.8625893 
0.8740303 
0.8871388 
0.8863499 
0.8755401 
0.8796168 
0.8859908 
0.8697378 
0.8667161 
0.8574724 
0.8586012 
0.8615409 
0.8558244 
0.8555526 
0.8563567 
0.8574951 
0.8525961 
0.8534997 
0.8531873 
0.8564399 
0.8676862 
0.8669652 
0.8660013 
0.8656779 
0.8663529 
0.8640935 
0.8649467 
0.8729855 
0.8740240 
0.8655934 
0.8590971 
0.8449668 
0.8331464 
0.8262917 
0.8259530 
0.8278980 
0.8252614 
0.8245965 
0.8348227 
0.8435912 
0.8593674 
0.8582235 
0.8575892 
0.8508813 
0.8485498 
0.8458124 
0.8456782 
0.8425827 
0.8491785 
0.8594234 
0.8752899 
0.8852930 
0.8937517 
0.9034303 
0.9018753 
0.9038253 
0.8937012 
0.8812429 
0.8796284 
0.8762599 
0.8703159 
0.8726184 
0.8804565 
0.8872464 
0.8909118 
0.8935461 
0.8959658 
0.8912058 
0.8836662 
0.8851631 
0.8795111 
0.8761921 
0.8813962 
0.9003614 
0.9093392 
0.9158559 
0.9231558 
0.9265869 
0.9242334 
0.9223003 
0.9217480 
0.9030399 
0.8918541 
0.8833974 
0.8833798 
0.8815342 
0.8753818 
0.8751220 
0.8783796 
0.8912975 
0.9047735 
0.9090316 
0.9034823 
0.9127253 
0.9134664 
0.8964385 
0.8875090 
0.8873205 
0.8893930 
0.8861604 
0.8852076 
0.8830972 
0.8740671 
0.8655157 
0.8688329 
0.8765378 
0.8764975 
0.8772358 
0.8798767 
0.8799512 
0.8999703 
0.9116829 
0.9119536 
0.9233022 
0.9160126 
0.9116653 
0.9018292 
0.8993910 
0.8895438 
0.8810385 
0.8737552 
0.8760382 
0.8794639 
0.8810018 
0.8702621 
0.8650449 
0.8753346 
0.8982265 
0.9061036 
0.9177811 
0.9216516 
0.9247059 
0.9285832 
0.9296186 
0.9388183 
0.9336448 
0.9230089 
0.9246088 
0.9200006 
0.9168485 
0.9092568 
0.9073347 
0.9046537 
0.9036205 
0.9008053 
0.8994056 
0.9016264 
0.9059971 
0.9142610 
0.9186639 
0.9155618 
0.9214498 
0.9317103 
0.9353956 
0.9355522 
0.9348555 
0.9389825 
0.9388869 
0.9333784 
0.9291781 
0.9224722 
0.9163470 
0.9087213 
0.9024634 
0.8980175 
0.8965241 
0.8990202 
0.9081520 
0.9142675 
0.9148807 
0.9372132 
0.9452205 
0.9502170 
0.9506633 
0.9532219 
0.9449938 
0.9386691 
0.9320725 
0.9306624 
0.9285773 
0.9294711 
0.9260634 
0.9265864 
0.9117929 
0.9059531 
0.8949422 
0.9024852 
0.9171174 
0.9109648 
0.9059597 
0.9033578 
0.9114434 
0.9034289 
0.9127659 
0.9016122 
0.9127632 
0.9192082 
0.9221841 
0.9174100 
0.9175083 
0.9216104 
0.9111823 
0.9112872 
0.9015089 
0.8976817 
0.9017448 
0.9067860 
0.9074855 
0.9176105 
0.9288718 
0.9373720 
0.9444711 
0.9566137 
0.9509172 
0.9468027 
0.9496798 
0.9459957 
0.9406970 
0.9408162 
0.9413431 
0.9438367 
0.9482846 
0.9420116 
0.9402449 
0.9480424 
0.9508351 
0.9483228 
0.9473431 
0.9551566 
0.9483575 
0.9479467 
0.9447837 
0.9409318 
0.9365909 
0.9347618 
0.9297713 
0.9377416 
0.9446871 
0.9393435 
0.9376497 
0.9316621 
0.9341760 
0.9357813 
0.9345951 
0.9390485 
0.9380471 
0.9412932 
0.9400649 
0.9401641 
0.9388186 
0.9420819 
0.9375755 
0.9230436 
0.9175320 
0.9124730 
0.9080202 
0.9148035 
0.9128405 
0.9121128 
0.9017639 
0.9003437 
0.9016633 
0.9001808 
0.8995905 
0.9039241 
0.9045752 
0.9065587 
0.9057951 
0.9056268 
0.9074253 
0.9115259 
0.9079050 
0.9067268 
0.9078464 
0.9047528 
0.9051284 
0.9011254 
0.8985417 
0.8966271 
0.8933157 
0.8930123 
0.8972770 
0.8954778 
0.9039654 
0.9136218 
0.9235007 
0.9387410 
0.9523345 
0.9597462 
0.9739220 
0.9735888 
0.9685408 
0.9678448 
0.9631759 
0.9470662 
0.9166240 
0.9199010 
0.9224941 
0.9264210 
0.9238835 
0.9216164 
0.9223095 
0.9236225 
0.9270676 
0.9198009 
0.9203154 
0.9170553 
0.9082254 
0.9084767 
0.9113433 
0.9107305 
0.8993012 
0.8965021 
0.8954853 
0.8979915 
0.9007461 
0.9053390 
0.9085792 
0.9192327 
0.9155922 
0.9110428 
0.9127251 
0.9069199 
0.9044930 
0.9064015 
0.9000961 
0.9094012 
0.9069946 
0.9016037 
0.9040938 
0.9161380 
0.9263143 
0.9325007 
0.9295443 
0.9236158 
0.9214674 
0.9177601 
0.9169990 
0.9222648 
0.9087959 
0.9014039 
0.9109528 
0.9141246 
0.9045504 
0.9032343 
0.9049314 
0.9077313 
0.9073770 
0.9138332 
0.9165820 
0.9181609 
0.9070939 
0.9004044 
0.8953130 
0.9038062 
0.9084865 
0.9125286 
0.9146760 
0.9223001 
0.9111955 
0.9138864 
0.9197822 
0.9281842 
0.9388926 
0.9416455 
0.9406596 
0.9321666 
0.9212627 
0.9189821 
0.9187845 
0.9246355 
0.9312239 
0.9390979 
0.9337274 
0.9300013 
0.9242064 
0.9321055 
0.9335483 
0.9299972 
0.9289674 
0.9249646 
0.9199659 
0.9143908 
0.9201645 
0.9215660 
0.9300227 
0.9261095 
0.9295309 
0.9226547 
0.9074566 
0.8982596 
0.9059166 
0.9106393 
0.9146503 
0.9248163 
0.9284040 
0.9282973 
0.9279429 
0.9157663 
0.9119373 
0.9225123 
0.9341010 
0.9363960 
0.9424140 
0.9441716 
0.9399740 
0.9316569 
0.9200046 
0.9071152 
0.9044723 
0.9018683 
0.8881188 
0.8905912 
0.8897949 
0.8898447 
0.8958868 
0.8953421 
0.9061486 
0.9043950 
0.9168568 
0.9213564 
0.9306116 
0.9324686 
0.9233068 
0.9245297 
0.9099032 
0.9070673 
0.8945798 
0.8995249 
0.9035282 
0.9096875 
0.9118200 
0.9124812 
0.9186586 
0.9289043 
0.9210074 
0.9007232 
0.8922548 
0.8914552 
0.8849935 
0.8804813 
0.8872116 
0.8896416 
0.8878181 
0.8986106 
0.9128449 
0.9195981 
0.9278107 
0.9294016 
0.9435724 
0.9346908 
0.9310990 
0.9221253 
0.9218333 
0.9089238 
0.8937450 
0.8868332 
0.8906246 
0.8926483 
0.8954096 
0.8930945 
0.9113629 
0.9305982 
0.9362802 
0.9265819 
0.9146774 
0.9042307 
0.8957995 
0.8971807 
0.9052931 
0.9095354 
0.9117412 
0.9285233 
0.9440170 
0.9466864 
0.9412804 
0.9454203 
0.9373622 
0.9198983 
0.9088563 
0.8992038 
0.9007147 
0.8943154 
0.8832499 
0.8788152 
0.8883373 
0.8976522 
0.9165958 
0.9345507 
0.9378027 
0.9397177 
0.9331879 
0.9304273 
0.9266037 
0.9271257 
0.9284413 
0.9340829 
0.9373184 
0.9443413 
0.9492038 
0.9601116 
0.9577221 
0.9695770 
0.9681161 
0.9630864 
0.9715635 
0.9670815 
0.9701447 
0.9690825 
0.9626237 
0.9510684 
0.9343299 
0.9330638 
0.9236160 
0.9169437 
0.9123934 
0.9219247 
0.9258939 
0.9340454 
0.9591699 
0.9648033 
0.9557636 
0.9515522 
0.9405859 
0.9228344 
0.9199382 
0.9125968 
0.9245053 
0.9171796 
0.9176109 
0.9028636 
0.9136030 
0.9137189 
0.9197886 
0.9207533 
0.9189869 
0.9217953 
0.9316359 
0.9454569 
0.9608941 
0.9653571 
0.9590105 
0.9507638 
0.9414439 
0.9379038 
0.9336215 
0.9381263 
0.9366023 
0.9397302 
0.9446311 
0.9434923 
0.9407355 
0.9434849 
0.9508460 
0.9439489 
0.9381311 
0.9335439 
0.9209601 
0.9102590 
0.9107429 
0.9072186 
0.9089627 
0.9125633 
0.9190864 
0.9300736 
0.9299775 
0.9244674 
0.9258154 
0.9322948 
0.9314476 
0.9257928 
0.9341151 
0.9380785 
0.9296343 
0.9285784 
0.9288436 
0.9148855 
0.9128629 
0.9222818 
0.9235097 
0.9392960 
0.9331560 
0.9251478 
0.9168372 
0.9210400 
0.9117501 
0.9064074 
0.8972652 
0.9001695 
0.8999634 
0.8958599 
0.8979620 
0.9037765 
0.9059710 
0.9133846 
0.9128400 
0.9164693 
0.9197251 
0.9072618 
0.9019073 
0.8950759 
0.8954540 
0.8973755 
0.8841608 
0.8846453 
0.8826699 
0.8849420 
0.8957809 
0.9050639 
0.9042893 
0.9010507 
0.8942692 
0.8980932 
0.9109163 
0.9094667 
0.9078435 
0.8997872 
0.8884807 
0.8859575 
0.8831182 
0.8753320 
0.8586560 
0.8467106 
0.8490154 
0.8510286 
0.8446471 
0.8389837 
0.8333678 
0.8365509 
0.8409106 
0.8329488 
0.8285040 
0.8313398 
0.8376209 
0.8424147 
0.8469034 
0.8405769 
0.8475255 
0.8454439 
0.8472255 
0.8541309 
0.8392587 
0.8316796 
0.8293334 
0.8265382 
0.8297551 
0.8246723 
0.8317030 
0.8356062 
0.8422074 
0.8426346 
0.8452554 
0.8528083 
0.8564265 
0.8555984 
0.8677892 
0.8764866 
0.8884111 
0.8815068 
0.8872367 
0.8871305 
0.8873126 
0.8920296 
0.8989794 
0.8906717 
0.8979561 
0.9002041 
0.8914475 
0.8966603 
0.8999701 
0.8989908 
0.8977795 
0.8874372 
0.8928222 
0.8933335 
0.8900814 
0.8948450 
0.8926761 
0.8995612 
0.9004907 
0.9056628 
0.9112603 
0.9120465 
0.9036974 
0.8952397 
0.8984535 
0.8990539 
0.9036802 
0.9032051 
0.9103561 
0.9066441 
0.9081295 
0.9032307 
0.9035721 
0.9017734 
0.9012625 
0.9016667 
0.8977976 
0.8985180 
0.9004508 
0.9036209 
0.8955327 
0.9016240 
0.8979966 
0.9052497 
0.9127838 
0.9131278 
0.9032852 
0.9086489 
0.9095188 
0.9134655 
0.9108248 
0.9042959 
0.8949167 
0.8835022 
0.8734801 
0.8710314 
0.8697129 
0.8687471 
0.8744244 
0.8905980 
0.8890487 
0.8965730 
0.9002573 
0.9051124 
0.9094626 
0.8978525 
0.8923093 
0.8992211 
0.9007018 
0.9047131 
0.9002899 
0.8990488 
0.8881560 
0.8832305 
0.8720485 
0.8706569 
0.8744682 
0.8762601 
0.8683343 
0.8590521 
0.8629594 
0.8565490 
0.8640978 
0.8699120 
0.8725560 
0.8740360 
0.8823769 
0.8850295 
0.8926057 
0.8871270 
0.8821788 
0.8803770 
0.8725354 
0.8641108 
0.8591350 
0.8522377 
0.8529751 
0.8491118 
0.8507963 
0.8574517 
0.8632035 
0.8578482 
0.8569000 
0.8492216 
0.8501015 
0.8571198 
0.8539228 
0.8603151 
0.8649971 
0.8658917 
0.8686389 
0.8782024 
0.8841647 
0.8954328 
0.9098867 
0.9166377 
0.9241484 
0.9193001 
0.9336041 
0.9381958 
0.9343890 
0.9311711 
0.9183623 
0.9128072 
0.9081341 
0.9020700 
0.8965594 
0.8880881 
0.8799367 
0.8655467 
0.8555286 
0.8455498 
0.8398476 
0.8309988 
0.8181153 
0.8037354 
0.7935202 
0.7935201 
0.7931987 
0.7933473 
0.7964680 
0.8013506 
0.8122825 
0.8280024 
0.8421337 
0.8482335 
0.8538374 
0.8660901 
0.8593179 
0.8541997 
0.8525283 
0.8556426 
0.8622369 
0.8656363 
0.8696107 
0.8944609 
0.8969179 
0.8951207 
0.9032823 
0.9047816 
0.9117929 
0.9110335 
0.9026681 
0.8936133 
0.8880278 
0.8679362 
0.8477377 
0.8312282 
0.8282842 
0.8256870 
0.8168544 
0.8203876 
0.8192411 
0.8166476 
0.8186041 
0.8208391 
0.8145203 
0.8146576 
0.8124344 
0.8133374 
0.8180863 
0.8311360 
0.8385671 
0.8425412 
0.8411584 
0.8502725 
0.8712704 
0.8964955 
0.9141676 
0.9175762 
0.9347285 
0.9434320 
0.9533377 
0.9631677 
0.9610505 
0.9543643 
0.9461194 
0.9429754 
0.9537808 
0.9471445 
0.9444811 
0.9339206 
0.9207437 
0.9087907 
0.8988170 
0.8928068 
0.8768957 
0.8655188 
0.8644319 
0.8757071 
0.8753926 
0.8742285 
0.8631874 
0.8469949 
0.8363313 
0.8376674 
0.8315955 
0.8410654 
0.8443401 
0.8493477 
0.8499635 
0.8537266 
0.8532811 
0.8560085 
0.8531349 
0.8458504 
0.8395610 
0.8407340 
0.8356341 
0.8240431 
0.8058911 
0.8060780 
0.7975088 
0.7916003 
0.8059349 
0.8205368 
0.8274702 
0.8422208 
0.8494640 
0.8539927 
0.8611711 
0.8575877 
0.8373005 
0.8236966 
0.8135506 
0.8075586 
0.8033530 
0.8025554 
0.7978309 
0.7956789 
0.7878809 
0.7863990 
0.7830877 
0.7783598 
0.7784835 
0.7937710 
0.7945066 
0.8044334 
0.8134021 
0.8239786 
0.8329190 
0.8345948 
0.8363441 
0.8308216 
0.8271453 
0.8225235 
0.8179893 
0.8168717 
0.8269501 
0.8249184 
0.8210316 
0.8109507 
0.8184680 
0.8285273 
0.8387837 
0.8469863 
0.8526762 
0.8609700 
0.8659436 
0.8669860 
0.8624354 
0.8578274 
0.8368832 
0.8150453 
0.7969532 
0.7901529 
0.8186220 
0.8348615 
0.8394287 
0.8452855 
0.8515774 
0.8559766 
0.8486453 
0.8389678 
0.8347930 
0.8289816 
0.8172891 
0.8028225 
0.8046834 
0.8050741 
0.8163212 
0.8159756 
0.8221940 
0.8301442 
0.8233361 
0.8232852 
0.8197294 
0.8170595 
0.8086839 
0.8104573 
0.7999648 
0.8034213 
0.8047519 
0.8059850 
0.8072786 
0.8133329 
0.8258603 
0.8311187 
0.8402944 
0.8448642 
0.8524999 
0.8601259 
0.8698201 
0.8562824 
0.8474716 
0.8432439 
0.8396255 
0.8400935 
0.8468944 
0.8490176 
0.8515048 
0.8570425 
0.8549117 
0.8442150 
0.8415896 
0.8418225 
0.8386937 
0.8372940 
0.8388391 
0.8361040 
0.8398902 
0.8291304 
0.8313500 
0.8370352 
0.8435981 
0.8667172 
0.8713551 
0.8571614 
0.8412159 
0.8239493 
0.8016279 
0.7820116 
0.7732906 
0.7652825 
0.7706163 
0.7876812 
0.7936059 
0.8028421 
0.8135078 
0.8218723 
0.8252013 
0.8135389 
0.7932195 
0.7568104 
0.7347285 
0.7267821 
0.7237517 
0.7143787 
0.7272416 
0.7339375 
0.7463557 
0.7570139 
0.7732622 
0.7815862 
0.7926109 
0.7996263 
0.8151778 
0.8197880 
0.8111069 
0.8159460 
0.8054218 
0.7993041 
0.8017095 
0.7999649 
0.7803886 
0.7827839 
0.7794264 
0.7703023 
0.7647459 
0.7693386 
0.7776273 
0.7777436 
0.7729316 
0.7771367 
0.7834555 
0.7822829 
0.7989354 
0.8072969 
0.8177366 
0.8174737 
0.8044806 
0.7957231 
0.7954896 
0.7847092 
0.7805567 
0.7900914 
0.8039259 
0.8047853 
0.8086286 
0.8118081 
0.8134487 
0.8165220 
0.8103378 
0.8061788 
0.8090345 
0.8022051 
0.7947523 
0.7898369 
0.7903601 
0.7974389 
0.7955525 
0.7968395 
0.8123364 
0.8263078 
0.8290052 
0.8267970 
0.8134313 
0.8137845 
0.8140055 
0.8091191 
0.7942341 
0.7836137 
0.7744267 
0.7817828 
0.7900135 
0.7981115 
0.8043886 
0.8045438 
0.8011006 
0.8092977 
0.8089566 
0.8006554 
0.8047708 
0.8110432 
0.8109067 
0.8065566 
0.8103318 
0.8049942 
0.8032282 
0.7947580 
0.7865408 
0.7792054 
0.7757290 
0.7685886 
0.7673995 
0.7704987 
0.7768796 
0.7860260 
0.7972473 
0.8065887 
0.8129538 
0.8120147 
0.8187846 
0.8036918 
0.7978284 
0.7874282 
0.7767606 
0.7652372 
0.7672678 
0.7699049 
0.7627603 
0.7739213 
0.7860678 
0.7957254 
0.7982695 
0.8039481 
0.8038339 
0.8015171 
0.7976119 
0.7899313 
0.7937225 
0.7829673 
0.7757327 
0.7663425 
0.7627579 
0.7634748 
0.7656593 
0.7594915 
0.7627808 
0.7650280 
0.7636000 
0.7763149 
0.7894320 
0.8119969 
0.8085297 
0.8100069 
0.8106668 
0.7909731 
0.7685997 
0.7517363 
0.7423484 
0.7168848 
0.7162147 
0.7154585 
0.7177491 
0.7182162 
0.7222391 
0.7371358 
0.7431128 
0.7514444 
0.7544844 
0.7565377 
0.7538723 
0.7580717 
0.7633702 
0.7782430 
0.7721225 
0.7616023 
0.7543867 
0.7441192 
0.7339666 
0.7250337 
0.7253955 
0.7314206 
0.7380531 
0.7443816 
0.7440004 
0.7545938 
0.7534448 
0.7579619 
0.7444114 
0.7354054 
0.7348330 
0.7419864 
0.7510504 
0.7615992 
0.7628237 
0.7656633 
0.7577840 
0.7612525 
0.7595374 
0.7605085 
0.7644897 
0.7758307 
0.7755480 
0.7829110 
0.7937041 
0.7873709 
0.7736952 
0.7673498 
0.7593535 
0.7480618 
0.7440876 
0.7373922 
0.7324150 
0.7411500 
0.7383628 
0.7360103 
0.7317090 
0.7269175 
0.7232876 
0.7166079 
0.7063229 
0.6972748 
0.6998517 
0.7053347 
0.7134069 
0.7151975 
0.7166343 
0.7043406 
0.7006151 
0.6895115 
0.6782681 
0.6706722 
0.6637891 
0.6878978 
0.6902512 
0.6849869 
0.6764316 
0.6705815 
0.6696320 
0.6635154 
0.6565299 
0.6524871 
0.6436634 
0.6409938 
0.6450111 
0.6459779 
0.6406506 
0.6408535 
0.6376069 
0.6405908 
0.6404347 
0.6290363 
0.6297154 
0.6299575 
0.6371648 
0.6460110 
0.6572948 
0.6746259 
0.6795000 
0.6774481 
0.6814117 
0.6832425 
0.6878989 
0.6766044 
0.6778452 
0.6738136 
0.6639853 
0.6728449 
0.6827601 
0.6887725 
0.6902855 
0.6868900 
0.6779187 
0.6682873 
0.6538403 
0.6419048 
0.6465061 
0.6564272 
0.6668824 
0.6637816 
0.6755339 
0.6799596 
0.6858425 
0.6858511 
0.6832235 
0.6792326 
0.6749522 
0.6760544 
0.6767594 
0.6924367 
0.6845340 
0.6946759 
0.7010896 
0.7083300 
0.7096173 
0.7079813 
0.7182270 
0.6932499 
0.6923324 
0.6946716 
0.6985669 
0.6996656 
0.7069504 
0.7068575 
0.7073001 
0.7175365 
0.7130715 
0.7027257 
0.7027704 
0.6954383 
0.6895541 
0.6782322 
0.6852497 
0.6902766 
0.6920206 
0.6902982 
0.6884821 
0.6869018 
0.6834103 
0.6815271 
0.6890797 
0.6896700 
0.6853171 
0.6761607 
0.6704160 
0.6738849 
0.6698667 
0.6646633 
0.6559040 
0.6368213 
0.6321966 
0.6304397 
0.6416894 
0.6391170 
0.6261535 
0.6154993 
0.6147541 
0.6139549 
0.5933904 
0.5884082 
0.5904783 
0.5840621 
0.5887692 
0.5955844 
0.6020129 
0.6041945 
0.6082923 
0.6086215 
0.6080929 
0.6087249 
0.6035844 
0.5824458 
0.5821030 
0.5816839 
0.5799044 
0.5844752 
0.5905932 
0.5938398 
0.6031294 
0.6035162 
0.6023215 
0.5919776 
0.5952659 
0.5927995 
0.5864988 
0.5856561 
0.5917260 
0.5916424 
0.5890849 
0.5929998 
0.5998550 
0.6028849 
0.6053690 
0.6021877 
0.6037697 
0.6059787 
0.6020426 
0.6108098 
0.6093471 
0.6038237 
0.5899991 
0.5701325 
0.5594578 
0.5579558 
0.5600145 
0.5670031 
0.5675377 
0.5750631 
0.5754682 
0.5839003 
0.5873528 
0.5983484 
0.6028008 
0.5962700 
0.5934056 
0.5955640 
0.5983141 
0.6124008 
0.6166932 
0.6176231 
0.6201831 
0.6181476 
0.6265118 
0.6291281 
0.6285091 
0.6174744 
0.6119656 
0.6148402 
0.6109437 
0.6072646 
0.6018565 
0.6006212 
0.6015830 
0.5991967 
0.5969653 
0.6102032 
0.6212921 
0.6162884 
0.6105193 
0.6101678 
0.6028029 
0.5908078 
0.5903964 
0.5909366 
0.5884824 
0.5939000 
0.5837808 
0.5841344 
0.5777979 
0.5818070 
0.5887862 
0.5906235 
0.5923010 
0.5961089 
0.5998122 
0.5984045 
0.5992161 
0.6011982 
0.6202338 
0.6256501 
0.6200370 
0.6003145 
0.5855952 
0.5854200 
0.5764711 
0.5651259 
0.5692962 
0.5633946 
0.5635036 
0.5643155 
0.5714757 
0.5819710 
0.5848483 
0.5863840 
0.5864015 
0.5847016 
0.5877821 
0.5911087 
0.5937115 
0.5993357 
0.6053500 
0.6060815 
0.6058434 
0.6004107 
0.5973570 
0.5908621 
0.5800106 
0.5761085 
0.5745653 
0.5795357 
0.5877459 
0.5933874 
0.5956566 
0.5843997 
0.5928339 
0.6093946 
0.6170651 
0.6430434 
0.6524441 
0.6470483 
0.6400462 
0.6095335 
0.5703799 
0.5753165 
0.5817804 
0.5767803 
0.5754859 
0.5732332 
0.5790643 
0.5809973 
0.5882295 
0.5921129 
0.5892075 
0.5887363 
0.5861676 
0.5917011 
0.5920546 
0.5948698 
0.5967280 
0.5956665 
0.6001077 
0.5990548 
0.5963280 
0.6032214 
0.6039898 
0.6049618 
0.6062780 
0.6069206 
0.6100711 
0.5981356 
0.5959829 
0.5934955 
0.5933154 
0.5945502 
0.6035211 
0.6104570 
0.6188071 
0.6218678 
0.6168985 
0.6162384 
0.6147581 
0.6079617 
0.6116829 
0.6131507 
0.6123506 
0.6158650 
0.6301891 
0.6434708 
0.6441301 
0.6489060 
0.6555099 
0.6605913 
0.6710544 
0.6743122 
0.6773426 
0.6714106 
0.6728382 
0.6738163 
0.6816986 
0.6955540 
0.6964890 
0.6986872 
0.6987831 
0.7036102 
0.7047030 
0.7041086 
0.7023048 
0.7008908 
0.7057105 
0.7186988 
0.7218040 
0.7200900 
0.7314913 
0.7301128 
0.7264023 
0.7237674 
0.7244025 
0.7270254 
0.7301610 
0.7396749 
0.7456338 
0.7535651 
0.7631425 
0.7624551 
0.7620754 
0.7672592 
0.7716094 
0.7666499 
0.7706922 
0.7704270 
0.7652635 
0.7653985 
0.7544382 
0.7477038 
0.7412208 
0.7434946 
0.7412367 
0.7439363 
0.7376528 
0.7310612 
0.7297677 
0.7264354 
0.7227842 
0.7179161 
0.7107303 
0.7082822 
0.7115710 
0.7072091 
0.7038077 
0.7028952 
0.7034238 
0.7082687 
0.7069398 
0.7142208 
0.7245731 
0.7281809 
0.7234233 
0.7281736 
0.7166624 
0.7204270 
0.7304243 
0.7598003 
0.7539883 
0.7519749 
0.7435690 
0.7314807 
0.7229424 
0.7272117 
0.7297309 
0.7326439 
0.7343244 
0.7416436 
0.7500451 
0.7542082 
0.7547840 
0.7547505 
0.7494111 
0.7535955 
0.7502732 
0.7523456 
0.7529430 
0.7560226 
0.7456533 
0.7474355 
0.7463778 
0.7487528 
0.7483215 
0.7462580 
0.7498275 
0.7571178 
0.7539856 
0.7551645 
0.7603662 
0.7640403 
0.7637473 
0.7731943 
0.7830745 
0.7905336 
0.7908902 
0.7760760 
0.7657407 
0.7562563 
0.7469136 
0.7559604 
0.7607861 
0.7646792 
0.7747893 
0.7861494 
0.7890674 
0.7950624 
0.7898798 
0.7765015 
0.7656722 
0.7678435 
0.7735820 
0.7593723 
0.7533707 
0.7500532 
0.7389636 
0.7395754 
0.7306519 
0.7122118 
0.7117515 
0.7078800 
0.7060858 
0.7032617 
0.6977088 
0.7128203 
0.6998248 
0.7004529 
0.6978123 
0.6874205 
0.6758101 
0.6647237 
0.6762589 
0.6788332 
0.6614528 
0.6584843 
0.6434897 
0.6379720 
0.6402052 
0.6294190 
0.6156708 
0.6055827 
0.5962556 
0.5789498 
0.5696550 
0.5684616 
0.5595210 
0.5600219 
0.5439688 
0.5443260 
0.5298496 
0.5267687 
0.5245187 
0.5175382 
0.5115591 
0.5016321 
0.4955534 
0.4984856 
0.4886592 
0.4761969 
0.4720767 
0.4749333 
0.4582560 
0.4424646 
0.4330466 
0.4151475 
0.4080685 
0.4039460 
0.4003857 
0.3882113 
0.3788761 
0.3771609 
0.3836351 
0.3834523 
0.3890323 
0.3862817 
0.3833390 
0.3824336 
0.3829683 
0.3869307 
0.3930811 
0.3899385 
0.3864087 
0.3917452 
0.3964364 
0.4002236 
0.4058291 
0.4053158 
0.4058154 
0.4187938 
0.4227308 
0.4326986 
0.4359623 
0.4289581 
0.4177150 
0.4132675 
0.4079927 
0.4088379 
0.4115023 
0.4148984 
0.4111439 
0.4049854 
0.3955663 
0.3880746 
0.3831915 
0.3816798 
0.3831213 
0.3795553 
0.3765685 
0.3812778 
0.3889855 
0.3858529 
0.3855503 
0.3887208 
0.3946684 
0.3985476 
0.3900217 
0.3897213 
0.3895309 
0.3926181 
0.3986514 
0.3981489 
0.4067734 
0.4111786 
0.4101485 
0.4097590 
0.4034320 
0.4058292 
0.4236474 
0.4363701 
0.4347457 
0.4340143 
0.4470929 
0.4477044 
0.4360441 
0.4302203 
0.4280654 
0.4199223 
0.4242123 
0.4170233 
0.4170445 
0.4182622 
0.4190528 
0.4185329 
0.4226048 
0.4290361 
0.4510526 
0.4359400 
0.4354039 
0.4397810 
0.4402749 
0.4361326 
0.4394295 
0.4404528 
0.4439429 
0.4442445 
0.4583049 
0.4619976 
0.4676964 
0.4660501 
0.4710993 
0.4887869 
0.4980424 
0.4939575 
0.4957541 
0.4988846 
0.4781256 
0.4716251 
0.4772151 
0.4761514 
0.4788092 
0.4875160 
0.4822102 
0.4873420 
0.4698008 
0.4703973 
0.4681788 
0.4640486 
0.4642163 
0.4584757 
0.4499410 
0.4389590 
0.4244242 
0.4182628 
0.4157684 
0.4163813 
0.4164309 
0.4076933 
0.4099174 
0.4026098 
0.4080986 
0.4129876 
0.4175741 
0.4220234 
0.4238238 
0.4227525 
0.4262204 
0.4240664 
0.4302030 
0.4236316 
0.4236824 
0.4240789 
0.4207159 
0.4092083 
0.4046684 
0.3908360 
0.3846507 
0.3842092 
0.3808050 
0.3795489 
0.3835557 
0.3819501 
0.3867205 
0.3979884 
0.4011439 
0.4043332 
0.4085826 
0.4038562 
0.3977141 
0.4088557 
0.4170697 
0.4308142 
0.4349505 
0.4431122 
0.4546433 
0.4673221 
0.4755252 
0.4849125 
0.4939359 
0.5077995 
0.5224873 
0.5391061 
0.5525430 
0.5641595 
0.5748045 
0.5788131 
0.5865663 
0.5840449 
0.6016629 
0.5988955 
0.6028073 
0.6012244 
0.6027057 
0.5943672 
0.5802430 
0.5896128 
0.5885178 
0.5764241 
0.5724842 
0.5635220 
0.5563447 
0.5486646 
0.5340157 
0.5271937 
0.5327532 
0.5376151 
0.5406567 
0.5497638 
0.5572188 
0.5681609 
0.5656133 
0.5575526 
0.5371491 
0.5337892 
0.5243964 
0.5101291 
0.5022011 
0.4949849 
0.4880524 
0.4898708 
0.4969640 
0.5043455 
0.4986161 
0.4906237 
0.4865378 
0.4728389 
0.4480386 
0.4419258 
0.4350876 
0.4245644 
0.4174744 
0.4259287 
0.4266685 
0.4303476 
0.4214034 
0.4186120 
0.4106823 
0.4075460 
0.4072979 
0.4044347 
0.3914132 
0.3907984 
0.3883044 
0.3905055 
0.3861702 
0.3910270 
0.3889292 
0.3938303 
0.3950007 
0.3925941 
0.3985159 
0.4049164 
0.4053277 
0.4102662 
0.4130740 
0.4169226 
0.4167977 
0.4205942 
0.4216904 
0.4247594 
0.4259670 
0.4309277 
0.4302993 
0.4153946 
0.4082128 
0.4092044 
0.4078498 
0.4119108 
0.4130062 
0.4201897 
0.4169188 
0.4183916 
0.4140467 
0.4138420 
0.4105043 
0.4229013 
0.4243794 
0.4170096 
0.4151374 
0.4219850 
0.4232817 
0.4287608 
0.4362510 
0.4374719 
0.4439688 
0.4490431 
0.4475593 
0.4344073 
0.4122179 
0.4013243 
0.3955850 
0.3927317 
0.3962534 
0.3957393 
0.3971252 
0.4022928 
0.4076342 
0.4198001 
0.4177355 
0.4196870 
0.4196957 
0.4208999 
0.4224962 
0.4225924 
0.4285102 
0.4252510 
0.4337668 
0.4384584 
0.4371363 
0.4484316 
0.4665292 
0.4713739 
0.4850491 
0.4813729 
0.4813367 
0.4806913 
0.4747298 
0.4729430 
0.4630441 
0.4576599 
0.4575121 
0.4540972 
0.4478318 
0.4533455 
0.4637758 
0.4666285 
0.4710401 
0.4799701 
0.4922011 
0.5017020 
0.4928723 
0.5012178 
0.5127320 
0.5091428 
0.5040054 
0.5059313 
0.5021323 
0.5034333 
0.4939750 
0.4846326 
0.4899465 
0.4787975 
0.4790173 
0.4726530 
0.4685866 
0.4642950 
0.4555358 
0.4466714 
0.4506624 
0.4495267 
0.4428825 
0.4243159 
0.4184151 
0.4166015 
0.4224205 
0.4236214 
0.4195831 
0.4204852 
0.4124528 
0.4090907 
0.4036241 
0.3897446 
0.3825541 
0.3720403 
0.3653563 
0.3648366 
0.3582689 
0.3712897 
0.3813429 
0.3840839 
0.3823313 
0.3793364 
0.3849525 
0.3852479 
0.3829193 
0.3869274 
0.3930440 
0.3972571 
0.4027581 
0.3960163 
0.3997948 
0.3906870 
0.3883282 
0.3773110 
0.3649391 
0.3554043 
0.3558939 
0.3588280 
0.3449976 
0.3460602 
0.3430907 
0.3408841 
0.3520620 
0.3534571 
0.3544929 
0.3592635 
0.3590719 
0.3556135 
0.3506500 
0.3576890 
0.3587971 
0.3589996 
0.3538746 
0.3487997 
0.3551755 
0.3603560 
0.3646478 
0.3584003 
0.3527979 
0.3474078 
0.3524505 
0.3565537 
0.3628881 
0.3692475 
0.3650928 
0.3706790 
0.3672668 
0.3825452 
0.3826635 
0.3782686 
0.3743262 
0.3638098 
0.3628701 
0.3486718 
0.3496056 
0.3483547 
0.3479871 
0.3467243 
0.3353011 
0.3272085 
0.3314485 
0.3409695 
0.3514544 
0.3437761 
0.3419389 
0.3298448 
0.3293730 
0.3382508 
0.3438586 
0.3519446 
0.3678559 
0.3786148 
0.3770623 
0.3807917 
0.3705905 
0.3827471 
0.3910645 
0.3931790 
0.4018191 
0.4017470 
0.3937214 
0.3913415 
0.4014031 
0.4065595 
0.3952386 
0.4001762 
0.3944240 
0.3903326 
0.3915231 
0.3876935 
0.3886694 
0.3927464 
0.3939636 
0.4038614 
0.4155644 
0.4331476 
0.4438913 
0.4521733 
0.4582334 
0.4589252 
0.4616767 
0.4556756 
0.4560749 
0.4518662 
0.4462859 
0.4397014 
0.4352368 
0.4305302 
0.4225833 
0.4187801 
0.4210773 
0.4246072 
0.4238183 
0.4265809 
0.4266022 
0.4352132 
0.4321058 
0.4400965 
0.4448255 
0.4474210 
0.4510952 
0.4437159 
0.4302469 
0.4264192 
0.4201334 
0.4137100 
0.4051980 
0.4053218 
0.4016306 
0.3954101 
0.3994306 
0.3949006 
0.3999261 
0.4095892 
0.4222137 
0.4201587 
0.4228698 
0.4311436 
0.4332023 
0.4252325 
0.4315812 
0.4308807 
0.4307801 
0.4282810 
0.4345576 
0.4385379 
0.4337107 
0.4279818 
0.4223438 
0.4208563 
0.4163849 
0.4103092 
0.4025991 
0.3954493 
0.3936640 
0.3953616 
0.3962005 
0.4003338 
0.4047189 
0.4027149 
0.4226420 
0.4035276 
0.3962700 
0.3865491 
0.3929011 
0.3890993 
0.3969150 
0.4022891 
0.4044252 
0.4049855 
0.3987132 
0.3994450 
0.3929187 
0.3937910 
0.3976210 
0.3907036 
0.3848784 
0.3855337 
0.3954062 
0.3976063 
0.3933230 
0.3917333 
0.4009286 
0.3999056 
0.4084229 
0.4009050 
0.3895524 
0.3894544 
0.3984404 
0.3952223 
0.3765845 
0.3790403 
0.3865832 
0.3922394 
0.3912667 
0.4011823 
0.4024685 
0.4086401 
0.3951439 
0.3911042 
0.3874031 
0.3711103 
0.3540941 
0.3430241 
0.3502370 
0.3538140 
0.3601616 
0.3593662 
0.3641185 
0.3746336 
0.3783371 
0.3821655 
0.3716892 
0.3700649 
0.3625074 
0.3543548 
0.3415153 
0.3300341 
0.3210120 
0.3152427 
0.3094469 
0.3155705 
0.3214777 
0.3192202 
0.3115032 
0.3088320 
0.3283727 
0.3201693 
0.3089317 
0.3019372 
0.2830468 
0.2656080 
0.2621941 
0.2591829 
0.2667624 
0.2674533 
0.2808461 
0.2825637 
0.2949643 
0.3042246 
0.2937120 
0.2981397 
0.3032300 
0.2997509 
0.3001279 
0.2936002 
0.2896472 
0.2801933 
0.2573477 
0.2535180 
0.2424222 
0.2363719 
0.2454738 
0.2378645 
0.2415079 
0.2395616 
0.2317323 
0.2455994 
0.2545742 
0.2523262 
0.2475403 
0.2300752 
0.2200954 
0.2113965 
0.2019809 
0.2104205 
0.2178874 
0.2172381 
0.2149674 
0.2093900 
0.2164909 
0.2045781 
0.1987894 
0.1952570 
0.1967038 
0.1883500 
0.1738403 
0.1669523 
0.1663549 
0.1750794 
0.1715933 
0.1688609 
0.1638337 
0.1619499 
0.1701601 
0.1683361 
0.1655515 
0.1615574 
0.1606901 
0.1464153 
0.1381699 
0.1413773 
0.1381958 
0.1450299 
0.1428088 
0.1416679 
0.1344148 
0.1306490 
0.1323049 
0.1311572 
0.1220514 
0.1247831 
0.1294743 
0.1351590 
0.1291772 
0.1275248 
0.1249450 
0.1209033 
0.1160698 
0.1144625 
0.1147420 
0.1253809 
0.1237783 
0.1311644 
0.1324855 
0.1374915 
0.1501125 
0.1513275 
0.1610562 
0.1596102 
0.1714006 
0.1747888 
0.1805274 
0.1814131 
0.1954353 
0.1906585 
0.1768206 
0.1826923 
0.2039234 
0.2047851 
0.2078132 
0.1989438 
0.1911482 
0.1864706 
0.1758777 
0.1792037 
0.1819135 
0.1827915 
0.1928672 
0.2056369 
0.2056281 
0.2162038 
0.2140939 
0.2051158 
0.2141587 
0.2142661 
0.2106624 
0.2189250 
0.2202100 
0.2267018 
0.2268974 
0.2333700 
0.2395112 
0.2538230 
0.2561102 
0.2623426 
0.2662513 
0.2710073 
0.2684099 
0.2677951 
0.2770179 
0.2839754 
0.2994115 
0.2946438 
0.2548919 
0.2553793 
0.2586494 
0.2551636 
0.2577325 
0.2534642 
0.2561459 
0.2658309 
0.2692946 
0.2761843 
0.2825397 
0.2923425 
0.3033792 
0.3109998 
0.3222458 
0.3387233 
0.3386024 
0.3498435 
0.3595390 
0.3668695 
0.3713721 
0.3798751 
0.3824781 
0.3792459 
0.3684907 
0.3631481 
0.3554724 
0.3542448 
0.3573489 
0.3456514 
0.3455015 
0.3358712 
0.3248997 
0.3130710 
0.3049682 
0.3024175 
0.3021132 
0.2994814 
0.3018307 
0.3040452 
0.2894346 
0.2939166 
0.2918493 
0.2933652 
0.2925706 
0.2805462 
0.2747460 
0.2729183 
0.2662606 
0.2627800 
0.2742803 
0.2646651 
0.2454879 
0.2378418 
0.2356938 
0.2359974 
0.2355132 
0.2261175 
0.2240102 
0.2132447 
0.2106959 
0.2070371 
0.2006146 
0.2053328 
0.2024617 
0.2025872 
0.2002885 
0.1993193 
0.1997286 
0.2041964 
0.2032958 
0.2165505 
0.2189440 
0.2136967 
0.2033372 
0.2010396 
0.1939250 
0.1858046 
0.1753934 
0.1790769 
0.1795455 
0.1687453 
0.1733583 
0.1687038 
0.1648997 
0.1550729 
0.1499534 
0.1506913 
0.1469294 
0.1399899 
0.1420457 
0.1442700 
0.1424924 
0.1449231 
0.1476824 
0.1480811 
0.1526113 
0.1537761 
0.1553571 
0.1533158 
0.1492040 
0.1477289 
0.1489585 
0.1422804 
0.1429607 
0.1427529 
0.1460160 
0.1455235 
0.1467313 
0.1467586 
0.1457982 
0.1413944 
0.1269357 
0.1255190 
0.1283421 
0.1292470 
0.1338402 
0.1363566 
0.1309277 
0.1301196 
0.1273890 
0.1263851 
0.1481195 
0.1675015 
0.1736539 
0.1648864 
0.1580187 
0.1585465 
0.1515892 
0.1520316 
0.1482795 
0.1438452 
0.1383122 
0.1255755 
0.1197110 
0.1234284 
0.1210445 
0.1156478 
0.1190129 
0.1179709 
0.1130400 
0.1087654 
0.1016609 
0.0947678 
0.0974841 
0.0934995 
0.0910222 
0.0926719 
0.0970358 
0.0970395 
0.0908601 
0.0934022 
0.0985246 
0.1020998 
0.1037601 
0.1009504 
0.1149069 
0.1204732 
0.1382558 
0.1356783 
0.1244718 
0.1249931 
0.1279458 
0.1203428 
0.1270394 
0.1388357 
0.1445566 
0.1466865 
0.1479097 
0.1404009 
0.1255172 
0.1200839 
0.1277105 
0.1288651 
0.1298054 
0.1287051 
0.1289963 
0.1307731 
0.1236440 
0.1162242 
0.1136479 
0.1114954 
0.1082735 
0.1084340 
0.1150220 
0.1115237 
0.1132778 
0.0974329 
0.0905309 
0.0870661 
0.0879906 
0.0964696 
0.1053935 
0.1173580 
0.1237622 
0.1389002 
0.1421320 
0.1419720 
0.1300045 
0.1166781 
0.1150435 
0.1210159 
0.1282639 
0.1353908 
0.1579017 
0.1563567 
0.1436125 
0.1356401 
0.1360979 
0.1388384 
0.1332861 
0.1425217 
0.1455987 
0.1586372 
0.1733892 
0.1718381 
0.1730239 
0.1772906 
0.1811627 
0.1960911 
0.2018241 
0.2195439 
0.2357179 
0.2480412 
0.2509153 
0.2541097 
0.2594517 
0.2501360 
0.2517724 
0.2562073 
0.2667998 
0.2782612 
0.2900034 
0.2960853 
0.3039558 
0.3040016 
0.2916038 
0.2822191 
0.2767768 
0.2773765 
0.2806530 
0.2923000 
0.2903191 
0.2928136 
0.2900995 
0.2811495 
0.2778989 
0.2736171 
0.2680566 
0.2520158 
0.2692690 
0.2688035 
0.2579526 
0.2559691 
0.2501277 
0.2339050 
0.2239127 
0.2106002 
0.1920279 
0.1763882 
0.1727002 
0.1894345 
0.1852585 
0.1804228 
0.1718894 
0.1638586 
0.1594291 
0.1563278 
0.1522209 
0.1474793 
0.1402224 
0.1385722 
0.1430605 
0.1454228 
0.1567690 
0.1601012 
0.1620288 
0.1632728 
0.1674399 
0.1837196 
0.1921698 
0.1779606 
0.1780763 
0.1811647 
0.1775721 
0.1813879 
0.1828057 
0.1782019 
0.1718166 
0.1700359 
0.1738458 
0.1828870 
0.1899870 
0.1896731 
0.1839868 
0.1736755 
0.1707011 
0.1732850 
0.1788905 
0.1703922 
0.1661308 
0.1624421 
0.1580822 
0.1521489 
0.1450959 
0.1349590 
0.1288950 
0.1198175 
0.1093473 
0.1020584 
0.0987236 
0.1063759 
0.1070042 
0.0929254 
0.0952405 
0.0988341 
0.1037617 
0.1035074 
0.1040189 
0.1091832 
0.1105325 
0.1114304 
0.1098352 
0.1210358 
0.1242941 
0.1295961 
0.1469350 
0.1588330 
0.1643969 
0.1641702 
0.1735929 
0.1850659 
0.1955518 
0.2030375 
0.2104991 
0.2224940 
0.2278694 
0.2271280 
0.2362402 
0.2472620 
0.2399621 
0.2427512 
0.2534127 
0.2487211 
0.2433784 
0.2365833 
0.2460896 
0.2325505 
0.2327904 
0.2228471 
0.2148078 
0.2018321 
0.1880905 
0.1866077 
0.1882724 
0.1735135 
0.1710954 
0.1678291 
0.1704609 
0.1770167 
0.1772818 
0.1710876 
0.1738308 
0.1662269 
0.1604824 
0.1501382 
0.1484826 
0.1446006 
0.1255979 
0.1208746 
0.1066969 
0.0911155 
0.0938449 
0.0989527 
0.1003779 
0.0973878 
0.1035034 
0.1029592 
0.1120782 
0.1119525 
0.1155773 
0.1145277 
0.1152372 
0.1178940 
0.1211797 
0.1137715 
0.1099782 
0.1121366 
0.0997637 
0.0887383 
0.0797122 
0.0816638 
0.0802102 
0.0905466 
0.0868928 
0.0923188 
0.0893318 
0.0881697 
0.0840486 
0.0705537 
0.0716914 
0.0763642 
0.0794749 
0.0818031 
0.0980232 
0.1074677 
0.1150685 
0.1165031 
0.1118821 
0.1113685 
0.1141412 
0.1188775 
0.1110038 
0.1026044 
0.0998130 
0.0990612 
0.0912407 
0.0849192 
0.0798369 
0.0762956 
0.0736365 
0.0698645 
0.0565113 
0.0465688 
0.0388753 
0.0354067 
0.0511713 
0.0571625 
0.0562360 
0.0548968 
0.0539285 
0.0606219 
0.0594012 
0.0558427 
0.0537320 
0.0518424 
0.0543101 
0.0500922 
0.0557913 
0.0539308 
0.0603844 
0.0586406 
0.0578649 
0.0656621 
0.0709622 
0.0788291 
0.0933243 
0.0948353 
0.0953458 
0.0984993 
0.1043436 
0.1030230 
0.0965627 
0.0978299 
0.0945097 
0.0954718 
0.0925085 
0.0851917 
0.0822177 
0.0835975 
0.0843836 
0.0845767 
0.0835109 
0.0895120 
0.0914010 
0.0958302 
0.0967321 
0.0978188 
0.0980192 
0.0891513 
0.0878398 
0.0815459 
0.0748628 
0.0713771 
0.0755829 
0.0793169 
0.0734277 
0.0777318 
0.0762097 
0.0698789 
0.0769532 
0.0684249 
0.0707076 
0.0707388 
0.0600940 
0.0621420 
0.0499093 
0.0467033 
0.0277123 
0.0187023 
0.0258540 
0.0216716 
0.0143934 
0.0130490 
0.0060323 
0.0164295 
0.0183751 
0.0168071 
0.0172756 
0.0149635 
0.0170232 
0.0088083 
0.0046202 
0.0058557 
0.0000000 
0.0016129 
