-0.0000171 
0.0001800 
-0.0000037 
0.2575875 
-0.1544984 
-0.1987402 
0.6713116 
0.6839322 
0.7029336 
0.6953906 
0.6998349 
0.6739031 
0.6992516 
0.6948978 
0.7079601 
0.6990136 
0.6676425 
0.6832842 
0.6741753 
0.7029261 
0.7088874 
0.6836656 
0.6762240 
0.6530282 
0.6390489 
0.6112607 
0.6154268 
0.6063675 
0.6159741 
0.6341956 
0.6422866 
0.6273666 
0.6329025 
0.6224129 
0.6308330 
0.6295018 
0.6199299 
0.6413594 
0.6432174 
0.6400725 
0.6330767 
0.6352402 
0.6318824 
0.6298595 
0.6124202 
0.6185519 
0.5963488 
0.5894297 
0.5742437 
0.5757693 
0.5844019 
0.6109168 
0.6185205 
0.6417136 
0.6607150 
0.6494970 
0.6611386 
0.6586589 
0.6576559 
0.6564337 
0.6492651 
0.6346821 
0.6400482 
0.6552288 
0.6526833 
0.6565503 
0.6762281 
0.6515353 
0.6359097 
0.6484101 
0.6251879 
0.6417379 
0.6572392 
0.6435576 
0.6582187 
0.6652662 
0.6584844 
0.6507129 
0.6452711 
0.6282799 
0.6445038 
0.6571496 
0.6533065 
0.6629958 
0.6513198 
0.6553936 
0.6713845 
0.6559455 
0.6502507 
0.6831697 
0.6834424 
0.6948911 
0.7049042 
0.6746533 
0.6613152 
0.6588610 
0.6458772 
0.6648131 
0.6930265 
0.6915522 
0.6719070 
0.6644468 
0.6672085 
0.6675440 
0.6650147 
0.6832617 
0.6705958 
0.6776237 
0.6703509 
0.6619696 
0.6655315 
0.6654956 
0.6810604 
0.6586877 
0.6561608 
0.6519813 
0.6708273 
0.6702221 
0.6615668 
0.6384191 
0.6473252 
0.6535774 
0.6636632 
0.6624576 
0.6616672 
0.6418748 
0.6419171 
0.6464221 
0.6444240 
0.6532299 
0.6533120 
0.6523570 
0.6551514 
0.6430341 
0.6311849 
0.6336229 
0.5904189 
0.5952387 
0.6350617 
0.6453224 
0.6371886 
0.6236051 
0.6136638 
0.6164634 
0.6158517 
0.6160679 
0.6056779 
0.5933871 
0.5977104 
0.6040580 
0.5883130 
0.5662327 
0.5998262 
0.6022145 
0.5921784 
0.5792641 
0.5807546 
0.5867206 
0.5469411 
0.5393128 
0.5662563 
0.5725070 
0.5755184 
0.5772757 
0.5783662 
0.5959363 
0.6107370 
0.5994677 
0.6073872 
0.5909891 
0.6100108 
0.6089118 
0.6187510 
0.6149344 
0.6286560 
0.6080112 
0.6157761 
0.6020355 
0.5948191 
0.6161502 
0.6097831 
0.6030090 
0.6268729 
0.6299939 
0.6103375 
0.6103728 
0.5986594 
0.6330605 
0.6152556 
0.6307858 
0.6381432 
0.6295421 
0.6251067 
0.6422390 
0.6365718 
0.6429543 
0.6413958 
0.6438364 
0.6471129 
0.6253729 
0.6374875 
0.6413249 
0.6351859 
0.6463305 
0.6586118 
0.6900464 
0.6763655 
0.6642827 
0.6649138 
0.6403526 
0.6182314 
0.6198193 
0.6394922 
0.6468600 
0.6613049 
0.6453490 
0.6570950 
0.6699841 
0.6684857 
0.6584791 
0.6599337 
0.6801987 
0.6714022 
0.6704840 
0.6599422 
0.6782638 
0.6676749 
0.6827356 
0.6842259 
0.6803957 
0.6651863 
0.6555851 
0.6497329 
0.6603255 
0.6313587 
0.6522422 
0.6451748 
0.6371950 
0.6525107 
0.6527165 
0.6509997 
0.6441576 
0.6627216 
0.6308929 
0.6479437 
0.6557358 
0.6502663 
0.6598570 
0.6609477 
0.6497814 
0.6408051 
0.6401194 
0.6261702 
0.6323121 
0.6421696 
0.6277700 
0.6295075 
0.6305814 
0.6273212 
0.6279469 
0.6075611 
0.6160165 
0.6075545 
0.6176985 
0.6106247 
0.6163910 
0.6321768 
0.6258970 
0.6373872 
0.6325806 
0.6233933 
0.6067953 
0.6123978 
0.6231592 
0.6280390 
0.6249735 
0.6369309 
0.6186756 
0.6096751 
0.6049820 
0.6294051 
0.6429556 
0.6426716 
0.6404503 
0.6319577 
0.6436514 
0.6534488 
0.6403218 
0.6314266 
0.6468391 
0.6459015 
0.6162462 
0.6262217 
0.6370352 
0.6284516 
0.6302877 
0.6341262 
0.6326723 
0.6347437 
0.6286307 
0.6320632 
0.6219336 
0.6151685 
0.6225869 
0.6147464 
0.6140762 
0.6413198 
0.6461108 
0.6575410 
0.6634350 
0.6349894 
0.6282039 
0.6595363 
0.6602755 
0.6634783 
0.6568479 
0.6771833 
0.6745235 
0.6801232 
0.6889154 
0.6847746 
0.6820756 
0.6727360 
0.6610098 
0.6642633 
0.6553201 
0.6509156 
0.6593711 
0.6711487 
0.6693072 
0.6242849 
0.6555794 
0.6378323 
0.6704885 
0.6721234 
0.6779110 
0.6646635 
0.6325708 
0.6367529 
0.6377916 
0.6523228 
0.6764183 
0.6606925 
0.6801808 
0.6880494 
0.6756747 
0.6841337 
0.6745733 
0.6944147 
0.6882645 
0.6782298 
0.6822629 
0.7003336 
0.7069810 
0.6929917 
0.7062632 
0.6813921 
0.6956751 
0.6891536 
0.6878953 
0.7036278 
0.6991615 
0.6982947 
0.7072380 
0.7070169 
0.7456706 
0.7462923 
0.7578257 
0.7269010 
0.6826536 
0.6757240 
0.7060207 
0.7210527 
0.7107366 
0.7045657 
0.7132879 
0.7212760 
0.7155792 
0.7192133 
0.7060720 
0.7136862 
0.7095481 
0.6958835 
0.7064448 
0.6956652 
0.6941474 
0.7195420 
0.7086686 
0.6908608 
0.7038138 
0.6679381 
0.6535152 
0.6513969 
0.6530916 
0.6826950 
0.6679137 
0.6673252 
0.6458837 
0.6543601 
0.6432633 
0.6585693 
0.6402270 
0.6575564 
0.6759789 
0.6960159 
0.6955436 
0.7057469 
0.6899861 
0.6924139 
0.7041096 
0.6912475 
0.6860326 
0.6947364 
0.6871769 
0.6750794 
0.6815694 
0.6895832 
0.7117386 
0.6947327 
0.6668494 
0.6685855 
0.7136741 
0.7296207 
0.7272324 
0.7154020 
0.7297138 
0.7151120 
0.6937910 
0.6934800 
0.6870362 
0.6947049 
0.6924830 
0.6941259 
0.7020384 
0.6924261 
0.6894810 
0.6878244 
0.6794721 
0.6955138 
0.6909659 
0.6869960 
0.7076278 
0.7005636 
0.6974382 
0.7001904 
0.7183384 
0.7188496 
0.7142653 
0.7147793 
0.7084339 
0.7095111 
0.7119631 
0.7004343 
0.7243777 
0.7269066 
0.7411058 
0.7123234 
0.7237255 
0.7221575 
0.7120991 
0.7131064 
0.7075200 
0.7002855 
0.6798592 
0.6520659 
0.6552217 
0.6475628 
0.6499707 
0.6682318 
0.6718764 
0.6818381 
0.6782113 
0.6744458 
0.6747350 
0.6691919 
0.6784487 
0.6686737 
0.6650430 
0.6481465 
0.6564090 
0.6667283 
0.6608432 
0.6519139 
0.6597015 
0.6840302 
0.6848306 
0.6794240 
0.6762672 
0.6712925 
0.6942805 
0.6861018 
0.6942730 
0.7082336 
0.7290571 
0.7501229 
0.7797363 
0.7710010 
0.7683283 
0.8062378 
0.8023315 
0.8044214 
0.8160949 
0.8132680 
0.7954334 
0.8189729 
0.8107243 
0.7599444 
0.7224807 
0.7390673 
0.7156603 
0.7089740 
0.7114723 
0.7126980 
0.7196894 
0.7331359 
0.7239164 
0.7286440 
0.7493538 
0.7354950 
0.7449697 
0.7479084 
0.7358938 
0.7358076 
0.7359834 
0.7272844 
0.7549377 
0.7817387 
0.7883323 
0.7848518 
0.7895261 
0.7833176 
0.7974289 
0.7946948 
0.7778238 
0.7879862 
0.8137052 
0.8378825 
0.8579458 
0.8431664 
0.8360253 
0.8254584 
0.8286829 
0.8086055 
0.7985006 
0.7844931 
0.8000130 
0.8258098 
0.8765762 
0.8619485 
0.8671539 
0.8670672 
0.8369161 
0.8409910 
0.8382235 
0.8419117 
0.8250023 
0.8038159 
0.8048048 
0.8125041 
0.7992459 
0.8072884 
0.8080793 
0.7909996 
0.7997517 
0.8101980 
0.8112362 
0.7994246 
0.8294533 
0.8025267 
0.8126536 
0.8002601 
0.7898838 
0.7994194 
0.8192893 
0.8131981 
0.8060012 
0.7822676 
0.7628962 
0.7818326 
0.7559015 
0.7806753 
0.7853209 
0.7963470 
0.7917527 
0.7899459 
0.7826574 
0.7700459 
0.7616253 
0.7679518 
0.7708072 
0.7753560 
0.7596541 
0.7475566 
0.7640432 
0.7604566 
0.7685243 
0.7895732 
0.7707598 
0.7586685 
0.7307611 
0.6890200 
0.7029590 
0.6999047 
0.6928076 
0.7282556 
0.7610665 
0.7416384 
0.7455284 
0.7569934 
0.7335413 
0.7030765 
0.6969942 
0.6927617 
0.6979845 
0.7217457 
0.7250655 
0.7354266 
0.7471806 
0.7471627 
0.7594434 
0.7627475 
0.7648193 
0.7515511 
0.7761872 
0.7787156 
0.7932564 
0.8055149 
0.8021036 
0.7992224 
0.7888792 
0.7809287 
0.7906695 
0.8122520 
0.7764715 
0.7497254 
0.7524163 
0.7517764 
0.7247118 
0.7420910 
0.7401320 
0.7485367 
0.7516083 
0.7653052 
0.7679466 
0.7611873 
0.7675918 
0.7432302 
0.7441147 
0.7441590 
0.7502397 
0.7476139 
0.7535640 
0.7636203 
0.7624435 
0.7641360 
0.7733037 
0.7573684 
0.7614014 
0.7599419 
0.7873224 
0.7861886 
0.7911537 
0.7871848 
0.7867703 
0.7964042 
0.7987964 
0.8066114 
0.8122082 
0.8291866 
0.8371053 
0.8376362 
0.8297230 
0.8398284 
0.8449462 
0.8362394 
0.8394904 
0.8055448 
0.7975690 
0.8248572 
0.8270902 
0.8179126 
0.8168317 
0.7884205 
0.7995135 
0.8141364 
0.8288297 
0.8082170 
0.7844895 
0.7890918 
0.7978967 
0.8019411 
0.8081021 
0.8075153 
0.8034358 
0.8266299 
0.8232652 
0.8205586 
0.8100467 
0.8218598 
0.8266078 
0.8063461 
0.7985719 
0.8041161 
0.8209349 
0.8297725 
0.7985524 
0.8164265 
0.8187493 
0.8199088 
0.7945355 
0.8053624 
0.8008885 
0.7870750 
0.7854525 
0.7965829 
0.7959888 
0.7971041 
0.7894662 
0.7930379 
0.7823826 
0.7766222 
0.7566527 
0.7531799 
0.7808008 
0.7686806 
0.7500263 
0.7646034 
0.7726128 
0.7641188 
0.7760121 
0.7678610 
0.7699665 
0.7909395 
0.7865519 
0.7689741 
0.7713764 
0.7954303 
0.8320342 
0.8066699 
0.8210572 
0.8027588 
0.8128047 
0.8036768 
0.8389672 
0.8379378 
0.8110279 
0.8266798 
0.8080541 
0.8068680 
0.8171252 
0.8001881 
0.7830794 
0.7819744 
0.7955158 
0.8083129 
0.8037005 
0.7982444 
0.8179376 
0.8338711 
0.8210858 
0.8228475 
0.8276819 
0.8432826 
0.8233001 
0.8289235 
0.8562435 
0.8545020 
0.8439387 
0.8208712 
0.8187055 
0.8446087 
0.8493384 
0.8630131 
0.8736027 
0.8919489 
0.9068417 
0.9381269 
0.9337456 
0.9210887 
0.9077301 
0.8449819 
0.8056167 
0.8453092 
0.8235624 
0.8004931 
0.7850727 
0.7872722 
0.8027463 
0.7982643 
0.8009744 
0.8161783 
0.8402331 
0.7999839 
0.8163374 
0.8151570 
0.8363321 
0.8437432 
0.8478775 
0.8190377 
0.8085274 
0.8039151 
0.8258471 
0.8292700 
0.8182728 
0.8465844 
0.8358913 
0.8433593 
0.8562252 
0.8482328 
0.8475086 
0.8726250 
0.8539038 
0.8753442 
0.8651540 
0.8596941 
0.8739167 
0.8776591 
0.8620344 
0.8703886 
0.8825501 
0.8799728 
0.8728631 
0.8748225 
0.8828482 
0.8884343 
0.8778777 
0.8990980 
0.8745351 
0.8716003 
0.8894944 
0.8547764 
0.8727481 
0.8496111 
0.8454318 
0.8336470 
0.8338359 
0.8241699 
0.7952434 
0.7884484 
0.8153993 
0.8091140 
0.8027988 
0.8194488 
0.8152503 
0.8027122 
0.7802072 
0.7986386 
0.8029458 
0.7929511 
0.7967603 
0.7951371 
0.7741576 
0.7604126 
0.7853509 
0.7813205 
0.7937797 
0.7817328 
0.8147600 
0.8311665 
0.8166331 
0.8424119 
0.8429364 
0.8599402 
0.8543619 
0.8646853 
0.8640601 
0.8544868 
0.8580106 
0.8676897 
0.8707460 
0.8587902 
0.8597450 
0.8685413 
0.8597503 
0.8855648 
0.8726688 
0.8708342 
0.8730883 
0.8464392 
0.8503761 
0.8503487 
0.8380124 
0.7976829 
0.8073791 
0.8140055 
0.7932231 
0.8074311 
0.7986958 
0.8384677 
0.8272399 
0.8166992 
0.8172335 
0.8041492 
0.8130782 
0.8032501 
0.8077021 
0.8420047 
0.8275521 
0.9040413 
0.9029738 
0.8884655 
0.9050777 
0.9121358 
0.9162770 
0.9109447 
0.9083031 
0.8923684 
0.8876247 
0.8879287 
0.8840756 
0.8886389 
0.8753142 
0.8490289 
0.8317430 
0.8223929 
0.8392733 
0.8811929 
0.8842817 
0.8944483 
0.8799258 
0.8824658 
0.8872956 
0.8955388 
0.8833535 
0.8891406 
0.8943834 
0.8916575 
0.8801371 
0.9069510 
0.8827455 
0.8908779 
0.8971217 
0.8988456 
0.8831242 
0.8779994 
0.8592267 
0.8579199 
0.8413111 
0.8566068 
0.8527255 
0.8365333 
0.8309216 
0.8468085 
0.8317415 
0.8266831 
0.8375326 
0.8303800 
0.8417473 
0.8480358 
0.8276408 
0.8176029 
0.8029871 
0.8011279 
0.7973360 
0.8050249 
0.8115236 
0.7977187 
0.8107315 
0.8132201 
0.8076317 
0.8337786 
0.8347239 
0.8315463 
0.8101325 
0.8271345 
0.8343955 
0.7964592 
0.7940532 
0.8138608 
0.8272078 
0.8349272 
0.8404860 
0.8561132 
0.8617021 
0.8362172 
0.8437819 
0.8359546 
0.8565994 
0.8328237 
0.8399162 
0.8270132 
0.8369592 
0.8682623 
0.8744637 
0.8409476 
0.8434250 
0.8621973 
0.8584897 
0.8503553 
0.8397429 
0.8537864 
0.8445364 
0.8599287 
0.8339384 
0.8425287 
0.8469916 
0.8375561 
0.8457936 
0.8452554 
0.8477183 
0.8611070 
0.8435927 
0.8271026 
0.8560918 
0.8462204 
0.8391362 
0.8521729 
0.8445395 
0.8590270 
0.8637732 
0.8680514 
0.8598858 
0.8647190 
0.8791240 
0.8748305 
0.8764422 
0.8806155 
0.8858577 
0.8763095 
0.8924065 
0.9050367 
0.9177285 
0.9135042 
0.8861415 
0.8902285 
0.8747141 
0.8848092 
0.8856086 
0.8852582 
0.8968750 
0.8957813 
0.8799363 
0.8827426 
0.8939606 
0.9107392 
0.8988154 
0.9166640 
0.9012716 
0.9124668 
0.8963592 
0.8778032 
0.8839586 
0.8610625 
0.8608860 
0.8538896 
0.8743525 
0.8825357 
0.8958021 
0.8805079 
0.8861223 
0.8877586 
0.8940086 
0.8987008 
0.8828380 
0.8938921 
0.9024878 
0.9011899 
0.9330541 
0.9353982 
0.9025479 
0.9038759 
0.9057321 
0.9083518 
0.9043812 
0.9307152 
0.9239361 
0.9139643 
0.9221567 
0.9123666 
0.8957712 
0.9075907 
0.9150288 
0.9249742 
0.9159564 
0.9096677 
0.9006820 
0.8950537 
0.8913908 
0.8978610 
0.8942702 
0.9030350 
0.8925601 
0.8900812 
0.8875444 
0.8616862 
0.8710796 
0.8608431 
0.8549063 
0.8772875 
0.8765781 
0.8507460 
0.8615778 
0.8813016 
0.8724540 
0.9026813 
0.9008868 
0.8913230 
0.8629647 
0.8708519 
0.8755887 
0.8883545 
0.9085101 
0.9595883 
0.9469350 
0.9296740 
0.9016177 
0.8759314 
0.8803459 
0.8892393 
0.8858685 
0.8906438 
0.8733560 
0.8777005 
0.8952086 
0.8879668 
0.8657886 
0.8711894 
0.8968652 
0.9148648 
0.9321097 
0.9327877 
0.9317166 
0.9283294 
0.9470251 
0.9440343 
0.9411960 
0.9421474 
0.9573812 
0.9438261 
0.9647272 
0.9509988 
0.9342557 
0.9399172 
0.9524141 
0.9617351 
0.9719059 
0.9498359 
0.9535731 
0.9583095 
0.9526648 
0.9707567 
0.9648166 
0.9629664 
0.9613998 
0.9512679 
0.9260254 
0.9431899 
0.9608563 
0.9557930 
0.9433110 
0.9265735 
0.9393744 
0.9579210 
0.9573730 
0.9657612 
0.9523084 
0.9427836 
0.9334483 
0.9129443 
0.9100664 
0.9069530 
0.9176078 
0.9136648 
0.9168711 
0.9142161 
0.8834198 
0.8968282 
0.8960467 
0.8953179 
0.9183447 
0.9119232 
0.9230255 
0.9231743 
0.9335501 
0.9393397 
0.9398295 
0.9493795 
0.9325025 
0.9504673 
0.9537889 
0.9343077 
0.9341175 
0.9315571 
0.9222445 
0.9228706 
0.9257270 
0.9156098 
0.9108339 
0.9113706 
0.9013312 
0.9001378 
0.8832153 
0.8822536 
0.8823244 
0.8787577 
0.8829838 
0.8851887 
0.8704808 
0.9232728 
0.9277388 
0.9163886 
0.9271136 
0.9455438 
0.9113288 
0.9353122 
0.8991951 
0.8879405 
0.8955315 
0.9134701 
0.9157615 
0.9278292 
0.9274944 
0.9377447 
0.9338465 
0.9442257 
0.9547420 
0.9655616 
0.9547273 
0.9574773 
0.9567204 
0.9532918 
0.9576734 
0.9451032 
0.9510258 
0.9536423 
0.9736696 
0.9483435 
0.9227391 
0.9260646 
0.9515006 
0.9366931 
0.9332172 
0.9543642 
0.9558714 
0.9676593 
0.9599238 
0.9613778 
0.9678877 
0.9782474 
0.9649729 
0.9740832 
0.9665520 
0.9557032 
0.9387498 
0.9842699 
1.0000000 
0.9650156 
0.9374590 
0.9337582 
0.9592212 
0.9539054 
0.9419383 
0.9714424 
0.9280557 
0.9286058 
0.9565431 
0.9486019 
0.9402553 
0.9456722 
0.9500068 
0.9406202 
0.9264301 
0.9300880 
0.9330930 
0.9359161 
0.9439647 
0.9541343 
0.9456479 
0.9597668 
0.9576383 
0.9485352 
0.9551904 
0.9383084 
0.9339166 
0.9323922 
0.9327508 
0.9331497 
0.9512681 
0.9383092 
0.9460225 
0.9487933 
0.9265971 
0.9268710 
0.9323333 
0.9363450 
0.9254199 
0.9492727 
0.9465227 
0.9194352 
0.9166910 
0.9331126 
0.9452329 
0.9444484 
0.9482197 
0.9474639 
0.9635812 
0.9367991 
0.9101179 
0.8899362 
0.9007429 
0.9057531 
0.9302259 
0.9354078 
0.9570986 
0.9370943 
0.9187156 
0.9007884 
0.9086854 
0.9144511 
0.9082681 
0.8866723 
0.8960390 
0.8985695 
0.9062794 
0.9197043 
0.9130432 
0.8889229 
0.8799703 
0.8728499 
0.8653468 
0.8490739 
0.8553549 
0.8584144 
0.8525554 
0.8350484 
0.8430517 
0.8566772 
0.8425022 
0.8361449 
0.8604841 
0.8523569 
0.8417918 
0.8098477 
0.8172557 
0.8071748 
0.8078528 
0.8094367 
0.7984649 
0.7792709 
0.8008931 
0.7897374 
0.7879996 
0.7799413 
0.7841274 
0.7462655 
0.7514291 
0.7844403 
0.7756113 
0.7617508 
0.7627437 
0.7459204 
0.7485239 
0.7493538 
0.7462651 
0.7403035 
0.7339522 
0.6994465 
0.7280851 
0.7274626 
0.7147654 
0.7227279 
0.7099975 
0.7220084 
0.6940064 
0.6978081 
0.6921612 
0.6988385 
0.6925981 
0.6772807 
0.6584970 
0.6510422 
0.6545212 
0.6374739 
0.6545077 
0.6401750 
0.6447121 
0.6404418 
0.6319575 
0.6120838 
0.6133822 
0.6270553 
0.6549063 
0.6522863 
0.6449767 
0.6456310 
0.6374597 
0.6284147 
0.6289546 
0.6146515 
0.5950522 
0.6004887 
0.5748163 
0.5793802 
0.5747694 
0.5711315 
0.5443269 
0.5426549 
0.5553639 
0.5575373 
0.5555930 
0.5647342 
0.5613251 
0.5547492 
0.5517330 
0.5572444 
0.5826866 
0.5814959 
0.5805688 
0.5720152 
0.5681190 
0.5367085 
0.5191025 
0.5416119 
0.5390626 
0.5316264 
0.5185840 
0.5113658 
0.5052398 
0.5195625 
0.5443326 
0.5480711 
0.5604852 
0.5256246 
0.4807921 
0.4794480 
0.4848707 
0.4817291 
0.4881514 
0.4930628 
0.4927508 
0.4917860 
0.4833366 
0.4860505 
0.4947172 
0.5111350 
0.4910478 
0.4819114 
0.4670322 
0.4624170 
0.4760326 
0.5162558 
0.5424893 
0.5307697 
0.5329491 
0.4724280 
0.4642283 
0.4634303 
0.4525954 
0.4692750 
0.4953841 
0.4851485 
0.5078820 
0.4968931 
0.4975941 
0.4991284 
0.5074315 
0.4964576 
0.5259030 
0.5205847 
0.5278788 
0.5334753 
0.5161562 
0.5172993 
0.5223302 
0.5193362 
0.5104832 
0.5305074 
0.5357759 
0.5275090 
0.5494433 
0.5513560 
0.5323004 
0.5371893 
0.5623225 
0.5572924 
0.5414568 
0.5419714 
0.5419353 
0.5484779 
0.5403100 
0.5227497 
0.5171010 
0.5201037 
0.5180476 
0.5109772 
0.5204608 
0.5058139 
0.4970495 
0.4943837 
0.4837082 
0.4873548 
0.4811278 
0.4712907 
0.4729972 
0.4658434 
0.4985905 
0.5040052 
0.4857894 
0.4856997 
0.4862985 
0.4593528 
0.4546518 
0.4247783 
0.4392178 
0.4691513 
0.4480261 
0.4537110 
0.4544371 
0.4328630 
0.4275450 
0.4176435 
0.4173213 
0.4216870 
0.4179098 
0.4104555 
0.4141304 
0.4119441 
0.3972099 
0.3841823 
0.3780571 
0.3805943 
0.4057383 
0.3903195 
0.4078811 
0.4172198 
0.4169696 
0.4136752 
0.4114174 
0.4023297 
0.4053843 
0.4275790 
0.4497133 
0.4442041 
0.4331751 
0.4512869 
0.4523666 
0.4475926 
0.4330349 
0.4472710 
0.4326412 
0.4507098 
0.4328576 
0.4232080 
0.4417701 
0.4397017 
0.4398624 
0.4459460 
0.4550031 
0.4150559 
0.4253604 
0.4335198 
0.3769110 
0.3888303 
0.3854898 
0.3669894 
0.3787746 
0.3785319 
0.3671423 
0.3774852 
0.3983973 
0.3948319 
0.4128886 
0.4105318 
0.3831147 
0.3996492 
0.3729626 
0.3602631 
0.4056491 
0.3933361 
0.3997885 
0.4452861 
0.4349687 
0.4494283 
0.4432315 
0.4229279 
0.4204081 
0.4188496 
0.4129365 
0.4161272 
0.4338548 
0.4316266 
0.4358922 
0.4225697 
0.3961315 
0.3644469 
0.3910528 
0.3936438 
0.3931099 
0.4090125 
0.4141007 
0.3982769 
0.4006002 
0.3841440 
0.3921543 
0.4031039 
0.3938721 
0.4093844 
0.4103882 
0.3861966 
0.3827396 
0.3658252 
0.3808238 
0.3839290 
0.3937332 
0.4033917 
0.3876840 
0.3682527 
0.3770253 
0.3925833 
0.3873351 
0.3921974 
0.3829055 
0.4244016 
0.4235235 
0.4233505 
0.4450598 
0.4335757 
0.4308214 
0.4287033 
0.3964956 
0.4239993 
0.4326773 
0.4326051 
0.4558665 
0.4565564 
0.4493434 
0.4186955 
0.4163096 
0.4370814 
0.4549282 
0.4585016 
0.4560357 
0.4520376 
0.4722480 
0.4708621 
0.4356845 
0.4268568 
0.4187381 
0.4163576 
0.4127762 
0.4053411 
0.4070414 
0.4247483 
0.4059682 
0.4020663 
0.3724700 
0.3865753 
0.3954048 
0.4022791 
0.3812860 
0.3733480 
0.3854189 
0.3806214 
0.3871085 
0.3602644 
0.3389925 
0.3338897 
0.3484608 
0.3539063 
0.3395645 
0.3444293 
0.3579544 
0.3464589 
0.3456957 
0.3332608 
0.3278858 
0.3292835 
0.3055006 
0.3073520 
0.3115651 
0.3134918 
0.3150216 
0.3352476 
0.3376555 
0.3341394 
0.3316242 
0.3303049 
0.3210410 
0.3210564 
0.3028784 
0.3123141 
0.3090191 
0.2954471 
0.2907425 
0.3120494 
0.3240944 
0.3365179 
0.3351802 
0.3235478 
0.3173113 
0.3140124 
0.3197832 
0.3286803 
0.3165842 
0.3379374 
0.3161500 
0.3046604 
0.3141173 
0.3091883 
0.3063717 
0.3172771 
0.3104586 
0.3137244 
0.3161940 
0.3061243 
0.3171779 
0.3109102 
0.3232897 
0.3307086 
0.3270833 
0.3061341 
0.3081966 
0.3027846 
0.2822803 
0.2935253 
0.2667863 
0.2616868 
0.2740606 
0.3021425 
0.3014829 
0.2973635 
0.3022994 
0.2747075 
0.2978566 
0.3191808 
0.3163164 
0.3104293 
0.3184182 
0.3184979 
0.3573498 
0.3605347 
0.3813430 
0.3889080 
0.3715410 
0.3579592 
0.3129482 
0.2471271 
0.2675064 
0.2466356 
0.2775134 
0.2723503 
0.2801731 
0.2771009 
0.2971131 
0.3045014 
0.2996240 
0.2904473 
0.3151583 
0.3029660 
0.2921373 
0.2928723 
0.2973959 
0.3165739 
0.2896128 
0.3085929 
0.3425291 
0.3436659 
0.3566891 
0.3401683 
0.3629359 
0.3633358 
0.3604684 
0.3570933 
0.3624579 
0.3370620 
0.3310084 
0.3335719 
0.3363674 
0.3173578 
0.3341167 
0.3405798 
0.3377972 
0.3447798 
0.3387739 
0.3380959 
0.3422308 
0.3571267 
0.3390239 
0.3348064 
0.3538484 
0.3534871 
0.3417509 
0.3380394 
0.3367242 
0.3208520 
0.3256698 
0.3487092 
0.3467617 
0.3478365 
0.3236954 
0.3100756 
0.3132522 
0.3057156 
0.3001658 
0.3080873 
0.2907010 
0.2850995 
0.2832326 
0.2964051 
0.3074236 
0.2742230 
0.2819132 
0.2796406 
0.2837176 
0.2934275 
0.2845146 
0.2771844 
0.2810657 
0.2777521 
0.2589945 
0.2694826 
0.2518094 
0.2489188 
0.2433165 
0.2215599 
0.2487551 
0.2266739 
0.2634824 
0.2748588 
0.2752474 
0.2669643 
0.2640267 
0.2799833 
0.2868963 
0.2928042 
0.3021800 
0.2874981 
0.2837842 
0.3003079 
0.2935081 
0.3075553 
0.2984975 
0.2909192 
0.2840025 
0.2819178 
0.2732521 
0.2804945 
0.2951404 
0.2860508 
0.2885442 
0.2843883 
0.2786194 
0.2793909 
0.2614593 
0.2506653 
0.2451510 
0.2534687 
0.2292656 
0.2216721 
0.2138425 
0.2158283 
0.2091200 
0.1898243 
0.1927746 
0.2136559 
0.2481358 
0.2423597 
0.2524312 
0.2398442 
0.2311333 
0.2446277 
0.2373156 
0.2509176 
0.2577684 
0.2350396 
0.2564293 
0.2640674 
0.2679713 
0.2653203 
0.2636806 
0.2686720 
0.2557943 
0.2659194 
0.2513196 
0.2676844 
0.3042790 
0.2978802 
0.3000515 
0.2966082 
0.3112371 
0.3095701 
0.3146640 
0.3045741 
0.3072817 
0.2912954 
0.2856517 
0.2743618 
0.2722832 
0.2791420 
0.2715620 
0.2901375 
0.2877400 
0.2916445 
0.2754723 
0.2718109 
0.2676355 
0.2759664 
0.2848339 
0.2710676 
0.2948942 
0.2835586 
0.2893163 
0.2703849 
0.2888770 
0.2826030 
0.2833696 
0.3074034 
0.2858474 
0.3101681 
0.3044898 
0.3146805 
0.3056118 
0.2906662 
0.2932517 
0.3015579 
0.2822638 
0.3022612 
0.2877060 
0.2843991 
0.2930985 
0.2802204 
0.3119346 
0.2871873 
0.2903238 
0.2788177 
0.2866917 
0.2801174 
0.2946538 
0.3047409 
0.2809697 
0.2850254 
0.2890296 
0.2700119 
0.2727336 
0.2893188 
0.2888350 
0.2726079 
0.2747903 
0.2765502 
0.2625241 
0.2634024 
0.2742411 
0.2787676 
0.2822157 
0.2633900 
0.2734051 
0.2703326 
0.2581070 
0.2670082 
0.2553595 
0.2337884 
0.2516016 
0.2446971 
0.2509094 
0.2301300 
0.2343642 
0.2427410 
0.2633679 
0.2591466 
0.2842080 
0.3008546 
0.2932260 
0.2525164 
0.2529373 
0.2433355 
0.2120426 
0.1988821 
0.2198300 
0.2518061 
0.2693560 
0.2810888 
0.2880921 
0.2768958 
0.2413094 
0.2308802 
0.2088916 
0.2363202 
0.2187676 
0.2140334 
0.1972289 
0.1925212 
0.2041556 
0.1919553 
0.1892399 
0.1771032 
0.1857505 
0.1737928 
0.1790974 
0.1678417 
0.1618568 
0.1586870 
0.1402519 
0.1111131 
0.1443926 
0.1351264 
0.1253486 
0.1368888 
0.1333257 
0.1233918 
0.1539748 
0.1899321 
0.2174545 
0.2425407 
0.2359997 
0.2257130 
0.2288346 
0.2386451 
0.2323812 
0.2308097 
0.2322582 
0.2295314 
0.2400780 
0.2282476 
0.2283029 
0.2265522 
0.2307876 
0.2386647 
0.2356101 
0.2311507 
0.2606034 
0.2367666 
0.2492050 
0.2595577 
0.2456987 
0.2490919 
0.2610685 
0.2360931 
0.2364383 
0.2444420 
0.2562513 
0.2461417 
0.2283045 
0.2413892 
0.2437779 
0.2401675 
0.2414107 
0.2308106 
0.2218954 
0.2155599 
0.2177159 
0.1777067 
0.1842067 
0.1756236 
0.1569480 
0.1639526 
0.1676078 
0.1471300 
0.1451990 
0.1446629 
0.1285239 
0.1395932 
0.1321403 
0.1363226 
0.1401404 
0.1499609 
0.1374981 
0.1450701 
0.1773954 
0.1888825 
0.1752681 
0.1804389 
0.1842921 
0.1766620 
0.1811744 
0.1971299 
0.2027125 
0.2161829 
0.2233603 
0.2282641 
0.2477291 
0.2517198 
0.2580997 
0.2665149 
0.2718029 
0.2703081 
0.2692730 
0.2529381 
0.2367711 
0.2326273 
0.2389627 
0.2516792 
0.2475574 
0.2270350 
0.2092099 
0.2260353 
0.2233529 
0.2152592 
0.1994913 
0.2028482 
0.1656882 
0.1739712 
0.1542786 
0.1418327 
0.1285285 
0.1293521 
0.1201274 
0.1496090 
0.1483175 
0.1495358 
0.1145953 
0.1241103 
0.1116870 
0.1069670 
0.1084196 
0.1139230 
0.1188978 
0.1171320 
0.1218257 
0.1344308 
0.1568785 
0.1881632 
0.1911629 
0.1937884 
0.2084812 
0.2117078 
0.2122065 
0.2029400 
0.2048304 
0.2146307 
0.2027728 
0.2000637 
0.1957152 
0.2009982 
0.1864425 
0.1897686 
0.1719913 
0.1617383 
0.1559180 
0.1486598 
0.1563349 
0.1519013 
0.1523927 
0.1532282 
0.1296711 
0.1069243 
0.1061241 
0.1049218 
0.1230487 
0.1193294 
0.1178076 
0.0829174 
0.1012424 
0.1205981 
0.1109190 
0.1225794 
0.1390530 
0.1410363 
0.1385515 
0.1419674 
0.1334306 
0.1401147 
0.1250718 
0.1525970 
0.1299414 
0.1185993 
0.1258364 
0.1162606 
0.1041566 
0.1134241 
0.1202309 
0.1384196 
0.1342341 
0.1822800 
0.1654620 
0.1769554 
0.1823612 
0.1798922 
0.1969348 
0.2037648 
0.2064177 
0.1971777 
0.1820821 
0.1813860 
0.1904059 
0.1905227 
0.1916281 
0.2057001 
0.1988495 
0.2060265 
0.1952222 
0.1912337 
0.2134384 
0.1836299 
0.1768935 
0.1839034 
0.1888023 
0.1812930 
0.1809550 
0.1737964 
0.1895272 
0.1801131 
0.1808219 
0.1697527 
0.1562927 
0.1633186 
0.1610970 
0.1608691 
0.1788854 
0.1766271 
0.1810373 
0.1769116 
0.1692440 
0.1555523 
0.1565571 
0.1751095 
0.1879141 
0.1893143 
0.1935922 
0.1991165 
0.1810888 
0.1772117 
0.1770343 
0.1787325 
0.1722356 
0.1790154 
0.1789664 
0.1864385 
0.1902775 
0.1900008 
0.2001086 
0.1591728 
0.1810396 
0.2012820 
0.1769561 
0.1750018 
0.1742354 
0.1699983 
0.1358634 
0.1376182 
0.1324630 
0.1362514 
0.1311994 
0.1318152 
0.1266240 
0.1153633 
0.1164669 
0.1291783 
0.1442938 
0.1756486 
0.1737034 
0.1572849 
0.1482959 
0.1603551 
0.1617398 
0.1848914 
0.1881404 
0.1806638 
0.2086749 
0.1998179 
0.2152564 
0.2009164 
0.2010814 
0.2055602 
0.2014015 
0.1854025 
0.1809434 
0.2094159 
0.2692735 
0.2742878 
0.2792550 
0.2662125 
0.2588477 
0.2587243 
0.2669673 
0.2531436 
0.2416956 
0.2430456 
0.2275449 
0.2502850 
0.2506532 
0.2432084 
0.2355633 
0.2228461 
0.2271263 
0.2227409 
0.2297472 
0.1993350 
0.1972502 
0.2018369 
0.2078292 
0.1472936 
0.1377074 
0.0958706 
0.0657503 
0.0438870 
0.0143872 
0.0015106 
0.0146760 
0.0240266 
0.0194534 
0.0203823 
0.0232933 
0.0119138 
0.0093347 
0.0114433 
0.0128231 
0.0192252 
0.0240878 
0.0227059 
0.0294165 
0.0360372 
0.0256342 
0.0257642 
0.0274612 
0.0357044 
0.0406753 
0.0621661 
0.0650329 
0.0829420 
0.0707213 
0.0553686 
0.0663250 
0.0662845 
0.0876963 
0.1013401 
0.0980498 
0.1173488 
0.1176626 
0.1269042 
0.1295075 
0.1274478 
0.1374503 
0.1428651 
0.1571020 
0.1704644 
0.1670120 
0.1748895 
0.1756909 
0.1709402 
0.1765195 
0.1852938 
0.1783418 
0.1782840 
0.1846798 
0.1853636 
0.1940963 
0.1894223 
0.1850138 
0.1797672 
0.1765715 
0.1797384 
0.1789737 
0.1527453 
0.1303180 
0.1199201 
0.0994627 
0.0949981 
0.0909233 
0.0793911 
0.0629232 
0.0683185 
0.0563209 
0.0582430 
0.0656017 
0.0751966 
0.0764608 
0.0769591 
0.0741113 
0.0661144 
0.0791899 
0.0861193 
0.0916468 
0.1019437 
0.1109857 
0.0996894 
0.1139240 
0.1351254 
0.1138239 
0.1339094 
0.1301336 
0.1439400 
0.1483780 
0.1491648 
0.1638960 
0.1523768 
0.1448339 
0.1448049 
0.1611071 
0.1661899 
0.1474588 
0.1491111 
0.1320022 
0.1297556 
0.1174281 
0.0903139 
0.0861395 
0.0780806 
0.0843326 
0.0843605 
0.0832042 
0.0885034 
0.0808168 
0.0667823 
0.0796136 
0.0782351 
0.0756329 
0.0775137 
0.0595733 
0.0651615 
0.0678373 
0.0864112 
0.0978034 
0.1026653 
0.1189612 
0.1198442 
0.1135317 
0.1310310 
0.1220312 
0.1153884 
0.1138261 
0.1322013 
0.1231090 
0.1280986 
0.1170888 
0.1097734 
0.1174873 
0.1116351 
0.1052765 
0.1129634 
0.1003378 
0.0938610 
0.0915517 
0.1097401 
0.0897554 
0.0952069 
0.0856699 
0.0858034 
0.0799518 
0.0874463 
0.0827541 
0.0877143 
0.1033717 
0.0890833 
0.0914135 
0.0865340 
0.0660130 
0.0875497 
0.0942134 
0.0866376 
0.0917697 
0.0806870 
0.0701481 
0.0655697 
0.0410300 
0.0332139 
0.0351678 
0.0202845 
0.0000000 
0.0076625 
0.0091092 
0.0297930 
0.0294790 
0.0386280 
0.0580870 
0.0753496 
0.0815219 
0.0984697 
0.0866384 
0.0982274 
0.0861028 
0.0968626 
0.1122813 
0.1211935 
0.1227841 
0.1229048 
0.1281341 
0.1188610 
0.1176262 
0.1231729 
0.1131487 
0.1151003 
0.1101471 
0.1250117 
0.1029085 
0.1069393 
0.0959885 
0.0798623 
0.0917001 
0.0740477 
0.0579178 
0.0654320 
0.0634165 
0.0961088 
0.0927559 
0.0983351 
0.1180844 
0.1097931 
0.1036100 
0.0902983 
0.0912620 
0.0808935 
0.0695468 
0.0567700 
0.0462570 
0.0457231 
0.0331175 
0.0367671 
0.0419922 
0.0659723 
0.0734897 
0.1053624 
0.1071652 
0.0994670 
0.0976316 
0.0990710 
0.1186969 
0.0884594 
0.0938013 
0.1104922 
0.1130945 
0.1005346 
0.1254745 
0.1158416 
0.1186088 
0.1046022 
0.0962380 
0.0957766 
0.0922745 
0.0909370 
0.0905936 
0.1038422 
0.0870238 
0.0778070 
0.0536643 
0.0651618 
0.0519768 
0.0542576 
0.0663767 
0.0659439 
0.1009730 
0.0999584 
0.1007129 
0.0778616 
0.0692991 
0.0561160 
0.0388889 
0.0235584 
0.0322638 
0.0202819 
0.0082486 
0.0343731 
0.0388135 
0.0818550 
0.0787713 
0.0792923 
0.0560058 
0.0450759 
0.0425595 
0.0597405 
0.0663890 
0.0852145 
0.0955687 
0.1008550 
0.0966935 
0.1060998 
0.1129139 
0.0606986 
0.0749188 
0.0670988 
0.0626457 
0.0665566 
0.0646716 
0.0703521 
0.0650279 
0.0487019 
0.0559188 
0.0353522 
0.0406997 
0.0483097 
0.0273222 
0.0347189 
0.0377230 
0.0356481 
0.0737296 
0.0790696 
0.0909197 
